     ALT          P          T          FH2O           O3           THEAT        TCOOL        PSATCO2        FCO2
7.3229E+01  3.2610E-05 2.1644E+02    3.2604E-06    3.9494E-08    3.5486E+01   -5.6509E+01    5.1397E+00    2.0100E-04
7.2123E+01  3.8506E-05 2.1777E+02    3.4898E-06    4.6113E-08    4.9410E+00   -3.7638E+01    5.4570E+00    2.0100E-04
7.1018E+01  4.5411E-05 2.1914E+02    3.7048E-06    5.5445E-08    1.9211E+00   -2.4348E+01    5.7861E+00    2.0100E-04
6.9916E+01  5.3487E-05 2.2058E+02    3.8953E-06    6.8629E-08    1.6299E+00   -1.5548E+01    6.1442E+00    2.0100E-04
6.8814E+01  6.2919E-05 2.2206E+02    4.0715E-06    8.7208E-08    1.6670E+00   -1.0118E+01    6.5319E+00    2.0100E-04
6.7715E+01  7.3922E-05 2.2358E+02    4.2254E-06    1.1195E-07    1.7649E+00   -7.0098E+00    6.9486E+00    2.0100E-04
6.6617E+01  8.6740E-05 2.2513E+02    4.3650E-06    1.4347E-07    1.9016E+00   -5.3473E+00    7.3932E+00    2.0100E-04
6.5520E+01  1.0165E-04 2.2669E+02    4.4905E-06    1.7921E-07    2.0642E+00   -4.5224E+00    7.8645E+00    2.0100E-04
6.4425E+01  1.1898E-04 2.2827E+02    4.6001E-06    2.1833E-07    2.2552E+00   -4.1616E+00    8.3611E+00    2.0100E-04
6.3331E+01  1.3908E-04 2.2985E+02    4.6996E-06    2.5783E-07    2.4512E+00   -4.0434E+00    8.8817E+00    2.0100E-04
6.2239E+01  1.6237E-04 2.3142E+02    4.7970E-06    2.9958E-07    2.6600E+00   -4.0512E+00    9.4250E+00    2.0100E-04
6.1149E+01  1.8933E-04 2.3299E+02    4.8742E-06    3.4601E-07    2.8922E+00   -4.1153E+00    9.9899E+00    2.0100E-04
6.0062E+01  2.2048E-04 2.3455E+02    4.9459E-06    3.9711E-07    3.1476E+00   -4.2130E+00    1.0576E+01    2.0100E-04
5.8976E+01  2.5644E-04 2.3610E+02    5.0111E-06    4.5454E-07    3.4305E+00   -4.3321E+00    1.1182E+01    2.0100E-04
5.7892E+01  2.9788E-04 2.3763E+02    5.0674E-06    5.1805E-07    3.7369E+00   -4.4647E+00    1.1809E+01    2.0100E-04
5.6812E+01  3.4559E-04 2.3916E+02    5.1207E-06    5.8915E-07    4.0679E+00   -4.6101E+00    1.2457E+01    2.0100E-04
5.5734E+01  4.0043E-04 2.4067E+02    5.1738E-06    6.6708E-07    4.4140E+00   -4.7650E+00    1.3125E+01    2.0100E-04
5.4658E+01  4.6339E-04 2.4218E+02    5.2134E-06    7.5308E-07    4.7712E+00   -4.9213E+00    1.3816E+01    2.0100E-04
5.3586E+01  5.3558E-04 2.4367E+02    5.2497E-06    8.4707E-07    5.1294E+00   -5.0783E+00    1.4529E+01    2.0100E-04
5.2517E+01  6.1823E-04 2.4516E+02    5.2825E-06    9.5056E-07    5.4826E+00   -5.2314E+00    1.5265E+01    2.0100E-04
5.1451E+01  7.1273E-04 2.4665E+02    5.3076E-06    1.0651E-06    5.8228E+00   -5.3749E+00    1.6025E+01    2.0100E-04
5.0389E+01  8.2065E-04 2.4813E+02    5.3388E-06    1.1928E-06    6.1434E+00   -5.5079E+00    1.6809E+01    2.0100E-04
4.9330E+01  9.4371E-04 2.4960E+02    5.3600E-06    1.3400E-06    6.4457E+00   -5.6259E+00    1.7618E+01    2.0100E-04
4.8275E+01  1.0839E-03 2.5107E+02    5.3711E-06    1.4997E-06    6.7000E+00   -5.7528E+00    1.8452E+01    2.0100E-04
4.7224E+01  1.2433E-03 2.5253E+02    5.3800E-06    1.6888E-06    6.9277E+00   -5.8960E+00    1.9311E+01    2.0100E-04
4.6177E+01  1.4243E-03 2.5399E+02    5.3800E-06    1.8903E-06    7.0586E+00   -6.0853E+00    2.0197E+01    2.0100E-04
4.5133E+01  1.6296E-03 2.5552E+02    5.3800E-06    2.1229E-06    7.1237E+00   -6.3405E+00    2.1158E+01    2.0100E-04
4.4094E+01  1.8622E-03 2.5687E+02    5.3653E-06    2.3754E-06    7.0874E+00   -6.5565E+00    2.2035E+01    2.0100E-04
4.3061E+01  2.1254E-03 2.5770E+02    5.3446E-06    2.6701E-06    6.9808E+00   -6.6398E+00    2.2589E+01    2.0100E-04
4.2036E+01  2.4226E-03 2.5785E+02    5.3082E-06    2.9935E-06    6.7703E+00   -6.5533E+00    2.2685E+01    2.0100E-04
4.1022E+01  2.7580E-03 2.5727E+02    5.2676E-06    3.3341E-06    6.4512E+00   -6.3136E+00    2.2303E+01    2.0100E-04
4.0021E+01  3.1358E-03 2.5606E+02    5.2114E-06    3.6681E-06    6.0348E+00   -5.9544E+00    2.1505E+01    2.0100E-04
3.9037E+01  3.5608E-03 2.5430E+02    5.1465E-06    3.9715E-06    5.5570E+00   -5.5187E+00    2.0393E+01    2.0100E-04
3.8070E+01  4.0384E-03 2.5214E+02    5.0792E-06    4.2218E-06    5.0613E+00   -5.0491E+00    1.9079E+01    2.0100E-04
3.7121E+01  4.5743E-03 2.4968E+02    4.9934E-06    4.4270E-06    4.5961E+00   -4.5843E+00    1.7663E+01    2.0100E-04
3.6193E+01  5.1747E-03 2.4702E+02    4.9065E-06    4.5761E-06    4.1723E+00   -4.1476E+00    1.6221E+01    2.0100E-04
3.5283E+01  5.8466E-03 2.4425E+02    4.8157E-06    4.6842E-06    3.7984E+00   -3.7602E+00    1.4810E+01    2.0100E-04
3.4394E+01  6.5974E-03 2.4142E+02    4.7183E-06    4.7644E-06    3.4708E+00   -3.4212E+00    1.3467E+01    2.0100E-04
3.3525E+01  7.4353E-03 2.3861E+02    4.6241E-06    4.8219E-06    3.1794E+00   -3.1212E+00    1.2221E+01    2.0100E-04
3.2675E+01  8.3690E-03 2.3586E+02    4.5223E-06    4.8629E-06    2.9151E+00   -2.8480E+00    1.1088E+01    2.0100E-04
3.1844E+01  9.4080E-03 2.3323E+02    4.4229E-06    4.8700E-06    2.6652E+00   -2.5947E+00    1.0077E+01    2.0100E-04
3.1030E+01  1.0563E-02 2.3076E+02    4.3255E-06    4.8585E-06    2.4314E+00   -2.3847E+00    9.1943E+00    2.0100E-04
3.0234E+01  1.1844E-02 2.2849E+02    4.2303E-06    4.8119E-06    2.2079E+00   -2.1390E+00    8.4338E+00    2.0100E-04
2.9455E+01  1.3265E-02 2.2643E+02    4.1370E-06    4.7270E-06    1.9961E+00   -1.9087E+00    7.7840E+00    2.0100E-04
2.8691E+01  1.4837E-02 2.2457E+02    4.0456E-06    4.6184E-06    1.8017E+00   -1.6961E+00    7.2297E+00    2.0100E-04
2.7942E+01  1.6574E-02 2.2288E+02    3.9561E-06    4.4767E-06    1.6239E+00   -1.5023E+00    6.7555E+00    2.0100E-04
2.7206E+01  1.8491E-02 2.2136E+02    3.8682E-06    4.3043E-06    1.4643E+00   -1.3291E+00    6.3470E+00    2.0100E-04
2.6484E+01  2.0604E-02 2.1997E+02    3.7819E-06    4.1108E-06    1.3241E+00   -1.1773E+00    5.9915E+00    2.0100E-04
2.5775E+01  2.2930E-02 2.1870E+02    3.6973E-06    3.9026E-06    1.2024E+00   -1.0462E+00    5.6785E+00    2.0100E-04
2.5079E+01  2.5486E-02 2.1752E+02    3.6140E-06    3.6800E-06    1.0961E+00   -9.3387E-01    5.3997E+00    2.0100E-04
2.4394E+01  2.8292E-02 2.1642E+02    3.5322E-06    3.4462E-06    1.0020E+00   -8.3710E-01    5.1325E+00    2.0100E-04
2.3721E+01  3.1366E-02 2.1539E+02    3.4519E-06    3.2153E-06    9.1850E-01   -7.5154E-01    4.7912E+00    2.0100E-04
2.3060E+01  3.4731E-02 2.1441E+02    3.3729E-06    2.9776E-06    8.4089E-01   -6.7427E-01    4.4879E+00    2.0100E-04
2.2410E+01  3.8409E-02 2.1350E+02    3.2952E-06    2.7373E-06    7.6742E-01   -6.0309E-01    4.2180E+00    2.0100E-04
2.1771E+01  4.2422E-02 2.1264E+02    3.2192E-06    2.5067E-06    6.9828E-01   -5.3633E-01    3.9782E+00    2.0100E-04
2.1142E+01  4.6796E-02 2.1185E+02    3.1538E-06    2.2703E-06    6.3073E-01   -4.7511E-01    3.7661E+00    2.0100E-04
2.0524E+01  5.1555E-02 2.1112E+02    3.0799E-06    2.0482E-06    5.6712E-01   -4.1638E-01    3.5799E+00    2.0100E-04
1.9916E+01  5.6727E-02 2.1046E+02    3.0144E-06    1.8305E-06    5.0636E-01   -3.6106E-01    3.4179E+00    2.0100E-04
1.9318E+01  6.2340E-02 2.0986E+02    2.9459E-06    1.6171E-06    4.4874E-01   -3.0831E-01    3.2778E+00    2.0100E-04
1.8729E+01  6.8421E-02 2.0933E+02    2.8864E-06    1.4170E-06    3.9587E-01   -2.5741E-01    3.1572E+00    2.0100E-04
1.8151E+01  7.5001E-02 2.0886E+02    2.8309E-06    1.2220E-06    3.4702E-01   -2.1031E-01    3.0532E+00    2.0100E-04
1.7581E+01  8.2110E-02 2.0844E+02    2.7819E-06    1.0411E-06    3.0335E-01   -1.6754E-01    2.9629E+00    2.0100E-04
1.7020E+01  8.9780E-02 2.0806E+02    2.7309E-06    8.7235E-07    2.6458E-01   -1.3145E-01    2.8838E+00    2.0100E-04
1.6469E+01  9.8042E-02 2.0772E+02    2.6927E-06    7.1983E-07    2.3098E-01   -1.0383E-01    2.8140E+00    2.0100E-04
1.5926E+01  1.0693E-01 2.0741E+02    2.6536E-06    5.8372E-07    2.0109E-01   -5.5486E-02    2.7515E+00    2.0100E-04
1.5392E+01  1.1648E-01 2.0713E+02    2.6255E-06    4.6620E-07    1.7570E-01   -4.1583E-02    2.6960E+00    2.0100E-04
1.4867E+01  1.2672E-01 2.0689E+02    2.5969E-06    3.6714E-07    1.5464E-01   -3.4377E-02    2.6500E+00    2.0100E-04
1.4350E+01  1.3768E-01 2.0672E+02    2.5820E-06    2.8573E-07    1.3744E-01   -3.3001E-02    2.6175E+00    2.0100E-04
1.3841E+01  1.4941E-01 2.0665E+02    2.5637E-06    2.1690E-07    1.2306E-01   -3.6599E-02    2.6035E+00    2.0100E-04
1.3340E+01  1.6193E-01 2.0669E+02    2.5519E-06    1.6174E-07    1.1157E-01   -4.1736E-02    2.6123E+00    2.0100E-04
1.2847E+01  1.7528E-01 2.0688E+02    2.5420E-06    1.2439E-07    1.0335E-01   -4.2507E-02    2.6470E+00    2.0100E-04
1.2361E+01  1.8949E-01 2.0719E+02    2.5782E-06    9.9378E-08    9.8047E-02   -4.1487E-02    2.7087E+00    2.0100E-04
1.1883E+01  2.0459E-01 2.0763E+02    3.1801E-06    8.1092E-08    9.7075E-02   -5.3779E-02    2.7954E+00    2.0100E-04
1.1411E+01  2.2062E-01 2.0814E+02    3.6225E-06    6.7684E-08    9.6387E-02   -2.6311E-02    2.8997E+00    2.0100E-04
1.0946E+01  2.3761E-01 2.0867E+02    4.1362E-06    5.9300E-08    9.6940E-02   -2.1551E-03    3.0110E+00    2.0100E-04
1.0486E+01  2.5558E-01 2.1024E+02    5.1822E-06    5.4268E-08    1.0127E-01   -5.4113E-02    3.3661E+00    2.0100E-04
1.0030E+01  2.7456E-01 2.1307E+02    7.6835E-06    5.0738E-08    1.1398E-01   -2.5867E-01    4.0967E+00    2.0100E-04
9.5745E+00  2.9458E-01 2.1745E+02    1.3792E-05    4.7776E-08    1.4281E-01   -6.3164E-01    5.3832E+00    2.0100E-04
9.1180E+00  3.1567E-01 2.2181E+02    2.4140E-05    4.5088E-08    1.8452E-01   -1.0277E+00    6.4669E+00    2.0100E-04
8.6610E+00  3.3783E-01 2.2615E+02    4.1185E-05    4.2546E-08    2.3841E-01   -1.4197E+00    7.6981E+00    2.0100E-04
8.2039E+00  3.6110E-01 2.3043E+02    6.8456E-05    4.0080E-08    3.0183E-01   -1.7660E+00    9.0798E+00    2.0100E-04
7.7472E+00  3.8549E-01 2.3464E+02    1.1077E-04    3.7618E-08    3.6942E-01   -2.0241E+00    1.0610E+01    2.0100E-04
7.2913E+00  4.1100E-01 2.3875E+02    1.7435E-04    3.5328E-08    4.3978E-01   -2.1956E+00    1.2282E+01    2.0100E-04
6.8369E+00  4.3765E-01 2.4274E+02    2.6669E-04    3.3129E-08    5.1607E-01   -2.3034E+00    1.4081E+01    2.0100E-04
6.3843E+00  4.6544E-01 2.4658E+02    3.9630E-04    3.0949E-08    5.9190E-01   -2.3357E+00    1.5988E+01    2.0100E-04
5.9342E+00  4.9437E-01 2.5024E+02    5.7208E-04    2.8910E-08    6.5300E-01   -2.3309E+00    1.7980E+01    2.0100E-04
5.4873E+00  5.2444E-01 2.5372E+02    8.0280E-04    2.6938E-08    6.9531E-01   -2.3072E+00    2.0036E+01    2.0100E-04
5.0440E+00  5.5563E-01 2.5702E+02    1.0965E-03    2.5028E-08    7.2634E-01   -2.2845E+00    2.2132E+01    2.0100E-04
4.6050E+00  5.8794E-01 2.6012E+02    1.4603E-03    2.3214E-08    7.5157E-01   -2.2334E+00    2.4248E+01    2.0100E-04
4.1708E+00  6.2135E-01 2.6303E+02    1.8999E-03    2.1514E-08    7.6968E-01   -2.1680E+00    2.6370E+01    2.0100E-04
3.7419E+00  6.5582E-01 2.6577E+02    2.4200E-03    1.9978E-08    7.7807E-01   -2.0973E+00    2.8484E+01    2.0100E-04
3.3187E+00  6.9134E-01 2.6834E+02    3.0241E-03    1.8445E-08    7.7773E-01   -1.9927E+00    3.0582E+01    2.0100E-04
2.9018E+00  7.2786E-01 2.7076E+02    3.7149E-03    1.7147E-08    7.7182E-01   -1.8318E+00    3.2657E+01    2.0100E-04
2.4915E+00  7.6534E-01 2.7304E+02    4.4939E-03    1.5965E-08    7.6285E-01   -1.6845E+00    3.4705E+01    2.0100E-04
2.0880E+00  8.0374E-01 2.7543E+02    5.4343E-03    1.4903E-08    7.5617E-01   -1.6017E+00    3.6955E+01    2.0100E-04
1.6914E+00  8.4301E-01 2.7769E+02    6.3232E-03    1.3981E-08    7.3326E-01   -1.5168E+00    3.9187E+01    2.0100E-04
1.3022E+00  8.8308E-01 2.7987E+02    7.4187E-03    1.3202E-08    7.2074E-01   -1.5314E+00    4.1421E+01    2.0100E-04
9.2052E-01  9.2389E-01 2.8193E+02    8.5196E-03    1.2501E-08    7.0740E-01   -1.6029E+00    4.3625E+01    2.0100E-04
5.4673E-01  9.6536E-01 2.8390E+02    9.7132E-03    1.1953E-08    7.0572E-01   -1.8105E+00    4.5821E+01    2.0100E-04
1.8107E-01  1.0074E+00 2.8577E+02    1.1061E-02    1.1520E-08    7.2422E-01   -2.0563E+00    4.7983E+01    2.0100E-04
0.0000E+00  1.0288E+00 2.8671E+02    1.1737E-02    1.1600E-08    7.9170E+00   -3.4922E+00    4.9096E+01    2.0100E-04
