     ALT          P          T          FH2O           O3           THEAT        TCOOL        PSATCO2        FCO2
7.1149E+01  3.2610E-05 2.1214E+02    2.4993E-06    8.7460E-08    3.5536E+01   -4.9558E+01    3.8435E+00    1.9700E-04
7.0065E+01  3.8507E-05 2.1347E+02    2.6227E-06    1.1855E-07    5.4289E+00   -3.3311E+01    4.2099E+00    1.9700E-04
6.8983E+01  4.5414E-05 2.1485E+02    2.7293E-06    1.5304E-07    2.4477E+00   -2.1646E+01    4.6208E+00    1.9700E-04
6.7902E+01  5.3491E-05 2.1628E+02    2.8221E-06    1.9038E-07    2.2671E+00   -1.3765E+01    5.0834E+00    1.9700E-04
6.6823E+01  6.2926E-05 2.1775E+02    2.9100E-06    2.3203E-07    2.4320E+00   -8.8191E+00    5.4527E+00    1.9700E-04
6.5745E+01  7.3931E-05 2.1926E+02    2.9810E-06    2.8124E-07    2.6663E+00   -5.9359E+00    5.8142E+00    1.9700E-04
6.4668E+01  8.6752E-05 2.2080E+02    3.0530E-06    3.3649E-07    2.9340E+00   -4.3692E+00    6.2003E+00    1.9700E-04
6.3593E+01  1.0167E-04 2.2235E+02    3.1120E-06    3.9310E-07    3.2095E+00   -3.5869E+00    6.6100E+00    1.9700E-04
6.2519E+01  1.1900E-04 2.2391E+02    3.1750E-06    4.4926E-07    3.4898E+00   -3.2515E+00    7.0423E+00    1.9700E-04
6.1447E+01  1.3911E-04 2.2547E+02    3.2235E-06    5.0555E-07    3.7690E+00   -3.1503E+00    7.4963E+00    1.9700E-04
6.0376E+01  1.6241E-04 2.2704E+02    3.2701E-06    5.6610E-07    4.0658E+00   -3.1781E+00    7.9709E+00    1.9700E-04
5.9307E+01  1.8938E-04 2.2859E+02    3.3180E-06    6.3233E-07    4.3868E+00   -3.2770E+00    8.4655E+00    1.9700E-04
5.8240E+01  2.2054E-04 2.3014E+02    3.3561E-06    7.0688E-07    4.7404E+00   -3.4144E+00    8.9794E+00    1.9700E-04
5.7175E+01  2.5652E-04 2.3167E+02    3.3944E-06    7.9079E-07    5.1264E+00   -3.5820E+00    9.5122E+00    1.9700E-04
5.6112E+01  2.9798E-04 2.3319E+02    3.4263E-06    8.8568E-07    5.5442E+00   -3.7710E+00    1.0064E+01    1.9700E-04
5.5052E+01  3.4571E-04 2.3470E+02    3.4555E-06    9.9284E-07    5.9884E+00   -3.9784E+00    1.0635E+01    1.9700E-04
5.3994E+01  4.0058E-04 2.3620E+02    3.4848E-06    1.1128E-06    6.4476E+00   -4.2006E+00    1.1225E+01    1.9700E-04
5.2939E+01  4.6357E-04 2.3770E+02    3.5040E-06    1.2474E-06    6.9121E+00   -4.4293E+00    1.1836E+01    1.9700E-04
5.1887E+01  5.3579E-04 2.3918E+02    3.5232E-06    1.3982E-06    7.3702E+00   -4.6630E+00    1.2466E+01    1.9700E-04
5.0838E+01  6.1849E-04 2.4065E+02    3.5400E-06    1.5735E-06    7.8301E+00   -4.8965E+00    1.3118E+01    1.9700E-04
4.9792E+01  7.1304E-04 2.4212E+02    3.5500E-06    1.7772E-06    8.2754E+00   -5.1219E+00    1.3791E+01    1.9700E-04
4.8749E+01  8.2102E-04 2.4358E+02    3.5508E-06    2.0106E-06    8.6831E+00   -5.3336E+00    1.4485E+01    1.9700E-04
4.7710E+01  9.4416E-04 2.4504E+02    3.5600E-06    2.2988E-06    9.0866E+00   -5.5393E+00    1.5202E+01    1.9700E-04
4.6675E+01  1.0844E-03 2.4649E+02    3.5510E-06    2.6311E-06    9.4212E+00   -5.7701E+00    1.5942E+01    1.9700E-04
4.5643E+01  1.2439E-03 2.4793E+02    3.5419E-06    3.0454E-06    9.7244E+00   -6.0480E+00    1.6704E+01    1.9700E-04
4.4615E+01  1.4251E-03 2.4941E+02    3.5228E-06    3.5690E-06    9.9792E+00   -6.4150E+00    1.7512E+01    1.9700E-04
4.3591E+01  1.6305E-03 2.5088E+02    3.4978E-06    4.2554E-06    1.0181E+01   -6.8213E+00    1.8346E+01    1.9700E-04
4.2571E+01  1.8633E-03 2.5184E+02    3.4602E-06    5.1278E-06    1.0238E+01   -7.0717E+00    1.8901E+01    1.9700E-04
4.1560E+01  2.1266E-03 2.5181E+02    3.4096E-06    6.1540E-06    1.0035E+01   -7.0278E+00    1.8888E+01    1.9700E-04
4.0561E+01  2.4241E-03 2.5067E+02    3.3548E-06    7.1997E-06    9.4982E+00   -6.6594E+00    1.8224E+01    1.9700E-04
3.9579E+01  2.7597E-03 2.4849E+02    3.2914E-06    8.1026E-06    8.7063E+00   -6.0178E+00    1.7004E+01    1.9700E-04
3.8616E+01  3.1378E-03 2.4548E+02    3.2211E-06    8.7250E-06    7.7962E+00   -5.2255E+00    1.5427E+01    1.9700E-04
3.7676E+01  3.5632E-03 2.4193E+02    3.1479E-06    9.0481E-06    6.8977E+00   -4.4089E+00    1.3702E+01    1.9700E-04
3.6760E+01  4.0411E-03 2.3808E+02    3.0739E-06    9.1239E-06    6.0717E+00   -3.6557E+00    1.1995E+01    1.9700E-04
3.5868E+01  4.5774E-03 2.3413E+02    2.9915E-06    8.9954E-06    5.3253E+00   -3.0093E+00    1.0416E+01    1.9700E-04
3.4999E+01  5.1784E-03 2.3026E+02    2.9108E-06    8.7471E-06    4.6702E+00   -2.4872E+00    9.0208E+00    1.9700E-04
3.4154E+01  5.8509E-03 2.2657E+02    2.8318E-06    8.4277E-06    4.1023E+00   -2.0836E+00    7.8273E+00    1.9700E-04
3.3331E+01  6.6023E-03 2.2315E+02    2.7542E-06    8.0604E-06    3.6111E+00   -1.7796E+00    6.8300E+00    1.9700E-04
3.2528E+01  7.4409E-03 2.2005E+02    2.6781E-06    7.6799E-06    3.1914E+00   -1.5519E+00    6.0111E+00    1.9700E-04
3.1745E+01  8.3755E-03 2.1730E+02    2.6031E-06    7.2897E-06    2.8310E+00   -1.3776E+00    5.3476E+00    1.9700E-04
3.0979E+01  9.4155E-03 2.1490E+02    2.5297E-06    6.9082E-06    2.5220E+00   -1.2401E+00    4.6358E+00    1.9700E-04
3.0229E+01  1.0571E-02 2.1284E+02    2.4618E-06    6.5162E-06    2.2504E+00   -1.1291E+00    4.0333E+00    1.9700E-04
2.9494E+01  1.1854E-02 2.1112E+02    2.3961E-06    6.1324E-06    2.0125E+00   -1.0015E+00    3.5801E+00    1.9700E-04
2.8773E+01  1.3276E-02 2.0969E+02    2.3287E-06    5.7530E-06    1.8025E+00   -8.8698E-01    3.2371E+00    1.9700E-04
2.8065E+01  1.4849E-02 2.0850E+02    2.2668E-06    5.3864E-06    1.6177E+00   -7.8480E-01    2.9750E+00    1.9700E-04
2.7368E+01  1.6588E-02 2.0752E+02    2.2088E-06    5.0232E-06    1.4537E+00   -6.9449E-01    2.7725E+00    1.9700E-04
2.6683E+01  1.8508E-02 2.0670E+02    2.1452E-06    4.6626E-06    1.3088E+00   -6.1549E-01    2.6140E+00    1.9700E-04
2.6007E+01  2.0623E-02 2.0603E+02    2.0922E-06    4.3252E-06    1.1847E+00   -5.4762E-01    2.4880E+00    1.9700E-04
2.5342E+01  2.2951E-02 2.0546E+02    2.0300E-06    3.9998E-06    1.0771E+00   -4.8957E-01    2.3860E+00    1.9700E-04
2.4687E+01  2.5510E-02 2.0497E+02    1.9783E-06    3.6815E-06    9.8285E-01   -4.4134E-01    2.3014E+00    1.9700E-04
2.4041E+01  2.8318E-02 2.0454E+02    1.9273E-06    3.3824E-06    9.0072E-01   -3.9988E-01    2.2294E+00    1.9700E-04
2.3404E+01  3.1396E-02 2.0416E+02    1.8689E-06    3.0983E-06    8.2705E-01   -3.6247E-01    2.1666E+00    1.9700E-04
2.2776E+01  3.4765E-02 2.0380E+02    1.8175E-06    2.8267E-06    7.5905E-01   -3.2792E-01    2.1104E+00    1.9700E-04
2.2157E+01  3.8447E-02 2.0348E+02    1.7685E-06    2.5715E-06    6.9530E-01   -2.9415E-01    2.0592E+00    1.9700E-04
2.1547E+01  4.2464E-02 2.0317E+02    1.7202E-06    2.3296E-06    6.3422E-01   -2.6045E-01    2.0123E+00    1.9700E-04
2.0946E+01  4.6843E-02 2.0289E+02    1.6726E-06    2.0987E-06    5.7494E-01   -2.2701E-01    1.9694E+00    1.9700E-04
2.0353E+01  5.1608E-02 2.0262E+02    1.6343E-06    1.8763E-06    5.1729E-01   -1.9462E-01    1.9309E+00    1.9700E-04
1.9769E+01  5.6786E-02 2.0239E+02    1.5895E-06    1.6674E-06    4.6213E-01   -1.6186E-01    1.8972E+00    1.9700E-04
1.9193E+01  6.2405E-02 2.0219E+02    1.5453E-06    1.4622E-06    4.0892E-01   -1.3060E-01    1.8687E+00    1.9700E-04
1.8625E+01  6.8494E-02 2.0203E+02    1.5086E-06    1.2729E-06    3.6001E-01   -9.9467E-02    1.8455E+00    1.9700E-04
1.8066E+01  7.5082E-02 2.0190E+02    1.4682E-06    1.0988E-06    3.1577E-01   -6.8194E-02    1.8272E+00    1.9700E-04
1.7515E+01  8.2200E-02 2.0180E+02    1.4353E-06    9.3567E-07    2.7593E-01   -3.9922E-02    1.8133E+00    1.9700E-04
1.6972E+01  8.9879E-02 2.0173E+02    1.4087E-06    7.8448E-07    2.4065E-01   -1.6661E-02    1.8032E+00    1.9700E-04
1.6436E+01  9.8152E-02 2.0168E+02    1.3810E-06    6.4897E-07    2.1024E-01    1.4980E-03    1.7965E+00    1.9700E-04
1.5909E+01  1.0705E-01 2.0165E+02    1.3564E-06    5.2833E-07    1.8330E-01    4.9038E-02    1.7922E+00    1.9700E-04
1.5389E+01  1.1661E-01 2.0163E+02    1.3357E-06    4.2388E-07    1.6051E-01    5.6018E-02    1.7907E+00    1.9700E-04
1.4877E+01  1.2686E-01 2.0166E+02    1.3227E-06    3.3560E-07    1.4170E-01    5.7408E-02    1.7944E+00    1.9700E-04
1.4373E+01  1.3784E-01 2.0175E+02    1.3127E-06    2.6284E-07    1.2631E-01    5.4462E-02    1.8072E+00    1.9700E-04
1.3876E+01  1.4958E-01 2.0194E+02    1.3028E-06    2.0189E-07    1.1358E-01    4.7927E-02    1.8332E+00    1.9700E-04
1.3386E+01  1.6212E-01 2.0226E+02    1.3000E-06    1.5294E-07    1.0355E-01    3.9574E-02    1.8779E+00    1.9700E-04
1.2903E+01  1.7549E-01 2.0258E+02    1.5278E-06    1.1882E-07    9.7836E-02    3.7379E-02    1.9249E+00    1.9700E-04
1.2427E+01  1.8972E-01 2.0314E+02    1.7347E-06    9.5743E-08    9.4092E-02    4.6302E-02    2.0076E+00    1.9700E-04
1.1958E+01  2.0484E-01 2.0381E+02    2.0399E-06    7.8897E-08    9.1926E-02    7.6175E-02    2.1106E+00    1.9700E-04
1.1494E+01  2.2089E-01 2.0489E+02    2.3909E-06    6.6175E-08    9.2528E-02    1.4213E-02    2.2878E+00    1.9700E-04
1.1033E+01  2.3790E-01 2.0821E+02    3.8798E-06    5.7427E-08    1.0048E-01   -1.3066E-01    2.9137E+00    1.9700E-04
1.0573E+01  2.5590E-01 2.1103E+02    5.7905E-06    5.2135E-08    1.1216E-01   -2.9526E-01    3.5574E+00    1.9700E-04
1.0113E+01  2.7491E-01 2.1545E+02    1.0579E-05    4.8641E-08    1.3852E-01   -6.4842E-01    4.8125E+00    1.9700E-04
9.6522E+00  2.9496E-01 2.1987E+02    1.8837E-05    4.5753E-08    1.7624E-01   -1.0215E+00    5.9652E+00    1.9700E-04
9.1905E+00  3.1607E-01 2.2426E+02    3.2683E-05    4.3182E-08    2.2494E-01   -1.3929E+00    7.1423E+00    1.9700E-04
8.7284E+00  3.3827E-01 2.2861E+02    5.5229E-05    4.0778E-08    2.8424E-01   -1.7414E+00    8.4721E+00    1.9700E-04
8.2662E+00  3.6157E-01 2.3290E+02    9.0836E-05    3.8456E-08    3.5060E-01   -2.0295E+00    9.9550E+00    1.9700E-04
7.8045E+00  3.8599E-01 2.3709E+02    1.4527E-04    3.6223E-08    4.1911E-01   -2.2249E+00    1.1585E+01    1.9700E-04
7.3439E+00  4.1154E-01 2.4117E+02    2.2568E-04    3.4001E-08    4.9207E-01   -2.3543E+00    1.3350E+01    1.9700E-04
6.8847E+00  4.3823E-01 2.4510E+02    3.4036E-04    3.1931E-08    5.7000E-01   -2.4142E+00    1.5233E+01    1.9700E-04
6.4278E+00  4.6606E-01 2.4886E+02    4.9824E-04    2.9912E-08    6.3994E-01   -2.4148E+00    1.7210E+01    1.9700E-04
5.9735E+00  4.9503E-01 2.5244E+02    7.0828E-04    2.7906E-08    6.9050E-01   -2.3889E+00    1.9258E+01    1.9700E-04
5.5226E+00  5.2514E-01 2.5582E+02    9.7889E-04    2.6007E-08    7.2506E-01   -2.3646E+00    2.1354E+01    1.9700E-04
5.0756E+00  5.5639E-01 2.5901E+02    1.3175E-03    2.4216E-08    7.5201E-01   -2.3230E+00    2.3476E+01    1.9700E-04
4.6332E+00  5.8874E-01 2.6200E+02    1.7304E-03    2.2469E-08    7.7318E-01   -2.2550E+00    2.5608E+01    1.9700E-04
4.1958E+00  6.2220E-01 2.6482E+02    2.2227E-03    2.0831E-08    7.8558E-01   -2.1836E+00    2.7735E+01    1.9700E-04
3.7639E+00  6.5673E-01 2.6746E+02    2.7984E-03    1.9364E-08    7.8810E-01   -2.0939E+00    2.9849E+01    1.9700E-04
3.3380E+00  6.9230E-01 2.6994E+02    3.4605E-03    1.7904E-08    7.8340E-01   -1.9507E+00    3.1942E+01    1.9700E-04
2.9185E+00  7.2887E-01 2.7227E+02    4.2112E-03    1.6671E-08    7.7501E-01   -1.7929E+00    3.4009E+01    1.9700E-04
2.5056E+00  7.6641E-01 2.7465E+02    5.1200E-03    1.5510E-08    7.6911E-01   -1.6808E+00    3.6209E+01    1.9700E-04
2.0996E+00  8.0487E-01 2.7697E+02    6.0277E-03    1.4467E-08    7.4874E-01   -1.5738E+00    3.8460E+01    1.9700E-04
1.7007E+00  8.4420E-01 2.7919E+02    7.0466E-03    1.3613E-08    7.2947E-01   -1.5346E+00    4.0718E+01    1.9700E-04
1.3092E+00  8.8433E-01 2.8130E+02    8.1721E-03    1.2906E-08    7.1323E-01   -1.5654E+00    4.2950E+01    1.9700E-04
9.2537E-01  9.2520E-01 2.8332E+02    9.2800E-03    1.2277E-08    6.9863E-01   -1.6564E+00    4.5168E+01    1.9700E-04
5.4956E-01  9.6674E-01 2.8525E+02    1.0661E-02    1.1757E-08    7.0546E-01   -1.9076E+00    4.7368E+01    1.9700E-04
1.8199E-01  1.0089E+00 2.8708E+02    1.1976E-02    1.1321E-08    7.2006E-01   -2.1353E+00    4.9534E+01    1.9700E-04
0.0000E+00  1.0303E+00 2.8800E+02    1.2638E-02    1.1400E-08    7.8594E+00   -3.3876E+00    5.0654E+01    1.9700E-04
