     ALT          P          T          FH2O           O3           THEAT        TCOOL        PSATCO2        FCO2
7.3325E+01  3.2610E-05 2.1591E+02    3.8511E-06    3.7046E-08    3.5431E+01   -5.5977E+01    4.9618E+00    2.0000E-04
7.2222E+01  3.8505E-05 2.1724E+02    4.1169E-06    4.3422E-08    4.9681E+00   -3.7544E+01    5.3338E+00    2.0000E-04
7.1121E+01  4.5410E-05 2.1861E+02    4.3565E-06    5.2391E-08    1.9218E+00   -2.4518E+01    5.6572E+00    2.0000E-04
7.0021E+01  5.3485E-05 2.2005E+02    4.5765E-06    6.5134E-08    1.6226E+00   -1.5833E+01    6.0093E+00    2.0000E-04
6.8923E+01  6.2917E-05 2.2153E+02    4.7796E-06    8.2956E-08    1.6557E+00   -1.0473E+01    6.3908E+00    2.0000E-04
6.7827E+01  7.3919E-05 2.2305E+02    4.9585E-06    1.0718E-07    1.7508E+00   -7.3738E+00    6.8011E+00    2.0000E-04
6.6732E+01  8.6735E-05 2.2460E+02    5.1234E-06    1.3669E-07    1.8778E+00   -5.7028E+00    7.2391E+00    2.0000E-04
6.5638E+01  1.0164E-04 2.2617E+02    5.2641E-06    1.7088E-07    2.0317E+00   -4.8565E+00    7.7037E+00    2.0000E-04
6.4546E+01  1.1897E-04 2.2774E+02    5.3952E-06    2.0800E-07    2.2121E+00   -4.4707E+00    8.1936E+00    2.0000E-04
6.3456E+01  1.3907E-04 2.2933E+02    5.5101E-06    2.4570E-07    2.3984E+00   -4.3236E+00    8.7074E+00    2.0000E-04
6.2367E+01  1.6236E-04 2.3091E+02    5.6113E-06    2.8575E-07    2.5977E+00   -4.2969E+00    9.2440E+00    2.0000E-04
6.1280E+01  1.8931E-04 2.3248E+02    5.7083E-06    3.3006E-07    2.8196E+00   -4.3327E+00    9.8023E+00    2.0000E-04
6.0195E+01  2.2046E-04 2.3404E+02    5.7938E-06    3.8010E-07    3.0695E+00   -4.3994E+00    1.0382E+01    2.0000E-04
5.9112E+01  2.5641E-04 2.3559E+02    5.8688E-06    4.3576E-07    3.3446E+00   -4.4839E+00    1.0981E+01    2.0000E-04
5.8032E+01  2.9785E-04 2.3713E+02    5.9337E-06    4.9745E-07    3.6433E+00   -4.5815E+00    1.1602E+01    2.0000E-04
5.6954E+01  3.4555E-04 2.3866E+02    5.9922E-06    5.6658E-07    3.9667E+00   -4.6907E+00    1.2243E+01    2.0000E-04
5.5878E+01  4.0038E-04 2.4018E+02    6.0529E-06    6.4231E-07    4.3057E+00   -4.8108E+00    1.2906E+01    2.0000E-04
5.4806E+01  4.6333E-04 2.4169E+02    6.0982E-06    7.2629E-07    4.6582E+00   -4.9342E+00    1.3590E+01    2.0000E-04
5.3736E+01  5.3550E-04 2.4319E+02    6.1410E-06    8.1822E-07    5.0135E+00   -5.0609E+00    1.4297E+01    2.0000E-04
5.2670E+01  6.1813E-04 2.4469E+02    6.1837E-06    9.1913E-07    5.3631E+00   -5.1869E+00    1.5026E+01    2.0000E-04
5.1607E+01  7.1261E-04 2.4617E+02    6.2162E-06    1.0282E-06    5.6932E+00   -5.3046E+00    1.5779E+01    2.0000E-04
5.0547E+01  8.2050E-04 2.4765E+02    6.2443E-06    1.1554E-06    6.0239E+00   -5.4147E+00    1.6556E+01    2.0000E-04
4.9491E+01  9.4354E-04 2.4913E+02    6.2754E-06    1.2976E-06    6.3275E+00   -5.5151E+00    1.7357E+01    2.0000E-04
4.8438E+01  1.0837E-03 2.5060E+02    6.2900E-06    1.4614E-06    6.6093E+00   -5.6321E+00    1.8183E+01    2.0000E-04
4.7389E+01  1.2430E-03 2.5206E+02    6.3075E-06    1.6368E-06    6.8187E+00   -5.7586E+00    1.9034E+01    2.0000E-04
4.6344E+01  1.4240E-03 2.5352E+02    6.3100E-06    1.8434E-06    6.9840E+00   -5.9318E+00    1.9911E+01    2.0000E-04
4.5304E+01  1.6293E-03 2.5503E+02    6.3200E-06    2.0710E-06    7.0626E+00   -6.1786E+00    2.0848E+01    2.0000E-04
4.4267E+01  1.8618E-03 2.5644E+02    6.3100E-06    2.3292E-06    7.0575E+00   -6.4236E+00    2.1753E+01    2.0000E-04
4.3236E+01  2.1249E-03 2.5740E+02    6.2894E-06    2.6084E-06    6.9412E+00   -6.5481E+00    2.2385E+01    2.0000E-04
4.2212E+01  2.4221E-03 2.5768E+02    6.2679E-06    2.9275E-06    6.7431E+00   -6.5057E+00    2.2574E+01    2.0000E-04
4.1199E+01  2.7573E-03 2.5724E+02    6.2274E-06    3.2619E-06    6.4337E+00   -6.2988E+00    2.2281E+01    2.0000E-04
4.0199E+01  3.1350E-03 2.5614E+02    6.1760E-06    3.5908E-06    6.0249E+00   -5.9634E+00    2.1559E+01    2.0000E-04
3.9214E+01  3.5599E-03 2.5448E+02    6.1169E-06    3.8940E-06    5.5559E+00   -5.5446E+00    2.0507E+01    2.0000E-04
3.8247E+01  4.0374E-03 2.5241E+02    6.0485E-06    4.1539E-06    5.0700E+00   -5.0864E+00    1.9239E+01    2.0000E-04
3.7298E+01  4.5731E-03 2.5002E+02    5.9726E-06    4.3534E-06    4.5989E+00   -4.6282E+00    1.7858E+01    2.0000E-04
3.6368E+01  5.1733E-03 2.4744E+02    5.8903E-06    4.5055E-06    4.1741E+00   -4.1958E+00    1.6444E+01    2.0000E-04
3.5458E+01  5.8450E-03 2.4474E+02    5.7992E-06    4.6107E-06    3.7967E+00   -3.8113E+00    1.5056E+01    2.0000E-04
3.4567E+01  6.5955E-03 2.4200E+02    5.7102E-06    4.6918E-06    3.4684E+00   -3.4767E+00    1.3735E+01    2.0000E-04
3.3696E+01  7.4331E-03 2.3928E+02    5.6131E-06    4.7428E-06    3.1738E+00   -3.1809E+00    1.2509E+01    2.0000E-04
3.2844E+01  8.3665E-03 2.3663E+02    5.5194E-06    4.7768E-06    2.9074E+00   -2.9137E+00    1.1397E+01    2.0000E-04
3.2010E+01  9.4052E-03 2.3411E+02    5.4193E-06    4.7800E-06    2.6571E+00   -2.6669E+00    1.0409E+01    2.0000E-04
3.1194E+01  1.0560E-02 2.3177E+02    5.3315E-06    4.7572E-06    2.4212E+00   -2.4635E+00    9.5487E+00    2.0000E-04
3.0394E+01  1.1841E-02 2.2964E+02    5.2355E-06    4.7104E-06    2.1992E+00   -2.2255E+00    8.8119E+00    2.0000E-04
2.9611E+01  1.3260E-02 2.2772E+02    5.1416E-06    4.6215E-06    1.9876E+00   -2.0032E+00    8.1861E+00    2.0000E-04
2.8843E+01  1.4832E-02 2.2601E+02    5.0494E-06    4.5125E-06    1.7939E+00   -1.7987E+00    7.6558E+00    2.0000E-04
2.8089E+01  1.6568E-02 2.2448E+02    4.9589E-06    4.3712E-06    1.6169E+00   -1.6126E+00    7.2050E+00    2.0000E-04
2.7348E+01  1.8485E-02 2.2311E+02    4.8618E-06    4.2085E-06    1.4594E+00   -1.4460E+00    6.8185E+00    2.0000E-04
2.6621E+01  2.0597E-02 2.2188E+02    4.7729E-06    4.0197E-06    1.3198E+00   -1.3000E+00    6.4831E+00    2.0000E-04
2.5906E+01  2.2922E-02 2.2075E+02    4.6871E-06    3.8123E-06    1.1979E+00   -1.1738E+00    6.1877E+00    2.0000E-04
2.5203E+01  2.5477E-02 2.1970E+02    4.6028E-06    3.6006E-06    1.0930E+00   -1.0650E+00    5.9237E+00    2.0000E-04
2.4512E+01  2.8281E-02 2.1873E+02    4.5199E-06    3.3789E-06    1.0004E+00   -9.7025E-01    5.6844E+00    2.0000E-04
2.3832E+01  3.1355E-02 2.1780E+02    4.4384E-06    3.1534E-06    9.1730E-01   -8.8562E-01    5.4651E+00    2.0000E-04
2.3163E+01  3.4718E-02 2.1693E+02    4.3482E-06    2.9259E-06    8.4072E-01   -8.0747E-01    5.2627E+00    2.0000E-04
2.2506E+01  3.8394E-02 2.1609E+02    4.2693E-06    2.6967E-06    7.6846E-01   -7.3471E-01    5.0210E+00    2.0000E-04
2.1859E+01  4.2406E-02 2.1530E+02    4.1918E-06    2.4727E-06    6.9991E-01   -6.6570E-01    4.7620E+00    2.0000E-04
2.1223E+01  4.6778E-02 2.1455E+02    4.1156E-06    2.2471E-06    6.3340E-01   -6.0055E-01    4.5282E+00    2.0000E-04
2.0597E+01  5.1535E-02 2.1385E+02    4.0405E-06    2.0300E-06    5.7007E-01   -5.3821E-01    4.3187E+00    2.0000E-04
1.9981E+01  5.6705E-02 2.1320E+02    3.9667E-06    1.8140E-06    5.0921E-01   -4.7882E-01    4.1327E+00    2.0000E-04
1.9376E+01  6.2315E-02 2.1261E+02    3.9018E-06    1.6087E-06    4.5241E-01   -4.2118E-01    3.9687E+00    2.0000E-04
1.8780E+01  6.8393E-02 2.1207E+02    3.8328E-06    1.4075E-06    3.9910E-01   -3.6572E-01    3.8246E+00    2.0000E-04
1.8194E+01  7.4970E-02 2.1159E+02    3.7737E-06    1.2102E-06    3.4976E-01   -3.1433E-01    3.6978E+00    2.0000E-04
1.7617E+01  8.2076E-02 2.1114E+02    3.7161E-06    1.0353E-06    3.0675E-01   -2.6502E-01    3.5852E+00    2.0000E-04
1.7050E+01  8.9742E-02 2.1073E+02    3.6635E-06    8.6678E-07    2.6801E-01   -2.2331E-01    3.4839E+00    2.0000E-04
1.6491E+01  9.8000E-02 2.1035E+02    3.6189E-06    7.1519E-07    2.3446E-01   -1.8949E-01    3.3914E+00    2.0000E-04
1.5942E+01  1.0688E-01 2.0998E+02    3.5813E-06    5.7980E-07    2.0456E-01   -1.3818E-01    3.3055E+00    2.0000E-04
1.5402E+01  1.1643E-01 2.0964E+02    3.5489E-06    4.6271E-07    1.7912E-01   -1.1681E-01    3.2261E+00    2.0000E-04
1.4870E+01  1.2666E-01 2.0933E+02    3.5171E-06    3.6346E-07    1.5793E-01   -1.0311E-01    3.1560E+00    2.0000E-04
1.4348E+01  1.3762E-01 2.0907E+02    3.4938E-06    2.8206E-07    1.4058E-01   -9.5658E-02    3.1000E+00    2.0000E-04
1.3834E+01  1.4934E-01 2.0891E+02    3.4733E-06    2.1357E-07    1.2616E-01   -9.4027E-02    3.0639E+00    2.0000E-04
1.3328E+01  1.6185E-01 2.0886E+02    3.4616E-06    1.5911E-07    1.1471E-01   -9.4751E-02    3.0525E+00    2.0000E-04
1.2830E+01  1.7520E-01 2.0894E+02    3.4516E-06    1.2203E-07    1.0646E-01   -9.2492E-02    3.0702E+00    2.0000E-04
1.2340E+01  1.8940E-01 2.0915E+02    3.4500E-06    9.7554E-08    1.0074E-01   -8.5996E-02    3.1172E+00    2.0000E-04
1.1857E+01  2.0450E-01 2.0950E+02    3.5902E-06    7.9611E-08    9.7412E-02   -8.3183E-02    3.1948E+00    2.0000E-04
1.1381E+01  2.2052E-01 2.0994E+02    4.4579E-06    6.6404E-08    9.8524E-02   -9.4385E-02    3.2950E+00    2.0000E-04
1.0912E+01  2.3749E-01 2.1047E+02    5.0639E-06    5.8417E-08    1.0041E-01   -6.9645E-02    3.4205E+00    2.0000E-04
1.0450E+01  2.5546E-01 2.1103E+02    5.7988E-06    5.3668E-08    1.0113E-01   -2.9772E-03    3.5583E+00    2.0000E-04
9.9944E+00  2.7443E-01 2.1240E+02    7.0173E-06    5.0254E-08    1.0657E-01   -1.0086E-01    3.9117E+00    2.0000E-04
9.5406E+00  2.9444E-01 2.1656E+02    1.2294E-05    4.7381E-08    1.3036E-01   -4.5261E-01    5.1810E+00    2.0000E-04
9.0862E+00  3.1551E-01 2.2091E+02    2.1569E-05    4.4812E-08    1.6834E-01   -8.4951E-01    6.2299E+00    2.0000E-04
8.6313E+00  3.3767E-01 2.2523E+02    3.6905E-05    4.2357E-08    2.1941E-01   -1.2585E+00    7.4242E+00    2.0000E-04
8.1763E+00  3.6092E-01 2.2951E+02    6.1550E-05    3.9918E-08    2.8123E-01   -1.6326E+00    8.7679E+00    2.0000E-04
7.7217E+00  3.8530E-01 2.3372E+02    9.9980E-05    3.7565E-08    3.4856E-01   -1.9229E+00    1.0260E+01    2.0000E-04
7.2678E+00  4.1079E-01 2.3784E+02    1.5804E-04    3.5296E-08    4.1866E-01   -2.1190E+00    1.1894E+01    2.0000E-04
6.8153E+00  4.3743E-01 2.4184E+02    2.4291E-04    3.3112E-08    4.9434E-01   -2.2476E+00    1.3659E+01    2.0000E-04
6.3646E+00  4.6520E-01 2.4570E+02    3.6281E-04    3.1020E-08    5.7151E-01   -2.2976E+00    1.5536E+01    2.0000E-04
5.9164E+00  4.9412E-01 2.4939E+02    5.2659E-04    2.9020E-08    6.3639E-01   -2.3012E+00    1.7504E+01    2.0000E-04
5.4712E+00  5.2417E-01 2.5291E+02    7.4304E-04    2.7057E-08    6.8232E-01   -2.2827E+00    1.9540E+01    2.0000E-04
5.0296E+00  5.5535E-01 2.5624E+02    1.0204E-03    2.5157E-08    7.1536E-01   -2.2648E+00    2.1622E+01    2.0000E-04
4.5921E+00  5.8764E-01 2.5938E+02    1.3660E-03    2.3387E-08    7.4207E-01   -2.2220E+00    2.3730E+01    2.0000E-04
4.1593E+00  6.2102E-01 2.6233E+02    1.7859E-03    2.1746E-08    7.6221E-01   -2.1597E+00    2.5846E+01    2.0000E-04
3.7318E+00  6.5548E-01 2.6510E+02    2.2850E-03    2.0138E-08    7.7294E-01   -2.0938E+00    2.7959E+01    2.0000E-04
3.3099E+00  6.9097E-01 2.6771E+02    2.8670E-03    1.8698E-08    7.7452E-01   -2.0001E+00    3.0057E+01    2.0000E-04
2.8942E+00  7.2747E-01 2.7016E+02    3.5348E-03    1.7349E-08    7.7000E-01   -1.8523E+00    3.2134E+01    2.0000E-04
2.4850E+00  7.6493E-01 2.7247E+02    4.2902E-03    1.6144E-08    7.6230E-01   -1.7028E+00    3.4184E+01    2.0000E-04
2.0826E+00  8.0331E-01 2.7484E+02    5.2062E-03    1.5088E-08    7.5743E-01   -1.6100E+00    3.6387E+01    2.0000E-04
1.6871E+00  8.4255E-01 2.7712E+02    6.1038E-03    1.4171E-08    7.3773E-01   -1.5244E+00    3.8614E+01    2.0000E-04
1.2989E+00  8.8260E-01 2.7932E+02    7.1305E-03    1.3395E-08    7.2210E-01   -1.5182E+00    4.0845E+01    2.0000E-04
9.1823E-01  9.2338E-01 2.8139E+02    8.2420E-03    1.2696E-08    7.1044E-01   -1.5855E+00    4.3048E+01    2.0000E-04
5.4539E-01  9.6483E-01 2.8338E+02    9.3468E-03    1.2151E-08    7.0455E-01   -1.7710E+00    4.5234E+01    2.0000E-04
1.8063E-01  1.0069E+00 2.8527E+02    1.0708E-02    1.1719E-08    7.2510E-01   -2.0244E+00    4.7396E+01    2.0000E-04
0.0000E+00  1.0283E+00 2.8622E+02    1.1389E-02    1.1800E-08    7.9370E+00   -3.5316E+00    4.8507E+01    2.0000E-04
