     ALT          P          T          FH2O           O3           THEAT        TCOOL        PSATCO2        FCO2
7.3264E+01  3.2610E-05 2.1636E+02    3.3779E-06    3.8983E-08    3.5484E+01   -5.6474E+01    5.1104E+00    2.0100E-04
7.2158E+01  3.8506E-05 2.1768E+02    3.6182E-06    4.5525E-08    4.9421E+00   -3.7641E+01    5.4368E+00    2.0100E-04
7.1055E+01  4.5411E-05 2.1906E+02    3.8342E-06    5.4811E-08    1.9209E+00   -2.4383E+01    5.7650E+00    2.0100E-04
6.9952E+01  5.3486E-05 2.2049E+02    4.0357E-06    6.7945E-08    1.6293E+00   -1.5597E+01    6.1222E+00    2.0100E-04
6.8852E+01  6.2919E-05 2.2197E+02    4.2120E-06    8.6338E-08    1.6654E+00   -1.0183E+01    6.5089E+00    2.0100E-04
6.7753E+01  7.3921E-05 2.2349E+02    4.3769E-06    1.1123E-07    1.7641E+00   -7.0830E+00    6.9246E+00    2.0100E-04
6.6655E+01  8.6738E-05 2.2504E+02    4.5176E-06    1.4227E-07    1.8986E+00   -5.4172E+00    7.3682E+00    2.0100E-04
6.5559E+01  1.0165E-04 2.2661E+02    4.6492E-06    1.7810E-07    2.0610E+00   -4.5927E+00    7.8385E+00    2.0100E-04
6.4465E+01  1.1897E-04 2.2818E+02    4.7638E-06    2.1604E-07    2.2464E+00   -4.2278E+00    8.3342E+00    2.0100E-04
6.3372E+01  1.3908E-04 2.2976E+02    4.8646E-06    2.5549E-07    2.4414E+00   -4.1046E+00    8.8538E+00    2.0100E-04
6.2281E+01  1.6237E-04 2.3134E+02    4.9619E-06    2.9693E-07    2.6486E+00   -4.1051E+00    9.3961E+00    2.0100E-04
6.1191E+01  1.8932E-04 2.3291E+02    5.0391E-06    3.4288E-07    2.8784E+00   -4.1615E+00    9.9601E+00    2.0100E-04
6.0104E+01  2.2048E-04 2.3447E+02    5.1121E-06    3.9388E-07    3.1328E+00   -4.2531E+00    1.0545E+01    2.0100E-04
5.9019E+01  2.5643E-04 2.3602E+02    5.1872E-06    4.5029E-07    3.4115E+00   -4.3684E+00    1.1150E+01    2.0100E-04
5.7936E+01  2.9788E-04 2.3755E+02    5.2422E-06    5.1402E-07    3.7186E+00   -4.4934E+00    1.1777E+01    2.0100E-04
5.6856E+01  3.4558E-04 2.3908E+02    5.2980E-06    5.8454E-07    4.0475E+00   -4.6314E+00    1.2423E+01    2.0100E-04
5.5778E+01  4.0042E-04 2.4060E+02    5.3417E-06    6.6210E-07    4.3921E+00   -4.7758E+00    1.3091E+01    2.0100E-04
5.4703E+01  4.6338E-04 2.4210E+02    5.3921E-06    7.4750E-07    4.7476E+00   -4.9284E+00    1.3781E+01    2.0100E-04
5.3632E+01  5.3556E-04 2.4360E+02    5.4270E-06    8.4085E-07    5.1045E+00   -5.0786E+00    1.4494E+01    2.0100E-04
5.2563E+01  6.1820E-04 2.4509E+02    5.4649E-06    9.4457E-07    5.4596E+00   -5.2270E+00    1.5229E+01    2.0100E-04
5.1498E+01  7.1270E-04 2.4658E+02    5.4924E-06    1.0568E-06    5.7931E+00   -5.3645E+00    1.5988E+01    2.0100E-04
5.0436E+01  8.2061E-04 2.4805E+02    5.5174E-06    1.1843E-06    6.1153E+00   -5.4908E+00    1.6771E+01    2.0100E-04
4.9378E+01  9.4367E-04 2.4953E+02    5.5386E-06    1.3300E-06    6.4189E+00   -5.6044E+00    1.7579E+01    2.0100E-04
4.8323E+01  1.0838E-03 2.5100E+02    5.5500E-06    1.4976E-06    6.6994E+00   -5.7309E+00    1.8412E+01    2.0100E-04
4.7273E+01  1.2432E-03 2.5246E+02    5.5607E-06    1.6771E-06    6.9023E+00   -5.8678E+00    1.9270E+01    2.0100E-04
4.6226E+01  1.4242E-03 2.5392E+02    5.5700E-06    1.8779E-06    7.0345E+00   -6.0536E+00    2.0155E+01    2.0100E-04
4.5183E+01  1.6296E-03 2.5544E+02    5.5675E-06    2.1097E-06    7.1047E+00   -6.3057E+00    2.1111E+01    2.0100E-04
4.4144E+01  1.8622E-03 2.5681E+02    5.5567E-06    2.3654E-06    7.0809E+00   -6.5285E+00    2.1996E+01    2.0100E-04
4.3111E+01  2.1253E-03 2.5767E+02    5.5360E-06    2.6585E-06    6.9749E+00   -6.6206E+00    2.2568E+01    2.0100E-04
4.2087E+01  2.4225E-03 2.5785E+02    5.5011E-06    2.9747E-06    6.7569E+00   -6.5415E+00    2.2686E+01    2.0100E-04
4.1073E+01  2.7578E-03 2.5731E+02    5.4605E-06    3.3142E-06    6.4412E+00   -6.3098E+00    2.2327E+01    2.0100E-04
4.0072E+01  3.1356E-03 2.5612E+02    5.4057E-06    3.6451E-06    6.0266E+00   -5.9570E+00    2.1549E+01    2.0100E-04
3.9088E+01  3.5606E-03 2.5440E+02    5.3422E-06    3.9515E-06    5.5555E+00   -5.5270E+00    2.0454E+01    2.0100E-04
3.8120E+01  4.0382E-03 2.5226E+02    5.2749E-06    4.2048E-06    5.0630E+00   -5.0609E+00    1.9154E+01    2.0100E-04
3.7172E+01  4.5740E-03 2.4983E+02    5.1890E-06    4.4044E-06    4.5932E+00   -4.5974E+00    1.7748E+01    2.0100E-04
3.6242E+01  5.1744E-03 2.4720E+02    5.1035E-06    4.5491E-06    4.1667E+00   -4.1618E+00    1.6315E+01    2.0100E-04
3.5333E+01  5.8462E-03 2.4445E+02    5.0126E-06    4.6574E-06    3.7936E+00   -3.7761E+00    1.4911E+01    2.0100E-04
3.4443E+01  6.5970E-03 2.4166E+02    4.9164E-06    4.7390E-06    3.4673E+00   -3.4391E+00    1.3575E+01    2.0100E-04
3.3573E+01  7.4347E-03 2.3888E+02    4.8220E-06    4.7939E-06    3.1748E+00   -3.1406E+00    1.2335E+01    2.0100E-04
3.2722E+01  8.3684E-03 2.3616E+02    4.7217E-06    4.8216E-06    2.9061E+00   -2.8688E+00    1.1208E+01    2.0100E-04
3.1890E+01  9.4073E-03 2.3357E+02    4.6304E-06    4.8300E-06    2.6575E+00   -2.6187E+00    1.0204E+01    2.0100E-04
3.1075E+01  1.0562E-02 2.3115E+02    4.5328E-06    4.8109E-06    2.4227E+00   -2.4115E+00    9.3282E+00    2.0100E-04
3.0278E+01  1.1843E-02 2.2892E+02    4.4373E-06    4.7678E-06    2.2014E+00   -2.1689E+00    8.5748E+00    2.0100E-04
2.9497E+01  1.3264E-02 2.2691E+02    4.3437E-06    4.6838E-06    1.9909E+00   -1.9417E+00    7.9317E+00    2.0100E-04
2.8732E+01  1.4835E-02 2.2509E+02    4.2521E-06    4.5782E-06    1.7977E+00   -1.7319E+00    7.3837E+00    2.0100E-04
2.7981E+01  1.6572E-02 2.2346E+02    4.1622E-06    4.4369E-06    1.6204E+00   -1.5404E+00    6.9150E+00    2.0100E-04
2.7244E+01  1.8490E-02 2.2198E+02    4.0740E-06    4.2670E-06    1.4612E+00   -1.3691E+00    6.5110E+00    2.0100E-04
2.6520E+01  2.0603E-02 2.2063E+02    3.9819E-06    4.0735E-06    1.3211E+00   -1.2182E+00    6.1589E+00    2.0100E-04
2.5809E+01  2.2928E-02 2.1940E+02    3.8924E-06    3.8755E-06    1.2012E+00   -1.0876E+00    5.8481E+00    2.0100E-04
2.5110E+01  2.5484E-02 2.1825E+02    3.8087E-06    3.6527E-06    1.0947E+00   -9.7534E-01    5.5702E+00    2.0100E-04
2.4423E+01  2.8289E-02 2.1717E+02    3.7266E-06    3.4265E-06    1.0016E+00   -8.7778E-01    5.3188E+00    2.0100E-04
2.3748E+01  3.1363E-02 2.1615E+02    3.6459E-06    3.1976E-06    9.1815E-01   -7.9116E-01    5.0428E+00    2.0100E-04
2.3085E+01  3.4728E-02 2.1519E+02    3.5665E-06    2.9586E-06    8.4008E-01   -7.1273E-01    4.7294E+00    2.0100E-04
2.2432E+01  3.8405E-02 2.1428E+02    3.4885E-06    2.7246E-06    7.6734E-01   -6.3985E-01    4.4487E+00    2.0100E-04
2.1791E+01  4.2418E-02 2.1343E+02    3.4216E-06    2.4956E-06    6.9846E-01   -5.7180E-01    4.1976E+00    2.0100E-04
2.1160E+01  4.6791E-02 2.1263E+02    3.3464E-06    2.2683E-06    6.3198E-01   -5.0746E-01    3.9741E+00    2.0100E-04
2.0540E+01  5.1550E-02 2.1189E+02    3.2722E-06    2.0451E-06    5.6803E-01   -4.4676E-01    3.7765E+00    2.0100E-04
1.9930E+01  5.6722E-02 2.1121E+02    3.2061E-06    1.8263E-06    5.0691E-01   -3.8963E-01    3.6033E+00    2.0100E-04
1.9330E+01  6.2334E-02 2.1060E+02    3.1376E-06    1.6119E-06    4.4898E-01   -3.3522E-01    3.4527E+00    2.0100E-04
1.8739E+01  6.8414E-02 2.1005E+02    3.0775E-06    1.4112E-06    3.9592E-01   -2.8285E-01    3.3224E+00    2.0100E-04
1.8158E+01  7.4993E-02 2.0956E+02    3.0196E-06    1.2151E-06    3.4688E-01   -2.3449E-01    3.2096E+00    2.0100E-04
1.7587E+01  8.2102E-02 2.0913E+02    2.9661E-06    1.0360E-06    3.0348E-01   -1.8989E-01    3.1114E+00    2.0100E-04
1.7025E+01  8.9771E-02 2.0873E+02    2.9213E-06    8.7135E-07    2.6535E-01   -1.5170E-01    3.0249E+00    2.0100E-04
1.6472E+01  9.8032E-02 2.0837E+02    2.8772E-06    7.1930E-07    2.3183E-01   -1.2220E-01    2.9480E+00    2.0100E-04
1.5927E+01  1.0692E-01 2.0804E+02    2.8403E-06    5.8306E-07    2.0190E-01   -7.3286E-02    2.8783E+00    2.0100E-04
1.5392E+01  1.1646E-01 2.0773E+02    2.8083E-06    4.6514E-07    1.7640E-01   -5.7647E-02    2.8156E+00    2.0100E-04
1.4865E+01  1.2670E-01 2.0746E+02    2.7768E-06    3.6583E-07    1.5526E-01   -4.8937E-02    2.7624E+00    2.0100E-04
1.4347E+01  1.3767E-01 2.0727E+02    2.7619E-06    2.8426E-07    1.3801E-01   -4.6664E-02    2.7235E+00    2.0100E-04
1.3837E+01  1.4939E-01 2.0717E+02    2.7435E-06    2.1619E-07    1.2372E-01   -4.8969E-02    2.7034E+00    2.0100E-04
1.3335E+01  1.6191E-01 2.0718E+02    2.7317E-06    1.6116E-07    1.1223E-01   -5.3016E-02    2.7066E+00    2.0100E-04
1.2841E+01  1.7526E-01 2.0732E+02    2.7219E-06    1.2308E-07    1.0389E-01   -5.2320E-02    2.7340E+00    2.0100E-04
1.2354E+01  1.8947E-01 2.0761E+02    2.7435E-06    9.8827E-08    9.8601E-02   -5.0198E-02    2.7917E+00    2.0100E-04
1.1875E+01  2.0457E-01 2.0801E+02    3.3821E-06    8.0779E-08    9.7864E-02   -6.4301E-02    2.8729E+00    2.0100E-04
1.1402E+01  2.2060E-01 2.0854E+02    3.8428E-06    6.7430E-08    9.8098E-02   -5.5693E-02    2.9847E+00    2.0100E-04
1.0936E+01  2.3758E-01 2.0912E+02    4.4214E-06    5.9083E-08    9.7882E-02   -1.6584E-02    3.1108E+00    2.0100E-04
1.0476E+01  2.5555E-01 2.1027E+02    5.2046E-06    5.4071E-08    1.0055E-01   -2.7524E-02    3.3733E+00    2.0100E-04
1.0020E+01  2.7453E-01 2.1285E+02    7.4592E-06    5.0609E-08    1.1174E-01   -2.1687E-01    4.0354E+00    2.0100E-04
9.5653E+00  2.9455E-01 2.1723E+02    1.3398E-05    4.7713E-08    1.3958E-01   -5.8815E-01    5.3316E+00    2.0100E-04
9.1094E+00  3.1563E-01 2.2159E+02    2.3466E-05    4.5033E-08    1.8043E-01   -9.8472E-01    6.4064E+00    2.0100E-04
8.6529E+00  3.3779E-01 2.2592E+02    4.0062E-05    4.2496E-08    2.3366E-01   -1.3812E+00    7.6282E+00    2.0100E-04
8.1964E+00  3.6106E-01 2.3020E+02    6.6642E-05    4.0044E-08    2.9671E-01   -1.7342E+00    9.0001E+00    2.0100E-04
7.7403E+00  3.8544E-01 2.3441E+02    1.0794E-04    3.7676E-08    3.6425E-01   -2.0000E+00    1.0521E+01    2.0100E-04
7.2849E+00  4.1095E-01 2.3852E+02    1.7007E-04    3.5300E-08    4.3449E-01   -2.1772E+00    1.2183E+01    2.0100E-04
6.8310E+00  4.3760E-01 2.4251E+02    2.6047E-04    3.3098E-08    5.1059E-01   -2.2900E+00    1.3973E+01    2.0100E-04
6.3789E+00  4.6538E-01 2.4635E+02    3.8756E-04    3.0995E-08    5.8679E-01   -2.3265E+00    1.5872E+01    2.0100E-04
5.9294E+00  4.9431E-01 2.5003E+02    5.6022E-04    2.8921E-08    6.4887E-01   -2.3243E+00    1.7859E+01    2.0100E-04
5.4829E+00  5.2437E-01 2.5352E+02    7.8725E-04    2.6971E-08    6.9205E-01   -2.3006E+00    1.9909E+01    2.0100E-04
5.0401E+00  5.5556E-01 2.5682E+02    1.0768E-03    2.5109E-08    7.2356E-01   -2.2793E+00    2.2002E+01    2.0100E-04
4.6015E+00  5.8787E-01 2.5993E+02    1.4358E-03    2.3298E-08    7.4916E-01   -2.2303E+00    2.4116E+01    2.0100E-04
4.1677E+00  6.2127E-01 2.6285E+02    1.8703E-03    2.1584E-08    7.6779E-01   -2.1656E+00    2.6236E+01    2.0100E-04
3.7391E+00  6.5574E-01 2.6560E+02    2.3850E-03    1.9968E-08    7.7677E-01   -2.0961E+00    2.8350E+01    2.0100E-04
3.3164E+00  6.9125E-01 2.6818E+02    2.9835E-03    1.8523E-08    7.7690E-01   -1.9942E+00    3.0448E+01    2.0100E-04
2.8998E+00  7.2776E-01 2.7061E+02    3.6684E-03    1.7169E-08    7.7133E-01   -1.8357E+00    3.2524E+01    2.0100E-04
2.4898E+00  7.6524E-01 2.7289E+02    4.4413E-03    1.5959E-08    7.6274E-01   -1.6894E+00    3.4572E+01    2.0100E-04
2.0866E+00  8.0364E-01 2.7529E+02    5.3814E-03    1.4899E-08    7.5711E-01   -1.6071E+00    3.6823E+01    2.0100E-04
1.6903E+00  8.4290E-01 2.7756E+02    6.2722E-03    1.3978E-08    7.3480E-01   -1.5200E+00    3.9053E+01    2.0100E-04
1.3013E+00  8.8296E-01 2.7974E+02    7.3519E-03    1.3200E-08    7.2146E-01   -1.5291E+00    4.1287E+01    2.0100E-04
9.1991E-01  9.2376E-01 2.8180E+02    8.4552E-03    1.2567E-08    7.0838E-01   -1.5992E+00    4.3490E+01    2.0100E-04
5.4637E-01  9.6523E-01 2.8378E+02    9.6284E-03    1.2052E-08    7.0568E-01   -1.8016E+00    4.5684E+01    2.0100E-04
1.8095E-01  1.0073E+00 2.8566E+02    1.0979E-02    1.1620E-08    7.2459E-01   -2.0491E+00    4.7846E+01    2.0100E-04
0.0000E+00  1.0287E+00 2.8660E+02    1.1656E-02    1.1700E-08    7.9219E+00   -3.5016E+00    4.8959E+01    2.0100E-04
