     ALT          P          T          FH2O           O3           THEAT        TCOOL        PSATCO2        FCO2
7.3315E+01  3.2610E-05 2.1570E+02    4.0729E-06    3.6193E-08    3.5380E+01   -5.5628E+01    4.8911E+00    1.9900E-04
7.2213E+01  3.8505E-05 2.1702E+02    4.3488E-06    4.2557E-08    4.9933E+00   -3.7443E+01    5.2844E+00    1.9900E-04
7.1113E+01  4.5410E-05 2.1840E+02    4.6099E-06    5.1426E-08    1.9243E+00   -2.4561E+01    5.6055E+00    1.9900E-04
7.0015E+01  5.3485E-05 2.1983E+02    4.8469E-06    6.4017E-08    1.6191E+00   -1.5971E+01    5.9552E+00    1.9900E-04
6.8918E+01  6.2916E-05 2.2131E+02    5.0497E-06    8.1637E-08    1.6503E+00   -1.0621E+01    6.3342E+00    1.9900E-04
6.7823E+01  7.3918E-05 2.2283E+02    5.2384E-06    1.0523E-07    1.7428E+00   -7.5273E+00    6.7418E+00    1.9900E-04
6.6729E+01  8.6733E-05 2.2438E+02    5.4130E-06    1.3462E-07    1.8693E+00   -5.8444E+00    7.1771E+00    1.9900E-04
6.5637E+01  1.0164E-04 2.2595E+02    5.5637E-06    1.6853E-07    2.0218E+00   -4.9837E+00    7.6389E+00    1.9900E-04
6.4546E+01  1.1897E-04 2.2753E+02    5.6946E-06    2.0442E-07    2.1963E+00   -4.5798E+00    8.1260E+00    1.9900E-04
6.3457E+01  1.3906E-04 2.2911E+02    5.8194E-06    2.4188E-07    2.3809E+00   -4.4218E+00    8.6370E+00    1.9900E-04
6.2369E+01  1.6235E-04 2.3069E+02    5.9282E-06    2.8143E-07    2.5781E+00   -4.3837E+00    9.1707E+00    1.9900E-04
6.1284E+01  1.8931E-04 2.3227E+02    6.0275E-06    3.2564E-07    2.7991E+00   -4.4055E+00    9.7262E+00    1.9900E-04
6.0200E+01  2.2045E-04 2.3383E+02    6.1142E-06    3.7456E-07    3.0436E+00   -4.4578E+00    1.0303E+01    1.9900E-04
5.9118E+01  2.5640E-04 2.3538E+02    6.1907E-06    4.2936E-07    3.3147E+00   -4.5286E+00    1.0900E+01    1.9900E-04
5.8039E+01  2.9784E-04 2.3693E+02    6.2628E-06    4.9103E-07    3.6135E+00   -4.6145E+00    1.1518E+01    1.9900E-04
5.6962E+01  3.4554E-04 2.3846E+02    6.3274E-06    5.5954E-07    3.9350E+00   -4.7116E+00    1.2156E+01    1.9900E-04
5.5888E+01  4.0036E-04 2.3998E+02    6.3846E-06    6.3483E-07    4.2725E+00   -4.8175E+00    1.2816E+01    1.9900E-04
5.4816E+01  4.6331E-04 2.4149E+02    6.4375E-06    7.1784E-07    4.6219E+00   -4.9307E+00    1.3497E+01    1.9900E-04
5.3748E+01  5.3548E-04 2.4299E+02    6.4902E-06    8.0851E-07    4.9740E+00   -5.0483E+00    1.4201E+01    1.9900E-04
5.2683E+01  6.1810E-04 2.4449E+02    6.5314E-06    9.0909E-07    5.3267E+00   -5.1637E+00    1.4927E+01    1.9900E-04
5.1621E+01  7.1258E-04 2.4597E+02    6.5653E-06    1.0231E-06    5.6780E+00   -5.2746E+00    1.5677E+01    1.9900E-04
5.0562E+01  8.2047E-04 2.4746E+02    6.5938E-06    1.1464E-06    5.9971E+00   -5.3763E+00    1.6451E+01    1.9900E-04
4.9507E+01  9.4349E-04 2.4893E+02    6.6250E-06    1.2842E-06    6.2879E+00   -5.4698E+00    1.7248E+01    1.9900E-04
4.8455E+01  1.0836E-03 2.5040E+02    6.6460E-06    1.4474E-06    6.5751E+00   -5.5856E+00    1.8071E+01    1.9900E-04
4.7407E+01  1.2429E-03 2.5186E+02    6.6600E-06    1.6320E-06    6.8156E+00   -5.7117E+00    1.8918E+01    1.9900E-04
4.6364E+01  1.4239E-03 2.5332E+02    6.6700E-06    1.8278E-06    6.9565E+00   -5.8780E+00    1.9791E+01    1.9900E-04
4.5324E+01  1.6292E-03 2.5482E+02    6.6786E-06    2.0545E-06    7.0372E+00   -6.1233E+00    2.0720E+01    1.9900E-04
4.4288E+01  1.8617E-03 2.5625E+02    6.6700E-06    2.3112E-06    7.0385E+00   -6.3794E+00    2.1633E+01    1.9900E-04
4.3258E+01  2.1248E-03 2.5725E+02    6.6600E-06    2.5993E-06    6.9460E+00   -6.5240E+00    2.2288E+01    1.9900E-04
4.2235E+01  2.4219E-03 2.5757E+02    6.6292E-06    2.9165E-06    6.7483E+00   -6.4934E+00    2.2503E+01    1.9900E-04
4.1222E+01  2.7571E-03 2.5717E+02    6.5887E-06    3.2511E-06    6.4401E+00   -6.2954E+00    2.2232E+01    1.9900E-04
4.0223E+01  3.1348E-03 2.5609E+02    6.5480E-06    3.5803E-06    6.0322E+00   -5.9663E+00    2.1525E+01    1.9900E-04
3.9238E+01  3.5597E-03 2.5445E+02    6.4890E-06    3.8847E-06    5.5635E+00   -5.5504E+00    2.0483E+01    1.9900E-04
3.8271E+01  4.0371E-03 2.5238E+02    6.4213E-06    4.1458E-06    5.0769E+00   -5.0935E+00    1.9222E+01    1.9900E-04
3.7323E+01  4.5728E-03 2.5000E+02    6.3453E-06    4.3465E-06    4.6047E+00   -4.6355E+00    1.7845E+01    1.9900E-04
3.6393E+01  5.1730E-03 2.4743E+02    6.2637E-06    4.4979E-06    4.1780E+00   -4.2028E+00    1.6435E+01    1.9900E-04
3.5483E+01  5.8446E-03 2.4473E+02    6.1727E-06    4.6072E-06    3.8016E+00   -3.8186E+00    1.5050E+01    1.9900E-04
3.4593E+01  6.5951E-03 2.4200E+02    6.0836E-06    4.6898E-06    3.4731E+00   -3.4841E+00    1.3732E+01    1.9900E-04
3.3721E+01  7.4326E-03 2.3928E+02    5.9866E-06    4.7414E-06    3.1779E+00   -3.1885E+00    1.2510E+01    1.9900E-04
3.2869E+01  8.3658E-03 2.3664E+02    5.8936E-06    4.7754E-06    2.9110E+00   -2.9218E+00    1.1402E+01    1.9900E-04
3.2036E+01  9.4044E-03 2.3413E+02    5.7980E-06    4.7800E-06    2.6608E+00   -2.6761E+00    1.0417E+01    1.9900E-04
3.1220E+01  1.0559E-02 2.3181E+02    5.7057E-06    4.7578E-06    2.4246E+00   -2.4727E+00    9.5605E+00    1.9900E-04
3.0420E+01  1.1840E-02 2.2969E+02    5.6097E-06    4.7032E-06    2.2003E+00   -2.2352E+00    8.8281E+00    1.9900E-04
2.9637E+01  1.3259E-02 2.2779E+02    5.5157E-06    4.6233E-06    1.9909E+00   -2.0140E+00    8.2070E+00    1.9900E-04
2.8869E+01  1.4830E-02 2.2609E+02    5.4235E-06    4.5080E-06    1.7957E+00   -1.8104E+00    7.6818E+00    1.9900E-04
2.8115E+01  1.6567E-02 2.2459E+02    5.3330E-06    4.3687E-06    1.6190E+00   -1.6256E+00    7.2364E+00    1.9900E-04
2.7374E+01  1.8483E-02 2.2325E+02    5.2442E-06    4.2058E-06    1.4613E+00   -1.4605E+00    6.8557E+00    1.9900E-04
2.6646E+01  2.0595E-02 2.2204E+02    5.1468E-06    4.0190E-06    1.3219E+00   -1.3153E+00    6.5263E+00    1.9900E-04
2.5931E+01  2.2920E-02 2.2094E+02    5.0610E-06    3.8119E-06    1.1999E+00   -1.1902E+00    6.2369E+00    1.9900E-04
2.5227E+01  2.5475E-02 2.1992E+02    4.9766E-06    3.6008E-06    1.0950E+00   -1.0826E+00    5.9789E+00    1.9900E-04
2.4535E+01  2.8279E-02 2.1898E+02    4.8935E-06    3.3787E-06    1.0022E+00   -9.8895E-01    5.7454E+00    1.9900E-04
2.3855E+01  3.1352E-02 2.1809E+02    4.8119E-06    3.1532E-06    9.1907E-01   -9.0546E-01    5.5317E+00    1.9900E-04
2.3185E+01  3.4715E-02 2.1724E+02    4.7216E-06    2.9257E-06    8.4247E-01   -8.2836E-01    5.3345E+00    1.9900E-04
2.2527E+01  3.8391E-02 2.1643E+02    4.6426E-06    2.6965E-06    7.7018E-01   -7.5657E-01    5.1372E+00    1.9900E-04
2.1879E+01  4.2402E-02 2.1567E+02    4.5649E-06    2.4713E-06    7.0144E-01   -6.8850E-01    4.8826E+00    1.9900E-04
2.1242E+01  4.6773E-02 2.1495E+02    4.4885E-06    2.2453E-06    6.3473E-01   -6.2425E-01    4.6526E+00    1.9900E-04
2.0615E+01  5.1530E-02 2.1428E+02    4.4132E-06    2.0212E-06    5.7041E-01   -5.6350E-01    4.4466E+00    1.9900E-04
1.9998E+01  5.6699E-02 2.1366E+02    4.3392E-06    1.8111E-06    5.1033E-01   -5.0432E-01    4.2638E+00    1.9900E-04
1.9392E+01  6.2308E-02 2.1309E+02    4.2664E-06    1.6051E-06    4.5345E-01   -4.4705E-01    4.1029E+00    1.9900E-04
1.8795E+01  6.8386E-02 2.1258E+02    4.1949E-06    1.4032E-06    3.9997E-01   -3.9224E-01    3.9619E+00    1.9900E-04
1.8207E+01  7.4962E-02 2.1212E+02    4.1353E-06    1.2053E-06    3.5044E-01   -3.4153E-01    3.8383E+00    1.9900E-04
1.7629E+01  8.2067E-02 2.1171E+02    4.0775E-06    1.0309E-06    3.0752E-01   -2.9246E-01    3.7289E+00    1.9900E-04
1.7060E+01  8.9732E-02 2.1132E+02    4.0245E-06    8.6466E-07    2.6907E-01   -2.5019E-01    3.6306E+00    1.9900E-04
1.6500E+01  9.7990E-02 2.1096E+02    3.9798E-06    7.1342E-07    2.3557E-01   -2.1590E-01    3.5408E+00    1.9900E-04
1.5949E+01  1.0687E-01 2.1062E+02    3.9418E-06    5.7838E-07    2.0569E-01   -1.6466E-01    3.4569E+00    1.9900E-04
1.5408E+01  1.1641E-01 2.1029E+02    3.9093E-06    4.6098E-07    1.8018E-01   -1.4232E-01    3.3787E+00    1.9900E-04
1.4875E+01  1.2665E-01 2.1000E+02    3.8774E-06    3.6201E-07    1.5900E-01   -1.2728E-01    3.3090E+00    1.9900E-04
1.4350E+01  1.3760E-01 2.0975E+02    3.8540E-06    2.8126E-07    1.4173E-01   -1.1814E-01    3.2522E+00    1.9900E-04
1.3835E+01  1.4932E-01 2.0958E+02    3.8333E-06    2.1266E-07    1.2728E-01   -1.1492E-01    3.2141E+00    1.9900E-04
1.3327E+01  1.6184E-01 2.0952E+02    3.8215E-06    1.5801E-07    1.1577E-01   -1.1421E-01    3.2002E+00    1.9900E-04
1.2828E+01  1.7518E-01 2.0959E+02    3.8116E-06    1.2085E-07    1.0750E-01   -1.1055E-01    3.2150E+00    1.9900E-04
1.2337E+01  1.8938E-01 2.0979E+02    3.8017E-06    9.6958E-08    1.0183E-01   -1.0302E-01    3.2609E+00    1.9900E-04
1.1852E+01  2.0447E-01 2.1012E+02    3.9582E-06    7.9193E-08    9.8569E-02   -1.0036E-01    3.3376E+00    1.9900E-04
1.1375E+01  2.2049E-01 2.1056E+02    4.8567E-06    6.6096E-08    9.9592E-02   -1.1342E-01    3.4427E+00    1.9900E-04
1.0905E+01  2.3746E-01 2.1107E+02    5.5092E-06    5.8122E-08    1.0055E-01   -8.8190E-02    3.5688E+00    1.9900E-04
1.0442E+01  2.5542E-01 2.1161E+02    6.2693E-06    5.3381E-08    1.0228E-01   -2.1336E-02    3.7034E+00    1.9900E-04
9.9853E+00  2.7439E-01 2.1264E+02    7.2528E-06    5.0032E-08    1.0637E-01   -7.9184E-02    3.9774E+00    1.9900E-04
9.5316E+00  2.9440E-01 2.1635E+02    1.1962E-05    4.7217E-08    1.2709E-01   -3.9086E-01    5.1098E+00    1.9900E-04
9.0777E+00  3.1547E-01 2.2070E+02    2.1000E-05    4.4656E-08    1.6375E-01   -7.9111E-01    6.1748E+00    1.9900E-04
8.6233E+00  3.3763E-01 2.2501E+02    3.5956E-05    4.2205E-08    2.1398E-01   -1.2060E+00    7.3606E+00    1.9900E-04
8.1689E+00  3.6088E-01 2.2929E+02    6.0011E-05    3.9788E-08    2.7536E-01   -1.5894E+00    8.6952E+00    1.9900E-04
7.7147E+00  3.8525E-01 2.3350E+02    9.7562E-05    3.7522E-08    3.4268E-01   -1.8905E+00    1.0178E+01    1.9900E-04
7.2614E+00  4.1074E-01 2.3762E+02    1.5436E-04    3.5259E-08    4.1290E-01   -2.0955E+00    1.1803E+01    1.9900E-04
6.8094E+00  4.3737E-01 2.4162E+02    2.3751E-04    3.3080E-08    4.8860E-01   -2.2309E+00    1.3559E+01    1.9900E-04
6.3592E+00  4.6514E-01 2.4549E+02    3.5517E-04    3.0991E-08    5.6614E-01   -2.2864E+00    1.5428E+01    1.9900E-04
5.9115E+00  4.9405E-01 2.4919E+02    5.1613E-04    2.8995E-08    6.3196E-01   -2.2926E+00    1.7390E+01    1.9900E-04
5.4667E+00  5.2410E-01 2.5271E+02    7.2922E-04    2.7034E-08    6.7885E-01   -2.2762E+00    1.9422E+01    1.9900E-04
5.0255E+00  5.5527E-01 2.5605E+02    1.0027E-03    2.5184E-08    7.1248E-01   -2.2594E+00    2.1500E+01    1.9900E-04
4.5885E+00  5.8756E-01 2.5920E+02    1.3439E-03    2.3437E-08    7.3958E-01   -2.2189E+00    2.3605E+01    1.9900E-04
4.1561E+00  6.2094E-01 2.6216E+02    1.7591E-03    2.1752E-08    7.6021E-01   -2.1577E+00    2.5720E+01    1.9900E-04
3.7289E+00  6.5539E-01 2.6494E+02    2.2531E-03    2.0222E-08    7.7154E-01   -2.0930E+00    2.7832E+01    1.9900E-04
3.3074E+00  6.9088E-01 2.6755E+02    2.8298E-03    1.8699E-08    7.7361E-01   -2.0021E+00    2.9930E+01    1.9900E-04
2.8920E+00  7.2737E-01 2.7001E+02    3.4920E-03    1.7414E-08    7.6946E-01   -1.8585E+00    3.2007E+01    1.9900E-04
2.4831E+00  7.6483E-01 2.7233E+02    4.2415E-03    1.6239E-08    7.6202E-01   -1.7071E+00    3.4057E+01    1.9900E-04
2.0810E+00  8.0320E-01 2.7468E+02    5.1452E-03    1.5149E-08    7.5694E-01   -1.6088E+00    3.6236E+01    1.9900E-04
1.6859E+00  8.4244E-01 2.7697E+02    6.0452E-03    1.4168E-08    7.3829E-01   -1.5252E+00    3.8462E+01    1.9900E-04
1.2980E+00  8.8248E-01 2.7917E+02    7.0530E-03    1.3393E-08    7.2193E-01   -1.5139E+00    4.0692E+01    1.9900E-04
9.1756E-01  9.2325E-01 2.8125E+02    8.1674E-03    1.2763E-08    7.1090E-01   -1.5807E+00    4.2894E+01    1.9900E-04
5.4499E-01  9.6470E-01 2.8324E+02    9.2477E-03    1.2250E-08    7.0392E-01   -1.7601E+00    4.5076E+01    1.9900E-04
1.8050E-01  1.0067E+00 2.8514E+02    1.0612E-02    1.1819E-08    7.2513E-01   -2.0158E+00    4.7238E+01    1.9900E-04
0.0000E+00  1.0281E+00 2.8608E+02    1.1295E-02    1.1900E-08    7.9422E+00   -3.5423E+00    4.8348E+01    1.9900E-04
