     ALT          P          T          FH2O           O3           THEAT        TCOOL        PSATCO2        FCO2
7.2667E+01  3.2610E-05 2.1629E+02    2.6986E-06    4.3674E-08    3.5502E+01   -5.5985E+01    5.0887E+00    2.0100E-04
7.1561E+01  3.8507E-05 2.1762E+02    2.8939E-06    5.0744E-08    4.9491E+00   -3.7136E+01    5.4218E+00    2.0100E-04
7.0457E+01  4.5412E-05 2.1899E+02    3.0699E-06    6.0748E-08    1.9334E+00   -2.3897E+01    5.7488E+00    2.0100E-04
6.9354E+01  5.3489E-05 2.2042E+02    3.2356E-06    7.4986E-08    1.6479E+00   -1.5104E+01    6.1044E+00    2.0100E-04
6.8253E+01  6.2923E-05 2.2190E+02    3.3823E-06    9.5048E-08    1.6929E+00   -9.6915E+00    6.4890E+00    2.0100E-04
6.7154E+01  7.3927E-05 2.2341E+02    3.5141E-06    1.2216E-07    1.8036E+00   -6.5988E+00    6.9021E+00    2.0100E-04
6.6056E+01  8.6746E-05 2.2495E+02    3.6234E-06    1.5640E-07    1.9552E+00   -4.9467E+00    7.3426E+00    2.0100E-04
6.4960E+01  1.0166E-04 2.2651E+02    3.7326E-06    1.9539E-07    2.1353E+00   -4.1427E+00    7.8093E+00    2.0100E-04
6.3865E+01  1.1899E-04 2.2808E+02    3.8253E-06    2.3688E-07    2.3401E+00   -3.8015E+00    8.3008E+00    2.0100E-04
6.2772E+01  1.3909E-04 2.2965E+02    3.9125E-06    2.8014E-07    2.5557E+00   -3.7069E+00    8.8158E+00    2.0100E-04
6.1680E+01  1.6239E-04 2.3122E+02    3.9895E-06    3.2472E-07    2.7797E+00   -3.7365E+00    9.3531E+00    2.0100E-04
6.0591E+01  1.8936E-04 2.3278E+02    4.0547E-06    3.7368E-07    3.0251E+00   -3.8279E+00    9.9115E+00    2.0100E-04
5.9503E+01  2.2052E-04 2.3433E+02    4.1165E-06    4.2826E-07    3.2972E+00   -3.9569E+00    1.0490E+01    2.0100E-04
5.8418E+01  2.5648E-04 2.3586E+02    4.1697E-06    4.8889E-07    3.5951E+00   -4.1075E+00    1.1090E+01    2.0100E-04
5.7335E+01  2.9794E-04 2.3739E+02    4.2193E-06    5.5601E-07    3.9167E+00   -4.2759E+00    1.1709E+01    2.0100E-04
5.6255E+01  3.4566E-04 2.3891E+02    4.2659E-06    6.3047E-07    4.2602E+00   -4.4575E+00    1.2348E+01    2.0100E-04
5.5178E+01  4.0051E-04 2.4041E+02    4.2988E-06    7.1269E-07    4.6202E+00   -4.6449E+00    1.3009E+01    2.0100E-04
5.4103E+01  4.6349E-04 2.4191E+02    4.3408E-06    8.0365E-07    4.9915E+00   -4.8419E+00    1.3691E+01    2.0100E-04
5.3031E+01  5.3570E-04 2.4340E+02    4.3644E-06    9.0268E-07    5.3605E+00   -5.0338E+00    1.4395E+01    2.0100E-04
5.1963E+01  6.1837E-04 2.4488E+02    4.3935E-06    1.0131E-06    5.7279E+00   -5.2242E+00    1.5122E+01    2.0100E-04
5.0898E+01  7.1290E-04 2.4635E+02    4.4147E-06    1.1377E-06    6.0865E+00   -5.4039E+00    1.5873E+01    2.0100E-04
4.9836E+01  8.2085E-04 2.4782E+02    4.4358E-06    1.2704E-06    6.3995E+00   -5.5679E+00    1.6647E+01    2.0100E-04
4.8778E+01  9.4396E-04 2.4929E+02    4.4469E-06    1.4248E-06    6.6960E+00   -5.7164E+00    1.7446E+01    2.0100E-04
4.7724E+01  1.0842E-03 2.5075E+02    4.4579E-06    1.6009E-06    6.9636E+00   -5.8826E+00    1.8269E+01    2.0100E-04
4.6674E+01  1.2436E-03 2.5220E+02    4.4600E-06    1.7982E-06    7.1726E+00   -6.0631E+00    1.9119E+01    2.0100E-04
4.5627E+01  1.4247E-03 2.5368E+02    4.4503E-06    2.0166E-06    7.2979E+00   -6.2914E+00    2.0006E+01    2.0100E-04
4.4585E+01  1.6301E-03 2.5517E+02    4.4395E-06    2.2659E-06    7.3484E+00   -6.5507E+00    2.0936E+01    2.0100E-04
4.3547E+01  1.8628E-03 2.5635E+02    4.4189E-06    2.5477E-06    7.3121E+00   -6.7276E+00    2.1697E+01    2.0100E-04
4.2516E+01  2.1261E-03 2.5693E+02    4.3867E-06    2.8793E-06    7.2042E+00   -6.7510E+00    2.2073E+01    2.0100E-04
4.1494E+01  2.4234E-03 2.5677E+02    4.3440E-06    3.2591E-06    7.0039E+00   -6.6085E+00    2.1971E+01    2.0100E-04
4.0484E+01  2.7589E-03 2.5588E+02    4.2838E-06    3.6605E-06    6.6821E+00   -6.3155E+00    2.1393E+01    2.0100E-04
3.9489E+01  3.1369E-03 2.5433E+02    4.2227E-06    4.0639E-06    6.2611E+00   -5.9095E+00    2.0408E+01    2.0100E-04
3.8511E+01  3.5621E-03 2.5221E+02    4.1440E-06    4.4311E-06    5.7725E+00   -5.4260E+00    1.9124E+01    2.0100E-04
3.7553E+01  4.0399E-03 2.4967E+02    4.0592E-06    4.7524E-06    5.2768E+00   -4.9078E+00    1.7656E+01    2.0100E-04
3.6614E+01  4.5760E-03 2.4679E+02    3.9665E-06    5.0215E-06    4.8119E+00   -4.3872E+00    1.6101E+01    2.0100E-04
3.5696E+01  5.1767E-03 2.4369E+02    3.8692E-06    5.2343E-06    4.3898E+00   -3.9005E+00    1.4535E+01    2.0100E-04
3.4800E+01  5.8490E-03 2.4043E+02    3.7735E-06    5.3994E-06    4.0138E+00   -3.4627E+00    1.3017E+01    2.0100E-04
3.3925E+01  6.6001E-03 2.3710E+02    3.6721E-06    5.5394E-06    3.6819E+00   -3.0753E+00    1.1589E+01    2.0100E-04
3.3072E+01  7.4384E-03 2.3377E+02    3.5802E-06    5.6314E-06    3.3729E+00   -2.7302E+00    1.0281E+01    2.0100E-04
3.2240E+01  8.3725E-03 2.3053E+02    3.4824E-06    5.6891E-06    3.0843E+00   -2.4194E+00    9.1127E+00    2.0100E-04
3.1428E+01  9.4121E-03 2.2743E+02    3.3872E-06    5.6891E-06    2.8056E+00   -2.1384E+00    8.0950E+00    2.0100E-04
3.0635E+01  1.0567E-02 2.2456E+02    3.2941E-06    5.6401E-06    2.5398E+00   -1.9047E+00    7.2296E+00    2.0100E-04
2.9861E+01  1.1850E-02 2.2197E+02    3.2032E-06    5.5387E-06    2.2874E+00   -1.6518E+00    6.5077E+00    2.0100E-04
2.9104E+01  1.3271E-02 2.1966E+02    3.1141E-06    5.3782E-06    2.0498E+00   -1.4244E+00    5.9132E+00    2.0100E-04
2.8362E+01  1.4844E-02 2.1764E+02    3.0371E-06    5.1821E-06    1.8340E+00   -1.2247E+00    5.4269E+00    2.0100E-04
2.7636E+01  1.6582E-02 2.1588E+02    2.9514E-06    4.9486E-06    1.6398E+00   -1.0522E+00    4.9527E+00    2.0100E-04
2.6924E+01  1.8500E-02 2.1437E+02    2.8762E-06    4.6846E-06    1.4677E+00   -9.0697E-01    4.4731E+00    2.0100E-04
2.6224E+01  2.0615E-02 2.1305E+02    2.7948E-06    4.4062E-06    1.3187E+00   -7.8691E-01    4.0905E+00    2.0100E-04
2.5537E+01  2.2942E-02 2.1190E+02    2.7196E-06    4.1216E-06    1.1908E+00   -6.8961E-01    3.7805E+00    2.0100E-04
2.4861E+01  2.5499E-02 2.1090E+02    2.6437E-06    3.8334E-06    1.0804E+00   -6.1099E-01    3.5248E+00    2.0100E-04
2.4197E+01  2.8306E-02 2.1000E+02    2.5774E-06    3.5465E-06    9.8399E-01   -5.4682E-01    3.3103E+00    2.0100E-04
2.3543E+01  3.1383E-02 2.0920E+02    2.5074E-06    3.2692E-06    8.9878E-01   -4.9144E-01    3.1274E+00    2.0100E-04
2.2900E+01  3.4750E-02 2.0847E+02    2.4393E-06    2.9983E-06    8.2090E-01   -4.4161E-01    2.9692E+00    2.0100E-04
2.2267E+01  3.8430E-02 2.0781E+02    2.3760E-06    2.7358E-06    7.4812E-01   -3.9517E-01    2.8310E+00    2.0100E-04
2.1644E+01  4.2445E-02 2.0720E+02    2.3049E-06    2.4785E-06    6.7851E-01   -3.5073E-01    2.7098E+00    2.0100E-04
2.1031E+01  4.6822E-02 2.0665E+02    2.2441E-06    2.2403E-06    6.1338E-01   -3.0744E-01    2.6033E+00    2.0100E-04
2.0427E+01  5.1584E-02 2.0615E+02    2.1843E-06    2.0130E-06    5.5130E-01   -2.6506E-01    2.5103E+00    2.0100E-04
1.9833E+01  5.6760E-02 2.0570E+02    2.1254E-06    1.7899E-06    4.9145E-01   -2.2418E-01    2.4297E+00    2.0100E-04
1.9248E+01  6.2376E-02 2.0531E+02    2.0774E-06    1.5801E-06    4.3552E-01   -1.8401E-01    2.3606E+00    2.0100E-04
1.8672E+01  6.8461E-02 2.0497E+02    2.0221E-06    1.3749E-06    3.8282E-01   -1.4532E-01    2.3021E+00    2.0100E-04
1.8104E+01  7.5045E-02 2.0468E+02    1.9770E-06    1.1858E-06    3.3533E-01   -1.0825E-01    2.2531E+00    2.0100E-04
1.7545E+01  8.2159E-02 2.0444E+02    1.9325E-06    1.0097E-06    2.9284E-01   -7.4568E-02    2.2125E+00    2.0100E-04
1.6995E+01  8.9834E-02 2.0423E+02    1.8888E-06    8.4705E-07    2.5528E-01   -4.6670E-02    2.1792E+00    2.0100E-04
1.6453E+01  9.8102E-02 2.0407E+02    1.8518E-06    7.0013E-07    2.2273E-01   -2.6034E-02    2.1523E+00    2.0100E-04
1.5919E+01  1.0700E-01 2.0393E+02    1.8199E-06    5.6893E-07    1.9383E-01    1.9707E-02    2.1302E+00    2.0100E-04
1.5393E+01  1.1655E-01 2.0382E+02    1.7957E-06    4.5555E-07    1.6935E-01    2.7092E-02    2.1127E+00    2.0100E-04
1.4876E+01  1.2680E-01 2.0375E+02    1.7751E-06    3.5992E-07    1.4909E-01    2.8682E-02    2.1021E+00    2.0100E-04
1.4366E+01  1.3777E-01 2.0375E+02    1.7624E-06    2.8131E-07    1.3254E-01    2.5795E-02    2.1018E+00    2.0100E-04
1.3864E+01  1.4950E-01 2.0384E+02    1.7448E-06    2.1498E-07    1.1868E-01    1.8745E-02    2.1168E+00    2.0100E-04
1.3370E+01  1.6203E-01 2.0405E+02    1.7326E-06    1.6099E-07    1.0752E-01    1.0847E-02    2.1502E+00    2.0100E-04
1.2882E+01  1.7539E-01 2.0439E+02    1.7442E-06    1.2390E-07    9.9802E-02    6.1917E-03    2.2055E+00    2.0100E-04
1.2402E+01  1.8961E-01 2.0483E+02    2.1292E-06    9.9406E-08    9.6768E-02   -2.0997E-03    2.2777E+00    2.0100E-04
1.1928E+01  2.0473E-01 2.0534E+02    2.4130E-06    8.1539E-08    9.5139E-02    2.8197E-02    2.3663E+00    2.0100E-04
1.1461E+01  2.2077E-01 2.0589E+02    2.7615E-06    6.8161E-08    9.3738E-02    1.2635E-02    2.4627E+00    2.0100E-04
1.0999E+01  2.3777E-01 2.0816E+02    3.8413E-06    5.9326E-08    9.8116E-02   -4.5149E-02    2.9032E+00    2.0100E-04
1.0540E+01  2.5575E-01 2.1013E+02    5.1013E-06    5.3999E-08    1.0507E-01   -1.5347E-01    3.3408E+00    2.0100E-04
1.0082E+01  2.7475E-01 2.1439E+02    9.1631E-06    5.0344E-08    1.2700E-01   -4.8561E-01    4.4806E+00    2.0100E-04
9.6235E+00  2.9479E-01 2.1879E+02    1.6377E-05    4.7338E-08    1.6123E-01   -8.5945E-01    5.6999E+00    2.0100E-04
9.1639E+00  3.1589E-01 2.2317E+02    2.8536E-05    4.4685E-08    2.0718E-01   -1.2440E+00    6.8353E+00    2.0100E-04
8.7037E+00  3.3807E-01 2.2752E+02    4.8452E-05    4.2115E-08    2.6432E-01   -1.6112E+00    8.1217E+00    2.0100E-04
8.2436E+00  3.6136E-01 2.3181E+02    8.0105E-05    3.9630E-08    3.2959E-01   -1.9239E+00    9.5606E+00    2.0100E-04
7.7839E+00  3.8576E-01 2.3601E+02    1.2884E-04    3.7227E-08    3.9768E-01   -2.1445E+00    1.1148E+01    2.0100E-04
7.3251E+00  4.1130E-01 2.4011E+02    2.0140E-04    3.4914E-08    4.6927E-01   -2.2905E+00    1.2873E+01    2.0100E-04
6.8677E+00  4.3797E-01 2.4407E+02    3.0576E-04    3.2694E-08    5.4672E-01   -2.3711E+00    1.4721E+01    2.0100E-04
6.4124E+00  4.6578E-01 2.4787E+02    4.5070E-04    3.0567E-08    6.1977E-01   -2.3834E+00    1.6669E+01    2.0100E-04
5.9598E+00  4.9473E-01 2.5148E+02    6.4522E-04    2.8536E-08    6.7508E-01   -2.3658E+00    1.8695E+01    2.0100E-04
5.5103E+00  5.2483E-01 2.5491E+02    8.9792E-04    2.6602E-08    7.1280E-01   -2.3419E+00    2.0776E+01    2.0100E-04
5.0647E+00  5.5605E-01 2.5815E+02    1.2165E-03    2.4727E-08    7.4142E-01   -2.3091E+00    2.2888E+01    2.0100E-04
4.6235E+00  5.8838E-01 2.6119E+02    1.6077E-03    2.2900E-08    7.6446E-01   -2.2471E+00    2.5015E+01    2.0100E-04
4.1872E+00  6.2182E-01 2.6405E+02    2.0768E-03    2.1184E-08    7.7943E-01   -2.1779E+00    2.7142E+01    2.0100E-04
3.7564E+00  6.5632E-01 2.6673E+02    2.6282E-03    1.9637E-08    7.8445E-01   -2.0973E+00    2.9257E+01    2.0100E-04
3.3315E+00  6.9186E-01 2.6925E+02    3.2651E-03    1.8179E-08    7.8155E-01   -1.9710E+00    3.1353E+01    2.0100E-04
2.9128E+00  7.2842E-01 2.7163E+02    3.9897E-03    1.6815E-08    7.7430E-01   -1.8107E+00    3.3424E+01    2.0100E-04
2.5009E+00  7.6593E-01 2.7395E+02    4.8504E-03    1.5646E-08    7.6808E-01   -1.6833E+00    3.5555E+01    2.0100E-04
2.0957E+00  8.0437E-01 2.7630E+02    5.7700E-03    1.4625E-08    7.5257E-01   -1.5827E+00    3.7806E+01    2.0100E-04
1.6976E+00  8.4366E-01 2.7855E+02    6.7060E-03    1.3695E-08    7.2970E-01   -1.5191E+00    4.0053E+01    2.0100E-04
1.3068E+00  8.8377E-01 2.8068E+02    7.8460E-03    1.2913E-08    7.1695E-01   -1.5491E+00    4.2285E+01    2.0100E-04
9.2377E-01  9.2461E-01 2.8272E+02    8.9321E-03    1.2274E-08    7.0173E-01   -1.6282E+00    4.4495E+01    2.0100E-04
5.4863E-01  9.6612E-01 2.8467E+02    1.0252E-02    1.1755E-08    7.0610E-01   -1.8664E+00    4.6696E+01    2.0100E-04
1.8169E-01  1.0082E+00 2.8651E+02    1.1581E-02    1.1321E-08    7.2228E-01   -2.1020E+00    4.8860E+01    2.0100E-04
0.0000E+00  1.0296E+00 2.8744E+02    1.2250E-02    1.1400E-08    7.8859E+00   -3.4327E+00    4.9977E+01    2.0100E-04
