     ALT          P          T          FH2O           O3           THEAT        TCOOL        PSATCO2        FCO2
7.3164E+01  3.2610E-05 2.1652E+02    3.1338E-06    4.0225E-08    3.5488E+01   -5.6519E+01    5.1667E+00    2.0100E-04
7.2057E+01  3.8506E-05 2.1785E+02    3.3551E-06    4.6924E-08    4.9415E+00   -3.7606E+01    5.4755E+00    2.0100E-04
7.0952E+01  4.5411E-05 2.1922E+02    3.5642E-06    5.6334E-08    1.9226E+00   -2.4288E+01    5.8055E+00    2.0100E-04
6.9849E+01  5.3487E-05 2.2066E+02    3.7426E-06    6.9737E-08    1.6324E+00   -1.5467E+01    6.1645E+00    2.0100E-04
6.8747E+01  6.2920E-05 2.2214E+02    3.9164E-06    8.8545E-08    1.6707E+00   -1.0039E+01    6.5530E+00    2.0100E-04
6.7647E+01  7.3923E-05 2.2366E+02    4.0660E-06    1.1348E-07    1.7700E+00   -6.9304E+00    6.9706E+00    2.0100E-04
6.6549E+01  8.6741E-05 2.2520E+02    4.1979E-06    1.4592E-07    1.9111E+00   -5.2681E+00    7.4160E+00    2.0100E-04
6.5452E+01  1.0165E-04 2.2677E+02    4.3213E-06    1.8194E-07    2.0757E+00   -4.4477E+00    7.8881E+00    2.0100E-04
6.4356E+01  1.1898E-04 2.2834E+02    4.4307E-06    2.2132E-07    2.2683E+00   -4.0902E+00    8.3856E+00    2.0100E-04
6.3262E+01  1.3908E-04 2.2992E+02    4.5203E-06    2.6181E-07    2.4691E+00   -3.9752E+00    8.9069E+00    2.0100E-04
6.2170E+01  1.6238E-04 2.3150E+02    4.6117E-06    3.0403E-07    2.6804E+00   -3.9869E+00    9.4510E+00    2.0100E-04
6.1079E+01  1.8933E-04 2.3306E+02    4.6871E-06    3.5040E-07    2.9128E+00   -4.0581E+00    1.0017E+01    2.0100E-04
5.9991E+01  2.2049E-04 2.3462E+02    4.7599E-06    4.0255E-07    3.1726E+00   -4.1649E+00    1.0603E+01    2.0100E-04
5.8905E+01  2.5645E-04 2.3617E+02    4.8176E-06    4.5978E-07    3.4552E+00   -4.2890E+00    1.1210E+01    2.0100E-04
5.7821E+01  2.9789E-04 2.3770E+02    4.8726E-06    5.2472E-07    3.7673E+00   -4.4301E+00    1.1838E+01    2.0100E-04
5.6740E+01  3.4560E-04 2.3922E+02    4.9250E-06    5.9554E-07    4.0971E+00   -4.5838E+00    1.2486E+01    2.0100E-04
5.5661E+01  4.0045E-04 2.4074E+02    4.9681E-06    6.7457E-07    4.4467E+00   -4.7442E+00    1.3155E+01    2.0100E-04
5.4586E+01  4.6341E-04 2.4224E+02    5.0111E-06    7.6111E-07    4.8054E+00   -4.9105E+00    1.3846E+01    2.0100E-04
5.3513E+01  5.3560E-04 2.4374E+02    5.0470E-06    8.5603E-07    5.1659E+00   -5.0760E+00    1.4560E+01    2.0100E-04
5.2443E+01  6.1826E-04 2.4523E+02    5.0784E-06    9.6069E-07    5.5222E+00   -5.2368E+00    1.5297E+01    2.0100E-04
5.1377E+01  7.1276E-04 2.4671E+02    5.1097E-06    1.0783E-06    5.8711E+00   -5.3895E+00    1.6057E+01    2.0100E-04
5.0315E+01  8.2069E-04 2.4818E+02    5.1310E-06    1.2067E-06    6.1899E+00   -5.5262E+00    1.6841E+01    2.0100E-04
4.9256E+01  9.4376E-04 2.4966E+02    5.1522E-06    1.3548E-06    6.4892E+00   -5.6496E+00    1.7650E+01    2.0100E-04
4.8200E+01  1.0839E-03 2.5112E+02    5.1633E-06    1.5156E-06    6.7393E+00   -5.7813E+00    1.8485E+01    2.0100E-04
4.7149E+01  1.2433E-03 2.5258E+02    5.1700E-06    1.7022E-06    6.9540E+00   -5.9281E+00    1.9345E+01    2.0100E-04
4.6101E+01  1.4244E-03 2.5404E+02    5.1700E-06    1.9117E-06    7.0984E+00   -6.1268E+00    2.0232E+01    2.0100E-04
4.5057E+01  1.6297E-03 2.5558E+02    5.1700E-06    2.1425E-06    7.1515E+00   -6.3852E+00    2.1197E+01    2.0100E-04
4.4018E+01  1.8624E-03 2.5691E+02    5.1531E-06    2.3988E-06    7.1131E+00   -6.5939E+00    2.2063E+01    2.0100E-04
4.2984E+01  2.1255E-03 2.5770E+02    5.1324E-06    2.6925E-06    6.9954E+00   -6.6626E+00    2.2589E+01    2.0100E-04
4.1959E+01  2.4228E-03 2.5780E+02    5.0939E-06    3.0180E-06    6.7812E+00   -6.5631E+00    2.2652E+01    2.0100E-04
4.0945E+01  2.7581E-03 2.5718E+02    5.0534E-06    3.3688E-06    6.4685E+00   -6.3155E+00    2.2240E+01    2.0100E-04
3.9945E+01  3.1360E-03 2.5592E+02    4.9951E-06    3.7021E-06    6.0445E+00   -5.9483E+00    2.1415E+01    2.0100E-04
3.8961E+01  3.5611E-03 2.5412E+02    4.9282E-06    4.0087E-06    5.5655E+00   -5.5074E+00    2.0281E+01    2.0100E-04
3.7995E+01  4.0387E-03 2.5192E+02    4.8510E-06    4.2666E-06    5.0724E+00   -5.0340E+00    1.8950E+01    2.0100E-04
3.7048E+01  4.5746E-03 2.4942E+02    4.7691E-06    4.4653E-06    4.6012E+00   -4.5645E+00    1.7520E+01    2.0100E-04
3.6120E+01  5.1751E-03 2.4673E+02    4.6765E-06    4.6227E-06    4.1818E+00   -4.1256E+00    1.6067E+01    2.0100E-04
3.5212E+01  5.8471E-03 2.4391E+02    4.5859E-06    4.7340E-06    3.8092E+00   -3.7355E+00    1.4645E+01    2.0100E-04
3.4324E+01  6.5980E-03 2.4104E+02    4.4874E-06    4.8221E-06    3.4842E+00   -3.3934E+00    1.3292E+01    2.0100E-04
3.3456E+01  7.4359E-03 2.3817E+02    4.3930E-06    4.8835E-06    3.1925E+00   -3.0893E+00    1.2035E+01    2.0100E-04
3.2607E+01  8.3697E-03 2.3537E+02    4.2915E-06    4.9195E-06    2.9248E+00   -2.8112E+00    1.0893E+01    2.0100E-04
3.1778E+01  9.4088E-03 2.3267E+02    4.1924E-06    4.9400E-06    2.6777E+00   -2.5541E+00    9.8730E+00    2.0100E-04
3.0967E+01  1.0564E-02 2.3014E+02    4.0954E-06    4.9251E-06    2.4412E+00   -2.3395E+00    8.9817E+00    2.0100E-04
3.0173E+01  1.1845E-02 2.2781E+02    4.0006E-06    4.8771E-06    2.2161E+00   -2.0898E+00    8.2141E+00    2.0100E-04
2.9396E+01  1.3266E-02 2.2568E+02    3.9078E-06    4.7978E-06    2.0048E+00   -1.8563E+00    7.5584E+00    2.0100E-04
2.8634E+01  1.4838E-02 2.2376E+02    3.8169E-06    4.6853E-06    1.8088E+00   -1.6407E+00    6.9996E+00    2.0100E-04
2.7888E+01  1.6575E-02 2.2202E+02    3.7279E-06    4.5431E-06    1.6306E+00   -1.4448E+00    6.5223E+00    2.0100E-04
2.7155E+01  1.8493E-02 2.2045E+02    3.6404E-06    4.3674E-06    1.4701E+00   -1.2703E+00    6.1122E+00    2.0100E-04
2.6436E+01  2.0606E-02 2.1902E+02    3.5547E-06    4.1665E-06    1.3284E+00   -1.1180E+00    5.7567E+00    2.0100E-04
2.5730E+01  2.2932E-02 2.1772E+02    3.4706E-06    3.9446E-06    1.2044E+00   -9.8760E-01    5.4453E+00    2.0100E-04
2.5037E+01  2.5489E-02 2.1651E+02    3.3878E-06    3.7182E-06    1.0977E+00   -8.7659E-01    5.1646E+00    2.0100E-04
2.4356E+01  2.8295E-02 2.1540E+02    3.3067E-06    3.4797E-06    1.0032E+00   -7.8184E-01    4.7948E+00    2.0100E-04
2.3686E+01  3.1370E-02 2.1436E+02    3.2368E-06    3.2374E-06    9.1828E-01   -6.9972E-01    4.4711E+00    2.0100E-04
2.3028E+01  3.4735E-02 2.1339E+02    3.1582E-06    2.9883E-06    8.3921E-01   -6.2603E-01    4.1863E+00    2.0100E-04
2.2380E+01  3.8413E-02 2.1249E+02    3.0811E-06    2.7444E-06    7.6565E-01   -5.5829E-01    3.9352E+00    2.0100E-04
2.1744E+01  4.2427E-02 2.1165E+02    3.0060E-06    2.5145E-06    6.9710E-01   -4.9462E-01    3.7139E+00    2.0100E-04
2.1118E+01  4.6801E-02 2.1088E+02    2.9405E-06    2.2769E-06    6.2969E-01   -4.3639E-01    3.5195E+00    2.0100E-04
2.0503E+01  5.1561E-02 2.1017E+02    2.8670E-06    2.0496E-06    5.6560E-01   -3.8086E-01    3.3497E+00    2.0100E-04
1.9898E+01  5.6734E-02 2.0953E+02    2.8024E-06    1.8332E-06    5.0527E-01   -3.2778E-01    3.2025E+00    2.0100E-04
1.9302E+01  6.2347E-02 2.0896E+02    2.7432E-06    1.6209E-06    4.4792E-01   -2.7750E-01    3.0758E+00    2.0100E-04
1.8716E+01  6.8429E-02 2.0846E+02    2.6848E-06    1.4116E-06    3.9387E-01   -2.3044E-01    2.9674E+00    2.0100E-04
1.8139E+01  7.5010E-02 2.0802E+02    2.6274E-06    1.2180E-06    3.4516E-01   -1.8549E-01    2.8747E+00    2.0100E-04
1.7572E+01  8.2120E-02 2.0763E+02    2.5747E-06    1.0384E-06    3.0178E-01   -1.4452E-01    2.7950E+00    2.0100E-04
1.7013E+01  8.9791E-02 2.0728E+02    2.5303E-06    8.7124E-07    2.6334E-01   -1.1045E-01    2.7260E+00    2.0100E-04
1.6464E+01  9.8054E-02 2.0697E+02    2.4924E-06    7.1949E-07    2.2987E-01   -8.4408E-02    2.6655E+00    2.0100E-04
1.5923E+01  1.0694E-01 2.0669E+02    2.4534E-06    5.8333E-07    1.9998E-01   -3.6747E-02    2.6115E+00    2.0100E-04
1.5391E+01  1.1649E-01 2.0644E+02    2.4255E-06    4.6601E-07    1.7466E-01   -2.4366E-02    2.5640E+00    2.0100E-04
1.4867E+01  1.2673E-01 2.0623E+02    2.3969E-06    3.6730E-07    1.5368E-01   -1.8459E-02    2.5254E+00    2.0100E-04
1.4352E+01  1.3770E-01 2.0609E+02    2.3820E-06    2.8527E-07    1.3643E-01   -1.8715E-02    2.5002E+00    2.0100E-04
1.3844E+01  1.4943E-01 2.0605E+02    2.3639E-06    2.1726E-07    1.2220E-01   -2.3190E-02    2.4930E+00    2.0100E-04
1.3345E+01  1.6195E-01 2.0614E+02    2.3520E-06    1.6230E-07    1.1076E-01   -2.9543E-02    2.5086E+00    2.0100E-04
1.2853E+01  1.7530E-01 2.0635E+02    2.3422E-06    1.2403E-07    1.0245E-01   -3.1322E-02    2.5484E+00    2.0100E-04
1.2368E+01  1.8951E-01 2.0671E+02    2.3922E-06    9.9547E-08    9.7311E-02   -3.1045E-02    2.6154E+00    2.0100E-04
1.1891E+01  2.0462E-01 2.0717E+02    2.9860E-06    8.1425E-08    9.6523E-02   -4.2301E-02    2.7032E+00    2.0100E-04
1.1420E+01  2.2065E-01 2.0772E+02    3.4140E-06    6.7958E-08    9.6667E-02   -1.7991E-02    2.8142E+00    2.0100E-04
1.0956E+01  2.3764E-01 2.0832E+02    3.9411E-06    5.9403E-08    9.6525E-02    4.9282E-03    2.9365E+00    2.0100E-04
1.0497E+01  2.5561E-01 2.1016E+02    5.1259E-06    5.4269E-08    1.0179E-01   -7.5155E-02    3.3478E+00    2.0100E-04
1.0040E+01  2.7460E-01 2.1333E+02    7.9522E-06    5.0717E-08    1.1644E-01   -3.0481E-01    4.1690E+00    2.0100E-04
9.5840E+00  2.9462E-01 2.1771E+02    1.4262E-05    4.7742E-08    1.4638E-01   -6.7839E-01    5.4437E+00    2.0100E-04
9.1268E+00  3.1571E-01 2.2208E+02    2.4942E-05    4.5046E-08    1.8901E-01   -1.0731E+00    6.5373E+00    2.0100E-04
8.6692E+00  3.3788E-01 2.2641E+02    4.2515E-05    4.2499E-08    2.4359E-01   -1.4602E+00    7.7792E+00    2.0100E-04
8.2116E+00  3.6115E-01 2.3070E+02    7.0595E-05    4.0036E-08    3.0742E-01   -1.7995E+00    9.1721E+00    2.0100E-04
7.7543E+00  3.8554E-01 2.3491E+02    1.1410E-04    3.7658E-08    3.7510E-01   -2.0495E+00    1.0714E+01    2.0100E-04
7.2978E+00  4.1106E-01 2.3902E+02    1.7935E-04    3.5274E-08    4.4562E-01   -2.2153E+00    1.2396E+01    2.0100E-04
6.8428E+00  4.3771E-01 2.4300E+02    2.7395E-04    3.3061E-08    5.2214E-01   -2.3176E+00    1.4204E+01    2.0100E-04
6.3897E+00  4.6551E-01 2.4683E+02    4.0645E-04    3.0951E-08    5.9751E-01   -2.3455E+00    1.6119E+01    2.0100E-04
5.9392E+00  4.9444E-01 2.5049E+02    5.8580E-04    2.8872E-08    6.5750E-01   -2.3380E+00    1.8119E+01    2.0100E-04
5.4917E+00  5.2452E-01 2.5396E+02    8.2072E-04    2.6861E-08    6.9884E-01   -2.3142E+00    2.0180E+01    2.0100E-04
5.0480E+00  5.5572E-01 2.5724E+02    1.1192E-03    2.4989E-08    7.2936E-01   -2.2897E+00    2.2279E+01    2.0100E-04
4.6086E+00  5.8803E-01 2.6033E+02    1.4882E-03    2.3231E-08    7.5417E-01   -2.2363E+00    2.4398E+01    2.0100E-04
4.1740E+00  6.2144E-01 2.6323E+02    1.9336E-03    2.1512E-08    7.7169E-01   -2.1701E+00    2.6520E+01    2.0100E-04
3.7447E+00  6.5592E-01 2.6596E+02    2.4597E-03    1.9891E-08    7.7940E-01   -2.0976E+00    2.8635E+01    2.0100E-04
3.3212E+00  6.9144E-01 2.6852E+02    3.0702E-03    1.8441E-08    7.7853E-01   -1.9888E+00    3.0733E+01    2.0100E-04
2.9039E+00  7.2797E-01 2.7093E+02    3.7676E-03    1.7084E-08    7.7243E-01   -1.8284E+00    3.2807E+01    2.0100E-04
2.4933E+00  7.6546E-01 2.7322E+02    4.5684E-03    1.5871E-08    7.6468E-01   -1.6866E+00    3.4873E+01    2.0100E-04
2.0895E+00  8.0387E-01 2.7560E+02    5.5011E-03    1.4807E-08    7.5552E-01   -1.5972E+00    3.7123E+01    2.0100E-04
1.6926E+00  8.4314E-01 2.7786E+02    6.3874E-03    1.3884E-08    7.3164E-01   -1.5139E+00    3.9356E+01    2.0100E-04
1.3031E+00  8.8321E-01 2.8003E+02    7.5026E-03    1.3104E-08    7.2005E-01   -1.5350E+00    4.1589E+01    2.0100E-04
9.2114E-01  9.2403E-01 2.8208E+02    8.6005E-03    1.2469E-08    7.0636E-01   -1.6080E+00    4.3794E+01    2.0100E-04
5.4709E-01  9.6551E-01 2.8405E+02    9.8194E-03    1.1953E-08    7.0589E-01   -1.8218E+00    4.5992E+01    2.0100E-04
1.8119E-01  1.0076E+00 2.8592E+02    1.1163E-02    1.1520E-08    7.2388E-01   -2.0655E+00    4.8155E+01    2.0100E-04
0.0000E+00  1.0290E+00 2.8686E+02    1.1838E-02    1.1600E-08    7.9110E+00   -3.4807E+00    4.9268E+01    2.0100E-04
