     ALT          P          T          FH2O           O3           THEAT        TCOOL        PSATCO2        FCO2
7.3321E+01  3.2610E-05 2.1609E+02    3.6870E-06    3.7635E-08    3.5432E+01   -5.6102E+01    5.0195E+00    2.0000E-04
7.2217E+01  3.8506E-05 2.1741E+02    3.9411E-06    4.4064E-08    4.9663E+00   -3.7535E+01    5.3740E+00    2.0000E-04
7.1114E+01  4.5410E-05 2.1879E+02    4.1805E-06    5.3117E-08    1.9216E+00   -2.4485E+01    5.6992E+00    2.0000E-04
7.0014E+01  5.3486E-05 2.2022E+02    4.3956E-06    6.6024E-08    1.6234E+00   -1.5765E+01    6.0534E+00    2.0000E-04
6.8915E+01  6.2917E-05 2.2170E+02    4.5865E-06    8.4074E-08    1.6572E+00   -1.0389E+01    6.4369E+00    2.0000E-04
6.7818E+01  7.3919E-05 2.2322E+02    4.7622E-06    1.0783E-07    1.7506E+00   -7.2897E+00    6.8493E+00    2.0000E-04
6.6722E+01  8.6736E-05 2.2477E+02    4.9157E-06    1.3847E-07    1.8829E+00   -5.6164E+00    7.2896E+00    2.0000E-04
6.5627E+01  1.0165E-04 2.2634E+02    5.0571E-06    1.7343E-07    2.0408E+00   -4.7759E+00    7.7565E+00    2.0000E-04
6.4534E+01  1.1897E-04 2.2792E+02    5.1783E-06    2.0987E-07    2.2187E+00   -4.3921E+00    8.2487E+00    2.0000E-04
6.3442E+01  1.3907E-04 2.2950E+02    5.2928E-06    2.4867E-07    2.4103E+00   -4.2536E+00    8.7649E+00    2.0000E-04
6.2353E+01  1.6236E-04 2.3108E+02    5.3918E-06    2.8981E-07    2.6154E+00   -4.2352E+00    9.3039E+00    2.0000E-04
6.1265E+01  1.8932E-04 2.3265E+02    5.4805E-06    3.3429E-07    2.8384E+00   -4.2769E+00    9.8646E+00    2.0000E-04
6.0179E+01  2.2047E-04 2.3421E+02    5.5574E-06    3.8453E-07    3.0890E+00   -4.3497E+00    1.0446E+01    2.0000E-04
5.9095E+01  2.5642E-04 2.3576E+02    5.6306E-06    4.4037E-07    3.3650E+00   -4.4439E+00    1.1049E+01    2.0000E-04
5.8014E+01  2.9786E-04 2.3730E+02    5.6955E-06    5.0280E-07    3.6667E+00   -4.5520E+00    1.1672E+01    2.0000E-04
5.6935E+01  3.4556E-04 2.3883E+02    5.7535E-06    5.7209E-07    3.9908E+00   -4.6710E+00    1.2315E+01    2.0000E-04
5.5859E+01  4.0039E-04 2.4035E+02    5.8066E-06    6.4852E-07    4.3320E+00   -4.7988E+00    1.2980E+01    2.0000E-04
5.4785E+01  4.6334E-04 2.4186E+02    5.8595E-06    7.3303E-07    4.6859E+00   -4.9336E+00    1.3667E+01    2.0000E-04
5.3715E+01  5.3552E-04 2.4336E+02    5.9012E-06    8.2529E-07    5.0416E+00   -5.0681E+00    1.4376E+01    2.0000E-04
5.2648E+01  6.1815E-04 2.4485E+02    5.9351E-06    9.2763E-07    5.3969E+00   -5.1997E+00    1.5108E+01    2.0000E-04
5.1584E+01  7.1264E-04 2.4634E+02    5.9676E-06    1.0425E-06    5.7466E+00   -5.3260E+00    1.5864E+01    2.0000E-04
5.0523E+01  8.2054E-04 2.4782E+02    5.9950E-06    1.1698E-06    6.0743E+00   -5.4414E+00    1.6643E+01    2.0000E-04
4.9466E+01  9.4358E-04 2.4929E+02    6.0162E-06    1.3128E-06    6.3709E+00   -5.5443E+00    1.7447E+01    2.0000E-04
4.8413E+01  1.0837E-03 2.5076E+02    6.0372E-06    1.4676E-06    6.6200E+00   -5.6621E+00    1.8276E+01    2.0000E-04
4.7363E+01  1.2431E-03 2.5222E+02    6.0500E-06    1.6539E-06    6.8556E+00   -5.7949E+00    1.9130E+01    2.0000E-04
4.6317E+01  1.4241E-03 2.5368E+02    6.0600E-06    1.8606E-06    7.0139E+00   -5.9731E+00    2.0011E+01    2.0000E-04
4.5276E+01  1.6294E-03 2.5520E+02    6.0600E-06    2.0800E-06    7.0648E+00   -6.2168E+00    2.0955E+01    2.0000E-04
4.4238E+01  1.8619E-03 2.5659E+02    6.0492E-06    2.3396E-06    7.0576E+00   -6.4538E+00    2.1853E+01    2.0000E-04
4.3206E+01  2.1250E-03 2.5752E+02    6.0286E-06    2.6205E-06    6.9418E+00   -6.5666E+00    2.2466E+01    2.0000E-04
4.2182E+01  2.4222E-03 2.5777E+02    6.0062E-06    2.9414E-06    6.7433E+00   -6.5144E+00    2.2634E+01    2.0000E-04
4.1169E+01  2.7575E-03 2.5730E+02    5.9657E-06    3.2760E-06    6.4324E+00   -6.3003E+00    2.2322E+01    2.0000E-04
4.0168E+01  3.1352E-03 2.5618E+02    5.9135E-06    3.6140E-06    6.0320E+00   -5.9618E+00    2.1583E+01    2.0000E-04
3.9184E+01  3.5601E-03 2.5450E+02    5.8544E-06    3.9156E-06    5.5578E+00   -5.5388E+00    2.0518E+01    2.0000E-04
3.8216E+01  4.0376E-03 2.5241E+02    5.7852E-06    4.1643E-06    5.0619E+00   -5.0763E+00    1.9240E+01    2.0000E-04
3.7267E+01  4.5734E-03 2.5001E+02    5.7091E-06    4.3715E-06    4.5974E+00   -4.6182E+00    1.7851E+01    2.0000E-04
3.6337E+01  5.1737E-03 2.4742E+02    5.6249E-06    4.5201E-06    4.1717E+00   -4.1847E+00    1.6431E+01    2.0000E-04
3.5427E+01  5.8454E-03 2.4471E+02    5.5351E-06    4.6248E-06    3.7944E+00   -3.7998E+00    1.5038E+01    2.0000E-04
3.4536E+01  6.5960E-03 2.4196E+02    5.4412E-06    4.6991E-06    3.4637E+00   -3.4641E+00    1.3713E+01    2.0000E-04
3.3665E+01  7.4336E-03 2.3922E+02    5.3467E-06    4.7544E-06    3.1717E+00   -3.1685E+00    1.2484E+01    2.0000E-04
3.2813E+01  8.3671E-03 2.3656E+02    5.2538E-06    4.7885E-06    2.9058E+00   -2.9010E+00    1.1368E+01    2.0000E-04
3.1979E+01  9.4059E-03 2.3402E+02    5.1545E-06    4.7900E-06    2.6551E+00   -2.6537E+00    1.0375E+01    2.0000E-04
3.1164E+01  1.0560E-02 2.3166E+02    5.0567E-06    4.7656E-06    2.4188E+00   -2.4495E+00    9.5104E+00    2.0000E-04
3.0365E+01  1.1841E-02 2.2951E+02    4.9609E-06    4.7173E-06    2.1967E+00   -2.2107E+00    8.7689E+00    2.0000E-04
2.9582E+01  1.3261E-02 2.2757E+02    4.8669E-06    4.6331E-06    1.9865E+00   -1.9877E+00    8.1382E+00    2.0000E-04
2.8814E+01  1.4833E-02 2.2583E+02    4.7749E-06    4.5165E-06    1.7912E+00   -1.7820E+00    7.6029E+00    2.0000E-04
2.8061E+01  1.6570E-02 2.2428E+02    4.6845E-06    4.3774E-06    1.6149E+00   -1.5952E+00    7.1470E+00    2.0000E-04
2.7321E+01  1.8486E-02 2.2288E+02    4.5959E-06    4.2116E-06    1.4572E+00   -1.4282E+00    6.7556E+00    2.0000E-04
2.6594E+01  2.0599E-02 2.2162E+02    4.5087E-06    4.0299E-06    1.3193E+00   -1.2813E+00    6.4153E+00    2.0000E-04
2.5880E+01  2.2924E-02 2.2046E+02    4.4231E-06    3.8224E-06    1.1975E+00   -1.1540E+00    6.1152E+00    2.0000E-04
2.5178E+01  2.5479E-02 2.1939E+02    4.3289E-06    3.6101E-06    1.0926E+00   -1.0435E+00    5.8464E+00    2.0000E-04
2.4487E+01  2.8284E-02 2.1838E+02    4.2462E-06    3.3891E-06    1.0002E+00   -9.4761E-01    5.6025E+00    2.0000E-04
2.3808E+01  3.1358E-02 2.1743E+02    4.1649E-06    3.1636E-06    9.1719E-01   -8.6194E-01    5.3788E+00    2.0000E-04
2.3141E+01  3.4721E-02 2.1653E+02    4.0848E-06    2.9337E-06    8.4032E-01   -7.8338E-01    5.1682E+00    2.0000E-04
2.2485E+01  3.8398E-02 2.1566E+02    4.0062E-06    2.7032E-06    7.6787E-01   -7.0993E-01    4.8800E+00    2.0000E-04
2.1839E+01  4.2410E-02 2.1484E+02    3.9289E-06    2.4760E-06    6.9890E-01   -6.4053E-01    4.6193E+00    2.0000E-04
2.1204E+01  4.6782E-02 2.1407E+02    3.8528E-06    2.2491E-06    6.3224E-01   -5.7511E-01    4.3846E+00    2.0000E-04
2.0580E+01  5.1540E-02 2.1335E+02    3.7780E-06    2.0324E-06    5.6908E-01   -5.1251E-01    4.1750E+00    2.0000E-04
1.9966E+01  5.6710E-02 2.1268E+02    3.7044E-06    1.8176E-06    5.0851E-01   -4.5282E-01    3.9892E+00    2.0000E-04
1.9362E+01  6.2321E-02 2.1208E+02    3.6401E-06    1.6130E-06    4.5179E-01   -3.9521E-01    3.8258E+00    2.0000E-04
1.8767E+01  6.8400E-02 2.1153E+02    3.5710E-06    1.4027E-06    3.9731E-01   -3.4152E-01    3.6826E+00    2.0000E-04
1.8182E+01  7.4978E-02 2.1103E+02    3.5124E-06    1.2144E-06    3.4910E-01   -2.8930E-01    3.5571E+00    2.0000E-04
1.7607E+01  8.2084E-02 2.1057E+02    3.4580E-06    1.0333E-06    3.0544E-01   -2.4206E-01    3.4462E+00    2.0000E-04
1.7041E+01  8.9751E-02 2.1016E+02    3.4084E-06    8.6857E-07    2.6720E-01   -2.0065E-01    3.3469E+00    2.0000E-04
1.6484E+01  9.8010E-02 2.0977E+02    3.3637E-06    7.1656E-07    2.3363E-01   -1.6785E-01    3.2568E+00    2.0000E-04
1.5937E+01  1.0690E-01 2.0940E+02    3.3245E-06    5.8072E-07    2.0366E-01   -1.1695E-01    3.1735E+00    2.0000E-04
1.5398E+01  1.1644E-01 2.0906E+02    3.2887E-06    4.6308E-07    1.7813E-01   -9.7094E-02    3.0971E+00    2.0000E-04
1.4868E+01  1.2667E-01 2.0875E+02    3.2646E-06    3.6400E-07    1.5702E-01   -8.5008E-02    3.0303E+00    2.0000E-04
1.4346E+01  1.3764E-01 2.0851E+02    3.2438E-06    2.8290E-07    1.3975E-01   -7.8655E-02    2.9776E+00    2.0000E-04
1.3834E+01  1.4936E-01 2.0836E+02    3.2233E-06    2.1463E-07    1.2537E-01   -7.7968E-02    2.9449E+00    2.0000E-04
1.3329E+01  1.6187E-01 2.0832E+02    3.2116E-06    1.5941E-07    1.1382E-01   -8.0123E-02    2.9373E+00    2.0000E-04
1.2832E+01  1.7522E-01 2.0842E+02    3.2017E-06    1.2224E-07    1.0556E-01   -7.8512E-02    2.9580E+00    2.0000E-04
1.2343E+01  1.8942E-01 2.0866E+02    3.2000E-06    9.7922E-08    9.9886E-02   -7.3454E-02    3.0103E+00    2.0000E-04
1.1862E+01  2.0452E-01 2.0902E+02    3.3532E-06    7.9925E-08    9.6637E-02   -7.0070E-02    3.0884E+00    2.0000E-04
1.1387E+01  2.2054E-01 2.0951E+02    4.1873E-06    6.6753E-08    9.7595E-02   -7.9716E-02    3.1970E+00    2.0000E-04
1.0919E+01  2.3752E-01 2.1004E+02    5.0248E-06    5.8660E-08    9.8455E-02   -4.4963E-02    3.3192E+00    2.0000E-04
1.0458E+01  2.5548E-01 2.1069E+02    5.5157E-06    5.3783E-08    1.0056E-01   -9.4214E-04    3.4734E+00    2.0000E-04
1.0002E+01  2.7446E-01 2.1241E+02    7.0269E-06    5.0366E-08    1.0770E-01   -1.3249E-01    3.9147E+00    2.0000E-04
9.5480E+00  2.9447E-01 2.1676E+02    1.2607E-05    4.7532E-08    1.3329E-01   -5.0119E-01    5.2246E+00    2.0000E-04
9.0931E+00  3.1555E-01 2.2111E+02    2.2103E-05    4.4925E-08    1.7228E-01   -8.9692E-01    6.2806E+00    2.0000E-04
8.6378E+00  3.3771E-01 2.2543E+02    3.7793E-05    4.2399E-08    2.2402E-01   -1.3011E+00    7.4828E+00    2.0000E-04
8.1823E+00  3.6097E-01 2.2971E+02    6.2985E-05    3.9956E-08    2.8621E-01   -1.6674E+00    8.8346E+00    2.0000E-04
7.7272E+00  3.8534E-01 2.3392E+02    1.0223E-04    3.7599E-08    3.5356E-01   -1.9489E+00    1.0335E+01    2.0000E-04
7.2730E+00  4.1084E-01 2.3803E+02    1.6145E-04    3.5325E-08    4.2359E-01   -2.1380E+00    1.1978E+01    2.0000E-04
6.8200E+00  4.3748E-01 2.4203E+02    2.4789E-04    3.3138E-08    4.9928E-01   -2.2612E+00    1.3749E+01    2.0000E-04
6.3689E+00  4.6526E-01 2.4589E+02    3.6984E-04    3.1043E-08    5.7615E-01   -2.3067E+00    1.5633E+01    2.0000E-04
5.9203E+00  4.9418E-01 2.4958E+02    5.3616E-04    2.8973E-08    6.4019E-01   -2.3083E+00    1.7606E+01    2.0000E-04
5.4747E+00  5.2423E-01 2.5309E+02    7.5565E-04    2.7032E-08    6.8526E-01   -2.2881E+00    1.9647E+01    2.0000E-04
5.0327E+00  5.5542E-01 2.5641E+02    1.0365E-03    2.5173E-08    7.1782E-01   -2.2692E+00    2.1732E+01    2.0000E-04
4.5949E+00  5.8771E-01 2.5954E+02    1.3859E-03    2.3367E-08    7.4418E-01   -2.2245E+00    2.3842E+01    2.0000E-04
4.1619E+00  6.2110E-01 2.6248E+02    1.8100E-03    2.1658E-08    7.6386E-01   -2.1614E+00    2.5959E+01    2.0000E-04
3.7340E+00  6.5556E-01 2.6525E+02    2.3136E-03    2.0048E-08    7.7406E-01   -2.0945E+00    2.8072E+01    2.0000E-04
3.3119E+00  6.9106E-01 2.6785E+02    2.9003E-03    1.8606E-08    7.7521E-01   -1.9983E+00    3.0170E+01    2.0000E-04
2.8959E+00  7.2756E-01 2.7029E+02    3.5729E-03    1.7255E-08    7.7036E-01   -1.8465E+00    3.2246E+01    2.0000E-04
2.4865E+00  7.6503E-01 2.7259E+02    4.3332E-03    1.6049E-08    7.6244E-01   -1.6994E+00    3.4295E+01    2.0000E-04
2.0838E+00  8.0342E-01 2.7498E+02    5.2607E-03    1.4992E-08    7.5783E-01   -1.6121E+00    3.6522E+01    2.0000E-04
1.6881E+00  8.4266E-01 2.7726E+02    6.1560E-03    1.4073E-08    7.3720E-01   -1.5244E+00    3.8750E+01    2.0000E-04
1.2997E+00  8.8271E-01 2.7945E+02    7.1990E-03    1.3297E-08    7.2219E-01   -1.5223E+00    4.0982E+01    2.0000E-04
9.1876E-01  9.2350E-01 2.8152E+02    8.3077E-03    1.2665E-08    7.0999E-01   -1.5902E+00    4.3184E+01    2.0000E-04
5.4569E-01  9.6496E-01 2.8350E+02    9.4336E-03    1.2151E-08    7.0505E-01   -1.7808E+00    4.5372E+01    2.0000E-04
1.8073E-01  1.0070E+00 2.8539E+02    1.0791E-02    1.1719E-08    7.2504E-01   -2.0322E+00    4.7534E+01    2.0000E-04
0.0000E+00  1.0284E+00 2.8633E+02    1.1471E-02    1.1800E-08    7.9325E+00   -3.5226E+00    4.8645E+01    2.0000E-04
