     ALT          P          T          FH2O           O3           THEAT        TCOOL        PSATCO2        FCO2
7.3298E+01  3.2610E-05 2.1548E+02    4.2560E-06    3.5656E-08    3.5381E+01   -5.5472E+01    4.8213E+00    1.9900E-04
7.2197E+01  3.8505E-05 2.1681E+02    4.5433E-06    4.1858E-08    4.9950E+00   -3.7397E+01    5.2355E+00    1.9900E-04
7.1098E+01  4.5410E-05 2.1818E+02    4.8129E-06    5.0627E-08    1.9248E+00   -2.4573E+01    5.5542E+00    1.9900E-04
7.0001E+01  5.3485E-05 2.1961E+02    5.0542E-06    6.3131E-08    1.6189E+00   -1.6029E+01    5.9016E+00    1.9900E-04
6.8905E+01  6.2916E-05 2.2110E+02    5.2716E-06    8.0536E-08    1.6492E+00   -1.0707E+01    6.2780E+00    1.9900E-04
6.7811E+01  7.3917E-05 2.2262E+02    5.4687E-06    1.0353E-07    1.7388E+00   -7.6188E+00    6.6829E+00    1.9900E-04
6.6718E+01  8.6733E-05 2.2417E+02    5.6442E-06    1.3286E-07    1.8647E+00   -5.9367E+00    7.1154E+00    1.9900E-04
6.5627E+01  1.0164E-04 2.2574E+02    5.7970E-06    1.6676E-07    2.0167E+00   -5.0688E+00    7.5743E+00    1.9900E-04
6.4537E+01  1.1896E-04 2.2732E+02    5.9453E-06    2.0161E-07    2.1863E+00   -4.6642E+00    8.0585E+00    1.9900E-04
6.3449E+01  1.3906E-04 2.2890E+02    6.0699E-06    2.3863E-07    2.3685E+00   -4.4967E+00    8.5665E+00    1.9900E-04
6.2363E+01  1.6235E-04 2.3048E+02    6.1786E-06    2.7857E-07    2.5669E+00   -4.4476E+00    9.0972E+00    1.9900E-04
6.1278E+01  1.8930E-04 2.3205E+02    6.2871E-06    3.2175E-07    2.7835E+00   -4.4623E+00    9.6497E+00    1.9900E-04
6.0195E+01  2.2045E-04 2.3362E+02    6.3743E-06    3.7053E-07    3.0269E+00   -4.5039E+00    1.0223E+01    1.9900E-04
5.9114E+01  2.5640E-04 2.3517E+02    6.4581E-06    4.2512E-07    3.2968E+00   -4.5663E+00    1.0817E+01    1.9900E-04
5.8036E+01  2.9783E-04 2.3672E+02    6.5328E-06    4.8557E-07    3.5903E+00   -4.6420E+00    1.1432E+01    1.9900E-04
5.6960E+01  3.4553E-04 2.3825E+02    6.5973E-06    5.5385E-07    3.9108E+00   -4.7285E+00    1.2067E+01    1.9900E-04
5.5887E+01  4.0036E-04 2.3977E+02    6.6617E-06    6.2890E-07    4.2478E+00   -4.8264E+00    1.2724E+01    1.9900E-04
5.4816E+01  4.6330E-04 2.4128E+02    6.7160E-06    7.1066E-07    4.5933E+00   -4.9299E+00    1.3402E+01    1.9900E-04
5.3749E+01  5.3547E-04 2.4278E+02    6.7600E-06    8.0206E-07    4.9492E+00   -5.0369E+00    1.4102E+01    1.9900E-04
5.2684E+01  6.1809E-04 2.4428E+02    6.8026E-06    9.0149E-07    5.2991E+00   -5.1452E+00    1.4825E+01    1.9900E-04
5.1623E+01  7.1257E-04 2.4577E+02    6.8451E-06    1.0141E-06    5.6467E+00   -5.2514E+00    1.5571E+01    1.9900E-04
5.0565E+01  8.2045E-04 2.4725E+02    6.8774E-06    1.1353E-06    5.9629E+00   -5.3480E+00    1.6341E+01    1.9900E-04
4.9511E+01  9.4347E-04 2.4872E+02    6.9048E-06    1.2776E-06    6.2718E+00   -5.4383E+00    1.7135E+01    1.9900E-04
4.8461E+01  1.0836E-03 2.5019E+02    6.9258E-06    1.4358E-06    6.5474E+00   -5.5514E+00    1.7954E+01    1.9900E-04
4.7414E+01  1.2429E-03 2.5166E+02    6.9467E-06    1.6200E-06    6.7930E+00   -5.6766E+00    1.8797E+01    1.9900E-04
4.6371E+01  1.4239E-03 2.5312E+02    6.9600E-06    1.8228E-06    6.9588E+00   -5.8433E+00    1.9666E+01    1.9900E-04
4.5332E+01  1.6292E-03 2.5461E+02    6.9600E-06    2.0499E-06    7.0419E+00   -6.0873E+00    2.0587E+01    1.9900E-04
4.4297E+01  1.8617E-03 2.5605E+02    6.9600E-06    2.2985E-06    7.0269E+00   -6.3478E+00    2.1502E+01    1.9900E-04
4.3267E+01  2.1247E-03 2.5707E+02    6.9500E-06    2.5851E-06    6.9351E+00   -6.5019E+00    2.2169E+01    1.9900E-04
4.2245E+01  2.4218E-03 2.5742E+02    6.9199E-06    2.9017E-06    6.7417E+00   -6.4818E+00    2.2400E+01    1.9900E-04
4.1233E+01  2.7570E-03 2.5704E+02    6.8893E-06    3.2358E-06    6.4386E+00   -6.2933E+00    2.2146E+01    1.9900E-04
4.0234E+01  3.1347E-03 2.5598E+02    6.8390E-06    3.5752E-06    6.0449E+00   -5.9708E+00    2.1454E+01    1.9900E-04
3.9250E+01  3.5596E-03 2.5435E+02    6.7800E-06    3.8801E-06    5.5745E+00   -5.5570E+00    2.0423E+01    1.9900E-04
3.8283E+01  4.0370E-03 2.5229E+02    6.7220E-06    4.1320E-06    5.0786E+00   -5.1001E+00    1.9169E+01    1.9900E-04
3.7335E+01  4.5726E-03 2.4992E+02    6.6467E-06    4.3430E-06    4.6127E+00   -4.6440E+00    1.7797E+01    1.9900E-04
3.6406E+01  5.1728E-03 2.4734E+02    6.5624E-06    4.4950E-06    4.1851E+00   -4.2112E+00    1.6391E+01    1.9900E-04
3.5496E+01  5.8444E-03 2.4465E+02    6.4745E-06    4.6054E-06    3.8078E+00   -3.8271E+00    1.5009E+01    1.9900E-04
3.4606E+01  6.5948E-03 2.4192E+02    6.3855E-06    4.6916E-06    3.4800E+00   -3.4928E+00    1.3695E+01    1.9900E-04
3.3735E+01  7.4323E-03 2.3920E+02    6.2884E-06    4.7506E-06    3.1866E+00   -3.1975E+00    1.2476E+01    1.9900E-04
3.2883E+01  8.3655E-03 2.3657E+02    6.1958E-06    4.7773E-06    2.9158E+00   -2.9302E+00    1.1371E+01    1.9900E-04
3.2050E+01  9.4041E-03 2.3406E+02    6.0958E-06    4.7860E-06    2.6663E+00   -2.6844E+00    1.0390E+01    1.9900E-04
3.1234E+01  1.0558E-02 2.3174E+02    6.0080E-06    4.7690E-06    2.4312E+00   -2.4810E+00    9.5381E+00    1.9900E-04
3.0435E+01  1.1839E-02 2.2963E+02    5.9120E-06    4.7147E-06    2.2062E+00   -2.2434E+00    8.8095E+00    1.9900E-04
2.9652E+01  1.3259E-02 2.2774E+02    5.8181E-06    4.6361E-06    1.9965E+00   -2.0221E+00    8.1919E+00    1.9900E-04
2.8884E+01  1.4830E-02 2.2605E+02    5.7185E-06    4.5211E-06    1.8008E+00   -1.8178E+00    7.6699E+00    1.9900E-04
2.8130E+01  1.6566E-02 2.2456E+02    5.6254E-06    4.3831E-06    1.6237E+00   -1.6326E+00    7.2274E+00    1.9900E-04
2.7389E+01  1.8483E-02 2.2322E+02    5.5365E-06    4.2128E-06    1.4641E+00   -1.4675E+00    6.8494E+00    1.9900E-04
2.6661E+01  2.0595E-02 2.2202E+02    5.4492E-06    4.0245E-06    1.3242E+00   -1.3229E+00    6.5228E+00    1.9900E-04
2.5946E+01  2.2919E-02 2.2094E+02    5.3633E-06    3.8177E-06    1.2023E+00   -1.1982E+00    6.2365E+00    1.9900E-04
2.5242E+01  2.5474E-02 2.1994E+02    5.2789E-06    3.6071E-06    1.0974E+00   -1.0910E+00    5.9816E+00    1.9900E-04
2.4550E+01  2.8278E-02 2.1900E+02    5.1918E-06    3.3849E-06    1.0046E+00   -9.9746E-01    5.7513E+00    1.9900E-04
2.3870E+01  3.1350E-02 2.1812E+02    5.1042E-06    3.1595E-06    9.2137E-01   -9.1404E-01    5.5406E+00    1.9900E-04
2.3200E+01  3.4713E-02 2.1729E+02    5.0239E-06    2.9312E-06    8.4459E-01   -8.3781E-01    5.3463E+00    1.9900E-04
2.2542E+01  3.8389E-02 2.1650E+02    4.9448E-06    2.6974E-06    7.7153E-01   -7.6672E-01    5.1594E+00    1.9900E-04
2.1894E+01  4.2400E-02 2.1575E+02    4.8599E-06    2.4700E-06    7.0231E-01   -6.9904E-01    4.9088E+00    1.9900E-04
2.1256E+01  4.6771E-02 2.1505E+02    4.7806E-06    2.2418E-06    6.3540E-01   -6.3540E-01    4.6829E+00    1.9900E-04
2.0629E+01  5.1527E-02 2.1439E+02    4.7053E-06    2.0271E-06    5.7244E-01   -5.7418E-01    4.4809E+00    1.9900E-04
2.0012E+01  5.6696E-02 2.1379E+02    4.6312E-06    1.8117E-06    5.1157E-01   -5.1602E-01    4.3023E+00    1.9900E-04
1.9405E+01  6.2305E-02 2.1325E+02    4.5584E-06    1.6004E-06    4.5380E-01   -4.6033E-01    4.1460E+00    1.9900E-04
1.8807E+01  6.8382E-02 2.1276E+02    4.4956E-06    1.3981E-06    4.0035E-01   -4.0679E-01    4.0103E+00    1.9900E-04
1.8219E+01  7.4958E-02 2.1233E+02    4.4268E-06    1.2091E-06    3.5199E-01   -3.5487E-01    3.8924E+00    1.9900E-04
1.7640E+01  8.2063E-02 2.1194E+02    4.3711E-06    1.0266E-06    3.0806E-01   -3.0824E-01    3.7894E+00    1.9900E-04
1.7071E+01  8.9727E-02 2.1159E+02    4.3219E-06    8.6468E-07    2.7015E-01   -2.6604E-01    3.6978E+00    1.9900E-04
1.6510E+01  9.7984E-02 2.1126E+02    4.2707E-06    7.1348E-07    2.3667E-01   -2.3194E-01    3.6149E+00    1.9900E-04
1.5959E+01  1.0687E-01 2.1095E+02    4.2324E-06    5.7847E-07    2.0678E-01   -1.8140E-01    3.5378E+00    1.9900E-04
1.5416E+01  1.1641E-01 2.1066E+02    4.1999E-06    4.6162E-07    1.8133E-01   -1.5884E-01    3.4658E+00    1.9900E-04
1.4882E+01  1.2664E-01 2.1039E+02    4.1679E-06    3.6242E-07    1.6011E-01   -1.4364E-01    3.4013E+00    1.9900E-04
1.4357E+01  1.3760E-01 2.1017E+02    4.1442E-06    2.8124E-07    1.4277E-01   -1.3407E-01    3.3486E+00    1.9900E-04
1.3840E+01  1.4931E-01 2.1002E+02    4.1236E-06    2.1322E-07    1.2839E-01   -1.3005E-01    3.3139E+00    1.9900E-04
1.3332E+01  1.6183E-01 2.0997E+02    4.1116E-06    1.5844E-07    1.1687E-01   -1.2908E-01    3.3031E+00    1.9900E-04
1.2831E+01  1.7517E-01 2.1005E+02    4.1016E-06    1.2106E-07    1.0855E-01   -1.2536E-01    3.3210E+00    1.9900E-04
1.2339E+01  1.8937E-01 2.1024E+02    4.0918E-06    9.6875E-08    1.0282E-01   -1.1641E-01    3.3665E+00    1.9900E-04
1.1853E+01  2.0446E-01 2.1057E+02    4.2401E-06    7.9020E-08    9.9497E-02   -1.1258E-01    3.4440E+00    1.9900E-04
1.1375E+01  2.2048E-01 2.1098E+02    5.1891E-06    6.5886E-08    1.0074E-01   -1.2611E-01    3.5459E+00    1.9900E-04
1.0904E+01  2.3745E-01 2.1152E+02    5.8710E-06    5.7973E-08    1.0287E-01   -1.1562E-01    3.6819E+00    1.9900E-04
1.0440E+01  2.5541E-01 2.1211E+02    6.7274E-06    5.3259E-08    1.0375E-01   -4.7727E-02    3.8343E+00    1.9900E-04
9.9825E+00  2.7438E-01 2.1302E+02    7.6325E-06    4.9907E-08    1.0707E-01   -7.3261E-02    4.0814E+00    1.9900E-04
9.5285E+00  2.9439E-01 2.1626E+02    1.1819E-05    4.7139E-08    1.2508E-01   -3.4443E-01    5.0785E+00    1.9900E-04
9.0748E+00  3.1545E-01 2.2060E+02    2.0755E-05    4.4599E-08    1.6081E-01   -7.4874E-01    6.1508E+00    1.9900E-04
8.6207E+00  3.3760E-01 2.2492E+02    3.5548E-05    4.2112E-08    2.1054E-01   -1.1684E+00    7.3329E+00    1.9900E-04
8.1664E+00  3.6086E-01 2.2919E+02    5.9351E-05    3.9753E-08    2.7172E-01   -1.5594E+00    8.6635E+00    1.9900E-04
7.7125E+00  3.8522E-01 2.3340E+02    9.6525E-05    3.7407E-08    3.3913E-01   -1.8687E+00    1.0142E+01    1.9900E-04
7.2593E+00  4.1071E-01 2.3752E+02    1.5279E-04    3.5145E-08    4.0962E-01   -2.0806E+00    1.1764E+01    1.9900E-04
6.8075E+00  4.3734E-01 2.4153E+02    2.3519E-04    3.3057E-08    4.8556E-01   -2.2209E+00    1.3516E+01    1.9900E-04
6.3575E+00  4.6511E-01 2.4539E+02    3.5188E-04    3.0981E-08    5.6340E-01   -2.2800E+00    1.5382E+01    1.9900E-04
5.9099E+00  4.9402E-01 2.4910E+02    5.1165E-04    2.8986E-08    6.2974E-01   -2.2880E+00    1.7341E+01    1.9900E-04
5.4653E+00  5.2406E-01 2.5263E+02    7.2329E-04    2.7085E-08    6.7716E-01   -2.2728E+00    1.9370E+01    1.9900E-04
5.0243E+00  5.5524E-01 2.5597E+02    9.9510E-04    2.5230E-08    7.1110E-01   -2.2566E+00    2.1447E+01    1.9900E-04
4.5874E+00  5.8752E-01 2.5912E+02    1.3345E-03    2.3430E-08    7.3842E-01   -2.2171E+00    2.3551E+01    1.9900E-04
4.1551E+00  6.2090E-01 2.6208E+02    1.7475E-03    2.1747E-08    7.5928E-01   -2.1563E+00    2.5665E+01    1.9900E-04
3.7281E+00  6.5534E-01 2.6487E+02    2.2394E-03    2.0222E-08    7.7089E-01   -2.0921E+00    2.7776E+01    1.9900E-04
3.3067E+00  6.9083E-01 2.6749E+02    2.8138E-03    1.8785E-08    7.7320E-01   -2.0023E+00    2.9874E+01    1.9900E-04
2.8914E+00  7.2732E-01 2.6995E+02    3.4735E-03    1.7438E-08    7.6920E-01   -1.8598E+00    3.1951E+01    1.9900E-04
2.4826E+00  7.6478E-01 2.7227E+02    4.2206E-03    1.6236E-08    7.6191E-01   -1.7090E+00    3.4002E+01    1.9900E-04
2.0806E+00  8.0315E-01 2.7462E+02    5.1230E-03    1.5183E-08    7.5718E-01   -1.6108E+00    3.6181E+01    1.9900E-04
1.6855E+00  8.4238E-01 2.7691E+02    6.0238E-03    1.4267E-08    7.3887E-01   -1.5266E+00    3.8407E+01    1.9900E-04
1.2977E+00  8.8241E-01 2.7911E+02    7.0247E-03    1.3492E-08    7.2215E-01   -1.5130E+00    4.0636E+01    1.9900E-04
9.1738E-01  9.2319E-01 2.8120E+02    8.1401E-03    1.2794E-08    7.1128E-01   -1.5792E+00    4.2837E+01    1.9900E-04
5.4488E-01  9.6463E-01 2.8319E+02    9.2114E-03    1.2250E-08    7.0384E-01   -1.7562E+00    4.5018E+01    1.9900E-04
1.8047E-01  1.0067E+00 2.8509E+02    1.0577E-02    1.1819E-08    7.2528E-01   -2.0126E+00    4.7180E+01    1.9900E-04
0.0000E+00  1.0280E+00 2.8603E+02    1.1260E-02    1.1900E-08    7.9440E+00   -3.5461E+00    4.8290E+01    1.9900E-04
