   215.448780622725        0.427718530736173E-05
   216.773381859918        0.457318315162737E-05
   218.149278933909        0.483672180958035E-05
   219.581809877914        0.508002299913526E-05
   221.063907136594        0.529915732248358E-05
   222.585166872363        0.549926228106122E-05
   224.135185798123        0.567464160392893E-05
   225.704381707668        0.583488221186900E-05
   227.284237507848        0.597562879828873E-05
   228.867508852387        0.610018377429933E-05
   230.448404098595        0.621884531024803E-05
   232.022664748095        0.631733668824751E-05
   233.587513073706        0.641336299091657E-05
   235.141475507037        0.649091429323500E-05
   236.684116324018        0.656717033031995E-05
   238.215728760870        0.663743164488683E-05
   239.737032409395        0.669455294273311E-05
   241.248917855677        0.674737064509392E-05
   242.752264252906        0.680007135806704E-05
   244.247836796093        0.684264186649013E-05
   245.736253840647        0.688254337900217E-05
   247.218002094813        0.691369767069310E-05
   248.693475202209        0.694478184559215E-05
   250.163015378684        0.696579315082397E-05
   251.626946215209        0.698672888543263E-05
   253.085593094261        0.699758638878789E-05
   254.580849203286        0.700000000000000E-05
   256.021484838122        0.700000000000000E-05
   257.047614858970        0.698034541753942E-05
   257.400585909947        0.695990107836985E-05
   257.021306836510        0.692898096270876E-05
   255.962607152177        0.687903811420781E-05
   254.335944986105        0.682001471414593E-05
   252.274040720354        0.675267877523179E-05
   249.902627676095        0.668680273366906E-05
   247.327652518727        0.660245581970331E-05
   244.635646657922        0.651458170990734E-05
   241.899653764945        0.642267989085979E-05
   239.184151727797        0.632853329353127E-05
   236.548029171424        0.623597868998555E-05
   234.044369903408        0.613596066707426E-05
   231.722803588331        0.604813458663830E-05
   229.612703277896        0.595219647342173E-05
   227.720280531065        0.585627397669444E-05
   226.035929937161        0.575604981470714E-05
   224.539850894302        0.566557051116734E-05
   223.206849172897        0.557669388023198E-05
   222.009842263350        0.548938065799612E-05
   220.922561363683        0.540349853065432E-05
   219.921984500121        0.531901102198245E-05
   218.989527815070        0.522604594430339E-05
   218.111514837604        0.514439381176471E-05
   217.279276141106        0.506408546078495E-05
   216.489016882706        0.498499485896990E-05
   215.740882736952        0.490011718208623E-05
   215.038106440522        0.482083368175750E-05
   214.385271704232        0.474551249805652E-05
   213.786967904430        0.467143968835986E-05
   213.246275135734        0.459859093194433E-05
   212.763055664995        0.453578281993677E-05
   212.332930575960        0.446699083602404E-05
   211.948364720376        0.440908351341467E-05
   211.599937368969        0.435569555772087E-05
   211.278571064796        0.431084632387815E-05
   210.974085599173        0.427254671260215E-05
   210.685054560148        0.423330169606556E-05
   210.422767037767        0.420530466528558E-05
   210.207760991571        0.418429517975946E-05
   210.065169310588        0.416362574214785E-05
   210.020151006486        0.415164519973268E-05
   210.093062331936        0.414163582109042E-05
   210.294919121037        0.413178084655680E-05
   210.624384288932        0.429552753361042E-05
   211.065826081287        0.523955579102553E-05
   211.580491635537        0.591884180683475E-05
   212.113345967217        0.671879153779518E-05
   213.115060674419        0.773374859941993E-05
   216.263766056389        0.118227526377748E-04
   220.605606556196        0.207615765134880E-04
   224.922615356327        0.355589100778169E-04
   229.196520963772        0.593681583204238E-04
   233.405701841395        0.965511460108544E-04
   237.525813345932        0.152825248161433E-03
   241.531178852130        0.235245748528204E-03
   245.396881284518        0.351961466908461E-03
   249.101220296803        0.511748241230528E-03
   252.628022904986        0.723420516584957E-03
   255.968005492819        0.995271872368664E-03
   259.118740650399        0.133465902879955E-02
   262.083620122263        0.174778250994917E-02
   264.870289901104        0.223963897824316E-02
   267.489022366524        0.281407997698846E-02
   269.951324844450        0.347390984999787E-02
   272.268901799204        0.422097454857735E-02
   274.619722698023        0.512340675674327E-02
   276.914818825566        0.602424706471205E-02
   279.114913272283        0.702519238134557E-02
   281.200442608423        0.814063405805979E-02
   283.187309180952        0.921205651431928E-02
   285.086277274775        0.105778304549852E-01
   286.035203446626        0.112610097161573E-01
