   215.548099994972        0.420391889551530E-05
   216.872834515246        0.449058714833456E-05
   218.248819065818        0.475141547373102E-05
   219.681396428263        0.499284277991886E-05
   221.163510198096        0.520730509737185E-05
   222.684762562515        0.539907012999272E-05
   224.234749584556        0.557401258932828E-05
   225.803884124335        0.573397815580637E-05
   227.383642907402        0.587478803868927E-05
   228.966776730990        0.599543120510629E-05
   230.547492217393        0.610825033408735E-05
   232.121533174584        0.620743731267397E-05
   233.686128275900        0.630307041076292E-05
   235.239813768713        0.638056481416511E-05
   236.782166002718        0.645265139400444E-05
   238.313491224870        0.651722959637244E-05
   239.834521785343        0.658165256441467E-05
   241.346159923470        0.663591036223906E-05
   242.849294897624        0.667999561893960E-05
   244.344700377849        0.672258509400039E-05
   245.833001718949        0.676252439499305E-05
   247.314691402800        0.679368799349371E-05
   248.790167855395        0.682478138460567E-05
   250.259777239582        0.684580182121447E-05
   251.723846310425        0.686674660859468E-05
   253.182702779511        0.687761309235709E-05
   254.681034948342        0.688000000000000E-05
   256.113983898065        0.687089330343020E-05
   257.124646479221        0.686029329130203E-05
   257.463258877538        0.683968478698665E-05
   257.073780233475        0.679919328009435E-05
   256.009346998260        0.675883242501613E-05
   254.380565452855        0.669972837329214E-05
   252.318826339968        0.663178080089831E-05
   249.948485483619        0.655648023754437E-05
   247.374625356655        0.647513787981379E-05
   244.683824856077        0.638413704127665E-05
   241.949204276720        0.629510918188718E-05
   239.235440171866        0.619804745110388E-05
   236.600682351655        0.610537441526710E-05
   234.097470623739        0.600945254667655E-05
   231.775072864811        0.591748152007819E-05
   229.662840141041        0.582152513260622E-05
   227.767671403290        0.572754953718440E-05
   226.080326867479        0.563534215662062E-05
   224.581369286218        0.554484252765389E-05
   223.245438351723        0.545595444052227E-05
   222.045097589782        0.535862345494637E-05
   220.954211805561        0.527273262175941E-05
   219.949845175135        0.518837412656641E-05
   219.013747593534        0.510526104920446E-05
   218.132420789760        0.502360711127795E-05
   217.296921882955        0.493328935597340E-05
   216.503088980487        0.485419833439729E-05
   215.750713469527        0.477646250065002E-05
   215.042301465237        0.470004700922723E-05
   214.382553961374        0.462472125244723E-05
   213.776538814938        0.455065771501676E-05
   213.227529892328        0.447782225844937E-05
   212.735204461068        0.440618124409327E-05
   212.294746612075        0.434637368605095E-05
   211.897681898258        0.428848494189312E-05
   211.534559130300        0.423523538913765E-05
   211.196862955371        0.419040799457062E-05
   210.875004933211        0.414630488684302E-05
   210.568311225559        0.410969686079790E-05
   210.289004240096        0.408512960499965E-05
   210.058707190318        0.405620081447460E-05
   209.903350791464        0.404174550127931E-05
   209.848037786434        0.402316868451973E-05
   209.912660181216        0.401158692208651E-05
   210.108288778969        0.401000000000000E-05
   210.434242840270        0.416823744598917E-05
   210.875379390244        0.509461306449870E-05
   211.392550286871        0.576433597231533E-05
   211.928712127888        0.655197100598213E-05
   212.908544179170        0.752078734350141E-05
   216.273880137403        0.118382940768896E-04
   220.615848763301        0.207881298375813E-04
   224.933023957236        0.356033603487182E-04
   229.207116985553        0.594409015839796E-04
   233.416468069112        0.966670285490671E-04
   237.536678601851        0.153003943422582E-03
   241.542024880584        0.235511194348225E-03
   245.407583896159        0.352340913122993E-03
   249.111700260733        0.512272203106631E-03
   252.638214343935        0.724120339870925E-03
   255.977857975636        0.996177791819360E-03
   259.128222313233        0.133579886073898E-02
   262.092717227106        0.174918103808437E-02
   264.879003825657        0.224131791781184E-02
   267.497365351235        0.281605823868001E-02
   269.959315716875        0.347620384064303E-02
   272.276562527044        0.422359838540956E-02
   274.627087902032        0.512621112768547E-02
   276.921949271199        0.602695240051873E-02
   279.121894278391        0.702881126560962E-02
   281.207198518773        0.814412358440194E-02
   283.194017749159        0.921673446879583E-02
   285.092774174158        0.105823447288552E-01
   286.041633634475        0.112654699259891E-01
