   215.739546707524        0.402174304727740E-05
   217.064566764765        0.430720580449004E-05
   218.440690465301        0.455913746357043E-05
   219.873263425852        0.478620920452933E-05
   221.355257482941        0.499912460291941E-05
   222.876295994970        0.518642610261951E-05
   224.425982716888        0.535269593904551E-05
   225.994728834998        0.550340462802007E-05
   227.574006021968        0.563434281993452E-05
   229.156561720064        0.575927258987603E-05
   230.736604438233        0.586809348140618E-05
   232.309886997316        0.595739682717255E-05
   233.873654478529        0.604413318894495E-05
   235.426465828066        0.612802092320354E-05
   236.967924354508        0.619706480086663E-05
   238.498365123311        0.625744246560827E-05
   240.018548926419        0.632192455671278E-05
   241.529404375991        0.636749560908013E-05
   243.031844039770        0.642025350547499E-05
   244.526661477921        0.645288051328403E-05
   246.014498600411        0.649269079788420E-05
   247.495861402803        0.652387276665622E-05
   248.971159100755        0.655498433639067E-05
   250.440746156263        0.657602277347359E-05
   251.904955239725        0.658698539507884E-05
   253.364117570258        0.660000000000001E-05
   254.866673545430        0.660000000000001E-05
   256.290321979004        0.660000000000001E-05
   257.278917860803        0.657998676020330E-05
   257.591551982308        0.655904495023311E-05
   257.177062996218        0.651853328912428E-05
   256.093166613941        0.646854644398893E-05
   254.451934384067        0.640876310741957E-05
   252.382182809902        0.634098059213051E-05
   250.006722113817        0.626633087661785E-05
   247.429556045439        0.619068613923669E-05
   244.736313018208        0.610232600433535E-05
   241.999182510271        0.600992011973383E-05
   239.282000075553        0.591542883893703E-05
   236.642494945628        0.582095876158081E-05
   234.133350318982        0.572307157008151E-05
   231.804363661600        0.562520080485703E-05
   229.685073700002        0.552924411402132E-05
   227.781966051908        0.543525056507361E-05
   226.085815591074        0.534305263900677E-05
   224.577050550744        0.525254127199732E-05
   223.230128778410        0.516367223532400E-05
   222.017647960222        0.507633997709658E-05
   220.913616486858        0.499047819557454E-05
   219.895142334962        0.489613340503363E-05
   218.943890662677        0.481305955499811E-05
   218.046603635502        0.473145738380184E-05
   217.194854611631        0.465117109257545E-05
   216.384617691684        0.457214033668577E-05
   215.615503340878        0.448687339170795E-05
   214.890173415181        0.440811457265510E-05
   214.212987358562        0.433286548400630E-05
   213.588431647346        0.425888822690425E-05
   213.018974862894        0.419346827598887E-05
   212.503629480000        0.412461049961497E-05
   212.037499285372        0.406513818619938E-05
   211.613062522799        0.400734325440694E-05
   211.221792498564        0.395440380186519E-05
   210.856162476476        0.390966219105488E-05
   210.507578180798        0.386564950504822E-05
   210.176366995765        0.382927648045443E-05
   209.875372045948        0.380489819448679E-05
   209.626899207095        0.378395616422376E-05
   209.459071404175        0.376335581940261E-05
   209.398880091804        0.375154523555051E-05
   209.464482255187        0.374157068644108E-05
   209.663108561596        0.373174986139896E-05
   209.992393199658        0.387971816658737E-05
   210.438152435583        0.478273231605679E-05
   210.961810085221        0.542650914711142E-05
   211.505045419306        0.618273998851580E-05
   212.551393244076        0.716483738519695E-05
   216.382171658872        0.120064129989686E-04
   220.725913224102        0.210763984062514E-04
   225.044621959491        0.360847627859805E-04
   229.319852290779        0.602225313753857E-04
   233.529743113374        0.978980995687081E-04
   237.649681687427        0.154880034174561E-03
   241.653776335982        0.238271449165287E-03
   245.517051516166        0.356256925939673E-03
   249.217951446337        0.517631075654767E-03
   252.740521774097        0.731205687794364E-03
   256.075683034117        0.100524760829325E-02
   259.221225075614        0.134706985623352E-02
   262.180734595131        0.176281908454207E-02
   264.962011066808        0.225743380285828E-02
   267.575436019382        0.283470732306755E-02
   270.032590202847        0.349738894185549E-02
   272.345229846349        0.424727648480319E-02
   274.716855970555        0.516070273530338E-02
   277.007006462203        0.605957151225413E-02
   279.203090003925        0.707128186213819E-02
   281.284296813105        0.818436471985163E-02
   283.269208719786        0.926961598951712E-02
   285.164544891398        0.106327103669195E-01
   286.111864292836        0.113146965003493E-01
