   215.480937387995        0.425601607302893E-05
   216.805580266260        0.454325547503192E-05
   218.181505238540        0.481286248057771E-05
   219.614052013882        0.505421082728366E-05
   221.096156577013        0.527164605630258E-05
   222.617416947636        0.546867914458544E-05
   224.167429552426        0.564421790971242E-05
   225.736610507497        0.579695064739215E-05
   227.316440600832        0.594530514851302E-05
   228.899673738704        0.606993074203548E-05
   230.480517483413        0.617860882225194E-05
   232.054713810664        0.628711678076687E-05
   233.619486790704        0.637431911981558E-05
   235.173365799391        0.645807853281041E-05
   236.715918867323        0.653278111443595E-05
   238.247443388320        0.659733886217564E-05
   239.768663123746        0.666174157323474E-05
   241.280472534409        0.671597931456328E-05
   242.783754163236        0.676002824095383E-05
   244.279276035428        0.680260475662865E-05
   245.767658794049        0.684505284902630E-05
   247.249390965822        0.687736671522739E-05
   248.724867639090        0.690477214808031E-05
   250.194432189969        0.692578635245672E-05
   251.658409146754        0.694672496157881E-05
   253.117124624668        0.696000000000000E-05
   254.613462548532        0.696000000000001E-05
   256.051293462400        0.696000000000000E-05
   257.072119183192        0.695000000000001E-05
   257.420391580732        0.691989205642217E-05
   257.037922784684        0.688929967110591E-05
   255.977470168248        0.683900142557604E-05
   254.350087944848        0.677997389793395E-05
   252.288183992351        0.672196569896856E-05
   249.917118481232        0.664673771327086E-05
   247.342654576556        0.656238548921850E-05
   244.651676125387        0.647448700121453E-05
   241.916949039107        0.638547285199079E-05
   239.202455603622        0.628842422307107E-05
   236.566931110174        0.619583925266189E-05
   234.063718929727        0.609581158730151E-05
   231.742404185912        0.600797644405119E-05
   229.632216506891        0.591203040757386E-05
   227.739361691157        0.581806834460819E-05
   226.054282124733        0.571850171924273E-05
   224.557193886174        0.562538174581275E-05
   223.222943988588        0.553649983278426E-05
   222.024614386868        0.544917985166878E-05
   220.936348842323        0.536329321604458E-05
   219.935127956449        0.527894202912881E-05
   219.002197241141        0.519178619792976E-05
   218.123698383653        0.510417521930412E-05
   217.290819268168        0.502386149893599E-05
   216.499681026671        0.494476786569010E-05
   215.750376251186        0.485985003514349E-05
   215.046091411501        0.478060377184423E-05
   214.391367495115        0.470527830261057E-05
   213.790774426624        0.463120530306263E-05
   213.247391809880        0.455835771776394E-05
   212.761054275648        0.449559050190621E-05
   212.327302279838        0.442679922106307E-05
   211.938541021912        0.437112429919835E-05
   211.585419399766        0.432192309177006E-05
   211.259078939965        0.427070493473176E-05
   210.949598732371        0.423244549277425E-05
   210.655417704368        0.419988860972813E-05
   210.387674238604        0.416786100921695E-05
   210.165240626421        0.414424063540725E-05
   210.017187848431        0.412357657258694E-05
   209.970882894590        0.411162356563745E-05
   210.047681322763        0.410161729333029E-05
   210.241074311256        0.409176526851197E-05
   210.565252173771        0.424007965551571E-05
   210.982479854176        0.518906490187184E-05
   211.523076998256        0.587104249730078E-05
   212.109129921241        0.672739396711205E-05
   213.017510869581        0.763250333031007E-05
   216.261325949385        0.118189611970281E-04
   220.603137747989        0.207551022475431E-04
   224.920145862409        0.355482389263141E-04
   229.194080861412        0.593512021526938E-04
   233.403317824139        0.965251621715646E-04
   237.523503494454        0.152786761650714E-03
   241.528952176893        0.235190504407830E-03
   245.394745526212        0.351884646225329E-03
   249.099191684180        0.511645247608176E-03
   252.626112108638        0.723287130718182E-03
   255.966217432717        0.995104530278662E-03
   259.117075187727        0.133445496349463E-02
   262.082073261987        0.174753976383800E-02
   264.868855080154        0.223935632314160E-02
   267.487691541272        0.281375677956708E-02
   269.950089291934        0.347354591403803E-02
   272.267752685919        0.422056996661347E-02
   274.618649855056        0.512298501763984E-02
   276.913808989191        0.602384865571788E-02
   279.113950591986        0.702467585193357E-02
   281.199533073879        0.814014433861061E-02
   283.186427007442        0.921141916544330E-02
   285.085439933554        0.105772234925137E-01
   286.034388817335        0.112604181921476E-01
