   216.495185746970        0.285951664512165E-05
   217.821633656154        0.306657465402675E-05
   219.197685979480        0.325533127133408E-05
   220.628590562933        0.342748090473929E-05
   222.107502435559        0.358142738045432E-05
   223.624219369220        0.372105429516662E-05
   225.168442118932        0.384079695961646E-05
   226.730623922146        0.395041476523268E-05
   228.302262597951        0.405192764634320E-05
   229.876147885474        0.413939252907742E-05
   231.446567350438        0.422500283909525E-05
   233.009398617498        0.429035037544916E-05
   234.562055557764        0.435558050604170E-05
   236.103299456159        0.441379314279381E-05
   237.632953722706        0.446709966179142E-05
   239.151574105982        0.452015215687970E-05
   240.660127670234        0.455338848311053E-05
   242.159724404447        0.459635960226210E-05
   243.651428026914        0.462460820861044E-05
   245.136152012113        0.465597099731808E-05
   246.614628644342        0.467726766736943E-05
   248.087427576978        0.469849545317866E-05
   249.554997948750        0.471965164658803E-05
   251.017713306659        0.473000000000000E-05
   252.475907610609        0.473000000000000E-05
   253.936363557955        0.473000000000000E-05
   255.461483307039        0.472000000000000E-05
   256.724321712692        0.470147000050219E-05
   257.398814270959        0.467022866548464E-05
   257.359849462023        0.462936063149723E-05
   256.603067710063        0.458346380078218E-05
   255.197588304902        0.451837300995867E-05
   253.254259892116        0.445017651226722E-05
   250.895596835090        0.436935142258722E-05
   248.232412195018        0.427842362281015E-05
   245.356496156853        0.418379671069212E-05
   242.343500247447        0.408503223911382E-05
   239.260356932355        0.399002353586410E-05
   236.169685681487        0.388764301580003E-05
   233.133085123625        0.378788227147826E-05
   230.211184475949        0.369699374108538E-05
   227.464704399551        0.360283542207511E-05
   224.935608873069        0.350241844724217E-05
   222.642861673040        0.341155039706102E-05
   220.587858830734        0.333055042122381E-05
   218.759032137567        0.324548626190880E-05
   217.136604105888        0.315997635613883E-05
   215.696260330519        0.307614136636698E-05
   214.413001104319        0.299800030991226E-05
   213.263422277396        0.292257079494711E-05
   212.226851532078        0.284409176059867E-05
   211.286113329732        0.277439509644585E-05
   210.427975260119        0.269726285674539E-05
   209.642923476640        0.263121254638454E-05
   208.924754074549        0.255885868939038E-05
   208.270236169410        0.249751260520878E-05
   207.678512510101        0.243716672531620E-05
   207.149223761421        0.236933334651131E-05
   206.681788387584        0.230947765144982E-05
   206.273927361407        0.226166262883012E-05
   205.921708999575        0.220792693018298E-05
   205.619518432446        0.216321438149187E-05
   205.361114307272        0.211918947762483E-05
   205.140599779521        0.208189651924574E-05
   204.948713569425        0.204988008621529E-05
   204.785645501676        0.201835366428759E-05
   204.666034507090        0.199488261119564E-05
   204.609121979163        0.198225542126163E-05
   204.668213262239        0.196442884574726E-05
   204.821466902989        0.195233094434124E-05
   205.095463694892        0.195000000000000E-05
   205.462584289266        0.234868247428653E-05
   206.042118661943        0.267204354937613E-05
   206.707295058173        0.312180780487484E-05
   208.065798255470        0.379356026356602E-05
   209.995992548226        0.500706653462505E-05
   213.979948205679        0.867612610397229E-05
   218.373265053698        0.155276231271535E-04
   222.749574748304        0.270946137111664E-04
   227.091609636377        0.460752049405387E-04
   231.378425984583        0.763055671963551E-04
   235.585719303324        0.122962156452818E-03
   239.686948451138        0.192628014986331E-03
   243.655340290727        0.293141667295217E-03
   247.466519217239        0.433200250327156E-03
   251.101172672290        0.621783486033376E-03
   254.546998574011        0.867550680300047E-03
   257.799140352652        0.117835010337180E-02
   260.859386113807        0.156092768712685E-02
   263.734605109056        0.202083262029721E-02
   266.434969418736        0.256245899857057E-02
   268.972358555335        0.318914890240757E-02
   271.359131963014        0.390329823866987E-02
   273.676055622162        0.474355365351342E-02
   276.037819505229        0.566804425839572E-02
   278.286341965870        0.656936458350693E-02
   280.434003037903        0.771518074766466E-02
   282.473914922926        0.880569658177542E-02
   284.431627779243        0.100874876623296E-01
   286.288172399860        0.114219989080910E-01
   287.220529344166        0.120928239697453E-01
