   215.415888257251        0.429866421400359E-05
   216.740447311111        0.459437320728682E-05
   218.116310425815        0.486473979432083E-05
   219.548813274352        0.510601326238302E-05
   221.030885215326        0.533004358481872E-05
   222.552121190204        0.553002589761754E-05
   224.102118724284        0.570520143186428E-05
   225.671297690209        0.586534043536679E-05
   227.251143431030        0.600606496617016E-05
   228.834413621618        0.613052872598365E-05
   230.415317683173        0.624917177285617E-05
   231.989596949228        0.634811719000037E-05
   233.554472283971        0.644471110653550E-05
   235.108467682147        0.652835223730721E-05
   236.651144305377        0.660303452688882E-05
   238.182791986675        0.666757213756654E-05
   239.704126961748        0.673195487186920E-05
   241.216036735786        0.678617280032934E-05
   242.719397764127        0.683021540763921E-05
   244.214972941162        0.688135453348129E-05
   245.703378687772        0.691514270315374E-05
   247.185100110365        0.695372364307173E-05
   248.660529573544        0.697960534566474E-05
   250.130008352428        0.700581243636983E-05
   251.593859463551        0.702000000000000E-05
   253.052408103143        0.703759908053691E-05
   254.546636066641        0.704000000000000E-05
   255.989717870295        0.704000000000000E-05
   257.020948130535        0.702034213788483E-05
   257.378965057226        0.699980052120673E-05
   257.003649979255        0.695932422965463E-05
   255.947944829428        0.691904911979581E-05
   254.323353198943        0.686003129770186E-05
   252.261398567865        0.679270767460113E-05
   249.888312449064        0.671683797854682E-05
   247.311024310694        0.664249727292280E-05
   244.616981877970        0.655464121772893E-05
   241.879786811109        0.646276041155796E-05
   239.163856341219        0.636832784767741E-05
   236.527340562198        0.627340480699338E-05
   234.023315323508        0.617606795827475E-05
   231.701446760297        0.607825154322940E-05
   229.590801443986        0.598232313454662E-05
   227.697655214044        0.588838045954869E-05
   226.012710953220        0.579619701082423E-05
   224.516364689007        0.570572854330193E-05
   223.183475178450        0.561686082947067E-05
   221.986926370957        0.552955779380298E-05
   220.900357574477        0.544368393681823E-05
   219.900575499096        0.534934768049674E-05
   218.968986701519        0.526624830504858E-05
   218.091973160464        0.518460272496326E-05
   217.260859934547        0.510334738011267E-05
   216.471764328577        0.501521824859747E-05
   215.724873881070        0.493748426341368E-05
   215.023566025988        0.486106595740617E-05
   214.372548157934        0.478575178361007E-05
   213.776480335713        0.471168190545317E-05
   213.238445833612        0.463883477320861E-05
   212.758196603576        0.456717668143085E-05
   212.331386227866        0.450719605653551E-05
   211.950644144056        0.444928739981098E-05
   211.606677233937        0.439585632616811E-05
   211.290363752433        0.435100379256403E-05
   210.991310293369        0.430687050557894E-05
   210.707857054531        0.427009452155199E-05
   210.451215859682        0.424537480555548E-05
   210.242197289566        0.422436130244203E-05
   210.105920520071        0.420368732643502E-05
   210.066433534713        0.418334359544192E-05
   210.142745381511        0.417166136593058E-05
   210.346029764698        0.417000000000000E-05
   210.676727291249        0.433511894425796E-05
   211.120861074910        0.528398667108456E-05
   211.639749524011        0.596856186757565E-05
   212.177251044263        0.677771433831601E-05
   213.178353616063        0.780007195081220E-05
   216.275686790316        0.118411990847437E-04
   220.617671977600        0.207930822962746E-04
   224.934762976865        0.356111676260765E-04
   229.208674021161        0.594522097727202E-04
   233.417774058666        0.966820582104951E-04
   237.537715759085        0.153022486921285E-03
   241.542825074526        0.235532996648533E-03
   245.408187602456        0.352365553246772E-03
   249.112104709493        0.512297008878462E-03
   252.638424280557        0.724141066098671E-03
   255.977887085252        0.996188922421993E-03
   259.128089315838        0.133579391858590E-02
   262.092442402439        0.174915289386496E-02
   264.878606723427        0.224125904764948E-02
   267.496863826116        0.281596097069868E-02
   269.958725864788        0.347606064267196E-02
   272.275898873290        0.422340216293432E-02
   274.626362075657        0.512597180568079E-02
   276.921167998078        0.602669871163835E-02
   279.121058812004        0.702842712481162E-02
   281.206329821307        0.814373071821494E-02
   283.193099441317        0.921615636044831E-02
   285.091839381768        0.105817657462700E-01
   286.040670887953        0.112648764182493E-01
