   215.479036508424        0.251727925117587E-05
   216.803111940881        0.269075366021904E-05
   218.175501029005        0.285402466854308E-05
   219.601234386934        0.300124114860814E-05
   221.073574576447        0.313503050270145E-05
   222.582551839147        0.325546171106497E-05
   224.118138084048        0.336257595596830E-05
   225.671061397642        0.345863850020645E-05
   227.233075517543        0.354095986115245E-05
   228.797187703097        0.361534940437499E-05
   230.357850439459        0.368964697701935E-05
   231.911047802292        0.374589991234933E-05
   233.454245033657        0.380792862808987E-05
   234.986210923209        0.385125334277581E-05
   236.506748442311        0.389379073978540E-05
   238.016381766378        0.393623330617518E-05
   239.516049477634        0.397429022308179E-05
   241.006845582677        0.400540666286821E-05
   242.489834321216        0.403292550122681E-05
   243.965945675368        0.405746398441597E-05
   245.435941077126        0.407839893071267E-05
   246.900427503576        0.408926757405904E-05
   248.359895174905        0.410000000000000E-05
   249.814758584434        0.410000000000000E-05
   251.265389161132        0.410000000000000E-05
   252.746305291414        0.409000000000000E-05
   254.197744201663        0.407747432979277E-05
   255.276968056206        0.404414175407830E-05
   255.696637193540        0.400366321582549E-05
   255.334342713885        0.395050676445654E-05
   254.173702433118        0.389151753180356E-05
   252.277450274031        0.382162974744948E-05
   249.759527764409        0.373638113160789E-05
   246.755550291371        0.365376764884286E-05
   243.402445572903        0.356443115668677E-05
   239.828147793447        0.346751597338268E-05
   236.149887880247        0.337155689915143E-05
   232.476966650315        0.328056393468999E-05
   228.911503696546        0.318622279624025E-05
   225.545024935764        0.310187137968608E-05
   222.453614768375        0.301014096327238E-05
   219.693899681842        0.293022058335821E-05
   217.289024153246        0.284187215974006E-05
   215.229997120743        0.276449159952132E-05
   213.487516456597        0.269020686552795E-05
   212.021330453866        0.261381126972046E-05
   210.787342531289        0.254428695044370E-05
   209.742940960028        0.246759635944585E-05
   208.849901622655        0.240106649708657E-05
   208.075536124970        0.233551397966048E-05
   207.393749271195        0.227076955198410E-05
   206.784318224006        0.220703495855890E-05
   206.232119857359        0.214428311837317E-05
   205.726715922918        0.208230946028260E-05
   205.262234415424        0.202497098033761E-05
   204.836682272598        0.197099067259044E-05
   204.450573127807        0.191170761718816E-05
   204.105417438910        0.186265990034782E-05
   203.803397524283        0.181567982083998E-05
   203.545244931489        0.176107452684354E-05
   203.329562155320        0.171972245617850E-05
   203.153252250088        0.168212711724101E-05
   203.012302663386        0.164399782781110E-05
   202.902790211202        0.161185722985295E-05
   202.817791873590        0.158680752489297E-05
   202.760384481447        0.156600781791741E-05
   202.744634540232        0.154551674608127E-05
   202.798254956757        0.152532870832759E-05
   202.942416068716        0.151272444832954E-05
   203.196815948592        0.150292066485117E-05
   203.578550734971        0.167655747477764E-05
   204.061152394670        0.195243576624368E-05
   204.570707781299        0.226096331878846E-05
   205.249418306713        0.251189763659373E-05
   208.208874986819        0.386915256424931E-05
   210.440135494160        0.532259063409236E-05
   214.859141148581        0.975052927914583E-05
   219.267788638916        0.174033280209692E-04
   223.655640571216        0.302756266254401E-04
   228.005393042912        0.513147429587427E-04
   232.294689109883        0.846703982750350E-04
   236.497840074586        0.135876933960219E-03
   240.587289905468        0.211872907444428E-03
   244.535986838542        0.320786158374029E-03
   248.320219821450        0.471478874375773E-03
   251.922152539557        0.672943158292785E-03
   255.331318240525        0.933703120873973E-03
   258.544746401602        0.126136765396625E-02
   261.565904852432        0.166239795979739E-02
   264.402965552710        0.214206170068614E-02
   267.066986989924        0.270450404135352E-02
   269.570368342147        0.335286208882387E-02
   271.925710221081        0.408937063622630E-02
   274.290310869345        0.497948481870378E-02
   276.624749456327        0.589319540875891E-02
   278.860225730888        0.686965982721382E-02
   280.983941729371        0.800254498195029E-02
   283.005894961221        0.908328206743841E-02
   284.943980635496        0.104475217502924E-01
   286.784355288889        0.117701404249356E-01
   287.710295559773        0.124361931557668E-01
