   216.522664000942        0.299941781156199E-05
   217.849244113389        0.321195271195714E-05
   219.225742138307        0.340964933673197E-05
   220.657441162051        0.358607804789199E-05
   222.137462643099        0.374705793091043E-05
   223.655557000035        0.389382701936925E-05
   225.201381597965        0.402572486969818E-05
   226.765352103665        0.413614410299833E-05
   228.338933160213        0.424254885255312E-05
   229.914884616379        0.433006054993556E-05
   231.487466842366        0.441744440107610E-05
   233.052532535845        0.449468732723823E-05
   234.607472462483        0.456132124421852E-05
   236.151026145884        0.461646954080993E-05
   237.682996150731        0.467765828949701E-05
   239.203918031797        0.472089953757018E-05
   240.714739329824        0.476403369159326E-05
   242.216551607682        0.480705422947967E-05
   243.710402225961        0.483997746056866E-05
   245.197192064665        0.487136040809137E-05
   246.677647261344        0.489267731687332E-05
   248.152341840776        0.491392545037207E-05
   249.621745834175        0.493510208710663E-05
   251.086278792938        0.494620455272831E-05
   252.546357555534        0.495000000000000E-05
   254.002435109256        0.495182018867206E-05
   255.542855916194        0.495000000000000E-05
   256.859728789495        0.493017567568309E-05
   257.610091188490        0.490904316384946E-05
   257.653085630185        0.486809130272879E-05
   256.980070642976        0.481761015535745E-05
   255.660738798950        0.476540070670363E-05
   253.806716186203        0.469691928327009E-05
   251.541861922969        0.461987933281456E-05
   248.979989995428        0.453441262529907E-05
   246.215982115685        0.444315784008266E-05
   243.327083411429        0.434287522561249E-05
   240.378926676133        0.424469144314643E-05
   237.430688998305        0.414833663574752E-05
   234.538356597764        0.404733494274038E-05
   231.756120658928        0.394876828223565E-05
   229.137530896170        0.385257819422167E-05
   226.718262037850        0.375837185230675E-05
   224.512314611733        0.366640742075173E-05
   222.517662187298        0.357618542671711E-05
   220.721536728837        0.348798211185865E-05
   219.105172520320        0.340126735488095E-05
   217.647211878316        0.331636617381626E-05
   216.326355141258        0.323573141912209E-05
   215.122975545208        0.316086568029672E-05
   214.020469682963        0.308042184936997E-05
   213.005804081112        0.300108636899867E-05
   212.069525868133        0.292933399721267E-05
   211.205276989938        0.285664510882964E-05
   210.409781475550        0.278272491017579E-05
   209.681965187158        0.271702486416439E-05
   209.021707227980        0.265006284728033E-05
   208.429148359532        0.259025344484379E-05
   207.903377182519        0.252169613394163E-05
   207.441732415940        0.246472116646038E-05
   207.039054403936        0.241626386308858E-05
   206.687961254721        0.236405415087011E-05
   206.380750984911        0.231978467919362E-05
   206.111117247776        0.228216970343885E-05
   205.871512219724        0.224999271354120E-05
   205.660828638321        0.221831657854895E-05
   205.494968509859        0.219476407095424E-05
   205.396174314600        0.217429741876782E-05
   205.394527186933        0.216207580960519E-05
   205.503556595190        0.215215066286671E-05
   205.739535201078        0.214237211945167E-05
   206.128129691472        0.257247589370331E-05
   206.638787275283        0.291347625064519E-05
   207.181869970359        0.332928215734272E-05
   208.217567721166        0.387675264269398E-05
   210.032037862230        0.503327954989801E-05
   213.627962376420        0.827770849346969E-05
   218.015898876073        0.148321859894767E-04
   222.387725731866        0.259131412215489E-04
   226.726645102367        0.441245478894585E-04
   231.012298683019        0.731820692136080E-04
   235.221000091874        0.118122843030946E-03
   239.326683301761        0.185389046876032E-03
   243.302684649704        0.282699648338795E-03
   247.124282180350        0.418673328699088E-03
   250.771682503635        0.602274141681529E-03
   254.231901410878        0.842205197466196E-03
   257.499334352394        0.114640186931959E-02
   260.575083204255        0.152171778845120E-02
   263.465472365005        0.197381022927813E-02
   266.180295981998        0.250716907216045E-02
   268.731208523740        0.312521490686071E-02
   271.130463699017        0.383040506821619E-02
   273.434348503229        0.465067041004432E-02
   275.807110410444        0.557950578855305E-02
   278.058883935075        0.646305285402959E-02
   280.216202763212        0.760131492870867E-02
   282.263334611286        0.869576708170782E-02
   284.227720038695        0.994411992354110E-02
   286.090929479334        0.112835345659655E-01
   287.025929911156        0.119563260559487E-01
