   215.521487554821        0.422449699530670E-05
   216.846185992666        0.451103972318842E-05
   218.222151176666        0.477467103179147E-05
   219.654725001309        0.501839435394424E-05
   221.136847229285        0.523086887134806E-05
   222.658117151571        0.542794695296146E-05
   224.208129618818        0.560369093268955E-05
   225.777297439972        0.575645744042099E-05
   227.357097698853        0.589904893537496E-05
   228.940281325158        0.602554050688994E-05
   230.521054415485        0.613832960228434E-05
   232.095159384591        0.623749134497928E-05
   233.659822652155        0.633413561833126E-05
   235.213577536490        0.641060056694498E-05
   236.755997077584        0.648267158848950E-05
   238.287384155363        0.655149924823385E-05
   239.808467975770        0.661165978570663E-05
   241.320148048676        0.666727591696927E-05
   242.823311413884        0.670999200490536E-05
   244.318730055119        0.676128953875671E-05
   245.807028155262        0.679503429904924E-05
   247.288697510870        0.682735688147429E-05
   248.764136325883        0.685477156621610E-05
   250.233690982329        0.687579005721244E-05
   251.697688863489        0.689673291837760E-05
   253.156458664160        0.691000000000000E-05
   254.653886370758        0.691000000000000E-05
   256.088967139897        0.691000000000000E-05
   257.104282260575        0.690000000000000E-05
   257.447374655967        0.686986523355331E-05
   257.061182496693        0.683924169089924E-05
   255.998636589320        0.678890915337007E-05
   254.370526486995        0.672987698875745E-05
   252.308683546462        0.666248451045512E-05
   249.937984170732        0.658824088581049E-05
   247.364030078102        0.651223824570145E-05
   244.673643899285        0.642429475832401E-05
   241.939461810807        0.633231711502478E-05
   239.225335366728        0.623785735753173E-05
   236.589839691048        0.614299171076069E-05
   234.086169087825        0.604554234266438E-05
   231.763760783166        0.594808249003277E-05
   229.651999318205        0.586174328374229E-05
   227.757615975935        0.575777165891688E-05
   226.071153257039        0.566556602508646E-05
   224.573061524855        0.557507032844648E-05
   223.238006952765        0.548618353891748E-05
   222.038761676598        0.539885605678068E-05
   220.949356555747        0.531296589718414E-05
   219.946792528205        0.522837614467368E-05
   219.012377613747        0.513549607069025E-05
   218.132422445024        0.505384065227759E-05
   217.298263742884        0.497352365001290E-05
   216.505970809798        0.489015130031692E-05
   215.755330988027        0.480669123781645E-05
   215.048753266280        0.473027153228406E-05
   214.390807443703        0.465494471184067E-05
   213.786430562283        0.458087622959480E-05
   213.238866524166        0.450803476551180E-05
   212.747992164168        0.444532756102414E-05
   212.309375580412        0.437654034495851E-05
   211.915371391900        0.432092369329285E-05
   211.556397473282        0.427168168157632E-05
   211.223301199324        0.422052122483224E-05
   210.906199453922        0.418231594818714E-05
   210.604362923543        0.414976844590288E-05
   210.329605939067        0.411775137464804E-05
   210.102749584710        0.409417515171368E-05
   209.949532524911        0.407351905573994E-05
   209.896149834515        0.406159893534577E-05
   209.963620949132        0.405159698323569E-05
   210.162444983213        0.404174950126589E-05
   210.489882118728        0.419815543027871E-05
   210.929203017909        0.513124048520599E-05
   211.441574407231        0.580307939120215E-05
   211.972107205285        0.659055975599418E-05
   212.967482394666        0.758101806410140E-05
   216.266561484151        0.118270078724249E-04
   220.608439338440        0.207688502194330E-04
   224.925530395864        0.355712401349540E-04
   229.199556461109        0.593888043561244E-04
   233.408873480054        0.965849802122773E-04
   237.529101366608        0.152878859882173E-03
   241.534531408439        0.235327104814693E-03
   245.400243513316        0.352079657334982E-03
   249.104569734781        0.511914269393597E-03
   252.631336266965        0.723646070661422E-03
   255.971261876138        0.995568662356425E-03
   259.121923765627        0.133503825852317E-02
   262.086719211121        0.174825457904584E-02
   264.873299439418        0.224021339141229E-02
   267.491940949294        0.281476535586542E-02
   269.954153788487        0.347471394480604E-02
   272.271643947966        0.422190421972548E-02
   274.622385964055        0.512440970125073E-02
   276.917421411477        0.602522167951933E-02
   279.117483432275        0.702651004960292E-02
   281.202949876015        0.814191238660719E-02
   283.189814839056        0.921378509680920E-02
   285.088718009425        0.105795052431133E-01
   286.037630870872        0.112626712335319E-01
