     ALT          P          T          FH2O           O3           THEAT        TCOOL        PSATCO2        FCO2
7.3828E+01  3.2610E-05 2.2678E+02    4.6684E-06    1.4585E-07    3.7621E+01   -7.7988E+01    7.8906E+00    2.2400E-04
7.2685E+01  3.8506E-05 2.2820E+02    4.8425E-06    1.8801E-07    5.4873E+00   -4.9408E+01    8.3384E+00    2.2400E-04
7.1545E+01  4.5411E-05 2.2968E+02    5.0006E-06    2.3640E-07    3.0789E+00   -3.0606E+01    8.8271E+00    2.2400E-04
7.0406E+01  5.3486E-05 2.3125E+02    5.1429E-06    2.8830E-07    3.0926E+00   -1.8975E+01    9.3627E+00    2.2400E-04
6.9269E+01  6.2918E-05 2.3287E+02    5.2696E-06    3.4082E-07    3.3253E+00   -1.2320E+01    9.9459E+00    2.2400E-04
6.8133E+01  7.3921E-05 2.3455E+02    5.3806E-06    3.9524E-07    3.5814E+00   -8.7709E+00    1.0576E+01    2.2400E-04
6.6998E+01  8.6737E-05 2.3626E+02    5.4814E-06    4.5329E-07    3.8564E+00   -7.0121E+00    1.1249E+01    2.2400E-04
6.5864E+01  1.0165E-04 2.3800E+02    5.5642E-06    5.1803E-07    4.1657E+00   -6.2143E+00    1.1965E+01    2.2400E-04
6.4731E+01  1.1897E-04 2.3976E+02    5.6429E-06    5.9039E-07    4.5256E+00   -5.9428E+00    1.2718E+01    2.2400E-04
6.3599E+01  1.3907E-04 2.4151E+02    5.7167E-06    6.7022E-07    4.9209E+00   -5.9303E+00    1.3507E+01    2.2400E-04
6.2469E+01  1.6237E-04 2.4326E+02    5.7779E-06    7.5824E-07    5.3502E+00   -6.0437E+00    1.4329E+01    2.2400E-04
6.1340E+01  1.8932E-04 2.4499E+02    5.8357E-06    8.5552E-07    5.8125E+00   -6.2253E+00    1.5180E+01    2.2400E-04
6.0213E+01  2.2047E-04 2.4671E+02    5.8822E-06    9.6273E-07    6.3014E+00   -6.4442E+00    1.6059E+01    2.2400E-04
5.9088E+01  2.5643E-04 2.4841E+02    5.9272E-06    1.0778E-06    6.7992E+00   -6.6908E+00    1.6966E+01    2.2400E-04
5.7965E+01  2.9787E-04 2.5010E+02    5.9661E-06    1.2061E-06    7.3160E+00   -6.9560E+00    1.7899E+01    2.2400E-04
5.6845E+01  3.4557E-04 2.5177E+02    5.9985E-06    1.3493E-06    7.8447E+00   -7.2129E+00    1.8860E+01    2.2400E-04
5.5727E+01  4.0041E-04 2.5342E+02    6.0309E-06    1.5060E-06    8.3578E+00   -7.4823E+00    1.9850E+01    2.2400E-04
5.4611E+01  4.6337E-04 2.5506E+02    6.0532E-06    1.6751E-06    8.8324E+00   -7.7522E+00    2.0869E+01    2.2400E-04
5.3499E+01  5.3554E-04 2.5669E+02    6.0754E-06    1.8684E-06    9.2885E+00   -8.0225E+00    2.1918E+01    2.2400E-04
5.2390E+01  6.1818E-04 2.5831E+02    6.0900E-06    2.0859E-06    9.6987E+00   -8.2829E+00    2.2999E+01    2.2400E-04
5.1284E+01  7.1268E-04 2.5992E+02    6.1000E-06    2.3273E-06    1.0032E+01   -8.5287E+00    2.4112E+01    2.2400E-04
5.0181E+01  8.2058E-04 2.6153E+02    6.1100E-06    2.5915E-06    1.0255E+01   -8.7660E+00    2.5259E+01    2.2400E-04
4.9082E+01  9.4363E-04 2.6314E+02    6.1062E-06    2.8689E-06    1.0328E+01   -9.0341E+00    2.6449E+01    2.2400E-04
4.7986E+01  1.0838E-03 2.6479E+02    6.1000E-06    3.1695E-06    1.0275E+01   -9.3631E+00    2.7719E+01    2.2400E-04
4.6894E+01  1.2431E-03 2.6614E+02    6.0824E-06    3.4830E-06    1.0068E+01   -9.5477E+00    2.8779E+01    2.2400E-04
4.5809E+01  1.4242E-03 2.6685E+02    6.0607E-06    3.8283E-06    9.7422E+00   -9.4651E+00    2.9350E+01    2.2400E-04
4.4733E+01  1.6295E-03 2.6683E+02    6.0284E-06    4.1936E-06    9.2871E+00   -9.1290E+00    2.9334E+01    2.2400E-04
4.3668E+01  1.8621E-03 2.6610E+02    5.9858E-06    4.5532E-06    8.7007E+00   -8.6070E+00    2.8752E+01    2.2400E-04
4.2619E+01  2.1252E-03 2.6477E+02    5.9307E-06    4.8860E-06    8.0235E+00   -7.9821E+00    2.7702E+01    2.2400E-04
4.1585E+01  2.4224E-03 2.6296E+02    5.8687E-06    5.1886E-06    7.3242E+00   -7.3258E+00    2.6316E+01    2.2400E-04
4.0570E+01  2.7577E-03 2.6079E+02    5.7978E-06    5.4486E-06    6.6467E+00   -6.6801E+00    2.4731E+01    2.2400E-04
3.9573E+01  3.1354E-03 2.5840E+02    5.7240E-06    5.6559E-06    6.0194E+00   -6.0689E+00    2.3057E+01    2.2400E-04
3.8596E+01  3.5604E-03 2.5585E+02    5.6422E-06    5.8282E-06    5.4683E+00   -5.5085E+00    2.1373E+01    2.2400E-04
3.7639E+01  4.0380E-03 2.5321E+02    5.5492E-06    5.9660E-06    4.9880E+00   -5.0068E+00    1.9723E+01    2.2400E-04
3.6702E+01  4.5737E-03 2.5051E+02    5.4614E-06    6.0686E-06    4.5662E+00   -4.5679E+00    1.8133E+01    2.2400E-04
3.5784E+01  5.1741E-03 2.4777E+02    5.3611E-06    6.1591E-06    4.1997E+00   -4.1843E+00    1.6618E+01    2.2400E-04
3.4886E+01  5.8459E-03 2.4501E+02    5.2613E-06    6.2309E-06    3.8704E+00   -3.8485E+00    1.5188E+01    2.2400E-04
3.4007E+01  6.5966E-03 2.4226E+02    5.1581E-06    6.2706E-06    3.5635E+00   -3.5455E+00    1.3856E+01    2.2400E-04
3.3148E+01  7.4343E-03 2.3956E+02    5.0550E-06    6.2900E-06    3.2777E+00   -3.2636E+00    1.2633E+01    2.2400E-04
3.2307E+01  8.3679E-03 2.3695E+02    4.9542E-06    6.2621E-06    3.0020E+00   -2.9934E+00    1.1528E+01    2.2400E-04
3.1484E+01  9.4068E-03 2.3447E+02    4.8554E-06    6.1954E-06    2.7388E+00   -2.7349E+00    1.0546E+01    2.2400E-04
3.0679E+01  1.0561E-02 2.3217E+02    4.7588E-06    6.0694E-06    2.4838E+00   -2.5188E+00    9.6911E+00    2.2400E-04
2.9890E+01  1.1843E-02 2.3007E+02    4.6565E-06    5.8806E-06    2.2393E+00   -2.2601E+00    8.9570E+00    2.2400E-04
2.9117E+01  1.3263E-02 2.2817E+02    4.5614E-06    5.6470E-06    2.0123E+00   -2.0183E+00    8.3303E+00    2.2400E-04
2.8358E+01  1.4834E-02 2.2646E+02    4.4704E-06    5.3728E-06    1.8047E+00   -1.7967E+00    7.7940E+00    2.2400E-04
2.7614E+01  1.6571E-02 2.2491E+02    4.3811E-06    5.0602E-06    1.6169E+00   -1.5970E+00    7.3308E+00    2.2400E-04
2.6883E+01  1.8488E-02 2.2349E+02    4.2935E-06    4.7233E-06    1.4504E+00   -1.4202E+00    6.9247E+00    2.2400E-04
2.6165E+01  2.0601E-02 2.2217E+02    4.2074E-06    4.3767E-06    1.3051E+00   -1.2660E+00    6.5622E+00    2.2400E-04
2.5459E+01  2.2927E-02 2.2092E+02    4.1228E-06    4.0238E-06    1.1780E+00   -1.1326E+00    6.2326E+00    2.2400E-04
2.4766E+01  2.5482E-02 2.1972E+02    4.0399E-06    3.6794E-06    1.0672E+00   -1.0169E+00    5.9282E+00    2.2400E-04
2.4086E+01  2.8287E-02 2.1856E+02    3.9682E-06    3.3310E-06    9.6667E-01   -9.1590E-01    5.6439E+00    2.2400E-04
2.3416E+01  3.1361E-02 2.1742E+02    3.8880E-06    3.0032E-06    8.7660E-01   -8.2433E-01    5.3772E+00    2.2400E-04
2.2759E+01  3.4726E-02 2.1632E+02    3.8094E-06    2.6972E-06    7.9439E-01   -7.3982E-01    5.0988E+00    2.2400E-04
2.2113E+01  3.8402E-02 2.1525E+02    3.7418E-06    2.4015E-06    7.1653E-01   -6.6245E-01    4.7478E+00    2.2400E-04
2.1479E+01  4.2415E-02 2.1422E+02    3.6658E-06    2.1281E-06    6.4372E-01   -5.9021E-01    4.4303E+00    2.2400E-04
2.0855E+01  4.6788E-02 2.1325E+02    3.5993E-06    1.8757E-06    5.7567E-01   -5.2358E-01    4.1461E+00    2.2400E-04
2.0243E+01  5.1547E-02 2.1234E+02    3.5378E-06    1.6430E-06    5.1229E-01   -4.6196E-01    3.8950E+00    2.2400E-04
1.9641E+01  5.6718E-02 2.1150E+02    3.4680E-06    1.4275E-06    4.5358E-01   -4.0429E-01    3.6761E+00    2.2400E-04
1.9049E+01  6.2329E-02 2.1075E+02    3.4089E-06    1.2302E-06    4.0023E-01   -3.5072E-01    3.4876E+00    2.2400E-04
1.8467E+01  6.8409E-02 2.1007E+02    3.3508E-06    1.0520E-06    3.5278E-01   -3.0066E-01    3.3271E+00    2.2400E-04
1.7895E+01  7.4988E-02 2.0949E+02    3.3010E-06    8.9182E-07    3.1126E-01   -2.5537E-01    3.1917E+00    2.2400E-04
1.7333E+01  8.2095E-02 2.0898E+02    3.2561E-06    7.4885E-07    2.7546E-01   -2.1628E-01    3.0782E+00    2.2400E-04
1.6779E+01  8.9763E-02 2.0854E+02    3.2119E-06    6.2203E-07    2.4490E-01   -1.8517E-01    2.9842E+00    2.2400E-04
1.6235E+01  9.8024E-02 2.0818E+02    3.1788E-06    5.0899E-07    2.1888E-01   -1.6395E-01    2.9076E+00    2.2400E-04
1.5699E+01  1.0691E-01 2.0788E+02    3.1467E-06    4.1045E-07    1.9582E-01   -1.1986E-01    2.8460E+00    2.2400E-04
1.5172E+01  1.1645E-01 2.0764E+02    3.1168E-06    3.2816E-07    1.7654E-01   -1.0823E-01    2.7984E+00    2.2400E-04
1.4653E+01  1.2669E-01 2.0748E+02    3.0960E-06    2.6066E-07    1.6081E-01   -1.0159E-01    2.7661E+00    2.2400E-04
1.4142E+01  1.3766E-01 2.0741E+02    3.0778E-06    2.0452E-07    1.4777E-01   -9.8937E-02    2.7515E+00    2.2400E-04
1.3639E+01  1.4938E-01 2.0744E+02    3.0678E-06    1.5845E-07    1.3706E-01   -9.8879E-02    2.7579E+00    2.2400E-04
1.3144E+01  1.6190E-01 2.0759E+02    3.0579E-06    1.2303E-07    1.2861E-01   -9.7954E-02    2.7879E+00    2.2400E-04
1.2656E+01  1.7524E-01 2.0786E+02    3.0555E-06    9.9513E-08    1.2250E-01   -9.3006E-02    2.8425E+00    2.2400E-04
1.2176E+01  1.8945E-01 2.0824E+02    3.1137E-06    8.3393E-08    1.1854E-01   -8.7556E-02    2.9213E+00    2.2400E-04
1.1702E+01  2.0455E-01 2.0871E+02    3.7639E-06    7.1019E-08    1.1832E-01   -9.6074E-02    3.0216E+00    2.2400E-04
1.1234E+01  2.2058E-01 2.0924E+02    4.2508E-06    6.1854E-08    1.1810E-01   -6.6672E-02    3.1364E+00    2.2400E-04
1.0774E+01  2.3756E-01 2.0977E+02    4.8305E-06    5.6695E-08    1.1904E-01   -7.1424E-02    3.2576E+00    2.2400E-04
1.0319E+01  2.5552E-01 2.1145E+02    6.1257E-06    5.3397E-08    1.2357E-01   -6.9059E-02    3.6633E+00    2.2400E-04
9.8688E+00  2.7450E-01 2.1280E+02    7.4114E-06    5.0773E-08    1.2953E-01   -1.5783E-01    4.0221E+00    2.2400E-04
9.4206E+00  2.9452E-01 2.1717E+02    1.3304E-05    4.8391E-08    1.5586E-01   -5.4334E-01    5.3189E+00    2.2400E-04
8.9716E+00  3.1560E-01 2.2152E+02    2.3279E-05    4.6165E-08    1.9585E-01   -9.4867E-01    6.3893E+00    2.2400E-04
8.5221E+00  3.3776E-01 2.2584E+02    3.9718E-05    4.3959E-08    2.4855E-01   -1.3580E+00    7.6063E+00    2.2400E-04
8.0725E+00  3.6103E-01 2.3012E+02    6.6047E-05    4.1746E-08    3.1151E-01   -1.7251E+00    8.9734E+00    2.2400E-04
7.6232E+00  3.8540E-01 2.3432E+02    1.0695E-04    3.9591E-08    3.7935E-01   -2.0037E+00    1.0489E+01    2.2400E-04
7.1749E+00  4.1091E-01 2.3843E+02    1.6850E-04    3.7457E-08    4.4998E-01   -2.1900E+00    1.2146E+01    2.2400E-04
6.7278E+00  4.3755E-01 2.4242E+02    2.5806E-04    3.5405E-08    5.2638E-01   -2.3094E+00    1.3930E+01    2.2400E-04
6.2826E+00  4.6534E-01 2.4626E+02    3.8402E-04    3.3355E-08    6.0328E-01   -2.3500E+00    1.5825E+01    2.2400E-04
5.8399E+00  4.9426E-01 2.4993E+02    5.5525E-04    3.1310E-08    6.6654E-01   -2.3486E+00    1.7807E+01    2.2400E-04
5.4002E+00  5.2432E-01 2.5343E+02    7.8052E-04    2.9351E-08    7.1073E-01   -2.3240E+00    1.9854E+01    2.2400E-04
4.9641E+00  5.5551E-01 2.5673E+02    1.0680E-03    2.7427E-08    7.4268E-01   -2.3021E+00    2.1943E+01    2.2400E-04
4.5322E+00  5.8781E-01 2.5984E+02    1.4247E-03    2.5570E-08    7.6849E-01   -2.2528E+00    2.4055E+01    2.2400E-04
4.1050E+00  6.2121E-01 2.6277E+02    1.8566E-03    2.3807E-08    7.8742E-01   -2.1862E+00    2.6173E+01    2.2400E-04
3.6829E+00  6.5567E-01 2.6552E+02    2.3685E-03    2.2153E-08    7.9674E-01   -2.1155E+00    2.8286E+01    2.2400E-04
3.2665E+00  6.9118E-01 2.6810E+02    2.9640E-03    2.0660E-08    7.9704E-01   -2.0140E+00    3.0383E+01    2.2400E-04
2.8562E+00  7.2769E-01 2.7053E+02    3.6457E-03    1.9171E-08    7.9145E-01   -1.8553E+00    3.2458E+01    2.2400E-04
2.4524E+00  7.6517E-01 2.7282E+02    4.4154E-03    1.7894E-08    7.8285E-01   -1.7080E+00    3.4506E+01    2.2400E-04
2.0553E+00  8.0356E-01 2.7522E+02    5.3548E-03    1.6742E-08    7.7762E-01   -1.6241E+00    3.6756E+01    2.2400E-04
1.6650E+00  8.4281E-01 2.7749E+02    6.2464E-03    1.5708E-08    7.5533E-01   -1.5335E+00    3.8985E+01    2.2400E-04
1.2818E+00  8.8287E-01 2.7967E+02    7.3177E-03    1.4868E-08    7.4124E-01   -1.5380E+00    4.1217E+01    2.2400E-04
9.0614E-01  9.2367E-01 2.8174E+02    8.4219E-03    1.4175E-08    7.2783E-01   -1.6065E+00    4.3420E+01    2.2400E-04
5.3820E-01  9.6513E-01 2.8372E+02    9.5842E-03    1.3599E-08    7.2407E-01   -1.8070E+00    4.5613E+01    2.2400E-04
1.7825E-01  1.0072E+00 2.8560E+02    1.0936E-02    1.3103E-08    7.4290E-01   -2.0572E+00    4.7775E+01    2.2400E-04
0.0000E+00  1.0286E+00 2.8654E+02    1.1614E-02    1.3200E-08    7.8962E+00   -3.5126E+00    4.8887E+01    2.2400E-04
