     ALT          P          T          FH2O           O3           THEAT        TCOOL        PSATCO2        FCO2
7.3833E+01  3.2610E-05 2.2652E+02    4.9752E-06    1.4326E-07    3.7570E+01   -7.7520E+01    7.8112E+00    2.2300E-04
7.2692E+01  3.8506E-05 2.2794E+02    5.1694E-06    1.8426E-07    5.4941E+00   -4.9321E+01    8.2547E+00    2.2300E-04
7.1553E+01  4.5410E-05 2.2942E+02    5.3376E-06    2.3210E-07    3.0613E+00   -3.0707E+01    8.7388E+00    2.2300E-04
7.0416E+01  5.3486E-05 2.3098E+02    5.4802E-06    2.8258E-07    3.0639E+00   -1.9157E+01    9.2696E+00    2.2300E-04
6.9280E+01  6.2917E-05 2.3260E+02    5.6166E-06    3.3466E-07    3.2935E+00   -1.2524E+01    9.8477E+00    2.2300E-04
6.8146E+01  7.3919E-05 2.3428E+02    5.7306E-06    3.8821E-07    3.5455E+00   -8.9632E+00    1.0472E+01    2.2300E-04
6.7012E+01  8.6736E-05 2.3599E+02    5.8392E-06    4.4579E-07    3.8181E+00   -7.1864E+00    1.1141E+01    2.2300E-04
6.5880E+01  1.0165E-04 2.3773E+02    5.9298E-06    5.0949E-07    4.1228E+00   -6.3728E+00    1.1850E+01    2.2300E-04
6.4748E+01  1.1897E-04 2.3948E+02    6.0203E-06    5.8133E-07    4.4802E+00   -6.0840E+00    1.2598E+01    2.2300E-04
6.3618E+01  1.3907E-04 2.4124E+02    6.0881E-06    6.6008E-07    4.8707E+00   -6.0468E+00    1.3381E+01    2.2300E-04
6.2489E+01  1.6236E-04 2.4298E+02    6.1558E-06    7.4788E-07    5.2994E+00   -6.1422E+00    1.4197E+01    2.2300E-04
6.1362E+01  1.8932E-04 2.4472E+02    6.2157E-06    8.4429E-07    5.7583E+00   -6.3037E+00    1.5042E+01    2.2300E-04
6.0237E+01  2.2047E-04 2.4644E+02    6.2707E-06    9.4972E-07    6.2405E+00   -6.5049E+00    1.5916E+01    2.2300E-04
5.9113E+01  2.5642E-04 2.4814E+02    6.3157E-06    1.0639E-06    6.7360E+00   -6.7301E+00    1.6816E+01    2.2300E-04
5.7992E+01  2.9786E-04 2.4982E+02    6.3605E-06    1.1912E-06    7.2511E+00   -6.9776E+00    1.7744E+01    2.2300E-04
5.6873E+01  3.4556E-04 2.5149E+02    6.3953E-06    1.3332E-06    7.7790E+00   -7.2169E+00    1.8699E+01    2.2300E-04
5.5756E+01  4.0039E-04 2.5314E+02    6.4300E-06    1.4899E-06    8.2969E+00   -7.4670E+00    1.9683E+01    2.2300E-04
5.4642E+01  4.6334E-04 2.5479E+02    6.4523E-06    1.6578E-06    8.7729E+00   -7.7179E+00    2.0695E+01    2.2300E-04
5.3531E+01  5.3552E-04 2.5641E+02    6.4745E-06    1.8499E-06    9.2311E+00   -7.9713E+00    2.1737E+01    2.2300E-04
5.2423E+01  6.1815E-04 2.5803E+02    6.4967E-06    2.0660E-06    9.6446E+00   -8.2186E+00    2.2811E+01    2.2300E-04
5.1319E+01  7.1264E-04 2.5964E+02    6.5088E-06    2.3060E-06    9.9823E+00   -8.4509E+00    2.3917E+01    2.2300E-04
5.0217E+01  8.2054E-04 2.6125E+02    6.5100E-06    2.5700E-06    1.0217E+01   -8.6689E+00    2.5055E+01    2.2300E-04
4.9119E+01  9.4358E-04 2.6284E+02    6.5100E-06    2.8551E-06    1.0319E+01   -8.9325E+00    2.6229E+01    2.2300E-04
4.8025E+01  1.0837E-03 2.6453E+02    6.5100E-06    3.1487E-06    1.0257E+01   -9.2779E+00    2.7515E+01    2.2300E-04
4.6935E+01  1.2431E-03 2.6594E+02    6.4935E-06    3.4660E-06    1.0064E+01   -9.4936E+00    2.8622E+01    2.2300E-04
4.5850E+01  1.4241E-03 2.6671E+02    6.4719E-06    3.8098E-06    9.7413E+00   -9.4363E+00    2.9243E+01    2.2300E-04
4.4775E+01  1.6294E-03 2.6675E+02    6.4407E-06    4.1741E-06    9.2876E+00   -9.1175E+00    2.9270E+01    2.2300E-04
4.3711E+01  1.8619E-03 2.6607E+02    6.3981E-06    4.5257E-06    8.6948E+00   -8.6042E+00    2.8721E+01    2.2300E-04
4.2661E+01  2.1250E-03 2.6476E+02    6.3542E-06    4.8686E-06    8.0320E+00   -7.9892E+00    2.7694E+01    2.2300E-04
4.1628E+01  2.4222E-03 2.6297E+02    6.2922E-06    5.1660E-06    7.3282E+00   -7.3349E+00    2.6323E+01    2.2300E-04
4.0613E+01  2.7575E-03 2.6082E+02    6.2213E-06    5.4317E-06    6.6549E+00   -6.6918E+00    2.4747E+01    2.2300E-04
3.9616E+01  3.1352E-03 2.5843E+02    6.1487E-06    5.6453E-06    6.0302E+00   -6.0821E+00    2.3078E+01    2.2300E-04
3.8639E+01  3.5601E-03 2.5589E+02    6.0681E-06    5.8165E-06    5.4754E+00   -5.5211E+00    2.1395E+01    2.2300E-04
3.7682E+01  4.0376E-03 2.5325E+02    5.9739E-06    5.9505E-06    4.9912E+00   -5.0183E+00    1.9747E+01    2.2300E-04
3.6745E+01  4.5733E-03 2.5055E+02    5.8887E-06    6.0613E-06    4.5724E+00   -4.5802E+00    1.8159E+01    2.2300E-04
3.5827E+01  5.1736E-03 2.4782E+02    5.7883E-06    6.1531E-06    4.2051E+00   -4.1967E+00    1.6645E+01    2.2300E-04
3.4929E+01  5.8454E-03 2.4507E+02    5.6905E-06    6.2197E-06    3.8730E+00   -3.8608E+00    1.5218E+01    2.2300E-04
3.4051E+01  6.5960E-03 2.4233E+02    5.5850E-06    6.2683E-06    3.5689E+00   -3.5590E+00    1.3889E+01    2.2300E-04
3.3191E+01  7.4336E-03 2.3964E+02    5.4819E-06    6.2887E-06    3.2830E+00   -3.2780E+00    1.2669E+01    2.2300E-04
3.2350E+01  8.3670E-03 2.3705E+02    5.3810E-06    6.2637E-06    3.0074E+00   -3.0087E+00    1.1568E+01    2.2300E-04
3.1527E+01  9.4058E-03 2.3459E+02    5.2822E-06    6.1922E-06    2.7422E+00   -2.7510E+00    1.0590E+01    2.2300E-04
3.0721E+01  1.0560E-02 2.3230E+02    5.1856E-06    6.0626E-06    2.4861E+00   -2.5353E+00    9.7395E+00    2.2300E-04
2.9932E+01  1.1841E-02 2.3023E+02    5.0908E-06    5.8784E-06    2.2425E+00   -2.2785E+00    9.0109E+00    2.2300E-04
2.9158E+01  1.3261E-02 2.2836E+02    4.9980E-06    5.6457E-06    2.0155E+00   -2.0385E+00    8.3904E+00    2.2300E-04
2.8399E+01  1.4833E-02 2.2668E+02    4.8997E-06    5.3658E-06    1.8066E+00   -1.8180E+00    7.8609E+00    2.2300E-04
2.7654E+01  1.6570E-02 2.2517E+02    4.8075E-06    5.0615E-06    1.6201E+00   -1.6197E+00    7.4050E+00    2.2300E-04
2.6923E+01  1.8486E-02 2.2378E+02    4.7197E-06    4.7178E-06    1.4522E+00   -1.4447E+00    7.0067E+00    2.2300E-04
2.6204E+01  2.0599E-02 2.2250E+02    4.6335E-06    4.3723E-06    1.3068E+00   -1.2923E+00    6.6522E+00    2.2300E-04
2.5497E+01  2.2924E-02 2.2130E+02    4.5487E-06    4.0180E-06    1.1793E+00   -1.1609E+00    6.3307E+00    2.2300E-04
2.4803E+01  2.5479E-02 2.2014E+02    4.4746E-06    3.6723E-06    1.0683E+00   -1.0475E+00    6.0343E+00    2.2300E-04
2.4121E+01  2.8284E-02 2.1903E+02    4.3936E-06    3.3301E-06    9.6873E-01   -9.4759E-01    5.7578E+00    2.2300E-04
2.3451E+01  3.1357E-02 2.1794E+02    4.3132E-06    3.0008E-06    8.7830E-01   -8.5762E-01    5.4980E+00    2.2300E-04
2.2792E+01  3.4721E-02 2.1689E+02    4.2342E-06    2.6862E-06    7.9483E-01   -7.7522E-01    5.2539E+00    2.2300E-04
2.2144E+01  3.8398E-02 2.1586E+02    4.1665E-06    2.3989E-06    7.1816E-01   -6.9860E-01    4.9457E+00    2.2300E-04
2.1508E+01  4.2410E-02 2.1488E+02    4.0901E-06    2.1232E-06    6.4505E-01   -6.2769E-01    4.6304E+00    2.2300E-04
2.0883E+01  4.6782E-02 2.1394E+02    4.0226E-06    1.8688E-06    5.7678E-01   -5.6218E-01    4.3475E+00    2.2300E-04
2.0268E+01  5.1540E-02 2.1307E+02    3.9515E-06    1.6444E-06    5.1448E-01   -4.9957E-01    4.0965E+00    2.2300E-04
1.9664E+01  5.6710E-02 2.1227E+02    3.8909E-06    1.4275E-06    4.5564E-01   -4.4268E-01    3.8769E+00    2.2300E-04
1.9071E+01  6.2320E-02 2.1154E+02    3.8315E-06    1.2285E-06    4.0198E-01   -3.8953E-01    3.6873E+00    2.2300E-04
1.8487E+01  6.8400E-02 2.1090E+02    3.7731E-06    1.0498E-06    3.5436E-01   -3.3937E-01    3.5255E+00    2.2300E-04
1.7912E+01  7.4977E-02 2.1033E+02    3.7158E-06    8.9061E-07    3.1289E-01   -2.9297E-01    3.3887E+00    2.2300E-04
1.7348E+01  8.2084E-02 2.0984E+02    3.6675E-06    7.4782E-07    2.7708E-01   -2.5275E-01    3.2738E+00    2.2300E-04
1.6792E+01  8.9751E-02 2.0942E+02    3.6231E-06    6.2107E-07    2.4650E-01   -2.2035E-01    3.1780E+00    2.2300E-04
1.6245E+01  9.8010E-02 2.0907E+02    3.5895E-06    5.0846E-07    2.2048E-01   -1.9735E-01    3.0992E+00    2.2300E-04
1.5707E+01  1.0689E-01 2.0878E+02    3.5573E-06    4.1017E-07    1.9745E-01   -1.5231E-01    3.0349E+00    2.2300E-04
1.5178E+01  1.1644E-01 2.0854E+02    3.5270E-06    3.2812E-07    1.7816E-01   -1.3821E-01    2.9842E+00    2.2300E-04
1.4657E+01  1.2667E-01 2.0837E+02    3.5062E-06    2.6039E-07    1.6237E-01   -1.2945E-01    2.9483E+00    2.2300E-04
1.4144E+01  1.3763E-01 2.0828E+02    3.4879E-06    2.0469E-07    1.4935E-01   -1.2413E-01    2.9292E+00    2.2300E-04
1.3640E+01  1.4936E-01 2.0829E+02    3.4755E-06    1.5840E-07    1.3857E-01   -1.2250E-01    2.9320E+00    2.2300E-04
1.3142E+01  1.6187E-01 2.0842E+02    3.4600E-06    1.2287E-07    1.3005E-01   -1.2027E-01    2.9585E+00    2.2300E-04
1.2653E+01  1.7521E-01 2.0866E+02    3.4619E-06    9.9332E-08    1.2393E-01   -1.1367E-01    3.0093E+00    2.2300E-04
1.2170E+01  1.8942E-01 2.0898E+02    3.5071E-06    8.3196E-08    1.1987E-01   -1.0417E-01    3.0799E+00    2.2300E-04
1.1695E+01  2.0452E-01 2.0945E+02    4.1983E-06    7.0833E-08    1.1965E-01   -1.1406E-01    3.1831E+00    2.2300E-04
1.1226E+01  2.2054E-01 2.0996E+02    4.9376E-06    6.1725E-08    1.1964E-01   -1.0477E-01    3.3013E+00    2.2300E-04
1.0764E+01  2.3752E-01 2.1063E+02    5.4339E-06    5.6466E-08    1.2097E-01   -1.0108E-01    3.4589E+00    2.2300E-04
1.0308E+01  2.5548E-01 2.1178E+02    6.4094E-06    5.3293E-08    1.2356E-01   -5.4706E-02    3.7480E+00    2.2300E-04
9.8573E+00  2.7446E-01 2.1286E+02    7.4675E-06    5.0697E-08    1.2797E-01   -1.1720E-01    4.0371E+00    2.2300E-04
9.4094E+00  2.9447E-01 2.1689E+02    1.2821E-05    4.8392E-08    1.5132E-01   -4.6785E-01    5.2538E+00    2.2300E-04
8.9611E+00  3.1555E-01 2.2123E+02    2.2452E-05    4.6147E-08    1.8975E-01   -8.7599E-01    6.3132E+00    2.2300E-04
8.5122E+00  3.3771E-01 2.2555E+02    3.8345E-05    4.3949E-08    2.4147E-01   -1.2934E+00    7.5185E+00    2.2300E-04
8.0633E+00  3.6096E-01 2.2982E+02    6.3833E-05    4.1756E-08    3.0393E-01   -1.6726E+00    8.8733E+00    2.2300E-04
7.6148E+00  3.8534E-01 2.3403E+02    1.0349E-04    3.9570E-08    3.7178E-01   -1.9645E+00    1.0376E+01    2.2300E-04
7.1670E+00  4.1084E-01 2.3814E+02    1.6326E-04    3.7496E-08    4.4250E-01   -2.1612E+00    1.2021E+01    2.2300E-04
6.7206E+00  4.3748E-01 2.4213E+02    2.5042E-04    3.5366E-08    5.1885E-01   -2.2889E+00    1.3795E+01    2.2300E-04
6.2761E+00  4.6526E-01 2.4598E+02    3.7326E-04    3.3320E-08    5.9627E-01   -2.3362E+00    1.5679E+01    2.2300E-04
5.8340E+00  4.9418E-01 2.4966E+02    5.4062E-04    3.1363E-08    6.6083E-01   -2.3377E+00    1.7653E+01    2.2300E-04
5.3948E+00  5.2423E-01 2.5316E+02    7.6129E-04    2.9424E-08    7.0628E-01   -2.3158E+00    1.9694E+01    2.2300E-04
4.9593E+00  5.5541E-01 2.5648E+02    1.0435E-03    2.7563E-08    7.3897E-01   -2.2955E+00    2.1779E+01    2.2300E-04
4.5279E+00  5.8771E-01 2.5960E+02    1.3943E-03    2.5748E-08    7.6529E-01   -2.2491E+00    2.3888E+01    2.2300E-04
4.1011E+00  6.2110E-01 2.6254E+02    1.8199E-03    2.3989E-08    7.8490E-01   -2.1837E+00    2.6004E+01    2.2300E-04
3.6795E+00  6.5556E-01 2.6530E+02    2.3250E-03    2.2324E-08    7.9500E-01   -2.1147E+00    2.8116E+01    2.2300E-04
3.2635E+00  6.9106E-01 2.6790E+02    2.9134E-03    2.0751E-08    7.9594E-01   -2.0168E+00    3.0213E+01    2.2300E-04
2.8536E+00  7.2756E-01 2.7034E+02    3.5877E-03    1.9261E-08    7.9082E-01   -1.8632E+00    3.2289E+01    2.2300E-04
2.4502E+00  7.6503E-01 2.7264E+02    4.3498E-03    1.7987E-08    7.8261E-01   -1.7141E+00    3.4338E+01    2.2300E-04
2.0534E+00  8.0341E-01 2.7502E+02    5.2777E-03    1.6836E-08    7.7762E-01   -1.6248E+00    3.6564E+01    2.2300E-04
1.6635E+00  8.4266E-01 2.7730E+02    6.1723E-03    1.5804E-08    7.5652E-01   -1.5354E+00    3.8791E+01    2.2300E-04
1.2807E+00  8.8271E-01 2.7949E+02    7.2203E-03    1.4966E-08    7.4146E-01   -1.5332E+00    4.1023E+01    2.2300E-04
9.0536E-01  9.2350E-01 2.8156E+02    8.3282E-03    1.4274E-08    7.2871E-01   -1.6006E+00    4.3226E+01    2.2300E-04
5.3774E-01  9.6495E-01 2.8354E+02    9.4607E-03    1.3699E-08    7.2356E-01   -1.7937E+00    4.5415E+01    2.2300E-04
1.7810E-01  1.0070E+00 2.8543E+02    1.0817E-02    1.3202E-08    7.4314E-01   -2.0465E+00    4.7577E+01    2.2300E-04
0.0000E+00  1.0284E+00 2.8637E+02    1.1497E-02    1.3300E-08    7.9026E+00   -3.5258E+00    4.8688E+01    2.2300E-04
