     ALT          P          T          FH2O           O3           THEAT        TCOOL        PSATCO2        FCO2
7.3813E+01  3.2610E-05 2.2622E+02    5.3472E-06    1.4000E-07    3.7517E+01   -7.7051E+01    7.7205E+00    2.2200E-04
7.2674E+01  3.8506E-05 2.2764E+02    5.5435E-06    1.8074E-07    5.5025E+00   -4.9227E+01    8.1591E+00    2.2200E-04
7.1537E+01  4.5410E-05 2.2912E+02    5.7239E-06    2.2710E-07    3.0420E+00   -3.0815E+01    8.6380E+00    2.2200E-04
7.0401E+01  5.3485E-05 2.3067E+02    5.8817E-06    2.7713E-07    3.0378E+00   -1.9362E+01    9.1631E+00    2.2200E-04
6.9267E+01  6.2917E-05 2.3229E+02    6.0279E-06    3.2817E-07    3.2618E+00   -1.2748E+01    9.7355E+00    2.2200E-04
6.8134E+01  7.3919E-05 2.3397E+02    6.1515E-06    3.8041E-07    3.5077E+00   -9.1802E+00    1.0354E+01    2.2200E-04
6.7002E+01  8.6735E-05 2.3568E+02    6.2647E-06    4.3768E-07    3.7785E+00   -7.3897E+00    1.1016E+01    2.2200E-04
6.5871E+01  1.0164E-04 2.3742E+02    6.3678E-06    5.0079E-07    4.0802E+00   -6.5571E+00    1.1719E+01    2.2200E-04
6.4741E+01  1.1897E-04 2.3917E+02    6.4507E-06    5.7054E-07    4.4277E+00   -6.2393E+00    1.2461E+01    2.2200E-04
6.3613E+01  1.3907E-04 2.4092E+02    6.5382E-06    6.4891E-07    4.8164E+00   -6.1877E+00    1.3237E+01    2.2200E-04
6.2486E+01  1.6236E-04 2.4267E+02    6.6058E-06    7.3584E-07    5.2416E+00   -6.2590E+00    1.4046E+01    2.2200E-04
6.1360E+01  1.8931E-04 2.4440E+02    6.6734E-06    8.3108E-07    5.6965E+00   -6.3991E+00    1.4885E+01    2.2200E-04
6.0236E+01  2.2046E-04 2.4612E+02    6.7305E-06    9.3630E-07    6.1806E+00   -6.5764E+00    1.5752E+01    2.2200E-04
5.9114E+01  2.5641E-04 2.4782E+02    6.7754E-06    1.0533E-06    6.6912E+00   -6.7785E+00    1.6646E+01    2.2200E-04
5.7994E+01  2.9785E-04 2.4951E+02    6.8202E-06    1.1803E-06    7.2058E+00   -7.0024E+00    1.7567E+01    2.2200E-04
5.6877E+01  3.4555E-04 2.5118E+02    6.8575E-06    1.3145E-06    7.7031E+00   -7.2218E+00    1.8516E+01    2.2200E-04
5.5761E+01  4.0038E-04 2.5283E+02    6.8995E-06    1.4683E-06    8.2131E+00   -7.4516E+00    1.9492E+01    2.2200E-04
5.4649E+01  4.6333E-04 2.5447E+02    6.9220E-06    1.6377E-06    8.7027E+00   -7.6841E+00    2.0497E+01    2.2200E-04
5.3540E+01  5.3550E-04 2.5610E+02    6.9442E-06    1.8314E-06    9.1765E+00   -7.9212E+00    2.1532E+01    2.2200E-04
5.2433E+01  6.1813E-04 2.5772E+02    6.9663E-06    2.0490E-06    9.6020E+00   -8.1541E+00    2.2598E+01    2.2200E-04
5.1330E+01  7.1262E-04 2.5933E+02    6.9800E-06    2.2820E-06    9.9262E+00   -8.3718E+00    2.3696E+01    2.2200E-04
5.0230E+01  8.2051E-04 2.6093E+02    6.9900E-06    2.5450E-06    1.0168E+01   -8.5816E+00    2.4827E+01    2.2200E-04
4.9134E+01  9.4354E-04 2.6252E+02    6.9900E-06    2.8297E-06    1.0281E+01   -8.8338E+00    2.5992E+01    2.2200E-04
4.8041E+01  1.0837E-03 2.6421E+02    6.9900E-06    3.1278E-06    1.0242E+01   -9.1785E+00    2.7264E+01    2.2200E-04
4.6952E+01  1.2430E-03 2.6565E+02    6.9800E-06    3.4487E-06    1.0065E+01   -9.4181E+00    2.8392E+01    2.2200E-04
4.5869E+01  1.4240E-03 2.6649E+02    6.9624E-06    3.7914E-06    9.7457E+00   -9.3917E+00    2.9060E+01    2.2200E-04
4.4794E+01  1.6293E-03 2.6658E+02    6.9309E-06    4.1548E-06    9.2938E+00   -9.0980E+00    2.9135E+01    2.2200E-04
4.3731E+01  1.8619E-03 2.6595E+02    6.8892E-06    4.5065E-06    8.7032E+00   -8.6017E+00    2.8626E+01    2.2200E-04
4.2682E+01  2.1249E-03 2.6468E+02    6.8459E-06    4.8503E-06    8.0428E+00   -7.9961E+00    2.7626E+01    2.2200E-04
4.1649E+01  2.4221E-03 2.6290E+02    6.7839E-06    5.1581E-06    7.3472E+00   -7.3477E+00    2.6272E+01    2.2200E-04
4.0634E+01  2.7573E-03 2.6076E+02    6.7130E-06    5.4177E-06    6.6656E+00   -6.7044E+00    2.4703E+01    2.2200E-04
3.9638E+01  3.1350E-03 2.5837E+02    6.6410E-06    5.6401E-06    6.0442E+00   -6.0960E+00    2.3037E+01    2.2200E-04
3.8661E+01  3.5599E-03 2.5582E+02    6.5611E-06    5.8141E-06    5.4884E+00   -5.5350E+00    2.1355E+01    2.2200E-04
3.7704E+01  4.0374E-03 2.5318E+02    6.4754E-06    5.9555E-06    5.0053E+00   -5.0326E+00    1.9706E+01    2.2200E-04
3.6767E+01  4.5731E-03 2.5048E+02    6.3817E-06    6.0679E-06    4.5844E+00   -4.5929E+00    1.8117E+01    2.2200E-04
3.5850E+01  5.1734E-03 2.4774E+02    6.2900E-06    6.1600E-06    4.2153E+00   -4.2082E+00    1.6603E+01    2.2200E-04
3.4952E+01  5.8450E-03 2.4499E+02    6.1842E-06    6.2338E-06    3.8842E+00   -3.8714E+00    1.5176E+01    2.2200E-04
3.4074E+01  6.5956E-03 2.4224E+02    6.0888E-06    6.2835E-06    3.5789E+00   -3.5695E+00    1.3848E+01    2.2200E-04
3.3215E+01  7.4332E-03 2.3955E+02    5.9857E-06    6.3000E-06    3.2905E+00   -3.2880E+00    1.2630E+01    2.2200E-04
3.2374E+01  8.3665E-03 2.3696E+02    5.8848E-06    6.2850E-06    3.0167E+00   -3.0195E+00    1.1531E+01    2.2200E-04
3.1552E+01  9.4053E-03 2.3450E+02    5.7861E-06    6.2061E-06    2.7489E+00   -2.7620E+00    1.0556E+01    2.2200E-04
3.0747E+01  1.0560E-02 2.3222E+02    5.6895E-06    6.0892E-06    2.4952E+00   -2.5464E+00    9.7101E+00    2.2200E-04
2.9958E+01  1.1841E-02 2.3015E+02    5.5848E-06    5.9035E-06    2.2507E+00   -2.2891E+00    8.9857E+00    2.2200E-04
2.9184E+01  1.3260E-02 2.2829E+02    5.4920E-06    5.6672E-06    2.0222E+00   -2.0491E+00    8.3695E+00    2.2200E-04
2.8425E+01  1.4832E-02 2.2663E+02    5.4009E-06    5.3892E-06    1.8132E+00   -1.8293E+00    7.8445E+00    2.2200E-04
2.7681E+01  1.6568E-02 2.2513E+02    5.3116E-06    5.0772E-06    1.6251E+00   -1.6313E+00    7.3933E+00    2.2200E-04
2.6949E+01  1.8485E-02 2.2376E+02    5.2238E-06    4.7401E-06    1.4581E+00   -1.4565E+00    6.9998E+00    2.2200E-04
2.6230E+01  2.0597E-02 2.2250E+02    5.1376E-06    4.3897E-06    1.3117E+00   -1.3045E+00    6.6504E+00    2.2200E-04
2.5524E+01  2.2922E-02 2.2131E+02    5.0528E-06    4.0302E-06    1.1831E+00   -1.1737E+00    6.3342E+00    2.2200E-04
2.4830E+01  2.5477E-02 2.2018E+02    4.9695E-06    3.6786E-06    1.0710E+00   -1.0608E+00    6.0435E+00    2.2200E-04
2.4148E+01  2.8282E-02 2.1909E+02    4.8876E-06    3.3370E-06    9.7148E-01   -9.6173E-01    5.7728E+00    2.2200E-04
2.3477E+01  3.1355E-02 2.1803E+02    4.8071E-06    3.0064E-06    8.8114E-01   -8.7292E-01    5.5191E+00    2.2200E-04
2.2818E+01  3.4719E-02 2.1701E+02    4.7281E-06    2.6999E-06    7.9887E-01   -7.9101E-01    5.2810E+00    2.2200E-04
2.2170E+01  3.8395E-02 2.1601E+02    4.6603E-06    2.4032E-06    7.2092E-01   -7.1625E-01    4.9955E+00    2.2200E-04
2.1534E+01  4.2406E-02 2.1506E+02    4.5839E-06    2.1263E-06    6.4769E-01   -6.4675E-01    4.6881E+00    2.2200E-04
2.0908E+01  4.6778E-02 2.1416E+02    4.5088E-06    1.8777E-06    5.8017E-01   -5.8156E-01    4.4127E+00    2.2200E-04
2.0293E+01  5.1536E-02 2.1333E+02    4.4442E-06    1.6452E-06    5.1683E-01   -5.2180E-01    4.1694E+00    2.2200E-04
1.9688E+01  5.6706E-02 2.1257E+02    4.3824E-06    1.4289E-06    4.5809E-01   -4.6634E-01    3.9578E+00    2.2200E-04
1.9093E+01  6.2315E-02 2.1189E+02    4.3142E-06    1.2373E-06    4.0541E-01   -4.1269E-01    3.7763E+00    2.2200E-04
1.8508E+01  6.8394E-02 2.1129E+02    4.2557E-06    1.0557E-06    3.5739E-01   -3.6410E-01    3.6227E+00    2.2200E-04
1.7933E+01  7.4971E-02 2.1077E+02    4.2046E-06    8.9399E-07    3.1547E-01   -3.1964E-01    3.4944E+00    2.2200E-04
1.7367E+01  8.2077E-02 2.1033E+02    4.1593E-06    7.5097E-07    2.7955E-01   -2.8044E-01    3.3883E+00    2.2200E-04
1.6810E+01  8.9743E-02 2.0996E+02    4.1147E-06    6.2439E-07    2.4894E-01   -2.4836E-01    3.3014E+00    2.2200E-04
1.6262E+01  9.8002E-02 2.0966E+02    4.0709E-06    5.1117E-07    2.2278E-01   -2.2509E-01    3.2315E+00    2.2200E-04
1.5723E+01  1.0689E-01 2.0941E+02    4.0383E-06    4.1314E-07    1.9973E-01   -1.8027E-01    3.1757E+00    2.2200E-04
1.5192E+01  1.1643E-01 2.0922E+02    4.0076E-06    3.3032E-07    1.8029E-01   -1.6555E-01    3.1326E+00    2.2200E-04
1.4669E+01  1.2666E-01 2.0909E+02    3.9867E-06    2.6197E-07    1.6435E-01   -1.5607E-01    3.1036E+00    2.2200E-04
1.4155E+01  1.3762E-01 2.0904E+02    3.9681E-06    2.0582E-07    1.5124E-01   -1.5053E-01    3.0914E+00    2.2200E-04
1.3648E+01  1.4934E-01 2.0907E+02    3.9559E-06    1.5914E-07    1.4037E-01   -1.4779E-01    3.0991E+00    2.2200E-04
1.3149E+01  1.6186E-01 2.0921E+02    3.9400E-06    1.2324E-07    1.3178E-01   -1.4386E-01    3.1289E+00    2.2200E-04
1.2658E+01  1.7520E-01 2.0945E+02    3.9400E-06    9.9519E-08    1.2559E-01   -1.3649E-01    3.1830E+00    2.2200E-04
1.2173E+01  1.8940E-01 2.0980E+02    3.9761E-06    8.3364E-08    1.2148E-01   -1.2947E-01    3.2633E+00    2.2200E-04
1.1696E+01  2.0450E-01 2.1025E+02    4.7124E-06    7.0927E-08    1.2134E-01   -1.4177E-01    3.3695E+00    2.2200E-04
1.1226E+01  2.2052E-01 2.1078E+02    5.2840E-06    6.1705E-08    1.2131E-01   -1.2930E-01    3.4950E+00    2.2200E-04
1.0762E+01  2.3750E-01 2.1131E+02    5.9809E-06    5.6426E-08    1.2231E-01   -1.0839E-01    3.6288E+00    2.2200E-04
1.0305E+01  2.5546E-01 2.1225E+02    6.8373E-06    5.3259E-08    1.2436E-01   -7.6616E-02    3.8724E+00    2.2200E-04
9.8528E+00  2.7443E-01 2.1358E+02    8.2292E-06    5.0662E-08    1.2963E-01   -1.2573E-01    4.2404E+00    2.2200E-04
9.4043E+00  2.9444E-01 2.1677E+02    1.2622E-05    4.8357E-08    1.4820E-01   -3.9410E-01    5.2264E+00    2.2200E-04
8.9562E+00  3.1552E-01 2.2111E+02    2.2112E-05    4.6114E-08    1.8521E-01   -8.1118E-01    6.2812E+00    2.2200E-04
8.5077E+00  3.3767E-01 2.2543E+02    3.7779E-05    4.3920E-08    2.3633E-01   -1.2379E+00    7.4815E+00    2.2200E-04
8.0591E+00  3.6093E-01 2.2970E+02    6.2915E-05    4.1767E-08    2.9862E-01   -1.6292E+00    8.8311E+00    2.2200E-04
7.6108E+00  3.8530E-01 2.3390E+02    1.0205E-04    3.9617E-08    3.6671E-01   -1.9335E+00    1.0329E+01    2.2200E-04
7.1634E+00  4.1080E-01 2.3801E+02    1.6107E-04    3.7491E-08    4.3787E-01   -2.1402E+00    1.1968E+01    2.2200E-04
6.7173E+00  4.3743E-01 2.4201E+02    2.4720E-04    3.5444E-08    5.1459E-01   -2.2748E+00    1.3737E+01    2.2200E-04
6.2730E+00  4.6521E-01 2.4586E+02    3.6870E-04    3.3402E-08    5.9247E-01   -2.3270E+00    1.5617E+01    2.2200E-04
5.8311E+00  4.9412E-01 2.4954E+02    5.3439E-04    3.1447E-08    6.5776E-01   -2.3311E+00    1.7587E+01    2.2200E-04
5.3923E+00  5.2418E-01 2.5305E+02    7.5306E-04    2.9509E-08    7.0392E-01   -2.3110E+00    1.9625E+01    2.2200E-04
4.9570E+00  5.5535E-01 2.5637E+02    1.0329E-03    2.7589E-08    7.3703E-01   -2.2918E+00    2.1707E+01    2.2200E-04
4.5258E+00  5.8765E-01 2.5950E+02    1.3812E-03    2.5737E-08    7.6365E-01   -2.2469E+00    2.3814E+01    2.2200E-04
4.0992E+00  6.2103E-01 2.6244E+02    1.8039E-03    2.3979E-08    7.8360E-01   -2.1823E+00    2.5930E+01    2.2200E-04
3.6778E+00  6.5549E-01 2.6521E+02    2.3060E-03    2.2331E-08    7.9409E-01   -2.1142E+00    2.8041E+01    2.2200E-04
3.2620E+00  6.9098E-01 2.6781E+02    2.8912E-03    2.0841E-08    7.9535E-01   -2.0183E+00    3.0138E+01    2.2200E-04
2.8523E+00  7.2748E-01 2.7025E+02    3.5622E-03    1.9355E-08    7.9046E-01   -1.8680E+00    3.2214E+01    2.2200E-04
2.4491E+00  7.6495E-01 2.7255E+02    4.3207E-03    1.8082E-08    7.8238E-01   -1.7164E+00    3.4262E+01    2.2200E-04
2.0525E+00  8.0332E-01 2.7492E+02    5.2377E-03    1.6933E-08    7.7692E-01   -1.6215E+00    3.6464E+01    2.2200E-04
1.6627E+00  8.4257E-01 2.7720E+02    6.1338E-03    1.5902E-08    7.5656E-01   -1.5347E+00    3.8691E+01    2.2200E-04
1.2801E+00  8.8261E-01 2.7939E+02    7.1695E-03    1.5064E-08    7.4112E-01   -1.5298E+00    4.0922E+01    2.2200E-04
9.0495E-01  9.2340E-01 2.8146E+02    8.2793E-03    1.4373E-08    7.2883E-01   -1.5970E+00    4.3124E+01    2.2200E-04
5.3750E-01  9.6485E-01 2.8345E+02    9.3958E-03    1.3798E-08    7.2303E-01   -1.7863E+00    4.5311E+01    2.2200E-04
1.7802E-01  1.0069E+00 2.8534E+02    1.0755E-02    1.3302E-08    7.4305E-01   -2.0406E+00    4.7473E+01    2.2200E-04
0.0000E+00  1.0283E+00 2.8628E+02    1.1435E-02    1.3400E-08    7.9054E+00   -3.5325E+00    4.8584E+01    2.2200E-04
