     ALT          P          T          FH2O           O3           THEAT        TCOOL        PSATCO2        FCO2
7.3804E+01  3.2610E-05 2.2697E+02    4.4564E-06    1.4825E-07    3.7631E+01   -7.8147E+01    7.9503E+00    2.2400E-04
7.2661E+01  3.8506E-05 2.2839E+02    4.6269E-06    1.9067E-07    5.4964E+00   -4.9413E+01    8.4015E+00    2.2400E-04
7.1519E+01  4.5411E-05 2.2988E+02    4.7715E-06    2.3933E-07    3.0907E+00   -3.0549E+01    8.8936E+00    2.2400E-04
7.0379E+01  5.3487E-05 2.3144E+02    4.9084E-06    2.9221E-07    3.1094E+00   -1.8887E+01    9.4328E+00    2.2400E-04
6.9241E+01  6.2919E-05 2.3307E+02    5.0242E-06    3.4498E-07    3.3437E+00   -1.2207E+01    1.0020E+01    2.2400E-04
6.8104E+01  7.3922E-05 2.3475E+02    5.1344E-06    3.9984E-07    3.6023E+00   -8.6535E+00    1.0653E+01    2.2400E-04
6.6967E+01  8.6739E-05 2.3647E+02    5.2253E-06    4.5893E-07    3.8823E+00   -6.8931E+00    1.1331E+01    2.2400E-04
6.5832E+01  1.0165E-04 2.3821E+02    5.3162E-06    5.2407E-07    4.1942E+00   -6.1134E+00    1.2051E+01    2.2400E-04
6.4698E+01  1.1897E-04 2.3996E+02    5.3869E-06    5.9678E-07    4.5558E+00   -5.8468E+00    1.2809E+01    2.2400E-04
6.3566E+01  1.3908E-04 2.4172E+02    5.4532E-06    6.7747E-07    4.9552E+00   -5.8427E+00    1.3602E+01    2.2400E-04
6.2434E+01  1.6237E-04 2.4346E+02    5.5141E-06    7.6662E-07    5.3896E+00   -5.9693E+00    1.4428E+01    2.2400E-04
6.1305E+01  1.8933E-04 2.4520E+02    5.5693E-06    8.6435E-07    5.8531E+00   -6.1637E+00    1.5283E+01    2.2400E-04
6.0176E+01  2.2048E-04 2.4692E+02    5.6144E-06    9.7085E-07    6.3383E+00   -6.3962E+00    1.6167E+01    2.2400E-04
5.9050E+01  2.5644E-04 2.4862E+02    5.6595E-06    1.0881E-06    6.8421E+00   -6.6578E+00    1.7078E+01    2.2400E-04
5.7926E+01  2.9788E-04 2.5031E+02    5.6972E-06    1.2131E-06    7.3442E+00   -6.9328E+00    1.8016E+01    2.2400E-04
5.6805E+01  3.4558E-04 2.5197E+02    5.7297E-06    1.3580E-06    7.8770E+00   -7.2047E+00    1.8982E+01    2.2400E-04
5.5686E+01  4.0042E-04 2.5363E+02    5.7541E-06    1.5161E-06    8.3950E+00   -7.4859E+00    1.9977E+01    2.2400E-04
5.4569E+01  4.6338E-04 2.5527E+02    5.7844E-06    1.6890E-06    8.8819E+00   -7.7733E+00    2.1000E+01    2.2400E-04
5.3456E+01  5.3557E-04 2.5690E+02    5.7967E-06    1.8861E-06    9.3451E+00   -8.0537E+00    2.2055E+01    2.2400E-04
5.2346E+01  6.1821E-04 2.5852E+02    5.8100E-06    2.0986E-06    9.7319E+00   -8.3225E+00    2.3141E+01    2.2400E-04
5.1239E+01  7.1271E-04 2.6013E+02    5.8200E-06    2.3412E-06    1.0059E+01   -8.5787E+00    2.4260E+01    2.2400E-04
5.0135E+01  8.2062E-04 2.6174E+02    5.8300E-06    2.5998E-06    1.0263E+01   -8.8275E+00    2.5413E+01    2.2400E-04
4.9035E+01  9.4368E-04 2.6336E+02    5.8249E-06    2.8860E-06    1.0352E+01   -9.1066E+00    2.6617E+01    2.2400E-04
4.7938E+01  1.0838E-03 2.6500E+02    5.8129E-06    3.1784E-06    1.0277E+01   -9.4221E+00    2.7876E+01    2.2400E-04
4.6846E+01  1.2432E-03 2.6629E+02    5.8011E-06    3.5036E-06    1.0089E+01   -9.5923E+00    2.8903E+01    2.2400E-04
4.5760E+01  1.4243E-03 2.6695E+02    5.7787E-06    3.8502E-06    9.7580E+00   -9.4892E+00    2.9432E+01    2.2400E-04
4.4683E+01  1.6296E-03 2.6688E+02    5.7378E-06    4.2065E-06    9.2819E+00   -9.1326E+00    2.9378E+01    2.2400E-04
4.3618E+01  1.8622E-03 2.6612E+02    5.6930E-06    4.5684E-06    8.6956E+00   -8.6014E+00    2.8766E+01    2.2400E-04
4.2568E+01  2.1253E-03 2.6476E+02    5.6466E-06    4.9009E-06    8.0174E+00   -7.9729E+00    2.7694E+01    2.2400E-04
4.1535E+01  2.4225E-03 2.6293E+02    5.5794E-06    5.2015E-06    7.3161E+00   -7.3135E+00    2.6294E+01    2.2400E-04
4.0520E+01  2.7579E-03 2.6075E+02    5.5082E-06    5.4596E-06    6.6388E+00   -6.6671E+00    2.4699E+01    2.2400E-04
3.9523E+01  3.1356E-03 2.5834E+02    5.4285E-06    5.6734E-06    6.0175E+00   -6.0563E+00    2.3020E+01    2.2400E-04
3.8546E+01  3.5607E-03 2.5579E+02    5.3455E-06    5.8390E-06    5.4629E+00   -5.4948E+00    2.1331E+01    2.2400E-04
3.7589E+01  4.0382E-03 2.5314E+02    5.2598E-06    5.9741E-06    4.9825E+00   -4.9935E+00    1.9677E+01    2.2400E-04
3.6652E+01  4.5741E-03 2.5042E+02    5.1633E-06    6.0838E-06    4.5654E+00   -4.5549E+00    1.8084E+01    2.2400E-04
3.5735E+01  5.1745E-03 2.4767E+02    5.0633E-06    6.1744E-06    4.1991E+00   -4.1704E+00    1.6564E+01    2.2400E-04
3.4837E+01  5.8464E-03 2.4489E+02    4.9647E-06    6.2372E-06    3.8663E+00   -3.8329E+00    1.5130E+01    2.2400E-04
3.3959E+01  6.5971E-03 2.4213E+02    4.8603E-06    6.2832E-06    3.5620E+00   -3.5293E+00    1.3794E+01    2.2400E-04
3.3100E+01  7.4349E-03 2.3941E+02    4.7572E-06    6.3000E-06    3.2758E+00   -3.2462E+00    1.2565E+01    2.2400E-04
3.2259E+01  8.3686E-03 2.3677E+02    4.6565E-06    6.2783E-06    3.0020E+00   -2.9750E+00    1.1455E+01    2.2400E-04
3.1437E+01  9.4076E-03 2.3427E+02    4.5579E-06    6.2079E-06    2.7379E+00   -2.7152E+00    1.0467E+01    2.2400E-04
3.0633E+01  1.0562E-02 2.3193E+02    4.4583E-06    6.0890E-06    2.4848E+00   -2.4978E+00    9.6059E+00    2.2400E-04
2.9844E+01  1.1844E-02 2.2980E+02    4.3570E-06    5.9051E-06    2.2413E+00   -2.2373E+00    8.8650E+00    2.2400E-04
2.9072E+01  1.3264E-02 2.2786E+02    4.2643E-06    5.6670E-06    2.0132E+00   -1.9936E+00    8.2310E+00    2.2400E-04
2.8314E+01  1.4836E-02 2.2611E+02    4.1737E-06    5.3915E-06    1.8053E+00   -1.7698E+00    7.6870E+00    2.2400E-04
2.7571E+01  1.6573E-02 2.2452E+02    4.0845E-06    5.0814E-06    1.6181E+00   -1.5676E+00    7.2160E+00    2.2400E-04
2.6842E+01  1.8490E-02 2.2305E+02    3.9972E-06    4.7471E-06    1.4519E+00   -1.3883E+00    6.8019E+00    2.2400E-04
2.6125E+01  2.0603E-02 2.2168E+02    3.9113E-06    4.3909E-06    1.3050E+00   -1.2319E+00    6.4318E+00    2.2400E-04
2.5421E+01  2.2929E-02 2.2038E+02    3.8270E-06    4.0397E-06    1.1780E+00   -1.0966E+00    6.0951E+00    2.2400E-04
2.4730E+01  2.5485E-02 2.1914E+02    3.7452E-06    3.6856E-06    1.0658E+00   -9.7949E-01    5.7845E+00    2.2400E-04
2.4051E+01  2.8290E-02 2.1793E+02    3.6729E-06    3.3453E-06    9.6662E-01   -8.7705E-01    5.4953E+00    2.2400E-04
2.3384E+01  3.1364E-02 2.1676E+02    3.5931E-06    3.0131E-06    8.7615E-01   -7.8492E-01    5.2248E+00    2.2400E-04
2.2728E+01  3.4729E-02 2.1562E+02    3.5156E-06    2.7089E-06    7.9426E-01   -6.9989E-01    4.8658E+00    2.2400E-04
2.2085E+01  3.8406E-02 2.1452E+02    3.4475E-06    2.4118E-06    7.1631E-01   -6.2269E-01    4.5190E+00    2.2400E-04
2.1452E+01  4.2420E-02 2.1346E+02    3.3782E-06    2.1346E-06    6.4310E-01   -5.5152E-01    4.2072E+00    2.2400E-04
2.0831E+01  4.6793E-02 2.1247E+02    3.3076E-06    1.8844E-06    5.7547E-01   -4.8504E-01    3.9298E+00    2.2400E-04
2.0221E+01  5.1552E-02 2.1154E+02    3.2455E-06    1.6529E-06    5.1240E-01   -4.2386E-01    3.6860E+00    2.2400E-04
1.9621E+01  5.6724E-02 2.1069E+02    3.1856E-06    1.4361E-06    4.5356E-01   -3.6781E-01    3.4746E+00    2.2400E-04
1.9031E+01  6.2336E-02 2.0993E+02    3.1268E-06    1.2335E-06    3.9948E-01   -3.1655E-01    3.2938E+00    2.2400E-04
1.8452E+01  6.8417E-02 2.0926E+02    3.0690E-06    1.0548E-06    3.5194E-01   -2.6824E-01    3.1410E+00    2.2400E-04
1.7882E+01  7.4996E-02 2.0868E+02    3.0198E-06    8.9473E-07    3.1045E-01   -2.2468E-01    3.0132E+00    2.2400E-04
1.7321E+01  8.2105E-02 2.0817E+02    2.9750E-06    7.5192E-07    2.7466E-01   -1.8742E-01    2.9071E+00    2.2400E-04
1.6770E+01  8.9774E-02 2.0775E+02    2.9311E-06    6.2387E-07    2.4393E-01   -1.5855E-01    2.8202E+00    2.2400E-04
1.6228E+01  9.8036E-02 2.0740E+02    2.8983E-06    5.1035E-07    2.1783E-01   -1.3925E-01    2.7503E+00    2.2400E-04
1.5694E+01  1.0692E-01 2.0712E+02    2.8664E-06    4.1229E-07    1.9484E-01   -9.5688E-02    2.6948E+00    2.2400E-04
1.5168E+01  1.1647E-01 2.0691E+02    2.8366E-06    3.2943E-07    1.7552E-01   -8.6053E-02    2.6531E+00    2.2400E-04
1.4651E+01  1.2671E-01 2.0677E+02    2.8180E-06    2.6146E-07    1.5978E-01   -8.1354E-02    2.6264E+00    2.2400E-04
1.4142E+01  1.3767E-01 2.0672E+02    2.8056E-06    2.0528E-07    1.4675E-01   -8.0790E-02    2.6174E+00    2.2400E-04
1.3641E+01  1.4940E-01 2.0678E+02    2.7878E-06    1.5862E-07    1.3594E-01   -8.2150E-02    2.6291E+00    2.2400E-04
1.3147E+01  1.6192E-01 2.0696E+02    2.7780E-06    1.2324E-07    1.2751E-01   -8.2255E-02    2.6636E+00    2.2400E-04
1.2661E+01  1.7526E-01 2.0727E+02    2.7786E-06    9.9735E-08    1.2145E-01   -7.8694E-02    2.7229E+00    2.2400E-04
1.2181E+01  1.8947E-01 2.0767E+02    2.8529E-06    8.3692E-08    1.1761E-01   -7.3138E-02    2.8029E+00    2.2400E-04
1.1709E+01  2.0458E-01 2.0817E+02    3.4799E-06    7.1296E-08    1.1738E-01   -7.9530E-02    2.9052E+00    2.2400E-04
1.1243E+01  2.2060E-01 2.0870E+02    4.1283E-06    6.2067E-08    1.1712E-01   -4.6839E-02    3.0176E+00    2.2400E-04
1.0783E+01  2.3759E-01 2.0930E+02    4.5160E-06    5.6818E-08    1.1821E-01   -5.3535E-02    3.1499E+00    2.2400E-04
1.0329E+01  2.5556E-01 2.1120E+02    5.9149E-06    5.3475E-08    1.2365E-01   -8.6932E-02    3.5992E+00    2.2400E-04
9.8786E+00  2.7454E-01 2.1306E+02    7.6700E-06    5.0837E-08    1.3210E-01   -2.1134E-01    4.0929E+00    2.2400E-04
9.4298E+00  2.9456E-01 2.1743E+02    1.3757E-05    4.8446E-08    1.5972E-01   -5.9728E-01    5.3785E+00    2.2400E-04
8.9802E+00  3.1564E-01 2.2179E+02    2.4059E-05    4.6213E-08    2.0079E-01   -1.0026E+00    6.4595E+00    2.2400E-04
8.5301E+00  3.3781E-01 2.2611E+02    4.1014E-05    4.4006E-08    2.5431E-01   -1.4064E+00    7.6873E+00    2.2400E-04
8.0799E+00  3.6107E-01 2.3039E+02    6.8131E-05    4.1754E-08    3.1770E-01   -1.7648E+00    9.0655E+00    2.2400E-04
7.6301E+00  3.8546E-01 2.3459E+02    1.1020E-04    3.9530E-08    3.8558E-01   -2.0337E+00    1.0592E+01    2.2400E-04
7.1812E+00  4.1097E-01 2.3870E+02    1.7339E-04    3.7391E-08    4.5626E-01   -2.2126E+00    1.2260E+01    2.2400E-04
6.7336E+00  4.3761E-01 2.4268E+02    2.6518E-04    3.5337E-08    5.3282E-01   -2.3257E+00    1.4054E+01    2.2400E-04
6.2879E+00  4.6540E-01 2.4652E+02    3.9402E-04    3.3282E-08    6.0928E-01   -2.3612E+00    1.5957E+01    2.2400E-04
5.8447E+00  4.9433E-01 2.5018E+02    5.6880E-04    3.1317E-08    6.7141E-01   -2.3568E+00    1.7947E+01    2.2400E-04
5.4045E+00  5.2440E-01 2.5366E+02    7.9828E-04    2.9303E-08    7.1454E-01   -2.3315E+00    1.9999E+01    2.2400E-04
4.9680E+00  5.5559E-01 2.5696E+02    1.0905E-03    2.7405E-08    7.4591E-01   -2.3080E+00    2.2092E+01    2.2400E-04
4.5356E+00  5.8789E-01 2.6006E+02    1.4526E-03    2.5586E-08    7.7128E-01   -2.2563E+00    2.4206E+01    2.2400E-04
4.1080E+00  6.2130E-01 2.6297E+02    1.8903E-03    2.3821E-08    7.8962E-01   -2.1889E+00    2.6326E+01    2.2400E-04
3.6855E+00  6.5577E-01 2.6571E+02    2.4084E-03    2.2151E-08    7.9825E-01   -2.1168E+00    2.8439E+01    2.2400E-04
3.2688E+00  6.9128E-01 2.6829E+02    3.0104E-03    2.0573E-08    7.9799E-01   -2.0123E+00    3.0536E+01    2.2400E-04
2.8582E+00  7.2780E-01 2.7071E+02    3.6989E-03    1.9159E-08    7.9201E-01   -1.8510E+00    3.2611E+01    2.2400E-04
2.4541E+00  7.6528E-01 2.7299E+02    4.4756E-03    1.7839E-08    7.8297E-01   -1.7023E+00    3.4658E+01    2.2400E-04
2.0566E+00  8.0368E-01 2.7538E+02    5.4157E-03    1.6687E-08    7.7655E-01   -1.6178E+00    3.6908E+01    2.2400E-04
1.6660E+00  8.4294E-01 2.7765E+02    6.3050E-03    1.5693E-08    7.5356E-01   -1.5297E+00    3.9138E+01    2.2400E-04
1.2826E+00  8.8300E-01 2.7982E+02    7.3946E-03    1.4777E-08    7.4042E-01   -1.5405E+00    4.1372E+01    2.2400E-04
9.0671E-01  9.2381E-01 2.8188E+02    8.4962E-03    1.4077E-08    7.2669E-01   -1.6107E+00    4.3575E+01    2.2400E-04
5.3853E-01  9.6528E-01 2.8385E+02    9.6822E-03    1.3500E-08    7.2411E-01   -1.8172E+00    4.5770E+01    2.2400E-04
1.7836E-01  1.0073E+00 2.8573E+02    1.1031E-02    1.3003E-08    7.4246E-01   -2.0656E+00    4.7932E+01    2.2400E-04
0.0000E+00  1.0287E+00 2.8667E+02    1.1707E-02    1.3100E-08    7.8909E+00   -3.5021E+00    4.9045E+01    2.2400E-04
