     ALT          P          T          FH2O           O3           THEAT        TCOOL        PSATCO2        FCO2
7.3780E+01  3.2610E-05 2.2706E+02    4.3324E-06    1.4951E-07    3.7637E+01   -7.8201E+01    7.9792E+00    2.2400E-04
7.2636E+01  3.8506E-05 2.2849E+02    4.5022E-06    1.9215E-07    5.5015E+00   -4.9440E+01    8.4320E+00    2.2400E-04
7.1494E+01  4.5411E-05 2.2998E+02    4.6461E-06    2.4162E-07    3.1003E+00   -3.0505E+01    8.9257E+00    2.2400E-04
7.0354E+01  5.3487E-05 2.3154E+02    4.7831E-06    2.9427E-07    3.1189E+00   -1.8832E+01    9.4666E+00    2.2400E-04
6.9215E+01  6.2919E-05 2.3317E+02    4.8982E-06    3.4784E-07    3.3569E+00   -1.2147E+01    1.0056E+01    2.2400E-04
6.8077E+01  7.3922E-05 2.3485E+02    4.9976E-06    4.0285E-07    3.6165E+00   -8.5856E+00    1.0691E+01    2.2400E-04
6.6940E+01  8.6740E-05 2.3657E+02    5.0886E-06    4.6217E-07    3.8977E+00   -6.8301E+00    1.1371E+01    2.2400E-04
6.5805E+01  1.0165E-04 2.3831E+02    5.1795E-06    5.2765E-07    4.2112E+00   -6.0507E+00    1.2092E+01    2.2400E-04
6.4670E+01  1.1898E-04 2.4006E+02    5.2477E-06    6.0061E-07    4.5741E+00   -5.7925E+00    1.2852E+01    2.2400E-04
6.3537E+01  1.3908E-04 2.4181E+02    5.3158E-06    6.8122E-07    4.9730E+00   -5.7958E+00    1.3647E+01    2.2400E-04
6.2405E+01  1.6237E-04 2.4356E+02    5.3737E-06    7.7047E-07    5.4079E+00   -5.9278E+00    1.4475E+01    2.2400E-04
6.1274E+01  1.8933E-04 2.4530E+02    5.4216E-06    8.6938E-07    5.8761E+00   -6.1259E+00    1.5332E+01    2.2400E-04
6.0146E+01  2.2048E-04 2.4702E+02    5.4731E-06    9.7599E-07    6.3620E+00   -6.3692E+00    1.6218E+01    2.2400E-04
5.9019E+01  2.5644E-04 2.4872E+02    5.5113E-06    1.0935E-06    6.8661E+00   -6.6359E+00    1.7131E+01    2.2400E-04
5.7895E+01  2.9789E-04 2.5040E+02    5.5482E-06    1.2187E-06    7.3679E+00   -6.9167E+00    1.8071E+01    2.2400E-04
5.6773E+01  3.4559E-04 2.5207E+02    5.5806E-06    1.3642E-06    7.9007E+00   -7.1968E+00    1.9039E+01    2.2400E-04
5.5653E+01  4.0043E-04 2.5372E+02    5.6030E-06    1.5207E-06    8.4120E+00   -7.4841E+00    2.0036E+01    2.2400E-04
5.4536E+01  4.6340E-04 2.5536E+02    5.6254E-06    1.6976E-06    8.9092E+00   -7.7777E+00    2.1061E+01    2.2400E-04
5.3422E+01  5.3558E-04 2.5700E+02    5.6476E-06    1.8884E-06    9.3505E+00   -8.0664E+00    2.2118E+01    2.2400E-04
5.2311E+01  6.1823E-04 2.5862E+02    5.6599E-06    2.1087E-06    9.7575E+00   -8.3444E+00    2.3207E+01    2.2400E-04
5.1204E+01  7.1273E-04 2.6023E+02    5.6700E-06    2.3439E-06    1.0061E+01   -8.6032E+00    2.4328E+01    2.2400E-04
5.0100E+01  8.2065E-04 2.6183E+02    5.6700E-06    2.6088E-06    1.0278E+01   -8.8589E+00    2.5484E+01    2.2400E-04
4.8999E+01  9.4371E-04 2.6346E+02    5.6700E-06    2.8892E-06    1.0350E+01   -9.1420E+00    2.6694E+01    2.2400E-04
4.7902E+01  1.0839E-03 2.6509E+02    5.6600E-06    3.1830E-06    1.0276E+01   -9.4530E+00    2.7946E+01    2.2400E-04
4.6809E+01  1.2433E-03 2.6636E+02    5.6400E-06    3.5095E-06    1.0090E+01   -9.6114E+00    2.8954E+01    2.2400E-04
4.5723E+01  1.4243E-03 2.6698E+02    5.6183E-06    3.8583E-06    9.7621E+00   -9.5000E+00    2.9462E+01    2.2400E-04
4.4646E+01  1.6297E-03 2.6689E+02    5.5835E-06    4.2173E-06    9.2876E+00   -9.1390E+00    2.9388E+01    2.2400E-04
4.3581E+01  1.8623E-03 2.6611E+02    5.5364E-06    4.5761E-06    8.6957E+00   -8.6027E+00    2.8761E+01    2.2400E-04
4.2531E+01  2.1254E-03 2.6474E+02    5.4834E-06    4.9177E-06    8.0260E+00   -7.9729E+00    2.7676E+01    2.2400E-04
4.1497E+01  2.4226E-03 2.6289E+02    5.4214E-06    5.2161E-06    7.3207E+00   -7.3114E+00    2.6267E+01    2.2400E-04
4.0482E+01  2.7580E-03 2.6070E+02    5.3440E-06    5.4775E-06    6.6436E+00   -6.6623E+00    2.4664E+01    2.2400E-04
3.9486E+01  3.1358E-03 2.5828E+02    5.2644E-06    5.6838E-06    6.0159E+00   -6.0482E+00    2.2977E+01    2.2400E-04
3.8509E+01  3.5608E-03 2.5571E+02    5.1803E-06    5.8513E-06    5.4625E+00   -5.4858E+00    2.1282E+01    2.2400E-04
3.7552E+01  4.0384E-03 2.5305E+02    5.0947E-06    5.9852E-06    4.9820E+00   -4.9838E+00    1.9624E+01    2.2400E-04
3.6615E+01  4.5743E-03 2.5033E+02    4.9973E-06    6.0988E-06    4.5670E+00   -4.5453E+00    1.8028E+01    2.2400E-04
3.5698E+01  5.1747E-03 2.4756E+02    4.8973E-06    6.1884E-06    4.2005E+00   -4.1603E+00    1.6505E+01    2.2400E-04
3.4801E+01  5.8466E-03 2.4477E+02    4.7998E-06    6.2601E-06    3.8711E+00   -3.8230E+00    1.5068E+01    2.2400E-04
3.3923E+01  6.5975E-03 2.4199E+02    4.6945E-06    6.3051E-06    3.5657E+00   -3.5181E+00    1.3728E+01    2.2400E-04
3.3065E+01  7.4353E-03 2.3925E+02    4.5915E-06    6.3200E-06    3.2783E+00   -3.2334E+00    1.2496E+01    2.2400E-04
3.2225E+01  8.3690E-03 2.3659E+02    4.4909E-06    6.3055E-06    3.0061E+00   -2.9610E+00    1.1381E+01    2.2400E-04
3.1403E+01  9.4081E-03 2.3406E+02    4.3925E-06    6.2325E-06    2.7408E+00   -2.6993E+00    1.0389E+01    2.2400E-04
3.0599E+01  1.0563E-02 2.3170E+02    4.2861E-06    6.1101E-06    2.4865E+00   -2.4798E+00    9.5226E+00    2.2400E-04
2.9812E+01  1.1844E-02 2.2953E+02    4.1919E-06    5.9337E-06    2.2446E+00   -2.2181E+00    8.7769E+00    2.2400E-04
2.9040E+01  1.3265E-02 2.2757E+02    4.0994E-06    5.6929E-06    2.0157E+00   -1.9726E+00    8.1379E+00    2.2400E-04
2.8284E+01  1.4837E-02 2.2579E+02    4.0089E-06    5.4162E-06    1.8074E+00   -1.7467E+00    7.5889E+00    2.2400E-04
2.7542E+01  1.6574E-02 2.2416E+02    3.9199E-06    5.1038E-06    1.6198E+00   -1.5428E+00    7.1130E+00    2.2400E-04
2.6813E+01  1.8491E-02 2.2266E+02    3.8328E-06    4.7706E-06    1.4539E+00   -1.3619E+00    6.6944E+00    2.2400E-04
2.6098E+01  2.0605E-02 2.2126E+02    3.7471E-06    4.4134E-06    1.3068E+00   -1.2040E+00    6.3201E+00    2.2400E-04
2.5395E+01  2.2930E-02 2.1993E+02    3.6631E-06    4.0557E-06    1.1788E+00   -1.0677E+00    5.9800E+00    2.2400E-04
2.4705E+01  2.5486E-02 2.1865E+02    3.5806E-06    3.6998E-06    1.0664E+00   -9.4993E-01    5.6669E+00    2.2400E-04
2.4028E+01  2.8292E-02 2.1742E+02    3.5046E-06    3.3609E-06    9.6759E-01   -8.4673E-01    5.3760E+00    2.2400E-04
2.3362E+01  3.1367E-02 2.1622E+02    3.4299E-06    3.0302E-06    8.7735E-01   -7.5463E-01    5.0657E+00    2.2400E-04
2.2708E+01  3.4731E-02 2.1506E+02    3.3531E-06    2.7159E-06    7.9401E-01   -6.7074E-01    4.6886E+00    2.2400E-04
2.2066E+01  3.8409E-02 2.1395E+02    3.2849E-06    2.4159E-06    7.1575E-01   -5.9450E-01    4.3486E+00    2.2400E-04
2.1436E+01  4.2422E-02 2.1289E+02    3.2162E-06    2.1464E-06    6.4373E-01   -5.2356E-01    4.0446E+00    2.2400E-04
2.0816E+01  4.6796E-02 2.1189E+02    3.1455E-06    1.8883E-06    5.7514E-01   -4.5912E-01    3.7755E+00    2.2400E-04
2.0207E+01  5.1556E-02 2.1096E+02    3.0839E-06    1.6570E-06    5.1212E-01   -3.9945E-01    3.5404E+00    2.2400E-04
1.9609E+01  5.6728E-02 2.1012E+02    3.0242E-06    1.4410E-06    4.5351E-01   -3.4468E-01    3.3375E+00    2.2400E-04
1.9021E+01  6.2340E-02 2.0937E+02    2.9656E-06    1.2397E-06    3.9972E-01   -2.9451E-01    3.1648E+00    2.2400E-04
1.8443E+01  6.8422E-02 2.0871E+02    2.9144E-06    1.0619E-06    3.5232E-01   -2.4756E-01    3.0196E+00    2.2400E-04
1.7874E+01  7.5002E-02 2.0813E+02    2.8614E-06    8.9858E-07    3.1034E-01   -2.0581E-01    2.8986E+00    2.2400E-04
1.7315E+01  8.2111E-02 2.0765E+02    2.8145E-06    7.5445E-07    2.7431E-01   -1.7014E-01    2.7989E+00    2.2400E-04
1.6765E+01  8.9781E-02 2.0724E+02    2.7805E-06    6.2581E-07    2.4351E-01   -1.4323E-01    2.7178E+00    2.2400E-04
1.6224E+01  9.8043E-02 2.0691E+02    2.7387E-06    5.1155E-07    2.1725E-01   -1.2518E-01    2.6536E+00    2.2400E-04
1.5691E+01  1.0693E-01 2.0665E+02    2.7162E-06    4.1292E-07    1.9425E-01   -8.3111E-02    2.6035E+00    2.2400E-04
1.5167E+01  1.1648E-01 2.0645E+02    2.6866E-06    3.3030E-07    1.7501E-01   -7.4542E-02    2.5667E+00    2.2400E-04
1.4651E+01  1.2672E-01 2.0633E+02    2.6660E-06    2.6250E-07    1.5928E-01   -7.0816E-02    2.5444E+00    2.2400E-04
1.4143E+01  1.3768E-01 2.0630E+02    2.6479E-06    2.0644E-07    1.4627E-01   -7.0711E-02    2.5392E+00    2.2400E-04
1.3643E+01  1.4941E-01 2.0638E+02    2.6379E-06    1.5984E-07    1.3550E-01   -7.2469E-02    2.5528E+00    2.2400E-04
1.3150E+01  1.6193E-01 2.0656E+02    2.6280E-06    1.2421E-07    1.2704E-01   -7.2244E-02    2.5878E+00    2.2400E-04
1.2664E+01  1.7528E-01 2.0688E+02    2.6282E-06    9.9919E-08    1.2106E-01   -7.0371E-02    2.6469E+00    2.2400E-04
1.2186E+01  1.8949E-01 2.0730E+02    3.0653E-06    8.3946E-08    1.1906E-01   -8.0565E-02    2.7306E+00    2.2400E-04
1.1714E+01  2.0459E-01 2.0781E+02    3.4535E-06    7.1523E-08    1.1774E-01   -7.1528E-02    2.8327E+00    2.2400E-04
1.1248E+01  2.2062E-01 2.0834E+02    3.9240E-06    6.2180E-08    1.1737E-01   -4.8206E-02    2.9424E+00    2.2400E-04
1.0789E+01  2.3761E-01 2.0923E+02    4.4708E-06    5.6899E-08    1.1824E-01   -5.0824E-02    3.1340E+00    2.2400E-04
1.0336E+01  2.5558E-01 2.1097E+02    5.7330E-06    5.3529E-08    1.2322E-01   -8.3868E-02    3.5429E+00    2.2400E-04
9.8853E+00  2.7456E-01 2.1322E+02    7.8372E-06    5.0880E-08    1.3346E-01   -2.4108E-01    4.1380E+00    2.2400E-04
9.4361E+00  2.9459E-01 2.1759E+02    1.4049E-05    4.8484E-08    1.6184E-01   -6.2587E-01    5.4164E+00    2.2400E-04
8.9860E+00  3.1567E-01 2.2195E+02    2.4559E-05    4.6246E-08    2.0351E-01   -1.0308E+00    6.5037E+00    2.2400E-04
8.5355E+00  3.3784E-01 2.2628E+02    4.1848E-05    4.4038E-08    2.5752E-01   -1.4321E+00    7.7385E+00    2.2400E-04
8.0850E+00  3.6111E-01 2.3056E+02    6.9471E-05    4.1784E-08    3.2120E-01   -1.7862E+00    9.1237E+00    2.2400E-04
7.6348E+00  3.8549E-01 2.3476E+02    1.1229E-04    3.9557E-08    3.8917E-01   -2.0501E+00    1.0657E+01    2.2400E-04
7.1855E+00  4.1100E-01 2.3887E+02    1.7653E-04    3.7415E-08    4.5997E-01   -2.2255E+00    1.2332E+01    2.2400E-04
6.7376E+00  4.3765E-01 2.4285E+02    2.6975E-04    3.5359E-08    5.3671E-01   -2.3351E+00    1.4133E+01    2.2400E-04
6.2915E+00  4.6544E-01 2.4668E+02    4.0041E-04    3.3301E-08    6.1291E-01   -2.3676E+00    1.6041E+01    2.2400E-04
5.8480E+00  4.9438E-01 2.5034E+02    5.7744E-04    3.1252E-08    6.7433E-01   -2.3614E+00    1.8035E+01    2.2400E-04
5.4075E+00  5.2444E-01 2.5381E+02    8.0957E-04    2.9288E-08    7.1681E-01   -2.3361E+00    2.0090E+01    2.2400E-04
4.9706E+00  5.5564E-01 2.5710E+02    1.1048E-03    2.7360E-08    7.4783E-01   -2.3114E+00    2.2185E+01    2.2400E-04
4.5380E+00  5.8795E-01 2.6019E+02    1.4702E-03    2.5498E-08    7.7294E-01   -2.2581E+00    2.4301E+01    2.2400E-04
4.1101E+00  6.2135E-01 2.6310E+02    1.9115E-03    2.3731E-08    7.9089E-01   -2.1900E+00    2.6422E+01    2.2400E-04
3.6874E+00  6.5583E-01 2.6583E+02    2.4333E-03    2.2060E-08    7.9908E-01   -2.1167E+00    2.8534E+01    2.2400E-04
3.2705E+00  6.9135E-01 2.6840E+02    3.0391E-03    2.0480E-08    7.9846E-01   -2.0089E+00    3.0631E+01    2.2400E-04
2.8596E+00  7.2787E-01 2.7081E+02    3.7316E-03    1.9064E-08    7.9232E-01   -1.8486E+00    3.2704E+01    2.2400E-04
2.4553E+00  7.6535E-01 2.7311E+02    4.5200E-03    1.7804E-08    7.8392E-01   -1.7042E+00    3.4769E+01    2.2400E-04
2.0576E+00  8.0375E-01 2.7549E+02    5.4597E-03    1.6650E-08    7.7644E-01   -1.6161E+00    3.7019E+01    2.2400E-04
1.6669E+00  8.4302E-01 2.7776E+02    6.3472E-03    1.5613E-08    7.5273E-01   -1.5284E+00    3.9249E+01    2.2400E-04
1.2833E+00  8.8309E-01 2.7993E+02    7.4494E-03    1.4772E-08    7.4014E-01   -1.5431E+00    4.1482E+01    2.2400E-04
9.0714E-01  9.2389E-01 2.8198E+02    8.5487E-03    1.4077E-08    7.2610E-01   -1.6141E+00    4.3685E+01    2.2400E-04
5.3878E-01  9.6537E-01 2.8395E+02    9.7509E-03    1.3500E-08    7.2428E-01   -1.8246E+00    4.5881E+01    2.2400E-04
1.7844E-01  1.0074E+00 2.8582E+02    1.1097E-02    1.3003E-08    7.4226E-01   -2.0716E+00    4.8043E+01    2.2400E-04
0.0000E+00  1.0288E+00 2.8676E+02    1.1772E-02    1.3100E-08    7.8871E+00   -3.4948E+00    4.9156E+01    2.2400E-04
