     ALT          P          T          FH2O           O3           THEAT        TCOOL        PSATCO2        FCO2
7.3819E+01  3.2610E-05 2.2628E+02    5.2771E-06    1.4061E-07    3.7519E+01   -7.7093E+01    7.7386E+00    2.2200E-04
7.2680E+01  3.8506E-05 2.2770E+02    5.4809E-06    1.8061E-07    5.5008E+00   -4.9251E+01    8.1782E+00    2.2200E-04
7.1542E+01  4.5410E-05 2.2918E+02    5.6587E-06    2.2781E-07    3.0441E+00   -3.0808E+01    8.6581E+00    2.2200E-04
7.0406E+01  5.3485E-05 2.3073E+02    5.8178E-06    2.7785E-07    3.0404E+00   -1.9345E+01    9.1844E+00    2.2200E-04
6.9272E+01  6.2917E-05 2.3236E+02    5.9572E-06    3.2889E-07    3.2648E+00   -1.2721E+01    9.7580E+00    2.2200E-04
6.8138E+01  7.3919E-05 2.3403E+02    6.0810E-06    3.8215E-07    3.5152E+00   -9.1557E+00    1.0378E+01    2.2200E-04
6.7006E+01  8.6735E-05 2.3574E+02    6.1894E-06    4.3888E-07    3.7839E+00   -7.3611E+00    1.1041E+01    2.2200E-04
6.5875E+01  1.0164E-04 2.3748E+02    6.2899E-06    5.0224E-07    4.0866E+00   -6.5240E+00    1.1746E+01    2.2200E-04
6.4745E+01  1.1897E-04 2.3923E+02    6.3802E-06    5.7225E-07    4.4355E+00   -6.2164E+00    1.2489E+01    2.2200E-04
6.3616E+01  1.3907E-04 2.4098E+02    6.4579E-06    6.5061E-07    4.8242E+00   -6.1625E+00    1.3267E+01    2.2200E-04
6.2489E+01  1.6236E-04 2.4273E+02    6.5256E-06    7.3805E-07    5.2518E+00   -6.2378E+00    1.4077E+01    2.2200E-04
6.1363E+01  1.8931E-04 2.4447E+02    6.5932E-06    8.3378E-07    5.7085E+00   -6.3828E+00    1.4917E+01    2.2200E-04
6.0239E+01  2.2046E-04 2.4618E+02    6.6504E-06    9.3803E-07    6.1873E+00   -6.5641E+00    1.5785E+01    2.2200E-04
5.9116E+01  2.5641E-04 2.4789E+02    6.6953E-06    1.0531E-06    6.6882E+00   -6.7695E+00    1.6681E+01    2.2200E-04
5.7996E+01  2.9785E-04 2.4957E+02    6.7401E-06    1.1800E-06    7.2019E+00   -6.9972E+00    1.7604E+01    2.2200E-04
5.6878E+01  3.4555E-04 2.5124E+02    6.7774E-06    1.3143E-06    7.6994E+00   -7.2190E+00    1.8553E+01    2.2200E-04
5.5763E+01  4.0038E-04 2.5289E+02    6.8097E-06    1.4681E-06    8.2125E+00   -7.4499E+00    1.9531E+01    2.2200E-04
5.4650E+01  4.6333E-04 2.5454E+02    6.8420E-06    1.6456E-06    8.7326E+00   -7.6927E+00    2.0538E+01    2.2200E-04
5.3540E+01  5.3550E-04 2.5616E+02    6.8642E-06    1.8371E-06    9.1980E+00   -7.9321E+00    2.1575E+01    2.2200E-04
5.2434E+01  6.1813E-04 2.5778E+02    6.8863E-06    2.0526E-06    9.6148E+00   -8.1665E+00    2.2643E+01    2.2200E-04
5.1330E+01  7.1261E-04 2.5939E+02    6.9000E-06    2.2920E-06    9.9561E+00   -8.3887E+00    2.3742E+01    2.2200E-04
5.0230E+01  8.2051E-04 2.6100E+02    6.9100E-06    2.5547E-06    1.0192E+01   -8.5994E+00    2.4875E+01    2.2200E-04
4.9134E+01  9.4354E-04 2.6259E+02    6.9100E-06    2.8320E-06    1.0281E+01   -8.8507E+00    2.6042E+01    2.2200E-04
4.8040E+01  1.0837E-03 2.6428E+02    6.9100E-06    3.1321E-06    1.0243E+01   -9.1964E+00    2.7318E+01    2.2200E-04
4.6951E+01  1.2430E-03 2.6571E+02    6.8940E-06    3.4490E-06    1.0057E+01   -9.4289E+00    2.8441E+01    2.2200E-04
4.5868E+01  1.4240E-03 2.6654E+02    6.8723E-06    3.7919E-06    9.7377E+00   -9.3957E+00    2.9100E+01    2.2200E-04
4.4793E+01  1.6293E-03 2.6662E+02    6.8508E-06    4.1554E-06    9.2873E+00   -9.0994E+00    2.9166E+01    2.2200E-04
4.3729E+01  1.8619E-03 2.6598E+02    6.8092E-06    4.5071E-06    8.6978E+00   -8.6004E+00    2.8650E+01    2.2200E-04
4.2680E+01  2.1249E-03 2.6470E+02    6.7558E-06    4.8509E-06    8.0384E+00   -7.9924E+00    2.7646E+01    2.2200E-04
4.1647E+01  2.4221E-03 2.6292E+02    6.7017E-06    5.1586E-06    7.3438E+00   -7.3444E+00    2.6289E+01    2.2200E-04
4.0632E+01  2.7573E-03 2.6078E+02    6.6305E-06    5.4182E-06    6.6623E+00   -6.7009E+00    2.4719E+01    2.2200E-04
3.9636E+01  3.1350E-03 2.5839E+02    6.5608E-06    5.6328E-06    6.0364E+00   -6.0918E+00    2.3053E+01    2.2200E-04
3.8659E+01  3.5599E-03 2.5585E+02    6.4727E-06    5.8127E-06    5.4852E+00   -5.5315E+00    2.1371E+01    2.2200E-04
3.7702E+01  4.0374E-03 2.5321E+02    6.3852E-06    5.9467E-06    4.9994E+00   -5.0288E+00    1.9723E+01    2.2200E-04
3.6765E+01  4.5731E-03 2.5051E+02    6.3012E-06    6.0683E-06    4.5836E+00   -4.5912E+00    1.8134E+01    2.2200E-04
3.5848E+01  5.1733E-03 2.4777E+02    6.1997E-06    6.1522E-06    4.2113E+00   -4.2058E+00    1.6621E+01    2.2200E-04
3.4950E+01  5.8450E-03 2.4502E+02    6.1038E-06    6.2280E-06    3.8815E+00   -3.8701E+00    1.5194E+01    2.2200E-04
3.4072E+01  6.5956E-03 2.4228E+02    5.9984E-06    6.2772E-06    3.5765E+00   -3.5680E+00    1.3866E+01    2.2200E-04
3.3212E+01  7.4332E-03 2.3959E+02    5.8954E-06    6.2992E-06    3.2901E+00   -3.2869E+00    1.2647E+01    2.2200E-04
3.2372E+01  8.3665E-03 2.3700E+02    5.7944E-06    6.2748E-06    3.0138E+00   -3.0179E+00    1.1547E+01    2.2200E-04
3.1549E+01  9.4052E-03 2.3454E+02    5.6957E-06    6.2057E-06    2.7486E+00   -2.7607E+00    1.0572E+01    2.2200E-04
3.0744E+01  1.0560E-02 2.3226E+02    5.5991E-06    6.0785E-06    2.4926E+00   -2.5450E+00    9.7248E+00    2.2200E-04
2.9955E+01  1.1841E-02 2.3019E+02    5.5043E-06    5.8966E-06    2.2491E+00   -2.2885E+00    8.9995E+00    2.2200E-04
2.9181E+01  1.3260E-02 2.2833E+02    5.4101E-06    5.6644E-06    2.0217E+00   -2.0487E+00    8.3825E+00    2.2200E-04
2.8422E+01  1.4832E-02 2.2667E+02    5.3104E-06    5.3842E-06    1.8123E+00   -1.8284E+00    7.8568E+00    2.2200E-04
2.7677E+01  1.6568E-02 2.2517E+02    5.2211E-06    5.0752E-06    1.6245E+00   -1.6305E+00    7.4048E+00    2.2200E-04
2.6945E+01  1.8485E-02 2.2380E+02    5.1332E-06    4.7318E-06    1.4564E+00   -1.4557E+00    7.0106E+00    2.2200E-04
2.6227E+01  2.0597E-02 2.2254E+02    5.0470E-06    4.3874E-06    1.3110E+00   -1.3037E+00    6.6605E+00    2.2200E-04
2.5520E+01  2.2922E-02 2.2135E+02    4.9622E-06    4.0278E-06    1.1825E+00   -1.1729E+00    6.3435E+00    2.2200E-04
2.4826E+01  2.5477E-02 2.2021E+02    4.8789E-06    3.6763E-06    1.0703E+00   -1.0598E+00    6.0519E+00    2.2200E-04
2.4144E+01  2.8282E-02 2.1912E+02    4.7992E-06    3.3346E-06    9.7080E-01   -9.6078E-01    5.7803E+00    2.2200E-04
2.3473E+01  3.1355E-02 2.1806E+02    4.7265E-06    3.0041E-06    8.8049E-01   -8.7226E-01    5.5257E+00    2.2200E-04
2.2814E+01  3.4719E-02 2.1703E+02    4.6475E-06    2.6977E-06    7.9822E-01   -7.9021E-01    5.2867E+00    2.2200E-04
2.2166E+01  3.8395E-02 2.1603E+02    4.5697E-06    2.4009E-06    7.2019E-01   -7.1483E-01    5.0026E+00    2.2200E-04
2.1529E+01  4.2406E-02 2.1508E+02    4.4977E-06    2.1241E-06    6.4700E-01   -6.4537E-01    4.6935E+00    2.2200E-04
2.0903E+01  4.6778E-02 2.1418E+02    4.4282E-06    1.8758E-06    5.7954E-01   -5.8029E-01    4.4164E+00    2.2200E-04
2.0288E+01  5.1536E-02 2.1334E+02    4.3637E-06    1.6433E-06    5.1621E-01   -5.2034E-01    4.1714E+00    2.2200E-04
1.9683E+01  5.6705E-02 2.1257E+02    4.2932E-06    1.4272E-06    4.5745E-01   -4.6429E-01    3.9580E+00    2.2200E-04
1.9089E+01  6.2315E-02 2.1188E+02    4.2337E-06    1.2357E-06    4.0482E-01   -4.1083E-01    3.7746E+00    2.2200E-04
1.8504E+01  6.8394E-02 2.1128E+02    4.1752E-06    1.0542E-06    3.5685E-01   -3.6198E-01    3.6191E+00    2.2200E-04
1.7929E+01  7.4971E-02 2.1075E+02    4.1177E-06    8.9335E-07    3.1502E-01   -3.1675E-01    3.4886E+00    2.2200E-04
1.7363E+01  8.2077E-02 2.1030E+02    4.0689E-06    7.5002E-07    2.7904E-01   -2.7715E-01    3.3801E+00    2.2200E-04
1.6806E+01  8.9743E-02 2.0992E+02    4.0244E-06    6.2340E-07    2.4843E-01   -2.4488E-01    3.2907E+00    2.2200E-04
1.6258E+01  9.8001E-02 2.0960E+02    3.9904E-06    5.1031E-07    2.2235E-01   -2.2182E-01    3.2181E+00    2.2200E-04
1.5719E+01  1.0689E-01 2.0934E+02    3.9581E-06    4.1239E-07    1.9932E-01   -1.7677E-01    3.1596E+00    2.2200E-04
1.5188E+01  1.1643E-01 2.0914E+02    3.9275E-06    3.2973E-07    1.7991E-01   -1.6184E-01    3.1139E+00    2.2200E-04
1.4666E+01  1.2666E-01 2.0899E+02    3.9066E-06    2.6151E-07    1.6400E-01   -1.5226E-01    3.0825E+00    2.2200E-04
1.4151E+01  1.3762E-01 2.0893E+02    3.8860E-06    2.0546E-07    1.5089E-01   -1.4646E-01    3.0678E+00    2.2200E-04
1.3645E+01  1.4934E-01 2.0895E+02    3.8679E-06    1.5887E-07    1.4001E-01   -1.4343E-01    3.0733E+00    2.2200E-04
1.3146E+01  1.6186E-01 2.0908E+02    3.8579E-06    1.2309E-07    1.3146E-01   -1.3993E-01    3.1016E+00    2.2200E-04
1.2655E+01  1.7520E-01 2.0932E+02    3.8500E-06    9.9429E-08    1.2525E-01   -1.3215E-01    3.1537E+00    2.2200E-04
1.2171E+01  1.8940E-01 2.0966E+02    3.8871E-06    8.3304E-08    1.2115E-01   -1.2470E-01    3.2314E+00    2.2200E-04
1.1694E+01  2.0450E-01 2.1011E+02    4.6193E-06    7.0891E-08    1.2102E-01   -1.3712E-01    3.3359E+00    2.2200E-04
1.1224E+01  2.2052E-01 2.1064E+02    5.1831E-06    6.1689E-08    1.2099E-01   -1.2462E-01    3.4612E+00    2.2200E-04
1.0761E+01  2.3750E-01 2.1118E+02    5.8729E-06    5.6415E-08    1.2200E-01   -1.0723E-01    3.5952E+00    2.2200E-04
1.0304E+01  2.5546E-01 2.1217E+02    6.7583E-06    5.3254E-08    1.2417E-01   -7.2284E-02    3.8497E+00    2.2200E-04
9.8522E+00  2.7443E-01 2.1342E+02    8.0518E-06    5.0660E-08    1.2912E-01   -1.2115E-01    4.1939E+00    2.2200E-04
9.4039E+00  2.9444E-01 2.1675E+02    1.2598E-05    4.8356E-08    1.4845E-01   -4.0376E-01    5.2231E+00    2.2200E-04
8.9558E+00  3.1552E-01 2.2109E+02    2.2071E-05    4.6113E-08    1.8560E-01   -8.1883E-01    6.2773E+00    2.2200E-04
8.5073E+00  3.3767E-01 2.2541E+02    3.7711E-05    4.3919E-08    2.3671E-01   -1.2438E+00    7.4771E+00    2.2200E-04
8.0588E+00  3.6093E-01 2.2968E+02    6.2806E-05    4.1766E-08    2.9895E-01   -1.6334E+00    8.8261E+00    2.2200E-04
7.6105E+00  3.8530E-01 2.3389E+02    1.0188E-04    3.9616E-08    3.6695E-01   -1.9361E+00    1.0323E+01    2.2200E-04
7.1631E+00  4.1080E-01 2.3800E+02    1.6082E-04    3.7490E-08    4.3798E-01   -2.1415E+00    1.1962E+01    2.2200E-04
6.7170E+00  4.3743E-01 2.4199E+02    2.4683E-04    3.5444E-08    5.1457E-01   -2.2754E+00    1.3730E+01    2.2200E-04
6.2728E+00  4.6521E-01 2.4584E+02    3.6819E-04    3.3402E-08    5.9239E-01   -2.3274E+00    1.5610E+01    2.2200E-04
5.8309E+00  4.9412E-01 2.4953E+02    5.3371E-04    3.1446E-08    6.5768E-01   -2.3312E+00    1.7580E+01    2.2200E-04
5.3921E+00  5.2417E-01 2.5304E+02    7.5217E-04    2.9509E-08    7.0385E-01   -2.3110E+00    1.9617E+01    2.2200E-04
4.9568E+00  5.5535E-01 2.5636E+02    1.0318E-03    2.7589E-08    7.3696E-01   -2.2918E+00    2.1699E+01    2.2200E-04
4.5256E+00  5.8764E-01 2.5949E+02    1.3798E-03    2.5736E-08    7.6358E-01   -2.2470E+00    2.3807E+01    2.2200E-04
4.0991E+00  6.2103E-01 2.6243E+02    1.8023E-03    2.3978E-08    7.8354E-01   -2.1824E+00    2.5923E+01    2.2200E-04
3.6777E+00  6.5549E-01 2.6520E+02    2.3041E-03    2.2330E-08    7.9405E-01   -2.1143E+00    2.8034E+01    2.2200E-04
3.2619E+00  6.9098E-01 2.6780E+02    2.8889E-03    2.0841E-08    7.9534E-01   -2.0185E+00    3.0131E+01    2.2200E-04
2.8522E+00  7.2748E-01 2.7024E+02    3.5596E-03    1.9355E-08    7.9046E-01   -1.8683E+00    3.2206E+01    2.2200E-04
2.4490E+00  7.6494E-01 2.7255E+02    4.3179E-03    1.8082E-08    7.8240E-01   -1.7168E+00    3.4255E+01    2.2200E-04
2.0524E+00  8.0332E-01 2.7491E+02    5.2348E-03    1.6933E-08    7.7698E-01   -1.6219E+00    3.6457E+01    2.2200E-04
1.6627E+00  8.4256E-01 2.7719E+02    6.1309E-03    1.5902E-08    7.5666E-01   -1.5349E+00    3.8684E+01    2.2200E-04
1.2801E+00  8.8261E-01 2.7938E+02    7.1658E-03    1.5064E-08    7.4117E-01   -1.5298E+00    4.0915E+01    2.2200E-04
9.0493E-01  9.2339E-01 2.8146E+02    8.2757E-03    1.4373E-08    7.2890E-01   -1.5969E+00    4.3117E+01    2.2200E-04
5.3748E-01  9.6485E-01 2.8344E+02    9.3911E-03    1.3798E-08    7.2304E-01   -1.7859E+00    4.5303E+01    2.2200E-04
1.7802E-01  1.0069E+00 2.8533E+02    1.0750E-02    1.3302E-08    7.4308E-01   -2.0402E+00    4.7465E+01    2.2200E-04
0.0000E+00  1.0283E+00 2.8628E+02    1.1431E-02    1.3400E-08    7.9058E+00   -3.5331E+00    4.8576E+01    2.2200E-04
