     ALT          P          T          FH2O           O3           THEAT        TCOOL        PSATCO2        FCO2
7.3818E+01  3.2610E-05 2.2627E+02    5.2975E-06    1.4068E-07    3.7520E+01   -7.7090E+01    7.7347E+00    2.2200E-04
7.2678E+01  3.8506E-05 2.2768E+02    5.5012E-06    1.8069E-07    5.5016E+00   -4.9250E+01    8.1740E+00    2.2200E-04
7.1541E+01  4.5410E-05 2.2916E+02    5.6731E-06    2.2750E-07    3.0429E+00   -3.0818E+01    8.6537E+00    2.2200E-04
7.0405E+01  5.3485E-05 2.3072E+02    5.8312E-06    2.7760E-07    3.0394E+00   -1.9350E+01    9.1798E+00    2.2200E-04
6.9271E+01  6.2917E-05 2.3234E+02    5.9774E-06    3.2897E-07    3.2651E+00   -1.2725E+01    9.7531E+00    2.2200E-04
6.8138E+01  7.3919E-05 2.3402E+02    6.1011E-06    3.8123E-07    3.5112E+00   -9.1600E+00    1.0372E+01    2.2200E-04
6.7005E+01  8.6735E-05 2.3573E+02    6.2095E-06    4.3849E-07    3.7818E+00   -7.3661E+00    1.1036E+01    2.2200E-04
6.5874E+01  1.0164E-04 2.3747E+02    6.3100E-06    5.0159E-07    4.0838E+00   -6.5342E+00    1.1740E+01    2.2200E-04
6.4744E+01  1.1897E-04 2.3922E+02    6.4003E-06    5.7233E-07    4.4361E+00   -6.2235E+00    1.2483E+01    2.2200E-04
6.3616E+01  1.3907E-04 2.4097E+02    6.4780E-06    6.5070E-07    4.8250E+00   -6.1695E+00    1.3260E+01    2.2200E-04
6.2488E+01  1.6236E-04 2.4272E+02    6.5457E-06    7.3763E-07    5.2500E+00   -6.2431E+00    1.4070E+01    2.2200E-04
6.1362E+01  1.8931E-04 2.4445E+02    6.6132E-06    8.3287E-07    5.7042E+00   -6.3872E+00    1.4910E+01    2.2200E-04
6.0238E+01  2.2046E-04 2.4617E+02    6.6705E-06    9.3712E-07    6.1833E+00   -6.5673E+00    1.5778E+01    2.2200E-04
5.9116E+01  2.5641E-04 2.4787E+02    6.7153E-06    1.0531E-06    6.6888E+00   -6.7723E+00    1.6674E+01    2.2200E-04
5.7996E+01  2.9785E-04 2.4956E+02    6.7602E-06    1.1801E-06    7.2029E+00   -6.9990E+00    1.7596E+01    2.2200E-04
5.6878E+01  3.4555E-04 2.5123E+02    6.7974E-06    1.3144E-06    7.7004E+00   -7.2201E+00    1.8546E+01    2.2200E-04
5.5763E+01  4.0038E-04 2.5288E+02    6.8297E-06    1.4682E-06    8.2135E+00   -7.4501E+00    1.9523E+01    2.2200E-04
5.4650E+01  4.6333E-04 2.5452E+02    6.8620E-06    1.6457E-06    8.7334E+00   -7.6923E+00    2.0530E+01    2.2200E-04
5.3540E+01  5.3550E-04 2.5615E+02    6.8842E-06    1.8372E-06    9.1988E+00   -7.9309E+00    2.1566E+01    2.2200E-04
5.2434E+01  6.1813E-04 2.5777E+02    6.9063E-06    2.0527E-06    9.6150E+00   -8.1647E+00    2.2633E+01    2.2200E-04
5.1330E+01  7.1261E-04 2.5938E+02    6.9200E-06    2.2903E-06    9.9514E+00   -8.3858E+00    2.3733E+01    2.2200E-04
5.0230E+01  8.2051E-04 2.6098E+02    6.9300E-06    2.5547E-06    1.0192E+01   -8.5967E+00    2.4865E+01    2.2200E-04
4.9134E+01  9.4354E-04 2.6258E+02    6.9300E-06    2.8320E-06    1.0282E+01   -8.8477E+00    2.6032E+01    2.2200E-04
4.8041E+01  1.0837E-03 2.6426E+02    6.9300E-06    3.1320E-06    1.0244E+01   -9.1933E+00    2.7307E+01    2.2200E-04
4.6951E+01  1.2430E-03 2.6570E+02    6.9140E-06    3.4489E-06    1.0058E+01   -9.4263E+00    2.8431E+01    2.2200E-04
4.5868E+01  1.4240E-03 2.6653E+02    6.8947E-06    3.7918E-06    9.7382E+00   -9.3943E+00    2.9091E+01    2.2200E-04
4.4793E+01  1.6293E-03 2.6661E+02    6.8709E-06    4.1552E-06    9.2876E+00   -9.0982E+00    2.9158E+01    2.2200E-04
4.3730E+01  1.8619E-03 2.6597E+02    6.8292E-06    4.5069E-06    8.6981E+00   -8.5996E+00    2.8642E+01    2.2200E-04
4.2681E+01  2.1249E-03 2.6469E+02    6.7772E-06    4.8507E-06    8.0386E+00   -7.9919E+00    2.7639E+01    2.2200E-04
4.1648E+01  2.4221E-03 2.6291E+02    6.7238E-06    5.1585E-06    7.3440E+00   -7.3442E+00    2.6283E+01    2.2200E-04
4.0633E+01  2.7573E-03 2.6077E+02    6.6529E-06    5.4180E-06    6.6626E+00   -6.7011E+00    2.4714E+01    2.2200E-04
3.9637E+01  3.1350E-03 2.5838E+02    6.5809E-06    5.6326E-06    6.0367E+00   -6.0923E+00    2.3048E+01    2.2200E-04
3.8660E+01  3.5599E-03 2.5584E+02    6.5009E-06    5.8144E-06    5.4872E+00   -5.5335E+00    2.1367E+01    2.2200E-04
3.7703E+01  4.0374E-03 2.5321E+02    6.4062E-06    5.9557E-06    5.0046E+00   -5.0312E+00    1.9719E+01    2.2200E-04
3.6766E+01  4.5731E-03 2.5051E+02    6.3215E-06    6.0682E-06    4.5840E+00   -4.5922E+00    1.8131E+01    2.2200E-04
3.5849E+01  5.1733E-03 2.4777E+02    6.2217E-06    6.1602E-06    4.2146E+00   -4.2070E+00    1.6617E+01    2.2200E-04
3.4951E+01  5.8450E-03 2.4501E+02    6.1239E-06    6.2280E-06    3.8812E+00   -3.8700E+00    1.5189E+01    2.2200E-04
3.4072E+01  6.5956E-03 2.4227E+02    6.0221E-06    6.2771E-06    3.5761E+00   -3.5678E+00    1.3861E+01    2.2200E-04
3.3213E+01  7.4332E-03 2.3958E+02    5.9255E-06    6.2992E-06    3.2898E+00   -3.2872E+00    1.2642E+01    2.2200E-04
3.2373E+01  8.3665E-03 2.3699E+02    5.8246E-06    6.2749E-06    3.0137E+00   -3.0183E+00    1.1542E+01    2.2200E-04
3.1550E+01  9.4052E-03 2.3453E+02    5.7158E-06    6.2058E-06    2.7485E+00   -2.7606E+00    1.0568E+01    2.2200E-04
3.0744E+01  1.0560E-02 2.3225E+02    5.6192E-06    6.0787E-06    2.4925E+00   -2.5448E+00    9.7207E+00    2.2200E-04
2.9955E+01  1.1841E-02 2.3018E+02    5.5245E-06    5.8969E-06    2.2491E+00   -2.2884E+00    8.9958E+00    2.2200E-04
2.9182E+01  1.3260E-02 2.2832E+02    5.4317E-06    5.6648E-06    2.0217E+00   -2.0488E+00    8.3792E+00    2.2200E-04
2.8423E+01  1.4832E-02 2.2666E+02    5.3406E-06    5.3846E-06    1.8124E+00   -1.8291E+00    7.8538E+00    2.2200E-04
2.7678E+01  1.6568E-02 2.2516E+02    5.2412E-06    5.0758E-06    1.6246E+00   -1.6306E+00    7.4022E+00    2.2200E-04
2.6947E+01  1.8485E-02 2.2379E+02    5.1534E-06    4.7324E-06    1.4566E+00   -1.4559E+00    7.0083E+00    2.2200E-04
2.6228E+01  2.0597E-02 2.2253E+02    5.0672E-06    4.3880E-06    1.3112E+00   -1.3039E+00    6.6584E+00    2.2200E-04
2.5521E+01  2.2922E-02 2.2134E+02    4.9823E-06    4.0285E-06    1.1827E+00   -1.1730E+00    6.3417E+00    2.2200E-04
2.4827E+01  2.5477E-02 2.2021E+02    4.8991E-06    3.6770E-06    1.0705E+00   -1.0600E+00    6.0503E+00    2.2200E-04
2.4145E+01  2.8282E-02 2.1912E+02    4.8272E-06    3.3352E-06    9.7103E-01   -9.6139E-01    5.7789E+00    2.2200E-04
2.3474E+01  3.1355E-02 2.1806E+02    4.7467E-06    3.0047E-06    8.8068E-01   -8.7253E-01    5.5246E+00    2.2200E-04
2.2815E+01  3.4719E-02 2.1703E+02    4.6676E-06    2.6983E-06    7.9840E-01   -7.9047E-01    5.2858E+00    2.2200E-04
2.2167E+01  3.8395E-02 2.1603E+02    4.5899E-06    2.4016E-06    7.2037E-01   -7.1514E-01    5.0016E+00    2.2200E-04
2.1530E+01  4.2406E-02 2.1508E+02    4.5179E-06    2.1247E-06    6.4718E-01   -6.4572E-01    4.6929E+00    2.2200E-04
2.0905E+01  4.6778E-02 2.1418E+02    4.4483E-06    1.8763E-06    5.7971E-01   -5.8069E-01    4.4163E+00    2.2200E-04
2.0289E+01  5.1536E-02 2.1334E+02    4.3838E-06    1.6438E-06    5.1637E-01   -5.2078E-01    4.1718E+00    2.2200E-04
1.9685E+01  5.6705E-02 2.1257E+02    4.3133E-06    1.4276E-06    4.5760E-01   -4.6479E-01    3.9587E+00    2.2200E-04
1.9090E+01  6.2315E-02 2.1189E+02    4.2538E-06    1.2361E-06    4.0497E-01   -4.1137E-01    3.7758E+00    2.2200E-04
1.8505E+01  6.8394E-02 2.1128E+02    4.1953E-06    1.0546E-06    3.5698E-01   -3.6261E-01    3.6208E+00    2.2200E-04
1.7930E+01  7.4971E-02 2.1076E+02    4.1378E-06    8.9301E-07    3.1505E-01   -3.1762E-01    3.4909E+00    2.2200E-04
1.7364E+01  8.2077E-02 2.1031E+02    4.0890E-06    7.5012E-07    2.7913E-01   -2.7803E-01    3.3830E+00    2.2200E-04
1.6807E+01  8.9743E-02 2.0993E+02    4.0445E-06    6.2365E-07    2.4855E-01   -2.4578E-01    3.2943E+00    2.2200E-04
1.6259E+01  9.8001E-02 2.0962E+02    4.0105E-06    5.1052E-07    2.2246E-01   -2.2274E-01    3.2224E+00    2.2200E-04
1.5720E+01  1.0689E-01 2.0936E+02    3.9781E-06    4.1257E-07    1.9942E-01   -1.7773E-01    3.1645E+00    2.2200E-04
1.5189E+01  1.1643E-01 2.0916E+02    3.9475E-06    3.2987E-07    1.8001E-01   -1.6296E-01    3.1196E+00    2.2200E-04
1.4666E+01  1.2666E-01 2.0902E+02    3.9266E-06    2.6162E-07    1.6409E-01   -1.5349E-01    3.0889E+00    2.2200E-04
1.4152E+01  1.3762E-01 2.0896E+02    3.9060E-06    2.0555E-07    1.5097E-01   -1.4741E-01    3.0744E+00    2.2200E-04
1.3646E+01  1.4934E-01 2.0899E+02    3.8879E-06    1.5893E-07    1.4009E-01   -1.4445E-01    3.0805E+00    2.2200E-04
1.3147E+01  1.6186E-01 2.0912E+02    3.8779E-06    1.2312E-07    1.3154E-01   -1.4124E-01    3.1094E+00    2.2200E-04
1.2656E+01  1.7520E-01 2.0936E+02    3.8719E-06    9.9448E-08    1.2534E-01   -1.3411E-01    3.1633E+00    2.2200E-04
1.2172E+01  1.8940E-01 2.0969E+02    3.9154E-06    8.3317E-08    1.2126E-01   -1.2554E-01    3.2390E+00    2.2200E-04
1.1695E+01  2.0450E-01 2.1015E+02    4.6477E-06    7.0898E-08    1.2110E-01   -1.3643E-01    3.3447E+00    2.2200E-04
1.1224E+01  2.2052E-01 2.1065E+02    5.4264E-06    6.1692E-08    1.2108E-01   -1.2813E-01    3.4639E+00    2.2200E-04
1.0761E+01  2.3750E-01 2.1126E+02    5.9320E-06    5.6417E-08    1.2226E-01   -1.0986E-01    3.6158E+00    2.2200E-04
1.0304E+01  2.5546E-01 2.1217E+02    6.7604E-06    5.3255E-08    1.2414E-01   -7.1316E-02    3.8503E+00    2.2200E-04
9.8522E+00  2.7443E-01 2.1346E+02    8.0983E-06    5.0660E-08    1.2924E-01   -1.2243E-01    4.2061E+00    2.2200E-04
9.4039E+00  2.9444E-01 2.1675E+02    1.2598E-05    4.8356E-08    1.4835E-01   -4.0072E-01    5.2231E+00    2.2200E-04
8.9558E+00  3.1552E-01 2.2109E+02    2.2071E-05    4.6113E-08    1.8545E-01   -8.1628E-01    6.2773E+00    2.2200E-04
8.5073E+00  3.3767E-01 2.2541E+02    3.7711E-05    4.3919E-08    2.3655E-01   -1.2417E+00    7.4771E+00    2.2200E-04
8.0588E+00  3.6093E-01 2.2968E+02    6.2806E-05    4.1766E-08    2.9879E-01   -1.6318E+00    8.8261E+00    2.2200E-04
7.6105E+00  3.8530E-01 2.3389E+02    1.0188E-04    3.9616E-08    3.6681E-01   -1.9350E+00    1.0323E+01    2.2200E-04
7.1631E+00  4.1080E-01 2.3800E+02    1.6082E-04    3.7490E-08    4.3787E-01   -2.1409E+00    1.1962E+01    2.2200E-04
6.7170E+00  4.3743E-01 2.4199E+02    2.4683E-04    3.5443E-08    5.1449E-01   -2.2750E+00    1.3730E+01    2.2200E-04
6.2728E+00  4.6521E-01 2.4584E+02    3.6819E-04    3.3401E-08    5.9233E-01   -2.3271E+00    1.5610E+01    2.2200E-04
5.8309E+00  4.9412E-01 2.4953E+02    5.3370E-04    3.1446E-08    6.5763E-01   -2.3311E+00    1.7580E+01    2.2200E-04
5.3921E+00  5.2417E-01 2.5304E+02    7.5216E-04    2.9509E-08    7.0381E-01   -2.3109E+00    1.9617E+01    2.2200E-04
4.9568E+00  5.5535E-01 2.5636E+02    1.0318E-03    2.7589E-08    7.3693E-01   -2.2917E+00    2.1699E+01    2.2200E-04
4.5256E+00  5.8764E-01 2.5949E+02    1.3798E-03    2.5736E-08    7.6356E-01   -2.2469E+00    2.3807E+01    2.2200E-04
4.0991E+00  6.2103E-01 2.6243E+02    1.8022E-03    2.3978E-08    7.8352E-01   -2.1823E+00    2.5922E+01    2.2200E-04
3.6777E+00  6.5548E-01 2.6520E+02    2.3040E-03    2.2330E-08    7.9404E-01   -2.1143E+00    2.8034E+01    2.2200E-04
3.2619E+00  6.9098E-01 2.6780E+02    2.8889E-03    2.0841E-08    7.9533E-01   -2.0185E+00    3.0130E+01    2.2200E-04
2.8522E+00  7.2748E-01 2.7024E+02    3.5595E-03    1.9355E-08    7.9045E-01   -1.8683E+00    3.2206E+01    2.2200E-04
2.4490E+00  7.6494E-01 2.7255E+02    4.3178E-03    1.8082E-08    7.8239E-01   -1.7167E+00    3.4255E+01    2.2200E-04
2.0524E+00  8.0332E-01 2.7491E+02    5.2347E-03    1.6933E-08    7.7697E-01   -1.6219E+00    3.6457E+01    2.2200E-04
1.6627E+00  8.4256E-01 2.7719E+02    6.1309E-03    1.5902E-08    7.5666E-01   -1.5349E+00    3.8683E+01    2.2200E-04
1.2801E+00  8.8261E-01 2.7938E+02    7.1657E-03    1.5064E-08    7.4116E-01   -1.5298E+00    4.0914E+01    2.2200E-04
9.0492E-01  9.2339E-01 2.8146E+02    8.2756E-03    1.4373E-08    7.2890E-01   -1.5968E+00    4.3116E+01    2.2200E-04
5.3748E-01  9.6484E-01 2.8344E+02    9.3909E-03    1.3798E-08    7.2303E-01   -1.7859E+00    4.5303E+01    2.2200E-04
1.7802E-01  1.0069E+00 2.8533E+02    1.0750E-02    1.3302E-08    7.4308E-01   -2.0402E+00    4.7465E+01    2.2200E-04
0.0000E+00  1.0283E+00 2.8628E+02    1.1431E-02    1.3400E-08    7.9057E+00   -3.5331E+00    4.8576E+01    2.2200E-04
