   226.281030464478        0.527713466264584E-05
   227.696080987518        0.548088183873843E-05
   229.177639704149        0.565873543466443E-05
   230.733609311148        0.581778499628944E-05
   232.355498654447        0.595717676397799E-05
   234.029822380824        0.608096550446113E-05
   235.742491701999        0.618935410413822E-05
   237.480102230152        0.628986222046202E-05
   239.230500559810        0.638022224871571E-05
   240.983274551576        0.645794460202147E-05
   242.730150188034        0.652559529157761E-05
   244.465185337168        0.659316342217091E-05
   246.184713845067        0.665042295065466E-05
   247.887062881126        0.669531421126941E-05
   249.572113015479        0.674012405036410E-05
   251.240792959523        0.677742349107197E-05
   252.894600371220        0.680973345721397E-05
   254.535219424115        0.684198711023436E-05
   256.164271901849        0.686418349163587E-05
   257.783201892976        0.688631957884631E-05
   259.393265392627        0.690000000000000E-05
   260.995582032740        0.691000000000000E-05
   262.591207173029        0.691000000000000E-05
   264.276853965862        0.691000000000000E-05
   265.713965070136        0.689401409273625E-05
   266.537772775331        0.687234303257818E-05
   266.619286685631        0.685084408568019E-05
   265.976224624108        0.680915051138499E-05
   264.701033562152        0.675576484376053E-05
   262.922492171087        0.670171108991090E-05
   260.778263242538        0.663050573932923E-05
   258.390242997954        0.656081298245090E-05
   255.848552545566        0.647267843241401E-05
   253.211138762074        0.638515285461824E-05
   250.512056169599        0.630115483575674E-05
   247.774495291136        0.619967049078350E-05
   245.021575921381        0.610383295966445E-05
   242.282712648611        0.599842572241575E-05
   239.594576984111        0.589535374417331E-05
   236.999108407207        0.579443228465711E-05
   234.540238988993        0.569568523826700E-05
   232.263566501843        0.559909773371075E-05
   230.194689659159        0.550433063280113E-05
   228.334588419315        0.541011806305420E-05
   226.667113890782        0.531042953581371E-05
   225.165508247016        0.522106383586682E-05
   223.798574273063        0.513322558790720E-05
   222.535018489598        0.504703230633003E-05
   221.347426335993        0.496219136782628E-05
   220.214440873864        0.487892291600457E-05
   219.121539106972        0.479919250275216E-05
   218.060997147178        0.472650683453117E-05
   217.030811332192        0.464745570519758E-05
   216.034391387409        0.456969734581505E-05
   215.079641827416        0.449771837348354E-05
   214.176834062087        0.442815920062769E-05
   213.336963051436        0.436366887819391E-05
   212.569856553159        0.429317908129659E-05
   211.881917621714        0.423368668726748E-05
   211.275594665319        0.417519994574704E-05
   210.749321957526        0.411768618965802E-05
   210.298469279240        0.406890063305425E-05
   209.917557187539        0.402437231363544E-05
   209.601754592037        0.399041737952260E-05
   209.342641420754        0.395805844693477E-05
   209.137476288974        0.392747634704049E-05
   208.994581618116        0.390658051060381E-05
   208.927586115211        0.388601192121458E-05
   208.952838982069        0.386788311671078E-05
   209.081455526087        0.385791262475683E-05
   209.316135872964        0.385000000000001E-05
   209.660181418489        0.388705295097269E-05
   210.111457339167        0.461925113721961E-05
   210.636681657008        0.518313138723059E-05
   211.180433995109        0.587294623332775E-05
   212.167082829942        0.675825557071320E-05
   213.415709866597        0.805184716943712E-05
   216.751004459033        0.125980087528910E-04
   221.093751313503        0.220706623629969E-04
   225.410274297265        0.377108104706458E-04
   229.681723868179        0.628060752933592E-04
   233.885870997055        0.101878858393117E-03
   237.997847316117        0.160817949609401E-03
   241.991693114514        0.246834950613241E-03
   245.842596343970        0.368190588093133E-03
   249.529388683281        0.533707351102933E-03
   253.036678169137        0.752173276400832E-03
   256.356055707535        0.103179363386392E-02
   259.485942213400        0.137980122143406E-02
   262.430435024528        0.180226370117257E-02
   265.197689997271        0.230405559159798E-02
   267.798294687403        0.288892684789062E-02
   270.243909567158        0.355960241927290E-02
   272.546273764940        0.431786783597949E-02
   274.908770991866        0.523475064025213E-02
   277.192105907401        0.613094220639787E-02
   279.382915433108        0.716581384925914E-02
   281.458204135818        0.827571417341551E-02
   283.440989647310        0.939110461155228E-02
   285.330584305166        0.107500365521214E-01
   286.276215248597        0.114307814940771E-01
