   226.212187576915        0.534863510637755E-05
   227.626404692034        0.555213563892688E-05
   229.107195023961        0.573401793835362E-05
   230.662468678908        0.589181878755562E-05
   232.283729883236        0.603797804469259E-05
   233.957488200904        0.616158819280649E-05
   235.669652075860        0.627476592185082E-05
   237.406815765869        0.637029676648159E-05
   239.156824349510        0.646069591507646E-05
   240.909262751600        0.654095515272899E-05
   242.655851877844        0.661584777840657E-05
   244.390642236001        0.668339200962066E-05
   246.109958454603        0.674055890164526E-05
   247.812117550434        0.678543448247478E-05
   249.496990278545        0.683022867448543E-05
   251.165497287531        0.686746796534336E-05
   252.819131230679        0.690953998982153E-05
   254.459575243290        0.693201607214865E-05
   256.088454191177        0.695420481215862E-05
   257.707218287489        0.697633329821550E-05
   259.317129726373        0.699000000000000E-05
   260.919308747050        0.700000000000000E-05
   262.514796671221        0.700767560579421E-05
   264.197475481283        0.700000000000000E-05
   265.642382980245        0.699000000000000E-05
   266.481356071373        0.697237272736394E-05
   266.576391337243        0.694175632749285E-05
   265.942257362039        0.689922793325448E-05
   264.671728949394        0.685589081576600E-05
   262.894782655851        0.679392126163053E-05
   260.750458022931        0.673069516734853E-05
   258.361591284670        0.665101265622213E-05
   255.818655625883        0.657288895677887E-05
   253.179288360089        0.648543067343576E-05
   250.478038414748        0.639173340555832E-05
   247.738176993793        0.629997814084496E-05
   244.982793264458        0.620019543436283E-05
   242.241409409179        0.609883696636460E-05
   239.551383676351        0.599578626203708E-05
   236.954665956984        0.589488340240345E-05
   234.495044652120        0.579615934679877E-05
   232.217845450455        0.569959336270594E-05
   230.148607087730        0.559897046456313E-05
   228.288564265035        0.550207270853727E-05
   226.621741360919        0.541098296138466E-05
   225.121350106895        0.532163891586319E-05
   223.755752750647        0.523381660953092E-05
   222.493683830214        0.514764340138136E-05
   221.307742222614        0.506281735122163E-05
   220.176660893838        0.497956029483380E-05
   219.086070220051        0.489767692363920E-05
   218.028246670069        0.481717350708475E-05
   217.001189597350        0.473812947367624E-05
   216.008463360145        0.467038667229175E-05
   215.058104884538        0.459394044648150E-05
   214.160489355428        0.452572566983296E-05
   213.326661308162        0.445509457432029E-05
   212.566560558667        0.439251111121595E-05
   211.886631478728        0.432426983220453E-05
   211.289399926362        0.426577671729654E-05
   210.773548030475        0.421461367245762E-05
   210.334598734823        0.416934392672397E-05
   209.966933209101        0.412480228260217E-05
   209.665282977825        0.408096942028574E-05
   209.420732899677        0.404835709065239E-05
   209.230144842132        0.401766424534740E-05
   209.100668901719        0.399675610016115E-05
   209.046943911971        0.397808892900240E-05
   209.083570037211        0.396590920222191E-05
   209.219900171874        0.395000000000001E-05
   209.462600878769        0.395000000000000E-05
   209.815384435634        0.398591003772266E-05
   210.270158529682        0.472373828113733E-05
   210.792025972766        0.529624582421480E-05
   211.330400086178        0.599435202592824E-05
   212.265941030900        0.684981154798760E-05
   213.597347242707        0.825097539683907E-05
   216.771115156761        0.126310610707309E-04
   221.114097132857        0.221269608451916E-04
   225.430734260274        0.378038654466044E-04
   229.702153217445        0.629551035886495E-04
   233.906110187318        0.102109785305440E-03
   238.017734748354        0.161163811323155E-03
   242.011077178532        0.247335337177602E-03
   245.861341785593        0.368889815316839E-03
   249.547377373925        0.534651241170720E-03
   253.053814245980        0.753405274860882E-03
   256.372286151484        0.103335267793513E-02
   259.501253957507        0.138172033320442E-02
   262.444847219417        0.180456971843758E-02
   265.211244527705        0.230676971055311E-02
   267.811047332424        0.289206558240525E-02
   270.255922968896        0.356317866060689E-02
   272.557612365423        0.432189179680330E-02
   274.919511823661        0.523890745619083E-02
   277.202376583246        0.613491688619575E-02
   279.392774501402        0.717101292879380E-02
   281.467656109153        0.828069752483661E-02
   283.450244641452        0.939767027964757E-02
   285.339468038550        0.107563367877771E-01
   286.284936391891        0.114369651708760E-01
