   226.467477501441        0.503503060846042E-05
   227.884779231973        0.522922875205931E-05
   229.368340765018        0.539745159173414E-05
   230.926034091990        0.555001431968913E-05
   232.549380333273        0.568636894113330E-05
   234.224905752595        0.580041803021732E-05
   235.938523276098        0.590901252266948E-05
   237.676825486826        0.599961776918921E-05
   239.427658929227        0.609011284882772E-05
   241.180620621599        0.616053559608157E-05
   242.927458593199        0.623042295367320E-05
   244.662266518916        0.629326784695251E-05
   246.381425941784        0.634080862746678E-05
   248.083319429334        0.639547696197690E-05
   249.767884880309        0.643033276618653E-05
   251.436103758035        0.646755073726940E-05
   253.089515350343        0.649988333207479E-05
   254.729828094826        0.653215904536414E-05
   256.358664701852        0.655437754553145E-05
   257.977441048010        0.656653560120573E-05
   259.587350677534        0.657999999999999E-05
   261.189414555668        0.659000000000000E-05
   262.784560713830        0.659000000000000E-05
   264.476011942356        0.658549910515397E-05
   265.893131525462        0.657369193398144E-05
   266.677733274839        0.655200398462918E-05
   266.720252428209        0.652098359351946E-05
   266.045365511377        0.647842613375306E-05
   264.747328246468        0.642644005066139E-05
   262.955719027974        0.637266278995850E-05
   260.805776816440        0.629898804832421E-05
   258.416019393219        0.622927904843463E-05
   255.874909835933        0.614112869200245E-05
   253.239421211910        0.605319422303838E-05
   250.543416328770        0.596936876248333E-05
   247.809134917892        0.586768201212029E-05
   245.058866913707        0.577141520034497E-05
   242.322057061544        0.566597479781303E-05
   239.635359988404        0.556287059241654E-05
   237.040338680844        0.546193850608959E-05
   234.580528788926        0.536315471463131E-05
   232.301410815148        0.526653654136512E-05
   230.228606145941        0.517176100179238E-05
   228.363090888592        0.507708438613009E-05
   226.688671485987        0.497783214269815E-05
   225.178660239523        0.488844410179223E-05
   223.801578348948        0.480061522683896E-05
   222.525915056587        0.471441082420653E-05
   221.324347685664        0.462958790970964E-05
   220.175768775717        0.454635217100107E-05
   219.065930948430        0.447445091743562E-05
   217.987288190383        0.439397914245148E-05
   216.938194466013        0.431498378303844E-05
   215.922162387877        0.423938485814819E-05
   214.946512644360        0.417086327754435E-05
   214.021108267589        0.409585457527196E-05
   213.156220296619        0.403182162214676E-05
   212.361345866323        0.396965224772809E-05
   211.643551134236        0.390197699423100E-05
   211.005874582669        0.384358328817538E-05
   210.447049711261        0.379294884496931E-05
   209.962887862847        0.374777731558884E-05
   209.548589749566        0.370334318019271E-05
   209.200122119283        0.365971730325732E-05
   208.909963850279        0.362829059123412E-05
   208.677658389401        0.360711368885547E-05
   208.509005395584        0.358627351438956E-05
   208.421743592406        0.356576192980146E-05
   208.433998412577        0.354778713592305E-05
   208.559227977027        0.353784504111096E-05
   208.784427248061        0.353194377794789E-05
   209.128473382864        0.357723573630856E-05
   209.561478901646        0.427682825171379E-05
   210.118731282986        0.481811069759319E-05
   210.722103581513        0.552353001066880E-05
   211.863907975138        0.648387172344496E-05
   212.935301206198        0.754577148103380E-05
   216.845118390597        0.127525435291985E-04
   221.189431009458        0.223351132972778E-04
   225.507325206910        0.381516125389192E-04
   229.779810259739        0.635204584632241E-04
   233.984474943814        0.103001829039322E-03
   238.096257152248        0.162525663692904E-03
   242.089048453570        0.249341639941013E-03
   245.937999963462        0.371738367675167E-03
   249.622053059569        0.538551940896404E-03
   253.126023976344        0.758569433863415E-03
   256.441686111298        0.103997827985349E-02
   259.567645137631        0.138998320888402E-02
   262.508161237228        0.181461966349671E-02
   265.271516551428        0.231873054351110E-02
   267.868385533067        0.290603753703667E-02
   270.310480956914        0.357924165050376E-02
   272.609567852238        0.434010870947024E-02
   274.994530379047        0.526767454116468E-02
   277.274547899183        0.616253705760568E-02
   279.462434294596        0.720738634156256E-02
   281.534775226532        0.831566979798299E-02
   283.516077589294        0.944390260940165E-02
   285.402934828040        0.108008100621921E-01
   286.347455189557        0.114807248026568E-01
