   227.557322303732        0.304730023369064E-05
   228.988376191520        0.315573509859271E-05
   230.485519912694        0.324979846649914E-05
   232.056606808510        0.333376370468841E-05
   233.693128985588        0.340764291321207E-05
   235.381538590558        0.347359016723837E-05
   237.107634761031        0.353638151679594E-05
   238.857876366676        0.358911442526331E-05
   240.619977305810        0.363118158580072E-05
   242.383421047583        0.367290354203006E-05
   244.139875031653        0.371228931329320E-05
   245.883394447867        0.374309582213931E-05
   247.610368612791        0.377386937195288E-05
   249.319233410753        0.379460616098896E-05
   251.010020588124        0.381530234620632E-05
   252.683837637666        0.383000000000000E-05
   254.342371534351        0.384655769365046E-05
   255.987488486203        0.385000000000000E-05
   257.620967236057        0.384999999999999E-05
   259.244366059718        0.385000000000000E-05
   260.858994473349        0.384157649700670E-05
   262.481948433484        0.383000000000000E-05
   264.176865476642        0.380101483971753E-05
   265.460183833207        0.377173400901463E-05
   265.857555227042        0.372269562387797E-05
   265.175911330480        0.367360301075803E-05
   263.414256484194        0.360739504842058E-05
   260.711957890662        0.353159484133304E-05
   257.293000953523        0.345751251340027E-05
   253.404408304140        0.338145483875273E-05
   249.267007265535        0.329318911075237E-05
   245.053766741653        0.320688778084619E-05
   240.893394558791        0.312241528600001E-05
   236.876640944817        0.303772205495932E-05
   233.057255998215        0.294876695667884E-05
   229.465080666147        0.286508419929151E-05
   226.117973339611        0.278137683714818E-05
   223.028224457271        0.269473219332902E-05
   220.206064466334        0.261968916274505E-05
   217.661642752866        0.254574549937139E-05
   215.404029265488        0.247328624381612E-05
   213.437330757384        0.240185360206622E-05
   211.748855930207        0.233167595900290E-05
   210.311834129404        0.227257723981224E-05
   209.093129067348        0.220440205000901E-05
   208.058352907585        0.214588499520804E-05
   207.175030447978        0.209113323783538E-05
   206.413577354458        0.203064649844901E-05
   205.747687988489        0.197914674124067E-05
   205.155166202309        0.192795153354087E-05
   204.618220621905        0.186813683445628E-05
   204.123833866149        0.181863522115891E-05
   203.663858659445        0.177740166091751E-05
   203.234455747004        0.173176332603058E-05
   202.835690354095        0.168423540726535E-05
   202.470492103099        0.163735534438105E-05
   202.143736590255        0.159588813421454E-05
   201.860821464440        0.155561511028001E-05
   201.625544828110        0.151806553347066E-05
   201.439184298044        0.148487253938086E-05
   201.300533930568        0.145214546457989E-05
   201.206497424032        0.141991563025144E-05
   201.153528328601        0.139868039825388E-05
   201.139374285762        0.137774641827492E-05
   201.162333148898        0.135711246467962E-05
   201.228266952854        0.133839406021161E-05
   201.341932809384        0.132837571725245E-05
   201.522243512256        0.131850324011564E-05
   201.770754239343        0.130877221729718E-05
   202.126564745490        0.130402652480513E-05
   202.596817918346        0.154755272944002E-05
   203.100950156499        0.181270511702998E-05
   203.816259454791        0.202789938519991E-05
   205.275382728174        0.253130383158401E-05
   208.423953604124        0.400333455201853E-05
   211.173669019624        0.591013215061399E-05
   215.594976550080        0.107834425935984E-04
   220.007236610082        0.191774537229666E-04
   224.395145725619        0.332342023850224E-04
   228.740292098009        0.560964142324742E-04
   233.020946396381        0.921610845820540E-04
   237.210713962552        0.147228221627379E-03
   241.281610677021        0.228483339500741E-03
   245.206717305031        0.344234347710310E-03
   248.963080583217        0.503417909422353E-03
   252.534123588447        0.714984316475852E-03
   255.910867852758        0.987321105961361E-03
   259.091756384237        0.132784628399343E-02
   262.081386822991        0.174281659306149E-02
   264.888719366936        0.223731365717920E-02
   267.525276947933        0.281533097119590E-02
   270.003657602258        0.347988976757588E-02
   272.336467508650        0.423313737019404E-02
   274.707025000247        0.514326248132045E-02
   277.024389623260        0.605010081938778E-02
   279.248315330197        0.707598153692651E-02
   281.357383070769        0.820044679038465E-02
   283.373170060405        0.931755589381621E-02
   285.297872158391        0.106972667737635E-01
   287.127949664345        0.120110553413891E-01
   288.050439100931        0.126737887988072E-01
