   226.573322258329        0.491408314432846E-05
   227.991907885951        0.509851909437727E-05
   229.476625764914        0.526693360106918E-05
   231.035333057938        0.541625735344174E-05
   232.659560366795        0.554610908623990E-05
   234.335845234893        0.566027910761497E-05
   236.050108040996        0.576896230157754E-05
   237.788946505956        0.585962894963490E-05
   239.540212874061        0.594022287225245E-05
   241.293512785341        0.601800613520060E-05
   243.040607269945        0.608051980601052E-05
   244.775607888339        0.614345852471206E-05
   246.494918547367        0.619069632597935E-05
   248.196947471104        0.623566351717909E-05
   249.881659770274        0.628054902267366E-05
   251.550063658043        0.631534450323112E-05
   253.203722621021        0.635002093060659E-05
   254.844364620219        0.637231100555367E-05
   256.473624786757        0.639454400273372E-05
   258.092920860343        0.641000000000000E-05
   259.703431766055        0.642000000000000E-05
   261.306136307776        0.643000000000000E-05
   262.904712208747        0.643000000000000E-05
   264.589323148936        0.642526090432784E-05
   265.986965228898        0.641344169939068E-05
   266.749464702863        0.639174428865957E-05
   266.773792211221        0.636022523681571E-05
   266.086325886435        0.631787982825307E-05
   264.780598517666        0.626588469640037E-05
   262.983620714588        0.620908412750231E-05
   260.829917679704        0.613784779743605E-05
   258.437855113458        0.605812684064070E-05
   255.895503035025        0.597996533283097E-05
   253.259283820430        0.589172558445091E-05
   250.562402958615        0.579799264366110E-05
   247.826830190704        0.570619913409677E-05
   245.075056836684        0.559961983188216E-05
   242.336241114645        0.550416426960922E-05
   239.646671022235        0.540104715037999E-05
   237.047766813487        0.530012235795679E-05
   234.583095769105        0.520132690631100E-05
   232.298194077917        0.510381333195900E-05
   230.218344222842        0.499994001910012E-05
   228.344557035107        0.490711578311940E-05
   226.660632880540        0.481603262140303E-05
   225.139893416955        0.472665087489138E-05
   223.751181334290        0.463885409349526E-05
   222.463663989900        0.455266651129563E-05
   221.250150689382        0.446788440783528E-05
   220.089096194323        0.438469910766587E-05
   218.965925677071        0.430282740309760E-05
   217.873024755807        0.422869227831532E-05
   216.808584422534        0.415348575350618E-05
   215.776200101528        0.407579860258419E-05
   214.783749697934        0.400458692413474E-05
   213.841221603088        0.393455804824563E-05
   212.959375830022        0.387081308493481E-05
   212.148255861102        0.380043718921528E-05
   211.415230304408        0.374110461449334E-05
   210.763306511241        0.368279072769721E-05
   210.191105561875        0.363238130219121E-05
   209.694440437374        0.358727774581614E-05
   209.268923514196        0.354291306755366E-05
   208.910874348559        0.349944467039040E-05
   208.612514658703        0.346814408828724E-05
   208.372252687317        0.344700213744662E-05
   208.201418014446        0.342619658797165E-05
   208.116124560331        0.340571888853120E-05
   208.132187477582        0.338778226122253E-05
   208.253153989759        0.337785630435148E-05
   208.491174841476        0.337382902278902E-05
   208.836313599814        0.342476091056600E-05
   209.308879298720        0.411402226148383E-05
   209.824820899016        0.484052530349875E-05
   210.446180249063        0.529956672452179E-05
   211.710852240156        0.634923670719022E-05
   212.798764439771        0.740719247381819E-05
   216.937160560605        0.129057279726921E-04
   221.282993182848        0.225971627796272E-04
   225.602135770274        0.385878829582373E-04
   229.875463149890        0.642260683355439E-04
   234.080413580695        0.104108171787283E-03
   238.191784087301        0.164203656772845E-03
   242.183372042204        0.251799196346522E-03
   246.030317253903        0.375211054697781E-03
   249.711649413672        0.543288619339187E-03
   253.212355157884        0.764816959481710E-03
   256.524411266447        0.104796882973734E-02
   259.646608309034        0.139992536044736E-02
   262.583365829748        0.182669597103092E-02
   265.343086358369        0.233309943392843E-02
   267.936523812581        0.292283736122750E-02
   270.375434698717        0.359859497487063E-02
   272.671600244521        0.436212563562176E-02
   275.053921608619        0.529048452814455E-02
   277.332039456764        0.618458383462926E-02
   279.518274260794        0.723659824376538E-02
   281.588910640472        0.834394407270666E-02
   283.569453595379        0.948146556968391E-02
   285.454670009058        0.108371574311937E-01
   286.398643839438        0.115166585261104E-01
