   226.776776270934        0.466838466645539E-05
   228.197842109852        0.484248693285117E-05
   229.684811970992        0.500058689094257E-05
   231.245514519524        0.514294937003741E-05
   232.871488986465        0.526962942981824E-05
   234.549278486625        0.538060482091402E-05
   236.264798381389        0.548143786431447E-05
   238.004636868459        0.556415809271582E-05
   239.756640616949        0.564288139048844E-05
   241.510420539097        0.571672003213992E-05
   243.257758043981        0.577791428154857E-05
   244.992801510597        0.583567190498493E-05
   246.712006624598        0.588221349815665E-05
   248.413844608821        0.592722703397036E-05
   250.098349729554        0.596608132486914E-05
   251.766600239803        0.599850107354678E-05
   253.420226063790        0.603086933602364E-05
   255.061014911107        0.605318143967365E-05
   256.690653392429        0.607543633002366E-05
   258.310602042610        0.609000000000000E-05
   259.922074065556        0.610000000000000E-05
   261.526074236413        0.611000000000000E-05
   263.136188689153        0.610618358629640E-05
   264.794861523710        0.610000000000000E-05
   266.137869258635        0.608242582887462E-05
   266.845917624347        0.606071583185070E-05
   266.825906749723        0.602837302935187E-05
   266.103848877737        0.598579189018867E-05
   264.772768016987        0.593068381358839E-05
   262.959009586138        0.586867893287822E-05
   260.794912845917        0.579775628451850E-05
   258.397053902053        0.572395445921907E-05
   255.851314875864        0.564224382751547E-05
   253.211647112572        0.554923444307429E-05
   250.510433191878        0.546137276127410E-05
   247.769336769657        0.536108450694041E-05
   245.010261323352        0.526126054831074E-05
   242.262483638478        0.515806674403529E-05
   239.562492417080        0.505497537601053E-05
   236.951558487156        0.495415014113137E-05
   234.472470789672        0.485538526815807E-05
   232.170051612841        0.475880338921988E-05
   230.069792658285        0.465650550249030E-05
   228.172738045529        0.456139200570684E-05
   226.462670514553        0.447044948948546E-05
   224.913085201262        0.438114677869599E-05
   223.492984303497        0.429351542101717E-05
   222.171399140650        0.420743736251821E-05
   220.921133986397        0.412284608376406E-05
   219.721087621326        0.403989505323108E-05
   218.557857734732        0.396815221572430E-05
   217.424930756674        0.388797499330629E-05
   216.321324531537        0.380940980226957E-05
   215.251314288297        0.374180550449189E-05
   214.223242270494        0.366575945222553E-05
   213.247932148409        0.359926921847286E-05
   212.336900439481        0.353777670078700E-05
   211.500284635458        0.346799502988447E-05
   210.745031917526        0.340889797079031E-05
   210.073755408385        0.335082166211354E-05
   209.485057175396        0.330099679024417E-05
   208.975198541167        0.325608213471576E-05
   208.540139721136        0.321190439523516E-05
   208.176885911920        0.317881853194022E-05
   207.878621821897        0.314671982857448E-05
   207.644700028565        0.311676085984092E-05
   207.483567878770        0.309603878081904E-05
   207.410365368112        0.307782330186613E-05
   207.442689855177        0.306778171135691E-05
   207.592562698152        0.305789181836219E-05
   207.861896735912        0.305552569718650E-05
   208.242479480465        0.311374129786132E-05
   208.714763960253        0.376390572908759E-05
   209.238830293998        0.425077970007302E-05
   209.774400758834        0.483051472134814E-05
   211.450303126530        0.612566359946873E-05
   212.804070968405        0.741135814493416E-05
   217.171700625935        0.133037127086084E-04
   221.521738790952        0.232786187190497E-04
   225.843305709018        0.397181716829907E-04
   230.117971650408        0.660469738946254E-04
   234.322813057975        0.106951452588550E-03
   238.432298856986        0.168497653336511E-03
   242.420020965540        0.258060592228894E-03
   246.261118463112        0.384019516711379E-03
   249.934857949944        0.555249062261582E-03
   253.426654982519        0.780519821669196E-03
   256.728993327093        0.106795778164190E-02
   259.841127917042        0.142467576542035E-02
   262.767863878505        0.185660788053554E-02
   265.517890486881        0.236850164572810E-02
   268.102149047448        0.296399709245638E-02
   270.532499797492        0.364572896891403E-02
   272.820765388488        0.441541016268335E-02
   275.221412263194        0.535483493728411E-02
   277.493141460236        0.624638683315560E-02
   279.673183719185        0.731765137640409E-02
   281.738162876482        0.842190839741231E-02
   283.715482670551        0.958423117613383E-02
   285.595474163087        0.109360752762112E-01
   286.537342864043        0.116140102603543E-01
