   226.448366590320        0.508517701122081E-05
   227.865440232642        0.527931534805423E-05
   229.348814345868        0.544749147468148E-05
   230.906367331694        0.560001679977867E-05
   232.529623130722        0.573633923779538E-05
   234.205114208654        0.586036748196161E-05
   235.918763127019        0.596367836097826E-05
   237.657172755657        0.605953520121759E-05
   239.408197412510        0.615003541838383E-05
   241.161436843424        0.622781353116761E-05
   242.908635288470        0.629552003570721E-05
   244.643875887939        0.635314392588101E-05
   246.363523884166        0.641044692307517E-05
   248.065941708269        0.645537431496803E-05
   249.751045732251        0.650022008887844E-05
   251.419796983453        0.653497591726320E-05
   253.073717550430        0.656963380384326E-05
   254.714503611576        0.659208796018770E-05
   256.343772062601        0.661430158893852E-05
   257.962941333678        0.663645479334938E-05
   259.573219200966        0.664854430033210E-05
   261.175658543946        0.665056611050103E-05
   262.771247397336        0.666000000000000E-05
   264.462675002221        0.664999999999999E-05
   265.882704449912        0.664000000000000E-05
   266.671994293972        0.662211156231344E-05
   266.721178759551        0.659060230304912E-05
   266.053314590307        0.654865067788022E-05
   264.760578841749        0.649499781082697E-05
   262.972116996338        0.644067066587141E-05
   260.823684342543        0.636945120512609E-05
   258.434339983033        0.628974571106213E-05
   255.892763303511        0.621159896450791E-05
   253.255616956022        0.612378704674816E-05
   250.557301674083        0.603007130436580E-05
   247.820685620683        0.593827973966982E-05
   245.068351919541        0.583845881956944E-05
   242.329865060998        0.573670471638999E-05
   239.641930438729        0.563360647783507E-05
   237.046191899683        0.553267296552588E-05
   234.586261027594        0.543389530390103E-05
   232.307551335827        0.533728138038325E-05
   230.235315750848        0.524250230296691E-05
   228.370505474977        0.513968228022389E-05
   226.697249150066        0.504856947005637E-05
   225.189105986949        0.495918170225837E-05
   223.814666260804        0.487134336909462E-05
   222.542365484551        0.478513593409321E-05
   221.344773842192        0.470030120790667E-05
   220.200684586575        0.461705034195759E-05
   219.095797626500        0.453514266101108E-05
   218.022593713614        0.446055797421842E-05
   216.979184504663        0.438563688017631E-05
   215.968705901130        0.430789001135096E-05
   214.998233350820        0.423624710292652E-05
   214.077818889046        0.416644254853545E-05
   213.218593803226        0.410228647525868E-05
   212.429890616632        0.403183064136038E-05
   211.718308589650        0.397239442922057E-05
   211.086688973276        0.391397164152796E-05
   210.533745323214        0.386323501929683E-05
   210.055424847903        0.381003718853642E-05
   209.647105052195        0.377268664115999E-05
   209.304293512037        0.372987469476167E-05
   209.018863922176        0.369756973751338E-05
   208.789434933033        0.366719118115279E-05
   208.625779545319        0.364633725700561E-05
   208.541607257588        0.362790825211030E-05
   208.552924881804        0.361780526012628E-05
   208.668947058414        0.360785648648239E-05
   208.903742983819        0.360193868842975E-05
   209.246020902805        0.364576803519621E-05
   209.693912974967        0.435434708090348E-05
   210.225458867304        0.489365116608772E-05
   210.779541257944        0.555858064981077E-05
   211.956988549612        0.656695486431094E-05
   213.017400590982        0.763015546187860E-05
   216.811446847838        0.126969319734427E-04
   221.155360694192        0.222404007232825E-04
   225.472943312822        0.379945560026775E-04
   229.745250492124        0.632673243615855E-04
   233.949924453217        0.102606134528263E-03
   238.061954243307        0.161927095676108E-03
   242.055265441719        0.248467016926110E-03
   245.905010310776        0.370504888935777E-03
   249.590091343278        0.536871882491899E-03
   253.095256833970        0.756354908459026E-03
   256.412210525948        0.103714561371396E-02
   259.539492262643        0.138645537261726E-02
   262.481306160019        0.181032651758962E-02
   265.245892813281        0.231360761701304E-02
   267.843900435401        0.290002421554069E-02
   270.287029186512        0.357227958598545E-02
   272.587042342676        0.433214102009449E-02
   274.972835759777        0.525934376176471E-02
   277.253408399879        0.615443134003850E-02
   279.441763433519        0.719657250198314E-02
   281.514606210659        0.830513458693521E-02
   283.496071653132        0.942982086335841E-02
   285.383450528252        0.107871170205908E-01
   286.328086499064        0.114671228712483E-01
