   227.313362903865        0.391257637597607E-05
   228.740918004532        0.406408180532786E-05
   230.233417250585        0.420133708749088E-05
   231.798572874585        0.432367262912715E-05
   233.427990270900        0.443024701178698E-05
   235.108293194937        0.452146192473902E-05
   236.825449453923        0.460940353508241E-05
   238.566081776929        0.468765818514502E-05
   240.318073840014        0.475585762405383E-05
   242.071092773338        0.481264904429666E-05
   243.817005862067        0.486799556758885E-05
   245.550081064273        0.491328455360314E-05
   247.266925451509        0.495850776492541E-05
   248.966186709263        0.499182247351946E-05
   250.648090877465        0.502434631604607E-05
   252.313912651515        0.505364271637081E-05
   253.965473511065        0.507925011921498E-05
   255.604740616263        0.509161926609356E-05
   257.233563319035        0.511000000000000E-05
   258.853545582016        0.512000000000000E-05
   260.466023006539        0.513000000000000E-05
   262.072099844327        0.513000000000000E-05
   263.719824879809        0.512000000000000E-05
   265.288216954312        0.510549580984329E-05
   266.434312573425        0.508723872392453E-05
   266.930926999985        0.506189511233479E-05
   266.719756148112        0.502074402793733E-05
   265.832989354278        0.496821133234394E-05
   264.359260329037        0.491257089491117E-05
   262.419372672835        0.484011453726196E-05
   260.140953546189        0.476915782105644E-05
   257.635383608624        0.467977263006276E-05
   254.983936266536        0.458999287114087E-05
   252.235594386841        0.449482867636198E-05
   249.417007997908        0.440171207562542E-05
   246.545335795567        0.429269846292292E-05
   243.639454999361        0.419582357085999E-05
   240.725844385855        0.408832565897293E-05
   237.839460164881        0.397954516738660E-05
   235.022050828282        0.387982890664678E-05
   232.318914561090        0.378251499772321E-05
   229.778849910406        0.367868499390529E-05
   227.432270669204        0.358438219518651E-05
   225.286098469943        0.349347051934110E-05
   223.330468688021        0.340424739642987E-05
   221.544891869577        0.331698363458276E-05
   219.904637765669        0.323127603492569E-05
   218.385204415994        0.315439297788723E-05
   216.964940471428        0.307484709712721E-05
   215.627284438455        0.299815806018913E-05
   214.361370657630        0.292426854863962E-05
   213.162031516572        0.285621477804306E-05
   212.028548841563        0.278280732865562E-05
   210.963160333468        0.271389920795916E-05
   209.970278353861        0.264820087934398E-05
   209.056272614872        0.258750715416937E-05
   208.227806685749        0.252772043816967E-05
   207.490190046237        0.246895807288232E-05
   206.846252729936        0.241696563482162E-05
   206.294983649557        0.236435456747780E-05
   205.832333555415        0.231676565634084E-05
   205.453011082600        0.228205598637409E-05
   205.151342592948        0.223953450275359E-05
   204.921469540611        0.220748925426432E-05
   204.755630795795        0.217729540538077E-05
   204.657362008709        0.215658040694265E-05
   204.634042790926        0.213809230607853E-05
   204.697445574929        0.212607817977189E-05
   204.848510862740        0.210814060159914E-05
   205.099699415917        0.210000000000001E-05
   205.474980888663        0.210974687110533E-05
   205.922871079226        0.253048206639863E-05
   206.516118409768        0.286805517100519E-05
   207.168388128281        0.332883498202436E-05
   208.857207253884        0.424223354330364E-05
   210.370002377254        0.527444292428309E-05
   213.910357319503        0.859652278071526E-05
   218.296619706563        0.153769058327835E-04
   222.666163067183        0.268194627111271E-04
   227.001894173258        0.455909054303886E-04
   231.283139736432        0.754848797768110E-04
   235.485930792740        0.121626120954844E-03
   239.584024704387        0.190542520639505E-03
   243.550760531088        0.290021291947213E-03
   247.361629199431        0.428717272178567E-03
   250.997205792158        0.615590130984458E-03
   254.444977510921        0.859301371787942E-03
   257.699820751983        0.116771943556991E-02
   260.763250639795        0.154762070468211E-02
   263.641896364655        0.200458746761498E-02
   266.345743565514        0.254304451177137E-02
   268.886543256842        0.316636039592113E-02
   271.276578065251        0.387695407308413E-02
   273.596409470723        0.471312336581200E-02
   275.960585514349        0.563860796908490E-02
   278.209101268372        0.652915470554535E-02
   280.359152861776        0.767631173942116E-02
   282.400824743984        0.876783398645446E-02
   284.360381303629        0.100377253410107E-01
   286.218879729526        0.113737251054029E-01
   287.152314026055        0.120453685056023E-01
