   226.230435111509        0.533691199867866E-05
   227.644870086314        0.553326090166399E-05
   229.125851509843        0.571369384119475E-05
   230.681286445057        0.587158767872938E-05
   232.302681561636        0.601775915874304E-05
   233.976549628925        0.614141743904054E-05
   235.688801692964        0.625460530659029E-05
   237.426034066875        0.635017658267868E-05
   239.176093674352        0.644058478858281E-05
   240.928567342968        0.652085223354923E-05
   242.675178089915        0.659577682256542E-05
   244.409978788535        0.665555414920866E-05
   246.129296638357        0.671077962483488E-05
   247.831451306247        0.676539986196482E-05
   249.516316098338        0.681019820883709E-05
   251.184813918457        0.684745481729656E-05
   252.838439206729        0.687975908186086E-05
   254.478876318845        0.691200706560859E-05
   256.107750818502        0.693419784910902E-05
   257.726513370833        0.695632836891203E-05
   259.336427006879        0.696839535349539E-05
   260.938614301895        0.698000000000000E-05
   262.534122070626        0.698000000000000E-05
   264.217540005478        0.698000000000000E-05
   265.660549340707        0.696403256393254E-05
   266.495603627606        0.694236607703738E-05
   266.587058762991        0.692087090579981E-05
   265.950612897204        0.687921053151252E-05
   264.678865638804        0.682724362248783E-05
   262.901500082662        0.677185102584698E-05
   260.757250380351        0.670299485923063E-05
   258.368822960446        0.663097052370556E-05
   255.826562246867        0.655105060586314E-05
   253.187798477198        0.645630076240705E-05
   250.486869227364        0.637167236816718E-05
   247.746840638559        0.627188814113447E-05
   244.990874088501        0.617413989628121E-05
   242.249273161443        0.607230030168893E-05
   239.559499027400        0.597569346139781E-05
   236.963700593821        0.587478608754135E-05
   234.505540908026        0.576605614724927E-05
   232.229675811536        0.566948451172880E-05
   230.161253539247        0.557473061944946E-05
   228.301526492415        0.548195247124929E-05
   226.634654106787        0.539085776059985E-05
   225.133947733743        0.529150775020718E-05
   223.767918484328        0.520368086000670E-05
   222.505303489818        0.511750223344733E-05
   221.318874500571        0.503267163920074E-05
   220.187402712624        0.494941088729668E-05
   219.096492126568        0.487752197604572E-05
   218.038403023493        0.479701494488045E-05
   217.011067935276        0.471796793679573E-05
   216.017869427315        0.464022000481506E-05
   215.066737239413        0.456815602115808E-05
   214.168022407094        0.449868512644353E-05
   213.332822644379        0.443410584730061E-05
   212.571077334844        0.436361898548002E-05
   211.889301011072        0.430412297897411E-05
   211.290063401186        0.424563022809604E-05
   210.771936956944        0.418810790248774E-05
   210.330282664026        0.413922905146470E-05
   209.959426914574        0.409468960586647E-05
   209.654243260932        0.406064553146862E-05
   209.405980602915        0.402827672007888E-05
   209.211607812004        0.399761283668074E-05
   209.078378430574        0.397670716589914E-05
   209.021047734090        0.395612788461445E-05
   209.054295793499        0.393793522670149E-05
   209.187623113178        0.392795854097240E-05
   209.427932386970        0.392186502498843E-05
   209.779264873732        0.396480204726211E-05
   210.233606730985        0.469895709235950E-05
   210.755678577372        0.526940516489969E-05
   211.294403399751        0.596487735121956E-05
   212.237903945874        0.682374629590583E-05
   213.554966488341        0.820413083688562E-05
   216.760770535010        0.126140683511447E-04
   221.103630750031        0.220980160181853E-04
   225.420194919334        0.377559607877006E-04
   229.691602717944        0.628781922969068E-04
   233.895621567218        0.101990201634178E-03
   238.007388212934        0.160984025611421E-03
   242.000954304891        0.247074265492555E-03
   245.851519369700        0.368523808987330E-03
   249.537922051193        0.534155686184007E-03
   253.044777408690        0.752756418356808E-03
   256.363698032994        0.103252893147048E-02
   259.493124551673        0.138070307530576E-02
   262.437169808215        0.180334349721763E-02
   265.204000295387        0.230532200590384E-02
   267.804209834835        0.289038633851848E-02
   270.249461800495        0.356125976452169E-02
   272.551495859055        0.431972661946159E-02
   274.913701093741        0.523666580494537E-02
   277.196804995155        0.613276906600976E-02
   279.387412527784        0.716819505548987E-02
   281.462503465745        0.827799206555333E-02
   283.445188427942        0.939409592270584E-02
   285.334605457076        0.107529026928902E-01
   286.280155109846        0.114335902830650E-01
