     ALT          P          T          FH2O           O3           THEAT        TCOOL        PSATCO2        FCO2
7.3817E+01  3.2610E-05 2.2549E+02    5.2862E-06    1.2514E-07    3.7301E+01   -7.5303E+01    7.4993E+00    2.2000E-04
7.2680E+01  3.8505E-05 2.2689E+02    5.5009E-06    1.6148E-07    5.4138E+00   -4.8342E+01    7.9256E+00    2.2000E-04
7.1545E+01  4.5410E-05 2.2836E+02    5.6825E-06    2.0530E-07    2.9071E+00   -3.0370E+01    8.3908E+00    2.2000E-04
7.0411E+01  5.3485E-05 2.2990E+02    5.8471E-06    2.5297E-07    2.8839E+00   -1.9148E+01    8.9010E+00    2.2000E-04
6.9279E+01  6.2917E-05 2.3151E+02    5.9963E-06    3.0261E-07    3.1000E+00   -1.2615E+01    9.4568E+00    2.2000E-04
6.8148E+01  7.3919E-05 2.3317E+02    6.1300E-06    3.5350E-07    3.3387E+00   -9.0749E+00    1.0057E+01    2.2000E-04
6.7019E+01  8.6735E-05 2.3487E+02    6.2430E-06    4.0732E-07    3.5926E+00   -7.2804E+00    1.0700E+01    2.2000E-04
6.5890E+01  1.0164E-04 2.3659E+02    6.3487E-06    4.6692E-07    3.8766E+00   -6.4390E+00    1.1383E+01    2.2000E-04
6.4763E+01  1.1897E-04 2.3833E+02    6.4389E-06    5.3316E-07    4.2068E+00   -6.1120E+00    1.2103E+01    2.2000E-04
6.3636E+01  1.3907E-04 2.4007E+02    6.5267E-06    6.0771E-07    4.5772E+00   -6.0444E+00    1.2857E+01    2.2000E-04
6.2512E+01  1.6236E-04 2.4180E+02    6.5942E-06    6.8979E-07    4.9806E+00   -6.1012E+00    1.3642E+01    2.2000E-04
6.1388E+01  1.8931E-04 2.4353E+02    6.6616E-06    7.8008E-07    5.4149E+00   -6.2255E+00    1.4457E+01    2.2000E-04
6.0267E+01  2.2046E-04 2.4523E+02    6.7193E-06    8.8034E-07    5.8797E+00   -6.3886E+00    1.5300E+01    2.2000E-04
5.9147E+01  2.5641E-04 2.4692E+02    6.7741E-06    9.8840E-07    6.3566E+00   -6.5782E+00    1.6170E+01    2.2000E-04
5.8030E+01  2.9785E-04 2.4860E+02    6.8188E-06    1.1060E-06    6.8433E+00   -6.7855E+00    1.7065E+01    2.2000E-04
5.6915E+01  3.4555E-04 2.5026E+02    6.8634E-06    1.2399E-06    7.3526E+00   -7.0078E+00    1.7988E+01    2.2000E-04
5.5802E+01  4.0038E-04 2.5190E+02    6.8989E-06    1.3836E-06    7.8468E+00   -7.2188E+00    1.8938E+01    2.2000E-04
5.4692E+01  4.6333E-04 2.5353E+02    6.9311E-06    1.5490E-06    8.3460E+00   -7.4409E+00    1.9917E+01    2.2000E-04
5.3585E+01  5.3550E-04 2.5515E+02    6.9533E-06    1.7291E-06    8.8037E+00   -7.6622E+00    2.0925E+01    2.2000E-04
5.2481E+01  6.1813E-04 2.5676E+02    6.9754E-06    1.9331E-06    9.2247E+00   -7.8810E+00    2.1963E+01    2.2000E-04
5.1380E+01  7.1261E-04 2.5836E+02    6.9900E-06    2.1607E-06    9.5812E+00   -8.0898E+00    2.3033E+01    2.2000E-04
5.0283E+01  8.2050E-04 2.5995E+02    7.0000E-06    2.4118E-06    9.8450E+00   -8.2884E+00    2.4134E+01    2.2000E-04
4.9189E+01  9.4354E-04 2.6154E+02    7.0100E-06    2.6854E-06    9.9887E+00   -8.5160E+00    2.5269E+01    2.2000E-04
4.8099E+01  1.0837E-03 2.6319E+02    7.0100E-06    2.9716E-06    9.9845E+00   -8.8378E+00    2.6488E+01    2.2000E-04
4.7012E+01  1.2430E-03 2.6469E+02    7.0000E-06    3.2804E-06    9.8476E+00   -9.1099E+00    2.7640E+01    2.2000E-04
4.5931E+01  1.4240E-03 2.6569E+02    6.9836E-06    3.6113E-06    9.5726E+00   -9.1560E+00    2.8419E+01    2.2000E-04
4.4857E+01  1.6293E-03 2.6596E+02    6.9543E-06    3.9728E-06    9.1797E+00   -8.9416E+00    2.8636E+01    2.2000E-04
4.3795E+01  1.8618E-03 2.6549E+02    6.9209E-06    4.3245E-06    8.6370E+00   -8.5100E+00    2.8266E+01    2.2000E-04
4.2746E+01  2.1249E-03 2.6436E+02    6.8698E-06    4.6714E-06    8.0105E+00   -7.9472E+00    2.7382E+01    2.2000E-04
4.1712E+01  2.4221E-03 2.6269E+02    6.8177E-06    4.9804E-06    7.3315E+00   -7.3253E+00    2.6115E+01    2.2000E-04
4.0697E+01  2.7573E-03 2.6062E+02    6.7468E-06    5.2527E-06    6.6638E+00   -6.6969E+00    2.4605E+01    2.2000E-04
3.9700E+01  3.1350E-03 2.5827E+02    6.6759E-06    5.4800E-06    6.0418E+00   -6.0934E+00    2.2974E+01    2.2000E-04
3.8722E+01  3.5599E-03 2.5576E+02    6.5972E-06    5.6645E-06    5.4853E+00   -5.5326E+00    2.1312E+01    2.2000E-04
3.7764E+01  4.0373E-03 2.5313E+02    6.5111E-06    5.8081E-06    4.9961E+00   -5.0268E+00    1.9673E+01    2.2000E-04
3.6825E+01  4.5730E-03 2.5043E+02    6.4175E-06    5.9209E-06    4.5701E+00   -4.5830E+00    1.8090E+01    2.2000E-04
3.5907E+01  5.1733E-03 2.4770E+02    6.3256E-06    6.0143E-06    4.1989E+00   -4.1954E+00    1.6580E+01    2.2000E-04
3.5008E+01  5.8450E-03 2.4495E+02    6.2257E-06    6.0945E-06    3.8694E+00   -3.8580E+00    1.5156E+01    2.2000E-04
3.4129E+01  6.5955E-03 2.4221E+02    6.1254E-06    6.1449E-06    3.5641E+00   -3.5561E+00    1.3831E+01    2.2000E-04
3.3268E+01  7.4331E-03 2.3952E+02    6.0222E-06    6.1696E-06    3.2785E+00   -3.2764E+00    1.2616E+01    2.2000E-04
3.2427E+01  8.3664E-03 2.3693E+02    5.9211E-06    6.1570E-06    3.0060E+00   -3.0100E+00    1.1519E+01    2.2000E-04
3.1603E+01  9.4051E-03 2.3447E+02    5.8223E-06    6.1023E-06    2.7443E+00   -2.7556E+00    1.0546E+01    2.2000E-04
3.0797E+01  1.0559E-02 2.3220E+02    5.7255E-06    5.9873E-06    2.4902E+00   -2.5419E+00    9.7015E+00    2.2000E-04
3.0007E+01  1.1841E-02 2.3013E+02    5.6307E-06    5.8212E-06    2.2488E+00   -2.2878E+00    8.9784E+00    2.2000E-04
2.9232E+01  1.3260E-02 2.2828E+02    5.5374E-06    5.6040E-06    2.0227E+00   -2.0501E+00    8.3635E+00    2.2000E-04
2.8472E+01  1.4832E-02 2.2661E+02    5.4365E-06    5.3434E-06    1.8151E+00   -1.8313E+00    7.8400E+00    2.2000E-04
2.7726E+01  1.6568E-02 2.2512E+02    5.3471E-06    5.0491E-06    1.6280E+00   -1.6347E+00    7.3907E+00    2.2000E-04
2.6994E+01  1.8485E-02 2.2376E+02    5.2591E-06    4.7205E-06    1.4606E+00   -1.4608E+00    6.9995E+00    2.2000E-04
2.6274E+01  2.0597E-02 2.2251E+02    5.1728E-06    4.3905E-06    1.3159E+00   -1.3093E+00    6.6529E+00    2.2000E-04
2.5567E+01  2.2922E-02 2.2133E+02    5.0878E-06    4.0400E-06    1.1875E+00   -1.1789E+00    6.3399E+00    2.2000E-04
2.4871E+01  2.5477E-02 2.2022E+02    5.0044E-06    3.6988E-06    1.0759E+00   -1.0663E+00    6.0526E+00    2.2000E-04
2.4188E+01  2.8281E-02 2.1914E+02    4.9224E-06    3.3676E-06    9.7723E-01   -9.6735E-01    5.7854E+00    2.2000E-04
2.3516E+01  3.1355E-02 2.1810E+02    4.8465E-06    3.0399E-06    8.8676E-01   -8.7902E-01    5.5350E+00    2.2000E-04
2.2856E+01  3.4718E-02 2.1709E+02    4.7726E-06    2.7368E-06    8.0457E-01   -7.9748E-01    5.3000E+00    2.2000E-04
2.2207E+01  3.8394E-02 2.1611E+02    4.6947E-06    2.4408E-06    7.2649E-01   -7.2220E-01    5.0283E+00    2.2000E-04
2.1569E+01  4.2406E-02 2.1517E+02    4.6181E-06    2.1712E-06    6.5403E-01   -6.5170E-01    4.7234E+00    2.2000E-04
2.0942E+01  4.6777E-02 2.1429E+02    4.5490E-06    1.9140E-06    5.8510E-01   -5.8731E-01    4.4496E+00    2.2000E-04
2.0325E+01  5.1535E-02 2.1346E+02    4.4789E-06    1.6771E-06    5.2099E-01   -5.2731E-01    4.2073E+00    2.2000E-04
1.9719E+01  5.6705E-02 2.1271E+02    4.4162E-06    1.4687E-06    4.6311E-01   -4.6965E-01    3.9957E+00    2.2000E-04
1.9123E+01  6.2314E-02 2.1203E+02    4.3472E-06    1.2673E-06    4.0897E-01   -4.1635E-01    3.8135E+00    2.2000E-04
1.8537E+01  6.8393E-02 2.1143E+02    4.2886E-06    1.0829E-06    3.6029E-01   -3.6703E-01    3.6588E+00    2.2000E-04
1.7961E+01  7.4970E-02 2.1091E+02    4.2368E-06    9.1711E-07    3.1762E-01   -3.2189E-01    3.5288E+00    2.2000E-04
1.7394E+01  8.2075E-02 2.1047E+02    4.1914E-06    7.7074E-07    2.8104E-01   -2.8189E-01    3.4206E+00    2.2000E-04
1.6836E+01  8.9741E-02 2.1009E+02    4.1468E-06    6.4015E-07    2.4973E-01   -2.4919E-01    3.3315E+00    2.2000E-04
1.6286E+01  9.8000E-02 2.0978E+02    4.1028E-06    5.2478E-07    2.2314E-01   -2.2478E-01    3.2591E+00    2.2000E-04
1.5746E+01  1.0688E-01 2.0952E+02    4.0697E-06    4.2411E-07    1.9964E-01   -1.7938E-01    3.2006E+00    2.2000E-04
1.5214E+01  1.1643E-01 2.0932E+02    4.0385E-06    3.3935E-07    1.7985E-01   -1.6403E-01    3.1549E+00    2.2000E-04
1.4690E+01  1.2666E-01 2.0918E+02    4.0176E-06    2.6836E-07    1.6351E-01   -1.5464E-01    3.1235E+00    2.2000E-04
1.4175E+01  1.3762E-01 2.0911E+02    3.9969E-06    2.1072E-07    1.5014E-01   -1.4869E-01    3.1086E+00    2.2000E-04
1.3667E+01  1.4934E-01 2.0914E+02    3.9783E-06    1.6275E-07    1.3906E-01   -1.4590E-01    3.1145E+00    2.2000E-04
1.3167E+01  1.6185E-01 2.0927E+02    3.9683E-06    1.2606E-07    1.3037E-01   -1.4327E-01    3.1444E+00    2.2000E-04
1.2675E+01  1.7520E-01 2.0951E+02    3.9615E-06    1.0105E-07    1.2399E-01   -1.3663E-01    3.1984E+00    2.2000E-04
1.2190E+01  1.8940E-01 2.0986E+02    3.9972E-06    8.4193E-08    1.1958E-01   -1.2784E-01    3.2777E+00    2.2000E-04
1.1712E+01  2.0449E-01 2.1031E+02    4.2558E-06    7.1353E-08    1.1736E-01   -1.2520E-01    3.3833E+00    2.2000E-04
1.1240E+01  2.2052E-01 2.1084E+02    5.1306E-06    6.1881E-08    1.1868E-01   -1.2897E-01    3.5099E+00    2.2000E-04
1.0776E+01  2.3749E-01 2.1138E+02    6.0362E-06    5.6578E-08    1.2079E-01   -1.1144E-01    3.6454E+00    2.2000E-04
1.0318E+01  2.5545E-01 2.1218E+02    6.7717E-06    5.3173E-08    1.2238E-01   -7.0201E-02    3.8535E+00    2.2000E-04
9.8655E+00  2.7443E-01 2.1351E+02    8.1550E-06    5.0533E-08    1.2762E-01   -1.2243E-01    4.2209E+00    2.2000E-04
9.4165E+00  2.9444E-01 2.1671E+02    1.2531E-05    4.8218E-08    1.4622E-01   -3.9143E-01    5.2139E+00    2.2000E-04
8.9679E+00  3.1551E-01 2.2105E+02    2.1958E-05    4.5973E-08    1.8313E-01   -8.0721E-01    6.2667E+00    2.2000E-04
8.5188E+00  3.3767E-01 2.2537E+02    3.7526E-05    4.3774E-08    2.3411E-01   -1.2329E+00    7.4650E+00    2.2000E-04
8.0697E+00  3.6092E-01 2.2964E+02    6.2512E-05    4.1618E-08    2.9628E-01   -1.6236E+00    8.8125E+00    2.2000E-04
7.6209E+00  3.8529E-01 2.3385E+02    1.0142E-04    3.9466E-08    3.6429E-01   -1.9279E+00    1.0308E+01    2.2000E-04
7.1729E+00  4.1079E-01 2.3796E+02    1.6014E-04    3.7335E-08    4.3534E-01   -2.1347E+00    1.1945E+01    2.2000E-04
6.7262E+00  4.3743E-01 2.4195E+02    2.4585E-04    3.5287E-08    5.1193E-01   -2.2696E+00    1.3712E+01    2.2000E-04
6.2813E+00  4.6520E-01 2.4581E+02    3.6682E-04    3.3239E-08    5.8980E-01   -2.3225E+00    1.5591E+01    2.2000E-04
5.8389E+00  4.9411E-01 2.4949E+02    5.3185E-04    3.1280E-08    6.5520E-01   -2.3268E+00    1.7560E+01    2.2000E-04
5.3995E+00  5.2416E-01 2.5300E+02    7.4975E-04    2.9341E-08    7.0149E-01   -2.3072E+00    1.9597E+01    2.2000E-04
4.9636E+00  5.5534E-01 2.5632E+02    1.0287E-03    2.7478E-08    7.3470E-01   -2.2882E+00    2.1678E+01    2.2000E-04
4.5319E+00  5.8763E-01 2.5946E+02    1.3760E-03    2.5662E-08    7.6140E-01   -2.2439E+00    2.3786E+01    2.2000E-04
4.1047E+00  6.2102E-01 2.6240E+02    1.7977E-03    2.3901E-08    7.8144E-01   -2.1797E+00    2.5901E+01    2.2000E-04
3.6828E+00  6.5547E-01 2.6517E+02    2.2986E-03    2.2235E-08    7.9204E-01   -2.1119E+00    2.8012E+01    2.2000E-04
3.2665E+00  6.9097E-01 2.6777E+02    2.8826E-03    2.0660E-08    7.9341E-01   -2.0165E+00    3.0109E+01    2.2000E-04
2.8562E+00  7.2747E-01 2.7022E+02    3.5524E-03    1.9249E-08    7.8862E-01   -1.8668E+00    3.2185E+01    2.2000E-04
2.4524E+00  7.6493E-01 2.7252E+02    4.3097E-03    1.7992E-08    7.8063E-01   -1.7157E+00    3.4234E+01    2.2000E-04
2.0553E+00  8.0331E-01 2.7489E+02    5.2263E-03    1.6841E-08    7.7536E-01   -1.6210E+00    3.6436E+01    2.2000E-04
1.6650E+00  8.4255E-01 2.7717E+02    6.1228E-03    1.5807E-08    7.5518E-01   -1.5340E+00    3.8662E+01    2.2000E-04
1.2819E+00  8.8259E-01 2.7936E+02    7.1551E-03    1.4968E-08    7.3958E-01   -1.5282E+00    4.0894E+01    2.2000E-04
9.0618E-01  9.2338E-01 2.8144E+02    8.2655E-03    1.4275E-08    7.2741E-01   -1.5952E+00    4.3095E+01    2.2000E-04
5.3823E-01  9.6483E-01 2.8342E+02    9.3775E-03    1.3699E-08    7.2143E-01   -1.7833E+00    4.5282E+01    2.2000E-04
1.7826E-01  1.0069E+00 2.8531E+02    1.0737E-02    1.3202E-08    7.4157E-01   -2.0377E+00    4.7444E+01    2.2000E-04
0.0000E+00  1.0282E+00 2.8626E+02    1.1418E-02    1.3300E-08    7.9083E+00   -3.5336E+00    4.8555E+01    2.2000E-04
