     ALT          P          T          FH2O           O3           THEAT        TCOOL        PSATCO2        FCO2
7.3816E+01  3.2610E-05 2.2548E+02    5.2965E-06    1.2503E-07    3.7300E+01   -7.5312E+01    7.4968E+00    2.2000E-04
7.2679E+01  3.8505E-05 2.2688E+02    5.5111E-06    1.6154E-07    5.4143E+00   -4.8349E+01    7.9229E+00    2.2000E-04
7.1544E+01  4.5410E-05 2.2835E+02    5.6927E-06    2.0536E-07    2.9076E+00   -3.0376E+01    8.3881E+00    2.2000E-04
7.0411E+01  5.3485E-05 2.2990E+02    5.8573E-06    2.5303E-07    2.8844E+00   -1.9144E+01    8.8981E+00    2.2000E-04
6.9278E+01  6.2917E-05 2.3150E+02    6.0065E-06    3.0266E-07    3.1002E+00   -1.2615E+01    9.4537E+00    2.2000E-04
6.8148E+01  7.3919E-05 2.3316E+02    6.1401E-06    3.5275E-07    3.3354E+00   -9.0820E+00    1.0054E+01    2.2000E-04
6.7018E+01  8.6735E-05 2.3486E+02    6.2531E-06    4.0737E-07    3.5927E+00   -7.2846E+00    1.0697E+01    2.2000E-04
6.5889E+01  1.0164E-04 2.3659E+02    6.3588E-06    4.6698E-07    3.8772E+00   -6.4422E+00    1.1379E+01    2.2000E-04
6.4762E+01  1.1897E-04 2.3832E+02    6.4490E-06    5.3319E-07    4.2069E+00   -6.1149E+00    1.2099E+01    2.2000E-04
6.3636E+01  1.3907E-04 2.4006E+02    6.5368E-06    6.0699E-07    4.5739E+00   -6.0474E+00    1.2853E+01    2.2000E-04
6.2511E+01  1.6236E-04 2.4179E+02    6.6143E-06    6.8932E-07    4.9786E+00   -6.1080E+00    1.3638E+01    2.2000E-04
6.1388E+01  1.8931E-04 2.4352E+02    6.6745E-06    7.8015E-07    5.4150E+00   -6.2296E+00    1.4453E+01    2.2000E-04
6.0266E+01  2.2046E-04 2.4522E+02    6.7390E-06    8.7945E-07    5.8762E+00   -6.3939E+00    1.5296E+01    2.2000E-04
5.9147E+01  2.5641E-04 2.4691E+02    6.7862E-06    9.8848E-07    6.3570E+00   -6.5799E+00    1.6165E+01    2.2000E-04
5.8029E+01  2.9785E-04 2.4859E+02    6.8388E-06    1.1060E-06    6.8443E+00   -6.7894E+00    1.7061E+01    2.2000E-04
5.6914E+01  3.4555E-04 2.5025E+02    6.8767E-06    1.2399E-06    7.3529E+00   -7.0085E+00    1.7983E+01    2.2000E-04
5.5802E+01  4.0038E-04 2.5189E+02    6.9090E-06    1.3826E-06    7.8431E+00   -7.2171E+00    1.8933E+01    2.2000E-04
5.4692E+01  4.6333E-04 2.5352E+02    6.9412E-06    1.5491E-06    8.3464E+00   -7.4398E+00    1.9912E+01    2.2000E-04
5.3585E+01  5.3550E-04 2.5514E+02    6.9733E-06    1.7292E-06    8.8048E+00   -7.6639E+00    2.0920E+01    2.2000E-04
5.2481E+01  6.1813E-04 2.5675E+02    6.9954E-06    1.9331E-06    9.2257E+00   -7.8820E+00    2.1958E+01    2.2000E-04
5.1380E+01  7.1261E-04 2.5835E+02    7.0074E-06    2.1608E-06    9.5821E+00   -8.0895E+00    2.3027E+01    2.2000E-04
5.0283E+01  8.2050E-04 2.5995E+02    7.0193E-06    2.4119E-06    9.8458E+00   -8.2877E+00    2.4128E+01    2.2000E-04
4.9189E+01  9.4354E-04 2.6153E+02    7.0200E-06    2.6855E-06    9.9892E+00   -8.5129E+00    2.5263E+01    2.2000E-04
4.8099E+01  1.0837E-03 2.6318E+02    7.0200E-06    2.9717E-06    9.9849E+00   -8.8349E+00    2.6481E+01    2.2000E-04
4.7012E+01  1.2430E-03 2.6468E+02    7.0152E-06    3.2805E-06    9.8480E+00   -9.1085E+00    2.7633E+01    2.2000E-04
4.5931E+01  1.4240E-03 2.6568E+02    6.9936E-06    3.6113E-06    9.5728E+00   -9.1543E+00    2.8413E+01    2.2000E-04
4.4857E+01  1.6293E-03 2.6595E+02    6.9721E-06    3.9728E-06    9.1799E+00   -8.9415E+00    2.8631E+01    2.2000E-04
4.3795E+01  1.8618E-03 2.6549E+02    6.9318E-06    4.3245E-06    8.6372E+00   -8.5093E+00    2.8261E+01    2.2000E-04
4.2746E+01  2.1249E-03 2.6435E+02    6.8897E-06    4.6714E-06    8.0107E+00   -7.9476E+00    2.7378E+01    2.2000E-04
4.1712E+01  2.4221E-03 2.6268E+02    6.8277E-06    4.9804E-06    7.3315E+00   -7.3247E+00    2.6110E+01    2.2000E-04
4.0697E+01  2.7573E-03 2.6061E+02    6.7657E-06    5.2527E-06    6.6639E+00   -6.6972E+00    2.4600E+01    2.2000E-04
3.9700E+01  3.1350E-03 2.5827E+02    6.6870E-06    5.4800E-06    6.0419E+00   -6.0932E+00    2.2970E+01    2.2000E-04
3.8722E+01  3.5599E-03 2.5575E+02    6.6077E-06    5.6645E-06    5.4853E+00   -5.5324E+00    2.1308E+01    2.2000E-04
3.7764E+01  4.0374E-03 2.5312E+02    6.5214E-06    5.8081E-06    4.9961E+00   -5.0266E+00    1.9669E+01    2.2000E-04
3.6826E+01  4.5730E-03 2.5043E+02    6.4375E-06    5.9209E-06    4.5704E+00   -4.5835E+00    1.8086E+01    2.2000E-04
3.5907E+01  5.1733E-03 2.4769E+02    6.3388E-06    6.0174E-06    4.2004E+00   -4.1957E+00    1.6576E+01    2.2000E-04
3.5008E+01  5.8450E-03 2.4494E+02    6.2409E-06    6.0945E-06    3.8694E+00   -3.8579E+00    1.5152E+01    2.2000E-04
3.4129E+01  6.5955E-03 2.4220E+02    6.1454E-06    6.1448E-06    3.5641E+00   -3.5561E+00    1.3827E+01    2.2000E-04
3.3269E+01  7.4331E-03 2.3951E+02    6.0422E-06    6.1696E-06    3.2785E+00   -3.2766E+00    1.2612E+01    2.2000E-04
3.2427E+01  8.3664E-03 2.3692E+02    5.9411E-06    6.1571E-06    3.0060E+00   -3.0105E+00    1.1515E+01    2.2000E-04
3.1603E+01  9.4051E-03 2.3447E+02    5.8423E-06    6.1023E-06    2.7446E+00   -2.7564E+00    1.0544E+01    2.2000E-04
3.0797E+01  1.0559E-02 2.3219E+02    5.7456E-06    5.9965E-06    2.4928E+00   -2.5431E+00    9.6994E+00    2.2000E-04
3.0007E+01  1.1841E-02 2.3013E+02    5.6407E-06    5.8263E-06    2.2503E+00   -2.2883E+00    8.9766E+00    2.2000E-04
2.9232E+01  1.3260E-02 2.2827E+02    5.5478E-06    5.6138E-06    2.0248E+00   -2.0505E+00    8.3618E+00    2.2000E-04
2.8473E+01  1.4832E-02 2.2661E+02    5.4566E-06    5.3436E-06    1.8151E+00   -1.8319E+00    7.8382E+00    2.2000E-04
2.7727E+01  1.6568E-02 2.2511E+02    5.3671E-06    5.0499E-06    1.6282E+00   -1.6352E+00    7.3888E+00    2.2000E-04
2.6994E+01  1.8485E-02 2.2375E+02    5.2792E-06    4.7307E-06    1.4625E+00   -1.4611E+00    6.9975E+00    2.2000E-04
2.6274E+01  2.0597E-02 2.2250E+02    5.1929E-06    4.3912E-06    1.3161E+00   -1.3095E+00    6.6507E+00    2.2000E-04
2.5567E+01  2.2922E-02 2.2133E+02    5.1079E-06    4.0403E-06    1.1874E+00   -1.1791E+00    6.3377E+00    2.2000E-04
2.4872E+01  2.5477E-02 2.2021E+02    5.0245E-06    3.6992E-06    1.0759E+00   -1.0664E+00    6.0504E+00    2.2000E-04
2.4189E+01  2.8281E-02 2.1913E+02    4.9425E-06    3.3679E-06    9.7727E-01   -9.6755E-01    5.7833E+00    2.2000E-04
2.3517E+01  3.1355E-02 2.1809E+02    4.8618E-06    3.0403E-06    8.8680E-01   -8.7902E-01    5.5332E+00    2.2000E-04
2.2857E+01  3.4718E-02 2.1708E+02    4.7826E-06    2.7371E-06    8.0459E-01   -7.9726E-01    5.2983E+00    2.2000E-04
2.2207E+01  3.8394E-02 2.1610E+02    4.7057E-06    2.4411E-06    7.2653E-01   -7.2207E-01    5.0260E+00    2.2000E-04
2.1570E+01  4.2406E-02 2.1517E+02    4.6382E-06    2.1716E-06    6.5413E-01   -6.5202E-01    4.7213E+00    2.2000E-04
2.0943E+01  4.6777E-02 2.1428E+02    4.5629E-06    1.9143E-06    5.8518E-01   -5.8740E-01    4.4478E+00    2.2000E-04
2.0326E+01  5.1535E-02 2.1346E+02    4.4975E-06    1.6774E-06    5.2109E-01   -5.2758E-01    4.2057E+00    2.2000E-04
1.9720E+01  5.6705E-02 2.1270E+02    4.4269E-06    1.4690E-06    4.6318E-01   -4.6964E-01    3.9944E+00    2.2000E-04
1.9124E+01  6.2314E-02 2.1203E+02    4.3673E-06    1.2675E-06    4.0908E-01   -4.1682E-01    3.8126E+00    2.2000E-04
1.8538E+01  6.8393E-02 2.1143E+02    4.3087E-06    1.0832E-06    3.6042E-01   -3.6758E-01    3.6584E+00    2.2000E-04
1.7962E+01  7.4970E-02 2.1091E+02    4.2510E-06    9.1795E-07    3.1779E-01   -3.2207E-01    3.5289E+00    2.2000E-04
1.7394E+01  8.2076E-02 2.1047E+02    4.2015E-06    7.7120E-07    2.8115E-01   -2.8196E-01    3.4212E+00    2.2000E-04
1.6836E+01  8.9742E-02 2.1010E+02    4.1568E-06    6.4118E-07    2.4990E-01   -2.4912E-01    3.3326E+00    2.2000E-04
1.6287E+01  9.8000E-02 2.0979E+02    4.1129E-06    5.2499E-07    2.2321E-01   -2.2498E-01    3.2607E+00    2.2000E-04
1.5746E+01  1.0688E-01 2.0953E+02    4.0798E-06    4.2425E-07    1.9969E-01   -1.7977E-01    3.2026E+00    2.2000E-04
1.5214E+01  1.1643E-01 2.0933E+02    4.0578E-06    3.3946E-07    1.7994E-01   -1.6481E-01    3.1574E+00    2.2000E-04
1.4691E+01  1.2666E-01 2.0919E+02    4.0276E-06    2.6845E-07    1.6355E-01   -1.5497E-01    3.1263E+00    2.2000E-04
1.4175E+01  1.3762E-01 2.0913E+02    4.0085E-06    2.1079E-07    1.5019E-01   -1.4932E-01    3.1122E+00    2.2000E-04
1.3668E+01  1.4934E-01 2.0916E+02    3.9983E-06    1.6281E-07    1.3915E-01   -1.4700E-01    3.1187E+00    2.2000E-04
1.3168E+01  1.6185E-01 2.0929E+02    3.9883E-06    1.2609E-07    1.3046E-01   -1.4388E-01    3.1483E+00    2.2000E-04
1.2675E+01  1.7520E-01 2.0953E+02    3.9800E-06    1.0107E-07    1.2406E-01   -1.3731E-01    3.2029E+00    2.2000E-04
1.2190E+01  1.8940E-01 2.0989E+02    4.0082E-06    8.4206E-08    1.1961E-01   -1.2908E-01    3.2839E+00    2.2000E-04
1.1712E+01  2.0449E-01 2.1034E+02    4.2747E-06    7.1361E-08    1.1743E-01   -1.2650E-01    3.3900E+00    2.2000E-04
1.1241E+01  2.2052E-01 2.1086E+02    5.1456E-06    6.1884E-08    1.1872E-01   -1.2841E-01    3.5148E+00    2.2000E-04
1.0776E+01  2.3749E-01 2.1139E+02    6.0415E-06    5.6581E-08    1.2078E-01   -1.1116E-01    3.6474E+00    2.2000E-04
1.0318E+01  2.5545E-01 2.1221E+02    6.8001E-06    5.3174E-08    1.2248E-01   -7.2392E-02    3.8617E+00    2.2000E-04
9.8657E+00  2.7443E-01 2.1354E+02    8.1853E-06    5.0533E-08    1.2772E-01   -1.2300E-01    4.2289E+00    2.2000E-04
9.4167E+00  2.9444E-01 2.1671E+02    1.2538E-05    4.8218E-08    1.4619E-01   -3.8992E-01    5.2148E+00    2.2000E-04
8.9680E+00  3.1551E-01 2.2106E+02    2.1970E-05    4.5973E-08    1.8308E-01   -8.0607E-01    6.2678E+00    2.2000E-04
8.5189E+00  3.3767E-01 2.2537E+02    3.7546E-05    4.3774E-08    2.3407E-01   -1.2320E+00    7.4663E+00    2.2000E-04
8.0698E+00  3.6092E-01 2.2965E+02    6.2544E-05    4.1618E-08    2.9626E-01   -1.6231E+00    8.8139E+00    2.2000E-04
7.6210E+00  3.8529E-01 2.3385E+02    1.0147E-04    3.9466E-08    3.6428E-01   -1.9276E+00    1.0310E+01    2.2000E-04
7.1729E+00  4.1079E-01 2.3796E+02    1.6021E-04    3.7336E-08    4.3535E-01   -2.1346E+00    1.1947E+01    2.2000E-04
6.7263E+00  4.3743E-01 2.4196E+02    2.4596E-04    3.5287E-08    5.1197E-01   -2.2696E+00    1.3714E+01    2.2000E-04
6.2814E+00  4.6520E-01 2.4581E+02    3.6696E-04    3.3240E-08    5.8985E-01   -2.3225E+00    1.5593E+01    2.2000E-04
5.8390E+00  4.9411E-01 2.4950E+02    5.3205E-04    3.1280E-08    6.5524E-01   -2.3269E+00    1.7562E+01    2.2000E-04
5.3995E+00  5.2417E-01 2.5301E+02    7.5001E-04    2.9341E-08    7.0153E-01   -2.3072E+00    1.9599E+01    2.2000E-04
4.9637E+00  5.5534E-01 2.5633E+02    1.0291E-03    2.7478E-08    7.3473E-01   -2.2883E+00    2.1681E+01    2.2000E-04
4.5319E+00  5.8763E-01 2.5946E+02    1.3764E-03    2.5663E-08    7.6143E-01   -2.2439E+00    2.3788E+01    2.2000E-04
4.1048E+00  6.2102E-01 2.6240E+02    1.7982E-03    2.3901E-08    7.8147E-01   -2.1797E+00    2.5903E+01    2.2000E-04
3.6828E+00  6.5547E-01 2.6517E+02    2.2992E-03    2.2235E-08    7.9206E-01   -2.1119E+00    2.8015E+01    2.2000E-04
3.2665E+00  6.9097E-01 2.6778E+02    2.8833E-03    2.0660E-08    7.9342E-01   -2.0165E+00    3.0112E+01    2.2000E-04
2.8562E+00  7.2747E-01 2.7022E+02    3.5532E-03    1.9249E-08    7.8862E-01   -1.8668E+00    3.2187E+01    2.2000E-04
2.4524E+00  7.6493E-01 2.7253E+02    4.3106E-03    1.7992E-08    7.8063E-01   -1.7156E+00    3.4236E+01    2.2000E-04
2.0553E+00  8.0331E-01 2.7489E+02    5.2272E-03    1.6841E-08    7.7534E-01   -1.6209E+00    3.6438E+01    2.2000E-04
1.6650E+00  8.4255E-01 2.7717E+02    6.1237E-03    1.5807E-08    7.5515E-01   -1.5340E+00    3.8665E+01    2.2000E-04
1.2819E+00  8.8259E-01 2.7936E+02    7.1563E-03    1.4968E-08    7.3957E-01   -1.5282E+00    4.0896E+01    2.2000E-04
9.0619E-01  9.2338E-01 2.8144E+02    8.2665E-03    1.4275E-08    7.2739E-01   -1.5952E+00    4.3098E+01    2.2000E-04
5.3823E-01  9.6483E-01 2.8342E+02    9.3789E-03    1.3699E-08    7.2143E-01   -1.7834E+00    4.5284E+01    2.2000E-04
1.7827E-01  1.0069E+00 2.8531E+02    1.0738E-02    1.3202E-08    7.4156E-01   -2.0378E+00    4.7446E+01    2.2000E-04
0.0000E+00  1.0282E+00 2.8626E+02    1.1419E-02    1.3300E-08    7.9082E+00   -3.5334E+00    4.8557E+01    2.2000E-04
