     ALT          P          T          FH2O           O3           THEAT        TCOOL        PSATCO2        FCO2
7.3833E+01  3.2610E-05 2.2604E+02    4.6077E-06    1.3101E-07    3.7406E+01   -7.6230E+01    7.6656E+00    2.2200E-04
7.2692E+01  3.8506E-05 2.2745E+02    4.7901E-06    1.6863E-07    5.3967E+00   -4.8499E+01    8.1009E+00    2.2200E-04
7.1554E+01  4.5411E-05 2.2893E+02    4.9495E-06    2.1402E-07    2.9405E+00   -3.0145E+01    8.5758E+00    2.2200E-04
7.0418E+01  5.3486E-05 2.3048E+02    5.0917E-06    2.6413E-07    2.9378E+00   -1.8744E+01    9.0960E+00    2.2200E-04
6.9282E+01  6.2918E-05 2.3209E+02    5.2281E-06    3.1523E-07    3.1626E+00   -1.2180E+01    9.6624E+00    2.2200E-04
6.8148E+01  7.3920E-05 2.3375E+02    5.3418E-06    3.6754E-07    3.4082E+00   -8.6534E+00    1.0274E+01    2.2200E-04
6.7015E+01  8.6737E-05 2.3546E+02    5.4401E-06    4.2289E-07    3.6695E+00   -6.8950E+00    1.0928E+01    2.2200E-04
6.5884E+01  1.0165E-04 2.3718E+02    5.5307E-06    4.8435E-07    3.9621E+00   -6.0895E+00    1.1622E+01    2.2200E-04
6.4753E+01  1.1897E-04 2.3892E+02    5.6209E-06    5.5195E-07    4.2993E+00   -5.8100E+00    1.2354E+01    2.2200E-04
6.3624E+01  1.3907E-04 2.4066E+02    5.6887E-06    6.2820E-07    4.6771E+00   -5.7795E+00    1.3120E+01    2.2200E-04
6.2496E+01  1.6237E-04 2.4239E+02    5.7564E-06    7.1202E-07    5.0882E+00   -5.8808E+00    1.3918E+01    2.2200E-04
6.1369E+01  1.8932E-04 2.4412E+02    5.8140E-06    8.0439E-07    5.5305E+00   -6.0472E+00    1.4745E+01    2.2200E-04
6.0245E+01  2.2047E-04 2.4582E+02    5.8610E-06    9.0630E-07    5.9996E+00   -6.2504E+00    1.5599E+01    2.2200E-04
5.9122E+01  2.5643E-04 2.4751E+02    5.9059E-06    1.0145E-06    6.4766E+00   -6.4811E+00    1.6481E+01    2.2200E-04
5.8002E+01  2.9787E-04 2.4919E+02    5.9507E-06    1.1418E-06    6.9982E+00   -6.7363E+00    1.7389E+01    2.2200E-04
5.6883E+01  3.4557E-04 2.5084E+02    5.9855E-06    1.2738E-06    7.4954E+00   -6.9887E+00    1.8323E+01    2.2200E-04
5.5768E+01  4.0041E-04 2.5249E+02    6.0201E-06    1.4204E-06    7.9896E+00   -7.2414E+00    1.9286E+01    2.2200E-04
5.4655E+01  4.6336E-04 2.5412E+02    6.0423E-06    1.5882E-06    8.4854E+00   -7.4985E+00    2.0277E+01    2.2200E-04
5.3545E+01  5.3554E-04 2.5574E+02    6.0645E-06    1.7702E-06    8.9347E+00   -7.7536E+00    2.1298E+01    2.2200E-04
5.2438E+01  6.1818E-04 2.5735E+02    6.0800E-06    1.9761E-06    9.3447E+00   -8.0001E+00    2.2350E+01    2.2200E-04
5.1335E+01  7.1268E-04 2.5895E+02    6.0900E-06    2.2059E-06    9.6856E+00   -8.2329E+00    2.3434E+01    2.2200E-04
5.0235E+01  8.2058E-04 2.6054E+02    6.1000E-06    2.4496E-06    9.9068E+00   -8.4488E+00    2.4550E+01    2.2200E-04
4.9138E+01  9.4363E-04 2.6213E+02    6.1000E-06    2.7245E-06    1.0035E+01   -8.7016E+00    2.5701E+01    2.2200E-04
4.8045E+01  1.0838E-03 2.6380E+02    6.0954E-06    3.0131E-06    1.0022E+01   -9.0373E+00    2.6955E+01    2.2200E-04
4.6955E+01  1.2431E-03 2.6525E+02    6.0836E-06    3.3246E-06    9.8751E+00   -9.2741E+00    2.8075E+01    2.2200E-04
4.5872E+01  1.4242E-03 2.6612E+02    6.0620E-06    3.6580E-06    9.5884E+00   -9.2596E+00    2.8761E+01    2.2200E-04
4.4796E+01  1.6295E-03 2.6626E+02    6.0309E-06    4.0121E-06    9.1717E+00   -8.9898E+00    2.8879E+01    2.2200E-04
4.3732E+01  1.8621E-03 2.6569E+02    5.9883E-06    4.3730E-06    8.6333E+00   -8.5238E+00    2.8425E+01    2.2200E-04
4.2682E+01  2.1252E-03 2.6449E+02    5.9445E-06    4.7089E-06    7.9905E+00   -7.9390E+00    2.7481E+01    2.2200E-04
4.1648E+01  2.4224E-03 2.6277E+02    5.8825E-06    5.0223E-06    7.3156E+00   -7.3069E+00    2.6175E+01    2.2200E-04
4.0632E+01  2.7577E-03 2.6067E+02    5.8115E-06    5.2838E-06    6.6414E+00   -6.6718E+00    2.4642E+01    2.2200E-04
3.9634E+01  3.1354E-03 2.5831E+02    5.7388E-06    5.5049E-06    6.0193E+00   -6.0660E+00    2.3000E+01    2.2200E-04
3.8656E+01  3.5604E-03 2.5579E+02    5.6582E-06    5.6787E-06    5.4617E+00   -5.5044E+00    2.1333E+01    2.2200E-04
3.7698E+01  4.0379E-03 2.5316E+02    5.5639E-06    5.8191E-06    4.9764E+00   -4.9996E+00    1.9693E+01    2.2200E-04
3.6759E+01  4.5737E-03 2.5047E+02    5.4786E-06    5.9314E-06    4.5551E+00   -4.5583E+00    1.8109E+01    2.2200E-04
3.5840E+01  5.1741E-03 2.4773E+02    5.3780E-06    6.0233E-06    4.1860E+00   -4.1716E+00    1.6597E+01    2.2200E-04
3.4941E+01  5.8459E-03 2.4497E+02    5.2801E-06    6.0899E-06    3.8532E+00   -3.8337E+00    1.5170E+01    2.2200E-04
3.4061E+01  6.5966E-03 2.4223E+02    5.1745E-06    6.1385E-06    3.5494E+00   -3.5313E+00    1.3840E+01    2.2200E-04
3.3201E+01  7.4343E-03 2.3953E+02    5.0813E-06    6.1600E-06    3.2647E+00   -3.2515E+00    1.2619E+01    2.2200E-04
3.2359E+01  8.3678E-03 2.3692E+02    4.9720E-06    6.1434E-06    2.9926E+00   -2.9834E+00    1.1516E+01    2.2200E-04
3.1535E+01  9.4067E-03 2.3444E+02    4.8714E-06    6.0862E-06    2.7316E+00   -2.7275E+00    1.0536E+01    2.2200E-04
3.0728E+01  1.0561E-02 2.3214E+02    4.7747E-06    5.9721E-06    2.4791E+00   -2.5136E+00    9.6819E+00    2.2200E-04
2.9938E+01  1.1843E-02 2.3005E+02    4.6799E-06    5.8097E-06    2.2393E+00   -2.2579E+00    8.9489E+00    2.2200E-04
2.9164E+01  1.3263E-02 2.2815E+02    4.5870E-06    5.5852E-06    2.0124E+00   -2.0183E+00    8.3231E+00    2.2200E-04
2.8404E+01  1.4834E-02 2.2644E+02    4.4959E-06    5.3275E-06    1.8060E+00   -1.7984E+00    7.7879E+00    2.2200E-04
2.7659E+01  1.6571E-02 2.2490E+02    4.4065E-06    5.0324E-06    1.6196E+00   -1.5999E+00    7.3262E+00    2.2200E-04
2.6927E+01  1.8488E-02 2.2348E+02    4.3188E-06    4.7111E-06    1.4540E+00   -1.4238E+00    6.9222E+00    2.2200E-04
2.6208E+01  2.0601E-02 2.2217E+02    4.2326E-06    4.3798E-06    1.3096E+00   -1.2701E+00    6.5622E+00    2.2200E-04
2.5501E+01  2.2926E-02 2.2093E+02    4.1479E-06    4.0346E-06    1.1823E+00   -1.1373E+00    6.2356E+00    2.2200E-04
2.4807E+01  2.5482E-02 2.1975E+02    4.0647E-06    3.6985E-06    1.0717E+00   -1.0217E+00    5.9344E+00    2.2200E-04
2.4125E+01  2.8287E-02 2.1860E+02    3.9829E-06    3.3602E-06    9.7197E-01   -9.2028E-01    5.6535E+00    2.2200E-04
2.3455E+01  3.1361E-02 2.1748E+02    3.9026E-06    3.0385E-06    8.8229E-01   -8.2871E-01    5.3899E+00    2.2200E-04
2.2797E+01  3.4725E-02 2.1639E+02    3.8331E-06    2.7339E-06    7.9987E-01   -7.4480E-01    5.1226E+00    2.2200E-04
2.2150E+01  3.8402E-02 2.1534E+02    3.7562E-06    2.4377E-06    7.2157E-01   -6.6731E-01    4.7750E+00    2.2200E-04
2.1514E+01  4.2415E-02 2.1432E+02    3.6850E-06    2.1627E-06    6.4844E-01   -5.9551E-01    4.4604E+00    2.2200E-04
2.0889E+01  4.6787E-02 2.1336E+02    3.6151E-06    1.9165E-06    5.8119E-01   -5.2774E-01    4.1785E+00    2.2200E-04
2.0275E+01  5.1546E-02 2.1246E+02    3.5514E-06    1.6851E-06    5.1793E-01   -4.6495E-01    3.9285E+00    2.2200E-04
1.9672E+01  5.6717E-02 2.1163E+02    3.4811E-06    1.4666E-06    4.5852E-01   -4.0663E-01    3.7098E+00    2.2200E-04
1.9079E+01  6.2328E-02 2.1088E+02    3.4219E-06    1.2600E-06    4.0365E-01   -3.5358E-01    3.5208E+00    2.2200E-04
1.8496E+01  6.8408E-02 2.1021E+02    3.3637E-06    1.0788E-06    3.5552E-01   -3.0300E-01    3.3594E+00    2.2200E-04
1.7923E+01  7.4987E-02 2.0962E+02    3.3132E-06    9.1549E-07    3.1340E-01   -2.5702E-01    3.2227E+00    2.2200E-04
1.7359E+01  8.2094E-02 2.0911E+02    3.2682E-06    7.6950E-07    2.7701E-01   -2.1722E-01    3.1079E+00    2.2200E-04
1.6805E+01  8.9762E-02 2.0867E+02    3.2239E-06    6.3864E-07    2.4574E-01   -1.8561E-01    3.0120E+00    2.2200E-04
1.6259E+01  9.8023E-02 2.0830E+02    3.1903E-06    5.2287E-07    2.1918E-01   -1.6340E-01    2.9330E+00    2.2200E-04
1.5722E+01  1.0691E-01 2.0799E+02    3.1581E-06    4.2232E-07    1.9578E-01   -1.1850E-01    2.8685E+00    2.2200E-04
1.5194E+01  1.1645E-01 2.0774E+02    3.1276E-06    3.3707E-07    1.7603E-01   -1.0664E-01    2.8181E+00    2.2200E-04
1.4674E+01  1.2669E-01 2.0757E+02    3.1069E-06    2.6725E-07    1.5993E-01   -1.0014E-01    2.7831E+00    2.2200E-04
1.4162E+01  1.3765E-01 2.0748E+02    3.0882E-06    2.1017E-07    1.4672E-01   -9.7367E-02    2.7660E+00    2.2200E-04
1.3659E+01  1.4938E-01 2.0750E+02    3.0782E-06    1.6185E-07    1.3569E-01   -9.7445E-02    2.7688E+00    2.2200E-04
1.3163E+01  1.6189E-01 2.0763E+02    3.0683E-06    1.2505E-07    1.2704E-01   -9.6212E-02    2.7948E+00    2.2200E-04
1.2674E+01  1.7524E-01 2.0787E+02    3.0645E-06    1.0108E-07    1.2086E-01   -9.0494E-02    2.8448E+00    2.2200E-04
1.2192E+01  1.8945E-01 2.0825E+02    3.1149E-06    8.4337E-08    1.1679E-01   -8.5577E-02    2.9221E+00    2.2200E-04
1.1718E+01  2.0455E-01 2.0871E+02    3.7725E-06    7.1546E-08    1.1666E-01   -9.5732E-02    3.0202E+00    2.2200E-04
1.1250E+01  2.2057E-01 2.0926E+02    4.2654E-06    6.2054E-08    1.1733E-01   -7.9708E-02    3.1412E+00    2.2200E-04
1.0789E+01  2.3755E-01 2.0984E+02    4.8839E-06    5.6761E-08    1.1750E-01   -7.1100E-02    3.2735E+00    2.2200E-04
1.0333E+01  2.5552E-01 2.1133E+02    6.0234E-06    5.3394E-08    1.2124E-01   -5.6535E-02    3.6322E+00    2.2200E-04
9.8824E+00  2.7450E-01 2.1277E+02    7.3782E-06    5.0675E-08    1.2752E-01   -1.5534E-01    4.0130E+00    2.2200E-04
9.4336E+00  2.9452E-01 2.1714E+02    1.3247E-05    4.8321E-08    1.5382E-01   -5.3870E-01    5.3113E+00    2.2200E-04
8.9839E+00  3.1560E-01 2.2149E+02    2.3183E-05    4.6070E-08    1.9372E-01   -9.4309E-01    6.3807E+00    2.2200E-04
8.5338E+00  3.3776E-01 2.2581E+02    3.9563E-05    4.3818E-08    2.4636E-01   -1.3521E+00    7.5965E+00    2.2200E-04
8.0836E+00  3.6102E-01 2.3009E+02    6.5801E-05    4.1600E-08    3.0927E-01   -1.7194E+00    8.9624E+00    2.2200E-04
7.6338E+00  3.8540E-01 2.3429E+02    1.0657E-04    3.9442E-08    3.7709E-01   -1.9985E+00    1.0477E+01    2.2200E-04
7.1848E+00  4.1091E-01 2.3840E+02    1.6794E-04    3.7290E-08    4.4769E-01   -2.1852E+00    1.2133E+01    2.2200E-04
6.7372E+00  4.3755E-01 2.4239E+02    2.5726E-04    3.5152E-08    5.2405E-01   -2.3049E+00    1.3916E+01    2.2200E-04
6.2914E+00  4.6533E-01 2.4623E+02    3.8291E-04    3.3186E-08    6.0096E-01   -2.3460E+00    1.5810E+01    2.2200E-04
5.8481E+00  4.9425E-01 2.4991E+02    5.5375E-04    3.1147E-08    6.6428E-01   -2.3449E+00    1.7791E+01    2.2200E-04
5.4078E+00  5.2431E-01 2.5340E+02    7.7858E-04    2.9184E-08    7.0854E-01   -2.3206E+00    1.9838E+01    2.2200E-04
4.9711E+00  5.5550E-01 2.5670E+02    1.0655E-03    2.7315E-08    7.4056E-01   -2.2990E+00    2.1927E+01    2.2200E-04
4.5386E+00  5.8780E-01 2.5982E+02    1.4217E-03    2.5496E-08    7.6642E-01   -2.2500E+00    2.4039E+01    2.2200E-04
4.1107E+00  6.2120E-01 2.6275E+02    1.8530E-03    2.3730E-08    7.8541E-01   -2.1837E+00    2.6157E+01    2.2200E-04
3.6881E+00  6.5566E-01 2.6550E+02    2.3642E-03    2.2060E-08    7.9479E-01   -2.1133E+00    2.8269E+01    2.2200E-04
3.2711E+00  6.9117E-01 2.6808E+02    2.9590E-03    2.0480E-08    7.9514E-01   -2.0121E+00    3.0366E+01    2.2200E-04
2.8602E+00  7.2768E-01 2.7051E+02    3.6400E-03    1.9065E-08    7.8962E-01   -1.8538E+00    3.2441E+01    2.2200E-04
2.4559E+00  7.6516E-01 2.7280E+02    4.4089E-03    1.7804E-08    7.8109E-01   -1.7068E+00    3.4489E+01    2.2200E-04
2.0582E+00  8.0355E-01 2.7520E+02    5.3482E-03    1.6650E-08    7.7598E-01   -1.6231E+00    3.6739E+01    2.2200E-04
1.6673E+00  8.4280E-01 2.7748E+02    6.2399E-03    1.5614E-08    7.5380E-01   -1.5325E+00    3.8968E+01    2.2200E-04
1.2836E+00  8.8286E-01 2.7966E+02    7.3091E-03    1.4772E-08    7.3963E-01   -1.5364E+00    4.1200E+01    2.2200E-04
9.0741E-01  9.2366E-01 2.8172E+02    8.4136E-03    1.4078E-08    7.2631E-01   -1.6049E+00    4.3403E+01    2.2200E-04
5.3895E-01  9.6512E-01 2.8370E+02    9.5732E-03    1.3500E-08    7.2245E-01   -1.8046E+00    4.5595E+01    2.2200E-04
1.7850E-01  1.0072E+00 2.8558E+02    1.0925E-02    1.3003E-08    7.4137E-01   -2.0548E+00    4.7757E+01    2.2200E-04
0.0000E+00  1.0286E+00 2.8652E+02    1.1603E-02    1.3100E-08    7.8987E+00   -3.5127E+00    4.8869E+01    2.2200E-04
