     ALT          P          T          FH2O           O3           THEAT        TCOOL        PSATCO2        FCO2
7.3841E+01  3.2610E-05 2.2596E+02    4.6951E-06    1.3041E-07    3.7404E+01   -7.6166E+01    7.6415E+00    2.2200E-04
7.2701E+01  3.8506E-05 2.2737E+02    4.8781E-06    1.6810E-07    5.3958E+00   -4.8485E+01    8.0755E+00    2.2200E-04
7.1563E+01  4.5410E-05 2.2885E+02    5.0474E-06    2.1300E-07    2.9369E+00   -3.0168E+01    8.5490E+00    2.2200E-04
7.0427E+01  5.3486E-05 2.3039E+02    5.1899E-06    2.6244E-07    2.9308E+00   -1.8785E+01    9.0677E+00    2.2200E-04
6.9292E+01  6.2918E-05 2.3201E+02    5.3262E-06    3.1348E-07    3.1548E+00   -1.2225E+01    9.6326E+00    2.2200E-04
6.8158E+01  7.3920E-05 2.3367E+02    5.4402E-06    3.6558E-07    3.3993E+00   -8.6966E+00    1.0242E+01    2.2200E-04
6.7026E+01  8.6737E-05 2.3537E+02    5.5434E-06    4.2057E-07    3.6586E+00   -6.9369E+00    1.0895E+01    2.2200E-04
6.5894E+01  1.0165E-04 2.3710E+02    5.6393E-06    4.8138E-07    3.9486E+00   -6.1332E+00    1.1588E+01    2.2200E-04
6.4764E+01  1.1897E-04 2.3883E+02    5.7198E-06    5.4984E-07    4.2889E+00   -5.8461E+00    1.2318E+01    2.2200E-04
6.3635E+01  1.3907E-04 2.4057E+02    5.7976E-06    6.2493E-07    4.6621E+00   -5.8147E+00    1.3082E+01    2.2200E-04
6.2508E+01  1.6236E-04 2.4231E+02    5.8602E-06    7.0860E-07    5.0720E+00   -5.9086E+00    1.3878E+01    2.2200E-04
6.1382E+01  1.8932E-04 2.4403E+02    5.9229E-06    8.0081E-07    5.5139E+00   -6.0721E+00    1.4703E+01    2.2200E-04
6.0257E+01  2.2047E-04 2.4574E+02    5.9702E-06    9.0253E-07    5.9834E+00   -6.2698E+00    1.5555E+01    2.2200E-04
5.9135E+01  2.5642E-04 2.4743E+02    6.0151E-06    1.0126E-06    6.4672E+00   -6.4951E+00    1.6435E+01    2.2200E-04
5.8015E+01  2.9786E-04 2.4910E+02    6.0599E-06    1.1346E-06    6.9661E+00   -6.7426E+00    1.7341E+01    2.2200E-04
5.6897E+01  3.4557E-04 2.5076E+02    6.0973E-06    1.2637E-06    7.4537E+00   -6.9906E+00    1.8274E+01    2.2200E-04
5.5782E+01  4.0040E-04 2.5240E+02    6.1296E-06    1.4175E-06    7.9780E+00   -7.2400E+00    1.9235E+01    2.2200E-04
5.4670E+01  4.6336E-04 2.5403E+02    6.1519E-06    1.5831E-06    8.4702E+00   -7.4917E+00    2.0224E+01    2.2200E-04
5.3560E+01  5.3553E-04 2.5565E+02    6.1741E-06    1.7664E-06    8.9254E+00   -7.7431E+00    2.1243E+01    2.2200E-04
5.2454E+01  6.1817E-04 2.5726E+02    6.1962E-06    1.9718E-06    9.3331E+00   -7.9873E+00    2.2293E+01    2.2200E-04
5.1351E+01  7.1266E-04 2.5886E+02    6.2083E-06    2.1928E-06    9.6501E+00   -8.2132E+00    2.3375E+01    2.2200E-04
5.0251E+01  8.2056E-04 2.6046E+02    6.2103E-06    2.4440E-06    9.8968E+00   -8.4271E+00    2.4489E+01    2.2200E-04
4.9154E+01  9.4361E-04 2.6204E+02    6.2200E-06    2.7187E-06    1.0029E+01   -8.6781E+00    2.5637E+01    2.2200E-04
4.8062E+01  1.0837E-03 2.6371E+02    6.2100E-06    3.0068E-06    1.0017E+01   -9.0098E+00    2.6886E+01    2.2200E-04
4.6973E+01  1.2431E-03 2.6517E+02    6.2000E-06    3.3176E-06    9.8712E+00   -9.2513E+00    2.8010E+01    2.2200E-04
4.5889E+01  1.4241E-03 2.6605E+02    6.1824E-06    3.6505E-06    9.5857E+00   -9.2459E+00    2.8711E+01    2.2200E-04
4.4814E+01  1.6295E-03 2.6622E+02    6.1509E-06    4.0040E-06    9.1703E+00   -8.9836E+00    2.8845E+01    2.2200E-04
4.3750E+01  1.8620E-03 2.6567E+02    6.1093E-06    4.3656E-06    8.6346E+00   -8.5233E+00    2.8405E+01    2.2200E-04
4.2700E+01  2.1251E-03 2.6448E+02    6.0573E-06    4.7014E-06    7.9926E+00   -7.9407E+00    2.7472E+01    2.2200E-04
4.1666E+01  2.4223E-03 2.6277E+02    6.0018E-06    5.0162E-06    7.3193E+00   -7.3115E+00    2.6172E+01    2.2200E-04
4.0650E+01  2.7576E-03 2.6067E+02    5.9305E-06    5.2781E-06    6.6451E+00   -6.6773E+00    2.4644E+01    2.2200E-04
3.9653E+01  3.1353E-03 2.5832E+02    5.8607E-06    5.5007E-06    6.0232E+00   -6.0719E+00    2.3005E+01    2.2200E-04
3.8674E+01  3.5603E-03 2.5580E+02    5.7725E-06    5.6749E-06    5.4650E+00   -5.5094E+00    2.1340E+01    2.2200E-04
3.7716E+01  4.0378E-03 2.5317E+02    5.6858E-06    5.8163E-06    4.9796E+00   -5.0047E+00    1.9700E+01    2.2200E-04
3.6777E+01  4.5736E-03 2.5048E+02    5.6009E-06    5.9289E-06    4.5572E+00   -4.5631E+00    1.8117E+01    2.2200E-04
3.5858E+01  5.1739E-03 2.4775E+02    5.4990E-06    6.0128E-06    4.1844E+00   -4.1757E+00    1.6606E+01    2.2200E-04
3.4959E+01  5.8457E-03 2.4499E+02    5.4028E-06    6.0885E-06    3.8554E+00   -3.8391E+00    1.5181E+01    2.2200E-04
3.4079E+01  6.5964E-03 2.4225E+02    5.2973E-06    6.1375E-06    3.5518E+00   -3.5372E+00    1.3853E+01    2.2200E-04
3.3218E+01  7.4340E-03 2.3956E+02    5.1940E-06    6.1600E-06    3.2671E+00   -3.2569E+00    1.2633E+01    2.2200E-04
3.2376E+01  8.3676E-03 2.3696E+02    5.0930E-06    6.1443E-06    2.9947E+00   -2.9894E+00    1.1532E+01    2.2200E-04
3.1552E+01  9.4064E-03 2.3449E+02    4.9941E-06    6.0784E-06    2.7311E+00   -2.7334E+00    1.0553E+01    2.2200E-04
3.0746E+01  1.0561E-02 2.3220E+02    4.8974E-06    5.9660E-06    2.4790E+00   -2.5198E+00    9.7020E+00    2.2200E-04
2.9955E+01  1.1842E-02 2.3011E+02    4.8025E-06    5.8049E-06    2.2396E+00   -2.2649E+00    8.9715E+00    2.2200E-04
2.9181E+01  1.3262E-02 2.2823E+02    4.7096E-06    5.5821E-06    2.0131E+00   -2.0259E+00    8.3483E+00    2.2200E-04
2.8421E+01  1.4834E-02 2.2653E+02    4.6184E-06    5.3249E-06    1.8068E+00   -1.8066E+00    7.8158E+00    2.2200E-04
2.7675E+01  1.6571E-02 2.2500E+02    4.5290E-06    5.0291E-06    1.6200E+00   -1.6084E+00    7.3568E+00    2.2200E-04
2.6943E+01  1.8488E-02 2.2360E+02    4.4411E-06    4.7066E-06    1.4540E+00   -1.4330E+00    6.9554E+00    2.2200E-04
2.6223E+01  2.0600E-02 2.2230E+02    4.3549E-06    4.3692E-06    1.3086E+00   -1.2801E+00    6.5982E+00    2.2200E-04
2.5516E+01  2.2926E-02 2.2108E+02    4.2701E-06    4.0289E-06    1.1820E+00   -1.1479E+00    6.2743E+00    2.2200E-04
2.4822E+01  2.5481E-02 2.1991E+02    4.1868E-06    3.6878E-06    1.0708E+00   -1.0335E+00    5.9760E+00    2.2200E-04
2.4139E+01  2.8286E-02 2.1878E+02    4.1049E-06    3.3585E-06    9.7248E-01   -9.3248E-01    5.6979E+00    2.2200E-04
2.3468E+01  3.1360E-02 2.1768E+02    4.0245E-06    3.0361E-06    8.8275E-01   -8.4156E-01    5.4368E+00    2.2200E-04
2.2809E+01  3.4724E-02 2.1661E+02    3.9546E-06    2.7306E-06    8.0017E-01   -7.5826E-01    5.1914E+00    2.2200E-04
2.2162E+01  3.8401E-02 2.1557E+02    3.8779E-06    2.4363E-06    7.2222E-01   -6.8085E-01    4.8503E+00    2.2200E-04
2.1525E+01  4.2413E-02 2.1457E+02    3.8015E-06    2.1683E-06    6.4995E-01   -6.0810E-01    4.5356E+00    2.2200E-04
2.0900E+01  4.6786E-02 2.1362E+02    3.7338E-06    1.9136E-06    5.8140E-01   -5.4129E-01    4.2528E+00    2.2200E-04
2.0285E+01  5.1544E-02 2.1273E+02    3.6630E-06    1.6791E-06    5.1752E-01   -4.7883E-01    4.0018E+00    2.2200E-04
1.9681E+01  5.6715E-02 2.1191E+02    3.6022E-06    1.4621E-06    4.5844E-01   -4.2079E-01    3.7821E+00    2.2200E-04
1.9087E+01  6.2326E-02 2.1117E+02    3.5428E-06    1.2630E-06    4.0467E-01   -3.6618E-01    3.5920E+00    2.2200E-04
1.8504E+01  6.8405E-02 2.1050E+02    3.4845E-06    1.0812E-06    3.5651E-01   -3.1512E-01    3.4292E+00    2.2200E-04
1.7930E+01  7.4984E-02 2.0992E+02    3.4338E-06    9.1606E-07    3.1407E-01   -2.6904E-01    3.2910E+00    2.2200E-04
1.7365E+01  8.2091E-02 2.0941E+02    3.3887E-06    7.6902E-07    2.7750E-01   -2.2900E-01    3.1746E+00    2.2200E-04
1.6810E+01  8.9758E-02 2.0897E+02    3.3443E-06    6.3870E-07    2.4628E-01   -1.9667E-01    3.0772E+00    2.2200E-04
1.6263E+01  9.8019E-02 2.0860E+02    3.3007E-06    5.2271E-07    2.1964E-01   -1.7344E-01    2.9966E+00    2.2200E-04
1.5726E+01  1.0690E-01 2.0829E+02    3.2689E-06    4.2200E-07    1.9621E-01   -1.2823E-01    2.9303E+00    2.2200E-04
1.5197E+01  1.1645E-01 2.0803E+02    3.2466E-06    3.3745E-07    1.7659E-01   -1.1549E-01    2.8777E+00    2.2200E-04
1.4676E+01  1.2668E-01 2.0785E+02    3.2185E-06    2.6727E-07    1.6039E-01   -1.0807E-01    2.8406E+00    2.2200E-04
1.4164E+01  1.3765E-01 2.0776E+02    3.2065E-06    2.0948E-07    1.4710E-01   -1.0530E-01    2.8216E+00    2.2200E-04
1.3659E+01  1.4937E-01 2.0777E+02    3.1882E-06    1.6186E-07    1.3611E-01   -1.0423E-01    2.8228E+00    2.2200E-04
1.3163E+01  1.6189E-01 2.0788E+02    3.1782E-06    1.2502E-07    1.2746E-01   -1.0245E-01    2.8471E+00    2.2200E-04
1.2673E+01  1.7523E-01 2.0812E+02    3.1746E-06    1.0102E-07    1.2127E-01   -9.6286E-02    2.8954E+00    2.2200E-04
1.2191E+01  1.8944E-01 2.0848E+02    3.2268E-06    8.4196E-08    1.1719E-01   -9.1359E-02    2.9715E+00    2.2200E-04
1.1716E+01  2.0454E-01 2.0893E+02    3.8981E-06    7.1494E-08    1.1710E-01   -1.0207E-01    3.0690E+00    2.2200E-04
1.1248E+01  2.2056E-01 2.0948E+02    4.4019E-06    6.1998E-08    1.1779E-01   -8.8864E-02    3.1909E+00    2.2200E-04
1.0786E+01  2.3754E-01 2.1006E+02    5.0370E-06    5.6721E-08    1.1797E-01   -7.9360E-02    3.3248E+00    2.2200E-04
1.0330E+01  2.5551E-01 2.1145E+02    6.1228E-06    5.3366E-08    1.2132E-01   -5.2387E-02    3.6623E+00    2.2200E-04
9.8793E+00  2.7449E-01 2.1274E+02    7.3463E-06    5.0652E-08    1.2686E-01   -1.3933E-01    4.0040E+00    2.2200E-04
9.4306E+00  2.9450E-01 2.1705E+02    1.3097E-05    4.8303E-08    1.5245E-01   -5.1706E-01    5.2912E+00    2.2200E-04
8.9811E+00  3.1558E-01 2.2140E+02    2.2925E-05    4.6052E-08    1.9192E-01   -9.2193E-01    6.3570E+00    2.2200E-04
8.5312E+00  3.3774E-01 2.2572E+02    3.9136E-05    4.3801E-08    2.4426E-01   -1.3334E+00    7.5693E+00    2.2200E-04
8.0812E+00  3.6100E-01 2.2999E+02    6.5115E-05    4.1586E-08    3.0703E-01   -1.7042E+00    8.9316E+00    2.2200E-04
7.6316E+00  3.8538E-01 2.3420E+02    1.0550E-04    3.9429E-08    3.7486E-01   -1.9872E+00    1.0442E+01    2.2200E-04
7.1827E+00  4.1088E-01 2.3831E+02    1.6632E-04    3.7292E-08    4.4548E-01   -2.1769E+00    1.2094E+01    2.2200E-04
6.7353E+00  4.3752E-01 2.4230E+02    2.5491E-04    3.5239E-08    5.2183E-01   -2.2990E+00    1.3875E+01    2.2200E-04
6.2897E+00  4.6531E-01 2.4615E+02    3.7961E-04    3.3184E-08    5.9890E-01   -2.3421E+00    1.5765E+01    2.2200E-04
5.8465E+00  4.9423E-01 2.4982E+02    5.4929E-04    3.1138E-08    6.6261E-01   -2.3418E+00    1.7745E+01    2.2200E-04
5.4064E+00  5.2429E-01 2.5332E+02    7.7273E-04    2.9177E-08    7.0726E-01   -2.3183E+00    1.9789E+01    2.2200E-04
4.9698E+00  5.5547E-01 2.5663E+02    1.0581E-03    2.7309E-08    7.3949E-01   -2.2972E+00    2.1877E+01    2.2200E-04
4.5374E+00  5.8777E-01 2.5975E+02    1.4125E-03    2.5491E-08    7.6551E-01   -2.2491E+00    2.3988E+01    2.2200E-04
4.1097E+00  6.2116E-01 2.6268E+02    1.8419E-03    2.3725E-08    7.8471E-01   -2.1832E+00    2.6106E+01    2.2200E-04
3.6872E+00  6.5563E-01 2.6543E+02    2.3512E-03    2.2055E-08    7.9433E-01   -2.1134E+00    2.8219E+01    2.2200E-04
3.2703E+00  6.9113E-01 2.6802E+02    2.9440E-03    2.0477E-08    7.9489E-01   -2.0135E+00    3.0316E+01    2.2200E-04
2.8595E+00  7.2764E-01 2.7046E+02    3.6228E-03    1.9062E-08    7.8950E-01   -1.8580E+00    3.2391E+01    2.2200E-04
2.4552E+00  7.6511E-01 2.7275E+02    4.3896E-03    1.7802E-08    7.8102E-01   -1.7080E+00    3.4440E+01    2.2200E-04
2.0576E+00  8.0350E-01 2.7513E+02    5.3187E-03    1.6689E-08    7.7529E-01   -1.6186E+00    3.6666E+01    2.2200E-04
1.6669E+00  8.4275E-01 2.7740E+02    6.2118E-03    1.5695E-08    7.5369E-01   -1.5309E+00    3.8894E+01    2.2200E-04
1.2833E+00  8.8281E-01 2.7959E+02    7.2724E-03    1.4778E-08    7.3929E-01   -1.5333E+00    4.1127E+01    2.2200E-04
9.0719E-01  9.2360E-01 2.8166E+02    8.3785E-03    1.4077E-08    7.2632E-01   -1.6019E+00    4.3330E+01    2.2200E-04
5.3882E-01  9.6506E-01 2.8363E+02    9.5272E-03    1.3500E-08    7.2204E-01   -1.7991E+00    4.5521E+01    2.2200E-04
1.7846E-01  1.0071E+00 2.8552E+02    1.0881E-02    1.3003E-08    7.4128E-01   -2.0505E+00    4.7683E+01    2.2200E-04
0.0000E+00  1.0285E+00 2.8646E+02    1.1560E-02    1.3100E-08    7.9009E+00   -3.5173E+00    4.8796E+01    2.2200E-04
