     ALT          P          T          FH2O           O3           THEAT        TCOOL        PSATCO2        FCO2
7.3235E+01  3.2610E-05 2.2659E+02    3.5193E-06    1.4363E-07    3.7466E+01   -7.6377E+01    7.8318E+00    2.2200E-04
7.2091E+01  3.8507E-05 2.2800E+02    3.6666E-06    1.8467E-07    5.4554E+00   -4.8284E+01    8.2763E+00    2.2200E-04
7.0949E+01  4.5413E-05 2.2949E+02    3.7906E-06    2.3425E-07    3.0273E+00   -2.9668E+01    8.7603E+00    2.2200E-04
6.9808E+01  5.3489E-05 2.3104E+02    3.9045E-06    2.8838E-07    3.0480E+00   -1.8159E+01    9.2897E+00    2.2200E-04
6.8669E+01  6.2923E-05 2.3265E+02    4.0086E-06    3.4316E-07    3.2935E+00   -1.1551E+01    9.8654E+00    2.2200E-04
6.7531E+01  7.3928E-05 2.3431E+02    4.0995E-06    3.9982E-07    3.5623E+00   -8.0155E+00    1.0486E+01    2.2200E-04
6.6395E+01  8.6747E-05 2.3601E+02    4.1803E-06    4.5901E-07    3.8444E+00   -6.2822E+00    1.1149E+01    2.2200E-04
6.5259E+01  1.0166E-04 2.3774E+02    4.2532E-06    5.2410E-07    4.1559E+00   -5.5150E+00    1.1852E+01    2.2200E-04
6.4125E+01  1.1899E-04 2.3947E+02    4.3112E-06    5.9532E-07    4.5108E+00   -5.2738E+00    1.2593E+01    2.2200E-04
6.2992E+01  1.3910E-04 2.4120E+02    4.3760E-06    6.7525E-07    4.9065E+00   -5.3020E+00    1.3367E+01    2.2200E-04
6.1861E+01  1.6239E-04 2.4293E+02    4.4212E-06    7.6373E-07    5.3378E+00   -5.4581E+00    1.4173E+01    2.2200E-04
6.0731E+01  1.8936E-04 2.4465E+02    4.4663E-06    8.6058E-07    5.7981E+00   -5.6879E+00    1.5007E+01    2.2200E-04
5.9603E+01  2.2052E-04 2.4635E+02    4.5107E-06    9.6711E-07    6.2853E+00   -5.9627E+00    1.5869E+01    2.2200E-04
5.8477E+01  2.5648E-04 2.4803E+02    4.5432E-06    1.0856E-06    6.7976E+00   -6.2647E+00    1.6757E+01    2.2200E-04
5.7353E+01  2.9794E-04 2.4969E+02    4.5756E-06    1.2133E-06    7.3086E+00   -6.5893E+00    1.7671E+01    2.2200E-04
5.6232E+01  3.4566E-04 2.5134E+02    4.5980E-06    1.3477E-06    7.7987E+00   -6.9061E+00    1.8613E+01    2.2200E-04
5.5113E+01  4.0052E-04 2.5298E+02    4.6203E-06    1.5025E-06    8.3051E+00   -7.2338E+00    1.9582E+01    2.2200E-04
5.3997E+01  4.6350E-04 2.5460E+02    4.6426E-06    1.6804E-06    8.8144E+00   -7.5692E+00    2.0580E+01    2.2200E-04
5.2884E+01  5.3570E-04 2.5622E+02    4.6548E-06    1.8728E-06    9.2653E+00   -7.8949E+00    2.1608E+01    2.2200E-04
5.1774E+01  6.1838E-04 2.5782E+02    4.6600E-06    2.0792E-06    9.6359E+00   -8.2051E+00    2.2668E+01    2.2200E-04
5.0668E+01  7.1292E-04 2.5942E+02    4.6700E-06    2.3194E-06    9.9626E+00   -8.5064E+00    2.3760E+01    2.2200E-04
4.9564E+01  8.2087E-04 2.6101E+02    4.6689E-06    2.5737E-06    1.0163E+01   -8.8067E+00    2.4886E+01    2.2200E-04
4.8465E+01  9.4397E-04 2.6265E+02    4.6600E-06    2.8517E-06    1.0245E+01   -9.1212E+00    2.6083E+01    2.2200E-04
4.7369E+01  1.0842E-03 2.6420E+02    4.6451E-06    3.1527E-06    1.0207E+01   -9.4223E+00    2.7257E+01    2.2200E-04
4.6277E+01  1.2436E-03 2.6532E+02    4.6233E-06    3.4861E-06    1.0051E+01   -9.5499E+00    2.8132E+01    2.2200E-04
4.5193E+01  1.4247E-03 2.6580E+02    4.5834E-06    3.8408E-06    9.7454E+00   -9.4113E+00    2.8507E+01    2.2200E-04
4.4119E+01  1.6302E-03 2.6556E+02    4.5405E-06    4.2252E-06    9.3156E+00   -9.0430E+00    2.8318E+01    2.2200E-04
4.3058E+01  1.8629E-03 2.6463E+02    4.4873E-06    4.6069E-06    8.7494E+00   -8.5039E+00    2.7593E+01    2.2200E-04
4.2012E+01  2.1261E-03 2.6310E+02    4.4229E-06    4.9812E-06    8.1029E+00   -7.8711E+00    2.6423E+01    2.2200E-04
4.0983E+01  2.4235E-03 2.6107E+02    4.3510E-06    5.3255E-06    7.4218E+00   -7.2031E+00    2.4931E+01    2.2200E-04
3.9973E+01  2.7590E-03 2.5867E+02    4.2683E-06    5.6423E-06    6.7657E+00   -6.5410E+00    2.3244E+01    2.2200E-04
3.8983E+01  3.1369E-03 2.5600E+02    4.1800E-06    5.9155E-06    6.1582E+00   -5.9061E+00    2.1467E+01    2.2200E-04
3.8013E+01  3.5622E-03 2.5314E+02    4.0828E-06    6.1541E-06    5.6209E+00   -5.3143E+00    1.9678E+01    2.2200E-04
3.7064E+01  4.0400E-03 2.5014E+02    3.9803E-06    6.3693E-06    5.1565E+00   -4.7764E+00    1.7923E+01    2.2200E-04
3.6137E+01  4.5762E-03 2.4704E+02    3.8806E-06    6.5621E-06    4.7526E+00   -4.2892E+00    1.6229E+01    2.2200E-04
3.5231E+01  5.1769E-03 2.4384E+02    3.7735E-06    6.7404E-06    4.3953E+00   -3.8568E+00    1.4612E+01    2.2200E-04
3.4346E+01  5.8491E-03 2.4059E+02    3.6693E-06    6.8940E-06    4.0670E+00   -3.4698E+00    1.3090E+01    2.2200E-04
3.3482E+01  6.6003E-03 2.3732E+02    3.5674E-06    7.0115E-06    3.7553E+00   -3.1166E+00    1.1680E+01    2.2200E-04
3.2639E+01  7.4386E-03 2.3408E+02    3.4587E-06    7.0706E-06    3.4507E+00   -2.7870E+00    1.0397E+01    2.2200E-04
3.1817E+01  8.3728E-03 2.3094E+02    3.3621E-06    7.0681E-06    3.1538E+00   -2.4781E+00    9.2551E+00    2.2200E-04
3.1014E+01  9.4124E-03 2.2795E+02    3.2680E-06    6.9793E-06    2.8618E+00   -2.1908E+00    8.2596E+00    2.2200E-04
3.0230E+01  1.0568E-02 2.2519E+02    3.1759E-06    6.8137E-06    2.5811E+00   -1.9483E+00    7.4112E+00    2.2200E-04
2.9464E+01  1.1850E-02 2.2268E+02    3.0860E-06    6.5678E-06    2.3144E+00   -1.6803E+00    6.7002E+00    2.2200E-04
2.8714E+01  1.3271E-02 2.2044E+02    2.9978E-06    6.2544E-06    2.0668E+00   -1.4382E+00    6.1097E+00    2.2200E-04
2.7980E+01  1.4844E-02 2.1846E+02    2.9115E-06    5.8993E-06    1.8431E+00   -1.2251E+00    5.6201E+00    2.2200E-04
2.7260E+01  1.6582E-02 2.1670E+02    2.8368E-06    5.4952E-06    1.6409E+00   -1.0427E+00    5.2127E+00    2.2200E-04
2.6555E+01  1.8501E-02 2.1515E+02    2.7535E-06    5.0801E-06    1.4642E+00   -8.8937E-01    4.7159E+00    2.2200E-04
2.5862E+01  2.0615E-02 2.1376E+02    2.6816E-06    4.6694E-06    1.3120E+00   -7.6376E-01    4.2940E+00    2.2200E-04
2.5182E+01  2.2943E-02 2.1251E+02    2.6045E-06    4.2523E-06    1.1784E+00   -6.6233E-01    3.9420E+00    2.2200E-04
2.4514E+01  2.5500E-02 2.1137E+02    2.5387E-06    3.8563E-06    1.0634E+00   -5.8069E-01    3.6433E+00    2.2200E-04
2.3857E+01  2.8307E-02 2.1033E+02    2.4739E-06    3.4822E-06    9.6264E-01   -5.1315E-01    3.3865E+00    2.2200E-04
2.3211E+01  3.1384E-02 2.0936E+02    2.4001E-06    3.1252E-06    8.7157E-01   -4.5499E-01    3.1631E+00    2.2200E-04
2.2576E+01  3.4751E-02 2.0846E+02    2.3373E-06    2.7897E-06    7.8817E-01   -4.0381E-01    2.9676E+00    2.2200E-04
2.1952E+01  3.8431E-02 2.0763E+02    2.2756E-06    2.4828E-06    7.1141E-01   -3.5664E-01    2.7959E+00    2.2200E-04
2.1338E+01  4.2447E-02 2.0687E+02    2.2148E-06    2.1924E-06    6.3864E-01   -3.1381E-01    2.6455E+00    2.2200E-04
2.0734E+01  4.6824E-02 2.0617E+02    2.1650E-06    1.9292E-06    5.7112E-01   -2.7398E-01    2.5147E+00    2.2200E-04
2.0140E+01  5.1587E-02 2.0555E+02    2.1060E-06    1.6950E-06    5.0907E-01   -2.3474E-01    2.4021E+00    2.2200E-04
1.9556E+01  5.6762E-02 2.0500E+02    2.0524E-06    1.4738E-06    4.5064E-01   -1.9854E-01    2.3064E+00    2.2200E-04
1.8980E+01  6.2379E-02 2.0452E+02    2.0067E-06    1.2686E-06    3.9681E-01   -1.6500E-01    2.2266E+00    2.2200E-04
1.8414E+01  6.8464E-02 2.0412E+02    1.9546E-06    1.0847E-06    3.4879E-01   -1.3240E-01    2.1615E+00    2.2200E-04
1.7856E+01  7.5049E-02 2.0380E+02    1.9155E-06    9.2201E-07    3.0697E-01   -1.0216E-01    2.1095E+00    2.2200E-04
1.7307E+01  8.2163E-02 2.0354E+02    1.8737E-06    7.7562E-07    2.7058E-01   -7.6106E-02    2.0693E+00    2.2200E-04
1.6766E+01  8.9839E-02 2.0335E+02    1.8405E-06    6.4406E-07    2.3924E-01   -5.7011E-02    2.0398E+00    2.2200E-04
1.6234E+01  9.8107E-02 2.0322E+02    1.8092E-06    5.2754E-07    2.1261E-01   -4.5234E-02    2.0198E+00    2.2200E-04
1.5709E+01  1.0700E-01 2.0314E+02    1.7874E-06    4.2608E-07    1.8923E-01   -4.7315E-03    2.0082E+00    2.2200E-04
1.5192E+01  1.1656E-01 2.0312E+02    1.7589E-06    3.4104E-07    1.6971E-01   -1.7451E-03    2.0048E+00    2.2200E-04
1.4683E+01  1.2680E-01 2.0316E+02    1.7474E-06    2.7079E-07    1.5382E-01   -2.7937E-03    2.0109E+00    2.2200E-04
1.4182E+01  1.3778E-01 2.0328E+02    1.7287E-06    2.1375E-07    1.4080E-01   -5.3247E-03    2.0287E+00    2.2200E-04
1.3687E+01  1.4951E-01 2.0349E+02    1.7189E-06    1.6498E-07    1.2986E-01   -1.0452E-02    2.0614E+00    2.2200E-04
1.3200E+01  1.6204E-01 2.0381E+02    1.7108E-06    1.2763E-07    1.2144E-01   -1.4373E-02    2.1117E+00    2.2200E-04
1.2720E+01  1.7540E-01 2.0424E+02    1.9369E-06    1.0321E-07    1.1689E-01   -2.1851E-02    2.1800E+00    2.2200E-04
1.2246E+01  1.8962E-01 2.0470E+02    2.1881E-06    8.6172E-08    1.1413E-01   -1.1154E-02    2.2558E+00    2.2200E-04
1.1779E+01  2.0474E-01 2.0532E+02    2.4380E-06    7.3279E-08    1.1248E-01    2.7221E-02    2.3623E+00    2.2200E-04
1.1318E+01  2.2078E-01 2.0602E+02    2.8240E-06    6.3585E-08    1.1208E-01   -1.5450E-02    2.4866E+00    2.2200E-04
1.0861E+01  2.3778E-01 2.0865E+02    4.1179E-06    5.7616E-08    1.1788E-01   -8.0595E-02    3.0074E+00    2.2200E-04
1.0407E+01  2.5577E-01 2.1036E+02    5.2686E-06    5.3885E-08    1.2410E-01   -1.6214E-01    3.3959E+00    2.2200E-04
9.9551E+00  2.7477E-01 2.1459E+02    9.4038E-06    5.1056E-08    1.4599E-01   -4.9925E-01    4.5400E+00    2.2200E-04
9.5020E+00  2.9480E-01 2.1898E+02    1.6786E-05    4.8517E-08    1.8044E-01   -8.7974E-01    5.7467E+00    2.2200E-04
9.0480E+00  3.1591E-01 2.2336E+02    2.9212E-05    4.6139E-08    2.2662E-01   -1.2698E+00    6.8882E+00    2.2200E-04
8.5936E+00  3.3809E-01 2.2771E+02    4.9537E-05    4.3864E-08    2.8404E-01   -1.6414E+00    8.1810E+00    2.2200E-04
8.1392E+00  3.6138E-01 2.3199E+02    8.1796E-05    4.1610E-08    3.4960E-01   -1.9569E+00    9.6262E+00    2.2200E-04
7.6852E+00  3.8579E-01 2.3619E+02    1.3139E-04    3.9431E-08    4.1798E-01   -2.1787E+00    1.1219E+01    2.2200E-04
7.2321E+00  4.1132E-01 2.4028E+02    2.0512E-04    3.7258E-08    4.8996E-01   -2.3253E+00    1.2950E+01    2.2200E-04
6.7805E+00  4.3799E-01 2.4423E+02    3.1100E-04    3.5082E-08    5.6776E-01   -2.4051E+00    1.4802E+01    2.2200E-04
6.3309E+00  4.6581E-01 2.4802E+02    4.5784E-04    3.2996E-08    6.4093E-01   -2.4160E+00    1.6754E+01    2.2200E-04
5.8839E+00  4.9476E-01 2.5163E+02    6.5460E-04    3.0931E-08    6.9614E-01   -2.3959E+00    1.8783E+01    2.2200E-04
5.4402E+00  5.2486E-01 2.5505E+02    9.0987E-04    2.8945E-08    7.3369E-01   -2.3703E+00    2.0865E+01    2.2200E-04
5.0002E+00  5.5608E-01 2.5828E+02    1.2313E-03    2.7003E-08    7.6211E-01   -2.3350E+00    2.2978E+01    2.2200E-04
4.5646E+00  5.8842E-01 2.6131E+02    1.6256E-03    2.5160E-08    7.8490E-01   -2.2702E+00    2.5105E+01    2.2200E-04
4.1339E+00  6.2185E-01 2.6416E+02    2.0979E-03    2.3438E-08    7.9955E-01   -2.1982E+00    2.7230E+01    2.2200E-04
3.7085E+00  6.5636E-01 2.6684E+02    2.6526E-03    2.1751E-08    8.0418E-01   -2.1146E+00    2.9345E+01    2.2200E-04
3.2890E+00  6.9191E-01 2.6935E+02    3.2930E-03    2.0155E-08    8.0086E-01   -1.9837E+00    3.1439E+01    2.2200E-04
2.8757E+00  7.2846E-01 2.7172E+02    4.0212E-03    1.8723E-08    7.9331E-01   -1.8242E+00    3.3509E+01    2.2200E-04
2.4690E+00  7.6598E-01 2.7407E+02    4.8947E-03    1.7449E-08    7.8767E-01   -1.7007E+00    3.5663E+01    2.2200E-04
2.0690E+00  8.0441E-01 2.7641E+02    5.8120E-03    1.6323E-08    7.7099E-01   -1.5947E+00    3.7912E+01    2.2200E-04
1.6760E+00  8.4371E-01 2.7865E+02    6.7616E-03    1.5336E-08    7.4828E-01   -1.5323E+00    4.0161E+01    2.2200E-04
1.2902E+00  8.8382E-01 2.8079E+02    7.8989E-03    1.4488E-08    7.3441E-01   -1.5603E+00    4.2393E+01    2.2200E-04
9.1199E-01  9.2467E-01 2.8281E+02    8.9830E-03    1.3787E-08    7.1837E-01   -1.6396E+00    4.4602E+01    2.2200E-04
5.4164E-01  9.6618E-01 2.8476E+02    1.0318E-02    1.3247E-08    7.2297E-01   -1.8824E+00    4.6803E+01    2.2200E-04
1.7938E-01  1.0083E+00 2.8660E+02    1.1644E-02    1.2818E-08    7.3856E-01   -2.1187E+00    4.8967E+01    2.2200E-04
0.0000E+00  1.0297E+00 2.8753E+02    1.2312E-02    1.2900E-08    7.8555E+00   -3.4314E+00    5.0084E+01    2.2200E-04
