     ALT          P          T          FH2O           O3           THEAT        TCOOL        PSATCO2        FCO2
7.3687E+01  3.2610E-05 2.2648E+02    4.0060E-06    1.3673E-07    3.7472E+01   -7.6803E+01    7.8003E+00    2.2300E-04
7.2544E+01  3.8506E-05 2.2790E+02    4.1728E-06    1.7641E-07    5.4039E+00   -4.8553E+01    8.2430E+00    2.2300E-04
7.1403E+01  4.5411E-05 2.2938E+02    4.3138E-06    2.2273E-07    2.9763E+00   -2.9955E+01    8.7256E+00    2.2300E-04
7.0263E+01  5.3488E-05 2.3093E+02    4.4388E-06    2.7492E-07    2.9886E+00   -1.8429E+01    9.2539E+00    2.2300E-04
6.9125E+01  6.2921E-05 2.3255E+02    4.5526E-06    3.2767E-07    3.2227E+00   -1.1812E+01    9.8286E+00    2.2300E-04
6.7988E+01  7.3924E-05 2.3422E+02    4.6591E-06    3.8203E-07    3.4789E+00   -8.2926E+00    1.0449E+01    2.2300E-04
6.6853E+01  8.6742E-05 2.3592E+02    4.7500E-06    4.3900E-07    3.7487E+00   -6.5501E+00    1.1112E+01    2.2300E-04
6.5718E+01  1.0165E-04 2.3765E+02    4.8281E-06    5.0167E-07    4.0477E+00   -5.7763E+00    1.1815E+01    2.2300E-04
6.4585E+01  1.1898E-04 2.3938E+02    4.8961E-06    5.7150E-07    4.3948E+00   -5.5214E+00    1.2556E+01    2.2300E-04
6.3453E+01  1.3908E-04 2.4112E+02    4.9641E-06    6.4873E-07    4.7778E+00   -5.5283E+00    1.3331E+01    2.2300E-04
6.2322E+01  1.6238E-04 2.4286E+02    5.0213E-06    7.3458E-07    5.1974E+00   -5.6631E+00    1.4137E+01    2.2300E-04
6.1193E+01  1.8934E-04 2.4458E+02    5.0765E-06    8.2898E-07    5.6477E+00   -5.8683E+00    1.4973E+01    2.2300E-04
6.0066E+01  2.2049E-04 2.4628E+02    5.1216E-06    9.3248E-07    6.1211E+00   -6.1113E+00    1.5837E+01    2.2300E-04
5.8940E+01  2.5645E-04 2.4797E+02    5.1566E-06    1.0413E-06    6.5946E+00   -6.3775E+00    1.6727E+01    2.2300E-04
5.7817E+01  2.9790E-04 2.4964E+02    5.1915E-06    1.1645E-06    7.0968E+00   -6.6673E+00    1.7644E+01    2.2300E-04
5.6696E+01  3.4561E-04 2.5130E+02    5.2232E-06    1.3089E-06    7.6383E+00   -6.9576E+00    1.8587E+01    2.2300E-04
5.5578E+01  4.0046E-04 2.5294E+02    5.2456E-06    1.4585E-06    8.1370E+00   -7.2473E+00    1.9559E+01    2.2300E-04
5.4463E+01  4.6343E-04 2.5457E+02    5.2679E-06    1.6227E-06    8.6076E+00   -7.5411E+00    2.0560E+01    2.2300E-04
5.3351E+01  5.3562E-04 2.5619E+02    5.2901E-06    1.8111E-06    9.0625E+00   -7.8339E+00    2.1591E+01    2.2300E-04
5.2241E+01  6.1827E-04 2.5780E+02    5.3023E-06    2.0128E-06    9.4432E+00   -8.1099E+00    2.2653E+01    2.2300E-04
5.1135E+01  7.1279E-04 2.5940E+02    5.3100E-06    2.2483E-06    9.7844E+00   -8.3733E+00    2.3747E+01    2.2300E-04
5.0033E+01  8.2071E-04 2.6100E+02    5.3100E-06    2.4974E-06    1.0002E+01   -8.6221E+00    2.4875E+01    2.2300E-04
4.8933E+01  9.4379E-04 2.6260E+02    5.3100E-06    2.7701E-06    1.0102E+01   -8.9011E+00    2.6049E+01    2.2300E-04
4.7838E+01  1.0840E-03 2.6424E+02    5.3000E-06    3.0557E-06    1.0062E+01   -9.2243E+00    2.7290E+01    2.2300E-04
4.6747E+01  1.2434E-03 2.6557E+02    5.2878E-06    3.3731E-06    9.9109E+00   -9.4140E+00    2.8325E+01    2.2300E-04
4.5661E+01  1.4244E-03 2.6628E+02    5.2561E-06    3.7123E-06    9.6187E+00   -9.3408E+00    2.8889E+01    2.2300E-04
4.4585E+01  1.6298E-03 2.6627E+02    5.2245E-06    4.0720E-06    9.1942E+00   -9.0256E+00    2.8887E+01    2.2300E-04
4.3521E+01  1.8624E-03 2.6558E+02    5.1765E-06    4.4338E-06    8.6443E+00   -8.5276E+00    2.8332E+01    2.2300E-04
4.2471E+01  2.1256E-03 2.6427E+02    5.1268E-06    4.7831E-06    8.0068E+00   -7.9261E+00    2.7310E+01    2.2300E-04
4.1438E+01  2.4229E-03 2.6246E+02    5.0565E-06    5.0953E-06    7.3232E+00   -7.2802E+00    2.5945E+01    2.2300E-04
4.0422E+01  2.7583E-03 2.6029E+02    4.9853E-06    5.3624E-06    6.6488E+00   -6.6375E+00    2.4368E+01    2.2300E-04
3.9426E+01  3.1361E-03 2.5786E+02    4.9057E-06    5.5756E-06    6.0194E+00   -6.0234E+00    2.2694E+01    2.2300E-04
3.8449E+01  3.5613E-03 2.5527E+02    4.8196E-06    5.7545E-06    5.4660E+00   -5.4577E+00    2.1002E+01    2.2300E-04
3.7492E+01  4.0389E-03 2.5258E+02    4.7240E-06    5.9002E-06    4.9847E+00   -4.9500E+00    1.9341E+01    2.2300E-04
3.6555E+01  4.5749E-03 2.4981E+02    4.6305E-06    6.0153E-06    4.5647E+00   -4.5044E+00    1.7737E+01    2.2300E-04
3.5639E+01  5.1754E-03 2.4699E+02    4.5290E-06    6.1109E-06    4.1970E+00   -4.1128E+00    1.6207E+01    2.2300E-04
3.4742E+01  5.8474E-03 2.4415E+02    4.4274E-06    6.1883E-06    3.8675E+00   -3.7702E+00    1.4762E+01    2.2300E-04
3.3865E+01  6.5983E-03 2.4131E+02    4.3225E-06    6.2487E-06    3.5665E+00   -3.4617E+00    1.3413E+01    2.2300E-04
3.3007E+01  7.4363E-03 2.3850E+02    4.2198E-06    6.2867E-06    3.2850E+00   -3.1737E+00    1.2172E+01    2.2300E-04
3.2169E+01  8.3702E-03 2.3576E+02    4.1195E-06    6.2832E-06    3.0139E+00   -2.8971E+00    1.1048E+01    2.2300E-04
3.1349E+01  9.4094E-03 2.3314E+02    4.0216E-06    6.2310E-06    2.7515E+00   -2.6314E+00    1.0046E+01    2.2300E-04
3.0547E+01  1.0564E-02 2.3069E+02    3.9198E-06    6.1241E-06    2.4982E+00   -2.4066E+00    9.1696E+00    2.2300E-04
2.9761E+01  1.1846E-02 2.2843E+02    3.8218E-06    5.9623E-06    2.2567E+00   -2.1400E+00    8.4134E+00    2.2300E-04
2.8992E+01  1.3267E-02 2.2637E+02    3.7300E-06    5.7430E-06    2.0296E+00   -1.8897E+00    7.7643E+00    2.2300E-04
2.8239E+01  1.4839E-02 2.2448E+02    3.6400E-06    5.4764E-06    1.8206E+00   -1.6593E+00    7.2063E+00    2.2300E-04
2.7500E+01  1.6576E-02 2.2276E+02    3.5518E-06    5.1692E-06    1.6315E+00   -1.4513E+00    6.7231E+00    2.2300E-04
2.6775E+01  1.8494E-02 2.2118E+02    3.4653E-06    4.8403E-06    1.4645E+00   -1.2676E+00    6.2998E+00    2.2300E-04
2.6063E+01  2.0608E-02 2.1970E+02    3.3804E-06    4.4853E-06    1.3163E+00   -1.1083E+00    5.9239E+00    2.2300E-04
2.5364E+01  2.2934E-02 2.1831E+02    3.2971E-06    4.1303E-06    1.1878E+00   -9.7213E-01    5.5857E+00    2.2300E-04
2.4678E+01  2.5491E-02 2.1699E+02    3.2253E-06    3.7749E-06    1.0747E+00   -8.5668E-01    5.2783E+00    2.2300E-04
2.4005E+01  2.8297E-02 2.1573E+02    3.1449E-06    3.4261E-06    9.7388E-01   -7.5693E-01    4.9032E+00    2.2300E-04
2.3343E+01  3.1372E-02 2.1453E+02    3.0751E-06    3.0947E-06    8.8341E-01   -6.6946E-01    4.5222E+00    2.2300E-04
2.2693E+01  3.4737E-02 2.1338E+02    3.0005E-06    2.7830E-06    8.0055E-01   -5.9033E-01    4.1824E+00    2.2300E-04
2.2055E+01  3.8416E-02 2.1228E+02    2.9324E-06    2.4820E-06    7.2225E-01   -5.1922E-01    3.8803E+00    2.2300E-04
2.1428E+01  4.2430E-02 2.1125E+02    2.8647E-06    2.2028E-06    6.4897E-01   -4.5428E-01    3.6133E+00    2.2300E-04
2.0812E+01  4.6805E-02 2.1030E+02    2.8035E-06    1.9441E-06    5.8033E-01   -3.9525E-01    3.3797E+00    2.2300E-04
2.0207E+01  5.1565E-02 2.0942E+02    2.7433E-06    1.7033E-06    5.1598E-01   -3.4146E-01    3.1775E+00    2.2300E-04
1.9612E+01  5.6738E-02 2.0864E+02    2.6840E-06    1.4804E-06    4.5643E-01   -2.9196E-01    3.0048E+00    2.2300E-04
1.9027E+01  6.2352E-02 2.0794E+02    2.6258E-06    1.2804E-06    4.0275E-01   -2.4506E-01    2.8591E+00    2.2300E-04
1.8452E+01  6.8435E-02 2.0734E+02    2.5685E-06    1.0970E-06    3.5451E-01   -2.0183E-01    2.7378E+00    2.2300E-04
1.7886E+01  7.5016E-02 2.0683E+02    2.5198E-06    9.2873E-07    3.1170E-01   -1.6401E-01    2.6378E+00    2.2300E-04
1.7329E+01  8.2127E-02 2.0640E+02    2.4755E-06    7.7995E-07    2.7487E-01   -1.3181E-01    2.5565E+00    2.2300E-04
1.6781E+01  8.9798E-02 2.0605E+02    2.4414E-06    6.4718E-07    2.4333E-01   -1.0770E-01    2.4915E+00    2.2300E-04
1.6242E+01  9.8062E-02 2.0577E+02    2.4092E-06    5.3004E-07    2.1660E-01   -9.1968E-02    2.4409E+00    2.2300E-04
1.5711E+01  1.0695E-01 2.0555E+02    2.3774E-06    4.2811E-07    1.9303E-01   -5.0481E-02    2.4027E+00    2.2300E-04
1.5189E+01  1.1650E-01 2.0540E+02    2.3475E-06    3.4210E-07    1.7328E-01   -4.4816E-02    2.3766E+00    2.2300E-04
1.4674E+01  1.2674E-01 2.0533E+02    2.3285E-06    2.7111E-07    1.5711E-01   -4.3825E-02    2.3633E+00    2.2300E-04
1.4168E+01  1.3771E-01 2.0534E+02    2.3167E-06    2.1301E-07    1.4386E-01   -4.5591E-02    2.3650E+00    2.2300E-04
1.3669E+01  1.4944E-01 2.0544E+02    2.2984E-06    1.6480E-07    1.3283E-01   -4.8288E-02    2.3837E+00    2.2300E-04
1.3178E+01  1.6196E-01 2.0567E+02    2.2900E-06    1.2691E-07    1.2411E-01   -5.0369E-02    2.4237E+00    2.2300E-04
1.2693E+01  1.7532E-01 2.0601E+02    2.2972E-06    1.0202E-07    1.1813E-01   -4.8717E-02    2.4847E+00    2.2300E-04
1.2216E+01  1.8953E-01 2.0647E+02    2.7369E-06    8.5551E-08    1.1619E-01   -5.7014E-02    2.5701E+00    2.2300E-04
1.1745E+01  2.0464E-01 2.0697E+02    3.2081E-06    7.2553E-08    1.1470E-01   -3.9241E-02    2.6660E+00    2.2300E-04
1.1280E+01  2.2067E-01 2.0757E+02    3.5113E-06    6.3039E-08    1.1442E-01   -3.8374E-02    2.7836E+00    2.2300E-04
1.0822E+01  2.3766E-01 2.0896E+02    4.3068E-06    5.7400E-08    1.1670E-01   -4.6710E-02    3.0756E+00    2.2300E-04
1.0368E+01  2.5564E-01 2.1049E+02    5.3672E-06    5.3793E-08    1.2130E-01   -9.1462E-02    3.4270E+00    2.2300E-04
9.9167E+00  2.7462E-01 2.1361E+02    8.2629E-06    5.1003E-08    1.3587E-01   -3.2407E-01    4.2509E+00    2.2300E-04
9.4659E+00  2.9465E-01 2.1800E+02    1.4796E-05    4.8551E-08    1.6627E-01   -7.0658E-01    5.5105E+00    2.2300E-04
9.0142E+00  3.1574E-01 2.2236E+02    2.5834E-05    4.6245E-08    2.0944E-01   -1.1078E+00    6.6137E+00    2.2300E-04
8.5621E+00  3.3791E-01 2.2670E+02    4.3966E-05    4.3982E-08    2.6456E-01   -1.4994E+00    7.8656E+00    2.2300E-04
8.1099E+00  3.6119E-01 2.3098E+02    7.2885E-05    4.1720E-08    3.2885E-01   -1.8407E+00    9.2686E+00    2.2300E-04
7.6581E+00  3.8558E-01 2.3518E+02    1.1760E-04    3.9479E-08    3.9689E-01   -2.0903E+00    1.0820E+01    2.2300E-04
7.2072E+00  4.1110E-01 2.3928E+02    1.8453E-04    3.7317E-08    4.6791E-01   -2.2556E+00    1.2511E+01    2.2300E-04
6.7577E+00  4.3776E-01 2.4326E+02    2.8135E-04    3.5161E-08    5.4494E-01   -2.3558E+00    1.4328E+01    2.2300E-04
6.3101E+00  4.6555E-01 2.4708E+02    4.1666E-04    3.3090E-08    6.2034E-01   -2.3810E+00    1.6250E+01    2.2300E-04
5.8650E+00  4.9449E-01 2.5072E+02    5.9940E-04    3.1112E-08    6.7991E-01   -2.3702E+00    1.8254E+01    2.2300E-04
5.4231E+00  5.2457E-01 2.5418E+02    8.3828E-04    2.9094E-08    7.2081E-01   -2.3449E+00    2.0318E+01    2.2300E-04
4.9849E+00  5.5577E-01 2.5745E+02    1.1412E-03    2.7181E-08    7.5100E-01   -2.3174E+00    2.2419E+01    2.2300E-04
4.5509E+00  5.8809E-01 2.6053E+02    1.5151E-03    2.5356E-08    7.7545E-01   -2.2604E+00    2.4539E+01    2.2300E-04
4.1217E+00  6.2150E-01 2.6342E+02    1.9657E-03    2.3581E-08    7.9245E-01   -2.1912E+00    2.6662E+01    2.2300E-04
3.6977E+00  6.5599E-01 2.6613E+02    2.4973E-03    2.1903E-08    7.9957E-01   -2.1152E+00    2.8776E+01    2.2300E-04
3.2795E+00  6.9151E-01 2.6869E+02    3.1136E-03    2.0315E-08    7.9812E-01   -2.0011E+00    3.0872E+01    2.2300E-04
2.8675E+00  7.2805E-01 2.7109E+02    3.8168E-03    1.8892E-08    7.9162E-01   -1.8403E+00    3.2946E+01    2.2300E-04
2.4620E+00  7.6554E-01 2.7339E+02    4.6347E-03    1.7625E-08    7.8453E-01   -1.7021E+00    3.5032E+01    2.2300E-04
2.0632E+00  8.0395E-01 2.7577E+02    5.5640E-03    1.6467E-08    7.7346E-01   -1.6059E+00    3.7281E+01    2.2300E-04
1.6714E+00  8.4323E-01 2.7802E+02    6.4479E-03    1.5424E-08    7.4838E-01   -1.5218E+00    3.9514E+01    2.2300E-04
1.2867E+00  8.8331E-01 2.8018E+02    7.5813E-03    1.4580E-08    7.3731E-01   -1.5471E+00    4.1747E+01    2.2300E-04
9.0956E-01  9.2413E-01 2.8223E+02    8.6762E-03    1.3882E-08    7.2278E-01   -1.6206E+00    4.3953E+01    2.2300E-04
5.4022E-01  9.6562E-01 2.8419E+02    9.9183E-03    1.3345E-08    7.2293E-01   -1.8409E+00    4.6152E+01    2.2300E-04
1.7891E-01  1.0077E+00 2.8605E+02    1.1258E-02    1.2917E-08    7.4015E-01   -2.0846E+00    4.8314E+01    2.2300E-04
0.0000E+00  1.0291E+00 2.8699E+02    1.1932E-02    1.3000E-08    7.8793E+00   -3.4753E+00    4.9429E+01    2.2300E-04
