     ALT          P          T          FH2O           O3           THEAT        TCOOL        PSATCO2        FCO2
7.3826E+01  3.2610E-05 2.2612E+02    4.5010E-06    1.3223E-07    3.7411E+01   -7.6293E+01    7.6891E+00    2.2200E-04
7.2685E+01  3.8506E-05 2.2753E+02    4.6818E-06    1.7009E-07    5.4016E+00   -4.8498E+01    8.1258E+00    2.2200E-04
7.1546E+01  4.5411E-05 2.2901E+02    4.8413E-06    2.1517E-07    2.9447E+00   -3.0128E+01    8.6020E+00    2.2200E-04
7.0409E+01  5.3486E-05 2.3056E+02    4.9834E-06    2.6545E-07    2.9430E+00   -1.8711E+01    9.1236E+00    2.2200E-04
6.9273E+01  6.2919E-05 2.3217E+02    5.1098E-06    3.1692E-07    3.1695E+00   -1.2122E+01    9.6915E+00    2.2200E-04
6.8139E+01  7.3921E-05 2.3384E+02    5.2233E-06    3.6925E-07    3.4156E+00   -8.5919E+00    1.0304E+01    2.2200E-04
6.7005E+01  8.6738E-05 2.3554E+02    5.3267E-06    4.2518E-07    3.6796E+00   -6.8393E+00    1.0960E+01    2.2200E-04
6.5873E+01  1.0165E-04 2.3726E+02    5.4140E-06    4.8627E-07    3.9712E+00   -6.0392E+00    1.1656E+01    2.2200E-04
6.4742E+01  1.1897E-04 2.3900E+02    5.4925E-06    5.5498E-07    4.3130E+00   -5.7592E+00    1.2389E+01    2.2200E-04
6.3612E+01  1.3907E-04 2.4074E+02    5.5697E-06    6.3113E-07    4.6912E+00   -5.7385E+00    1.3157E+01    2.2200E-04
6.2484E+01  1.6237E-04 2.4248E+02    5.6316E-06    7.1544E-07    5.1041E+00   -5.8436E+00    1.3956E+01    2.2200E-04
6.1357E+01  1.8932E-04 2.4420E+02    5.6867E-06    8.0799E-07    5.5472E+00   -6.0152E+00    1.4785E+01    2.2200E-04
6.0232E+01  2.2048E-04 2.4590E+02    5.7418E-06    9.1012E-07    6.0176E+00   -6.2288E+00    1.5641E+01    2.2200E-04
5.9109E+01  2.5643E-04 2.4759E+02    5.7867E-06    1.0197E-06    6.4990E+00   -6.4659E+00    1.6524E+01    2.2200E-04
5.7988E+01  2.9787E-04 2.4927E+02    5.8216E-06    1.1443E-06    7.0090E+00   -6.7218E+00    1.7433E+01    2.2200E-04
5.6869E+01  3.4558E-04 2.5092E+02    5.8582E-06    1.2788E-06    7.5138E+00   -6.9806E+00    1.8370E+01    2.2200E-04
5.5753E+01  4.0042E-04 2.5257E+02    5.8905E-06    1.4234E-06    7.9998E+00   -7.2379E+00    1.9334E+01    2.2200E-04
5.4640E+01  4.6337E-04 2.5420E+02    5.9128E-06    1.5917E-06    8.4960E+00   -7.5009E+00    2.0327E+01    2.2200E-04
5.3529E+01  5.3555E-04 2.5582E+02    5.9350E-06    1.7743E-06    8.9464E+00   -7.7615E+00    2.1350E+01    2.2200E-04
5.2422E+01  6.1819E-04 2.5743E+02    5.9500E-06    1.9809E-06    9.3571E+00   -8.0129E+00    2.2403E+01    2.2200E-04
5.1318E+01  7.1269E-04 2.5903E+02    5.9600E-06    2.2113E-06    9.6983E+00   -8.2501E+00    2.3489E+01    2.2200E-04
5.0217E+01  8.2060E-04 2.6062E+02    5.9700E-06    2.4559E-06    9.9197E+00   -8.4698E+00    2.4607E+01    2.2200E-04
4.9120E+01  9.4365E-04 2.6221E+02    5.9700E-06    2.7309E-06    1.0044E+01   -8.7266E+00    2.5760E+01    2.2200E-04
4.8027E+01  1.0838E-03 2.6389E+02    5.9600E-06    3.0154E-06    1.0018E+01   -9.0616E+00    2.7018E+01    2.2200E-04
4.6937E+01  1.2432E-03 2.6532E+02    5.9500E-06    3.3257E-06    9.8672E+00   -9.2934E+00    2.8132E+01    2.2200E-04
4.5853E+01  1.4242E-03 2.6617E+02    5.9314E-06    3.6567E-06    9.5781E+00   -9.2712E+00    2.8804E+01    2.2200E-04
4.4777E+01  1.6295E-03 2.6630E+02    5.8998E-06    4.0214E-06    9.1782E+00   -8.9978E+00    2.8907E+01    2.2200E-04
4.3713E+01  1.8621E-03 2.6571E+02    5.8572E-06    4.3730E-06    8.6268E+00   -8.5244E+00    2.8440E+01    2.2200E-04
4.2663E+01  2.1252E-03 2.6450E+02    5.8029E-06    4.7176E-06    7.9931E+00   -7.9373E+00    2.7487E+01    2.2200E-04
4.1629E+01  2.4224E-03 2.6277E+02    5.7408E-06    5.0224E-06    7.3098E+00   -7.3021E+00    2.6173E+01    2.2200E-04
4.0612E+01  2.7577E-03 2.6066E+02    5.6764E-06    5.2903E-06    6.6416E+00   -6.6685E+00    2.4636E+01    2.2200E-04
3.9615E+01  3.1355E-03 2.5830E+02    5.5966E-06    5.5098E-06    6.0184E+00   -6.0610E+00    2.2990E+01    2.2200E-04
3.8637E+01  3.5605E-03 2.5577E+02    5.5155E-06    5.6830E-06    5.4604E+00   -5.4987E+00    2.1320E+01    2.2200E-04
3.7678E+01  4.0381E-03 2.5314E+02    5.4297E-06    5.8223E-06    4.9749E+00   -4.9940E+00    1.9678E+01    2.2200E-04
3.6740E+01  4.5739E-03 2.5044E+02    5.3358E-06    5.9341E-06    4.5534E+00   -4.5519E+00    1.8091E+01    2.2200E-04
3.5821E+01  5.1743E-03 2.4769E+02    5.2440E-06    6.0260E-06    4.1846E+00   -4.1655E+00    1.6577E+01    2.2200E-04
3.4921E+01  5.8461E-03 2.4493E+02    5.1369E-06    6.0915E-06    3.8517E+00   -3.8271E+00    1.5148E+01    2.2200E-04
3.4042E+01  6.5968E-03 2.4218E+02    5.0413E-06    6.1443E-06    3.5498E+00   -3.5254E+00    1.3817E+01    2.2200E-04
3.3181E+01  7.4345E-03 2.3947E+02    4.9381E-06    6.1700E-06    3.2665E+00   -3.2448E+00    1.2594E+01    2.2200E-04
3.2340E+01  8.3681E-03 2.3685E+02    4.8372E-06    6.1524E-06    2.9937E+00   -2.9764E+00    1.1488E+01    2.2200E-04
3.1516E+01  9.4071E-03 2.3436E+02    4.7383E-06    6.0936E-06    2.7320E+00   -2.7198E+00    1.0505E+01    2.2200E-04
3.0710E+01  1.0562E-02 2.3205E+02    4.6317E-06    5.9775E-06    2.4787E+00   -2.5047E+00    9.6484E+00    2.2200E-04
2.9920E+01  1.1843E-02 2.2994E+02    4.5369E-06    5.8138E-06    2.2388E+00   -2.2484E+00    8.9124E+00    2.2200E-04
2.9146E+01  1.3263E-02 2.2803E+02    4.4441E-06    5.5975E-06    2.0138E+00   -2.0082E+00    8.2835E+00    2.2200E-04
2.8386E+01  1.4835E-02 2.2630E+02    4.3531E-06    5.3391E-06    1.8072E+00   -1.7871E+00    7.7449E+00    2.2200E-04
2.7641E+01  1.6572E-02 2.2474E+02    4.2638E-06    5.0427E-06    1.6204E+00   -1.5875E+00    7.2796E+00    2.2200E-04
2.6910E+01  1.8489E-02 2.2330E+02    4.1761E-06    4.7210E-06    1.4545E+00   -1.4104E+00    6.8718E+00    2.2200E-04
2.6191E+01  2.0602E-02 2.2197E+02    4.0900E-06    4.3795E-06    1.3083E+00   -1.2557E+00    6.5082E+00    2.2200E-04
2.5486E+01  2.2927E-02 2.2071E+02    4.0054E-06    4.0403E-06    1.1820E+00   -1.1219E+00    6.1783E+00    2.2200E-04
2.4792E+01  2.5483E-02 2.1950E+02    3.9224E-06    3.6998E-06    1.0709E+00   -1.0058E+00    5.8741E+00    2.2200E-04
2.4111E+01  2.8288E-02 2.1833E+02    3.8407E-06    3.3680E-06    9.7214E-01   -9.0351E-01    5.5907E+00    2.2200E-04
2.3441E+01  3.1362E-02 2.1720E+02    3.7671E-06    3.0404E-06    8.8170E-01   -8.1212E-01    5.3249E+00    2.2200E-04
2.2784E+01  3.4727E-02 2.1609E+02    3.6918E-06    2.7368E-06    7.9942E-01   -7.2757E-01    5.0216E+00    2.2200E-04
2.2138E+01  3.8404E-02 2.1502E+02    3.6170E-06    2.4410E-06    7.2127E-01   -6.4980E-01    4.6747E+00    2.2200E-04
2.1503E+01  4.2417E-02 2.1399E+02    3.5483E-06    2.1670E-06    6.4825E-01   -5.7794E-01    4.3614E+00    2.2200E-04
2.0879E+01  4.6790E-02 2.1302E+02    3.4814E-06    1.9140E-06    5.8003E-01   -5.1128E-01    4.0814E+00    2.2200E-04
2.0266E+01  5.1549E-02 2.1211E+02    3.4103E-06    1.6810E-06    5.1652E-01   -4.4899E-01    3.8341E+00    2.2200E-04
1.9664E+01  5.6720E-02 2.1127E+02    3.3501E-06    1.4650E-06    4.5773E-01   -3.9132E-01    3.6184E+00    2.2200E-04
1.9072E+01  6.2331E-02 2.1052E+02    3.2910E-06    1.2671E-06    4.0412E-01   -3.3718E-01    3.4325E+00    2.2200E-04
1.8490E+01  6.8412E-02 2.0985E+02    3.2329E-06    1.0808E-06    3.5533E-01   -2.8800E-01    3.2741E+00    2.2200E-04
1.7918E+01  7.4991E-02 2.0926E+02    3.1827E-06    9.1591E-07    3.1293E-01   -2.4308E-01    3.1402E+00    2.2200E-04
1.7355E+01  8.2099E-02 2.0874E+02    3.1378E-06    7.7041E-07    2.7659E-01   -2.0383E-01    3.0280E+00    2.2200E-04
1.6801E+01  8.9767E-02 2.0831E+02    3.0936E-06    6.3974E-07    2.4534E-01   -1.7288E-01    2.9349E+00    2.2200E-04
1.6256E+01  9.8028E-02 2.0794E+02    3.0501E-06    5.2328E-07    2.1867E-01   -1.5135E-01    2.8589E+00    2.2200E-04
1.5720E+01  1.0691E-01 2.0764E+02    3.0280E-06    4.2295E-07    1.9532E-01   -1.0735E-01    2.7973E+00    2.2200E-04
1.5193E+01  1.1646E-01 2.0740E+02    2.9976E-06    3.3791E-07    1.7562E-01   -9.6178E-02    2.7495E+00    2.2200E-04
1.4674E+01  1.2670E-01 2.0723E+02    2.9769E-06    2.6805E-07    1.5955E-01   -9.0059E-02    2.7167E+00    2.2200E-04
1.4163E+01  1.3766E-01 2.0716E+02    2.9582E-06    2.1025E-07    1.4622E-01   -8.8141E-02    2.7015E+00    2.2200E-04
1.3660E+01  1.4939E-01 2.0719E+02    2.9464E-06    1.6221E-07    1.3522E-01   -8.9015E-02    2.7073E+00    2.2200E-04
1.3164E+01  1.6190E-01 2.0734E+02    2.9300E-06    1.2599E-07    1.2662E-01   -8.8627E-02    2.7369E+00    2.2200E-04
1.2676E+01  1.7525E-01 2.0761E+02    2.9343E-06    1.0120E-07    1.2038E-01   -8.4838E-02    2.7908E+00    2.2200E-04
1.2195E+01  1.8946E-01 2.0799E+02    2.9841E-06    8.4449E-08    1.1631E-01   -7.9303E-02    2.8683E+00    2.2200E-04
1.1721E+01  2.0456E-01 2.0846E+02    3.6238E-06    7.1649E-08    1.1605E-01   -8.7500E-02    2.9669E+00    2.2200E-04
1.1254E+01  2.2059E-01 2.0898E+02    4.0981E-06    6.2248E-08    1.1580E-01   -5.6052E-02    3.0800E+00    2.2200E-04
1.0793E+01  2.3757E-01 2.0952E+02    4.6613E-06    5.6831E-08    1.1672E-01   -5.9184E-02    3.1994E+00    2.2200E-04
1.0338E+01  2.5554E-01 2.1127E+02    5.9765E-06    5.3435E-08    1.2158E-01   -7.2989E-02    3.6180E+00    2.2200E-04
9.8874E+00  2.7452E-01 2.1288E+02    7.4911E-06    5.0708E-08    1.2877E-01   -1.8026E-01    4.0441E+00    2.2200E-04
9.4383E+00  2.9454E-01 2.1725E+02    1.3445E-05    4.8349E-08    1.5566E-01   -5.6471E-01    5.3377E+00    2.2200E-04
8.9883E+00  3.1562E-01 2.2161E+02    2.3528E-05    4.6096E-08    1.9608E-01   -9.6941E-01    6.4119E+00    2.2200E-04
8.5379E+00  3.3778E-01 2.2593E+02    4.0135E-05    4.3842E-08    2.4909E-01   -1.3757E+00    7.6326E+00    2.2200E-04
8.0874E+00  3.6104E-01 2.3021E+02    6.6724E-05    4.1622E-08    3.1220E-01   -1.7387E+00    9.0035E+00    2.2200E-04
7.6373E+00  3.8542E-01 2.3441E+02    1.0802E-04    3.9463E-08    3.8004E-01   -2.0129E+00    1.0523E+01    2.2200E-04
7.1881E+00  4.1093E-01 2.3852E+02    1.7012E-04    3.7309E-08    4.5064E-01   -2.1960E+00    1.2184E+01    2.2200E-04
6.7402E+00  4.3758E-01 2.4251E+02    2.6044E-04    3.5166E-08    5.2705E-01   -2.3127E+00    1.3972E+01    2.2200E-04
6.2941E+00  4.6536E-01 2.4635E+02    3.8738E-04    3.3108E-08    6.0375E-01   -2.3514E+00    1.5870E+01    2.2200E-04
5.8506E+00  4.9429E-01 2.5002E+02    5.5983E-04    3.1140E-08    6.6657E-01   -2.3491E+00    1.7855E+01    2.2200E-04
5.4100E+00  5.2435E-01 2.5351E+02    7.8657E-04    2.9195E-08    7.1034E-01   -2.3240E+00    1.9904E+01    2.2200E-04
4.9731E+00  5.5554E-01 2.5681E+02    1.0757E-03    2.7268E-08    7.4208E-01   -2.3017E+00    2.1994E+01    2.2200E-04
4.5404E+00  5.8784E-01 2.5992E+02    1.4343E-03    2.5405E-08    7.6773E-01   -2.2517E+00    2.4107E+01    2.2200E-04
4.1123E+00  6.2124E-01 2.6284E+02    1.8683E-03    2.3638E-08    7.8645E-01   -2.1850E+00    2.6227E+01    2.2200E-04
3.6895E+00  6.5571E-01 2.6559E+02    2.3824E-03    2.1979E-08    7.9553E-01   -2.1140E+00    2.8340E+01    2.2200E-04
3.2724E+00  6.9122E-01 2.6817E+02    2.9802E-03    2.0481E-08    7.9564E-01   -2.0115E+00    3.0437E+01    2.2200E-04
2.8613E+00  7.2773E-01 2.7059E+02    3.6644E-03    1.9069E-08    7.8993E-01   -1.8519E+00    3.2512E+01    2.2200E-04
2.4568E+00  7.6521E-01 2.7288E+02    4.4367E-03    1.7747E-08    7.8120E-01   -1.7043E+00    3.4560E+01    2.2200E-04
2.0589E+00  8.0360E-01 2.7528E+02    5.3765E-03    1.6593E-08    7.7556E-01   -1.6203E+00    3.6810E+01    2.2200E-04
1.6679E+00  8.4286E-01 2.7755E+02    6.2673E-03    1.5615E-08    7.5304E-01   -1.5308E+00    3.9039E+01    2.2200E-04
1.2841E+00  8.8292E-01 2.7973E+02    7.3453E-03    1.4773E-08    7.3932E-01   -1.5378E+00    4.1273E+01    2.2200E-04
9.0773E-01  9.2372E-01 2.8179E+02    8.4487E-03    1.4078E-08    7.2584E-01   -1.6070E+00    4.3476E+01    2.2200E-04
5.3914E-01  9.6518E-01 2.8377E+02    9.6197E-03    1.3501E-08    7.2255E-01   -1.8096E+00    4.5670E+01    2.2200E-04
1.7856E-01  1.0072E+00 2.8564E+02    1.0970E-02    1.3003E-08    7.4123E-01   -2.0590E+00    4.7832E+01    2.2200E-04
0.0000E+00  1.0286E+00 2.8659E+02    1.1648E-02    1.3100E-08    7.8962E+00   -3.5078E+00    4.8945E+01    2.2200E-04
