     ALT          P          T          FH2O           O3           THEAT        TCOOL        PSATCO2        FCO2
7.3826E+01  3.2610E-05 2.2556E+02    5.2144E-06    1.2573E-07    3.7303E+01   -7.5371E+01    7.5212E+00    2.2000E-04
7.2688E+01  3.8505E-05 2.2696E+02    5.4196E-06    1.6307E-07    5.4200E+00   -4.8364E+01    7.9486E+00    2.2000E-04
7.1553E+01  4.5410E-05 2.2844E+02    5.6012E-06    2.0660E-07    2.9128E+00   -3.0360E+01    8.4152E+00    2.2000E-04
7.0419E+01  5.3485E-05 2.2998E+02    5.7661E-06    2.5429E-07    2.8897E+00   -1.9110E+01    8.9266E+00    2.2000E-04
6.9287E+01  6.2917E-05 2.3159E+02    5.9147E-06    3.0428E-07    3.1071E+00   -1.2584E+01    9.4839E+00    2.2000E-04
6.8155E+01  7.3919E-05 2.3325E+02    6.0393E-06    3.5437E-07    3.3424E+00   -9.0363E+00    1.0086E+01    2.2000E-04
6.7025E+01  8.6735E-05 2.3495E+02    6.1523E-06    4.0900E-07    3.5996E+00   -7.2410E+00    1.0730E+01    2.2000E-04
6.5896E+01  1.0164E-04 2.3667E+02    6.2582E-06    4.6858E-07    3.8843E+00   -6.4035E+00    1.1414E+01    2.2000E-04
6.4768E+01  1.1897E-04 2.3841E+02    6.3485E-06    5.3578E-07    4.2186E+00   -6.0814E+00    1.2136E+01    2.2000E-04
6.3642E+01  1.3907E-04 2.4015E+02    6.4286E-06    6.0956E-07    4.5857E+00   -6.0149E+00    1.2892E+01    2.2000E-04
6.2517E+01  1.6236E-04 2.4188E+02    6.5040E-06    6.9189E-07    4.9901E+00   -6.0794E+00    1.3679E+01    2.2000E-04
6.1393E+01  1.8931E-04 2.4360E+02    6.5714E-06    7.8272E-07    5.4268E+00   -6.2095E+00    1.4496E+01    2.2000E-04
6.0271E+01  2.2046E-04 2.4531E+02    6.6287E-06    8.8298E-07    5.8915E+00   -6.3767E+00    1.5340E+01    2.2000E-04
5.9151E+01  2.5641E-04 2.4700E+02    6.6839E-06    9.9129E-07    6.3701E+00   -6.5711E+00    1.6212E+01    2.2000E-04
5.8033E+01  2.9785E-04 2.4868E+02    6.7287E-06    1.1114E-06    6.8648E+00   -6.7832E+00    1.7109E+01    2.2000E-04
5.6918E+01  3.4555E-04 2.5034E+02    6.7633E-06    1.2395E-06    7.3531E+00   -7.0027E+00    1.8034E+01    2.2000E-04
5.5805E+01  4.0038E-04 2.5198E+02    6.7989E-06    1.3922E-06    7.8773E+00   -7.2213E+00    1.8986E+01    2.2000E-04
5.4694E+01  4.6333E-04 2.5361E+02    6.8311E-06    1.5487E-06    8.3453E+00   -7.4444E+00    1.9967E+01    2.2000E-04
5.3587E+01  5.3550E-04 2.5523E+02    6.8533E-06    1.7357E-06    8.8240E+00   -7.6720E+00    2.0976E+01    2.2000E-04
5.2483E+01  6.1813E-04 2.5684E+02    6.8753E-06    1.9376E-06    9.2370E+00   -7.8937E+00    2.2017E+01    2.2000E-04
5.1382E+01  7.1261E-04 2.5844E+02    6.8974E-06    2.1633E-06    9.5838E+00   -8.1059E+00    2.3088E+01    2.2000E-04
5.0284E+01  8.2050E-04 2.6004E+02    6.9000E-06    2.4124E-06    9.8397E+00   -8.3040E+00    2.4192E+01    2.2000E-04
4.9190E+01  9.4354E-04 2.6162E+02    6.9100E-06    2.6855E-06    9.9832E+00   -8.5347E+00    2.5330E+01    2.2000E-04
4.8099E+01  1.0837E-03 2.6327E+02    6.9100E-06    2.9788E-06    9.9974E+00   -8.8612E+00    2.6553E+01    2.2000E-04
4.7012E+01  1.2430E-03 2.6477E+02    6.8952E-06    3.2907E-06    9.8653E+00   -9.1295E+00    2.7702E+01    2.2000E-04
4.5931E+01  1.4240E-03 2.6575E+02    6.8836E-06    3.6216E-06    9.5843E+00   -9.1684E+00    2.8471E+01    2.2000E-04
4.4857E+01  1.6293E-03 2.6601E+02    6.8521E-06    3.9733E-06    9.1712E+00   -8.9436E+00    2.8678E+01    2.2000E-04
4.3794E+01  1.8618E-03 2.6553E+02    6.8117E-06    4.3259E-06    8.6295E+00   -8.5080E+00    2.8299E+01    2.2000E-04
4.2745E+01  2.1249E-03 2.6440E+02    6.7696E-06    4.6719E-06    8.0046E+00   -7.9450E+00    2.7410E+01    2.2000E-04
4.1711E+01  2.4221E-03 2.6272E+02    6.7076E-06    4.9902E-06    7.3351E+00   -7.3235E+00    2.6139E+01    2.2000E-04
4.0695E+01  2.7573E-03 2.6065E+02    6.6455E-06    5.2532E-06    6.6590E+00   -6.6935E+00    2.4627E+01    2.2000E-04
3.9698E+01  3.1350E-03 2.5831E+02    6.5758E-06    5.4805E-06    6.0375E+00   -6.0901E+00    2.2995E+01    2.2000E-04
3.8720E+01  3.5599E-03 2.5579E+02    6.4969E-06    5.6649E-06    5.4820E+00   -5.5296E+00    2.1332E+01    2.2000E-04
3.7762E+01  4.0374E-03 2.5316E+02    6.4109E-06    5.8084E-06    4.9937E+00   -5.0242E+00    1.9693E+01    2.2000E-04
3.6824E+01  4.5731E-03 2.5047E+02    6.3172E-06    5.9212E-06    4.5682E+00   -4.5807E+00    1.8110E+01    2.2000E-04
3.5905E+01  5.1733E-03 2.4774E+02    6.2254E-06    6.0146E-06    4.1972E+00   -4.1934E+00    1.6600E+01    2.2000E-04
3.5006E+01  5.8450E-03 2.4499E+02    6.1205E-06    6.0896E-06    3.8659E+00   -3.8555E+00    1.5176E+01    2.2000E-04
3.4127E+01  6.5955E-03 2.4225E+02    6.0250E-06    6.1450E-06    3.5630E+00   -3.5544E+00    1.3850E+01    2.2000E-04
3.3266E+01  7.4331E-03 2.3956E+02    5.9218E-06    6.1697E-06    3.2777E+00   -3.2749E+00    1.2634E+01    2.2000E-04
3.2424E+01  8.3665E-03 2.3697E+02    5.8207E-06    6.1569E-06    3.0049E+00   -3.0084E+00    1.1536E+01    2.2000E-04
3.1601E+01  9.4052E-03 2.3452E+02    5.7218E-06    6.0949E-06    2.7415E+00   -2.7537E+00    1.0563E+01    2.2000E-04
3.0794E+01  1.0560E-02 2.3224E+02    5.6251E-06    5.9868E-06    2.4893E+00   -2.5404E+00    9.7168E+00    2.2000E-04
3.0004E+01  1.1841E-02 2.3017E+02    5.5252E-06    5.8153E-06    2.2469E+00   -2.2859E+00    8.9926E+00    2.2000E-04
2.9229E+01  1.3260E-02 2.2832E+02    5.4273E-06    5.6023E-06    2.0217E+00   -2.0481E+00    8.3767E+00    2.2000E-04
2.8469E+01  1.4832E-02 2.2665E+02    5.3360E-06    5.3376E-06    1.8135E+00   -1.8297E+00    7.8522E+00    2.2000E-04
2.7723E+01  1.6568E-02 2.2516E+02    5.2466E-06    5.0473E-06    1.6272E+00   -1.6330E+00    7.4017E+00    2.2000E-04
2.6990E+01  1.8485E-02 2.2379E+02    5.1586E-06    4.7185E-06    1.4597E+00   -1.4590E+00    7.0095E+00    2.2000E-04
2.6271E+01  2.0597E-02 2.2254E+02    5.0723E-06    4.3789E-06    1.3135E+00   -1.3076E+00    6.6620E+00    2.2000E-04
2.5563E+01  2.2922E-02 2.2137E+02    4.9873E-06    4.0379E-06    1.1866E+00   -1.1771E+00    6.3483E+00    2.2000E-04
2.4868E+01  2.5477E-02 2.2025E+02    4.9039E-06    3.6966E-06    1.0752E+00   -1.0644E+00    6.0601E+00    2.2000E-04
2.4184E+01  2.8281E-02 2.1917E+02    4.8219E-06    3.3652E-06    9.7646E-01   -9.6535E-01    5.7921E+00    2.2000E-04
2.3512E+01  3.1355E-02 2.1813E+02    4.7412E-06    3.0378E-06    8.8585E-01   -8.7672E-01    5.5409E+00    2.2000E-04
2.2852E+01  3.4718E-02 2.1711E+02    4.6620E-06    2.7266E-06    8.0248E-01   -7.9552E-01    5.3052E+00    2.2000E-04
2.2203E+01  3.8394E-02 2.1613E+02    4.5941E-06    2.4388E-06    7.2564E-01   -7.2020E-01    5.0350E+00    2.2000E-04
2.1565E+01  4.2406E-02 2.1519E+02    4.5175E-06    2.1692E-06    6.5332E-01   -6.4965E-01    4.7289E+00    2.2000E-04
2.0938E+01  4.6778E-02 2.1430E+02    4.4423E-06    1.9121E-06    5.8437E-01   -5.8489E-01    4.4539E+00    2.2000E-04
2.0321E+01  5.1535E-02 2.1347E+02    4.3770E-06    1.6753E-06    5.2030E-01   -5.2498E-01    4.2102E+00    2.2000E-04
1.9715E+01  5.6705E-02 2.1271E+02    4.3156E-06    1.4670E-06    4.6246E-01   -4.6729E-01    3.9971E+00    2.2000E-04
1.9119E+01  6.2315E-02 2.1203E+02    4.2467E-06    1.2657E-06    4.0832E-01   -4.1383E-01    3.8133E+00    2.2000E-04
1.8533E+01  6.8393E-02 2.1142E+02    4.1881E-06    1.0815E-06    3.5967E-01   -3.6436E-01    3.6568E+00    2.2000E-04
1.7957E+01  7.4970E-02 2.1090E+02    4.1364E-06    9.1586E-07    3.1703E-01   -3.1903E-01    3.5250E+00    2.2000E-04
1.7390E+01  8.2076E-02 2.1044E+02    4.0838E-06    7.6965E-07    2.8044E-01   -2.7850E-01    3.4147E+00    2.2000E-04
1.6832E+01  8.9742E-02 2.1006E+02    4.0364E-06    6.3920E-07    2.4914E-01   -2.4550E-01    3.3232E+00    2.2000E-04
1.6283E+01  9.8000E-02 2.0973E+02    4.0019E-06    5.2397E-07    2.2263E-01   -2.2134E-01    3.2482E+00    2.2000E-04
1.5742E+01  1.0688E-01 2.0946E+02    3.9695E-06    4.2338E-07    1.9914E-01   -1.7584E-01    3.1868E+00    2.2000E-04
1.5210E+01  1.1643E-01 2.0925E+02    3.9384E-06    3.3787E-07    1.7927E-01   -1.6052E-01    3.1380E+00    2.2000E-04
1.4687E+01  1.2666E-01 2.0909E+02    3.9174E-06    2.6792E-07    1.6307E-01   -1.5037E-01    3.1030E+00    2.2000E-04
1.4172E+01  1.3762E-01 2.0901E+02    3.8968E-06    2.1037E-07    1.4973E-01   -1.4431E-01    3.0851E+00    2.2000E-04
1.3664E+01  1.4934E-01 2.0902E+02    3.8783E-06    1.6229E-07    1.3863E-01   -1.4132E-01    3.0876E+00    2.2000E-04
1.3165E+01  1.6185E-01 2.0913E+02    3.8683E-06    1.2511E-07    1.2989E-01   -1.3808E-01    3.1133E+00    2.2000E-04
1.2673E+01  1.7520E-01 2.0937E+02    3.8600E-06    1.0097E-07    1.2361E-01   -1.3112E-01    3.1647E+00    2.2000E-04
1.2188E+01  1.8940E-01 2.0971E+02    3.8892E-06    8.4141E-08    1.1919E-01   -1.2321E-01    3.2435E+00    2.2000E-04
1.1710E+01  2.0450E-01 2.1016E+02    4.1569E-06    7.1324E-08    1.1702E-01   -1.2091E-01    3.3481E+00    2.2000E-04
1.1239E+01  2.2052E-01 2.1063E+02    5.0165E-06    6.1871E-08    1.1831E-01   -1.2185E-01    3.4605E+00    2.2000E-04
1.0775E+01  2.3749E-01 2.1130E+02    5.7021E-06    5.6574E-08    1.2035E-01   -1.0752E-01    3.6243E+00    2.2000E-04
1.0317E+01  2.5545E-01 2.1205E+02    6.6884E-06    5.3172E-08    1.2222E-01   -6.7872E-02    3.8178E+00    2.2000E-04
9.8654E+00  2.7443E-01 2.1337E+02    8.0050E-06    5.0533E-08    1.2730E-01   -1.2106E-01    4.1815E+00    2.2000E-04
9.4165E+00  2.9444E-01 2.1671E+02    1.2528E-05    4.8219E-08    1.4663E-01   -4.0296E-01    5.2134E+00    2.2000E-04
8.9679E+00  3.1551E-01 2.2105E+02    2.1953E-05    4.5974E-08    1.8373E-01   -8.1706E-01    6.2662E+00    2.2000E-04
8.5188E+00  3.3767E-01 2.2537E+02    3.7518E-05    4.3775E-08    2.3476E-01   -1.2410E+00    7.4645E+00    2.2000E-04
8.0697E+00  3.6092E-01 2.2964E+02    6.2499E-05    4.1619E-08    2.9691E-01   -1.6297E+00    8.8119E+00    2.2000E-04
7.6208E+00  3.8529E-01 2.3384E+02    1.0141E-04    3.9466E-08    3.6483E-01   -1.9320E+00    1.0307E+01    2.2000E-04
7.1728E+00  4.1079E-01 2.3796E+02    1.6011E-04    3.7336E-08    4.3575E-01   -2.1371E+00    1.1945E+01    2.2000E-04
6.7262E+00  4.3743E-01 2.4195E+02    2.4581E-04    3.5287E-08    5.1222E-01   -2.2711E+00    1.3712E+01    2.2000E-04
6.2813E+00  4.6520E-01 2.4580E+02    3.6677E-04    3.3240E-08    5.9001E-01   -2.3233E+00    1.5590E+01    2.2000E-04
5.8389E+00  4.9412E-01 2.4949E+02    5.3179E-04    3.1281E-08    6.5536E-01   -2.3274E+00    1.7559E+01    2.2000E-04
5.3995E+00  5.2417E-01 2.5300E+02    7.4968E-04    2.9341E-08    7.0161E-01   -2.3075E+00    1.9596E+01    2.2000E-04
4.9636E+00  5.5534E-01 2.5632E+02    1.0286E-03    2.7478E-08    7.3478E-01   -2.2885E+00    2.1678E+01    2.2000E-04
4.5318E+00  5.8764E-01 2.5945E+02    1.3759E-03    2.5663E-08    7.6145E-01   -2.2441E+00    2.3785E+01    2.2000E-04
4.1047E+00  6.2102E-01 2.6240E+02    1.7976E-03    2.3902E-08    7.8148E-01   -2.1798E+00    2.5901E+01    2.2000E-04
3.6828E+00  6.5548E-01 2.6517E+02    2.2985E-03    2.2235E-08    7.9207E-01   -2.1120E+00    2.8012E+01    2.2000E-04
3.2665E+00  6.9097E-01 2.6777E+02    2.8825E-03    2.0660E-08    7.9344E-01   -2.0167E+00    3.0109E+01    2.2000E-04
2.8562E+00  7.2747E-01 2.7022E+02    3.5523E-03    1.9249E-08    7.8864E-01   -1.8670E+00    3.2185E+01    2.2000E-04
2.4524E+00  7.6493E-01 2.7252E+02    4.3096E-03    1.7992E-08    7.8065E-01   -1.7158E+00    3.4234E+01    2.2000E-04
2.0553E+00  8.0331E-01 2.7489E+02    5.2262E-03    1.6841E-08    7.7538E-01   -1.6211E+00    3.6436E+01    2.2000E-04
1.6650E+00  8.4255E-01 2.7717E+02    6.1228E-03    1.5807E-08    7.5520E-01   -1.5341E+00    3.8662E+01    2.2000E-04
1.2819E+00  8.8260E-01 2.7936E+02    7.1551E-03    1.4968E-08    7.3959E-01   -1.5283E+00    4.0894E+01    2.2000E-04
9.0618E-01  9.2338E-01 2.8144E+02    8.2654E-03    1.4275E-08    7.2742E-01   -1.5952E+00    4.3095E+01    2.2000E-04
5.3823E-01  9.6483E-01 2.8342E+02    9.3775E-03    1.3699E-08    7.2144E-01   -1.7833E+00    4.5282E+01    2.2000E-04
1.7826E-01  1.0069E+00 2.8531E+02    1.0737E-02    1.3202E-08    7.4158E-01   -2.0377E+00    4.7444E+01    2.2000E-04
0.0000E+00  1.0283E+00 2.8626E+02    1.1418E-02    1.3300E-08    7.9084E+00   -3.5337E+00    4.8555E+01    2.2000E-04
