     ALT          P          T          FH2O           O3           THEAT        TCOOL        PSATCO2        FCO2
7.3823E+01  3.2610E-05 2.2553E+02    5.2363E-06    1.2578E-07    3.7303E+01   -7.5356E+01    7.5136E+00    2.2000E-04
7.2686E+01  3.8505E-05 2.2694E+02    5.4498E-06    1.6223E-07    5.4166E+00   -4.8335E+01    7.9407E+00    2.2000E-04
7.1550E+01  4.5410E-05 2.2841E+02    5.6314E-06    2.0603E-07    2.9100E+00   -3.0368E+01    8.4068E+00    2.2000E-04
7.0417E+01  5.3485E-05 2.2995E+02    5.7962E-06    2.5371E-07    2.8869E+00   -1.9130E+01    8.9178E+00    2.2000E-04
6.9284E+01  6.2917E-05 2.3156E+02    5.9356E-06    3.0334E-07    3.1027E+00   -1.2593E+01    9.4745E+00    2.2000E-04
6.8153E+01  7.3919E-05 2.3322E+02    6.0694E-06    3.5425E-07    3.3415E+00   -9.0525E+00    1.0076E+01    2.2000E-04
6.7023E+01  8.6735E-05 2.3492E+02    6.1824E-06    4.0805E-07    3.5955E+00   -7.2570E+00    1.0720E+01    2.2000E-04
6.5894E+01  1.0164E-04 2.3665E+02    6.2883E-06    4.6794E-07    3.8811E+00   -6.4145E+00    1.1403E+01    2.2000E-04
6.4767E+01  1.1897E-04 2.3838E+02    6.3785E-06    5.3483E-07    4.2141E+00   -6.0902E+00    1.2124E+01    2.2000E-04
6.3640E+01  1.3907E-04 2.4012E+02    6.4586E-06    6.0862E-07    4.5814E+00   -6.0232E+00    1.2880E+01    2.2000E-04
6.2515E+01  1.6236E-04 2.4185E+02    6.5340E-06    6.9148E-07    4.9881E+00   -6.0865E+00    1.3666E+01    2.2000E-04
6.1392E+01  1.8931E-04 2.4358E+02    6.6014E-06    7.8176E-07    5.4226E+00   -6.2146E+00    1.4483E+01    2.2000E-04
6.0270E+01  2.2046E-04 2.4528E+02    6.6587E-06    8.8202E-07    5.8872E+00   -6.3805E+00    1.5326E+01    2.2000E-04
5.9150E+01  2.5641E-04 2.4698E+02    6.7140E-06    9.9051E-07    6.3672E+00   -6.5733E+00    1.6197E+01    2.2000E-04
5.8032E+01  2.9785E-04 2.4865E+02    6.7587E-06    1.1114E-06    6.8656E+00   -6.7843E+00    1.7094E+01    2.2000E-04
5.6917E+01  3.4555E-04 2.5031E+02    6.7966E-06    1.2396E-06    7.3543E+00   -7.0039E+00    1.8018E+01    2.2000E-04
5.5804E+01  4.0038E-04 2.5195E+02    6.8289E-06    1.3922E-06    7.8784E+00   -7.2198E+00    1.8969E+01    2.2000E-04
5.4694E+01  4.6333E-04 2.5358E+02    6.8611E-06    1.5487E-06    8.3439E+00   -7.4417E+00    1.9949E+01    2.2000E-04
5.3587E+01  5.3550E-04 2.5520E+02    6.8933E-06    1.7288E-06    8.7982E+00   -7.6681E+00    2.0958E+01    2.2000E-04
5.2483E+01  6.1813E-04 2.5681E+02    6.9100E-06    1.9328E-06    9.2195E+00   -7.8875E+00    2.1998E+01    2.2000E-04
5.1382E+01  7.1261E-04 2.5841E+02    6.9274E-06    2.1605E-06    9.5765E+00   -8.0989E+00    2.3069E+01    2.2000E-04
5.0284E+01  8.2050E-04 2.6001E+02    6.9393E-06    2.4117E-06    9.8408E+00   -8.2991E+00    2.4172E+01    2.2000E-04
4.9190E+01  9.4354E-04 2.6159E+02    6.9400E-06    2.6853E-06    9.9868E+00   -8.5266E+00    2.5308E+01    2.2000E-04
4.8099E+01  1.0837E-03 2.6324E+02    6.9400E-06    2.9787E-06    9.9985E+00   -8.8521E+00    2.6530E+01    2.2000E-04
4.7013E+01  1.2430E-03 2.6475E+02    6.9300E-06    3.2805E-06    9.8468E+00   -9.1204E+00    2.7681E+01    2.2000E-04
4.5931E+01  1.4240E-03 2.6573E+02    6.9136E-06    3.6214E-06    9.5874E+00   -9.1657E+00    2.8456E+01    2.2000E-04
4.4857E+01  1.6293E-03 2.6600E+02    6.8843E-06    3.9730E-06    9.1758E+00   -8.9443E+00    2.8667E+01    2.2000E-04
4.3795E+01  1.8618E-03 2.6553E+02    6.8518E-06    4.3257E-06    8.6334E+00   -8.5110E+00    2.8292E+01    2.2000E-04
4.2745E+01  2.1249E-03 2.6439E+02    6.7998E-06    4.6717E-06    8.0076E+00   -7.9471E+00    2.7405E+01    2.2000E-04
4.1712E+01  2.4221E-03 2.6272E+02    6.7477E-06    4.9899E-06    7.3375E+00   -7.3265E+00    2.6135E+01    2.2000E-04
4.0696E+01  2.7573E-03 2.6064E+02    6.6767E-06    5.2530E-06    6.6608E+00   -6.6953E+00    2.4623E+01    2.2000E-04
3.9699E+01  3.1350E-03 2.5830E+02    6.6058E-06    5.4803E-06    6.0389E+00   -6.0914E+00    2.2991E+01    2.2000E-04
3.8721E+01  3.5599E-03 2.5578E+02    6.5276E-06    5.6647E-06    5.4831E+00   -5.5307E+00    2.1328E+01    2.2000E-04
3.7763E+01  4.0374E-03 2.5315E+02    6.4412E-06    5.8083E-06    4.9944E+00   -5.0250E+00    1.9689E+01    2.2000E-04
3.6825E+01  4.5730E-03 2.5046E+02    6.3474E-06    5.9211E-06    4.5688E+00   -4.5813E+00    1.8105E+01    2.2000E-04
3.5906E+01  5.1733E-03 2.4773E+02    6.2555E-06    6.0144E-06    4.1976E+00   -4.1939E+00    1.6595E+01    2.2000E-04
3.5007E+01  5.8450E-03 2.4498E+02    6.1556E-06    6.0895E-06    3.8664E+00   -3.8564E+00    1.5171E+01    2.2000E-04
3.4127E+01  6.5955E-03 2.4224E+02    6.0551E-06    6.1449E-06    3.5633E+00   -3.5550E+00    1.3845E+01    2.2000E-04
3.3267E+01  7.4331E-03 2.3955E+02    5.9519E-06    6.1697E-06    3.2780E+00   -3.2755E+00    1.2629E+01    2.2000E-04
3.2425E+01  8.3664E-03 2.3696E+02    5.8509E-06    6.1570E-06    3.0052E+00   -3.0091E+00    1.1532E+01    2.2000E-04
3.1601E+01  9.4051E-03 2.3451E+02    5.7520E-06    6.0950E-06    2.7418E+00   -2.7544E+00    1.0559E+01    2.2000E-04
3.0795E+01  1.0559E-02 2.3223E+02    5.6552E-06    5.9870E-06    2.4897E+00   -2.5410E+00    9.7131E+00    2.2000E-04
3.0005E+01  1.1841E-02 2.3016E+02    5.5604E-06    5.8206E-06    2.2484E+00   -2.2870E+00    8.9892E+00    2.2000E-04
2.9230E+01  1.3260E-02 2.2831E+02    5.4675E-06    5.6028E-06    2.0221E+00   -2.0492E+00    8.3735E+00    2.2000E-04
2.8470E+01  1.4832E-02 2.2664E+02    5.3706E-06    5.3381E-06    1.8137E+00   -1.8305E+00    7.8492E+00    2.2000E-04
2.7724E+01  1.6568E-02 2.2515E+02    5.2768E-06    5.0479E-06    1.6275E+00   -1.6335E+00    7.3990E+00    2.2000E-04
2.6992E+01  1.8485E-02 2.2379E+02    5.1888E-06    4.7192E-06    1.4600E+00   -1.4595E+00    7.0071E+00    2.2000E-04
2.6272E+01  2.0597E-02 2.2253E+02    5.1025E-06    4.3796E-06    1.3137E+00   -1.3082E+00    6.6599E+00    2.2000E-04
2.5564E+01  2.2922E-02 2.2136E+02    5.0175E-06    4.0386E-06    1.1868E+00   -1.1777E+00    6.3464E+00    2.2000E-04
2.4869E+01  2.5477E-02 2.2024E+02    4.9341E-06    3.6974E-06    1.0755E+00   -1.0651E+00    6.0586E+00    2.2000E-04
2.4185E+01  2.8281E-02 2.1916E+02    4.8534E-06    3.3660E-06    9.7672E-01   -9.6624E-01    5.7909E+00    2.2000E-04
2.3514E+01  3.1355E-02 2.1812E+02    4.7814E-06    3.0385E-06    8.8629E-01   -8.7807E-01    5.5401E+00    2.2000E-04
2.2853E+01  3.4718E-02 2.1711E+02    4.7022E-06    2.7354E-06    8.0406E-01   -7.9626E-01    5.3046E+00    2.2000E-04
2.2204E+01  3.8394E-02 2.1613E+02    4.6243E-06    2.4394E-06    7.2598E-01   -7.2091E-01    5.0344E+00    2.2000E-04
2.1566E+01  4.2406E-02 2.1519E+02    4.5477E-06    2.1699E-06    6.5353E-01   -6.5037E-01    4.7285E+00    2.2000E-04
2.0939E+01  4.6777E-02 2.1430E+02    4.4787E-06    1.9127E-06    5.8461E-01   -5.8590E-01    4.4538E+00    2.2000E-04
2.0323E+01  5.1535E-02 2.1347E+02    4.4085E-06    1.6759E-06    5.2051E-01   -5.2581E-01    4.2104E+00    2.2000E-04
1.9717E+01  5.6705E-02 2.1272E+02    4.3465E-06    1.4675E-06    4.6267E-01   -4.6814E-01    3.9977E+00    2.2000E-04
1.9121E+01  6.2314E-02 2.1203E+02    4.2842E-06    1.2662E-06    4.0855E-01   -4.1503E-01    3.8144E+00    2.2000E-04
1.8535E+01  6.8393E-02 2.1143E+02    4.2183E-06    1.0819E-06    3.5985E-01   -3.6529E-01    3.6585E+00    2.2000E-04
1.7958E+01  7.4970E-02 2.1091E+02    4.1665E-06    9.1624E-07    3.1720E-01   -3.2001E-01    3.5271E+00    2.2000E-04
1.7391E+01  8.2076E-02 2.1046E+02    4.1211E-06    7.6998E-07    2.8064E-01   -2.7986E-01    3.4175E+00    2.2000E-04
1.6833E+01  8.9742E-02 2.1007E+02    4.0765E-06    6.3947E-07    2.4935E-01   -2.4699E-01    3.3266E+00    2.2000E-04
1.6284E+01  9.8000E-02 2.0975E+02    4.0326E-06    5.2420E-07    2.2278E-01   -2.2240E-01    3.2522E+00    2.2000E-04
1.5743E+01  1.0688E-01 2.0948E+02    3.9995E-06    4.2358E-07    1.9928E-01   -1.7683E-01    3.1915E+00    2.2000E-04
1.5211E+01  1.1643E-01 2.0927E+02    3.9684E-06    3.3803E-07    1.7940E-01   -1.6155E-01    3.1435E+00    2.2000E-04
1.4688E+01  1.2666E-01 2.0912E+02    3.9475E-06    2.6805E-07    1.6319E-01   -1.5153E-01    3.1095E+00    2.2000E-04
1.4172E+01  1.3762E-01 2.0904E+02    3.9284E-06    2.1047E-07    1.4986E-01   -1.4565E-01    3.0927E+00    2.2000E-04
1.3665E+01  1.4934E-01 2.0906E+02    3.9166E-06    1.6257E-07    1.3882E-01   -1.4280E-01    3.0962E+00    2.2000E-04
1.3165E+01  1.6185E-01 2.0918E+02    3.9000E-06    1.2595E-07    1.3012E-01   -1.3925E-01    3.1231E+00    2.2000E-04
1.2673E+01  1.7520E-01 2.0942E+02    3.9000E-06    1.0099E-07    1.2377E-01   -1.3338E-01    3.1761E+00    2.2000E-04
1.2188E+01  1.8940E-01 2.0977E+02    3.9266E-06    8.4154E-08    1.1932E-01   -1.2590E-01    3.2575E+00    2.2000E-04
1.1711E+01  2.0449E-01 2.1019E+02    4.1752E-06    7.1330E-08    1.1707E-01   -1.1891E-01    3.3544E+00    2.2000E-04
1.1240E+01  2.2052E-01 2.1073E+02    5.0456E-06    6.1872E-08    1.1830E-01   -1.2457E-01    3.4834E+00    2.2000E-04
1.0775E+01  2.3749E-01 2.1132E+02    5.9969E-06    5.6573E-08    1.1957E-01   -1.0437E-01    3.6294E+00    2.2000E-04
1.0317E+01  2.5545E-01 2.1208E+02    6.6784E-06    5.3171E-08    1.2222E-01   -6.5959E-02    3.8266E+00    2.2000E-04
9.8653E+00  2.7443E-01 2.1341E+02    8.0438E-06    5.0532E-08    1.2742E-01   -1.2267E-01    4.1917E+00    2.2000E-04
9.4164E+00  2.9444E-01 2.1671E+02    1.2523E-05    4.8218E-08    1.4655E-01   -4.0055E-01    5.2128E+00    2.2000E-04
8.9678E+00  3.1551E-01 2.2105E+02    2.1945E-05    4.5973E-08    1.8360E-01   -8.1512E-01    6.2655E+00    2.2000E-04
8.5187E+00  3.3767E-01 2.2536E+02    3.7505E-05    4.3774E-08    2.3461E-01   -1.2394E+00    7.4636E+00    2.2000E-04
8.0696E+00  3.6092E-01 2.2964E+02    6.2478E-05    4.1618E-08    2.9676E-01   -1.6284E+00    8.8109E+00    2.2000E-04
7.6208E+00  3.8529E-01 2.3384E+02    1.0137E-04    3.9466E-08    3.6469E-01   -1.9311E+00    1.0306E+01    2.2000E-04
7.1728E+00  4.1079E-01 2.3795E+02    1.6006E-04    3.7336E-08    4.3562E-01   -2.1365E+00    1.1944E+01    2.2000E-04
6.7261E+00  4.3743E-01 2.4195E+02    2.4574E-04    3.5287E-08    5.1211E-01   -2.2706E+00    1.3710E+01    2.2000E-04
6.2813E+00  4.6520E-01 2.4580E+02    3.6666E-04    3.3240E-08    5.8991E-01   -2.3231E+00    1.5589E+01    2.2000E-04
5.8389E+00  4.9411E-01 2.4949E+02    5.3165E-04    3.1280E-08    6.5528E-01   -2.3272E+00    1.7558E+01    2.2000E-04
5.3994E+00  5.2417E-01 2.5300E+02    7.4948E-04    2.9341E-08    7.0155E-01   -2.3074E+00    1.9594E+01    2.2000E-04
4.9636E+00  5.5534E-01 2.5632E+02    1.0284E-03    2.7478E-08    7.3473E-01   -2.2884E+00    2.1676E+01    2.2000E-04
4.5318E+00  5.8763E-01 2.5945E+02    1.3756E-03    2.5662E-08    7.6141E-01   -2.2440E+00    2.3783E+01    2.2000E-04
4.1047E+00  6.2102E-01 2.6240E+02    1.7972E-03    2.3901E-08    7.8145E-01   -2.1798E+00    2.5899E+01    2.2000E-04
3.6828E+00  6.5547E-01 2.6517E+02    2.2981E-03    2.2235E-08    7.9205E-01   -2.1120E+00    2.8010E+01    2.2000E-04
3.2664E+00  6.9097E-01 2.6777E+02    2.8820E-03    2.0660E-08    7.9342E-01   -2.0166E+00    3.0107E+01    2.2000E-04
2.8562E+00  7.2747E-01 2.7022E+02    3.5517E-03    1.9249E-08    7.8863E-01   -1.8670E+00    3.2183E+01    2.2000E-04
2.4524E+00  7.6493E-01 2.7252E+02    4.3089E-03    1.7992E-08    7.8065E-01   -1.7158E+00    3.4232E+01    2.2000E-04
2.0553E+00  8.0331E-01 2.7488E+02    5.2255E-03    1.6841E-08    7.7539E-01   -1.6212E+00    3.6434E+01    2.2000E-04
1.6650E+00  8.4255E-01 2.7717E+02    6.1221E-03    1.5807E-08    7.5521E-01   -1.5341E+00    3.8661E+01    2.2000E-04
1.2819E+00  8.8259E-01 2.7936E+02    7.1542E-03    1.4968E-08    7.3960E-01   -1.5282E+00    4.0892E+01    2.2000E-04
9.0618E-01  9.2338E-01 2.8144E+02    8.2645E-03    1.4275E-08    7.2743E-01   -1.5952E+00    4.3093E+01    2.2000E-04
5.3823E-01  9.6483E-01 2.8342E+02    9.3763E-03    1.3699E-08    7.2143E-01   -1.7832E+00    4.5280E+01    2.2000E-04
1.7826E-01  1.0069E+00 2.8531E+02    1.0736E-02    1.3202E-08    7.4159E-01   -2.0376E+00    4.7442E+01    2.2000E-04
0.0000E+00  1.0282E+00 2.8626E+02    1.1417E-02    1.3300E-08    7.9085E+00   -3.5338E+00    4.8553E+01    2.2000E-04
