     ALT          P          T          FH2O           O3           THEAT        TCOOL        PSATCO2        FCO2
7.2849E+01  3.2610E-05 2.2628E+02    3.3114E-06    1.4637E-07    3.7437E+01   -7.5534E+01    7.7381E+00    2.2100E-04
7.1706E+01  3.8507E-05 2.2769E+02    3.4455E-06    1.8800E-07    5.4858E+00   -4.7796E+01    8.1773E+00    2.2100E-04
7.0566E+01  4.5413E-05 2.2917E+02    3.5656E-06    2.3742E-07    3.0377E+00   -2.9419E+01    8.6553E+00    2.2100E-04
6.9427E+01  5.3490E-05 2.3071E+02    3.6738E-06    2.9193E-07    3.0572E+00   -1.7979E+01    9.1779E+00    2.2100E-04
6.8289E+01  6.2924E-05 2.3232E+02    3.7662E-06    3.4862E-07    3.3115E+00   -1.1397E+01    9.7457E+00    2.2100E-04
6.7153E+01  7.3929E-05 2.3398E+02    3.8572E-06    4.0501E-07    3.5805E+00   -7.8740E+00    1.0358E+01    2.2100E-04
6.6017E+01  8.6749E-05 2.3567E+02    3.9311E-06    4.6487E-07    3.8653E+00   -6.1358E+00    1.1011E+01    2.2100E-04
6.4883E+01  1.0166E-04 2.3738E+02    3.9993E-06    5.2930E-07    4.1747E+00   -5.3751E+00    1.1704E+01    2.2100E-04
6.3751E+01  1.1899E-04 2.3910E+02    4.0649E-06    6.0195E-07    4.5359E+00   -5.1405E+00    1.2434E+01    2.2100E-04
6.2619E+01  1.3910E-04 2.4083E+02    4.1202E-06    6.8172E-07    4.9309E+00   -5.1694E+00    1.3196E+01    2.2100E-04
6.1489E+01  1.6240E-04 2.4255E+02    4.1655E-06    7.6988E-07    5.3602E+00   -5.3322E+00    1.3989E+01    2.2100E-04
6.0361E+01  1.8937E-04 2.4425E+02    4.2107E-06    8.6668E-07    5.8198E+00   -5.5696E+00    1.4811E+01    2.2100E-04
5.9235E+01  2.2053E-04 2.4594E+02    4.2459E-06    9.7376E-07    6.3063E+00   -5.8491E+00    1.5659E+01    2.2100E-04
5.8110E+01  2.5650E-04 2.4761E+02    4.2809E-06    1.0871E-06    6.7964E+00   -6.1603E+00    1.6533E+01    2.2100E-04
5.6988E+01  2.9796E-04 2.4927E+02    4.3080E-06    1.2176E-06    7.3171E+00   -6.4947E+00    1.7433E+01    2.2100E-04
5.5868E+01  3.4568E-04 2.5091E+02    4.3304E-06    1.3528E-06    7.8108E+00   -6.8303E+00    1.8360E+01    2.2100E-04
5.4751E+01  4.0054E-04 2.5253E+02    4.3528E-06    1.5093E-06    8.3204E+00   -7.1715E+00    1.9314E+01    2.2100E-04
5.3637E+01  4.6353E-04 2.5415E+02    4.3700E-06    1.6806E-06    8.8005E+00   -7.5153E+00    2.0297E+01    2.2100E-04
5.2526E+01  5.3574E-04 2.5575E+02    4.3800E-06    1.8663E-06    9.2296E+00   -7.8526E+00    2.1309E+01    2.2100E-04
5.1418E+01  6.1842E-04 2.5735E+02    4.3896E-06    2.0862E-06    9.6419E+00   -8.1862E+00    2.2352E+01    2.2100E-04
5.0313E+01  7.1297E-04 2.5894E+02    4.3900E-06    2.3109E-06    9.9221E+00   -8.4947E+00    2.3427E+01    2.2100E-04
4.9212E+01  8.2093E-04 2.6052E+02    4.3800E-06    2.5656E-06    1.0122E+01   -8.8149E+00    2.4536E+01    2.2100E-04
4.8114E+01  9.4405E-04 2.6216E+02    4.3700E-06    2.8356E-06    1.0190E+01   -9.1459E+00    2.5722E+01    2.2100E-04
4.7020E+01  1.0843E-03 2.6367E+02    4.3522E-06    3.1388E-06    1.0169E+01   -9.4533E+00    2.6856E+01    2.2100E-04
4.5931E+01  1.2437E-03 2.6475E+02    4.3204E-06    3.4934E-06    1.0078E+01   -9.5947E+00    2.7681E+01    2.2100E-04
4.4849E+01  1.4249E-03 2.6517E+02    4.2775E-06    3.9165E-06    9.9111E+00   -9.4966E+00    2.8014E+01    2.2100E-04
4.3777E+01  1.6303E-03 2.6488E+02    4.2223E-06    4.4026E-06    9.6286E+00   -9.1688E+00    2.7781E+01    2.2100E-04
4.2718E+01  1.8631E-03 2.6384E+02    4.1594E-06    4.9331E-06    9.2043E+00   -8.6541E+00    2.6983E+01    2.2100E-04
4.1675E+01  2.1263E-03 2.6211E+02    4.0838E-06    5.4773E-06    8.6464E+00   -8.0067E+00    2.5688E+01    2.2100E-04
4.0651E+01  2.4237E-03 2.5979E+02    4.0037E-06    6.0006E-06    8.0006E+00   -7.2834E+00    2.4018E+01    2.2100E-04
3.9646E+01  2.7593E-03 2.5699E+02    3.9119E-06    6.4720E-06    7.3278E+00   -6.5308E+00    2.2114E+01    2.2100E-04
3.8663E+01  3.1373E-03 2.5385E+02    3.8168E-06    6.8795E-06    6.6847E+00   -5.7905E+00    2.0110E+01    2.2100E-04
3.7703E+01  3.5626E-03 2.5047E+02    3.7231E-06    7.2181E-06    6.0989E+00   -5.0932E+00    1.8109E+01    2.2100E-04
3.6765E+01  4.0405E-03 2.4694E+02    3.6150E-06    7.4880E-06    5.5745E+00   -4.4494E+00    1.6177E+01    2.2100E-04
3.5850E+01  4.5767E-03 2.4332E+02    3.5198E-06    7.6967E-06    5.1026E+00   -3.8825E+00    1.4357E+01    2.2100E-04
3.4958E+01  5.1775E-03 2.3966E+02    3.4173E-06    7.8463E-06    4.6704E+00   -3.3919E+00    1.2676E+01    2.2100E-04
3.4089E+01  5.8499E-03 2.3602E+02    3.3175E-06    7.9408E-06    4.2688E+00   -2.9708E+00    1.1153E+01    2.2100E-04
3.3242E+01  6.6012E-03 2.3247E+02    3.2200E-06    7.9534E-06    3.8844E+00   -2.6068E+00    9.7987E+00    2.2100E-04
3.2417E+01  7.4396E-03 2.2906E+02    3.1250E-06    7.8925E-06    3.5203E+00   -2.2891E+00    8.6189E+00    2.2100E-04
3.1612E+01  8.3739E-03 2.2586E+02    3.0320E-06    7.7521E-06    3.1762E+00   -2.0092E+00    7.6113E+00    2.2100E-04
3.0827E+01  9.4137E-03 2.2293E+02    2.9411E-06    7.5232E-06    2.8514E+00   -1.7632E+00    6.7671E+00    2.2100E-04
3.0060E+01  1.0569E-02 2.2030E+02    2.8521E-06    7.2242E-06    2.5503E+00   -1.5603E+00    6.0727E+00    2.2100E-04
2.9310E+01  1.1852E-02 2.1799E+02    2.7673E-06    6.8511E-06    2.2718E+00   -1.3402E+00    5.5087E+00    2.2100E-04
2.8575E+01  1.3273E-02 2.1599E+02    2.6891E-06    6.4446E-06    2.0222E+00   -1.1460E+00    4.9869E+00    2.2100E-04
2.7855E+01  1.4846E-02 2.1426E+02    2.6150E-06    6.0120E-06    1.7996E+00   -9.7813E-01    4.4417E+00    2.2100E-04
2.7149E+01  1.6585E-02 2.1277E+02    2.5368E-06    5.5502E-06    1.6004E+00   -8.3568E-01    4.0133E+00    2.2100E-04
2.6456E+01  1.8504E-02 2.1148E+02    2.4689E-06    5.0897E-06    1.4268E+00   -7.1778E-01    3.6710E+00    2.2100E-04
2.5774E+01  2.0619E-02 2.1035E+02    2.3921E-06    4.6470E-06    1.2778E+00   -6.2104E-01    3.3921E+00    2.2100E-04
2.5104E+01  2.2946E-02 2.0935E+02    2.3263E-06    4.2161E-06    1.1488E+00   -5.4377E-01    3.1602E+00    2.2100E-04
2.4446E+01  2.5504E-02 2.0844E+02    2.2615E-06    3.8098E-06    1.0373E+00   -4.8142E-01    2.9636E+00    2.2100E-04
2.3797E+01  2.8312E-02 2.0762E+02    2.1982E-06    3.4265E-06    9.3908E-01   -4.3010E-01    2.7940E+00    2.2100E-04
2.3159E+01  3.1389E-02 2.0687E+02    2.1447E-06    3.0657E-06    8.5083E-01   -3.8662E-01    2.6459E+00    2.2100E-04
2.2532E+01  3.4757E-02 2.0618E+02    2.0827E-06    2.7359E-06    7.7090E-01   -3.4642E-01    2.5154E+00    2.2100E-04
2.1914E+01  3.8438E-02 2.0553E+02    2.0217E-06    2.4346E-06    6.9721E-01   -3.0832E-01    2.3997E+00    2.2100E-04
2.1306E+01  4.2455E-02 2.0494E+02    1.9713E-06    2.1572E-06    6.2810E-01   -2.7254E-01    2.2972E+00    2.2100E-04
2.0707E+01  4.6832E-02 2.0440E+02    1.9138E-06    1.8980E-06    5.6237E-01   -2.3851E-01    2.2070E+00    2.2100E-04
2.0118E+01  5.1596E-02 2.0392E+02    1.8671E-06    1.6630E-06    5.0105E-01   -2.0605E-01    2.1286E+00    2.2100E-04
1.9537E+01  5.6773E-02 2.0349E+02    1.8162E-06    1.4421E-06    4.4329E-01   -1.7539E-01    2.0619E+00    2.2100E-04
1.8966E+01  6.2390E-02 2.0313E+02    1.7656E-06    1.2441E-06    3.9091E-01   -1.4487E-01    2.0065E+00    2.2100E-04
1.8403E+01  6.8477E-02 2.0283E+02    1.7282E-06    1.0693E-06    3.4453E-01   -1.1474E-01    1.9617E+00    2.2100E-04
1.7849E+01  7.5063E-02 2.0260E+02    1.6869E-06    9.0692E-07    3.0294E-01   -8.7275E-02    1.9267E+00    2.2100E-04
1.7303E+01  8.2179E-02 2.0242E+02    1.6526E-06    7.6270E-07    2.6693E-01   -6.3401E-02    1.9007E+00    2.2100E-04
1.6765E+01  8.9856E-02 2.0229E+02    1.6205E-06    6.3398E-07    2.3606E-01   -4.5119E-02    1.8829E+00    2.2100E-04
1.6234E+01  9.8126E-02 2.0222E+02    1.5893E-06    5.1914E-07    2.0969E-01   -3.3685E-02    1.8727E+00    2.2100E-04
1.5712E+01  1.0702E-01 2.0220E+02    1.5685E-06    4.2016E-07    1.8675E-01    8.2373E-03    1.8690E+00    2.2100E-04
1.5198E+01  1.1658E-01 2.0222E+02    1.5480E-06    3.3727E-07    1.6766E-01    1.1748E-02    1.8719E+00    2.2100E-04
1.4691E+01  1.2683E-01 2.0229E+02    1.5289E-06    2.6797E-07    1.5195E-01    1.1551E-02    1.8829E+00    2.2100E-04
1.4191E+01  1.3780E-01 2.0244E+02    1.5190E-06    2.1130E-07    1.3912E-01    8.6432E-03    1.9047E+00    2.2100E-04
1.3698E+01  1.4954E-01 2.0269E+02    1.5092E-06    1.6429E-07    1.2851E-01    4.5037E-03    1.9405E+00    2.2100E-04
1.3213E+01  1.6208E-01 2.0304E+02    1.5015E-06    1.2746E-07    1.2019E-01    1.4327E-03    1.9921E+00    2.2100E-04
1.2734E+01  1.7544E-01 2.0348E+02    1.7407E-06    1.0192E-07    1.1567E-01   -4.9648E-03    2.0592E+00    2.2100E-04
1.2262E+01  1.8966E-01 2.0389E+02    1.9601E-06    8.5860E-08    1.1292E-01    1.7074E-02    2.1233E+00    2.2100E-04
1.1796E+01  2.0478E-01 2.0467E+02    2.2152E-06    7.3184E-08    1.1127E-01    4.4867E-02    2.2512E+00    2.2100E-04
1.1337E+01  2.2083E-01 2.0564E+02    2.6918E-06    6.3582E-08    1.1190E-01   -1.6906E-02    2.4176E+00    2.2100E-04
1.0880E+01  2.3783E-01 2.0845E+02    4.0048E-06    5.7473E-08    1.1834E-01   -9.7281E-02    2.9657E+00    2.2100E-04
1.0426E+01  2.5582E-01 2.1061E+02    5.4491E-06    5.3637E-08    1.2663E-01   -2.1666E-01    3.4548E+00    2.2100E-04
9.9732E+00  2.7483E-01 2.1503E+02    9.9698E-06    5.0775E-08    1.5097E-01   -5.7434E-01    4.6769E+00    2.2100E-04
9.5189E+00  2.9487E-01 2.1943E+02    1.7771E-05    4.8266E-08    1.8700E-01   -9.5358E-01    5.8566E+00    2.2100E-04
9.0639E+00  3.1598E-01 2.2382E+02    3.0880E-05    4.5930E-08    2.3439E-01   -1.3373E+00    7.0159E+00    2.2100E-04
8.6084E+00  3.3817E-01 2.2816E+02    5.2279E-05    4.3675E-08    2.9274E-01   -1.7003E+00    8.3274E+00    2.2100E-04
8.1529E+00  3.6146E-01 2.3245E+02    8.6163E-05    4.1468E-08    3.5879E-01   -2.0049E+00    9.7918E+00    2.2100E-04
7.6979E+00  3.8587E-01 2.3665E+02    1.3811E-04    3.9210E-08    4.2735E-01   -2.2155E+00    1.1404E+01    2.2100E-04
7.2438E+00  4.1141E-01 2.4073E+02    2.1511E-04    3.7120E-08    4.9990E-01   -2.3547E+00    1.3152E+01    2.2100E-04
6.7912E+00  4.3809E-01 2.4467E+02    3.2531E-04    3.4937E-08    5.7798E-01   -2.4255E+00    1.5020E+01    2.2100E-04
6.3407E+00  4.6591E-01 2.4845E+02    4.7759E-04    3.2845E-08    6.4995E-01   -2.4310E+00    1.6985E+01    2.2100E-04
5.8928E+00  4.9488E-01 2.5204E+02    6.8094E-04    3.0847E-08    7.0317E-01   -2.4071E+00    1.9024E+01    2.2100E-04
5.4482E+00  5.2498E-01 2.5545E+02    9.4385E-04    2.8883E-08    7.3934E-01   -2.3814E+00    2.1114E+01    2.2100E-04
5.0074E+00  5.5621E-01 2.5865E+02    1.2739E-03    2.6938E-08    7.6704E-01   -2.3422E+00    2.3232E+01    2.2100E-04
4.5711E+00  5.8856E-01 2.6167E+02    1.6775E-03    2.5089E-08    7.8907E-01   -2.2745E+00    2.5362E+01    2.2100E-04
4.1396E+00  6.2200E-01 2.6450E+02    2.1600E-03    2.3364E-08    8.0263E-01   -2.2015E+00    2.7489E+01    2.2100E-04
3.7136E+00  6.5651E-01 2.6716E+02    2.7254E-03    2.1680E-08    8.0617E-01   -2.1140E+00    2.9603E+01    2.2100E-04
3.2935E+00  6.9207E-01 2.6966E+02    3.3770E-03    2.0164E-08    8.0207E-01   -1.9762E+00    3.1698E+01    2.2100E-04
2.8796E+00  7.2864E-01 2.7201E+02    4.1168E-03    1.8737E-08    7.9399E-01   -1.8164E+00    3.3767E+01    2.2100E-04
2.4723E+00  7.6616E-01 2.7437E+02    5.0094E-03    1.7459E-08    7.8823E-01   -1.6976E+00    3.5944E+01    2.2100E-04
2.0717E+00  8.0461E-01 2.7670E+02    5.9221E-03    1.6330E-08    7.6945E-01   -1.5898E+00    3.8195E+01    2.2100E-04
1.6781E+00  8.4392E-01 2.7893E+02    6.9084E-03    1.5341E-08    7.4838E-01   -1.5386E+00    4.0450E+01    2.2100E-04
1.2918E+00  8.8404E-01 2.8106E+02    8.0400E-03    1.4492E-08    7.3288E-01   -1.5666E+00    4.2682E+01    2.2100E-04
9.1314E-01  9.2489E-01 2.8308E+02    9.1200E-03    1.3789E-08    7.1633E-01   -1.6486E+00    4.4894E+01    2.2100E-04
5.4231E-01  9.6642E-01 2.8501E+02    1.0495E-02    1.3248E-08    7.2290E-01   -1.9010E+00    4.7095E+01    2.2100E-04
1.7960E-01  1.0085E+00 2.8685E+02    1.1817E-02    1.2818E-08    7.3789E-01   -2.1342E+00    4.9261E+01    2.2100E-04
0.0000E+00  1.0300E+00 2.8778E+02    1.2483E-02    1.2900E-08    7.8444E+00   -3.4119E+00    5.0380E+01    2.2100E-04
