   225.749164253843        0.497376550508017E-05
   227.157282768381        0.516780596720213E-05
   228.630609457883        0.534592325691016E-05
   230.176894628596        0.549845863292613E-05
   231.787820227986        0.563456332749319E-05
   233.450176724617        0.575871720620884E-05
   235.150166677308        0.587183946882827E-05
   236.874665658535        0.596791073985432E-05
   238.611776172729        0.605826661821843E-05
   240.351307217426        0.613636653603360E-05
   242.085162902231        0.620395204118323E-05
   243.807532698295        0.627145309808679E-05
   245.514837568215        0.631923900424938E-05
   247.205454165248        0.637408530210366E-05
   248.879284773234        0.641884673505893E-05
   250.537262576872        0.645351749123521E-05
   252.180881324930        0.648904550682389E-05
   253.811818174752        0.652127481207581E-05
   255.431685215564        0.654344543264545E-05
   257.041909106841        0.656000000000000E-05
   258.643709978494        0.657760171683046E-05
   260.238137148947        0.657999999999999E-05
   261.826121253433        0.659000000000000E-05
   263.484649557764        0.658667124944956E-05
   264.964891263584        0.657491023061606E-05
   265.901288464491        0.655325894069064E-05
   266.118294134966        0.652353812947154E-05
   265.606845905151        0.649100382064542E-05
   264.444884374174        0.643852259513807E-05
   262.755546990985        0.638532185173156E-05
   260.675559749902        0.631402753874982E-05
   258.330158668026        0.624423296134167E-05
   255.815017125899        0.616498352361581E-05
   253.192966441398        0.606932502690015E-05
   250.502941092874        0.598527423320526E-05
   247.771600227110        0.588602613668961E-05
   245.023694990758        0.578809935377285E-05
   242.289384401020        0.569253389960705E-05
   239.605502646352        0.558930934397842E-05
   237.013479840248        0.548819276830893E-05
   234.556741353593        0.538929775729798E-05
   232.280304488681        0.529254340850348E-05
   230.209519228097        0.518762567065729E-05
   228.345863891639        0.509470413023543E-05
   226.674082266881        0.500343480207910E-05
   225.168343297499        0.491395387094624E-05
   223.797845751221        0.482596676686534E-05
   222.531826120888        0.473967158437062E-05
   221.342935978887        0.465469146820333E-05
   220.209420579907        0.457129789077128E-05
   219.115991609822        0.448930237206541E-05
   218.054086667973        0.440866945527135E-05
   217.021284700672        0.433793374700427E-05
   216.020161694525        0.426167513766844E-05
   215.057666060768        0.418512168453540E-05
   214.143306891871        0.411663522059674E-05
   213.287385544960        0.404610847415894E-05
   212.499480758206        0.398456430681059E-05
   211.786538094432        0.392200825744315E-05
   211.151441432557        0.386120779555375E-05
   210.592854886719        0.380895171951095E-05
   210.106571284628        0.375990124581469E-05
   209.687607768161        0.371536907977087E-05
   209.331565310189        0.368116990720481E-05
   209.030639611817        0.363921867434824E-05
   208.784731815267        0.361799842506772E-05
   208.603286188091        0.359711709062719E-05
   208.501374592960        0.357656648962512E-05
   208.495480618141        0.355817083456649E-05
   208.597621521387        0.354821162903240E-05
   208.815625497277        0.354159401307329E-05
   209.153739265315        0.357820761042537E-05
   209.602868235478        0.428219454838932E-05
   210.123175723910        0.481875812119163E-05
   210.660641457284        0.546600287046889E-05
   211.848416391033        0.647026700570067E-05
   212.901844513373        0.751182052850383E-05
   216.808169429672        0.126914354325846E-04
   221.152584972024        0.222325411141700E-04
   225.470690893963        0.379840281963064E-04
   229.743537993846        0.632543949997064E-04
   233.948754201364        0.102592126034466E-03
   238.061306170925        0.161914864114799E-03
   242.055094898699        0.248461236918033E-03
   245.905255222096        0.370512086431453E-03
   249.590686331023        0.536900424106188E-03
   253.096143505396        0.756415022540476E-03
   256.413332362024        0.103724853403660E-02
   259.540795812393        0.138661242118519E-02
   262.482743846321        0.181054840916317E-02
   265.247424238735        0.231390396415301E-02
   267.845492429536        0.290040322179228E-02
   270.288655054225        0.357274786271524E-02
   272.588680795563        0.433270347215675E-02
   274.974490695785        0.525995946097551E-02
   277.255080284932        0.615504960745115E-02
   279.443442307018        0.719742446770335E-02
   281.516274786981        0.830597604797973E-02
   283.497746018308        0.943096542156931E-02
   285.385093249632        0.107882327394919E-01
   286.329687160284        0.114682053660248E-01
