   225.607921757988        0.516526156921058E-05
   227.014341803645        0.537007689994029E-05
   228.486169219498        0.555680805999740E-05
   230.031179165719        0.571560513778916E-05
   231.641044175412        0.585508966305255E-05
   233.302545977543        0.598905652024565E-05
   235.001886411429        0.610208374353479E-05
   236.725944147210        0.620502772037842E-05
   238.462822365997        0.629830739146784E-05
   240.202323320467        0.637634035120684E-05
   241.936334038424        0.644386947920854E-05
   243.659015923876        0.651131419092037E-05
   245.366752366161        0.656910898418916E-05
   247.057876057257        0.662391913883519E-05
   248.732242878393        0.666864432786948E-05
   250.390740984648        0.670664119592451E-05
   252.034823277750        0.673890844822098E-05
   253.666131494823        0.677112039371437E-05
   255.286247293490        0.679327364238158E-05
   256.896570091716        0.681536643926497E-05
   258.498293456319        0.682999999999999E-05
   260.092438405788        0.684000000000000E-05
   261.679904054382        0.685000000000000E-05
   263.332069636391        0.684692827642626E-05
   264.826673817199        0.683518368261039E-05
   265.794416189420        0.681354646984728E-05
   266.044400929717        0.679206854719927E-05
   265.559020556931        0.675161584517194E-05
   264.415138221978        0.670946079823129E-05
   262.736269113233        0.664744466632718E-05
   260.661627376155        0.658531026843406E-05
   258.317866204110        0.650552884727754E-05
   255.801715935281        0.642729907376630E-05
   253.177580690013        0.634080478851474E-05
   250.485583220357        0.625693661745860E-05
   247.752403557469        0.615804593998135E-05
   245.002667994132        0.606014565527789E-05
   242.266245552168        0.595718005925274E-05
   239.580245374791        0.586139273279263E-05
   236.987286838832        0.576030007774926E-05
   234.531269455874        0.566143335506854E-05
   232.256988343687        0.556468007535451E-05
   230.189713086624        0.545979092632688E-05
   228.330707237421        0.536688976877756E-05
   226.664707945136        0.527561921499849E-05
   225.166233414339        0.518615311395532E-05
   223.804703986605        0.509815726376168E-05
   222.549293214133        0.501184467444225E-05
   221.372449017267        0.492686984325388E-05
   220.252324749549        0.484344645801026E-05
   219.174009904767        0.476144320237335E-05
   218.128835406080        0.468077125551676E-05
   217.113713291628        0.460156182143544E-05
   216.131135683677        0.452475222032040E-05
   215.187963230783        0.445708307489674E-05
   214.294128757080        0.438183635384736E-05
   213.460579451449        0.431660419105579E-05
   212.696297597699        0.424601872586068E-05
   212.007468312317        0.418639924798146E-05
   211.396799253492        0.412778964265380E-05
   210.863054028580        0.407015790052552E-05
   210.401871138974        0.402078926075876E-05
   210.007977244835        0.397617607565560E-05
   209.676613670792        0.394171179243750E-05
   209.399638338746        0.390930631443676E-05
   209.174956492784        0.387827250920424E-05
   209.010860381209        0.385734461420045E-05
   208.923201186384        0.383674672396282E-05
   208.927812720521        0.381823684194604E-05
   209.035551264839        0.380825401581777E-05
   209.254998391033        0.380000000000000E-05
   209.591649994953        0.382833399623967E-05
   210.037460113117        0.455754459698434E-05
   210.554825759430        0.511974213624039E-05
   211.089734594331        0.579978424484758E-05
   212.063070134917        0.666317524411111E-05
   213.278720223074        0.790466682560755E-05
   216.720151559296        0.125474655003656E-04
   221.063073851780        0.219860430731720E-04
   225.379887733536        0.375730312927318E-04
   229.651775347539        0.625882547597881E-04
   233.856531961381        0.101545062122347E-03
   237.969300315983        0.160322858116237E-03
   241.964115584577        0.246124940084422E-03
   245.816145911907        0.367206463195336E-03
   249.504192665453        0.532388510646940E-03
   253.012823760779        0.750462291503230E-03
   256.333575338136        0.102963913905748E-02
   259.464818385244        0.137715947312333E-02
   262.410611208689        0.179909861441488E-02
   265.179083527993        0.230033775104441E-02
   267.780808575366        0.288463206968361E-02
   270.227441718591        0.355471030242434E-02
   272.530723366559        0.431236055723126E-02
   274.894042564562        0.522905763447845E-02
   277.178018657631        0.612549880249220E-02
   279.369382688989        0.715868710882577E-02
   281.445214205383        0.826887656595008E-02
   283.428246621711        0.938207688899489E-02
   285.318328188690        0.107413587681354E-01
   286.264120268096        0.114222202493222E-01
