   226.586008046481        0.351934022664184E-05
   228.004068651086        0.366663185340290E-05
   229.485227733720        0.379062679941048E-05
   231.036980311406        0.390451042811196E-05
   232.651173458019        0.400864023637946E-05
   234.314814890952        0.409949292136264E-05
   236.014274866475        0.418026587527239E-05
   237.736558495258        0.425323465739945E-05
   239.469893208115        0.431119276826035E-05
   241.204235628821        0.437603033208983E-05
   242.931676718909        0.442121154291320E-05
   244.646638179658        0.446633233512849E-05
   246.345815327047        0.451068993430233E-05
   248.027890240405        0.454316829887471E-05
   249.693085392477        0.457560289590316E-05
   251.342650466164        0.459798969655263E-05
   252.978374372512        0.462032416182481E-05
   254.602193349331        0.464259914880462E-05
   256.215931528390        0.465481557844090E-05
   257.821173255904        0.466000000000000E-05
   259.419237693930        0.467000000000000E-05
   261.011212931247        0.466891852865650E-05
   262.646574604481        0.466000000000000E-05
   264.197369144339        0.464509006503809E-05
   265.322688861558        0.462331403873419E-05
   265.797232334326        0.458336646671139E-05
   265.558554857894        0.454051618872942E-05
   264.633006357447        0.448726747363209E-05
   263.100653157344        0.442293973310029E-05
   261.073117919286        0.435099049582869E-05
   258.669987719523        0.426831031444503E-05
   255.998160407028        0.418004964491237E-05
   253.138122769606        0.408283490429601E-05
   250.141075024190        0.398031837745216E-05
   247.036059380313        0.388057941390693E-05
   243.844281679637        0.377354770514170E-05
   240.592678883333        0.366928603511108E-05
   237.320974249518        0.356740468468358E-05
   234.082080717683        0.345866489146755E-05
   230.937570063290        0.336211510539042E-05
   227.951886658335        0.326795499837848E-05
   225.187074678321        0.317586489242825E-05
   222.680783010394        0.308596895163554E-05
   220.441964627710        0.299778655654803E-05
   218.458350460908        0.291148504558741E-05
   216.704996287965        0.283675362443171E-05
   215.150611422746        0.275351767605070E-05
   213.762486169073        0.268159300092424E-05
   212.511007327453        0.260453266184650E-05
   211.371648899454        0.253865179287693E-05
   210.325304380922        0.247392906023943E-05
   209.358284810477        0.240011851021617E-05
   208.462019831825        0.233731576930827E-05
   207.632179946357        0.227556655951011E-05
   206.868315338669        0.221483867372040E-05
   206.172623831168        0.216498707602724E-05
   205.547949886827        0.210599849298838E-05
   204.997198572654        0.205238733888177E-05
   204.522578965550        0.200668392517364E-05
   204.123954663884        0.195458075223112E-05
   203.798555575952        0.191554124458185E-05
   203.542224522353        0.187372591853208E-05
   203.350642226066        0.184054748405503E-05
   203.220244410271        0.180916789384667E-05
   203.143819945046        0.178741309294385E-05
   203.121301699230        0.175885311369249E-05
   203.161288060987        0.174742420060155E-05
   203.278192256999        0.172872543020602E-05
   203.490737458525        0.171887947862521E-05
   203.812619221858        0.171082252378044E-05
   204.238522326189        0.193691667301541E-05
   204.697788175723        0.218805105030258E-05
   205.321595079679        0.243797004438907E-05
   206.019003154503        0.282401717111853E-05
   208.648707582009        0.411785234139364E-05
   210.364952743501        0.526855348308943E-05
   214.585369944224        0.940384513491831E-05
   218.983232605647        0.167857385177963E-04
   223.362497901187        0.292116736410477E-04
   227.705132051000        0.495371154132126E-04
   231.989328982132        0.817959256859889E-04
   236.189961334315        0.131388536103319E-03
   240.279913002752        0.205118741156230E-03
   244.232304149602        0.311002829586125E-03
   248.023236489972        0.457836903722419E-03
   251.634358005028        0.654603314995534E-03
   255.054513217081        0.909870119209960E-03
   258.280039114966        0.123133163017384E-02
   261.313772346940        0.162555383882862E-02
   264.163380182865        0.209791061830542E-02
   266.839562046361        0.265264354526399E-02
   269.354489895768        0.329297155087096E-02
   271.720639846107        0.402119603271476E-02
   274.069216079051        0.489470048860745E-02
   276.412799348599        0.581204180238136E-02
   278.653291137258        0.676156091795335E-02
   280.785160483024        0.789887727499903E-02
   282.813247666041        0.898298142246312E-02
   284.758676073900        0.103175692783056E-01
   286.604641623519        0.116443323135224E-01
   287.533079666401        0.123122510114296E-01
