   225.914580174134        0.477496785919466E-05
   227.324693687932        0.495901266388081E-05
   228.799793036084        0.512711285298031E-05
   230.347602277615        0.527959555042062E-05
   231.959819368422        0.541581899731040E-05
   233.623253857860        0.553788485882865E-05
   235.324120512901        0.563846196725082E-05
   237.049302594458        0.573896937969422E-05
   238.786910441909        0.581940229595456E-05
   240.526764801611        0.589726906287481E-05
   242.260787695067        0.596491014466745E-05
   243.983193370552        0.602246670513806E-05
   245.690433705414        0.607992666084619E-05
   247.380920544924        0.612483079006987E-05
   249.054593136524        0.616481581838667E-05
   250.712420867081        0.620433348498669E-05
   252.355930984533        0.622947068455414E-05
   253.986830579637        0.626171628782576E-05
   255.606758593451        0.628390367909754E-05
   257.217167288906        0.630000000000000E-05
   258.819304059196        0.631809309381095E-05
   260.414250559854        0.632000000000000E-05
   262.002977839101        0.632798608779821E-05
   263.669190008621        0.632000000000000E-05
   265.131684705360        0.631000000000000E-05
   266.032038138545        0.629269082809603E-05
   266.214664920760        0.626119266429320E-05
   265.674953507141        0.621983634906187E-05
   264.492038112355        0.616783707861829E-05
   262.787615438672        0.611471741329945E-05
   260.697505350978        0.604374340285911E-05
   258.345339765311        0.597185521292340E-05
   255.825988059778        0.589200785024350E-05
   253.201790624353        0.579694583672732E-05
   250.510558833302        0.571232186135668E-05
   247.777309375785        0.561248232225348E-05
   245.026249612474        0.551455266675463E-05
   242.287385171044        0.541249876205682E-05
   239.597397477035        0.531576329510517E-05
   236.997629605344        0.521468407913912E-05
   234.531539864279        0.511579139139527E-05
   232.244382545143        0.501892088550357E-05
   230.161668735871        0.491417445443697E-05
   228.284588464665        0.482126916745555E-05
   226.597670796649        0.473005803014646E-05
   225.074955223178        0.464060513567423E-05
   223.685673045465        0.455269051184862E-05
   222.399229337627        0.446644148430392E-05
   221.188436897461        0.438154874526556E-05
   220.031739737862        0.429825877285622E-05
   218.914091192399        0.421633155123325E-05
   217.827188541534        0.413581556406852E-05
   216.768916028337        0.406566341406885E-05
   215.742284457997        0.398905036740248E-05
   214.754850556226        0.391721522208963E-05
   213.816936783972        0.384761701453036E-05
   212.938801621312        0.378328913555219E-05
   212.129294502139        0.371287043522976E-05
   211.394699699686        0.365346497676361E-05
   210.737691099912        0.359508170556054E-05
   210.157468233887        0.354416270106691E-05
   209.650746447226        0.349901022458680E-05
   209.213416122459        0.345459954939161E-05
   208.842105425980        0.341091045911476E-05
   208.530225319421        0.337895308545289E-05
   208.277375619221        0.335668504145268E-05
   208.092619238353        0.332848736737316E-05
   207.991200813277        0.331647792320262E-05
   207.990081297676        0.329815444413934E-05
   208.103717318127        0.328822202347220E-05
   208.339990757783        0.328311089266036E-05
   208.695196263167        0.332791305419448E-05
   209.150167134252        0.400464617525426E-05
   209.551526546526        0.451368017162874E-05
   210.413019592704        0.510540022570617E-05
   211.498239921928        0.626194873912608E-05
   212.739917365466        0.734818641082790E-05
   216.969612718350        0.129600627198513E-04
   221.316366197698        0.226911853643361E-04
   225.636321168309        0.387460923753472E-04
   229.910299792127        0.644844860317786E-04
   234.115677576124        0.104517015894016E-03
   238.227189062153        0.164828757203016E-03
   242.218585631416        0.252721097495180E-03
   246.064994607303        0.376521347713994E-03
   249.745475819584        0.545084225973226E-03
   253.245082184001        0.767194013761450E-03
   256.555871087338        0.105101744253810E-02
   259.676705013377        0.140372545950886E-02
   262.612067082548        0.183131579658702E-02
   265.370409393328        0.233859579506811E-02
   267.962520206098        0.292925686606800E-02
   270.400176786464        0.360597551589986E-02
   272.695170461494        0.437049766407104E-02
   275.076430499620        0.529910383887850E-02
   277.353753183679        0.619288043099592E-02
   279.539262381461        0.724754175076779E-02
   281.609160429234        0.835447794293511E-02
   283.589326941550        0.949540206089362E-02
   285.473855431313        0.108505794783585E-01
   286.417525915507        0.115298517280260E-01
