   225.651478204023        0.506431412927042E-05
   227.058408053716        0.526820322328177E-05
   228.530628287506        0.544619955840549E-05
   230.075898572480        0.560505665924657E-05
   231.685895426064        0.574467265699943E-05
   233.347403771725        0.586875498048782E-05
   235.046623927438        0.598182479803708E-05
   236.770431269301        0.608481184792392E-05
   238.506928048664        0.616862822132725E-05
   240.245921251640        0.624834508895069E-05
   241.979310172691        0.632381696969610E-05
   243.701276296306        0.638419431373029E-05
   245.408229677238        0.643910717043922E-05
   247.098533865810        0.649393338697823E-05
   248.772076812958        0.653867442378109E-05
   250.429777057960        0.657666411471180E-05
   252.073113990200        0.660893909921359E-05
   253.703750783102        0.664115859042922E-05
   255.323285439043        0.666331931157898E-05
   256.933129472525        0.668541950069186E-05
   258.534485613904        0.670000000000000E-05
   260.128382448848        0.671000000000000E-05
   261.715726043028        0.671000000000000E-05
   263.369671976908        0.671000000000000E-05
   264.859190748889        0.670000000000000E-05
   265.817999071595        0.668345140634394E-05
   266.058465338754        0.665393487793931E-05
   265.565505472313        0.662070489574155E-05
   264.415849278601        0.656914091967340E-05
   262.733243571050        0.650711827236117E-05
   260.655955456274        0.644486720198711E-05
   258.310874780558        0.637507850994373E-05
   255.794854287543        0.628684115203923E-05
   253.171658996470        0.620022645620421E-05
   250.480704280957        0.611634695554071E-05
   247.748212002118        0.601732436565896E-05
   244.998902686216        0.591940985428137E-05
   242.263724481965        0.582385675181635E-05
   239.580161413028        0.572063702682456E-05
   236.989750762208        0.561952701585121E-05
   234.535460948626        0.552064368253950E-05
   232.262260790843        0.542388320111621E-05
   230.195669830319        0.532378829233072E-05
   228.337135435380        0.522605880182003E-05
   226.671255869565        0.513477941597350E-05
   225.172021514120        0.504529907282967E-05
   223.808501085335        0.495729690055364E-05
   222.549815802307        0.487098402799828E-05
   221.368486828970        0.478599603217955E-05
   220.242657749392        0.470257557523375E-05
   219.157102373706        0.462056680651151E-05
   218.103493655036        0.453990194579541E-05
   217.079475213682        0.446892990336541E-05
   216.088068230695        0.439284613593168E-05
   215.136253566792        0.431625117270440E-05
   214.233727787344        0.424753728901364E-05
   213.390553876140        0.417713877976914E-05
   212.615723760578        0.411446008959442E-05
   211.915688763086        0.404579703028082E-05
   211.293119434919        0.398721929038872E-05
   210.746779405879        0.393571070229186E-05
   210.272529425296        0.389039306855031E-05
   209.865172365254        0.384581384846609E-05
   209.519942826463        0.380195400568011E-05
   209.228914924869        0.376908910514591E-05
   208.991275611318        0.373814826640379E-05
   208.816399011238        0.371724166449708E-05
   208.718787051854        0.369833472842563E-05
   208.713715458163        0.368820762380410E-05
   208.815611701195        0.367823608255321E-05
   209.035524397884        0.367000000000000E-05
   209.384654017516        0.369940135260138E-05
   209.769443502248        0.441291710788741E-05
   210.327412563324        0.495993076355061E-05
   210.964457912605        0.572454510662307E-05
   211.901853297722        0.651793321046993E-05
   213.066965431876        0.768169143555019E-05
   216.760315012921        0.126129400439153E-04
   221.104156601114        0.220988114318293E-04
   225.421822132857        0.377622451036567E-04
   229.694427891371        0.628969618172311E-04
   233.899682502165        0.102033587393787E-03
   238.012634478635        0.161070664688757E-03
   242.007243915002        0.247229652670837E-03
   245.858655590683        0.368779707766360E-03
   249.545716804258        0.534549919524440E-03
   253.053087841679        0.753333284199238E-03
   256.372383275176        0.103333518859954E-02
   259.502057257833        0.138178551379908E-02
   262.446242967389        0.180474710592537E-02
   265.213129257092        0.230708888055694E-02
   267.813330700653        0.289255515438379E-02
   270.258527813385        0.356386551619723E-02
   272.560473343277        0.432280042118631E-02
   274.922616276913        0.523997979067534E-02
   277.205706206434        0.613605521957530E-02
   279.396293200905        0.717269397361052E-02
   281.471311643586        0.828242446182843E-02
   283.454076366239        0.940016234747271E-02
   285.343358846622        0.107588383597630E-01
   286.288869511456        0.114394805629526E-01
