   225.631169714613        0.513541839679059E-05
   227.037868224800        0.534024533258202E-05
   228.509939871705        0.552078266489207E-05
   230.055155780823        0.568575796365081E-05
   231.665191076094        0.582523021081554E-05
   233.326830680106        0.595100851556841E-05
   235.026278659203        0.606777985567108E-05
   236.750415256144        0.616813962953141E-05
   238.487345240510        0.625842397877792E-05
   240.226873008607        0.633856999435147E-05
   241.960888603840        0.641396471006861E-05
   243.683557410506        0.647427879771897E-05
   245.391267649526        0.652917779176756E-05
   247.082357423014        0.658399025320541E-05
   248.756688242661        0.662871790533199E-05
   250.415153760367        0.667335507331417E-05
   252.059211978351        0.670789384811114E-05
   253.690509227560        0.673116065669840E-05
   255.310631314718        0.676331502317657E-05
   256.920981572394        0.678000000000000E-05
   258.522757538259        0.679743911370618E-05
   260.116984533328        0.680940249654104E-05
   261.704566454868        0.681000000000000E-05
   263.357871257992        0.680688155825562E-05
   264.849596647804        0.679513593913176E-05
   265.812546558640        0.678349770886822E-05
   266.059455973566        0.675201887756817E-05
   265.573168125836        0.671151530572512E-05
   264.428166367891        0.666930847963677E-05
   262.747821053723        0.660729204328142E-05
   260.670964801552        0.654510675760956E-05
   258.324924873553        0.646532571565116E-05
   255.807201499234        0.638709635753453E-05
   253.182321982254        0.630055350432812E-05
   250.490248820578        0.621668511129873E-05
   247.757404796455        0.611774343278263E-05
   245.008166988472        0.601984189455104E-05
   242.272212557238        0.591692580989851E-05
   239.586523940905        0.582108894689170E-05
   236.993661795835        0.571999383113351E-05
   234.537527262275        0.562112525310317E-05
   232.262960155906        0.552437408305150E-05
   230.195297407344        0.541948323567475E-05
   228.335851280321        0.532658119778190E-05
   226.669364144782        0.523531189913374E-05
   225.170324629209        0.514584401970735E-05
   223.808096182303        0.505784865661514E-05
   222.551781891772        0.497153769746393E-05
   221.373772507427        0.488655985542765E-05
   220.252204403438        0.480313861824635E-05
   219.172208413834        0.472113442766651E-05
   218.125216720654        0.464046578971410E-05
   217.108287670450        0.456126134775802E-05
   216.124051311724        0.448450365558977E-05
   215.179395531077        0.441679057651652E-05
   214.283993941710        0.434155143350366E-05
   213.447966667040        0.427637409525682E-05
   212.680336547964        0.420579387484541E-05
   211.987714066213        0.414618267794078E-05
   211.373002186978        0.408758233114446E-05
   210.835088679793        0.403598057678300E-05
   210.369774547219        0.398328842735745E-05
   209.971704931663        0.393603689755343E-05
   209.635933627327        0.390161510688378E-05
   209.354938782338        0.386921720595588E-05
   209.126561490136        0.383821905579039E-05
   208.958957543553        0.381729742801093E-05
   208.866779764845        0.379670606345507E-05
   208.869523966025        0.377821991923413E-05
   208.975513110305        0.376824048725208E-05
   209.197637674977        0.376158504522543E-05
   209.523812437865        0.379847764030664E-05
   209.960500542275        0.452368083455226E-05
   210.492485239691        0.508057280686886E-05
   211.051018186365        0.577248420196298E-05
   212.019519851109        0.662366100705982E-05
   213.215569675120        0.783757374548087E-05
   216.730210763230        0.125638531317886E-04
   221.073254187775        0.220139679692608E-04
   225.390170968086        0.376193978813522E-04
   229.662128978364        0.626631373911705E-04
   233.866904681114        0.101662410893164E-03
   237.979620553824        0.160500824641554E-03
   241.974296240218        0.246385533937190E-03
   245.826096568479        0.367574491355147E-03
   249.513835651764        0.532890151994210E-03
   253.022104422764        0.751123694938842E-03
   256.342457683164        0.103048470426573E-02
   259.473285450285        0.137821089416137E-02
   262.418662620470        0.180037453825565E-02
   265.186731582547        0.230185391378871E-02
   267.788074044397        0.288640168876702E-02
   270.234350159866        0.355674452581658E-02
   272.537302289423        0.431466884761705E-02
   274.900327398333        0.523146174147851E-02
   277.184076727267        0.612781033954863E-02
   279.375241693714        0.716173850539829E-02
   281.450870227710        0.827181450764824E-02
   283.433821161057        0.938598174089507E-02
   285.323710115385        0.107451186805179E-01
   286.269429460887        0.114259243635983E-01
