   226.389918306967        0.414253001150436E-05
   227.805783308147        0.431088719115496E-05
   229.285934093877        0.446063426962190E-05
   230.838008127589        0.459016752567151E-05
   232.453740824351        0.471112719462363E-05
   234.119980446495        0.481204779676111E-05
   235.822954270354        0.490290075747528E-05
   237.549544357482        0.499274471361614E-05
   239.287865856982        0.506071975984586E-05
   241.027766288620        0.512863071696926E-05
   242.761225984252        0.518764747349856E-05
   244.482551708944        0.524280024505808E-05
   246.188318084378        0.528787755202698E-05
   247.877080407886        0.533288000012115E-05
   249.548928954793        0.536779910311169E-05
   251.204977309753        0.540130949898127E-05
   252.846876562368        0.542366588423742E-05
   254.476426096241        0.544596797744293E-05
   256.095317281398        0.546821227768274E-05
   257.705009355356        0.548000000000000E-05
   259.306708069498        0.549000000000000E-05
   260.901404329751        0.549000000000000E-05
   262.498303253613        0.549000000000000E-05
   264.156736385028        0.548155390500020E-05
   265.525716314257        0.546973232226444E-05
   266.280992332752        0.543803337402453E-05
   266.319520009878        0.540651489528417E-05
   265.656511775748        0.536568587081778E-05
   264.374520993427        0.531270422440878E-05
   262.593607928468        0.525071090959078E-05
   260.444854402697        0.517305491934905E-05
   258.045244661272        0.509335793271083E-05
   255.483106783039        0.500902484807226E-05
   252.816395305260        0.492335546354690E-05
   250.080096964386        0.482969510868200E-05
   247.297010770538        0.472565129436514E-05
   244.489070410212        0.462811522946608E-05
   241.684620210539        0.452283997868938E-05
   238.919391197076        0.441992307187661E-05
   236.234170682064        0.431936975391116E-05
   233.671527852952        0.422099294654219E-05
   231.276598844857        0.412047663610857E-05
   229.075537028986        0.402061432186459E-05
   227.070784524139        0.392824183469503E-05
   225.248381160257        0.383791724610438E-05
   223.584412442058        0.374914247021980E-05
   222.050435557293        0.366225094626411E-05
   220.618487993000        0.357676911587355E-05
   219.264458863176        0.349298285369295E-05
   217.970156954986        0.341226009070128E-05
   216.724668567075        0.333981546593709E-05
   215.523621410537        0.326049837462906E-05
   214.367872678452        0.319255960300921E-05
   213.262326495417        0.311994351438314E-05
   212.214773858977        0.305069237275785E-05
   211.234709577127        0.298572418993902E-05
   210.331505408280        0.292520808824759E-05
   209.513399192840        0.286566961518076E-05
   208.785569335208        0.280716496640465E-05
   208.149015074142        0.274965493767732E-05
   207.601075619783        0.270049665308785E-05
   207.136820154330        0.265598964716125E-05
   206.750576381569        0.261219656267712E-05
   206.437555362403        0.257931282384420E-05
   206.189495380365        0.254831448760570E-05
   206.006732465223        0.252741791230855E-05
   205.897863384665        0.250684505239025E-05
   205.877808750759        0.248829655104500E-05
   205.961253016497        0.247832070244899E-05
   206.157691094834        0.246849248238302E-05
   206.475433718576        0.246707165723479E-05
   206.911484594569        0.291242746363355E-05
   207.427491102210        0.327394839037657E-05
   207.963313080186        0.371836079988861E-05
   209.084729067823        0.438136513484824E-05
   210.702755387383        0.552469438567788E-05
   213.390510589887        0.801920972340247E-05
   217.768630092539        0.143690578115576E-04
   222.131066478675        0.251059437304427E-04
   226.461430272121        0.427579844665373E-04
   230.740119776251        0.709413059244274E-04
   234.944450330432        0.114577671913211E-03
   239.048728638338        0.179985795460298E-03
   243.026126536399        0.274765386524337E-03
   246.851878570913        0.407451635946331E-03
   250.505906098123        0.586975284171112E-03
   253.974718982801        0.822059204462504E-03
   257.252095058590        0.112070114338691E-02
   260.338523990042        0.148984154419651E-02
   263.239809577353        0.193523124934031E-02
   265.965356437049        0.246144842101574E-02
   268.526559011277        0.307199066673553E-02
   270.935516208851        0.376937915632181E-02
   273.224753197962        0.457024888116655E-02
   275.606486416501        0.550266449377180E-02
   277.864704317342        0.638881426495725E-02
   280.029921542865        0.750415936991601E-02
   282.082908254870        0.860184890962837E-02
   284.052109803156        0.982094117931668E-02
   285.920915742667        0.111645245462363E-01
   286.858454070473        0.118392202312375E-01
