     ALT          P          T          FH2O           O3           THEAT        TCOOL        PSATCO2        FCO2
7.3812E+01  3.2610E-05 2.2621E+02    5.3486E-06    1.4003E-07    3.7517E+01   -7.7044E+01    7.7177E+00    2.2200E-04
7.2673E+01  3.8506E-05 2.2763E+02    5.5521E-06    1.7992E-07    5.4986E+00   -4.9242E+01    8.1561E+00    2.2200E-04
7.1536E+01  4.5410E-05 2.2911E+02    5.7340E-06    2.2673E-07    3.0399E+00   -3.0825E+01    8.6348E+00    2.2200E-04
7.0400E+01  5.3485E-05 2.3066E+02    5.8918E-06    2.7685E-07    3.0360E+00   -1.9372E+01    9.1598E+00    2.2200E-04
6.9266E+01  6.2917E-05 2.3228E+02    6.0380E-06    3.2724E-07    3.2575E+00   -1.2749E+01    9.7321E+00    2.2200E-04
6.8133E+01  7.3919E-05 2.3396E+02    6.1616E-06    3.8045E-07    3.5074E+00   -9.1832E+00    1.0350E+01    2.2200E-04
6.7001E+01  8.6735E-05 2.3567E+02    6.2748E-06    4.3719E-07    3.7760E+00   -7.3939E+00    1.1012E+01    2.2200E-04
6.5870E+01  1.0164E-04 2.3741E+02    6.3703E-06    4.9982E-07    4.0755E+00   -6.5561E+00    1.1715E+01    2.2200E-04
6.4741E+01  1.1897E-04 2.3916E+02    6.4607E-06    5.7058E-07    4.4277E+00   -6.2423E+00    1.2457E+01    2.2200E-04
6.3612E+01  1.3907E-04 2.4091E+02    6.5410E-06    6.4895E-07    4.8168E+00   -6.1869E+00    1.3233E+01    2.2200E-04
6.2485E+01  1.6236E-04 2.4266E+02    6.6158E-06    7.3588E-07    5.2421E+00   -6.2611E+00    1.4042E+01    2.2200E-04
6.1359E+01  1.8931E-04 2.4439E+02    6.6834E-06    8.3112E-07    5.6965E+00   -6.4013E+00    1.4880E+01    2.2200E-04
6.0236E+01  2.2046E-04 2.4611E+02    6.7406E-06    9.3536E-07    6.1768E+00   -6.5780E+00    1.5747E+01    2.2200E-04
5.9114E+01  2.5641E-04 2.4781E+02    6.7854E-06    1.0534E-06    6.6892E+00   -6.7794E+00    1.6641E+01    2.2200E-04
5.7994E+01  2.9785E-04 2.4950E+02    6.8302E-06    1.1753E-06    7.1849E+00   -7.0011E+00    1.7562E+01    2.2200E-04
5.6876E+01  3.4555E-04 2.5117E+02    6.8675E-06    1.3146E-06    7.7020E+00   -7.2218E+00    1.8510E+01    2.2200E-04
5.5761E+01  4.0038E-04 2.5282E+02    6.9095E-06    1.4684E-06    8.2143E+00   -7.4515E+00    1.9486E+01    2.2200E-04
5.4649E+01  4.6333E-04 2.5446E+02    6.9320E-06    1.6378E-06    8.7039E+00   -7.6835E+00    2.0491E+01    2.2200E-04
5.3539E+01  5.3550E-04 2.5609E+02    6.9542E-06    1.8314E-06    9.1755E+00   -7.9199E+00    2.1526E+01    2.2200E-04
5.2433E+01  6.1813E-04 2.5771E+02    6.9763E-06    2.0428E-06    9.5819E+00   -8.1500E+00    2.2592E+01    2.2200E-04
5.1330E+01  7.1262E-04 2.5932E+02    6.9900E-06    2.2820E-06    9.9266E+00   -8.3702E+00    2.3689E+01    2.2200E-04
5.0230E+01  8.2051E-04 2.6092E+02    7.0000E-06    2.5450E-06    1.0170E+01   -8.5801E+00    2.4820E+01    2.2200E-04
4.9134E+01  9.4354E-04 2.6251E+02    7.0077E-06    2.8297E-06    1.0283E+01   -8.8334E+00    2.5985E+01    2.2200E-04
4.8041E+01  1.0837E-03 2.6420E+02    7.0000E-06    3.1278E-06    1.0244E+01   -9.1761E+00    2.7257E+01    2.2200E-04
4.6952E+01  1.2430E-03 2.6564E+02    6.9900E-06    3.4486E-06    1.0067E+01   -9.4163E+00    2.8384E+01    2.2200E-04
4.5869E+01  1.4240E-03 2.6648E+02    6.9724E-06    3.7914E-06    9.7471E+00   -9.3911E+00    2.9055E+01    2.2200E-04
4.4794E+01  1.6293E-03 2.6658E+02    6.9418E-06    4.1548E-06    9.2950E+00   -9.0984E+00    2.9132E+01    2.2200E-04
4.3731E+01  1.8619E-03 2.6594E+02    6.8992E-06    4.5064E-06    8.7042E+00   -8.6022E+00    2.8623E+01    2.2200E-04
4.2682E+01  2.1249E-03 2.6467E+02    6.8559E-06    4.8502E-06    8.0436E+00   -7.9964E+00    2.7623E+01    2.2200E-04
4.1649E+01  2.4221E-03 2.6289E+02    6.7939E-06    5.1580E-06    7.3478E+00   -7.3474E+00    2.6268E+01    2.2200E-04
4.0634E+01  2.7573E-03 2.6075E+02    6.7307E-06    5.4176E-06    6.6655E+00   -6.7043E+00    2.4699E+01    2.2200E-04
3.9638E+01  3.1350E-03 2.5836E+02    6.6510E-06    5.6323E-06    6.0389E+00   -6.0942E+00    2.3033E+01    2.2200E-04
3.8662E+01  3.5600E-03 2.5582E+02    6.5729E-06    5.8141E-06    5.4889E+00   -5.5348E+00    2.1352E+01    2.2200E-04
3.7705E+01  4.0374E-03 2.5318E+02    6.4854E-06    5.9554E-06    5.0060E+00   -5.0328E+00    1.9703E+01    2.2200E-04
3.6768E+01  4.5731E-03 2.5048E+02    6.3917E-06    6.0679E-06    4.5850E+00   -4.5932E+00    1.8115E+01    2.2200E-04
3.5850E+01  5.1734E-03 2.4774E+02    6.3000E-06    6.1600E-06    4.2157E+00   -4.2087E+00    1.6601E+01    2.2200E-04
3.4953E+01  5.8450E-03 2.4498E+02    6.2002E-06    6.2338E-06    3.8848E+00   -3.8723E+00    1.5175E+01    2.2200E-04
3.4075E+01  6.5956E-03 2.4224E+02    6.0988E-06    6.2870E-06    3.5804E+00   -3.5703E+00    1.3847E+01    2.2200E-04
3.3215E+01  7.4332E-03 2.3955E+02    5.9958E-06    6.3000E-06    3.2908E+00   -3.2885E+00    1.2628E+01    2.2200E-04
3.2375E+01  8.3666E-03 2.3695E+02    5.8949E-06    6.2850E-06    3.0170E+00   -3.0199E+00    1.1529E+01    2.2200E-04
3.1552E+01  9.4053E-03 2.3450E+02    5.7962E-06    6.2122E-06    2.7507E+00   -2.7624E+00    1.0555E+01    2.2200E-04
3.0747E+01  1.0560E-02 2.3222E+02    5.6996E-06    6.0893E-06    2.4953E+00   -2.5464E+00    9.7083E+00    2.2200E-04
2.9958E+01  1.1841E-02 2.3015E+02    5.5990E-06    5.9037E-06    2.2507E+00   -2.2893E+00    8.9838E+00    2.2200E-04
2.9185E+01  1.3261E-02 2.2829E+02    5.5021E-06    5.6674E-06    2.0222E+00   -2.0491E+00    8.3676E+00    2.2200E-04
2.8426E+01  1.4832E-02 2.2662E+02    5.4110E-06    5.3894E-06    1.8133E+00   -1.8293E+00    7.8428E+00    2.2200E-04
2.7681E+01  1.6568E-02 2.2512E+02    5.3216E-06    5.0789E-06    1.6255E+00   -1.6314E+00    7.3918E+00    2.2200E-04
2.6950E+01  1.8485E-02 2.2376E+02    5.2338E-06    4.7442E-06    1.4589E+00   -1.4566E+00    6.9985E+00    2.2200E-04
2.6231E+01  2.0597E-02 2.2249E+02    5.1476E-06    4.3900E-06    1.3118E+00   -1.3047E+00    6.6492E+00    2.2200E-04
2.5525E+01  2.2922E-02 2.2131E+02    5.0628E-06    4.0352E-06    1.1840E+00   -1.1737E+00    6.3331E+00    2.2200E-04
2.4831E+01  2.5477E-02 2.2018E+02    4.9796E-06    3.6804E-06    1.0713E+00   -1.0608E+00    6.0424E+00    2.2200E-04
2.4148E+01  2.8282E-02 2.1909E+02    4.8977E-06    3.3373E-06    9.7154E-01   -9.6176E-01    5.7717E+00    2.2200E-04
2.3478E+01  3.1355E-02 2.1803E+02    4.8172E-06    3.0067E-06    8.8119E-01   -8.7293E-01    5.5180E+00    2.2200E-04
2.2819E+01  3.4719E-02 2.1700E+02    4.7381E-06    2.7002E-06    7.9893E-01   -7.9100E-01    5.2799E+00    2.2200E-04
2.2171E+01  3.8395E-02 2.1601E+02    4.6704E-06    2.4035E-06    7.2098E-01   -7.1624E-01    4.9939E+00    2.2200E-04
2.1534E+01  4.2406E-02 2.1506E+02    4.5939E-06    2.1266E-06    6.4776E-01   -6.4678E-01    4.6867E+00    2.2200E-04
2.0908E+01  4.6778E-02 2.1416E+02    4.5257E-06    1.8780E-06    5.8027E-01   -5.8192E-01    4.4115E+00    2.2200E-04
2.0293E+01  5.1536E-02 2.1333E+02    4.4551E-06    1.6454E-06    5.1691E-01   -5.2193E-01    4.1685E+00    2.2200E-04
1.9689E+01  5.6706E-02 2.1257E+02    4.3925E-06    1.4291E-06    4.5815E-01   -4.6644E-01    3.9571E+00    2.2200E-04
1.9094E+01  6.2315E-02 2.1189E+02    4.3243E-06    1.2376E-06    4.0547E-01   -4.1282E-01    3.7758E+00    2.2200E-04
1.8509E+01  6.8394E-02 2.1129E+02    4.2658E-06    1.0559E-06    3.5746E-01   -3.6426E-01    3.6226E+00    2.2200E-04
1.7934E+01  7.4971E-02 2.1077E+02    4.2146E-06    8.9417E-07    3.1554E-01   -3.1983E-01    3.4945E+00    2.2200E-04
1.7368E+01  8.2077E-02 2.1033E+02    4.1693E-06    7.5113E-07    2.7961E-01   -2.8067E-01    3.3887E+00    2.2200E-04
1.6811E+01  8.9743E-02 2.0997E+02    4.1248E-06    6.2453E-07    2.4900E-01   -2.4864E-01    3.3022E+00    2.2200E-04
1.6263E+01  9.8002E-02 2.0967E+02    4.0810E-06    5.1129E-07    2.2284E-01   -2.2540E-01    3.2326E+00    2.2200E-04
1.5723E+01  1.0689E-01 2.0942E+02    4.0484E-06    4.1325E-07    1.9978E-01   -1.8062E-01    3.1771E+00    2.2200E-04
1.5192E+01  1.1643E-01 2.0923E+02    4.0177E-06    3.3041E-07    1.8034E-01   -1.6594E-01    3.1345E+00    2.2200E-04
1.4670E+01  1.2666E-01 2.0910E+02    3.9968E-06    2.6204E-07    1.6440E-01   -1.5649E-01    3.1058E+00    2.2200E-04
1.4155E+01  1.3762E-01 2.0905E+02    3.9781E-06    2.0588E-07    1.5128E-01   -1.5098E-01    3.0940E+00    2.2200E-04
1.3648E+01  1.4934E-01 2.0908E+02    3.9659E-06    1.5918E-07    1.4041E-01   -1.4826E-01    3.1020E+00    2.2200E-04
1.3149E+01  1.6186E-01 2.0922E+02    3.9500E-06    1.2327E-07    1.3182E-01   -1.4435E-01    3.1322E+00    2.2200E-04
1.2658E+01  1.7520E-01 2.0946E+02    3.9500E-06    9.9535E-08    1.2563E-01   -1.3698E-01    3.1866E+00    2.2200E-04
1.2174E+01  1.8940E-01 2.0982E+02    3.9859E-06    8.3375E-08    1.2151E-01   -1.2995E-01    3.2671E+00    2.2200E-04
1.1696E+01  2.0450E-01 2.1027E+02    4.7237E-06    7.0935E-08    1.2138E-01   -1.4225E-01    3.3734E+00    2.2200E-04
1.1226E+01  2.2052E-01 2.1079E+02    5.2962E-06    6.1708E-08    1.2135E-01   -1.2980E-01    3.4991E+00    2.2200E-04
1.0762E+01  2.3750E-01 2.1133E+02    5.9944E-06    5.6429E-08    1.2235E-01   -1.0867E-01    3.6329E+00    2.2200E-04
1.0305E+01  2.5546E-01 2.1227E+02    6.8498E-06    5.3261E-08    1.2439E-01   -7.7240E-02    3.8760E+00    2.2200E-04
9.8530E+00  2.7443E-01 2.1360E+02    8.2510E-06    5.0663E-08    1.2970E-01   -1.2627E-01    4.2461E+00    2.2200E-04
9.4045E+00  2.9444E-01 2.1677E+02    1.2631E-05    4.8358E-08    1.4820E-01   -3.9331E-01    5.2277E+00    2.2200E-04
8.9564E+00  3.1552E-01 2.2111E+02    2.2127E-05    4.6115E-08    1.8521E-01   -8.1066E-01    6.2826E+00    2.2200E-04
8.5078E+00  3.3767E-01 2.2543E+02    3.7804E-05    4.3921E-08    2.3634E-01   -1.2375E+00    7.4832E+00    2.2200E-04
8.0592E+00  3.6093E-01 2.2970E+02    6.2955E-05    4.1767E-08    2.9864E-01   -1.6291E+00    8.8329E+00    2.2200E-04
7.6110E+00  3.8530E-01 2.3391E+02    1.0211E-04    3.9617E-08    3.6675E-01   -1.9335E+00    1.0331E+01    2.2200E-04
7.1635E+00  4.1080E-01 2.3802E+02    1.6116E-04    3.7491E-08    4.3793E-01   -2.1402E+00    1.1970E+01    2.2200E-04
6.7174E+00  4.3744E-01 2.4201E+02    2.4734E-04    3.5445E-08    5.1467E-01   -2.2749E+00    1.3739E+01    2.2200E-04
6.2731E+00  4.6521E-01 2.4586E+02    3.6889E-04    3.3402E-08    5.9256E-01   -2.3271E+00    1.5619E+01    2.2200E-04
5.8312E+00  4.9413E-01 2.4955E+02    5.3465E-04    3.1447E-08    6.5783E-01   -2.3312E+00    1.7590E+01    2.2200E-04
5.3923E+00  5.2418E-01 2.5305E+02    7.5341E-04    2.9510E-08    7.0398E-01   -2.3110E+00    1.9627E+01    2.2200E-04
4.9570E+00  5.5535E-01 2.5637E+02    1.0334E-03    2.7590E-08    7.3708E-01   -2.2918E+00    2.1710E+01    2.2200E-04
4.5258E+00  5.8765E-01 2.5950E+02    1.3817E-03    2.5737E-08    7.6370E-01   -2.2469E+00    2.3817E+01    2.2200E-04
4.0993E+00  6.2103E-01 2.6244E+02    1.8046E-03    2.3979E-08    7.8364E-01   -2.1823E+00    2.5933E+01    2.2200E-04
3.6779E+00  6.5549E-01 2.6521E+02    2.3068E-03    2.2331E-08    7.9411E-01   -2.1142E+00    2.8044E+01    2.2200E-04
3.2621E+00  6.9098E-01 2.6781E+02    2.8921E-03    2.0842E-08    7.9537E-01   -2.0182E+00    3.0141E+01    2.2200E-04
2.8524E+00  7.2748E-01 2.7026E+02    3.5632E-03    1.9355E-08    7.9047E-01   -1.8679E+00    3.2217E+01    2.2200E-04
2.4491E+00  7.6495E-01 2.7256E+02    4.3219E-03    1.8082E-08    7.8238E-01   -1.7163E+00    3.4265E+01    2.2200E-04
2.0525E+00  8.0333E-01 2.7492E+02    5.2389E-03    1.6933E-08    7.7690E-01   -1.6214E+00    3.6467E+01    2.2200E-04
1.6627E+00  8.4257E-01 2.7720E+02    6.1349E-03    1.5902E-08    7.5653E-01   -1.5346E+00    3.8694E+01    2.2200E-04
1.2801E+00  8.8261E-01 2.7939E+02    7.1710E-03    1.5064E-08    7.4110E-01   -1.5299E+00    4.0925E+01    2.2200E-04
9.0496E-01  9.2340E-01 2.8147E+02    8.2807E-03    1.4373E-08    7.2881E-01   -1.5971E+00    4.3127E+01    2.2200E-04
5.3750E-01  9.6485E-01 2.8345E+02    9.3977E-03    1.3798E-08    7.2303E-01   -1.7865E+00    4.5314E+01    2.2200E-04
1.7802E-01  1.0069E+00 2.8534E+02    1.0756E-02    1.3302E-08    7.4304E-01   -2.0407E+00    4.7476E+01    2.2200E-04
0.0000E+00  1.0283E+00 2.8628E+02    1.1437E-02    1.3400E-08    7.9053E+00   -3.5323E+00    4.8587E+01    2.2200E-04
