     ALT          P          T          FH2O           O3           THEAT        TCOOL        PSATCO2        FCO2
6.2397E+01  3.2610E-05 1.8233E+02    3.8741E-08    4.2050E-08    3.6731E+01   -2.9821E+01    3.4823E-01    2.4571E-04
6.1483E+01  3.8507E-05 1.7328E+02    5.4312E-08    4.2223E-08    4.0008E+00   -1.1765E+01    1.4202E-01    2.4808E-04
6.0611E+01  4.5412E-05 1.6855E+02    7.4653E-08    3.4402E-08    1.5971E+00   -3.8601E+00    8.5485E-02    2.5028E-04
5.9762E+01  5.3488E-05 1.6718E+02    1.0165E-07    2.2517E-08    1.2839E+00   -1.0781E+00    7.3381E-02    2.5198E-04
5.8921E+01  6.2922E-05 1.6776E+02    1.3804E-07    1.1596E-08    1.1455E+00   -4.2537E-01    7.8356E-02    2.5432E-04
5.8082E+01  7.3926E-05 1.6926E+02    1.8561E-07    4.9449E-09    1.0420E+00   -4.5814E-01    9.2505E-02    2.5634E-04
5.7241E+01  8.6745E-05 1.7106E+02    2.4681E-07    2.4125E-09    9.6356E-01   -6.1223E-01    1.1234E-01    2.5802E-04
5.6398E+01  1.0166E-04 1.7279E+02    3.1738E-07    2.0261E-09    9.0025E-01   -7.0084E-01    1.3503E-01    2.5971E-04
5.5555E+01  1.1899E-04 1.7427E+02    3.9992E-07    1.8963E-09    8.4466E-01   -7.0488E-01    1.5747E-01    2.6039E-04
5.4713E+01  1.3909E-04 1.7538E+02    4.9543E-07    1.8192E-09    7.9636E-01   -6.7381E-01    1.7635E-01    2.6208E-04
5.3873E+01  1.6239E-04 1.7606E+02    6.0135E-07    1.8251E-09    7.5165E-01   -6.3561E-01    1.8892E-01    2.6300E-04
5.3038E+01  1.8935E-04 1.7631E+02    7.1520E-07    1.8852E-09    7.1223E-01   -6.0933E-01    1.9378E-01    2.6400E-04
5.2210E+01  2.2051E-04 1.7618E+02    8.3559E-07    2.0177E-09    6.7815E-01   -5.9926E-01    1.9128E-01    2.6500E-04
5.1390E+01  2.5647E-04 1.7575E+02    9.5789E-07    2.1954E-09    6.4819E-01   -6.0067E-01    1.8322E-01    2.6500E-04
5.0579E+01  2.9792E-04 1.7514E+02    1.0831E-06    2.4360E-09    6.2625E-01   -6.0989E-01    1.7211E-01    2.6600E-04
4.9779E+01  3.4564E-04 1.7445E+02    1.2048E-06    2.7277E-09    6.0946E-01   -6.1969E-01    1.6036E-01    2.6600E-04
4.8989E+01  4.0049E-04 1.7379E+02    1.3308E-06    3.0968E-09    6.0050E-01   -6.2996E-01    1.4985E-01    2.6652E-04
4.8208E+01  4.6346E-04 1.7326E+02    1.4461E-06    3.5240E-09    5.9787E-01   -6.3649E-01    1.4177E-01    2.6700E-04
4.7436E+01  5.3566E-04 1.7291E+02    1.5631E-06    4.0458E-09    6.0047E-01   -6.4234E-01    1.3677E-01    2.6700E-04
4.6672E+01  6.1833E-04 1.7280E+02    1.6702E-06    4.6671E-09    6.0779E-01   -6.4686E-01    1.3517E-01    2.6700E-04
4.5915E+01  7.1285E-04 1.7294E+02    1.7761E-06    5.4153E-09    6.1878E-01   -6.5267E-01    1.3712E-01    2.6700E-04
4.5164E+01  8.2079E-04 1.7332E+02    1.8798E-06    6.3191E-09    6.3202E-01   -6.5943E-01    1.4275E-01    2.6700E-04
4.4417E+01  9.4389E-04 1.7394E+02    1.9693E-06    7.4105E-09    6.4583E-01   -6.6465E-01    1.5219E-01    2.6700E-04
4.3675E+01  1.0841E-03 1.7476E+02    2.0741E-06    8.7008E-09    6.6227E-01   -6.7288E-01    1.6562E-01    2.6700E-04
4.2935E+01  1.2435E-03 1.7576E+02    2.2341E-06    1.0120E-08    6.7893E-01   -6.8741E-01    1.8330E-01    2.6700E-04
4.2198E+01  1.4246E-03 1.7689E+02    2.4362E-06    1.1694E-08    6.9240E-01   -7.0191E-01    2.0555E-01    2.6700E-04
4.1463E+01  1.6300E-03 1.7814E+02    2.6908E-06    1.3214E-08    7.0225E-01   -7.1442E-01    2.3272E-01    2.6700E-04
4.0729E+01  1.8627E-03 1.7947E+02    2.9355E-06    1.4738E-08    7.0929E-01   -7.1922E-01    2.6506E-01    2.6700E-04
3.9998E+01  2.1259E-03 1.8085E+02    3.1689E-06    1.6292E-08    7.1606E-01   -7.2147E-01    3.0263E-01    2.6700E-04
3.9268E+01  2.4232E-03 1.8224E+02    3.3939E-06    1.7855E-08    7.2457E-01   -7.2688E-01    3.4525E-01    2.6700E-04
3.8539E+01  2.7586E-03 1.8361E+02    3.5978E-06    1.9492E-08    7.3575E-01   -7.3715E-01    3.9249E-01    2.6700E-04
3.7813E+01  3.1366E-03 1.8494E+02    3.8016E-06    2.1414E-08    7.5006E-01   -7.5185E-01    4.4365E-01    2.6700E-04
3.7088E+01  3.5618E-03 1.8621E+02    3.9912E-06    2.3662E-08    7.6567E-01   -7.6641E-01    4.9777E-01    2.6700E-04
3.6367E+01  4.0395E-03 1.8740E+02    4.1714E-06    2.6414E-08    7.8137E-01   -7.7831E-01    5.5367E-01    2.6700E-04
3.5648E+01  4.5755E-03 1.8850E+02    4.3420E-06    2.9607E-08    7.9565E-01   -7.8759E-01    6.1003E-01    2.6700E-04
3.4933E+01  5.1762E-03 1.8950E+02    4.5055E-06    3.3566E-08    8.0943E-01   -7.9666E-01    6.6567E-01    2.6700E-04
3.4221E+01  5.8483E-03 1.9041E+02    4.6555E-06    3.8307E-08    8.2270E-01   -8.0817E-01    7.1993E-01    2.6700E-04
3.3514E+01  6.5994E-03 1.9124E+02    4.7968E-06    4.4014E-08    8.3593E-01   -8.2398E-01    7.7296E-01    2.6700E-04
3.2812E+01  7.4375E-03 1.9202E+02    4.9287E-06    5.0749E-08    8.4849E-01   -8.4397E-01    8.2604E-01    2.6700E-04
3.2114E+01  8.3715E-03 1.9279E+02    5.0516E-06    5.8794E-08    8.6002E-01   -8.6673E-01    8.8157E-01    2.6700E-04
3.1421E+01  9.4110E-03 1.9360E+02    5.1624E-06    6.8309E-08    8.6958E-01   -8.9007E-01    9.4288E-01    2.6700E-04
3.0733E+01  1.0566E-02 1.9447E+02    5.2624E-06    7.9611E-08    8.7698E-01   -9.0289E-01    1.0138E+00    2.6700E-04
3.0049E+01  1.1848E-02 1.9545E+02    5.3581E-06    9.3173E-08    8.8387E-01   -9.1259E-01    1.0982E+00    2.6700E-04
2.9369E+01  1.3269E-02 1.9654E+02    5.4457E-06    1.0974E-07    8.9318E-01   -9.2493E-01    1.1999E+00    2.6700E-04
2.8693E+01  1.4842E-02 1.9775E+02    5.5257E-06    1.2895E-07    9.0449E-01   -9.4129E-01    1.3226E+00    2.6700E-04
2.8020E+01  1.6580E-02 1.9908E+02    5.5930E-06    1.5389E-07    9.2591E-01   -9.6311E-01    1.4689E+00    2.6700E-04
2.7351E+01  1.8498E-02 2.0049E+02    5.6520E-06    1.8470E-07    9.5461E-01   -9.9108E-01    1.6397E+00    2.6700E-04
2.6684E+01  2.0612E-02 2.0194E+02    5.7040E-06    2.2581E-07    9.9453E-01   -1.0237E+00    1.8327E+00    2.6700E-04
2.6021E+01  2.2938E-02 2.0336E+02    5.7437E-06    2.8227E-07    1.0448E+00   -1.0575E+00    2.0414E+00    2.6700E-04
2.5362E+01  2.5496E-02 2.0469E+02    5.7756E-06    3.6051E-07    1.0981E+00   -1.0860E+00    2.2537E+00    2.6700E-04
2.4706E+01  2.8302E-02 2.0584E+02    5.7900E-06    4.6611E-07    1.1398E+00   -1.1010E+00    2.4536E+00    2.6700E-04
2.4055E+01  3.1378E-02 2.0676E+02    5.7900E-06    5.9841E-07    1.1514E+00   -1.0960E+00    2.6242E+00    2.6700E-04
2.3410E+01  3.4745E-02 2.0742E+02    5.7832E-06    7.4608E-07    1.1233E+00   -1.0681E+00    2.7530E+00    2.6700E-04
2.2771E+01  3.8424E-02 2.0782E+02    5.7608E-06    8.8740E-07    1.0601E+00   -1.0180E+00    2.8349E+00    2.6700E-04
2.2140E+01  4.2439E-02 2.0801E+02    5.7311E-06    9.9305E-07    9.7161E-01   -9.5070E-01    2.8737E+00    2.6700E-04
2.1516E+01  4.6815E-02 2.0804E+02    5.6812E-06    1.0586E-06    8.7427E-01   -8.7170E-01    2.8794E+00    2.6700E-04
2.0901E+01  5.1576E-02 2.0797E+02    5.6249E-06    1.0800E-06    7.7375E-01   -7.8748E-01    2.8652E+00    2.6700E-04
2.0294E+01  5.6751E-02 2.0787E+02    5.5642E-06    1.0708E-06    6.7822E-01   -7.0220E-01    2.8443E+00    2.6700E-04
1.9695E+01  6.2366E-02 2.0779E+02    5.5020E-06    1.0342E-06    5.8938E-01   -6.1985E-01    2.8281E+00    2.6700E-04
1.9104E+01  6.8450E-02 2.0778E+02    5.4223E-06    9.7410E-07    5.0898E-01   -5.4341E-01    2.8248E+00    2.6700E-04
1.8522E+01  7.5033E-02 2.0785E+02    5.3477E-06    9.1132E-07    4.4230E-01   -4.7444E-01    2.8395E+00    2.6700E-04
1.7947E+01  8.2146E-02 2.0801E+02    5.2734E-06    8.4872E-07    3.8781E-01   -4.1399E-01    2.8737E+00    2.6700E-04
1.7380E+01  8.9819E-02 2.0827E+02    5.1979E-06    7.8752E-07    3.4319E-01   -3.6235E-01    2.9262E+00    2.6700E-04
1.6820E+01  9.8086E-02 2.0858E+02    5.1195E-06    7.2630E-07    3.0589E-01   -3.1852E-01    2.9934E+00    2.6700E-04
1.6268E+01  1.0698E-01 2.0893E+02    5.0519E-06    6.6375E-07    2.7265E-01   -2.5633E-01    3.0692E+00    2.6700E-04
1.5722E+01  1.1653E-01 2.0929E+02    4.9870E-06    5.9796E-07    2.4288E-01   -2.2073E-01    3.1476E+00    2.6700E-04
1.5184E+01  1.2677E-01 2.0963E+02    4.9346E-06    5.2711E-07    2.1561E-01   -1.9226E-01    3.2246E+00    2.6700E-04
1.4653E+01  1.3775E-01 2.0995E+02    4.8921E-06    4.5308E-07    1.9058E-01   -1.6980E-01    3.2989E+00    2.6700E-04
1.4130E+01  1.4948E-01 2.1026E+02    4.8502E-06    3.7753E-07    1.6746E-01   -1.5319E-01    3.3720E+00    2.6700E-04
1.3614E+01  1.6200E-01 2.1058E+02    4.8117E-06    3.0162E-07    1.4627E-01   -1.4297E-01    3.4485E+00    2.6700E-04
1.3105E+01  1.7536E-01 2.1093E+02    4.7841E-06    2.3479E-07    1.2851E-01   -1.3503E-01    3.5330E+00    2.6700E-04
1.2603E+01  1.8958E-01 2.1132E+02    4.7877E-06    1.8520E-07    1.1539E-01   -1.2460E-01    3.6309E+00    2.6700E-04
1.2109E+01  2.0469E-01 2.1178E+02    4.9352E-06    1.4747E-07    1.0645E-01   -1.1851E-01    3.7485E+00    2.6700E-04
1.1622E+01  2.2073E-01 2.1228E+02    6.1557E-06    1.1686E-07    1.0393E-01   -1.3448E-01    3.8793E+00    2.6700E-04
1.1142E+01  2.3772E-01 2.1288E+02    7.0292E-06    9.5151E-08    1.0327E-01   -1.2282E-01    4.0426E+00    2.6700E-04
1.0669E+01  2.5570E-01 2.1352E+02    8.1332E-06    8.2222E-08    1.0241E-01   -3.3108E-02    4.2243E+00    2.6700E-04
1.0202E+01  2.7470E-01 2.1449E+02    9.2930E-06    7.3944E-08    1.0567E-01   -1.1818E-01    4.5122E+00    2.6700E-04
9.7374E+00  2.9473E-01 2.1890E+02    1.6609E-05    6.7216E-08    1.3334E-01   -5.3618E-01    5.7260E+00    2.6700E-04
9.2722E+00  3.1583E-01 2.2328E+02    2.8922E-05    6.1258E-08    1.7645E-01   -9.7294E-01    6.8651E+00    2.6700E-04
8.8065E+00  3.3801E-01 2.2762E+02    4.9071E-05    5.5637E-08    2.3313E-01   -1.4076E+00    8.1550E+00    2.6700E-04
8.3408E+00  3.6129E-01 2.3191E+02    8.1075E-05    5.0197E-08    2.9924E-01   -1.7807E+00    9.5976E+00    2.6700E-04
7.8756E+00  3.8569E-01 2.3611E+02    1.3031E-04    4.5013E-08    3.6944E-01   -2.0492E+00    1.1188E+01    2.6700E-04
7.4113E+00  4.1121E-01 2.4021E+02    2.0357E-04    4.0099E-08    4.4392E-01   -2.2289E+00    1.2917E+01    2.6700E-04
6.9485E+00  4.3788E-01 2.4416E+02    3.0884E-04    3.5523E-08    5.2330E-01   -2.3261E+00    1.4768E+01    2.6700E-04
6.4878E+00  4.6569E-01 2.4796E+02    4.5493E-04    3.1254E-08    5.9684E-01   -2.3467E+00    1.6718E+01    2.6700E-04
6.0297E+00  4.9463E-01 2.5157E+02    6.5081E-04    2.7361E-08    6.5226E-01   -2.3316E+00    1.8746E+01    2.6700E-04
5.5749E+00  5.2472E-01 2.5500E+02    9.0507E-04    2.3873E-08    6.9034E-01   -2.3067E+00    2.0827E+01    2.6700E-04
5.1241E+00  5.5593E-01 2.5822E+02    1.2254E-03    2.0714E-08    7.1929E-01   -2.2691E+00    2.2940E+01    2.6700E-04
4.6776E+00  5.8826E-01 2.6126E+02    1.6185E-03    1.7863E-08    7.4232E-01   -2.2022E+00    2.5067E+01    2.6700E-04
4.2362E+00  6.2169E-01 2.6412E+02    2.0897E-03    1.5423E-08    7.5696E-01   -2.1291E+00    2.7194E+01    2.6700E-04
3.8003E+00  6.5618E-01 2.6680E+02    2.6433E-03    1.3231E-08    7.6155E-01   -2.0435E+00    2.9309E+01    2.6700E-04
3.3703E+00  6.9172E-01 2.6931E+02    3.2824E-03    1.1371E-08    7.5838E-01   -1.9124E+00    3.1404E+01    2.6700E-04
2.9468E+00  7.2826E-01 2.7168E+02    4.0096E-03    9.8343E-09    7.5100E-01   -1.7496E+00    3.3475E+01    2.6700E-04
2.5300E+00  7.6577E-01 2.7401E+02    4.8726E-03    8.5405E-09    7.4451E-01   -1.6220E+00    3.5606E+01    2.6700E-04
2.1201E+00  8.0419E-01 2.7636E+02    5.7916E-03    7.4588E-09    7.2864E-01   -1.5246E+00    3.7857E+01    2.6700E-04
1.7173E+00  8.4348E-01 2.7860E+02    6.7347E-03    6.5799E-09    7.0613E-01   -1.4676E+00    4.0105E+01    2.6700E-04
1.3220E+00  8.8358E-01 2.8073E+02    7.8740E-03    5.8965E-09    6.9320E-01   -1.5014E+00    4.2338E+01    2.6700E-04
9.3450E-01  9.2441E-01 2.8276E+02    8.9597E-03    5.3806E-09    6.7823E-01   -1.5847E+00    4.4548E+01    2.6700E-04
5.5500E-01  9.6591E-01 2.8471E+02    1.0287E-02    5.0042E-09    6.8321E-01   -1.8247E+00    4.6749E+01    2.6700E-04
1.8380E-01  1.0080E+00 2.8656E+02    1.1616E-02    4.7206E-09    6.9954E-01   -2.0598E+00    4.8914E+01    2.6700E-04
0.0000E+00  1.0294E+00 2.8749E+02    1.2284E-02    4.7700E-09    7.9856E+00   -3.3959E+00    5.0031E+01    2.6700E-04
