     ALT          P          T          FH2O           O3           THEAT        TCOOL        PSATCO2        FCO2
6.2541E+01  3.2610E-05 1.8210E+02    8.0940E-08    2.8236E-08    3.6628E+01   -2.9549E+01    3.4081E-01    2.4523E-04
6.1628E+01  3.8506E-05 1.7298E+02    1.1314E-07    2.7209E-08    3.9202E+00   -1.1470E+01    1.3772E-01    2.4711E-04
6.0757E+01  4.5412E-05 1.6820E+02    1.5440E-07    2.0198E-08    1.5153E+00   -3.8155E+00    8.2237E-02    2.4980E-04
5.9910E+01  5.3488E-05 1.6679E+02    2.1003E-07    1.1373E-08    1.2187E+00   -1.1055E+00    7.0250E-02    2.5150E-04
5.9071E+01  6.2921E-05 1.6734E+02    2.8261E-07    4.7840E-09    1.1043E+00   -4.5607E-01    7.4778E-02    2.5318E-04
5.8234E+01  7.3925E-05 1.6881E+02    3.7591E-07    1.8890E-09    1.0232E+00   -5.2284E-01    8.8031E-02    2.5486E-04
5.7395E+01  8.6744E-05 1.7057E+02    4.8488E-07    1.4274E-09    9.5854E-01   -6.9445E-01    1.0656E-01    2.5654E-04
5.6555E+01  1.0166E-04 1.7226E+02    6.1159E-07    1.3410E-09    8.9967E-01   -8.0077E-01    1.2762E-01    2.5822E-04
5.5715E+01  1.1898E-04 1.7369E+02    7.5850E-07    1.2735E-09    8.4687E-01   -8.2310E-01    1.4832E-01    2.5900E-04
5.4875E+01  1.3909E-04 1.7477E+02    9.2353E-07    1.2660E-09    8.0086E-01   -8.1030E-01    1.6574E-01    2.6060E-04
5.4038E+01  1.6239E-04 1.7544E+02    1.0995E-06    1.2983E-09    7.5790E-01   -7.8985E-01    1.7756E-01    2.6128E-04
5.3206E+01  1.8935E-04 1.7573E+02    1.2938E-06    1.3675E-09    7.2033E-01   -7.8127E-01    1.8275E-01    2.6200E-04
5.2380E+01  2.2050E-04 1.7568E+02    1.4921E-06    1.4883E-09    6.8804E-01   -7.8246E-01    1.8180E-01    2.6261E-04
5.1562E+01  2.5647E-04 1.7538E+02    1.6922E-06    1.6473E-09    6.6106E-01   -7.8921E-01    1.7636E-01    2.6300E-04
5.0753E+01  2.9792E-04 1.7493E+02    1.8954E-06    1.8441E-09    6.3990E-01   -7.9712E-01    1.6859E-01    2.6300E-04
4.9953E+01  3.4563E-04 1.7446E+02    2.0927E-06    2.0816E-09    6.2680E-01   -8.0205E-01    1.6055E-01    2.6400E-04
4.9162E+01  4.0048E-04 1.7405E+02    2.2902E-06    2.3770E-09    6.1888E-01   -8.0405E-01    1.5385E-01    2.6400E-04
4.8380E+01  4.6345E-04 1.7378E+02    2.4877E-06    2.7407E-09    6.1734E-01   -8.0459E-01    1.4962E-01    2.6400E-04
4.7605E+01  5.3565E-04 1.7371E+02    2.6748E-06    3.1768E-09    6.2135E-01   -8.0367E-01    1.4858E-01    2.6400E-04
4.6837E+01  6.1831E-04 1.7388E+02    2.8526E-06    3.7155E-09    6.2987E-01   -8.0305E-01    1.5125E-01    2.6400E-04
4.6075E+01  7.1284E-04 1.7431E+02    3.0211E-06    4.3647E-09    6.4153E-01   -8.0335E-01    1.5803E-01    2.6400E-04
4.5317E+01  8.2077E-04 1.7498E+02    3.1886E-06    5.1598E-09    6.5511E-01   -8.0474E-01    1.6931E-01    2.6400E-04
4.4562E+01  9.4386E-04 1.7587E+02    3.3551E-06    6.1015E-09    6.6895E-01   -8.0516E-01    1.8547E-01    2.6400E-04
4.3811E+01  1.0840E-03 1.7696E+02    3.5212E-06    7.1880E-09    6.8442E-01   -8.0383E-01    2.0684E-01    2.6400E-04
4.3061E+01  1.2435E-03 1.7818E+02    3.6833E-06    8.3998E-09    6.9841E-01   -7.9983E-01    2.3361E-01    2.6400E-04
4.2314E+01  1.4246E-03 1.7950E+02    3.8334E-06    9.6653E-09    7.0718E-01   -7.9176E-01    2.6574E-01    2.6400E-04
4.1568E+01  1.6299E-03 1.8086E+02    3.9830E-06    1.0960E-08    7.1140E-01   -7.8289E-01    3.0299E-01    2.6400E-04
4.0823E+01  1.8626E-03 1.8223E+02    4.1242E-06    1.2239E-08    7.1276E-01   -7.7588E-01    3.4489E-01    2.6400E-04
4.0080E+01  2.1258E-03 1.8357E+02    4.2551E-06    1.3508E-08    7.1402E-01   -7.7358E-01    3.9082E-01    2.6400E-04
3.9339E+01  2.4231E-03 1.8486E+02    4.3740E-06    1.4996E-08    7.1839E-01   -7.7730E-01    4.4013E-01    2.6400E-04
3.8601E+01  2.7585E-03 1.8609E+02    4.4896E-06    1.6630E-08    7.2658E-01   -7.8621E-01    4.9214E-01    2.6400E-04
3.7865E+01  3.1364E-03 1.8725E+02    4.6004E-06    1.8549E-08    7.3835E-01   -7.9700E-01    5.4611E-01    2.6400E-04
3.7132E+01  3.5616E-03 1.8833E+02    4.7035E-06    2.0893E-08    7.5236E-01   -8.0647E-01    6.0123E-01    2.6400E-04
3.6402E+01  4.0393E-03 1.8934E+02    4.7980E-06    2.3656E-08    7.6658E-01   -8.1333E-01    6.5651E-01    2.6400E-04
3.5677E+01  4.5753E-03 1.9026E+02    4.8884E-06    2.6966E-08    7.8030E-01   -8.1877E-01    7.1100E-01    2.6400E-04
3.4955E+01  5.1760E-03 1.9110E+02    4.9693E-06    3.1025E-08    7.9385E-01   -8.2509E-01    7.6395E-01    2.6400E-04
3.4238E+01  5.8480E-03 1.9186E+02    5.0511E-06    3.5783E-08    8.0701E-01   -8.3499E-01    8.1520E-01    2.6400E-04
3.3526E+01  6.5991E-03 1.9257E+02    5.1179E-06    4.1421E-08    8.2009E-01   -8.4928E-01    8.6547E-01    2.6400E-04
3.2819E+01  7.4372E-03 1.9325E+02    5.1833E-06    4.8198E-08    8.3337E-01   -8.6798E-01    9.1652E-01    2.6400E-04
3.2116E+01  8.3711E-03 1.9395E+02    5.2381E-06    5.6196E-08    8.4567E-01   -8.8931E-01    9.7117E-01    2.6400E-04
3.1419E+01  9.4105E-03 1.9470E+02    5.2867E-06    6.5719E-08    8.5654E-01   -9.1138E-01    1.0330E+00    2.6400E-04
3.0727E+01  1.0566E-02 1.9553E+02    5.3316E-06    7.6984E-08    8.6539E-01   -9.2369E-01    1.1060E+00    2.6400E-04
3.0040E+01  1.1848E-02 1.9648E+02    5.3686E-06    9.0496E-08    8.7358E-01   -9.3243E-01    1.1940E+00    2.6400E-04
2.9356E+01  1.3268E-02 1.9755E+02    5.3960E-06    1.0643E-07    8.8268E-01   -9.4415E-01    1.3010E+00    2.6400E-04
2.8677E+01  1.4841E-02 1.9874E+02    5.4216E-06    1.2657E-07    8.9847E-01   -9.6036E-01    1.4302E+00    2.6400E-04
2.8001E+01  1.6579E-02 2.0005E+02    5.4351E-06    1.5093E-07    9.1976E-01   -9.8215E-01    1.5842E+00    2.6400E-04
2.7328E+01  1.8497E-02 2.0143E+02    5.4486E-06    1.8142E-07    9.4884E-01   -1.0098E+00    1.7635E+00    2.6400E-04
2.6659E+01  2.0611E-02 2.0286E+02    5.4480E-06    2.2310E-07    9.9150E-01   -1.0422E+00    1.9652E+00    2.6400E-04
2.5993E+01  2.2937E-02 2.0425E+02    5.4347E-06    2.7855E-07    1.0411E+00   -1.0754E+00    2.1818E+00    2.6400E-04
2.5330E+01  2.5494E-02 2.0554E+02    5.4214E-06    3.5621E-07    1.0953E+00   -1.1034E+00    2.4004E+00    2.6400E-04
2.4672E+01  2.8301E-02 2.0665E+02    5.3847E-06    4.6189E-07    1.1392E+00   -1.1174E+00    2.6037E+00    2.6400E-04
2.4019E+01  3.1376E-02 2.0752E+02    5.3406E-06    5.9643E-07    1.1545E+00   -1.1112E+00    2.7736E+00    2.6400E-04
2.3371E+01  3.4743E-02 2.0812E+02    5.2888E-06    7.4825E-07    1.1289E+00   -1.0812E+00    2.8966E+00    2.6400E-04
2.2731E+01  3.8421E-02 2.0846E+02    5.2163E-06    8.9349E-07    1.0658E+00   -1.0276E+00    2.9676E+00    2.6400E-04
2.2097E+01  4.2436E-02 2.0857E+02    5.1369E-06    1.0038E-06    9.7710E-01   -9.5574E-01    2.9910E+00    2.6400E-04
2.1472E+01  4.6812E-02 2.0851E+02    5.0494E-06    1.0730E-06    8.7915E-01   -8.7188E-01    2.9777E+00    2.6400E-04
2.0855E+01  5.1573E-02 2.0834E+02    4.9549E-06    1.0981E-06    7.7821E-01   -7.8210E-01    2.9420E+00    2.6400E-04
2.0247E+01  5.6747E-02 2.0813E+02    4.8475E-06    1.0892E-06    6.8098E-01   -6.9088E-01    2.8983E+00    2.6400E-04
1.9648E+01  6.2362E-02 2.0794E+02    4.7395E-06    1.0508E-06    5.9051E-01   -6.0281E-01    2.8582E+00    2.6400E-04
1.9057E+01  6.8446E-02 2.0780E+02    4.6332E-06    9.9726E-07    5.1127E-01   -5.2044E-01    2.8303E+00    2.6400E-04
1.8475E+01  7.5028E-02 2.0775E+02    4.5227E-06    9.3322E-07    4.4353E-01   -4.4590E-01    2.8192E+00    2.6400E-04
1.7901E+01  8.2140E-02 2.0778E+02    4.4152E-06    8.7016E-07    3.8826E-01   -3.7997E-01    2.8264E+00    2.6400E-04
1.7334E+01  8.9813E-02 2.0790E+02    4.3134E-06    8.0804E-07    3.4298E-01   -3.2324E-01    2.8502E+00    2.6400E-04
1.6776E+01  9.8079E-02 2.0808E+02    4.2131E-06    7.4586E-07    3.0516E-01   -2.7466E-01    2.8871E+00    2.6400E-04
1.6225E+01  1.0697E-01 2.0829E+02    4.1253E-06    6.8163E-07    2.7139E-01   -2.0802E-01    2.9311E+00    2.6400E-04
1.5681E+01  1.1652E-01 2.0851E+02    4.0493E-06    6.1233E-07    2.4085E-01   -1.7000E-01    2.9770E+00    2.6400E-04
1.5145E+01  1.2677E-01 2.0871E+02    3.9766E-06    5.3913E-07    2.1311E-01   -1.3897E-01    3.0216E+00    2.6400E-04
1.4617E+01  1.3774E-01 2.0891E+02    3.9161E-06    4.6223E-07    1.8752E-01   -1.1522E-01    3.0649E+00    2.6400E-04
1.4096E+01  1.4947E-01 2.0912E+02    3.8673E-06    3.8345E-07    1.6390E-01   -9.9073E-02    3.1093E+00    2.6400E-04
1.3583E+01  1.6199E-01 2.0934E+02    3.8297E-06    3.0498E-07    1.4238E-01   -9.0467E-02    3.1599E+00    2.6400E-04
1.3077E+01  1.7535E-01 2.0962E+02    3.8030E-06    2.3733E-07    1.2461E-01   -8.4369E-02    3.2221E+00    2.6400E-04
1.2579E+01  1.8956E-01 2.0996E+02    3.8038E-06    1.8673E-07    1.1146E-01   -7.6074E-02    3.3007E+00    2.6400E-04
1.2088E+01  2.0467E-01 2.1037E+02    3.9349E-06    1.4899E-07    1.0256E-01   -6.9410E-02    3.3983E+00    2.6400E-04
1.1604E+01  2.2071E-01 2.1086E+02    4.9332E-06    1.1840E-07    9.9380E-02   -7.9793E-02    3.5151E+00    2.6400E-04
1.1127E+01  2.3771E-01 2.1138E+02    5.6890E-06    9.6117E-08    9.7163E-02   -3.0975E-02    3.6459E+00    2.6400E-04
1.0657E+01  2.5568E-01 2.1192E+02    6.5282E-06    8.3309E-08    9.7447E-02   -6.7796E-03    3.7835E+00    2.6400E-04
1.0192E+01  2.7468E-01 2.1421E+02    8.9441E-06    7.4927E-08    1.0673E-01   -1.9723E-01    4.4254E+00    2.6400E-04
9.7287E+00  2.9471E-01 2.1861E+02    1.6002E-05    6.8125E-08    1.3532E-01   -5.9885E-01    5.6557E+00    2.6400E-04
9.2641E+00  3.1580E-01 2.2299E+02    2.7906E-05    6.2088E-08    1.7832E-01   -1.0243E+00    6.7844E+00    2.6400E-04
8.7991E+00  3.3798E-01 2.2733E+02    4.7415E-05    5.6383E-08    2.3440E-01   -1.4428E+00    8.0635E+00    2.6400E-04
8.3340E+00  3.6126E-01 2.3162E+02    7.8446E-05    5.0856E-08    2.9963E-01   -1.8010E+00    9.4946E+00    2.6400E-04
7.8693E+00  3.8566E-01 2.3583E+02    1.2628E-04    4.5586E-08    3.6859E-01   -2.0580E+00    1.1074E+01    2.6400E-04
7.4056E+00  4.1118E-01 2.3993E+02    1.9759E-04    4.0585E-08    4.4146E-01   -2.2294E+00    1.2793E+01    2.6400E-04
6.9433E+00  4.3784E-01 2.4389E+02    3.0031E-04    3.5988E-08    5.1972E-01   -2.3250E+00    1.4634E+01    2.6400E-04
6.4831E+00  4.6565E-01 2.4769E+02    4.4318E-04    3.1725E-08    5.9336E-01   -2.3450E+00    1.6577E+01    2.6400E-04
6.0255E+00  4.9459E-01 2.5132E+02    6.3518E-04    2.7789E-08    6.4948E-01   -2.3301E+00    1.8599E+01    2.6400E-04
5.5712E+00  5.2468E-01 2.5476E+02    8.8495E-04    2.4214E-08    6.8798E-01   -2.3042E+00    2.0677E+01    2.6400E-04
5.1207E+00  5.5589E-01 2.5800E+02    1.2003E-03    2.0998E-08    7.1709E-01   -2.2683E+00    2.2787E+01    2.6400E-04
4.6747E+00  5.8821E-01 2.6105E+02    1.5879E-03    1.8151E-08    7.4040E-01   -2.2029E+00    2.4913E+01    2.6400E-04
4.2336E+00  6.2163E-01 2.6391E+02    2.0532E-03    1.5713E-08    7.5557E-01   -2.1301E+00    2.7039E+01    2.6400E-04
3.7980E+00  6.5613E-01 2.6661E+02    2.6005E-03    1.3523E-08    7.6074E-01   -2.0463E+00    2.9155E+01    2.6400E-04
3.3684E+00  6.9166E-01 2.6913E+02    3.2333E-03    1.1666E-08    7.5798E-01   -1.9181E+00    3.1251E+01    2.6400E-04
2.9452E+00  7.2820E-01 2.7151E+02    3.9537E-03    1.0066E-08    7.5092E-01   -1.7572E+00    3.3324E+01    2.6400E-04
2.5286E+00  7.6570E-01 2.7385E+02    4.8103E-03    8.7334E-09    7.4495E-01   -1.6301E+00    3.5455E+01    2.6400E-04
2.1190E+00  8.0413E-01 2.7620E+02    5.7321E-03    7.6415E-09    7.3012E-01   -1.5314E+00    3.7706E+01    2.6400E-04
1.7164E+00  8.4341E-01 2.7845E+02    6.6553E-03    6.7473E-09    7.0657E-01   -1.4673E+00    3.9951E+01    2.6400E-04
1.3214E+00  8.8350E-01 2.8059E+02    7.7979E-03    6.0484E-09    6.9445E-01   -1.5007E+00    4.2184E+01    2.6400E-04
9.3403E-01  9.2433E-01 2.8262E+02    8.8861E-03    5.5238E-09    6.7969E-01   -1.5823E+00    4.4393E+01    2.6400E-04
5.5473E-01  9.6583E-01 2.8458E+02    1.0192E-02    5.1442E-09    6.8355E-01   -1.8171E+00    4.6594E+01    2.6400E-04
1.8371E-01  1.0079E+00 2.8643E+02    1.1524E-02    4.8605E-09    7.0017E-01   -2.0537E+00    4.8759E+01    2.6400E-04
0.0000E+00  1.0293E+00 2.8736E+02    1.2193E-02    4.9100E-09    7.9896E+00   -3.4086E+00    4.9875E+01    2.6400E-04
