     ALT          P          T          FH2O           O3           THEAT        TCOOL        PSATCO2        FCO2
6.2414E+01  3.2610E-05 1.8226E+02    3.7798E-08    4.2370E-08    3.6733E+01   -2.9653E+01    3.4597E-01    2.4567E-04
6.1500E+01  3.8507E-05 1.7326E+02    5.2947E-08    4.2772E-08    4.0067E+00   -1.1886E+01    1.4179E-01    2.4850E-04
6.0628E+01  4.5412E-05 1.6860E+02    7.2799E-08    3.4861E-08    1.5992E+00   -3.8746E+00    8.5971E-02    2.5025E-04
5.9778E+01  5.3489E-05 1.6729E+02    9.9054E-08    2.2836E-08    1.2859E+00   -1.0602E+00    7.4326E-02    2.5195E-04
5.8936E+01  6.2922E-05 1.6792E+02    1.3462E-07    1.1887E-08    1.1484E+00   -4.2421E-01    7.9787E-02    2.5463E-04
5.8096E+01  7.3926E-05 1.6946E+02    1.8165E-07    5.1021E-09    1.0431E+00   -4.8465E-01    9.4546E-02    2.5631E-04
5.7254E+01  8.6745E-05 1.7129E+02    2.4078E-07    2.4551E-09    9.6392E-01   -6.4023E-01    1.1515E-01    2.5799E-04
5.6410E+01  1.0166E-04 1.7305E+02    3.1129E-07    2.0413E-09    9.0068E-01   -7.0911E-01    1.3874E-01    2.5968E-04
5.5566E+01  1.1899E-04 1.7455E+02    3.9249E-07    1.9075E-09    8.4651E-01   -7.1665E-01    1.6212E-01    2.6100E-04
5.4722E+01  1.3909E-04 1.7568E+02    4.8731E-07    1.8194E-09    7.9666E-01   -6.8229E-01    1.8186E-01    2.6206E-04
5.3880E+01  1.6239E-04 1.7637E+02    5.9143E-07    1.8174E-09    7.5193E-01   -6.4362E-01    1.9507E-01    2.6300E-04
5.3044E+01  1.8935E-04 1.7663E+02    7.0510E-07    1.8846E-09    7.1335E-01   -6.1769E-01    2.0022E-01    2.6441E-04
5.2214E+01  2.2051E-04 1.7650E+02    8.2416E-07    2.0071E-09    6.7854E-01   -6.0669E-01    1.9762E-01    2.6500E-04
5.1392E+01  2.5647E-04 1.7607E+02    9.4600E-07    2.1921E-09    6.4968E-01   -6.0813E-01    1.8912E-01    2.6571E-04
5.0581E+01  2.9793E-04 1.7543E+02    1.0664E-06    2.4262E-09    6.2648E-01   -6.1541E-01    1.7731E-01    2.6600E-04
4.9779E+01  3.4564E-04 1.7471E+02    1.1952E-06    2.7278E-09    6.1118E-01   -6.2721E-01    1.6474E-01    2.6694E-04
4.8987E+01  4.0050E-04 1.7402E+02    1.3113E-06    3.0885E-09    6.0109E-01   -6.3459E-01    1.5337E-01    2.6700E-04
4.8206E+01  4.6347E-04 1.7344E+02    1.4360E-06    3.5176E-09    5.9766E-01   -6.4221E-01    1.4449E-01    2.6700E-04
4.7433E+01  5.3567E-04 1.7306E+02    1.5501E-06    4.0438E-09    6.0012E-01   -6.4678E-01    1.3879E-01    2.6700E-04
4.6668E+01  6.1834E-04 1.7290E+02    1.6611E-06    4.6727E-09    6.0748E-01   -6.5095E-01    1.3657E-01    2.6700E-04
4.5911E+01  7.1287E-04 1.7300E+02    1.7603E-06    5.4225E-09    6.1829E-01   -6.5443E-01    1.3799E-01    2.6700E-04
4.5159E+01  8.2081E-04 1.7335E+02    1.8606E-06    6.3284E-09    6.3141E-01   -6.5956E-01    1.4313E-01    2.6700E-04
4.4413E+01  9.4391E-04 1.7393E+02    1.9502E-06    7.4284E-09    6.4524E-01   -6.6392E-01    1.5209E-01    2.6700E-04
4.3670E+01  1.0841E-03 1.7473E+02    2.0524E-06    8.7366E-09    6.6168E-01   -6.7073E-01    1.6503E-01    2.6700E-04
4.2930E+01  1.2435E-03 1.7569E+02    2.1894E-06    1.0210E-08    6.7812E-01   -6.8157E-01    1.8216E-01    2.6700E-04
4.2193E+01  1.4246E-03 1.7681E+02    2.3873E-06    1.1717E-08    6.9123E-01   -6.9549E-01    2.0377E-01    2.6700E-04
4.1459E+01  1.6301E-03 1.7803E+02    2.6330E-06    1.3328E-08    7.0144E-01   -7.0767E-01    2.3018E-01    2.6700E-04
4.0726E+01  1.8627E-03 1.7934E+02    2.8877E-06    1.4945E-08    7.0925E-01   -7.1396E-01    2.6165E-01    2.6700E-04
3.9995E+01  2.1259E-03 1.8070E+02    3.1304E-06    1.6451E-08    7.1609E-01   -7.1689E-01    2.9829E-01    2.6700E-04
3.9265E+01  2.4233E-03 1.8207E+02    3.3552E-06    1.7968E-08    7.2447E-01   -7.2180E-01    3.3995E-01    2.6700E-04
3.8537E+01  2.7587E-03 1.8344E+02    3.5687E-06    1.9641E-08    7.3601E-01   -7.3207E-01    3.8625E-01    2.6700E-04
3.7811E+01  3.1367E-03 1.8477E+02    3.7724E-06    2.1535E-08    7.5027E-01   -7.4638E-01    4.3653E-01    2.6700E-04
3.7088E+01  3.5619E-03 1.8604E+02    3.9716E-06    2.3768E-08    7.6598E-01   -7.6122E-01    4.8990E-01    2.6700E-04
3.6366E+01  4.0396E-03 1.8723E+02    4.1516E-06    2.6519E-08    7.8176E-01   -7.7319E-01    5.4518E-01    2.6700E-04
3.5648E+01  4.5757E-03 1.8833E+02    4.3321E-06    2.9809E-08    7.9663E-01   -7.8298E-01    6.0107E-01    2.6700E-04
3.4934E+01  5.1764E-03 1.8934E+02    4.4955E-06    3.3765E-08    8.1044E-01   -7.9223E-01    6.5639E-01    2.6700E-04
3.4223E+01  5.8485E-03 1.9025E+02    4.6553E-06    3.8496E-08    8.2370E-01   -8.0420E-01    7.1042E-01    2.6700E-04
3.3516E+01  6.5996E-03 1.9109E+02    4.7965E-06    4.4102E-08    8.3644E-01   -8.2017E-01    7.6330E-01    2.6700E-04
3.2814E+01  7.4378E-03 1.9188E+02    4.9370E-06    5.0828E-08    8.4896E-01   -8.4057E-01    8.1627E-01    2.6700E-04
3.2117E+01  8.3719E-03 1.9266E+02    5.0612E-06    5.8862E-08    8.6042E-01   -8.6349E-01    8.7167E-01    2.6700E-04
3.1424E+01  9.4114E-03 1.9347E+02    5.1720E-06    6.8428E-08    8.7009E-01   -8.8698E-01    9.3280E-01    2.6700E-04
3.0736E+01  1.0567E-02 1.9435E+02    5.2819E-06    7.9650E-08    8.7720E-01   -9.0023E-01    1.0034E+00    2.6700E-04
3.0053E+01  1.1849E-02 1.9533E+02    5.3775E-06    9.3190E-08    8.8390E-01   -9.1011E-01    1.0875E+00    2.6700E-04
2.9373E+01  1.3270E-02 1.9642E+02    5.4652E-06    1.0965E-07    8.9307E-01   -9.2257E-01    1.1887E+00    2.6700E-04
2.8698E+01  1.4842E-02 1.9764E+02    5.5453E-06    1.2970E-07    9.0672E-01   -9.3899E-01    1.3108E+00    2.6700E-04
2.8025E+01  1.6580E-02 1.9897E+02    5.6125E-06    1.5369E-07    9.2545E-01   -9.6083E-01    1.4563E+00    2.6700E-04
2.7356E+01  1.8499E-02 2.0038E+02    5.6794E-06    1.8519E-07    9.5584E-01   -9.8907E-01    1.6260E+00    2.6700E-04
2.6690E+01  2.0613E-02 2.0183E+02    5.7336E-06    2.2639E-07    9.9586E-01   -1.0216E+00    1.8180E+00    2.6700E-04
2.6027E+01  2.2940E-02 2.0326E+02    5.7734E-06    2.8267E-07    1.0453E+00   -1.0551E+00    2.0254E+00    2.6700E-04
2.5368E+01  2.5497E-02 2.0458E+02    5.8053E-06    3.6065E-07    1.0979E+00   -1.0834E+00    2.2365E+00    2.6700E-04
2.4712E+01  2.8304E-02 2.0574E+02    5.8300E-06    4.6597E-07    1.1392E+00   -1.0987E+00    2.4355E+00    2.6700E-04
2.4062E+01  3.1380E-02 2.0666E+02    5.8300E-06    5.9892E-07    1.1516E+00   -1.0937E+00    2.6056E+00    2.6700E-04
2.3417E+01  3.4747E-02 2.0732E+02    5.8233E-06    7.4638E-07    1.1233E+00   -1.0659E+00    2.7344E+00    2.6700E-04
2.2778E+01  3.8426E-02 2.0774E+02    5.8106E-06    8.8772E-07    1.0603E+00   -1.0163E+00    2.8168E+00    2.6700E-04
2.2147E+01  4.2441E-02 2.0793E+02    5.7738E-06    9.9376E-07    9.7191E-01   -9.4890E-01    2.8565E+00    2.6700E-04
2.1524E+01  4.6817E-02 2.0796E+02    5.7318E-06    1.0580E-06    8.7433E-01   -8.7046E-01    2.8632E+00    2.6700E-04
2.0908E+01  5.1579E-02 2.0790E+02    5.6826E-06    1.0868E-06    7.7681E-01   -7.8606E-01    2.8500E+00    2.6700E-04
2.0301E+01  5.6754E-02 2.0780E+02    5.6250E-06    1.0720E-06    6.7881E-01   -7.0119E-01    2.8301E+00    2.6700E-04
1.9703E+01  6.2369E-02 2.0773E+02    5.5542E-06    1.0351E-06    5.8960E-01   -6.1855E-01    2.8148E+00    2.6700E-04
1.9112E+01  6.8454E-02 2.0771E+02    5.4833E-06    9.7501E-07    5.0927E-01   -5.4245E-01    2.8126E+00    2.6700E-04
1.8530E+01  7.5038E-02 2.0779E+02    5.4089E-06    9.1227E-07    4.4261E-01   -4.7356E-01    2.8284E+00    2.6700E-04
1.7955E+01  8.2151E-02 2.0797E+02    5.3344E-06    8.4905E-07    3.8795E-01   -4.1329E-01    2.8639E+00    2.6700E-04
1.7388E+01  8.9825E-02 2.0823E+02    5.2591E-06    7.8746E-07    3.4325E-01   -3.6197E-01    2.9181E+00    2.6700E-04
1.6829E+01  9.8092E-02 2.0856E+02    5.1892E-06    7.2625E-07    3.0602E-01   -3.1878E-01    2.9874E+00    2.6700E-04
1.6276E+01  1.0698E-01 2.0892E+02    5.1230E-06    6.6372E-07    2.7282E-01   -2.5688E-01    3.0658E+00    2.6700E-04
1.5730E+01  1.1654E-01 2.0929E+02    5.0579E-06    5.9817E-07    2.4312E-01   -2.2161E-01    3.1472E+00    2.6700E-04
1.5192E+01  1.2678E-01 2.0964E+02    5.0041E-06    5.2737E-07    2.1587E-01   -1.9341E-01    3.2275E+00    2.6700E-04
1.4661E+01  1.3775E-01 2.0998E+02    4.9528E-06    4.5337E-07    1.9081E-01   -1.7098E-01    3.3055E+00    2.6700E-04
1.4138E+01  1.4949E-01 2.1031E+02    4.9132E-06    3.7784E-07    1.6772E-01   -1.5488E-01    3.3825E+00    2.6700E-04
1.3621E+01  1.6202E-01 2.1064E+02    4.8822E-06    3.0216E-07    1.4662E-01   -1.4471E-01    3.4619E+00    2.6700E-04
1.3112E+01  1.7537E-01 2.1100E+02    4.8544E-06    2.3536E-07    1.2885E-01   -1.3749E-01    3.5510E+00    2.6700E-04
1.2611E+01  1.8959E-01 2.1140E+02    4.8595E-06    1.8484E-07    1.1558E-01   -1.2718E-01    3.6511E+00    2.6700E-04
1.2116E+01  2.0470E-01 2.1186E+02    5.0123E-06    1.4732E-07    1.0669E-01   -1.1974E-01    3.7696E+00    2.6700E-04
1.1629E+01  2.2074E-01 2.1240E+02    6.2424E-06    1.1713E-07    1.0425E-01   -1.3669E-01    3.9108E+00    2.6700E-04
1.1148E+01  2.3774E-01 2.1295E+02    7.4690E-06    9.4962E-08    1.0368E-01   -1.2768E-01    4.0627E+00    2.6700E-04
1.0675E+01  2.5572E-01 2.1368E+02    8.2794E-06    8.1943E-08    1.0287E-01   -3.7539E-02    4.2691E+00    2.6700E-04
1.0207E+01  2.7472E-01 2.1463E+02    9.4562E-06    7.3645E-08    1.0617E-01   -1.2236E-01    4.5523E+00    2.6700E-04
9.7428E+00  2.9475E-01 2.1903E+02    1.6893E-05    6.6992E-08    1.3417E-01   -5.4290E-01    5.7584E+00    2.6700E-04
9.2773E+00  3.1585E-01 2.2341E+02    2.9406E-05    6.1024E-08    1.7769E-01   -9.8181E-01    6.9028E+00    2.6700E-04
8.8113E+00  3.3803E-01 2.2776E+02    4.9866E-05    5.5394E-08    2.3478E-01   -1.4174E+00    8.1983E+00    2.6700E-04
8.3453E+00  3.6131E-01 2.3205E+02    8.2342E-05    5.0031E-08    3.0120E-01   -1.7901E+00    9.6465E+00    2.6700E-04
7.8797E+00  3.8571E-01 2.3625E+02    1.3227E-04    4.4782E-08    3.7163E-01   -2.0572E+00    1.1243E+01    2.6700E-04
7.4151E+00  4.1124E-01 2.4034E+02    2.0647E-04    3.9909E-08    4.4645E-01   -2.2358E+00    1.2977E+01    2.6700E-04
6.9520E+00  4.3791E-01 2.4429E+02    3.1301E-04    3.5357E-08    5.2600E-01   -2.3310E+00    1.4832E+01    2.6700E-04
6.4910E+00  4.6572E-01 2.4808E+02    4.6068E-04    3.1139E-08    5.9927E-01   -2.3503E+00    1.6787E+01    2.6700E-04
6.0326E+00  4.9467E-01 2.5169E+02    6.5848E-04    2.7237E-08    6.5417E-01   -2.3342E+00    1.8817E+01    2.6700E-04
5.5776E+00  5.2476E-01 2.5511E+02    9.1498E-04    2.3692E-08    6.9187E-01   -2.3092E+00    2.0901E+01    2.6700E-04
5.1265E+00  5.5597E-01 2.5834E+02    1.2378E-03    2.0558E-08    7.2064E-01   -2.2705E+00    2.3015E+01    2.6700E-04
4.6798E+00  5.8831E-01 2.6137E+02    1.6337E-03    1.7776E-08    7.4346E-01   -2.2028E+00    2.5143E+01    2.6700E-04
4.2381E+00  6.2173E-01 2.6421E+02    2.1077E-03    1.5334E-08    7.5778E-01   -2.1292E+00    2.7270E+01    2.6700E-04
3.8020E+00  6.5623E-01 2.6689E+02    2.6644E-03    1.3139E-08    7.6206E-01   -2.0423E+00    2.9384E+01    2.6700E-04
3.3719E+00  6.9177E-01 2.6940E+02    3.3067E-03    1.1356E-08    7.5866E-01   -1.9079E+00    3.1480E+01    2.6700E-04
2.9482E+00  7.2832E-01 2.7177E+02    4.0372E-03    9.7872E-09    7.5120E-01   -1.7474E+00    3.3550E+01    2.6700E-04
2.5312E+00  7.6583E-01 2.7411E+02    4.9128E-03    8.4733E-09    7.4546E-01   -1.6254E+00    3.5704E+01    2.6700E-04
2.1211E+00  8.0426E-01 2.7646E+02    5.8300E-03    7.4010E-09    7.2871E-01   -1.5249E+00    3.7955E+01    2.6700E-04
1.7181E+00  8.4355E-01 2.7870E+02    6.7858E-03    6.5220E-09    7.0662E-01   -1.4708E+00    4.0206E+01    2.6700E-04
1.3226E+00  8.8364E-01 2.8083E+02    7.9229E-03    5.8462E-09    6.9300E-01   -1.5040E+00    4.2438E+01    2.6700E-04
9.3491E-01  9.2448E-01 2.8286E+02    9.0070E-03    5.3310E-09    6.7776E-01   -1.5879E+00    4.4649E+01    2.6700E-04
5.5524E-01  9.6599E-01 2.8480E+02    1.0349E-02    4.9585E-09    6.8336E-01   -1.8310E+00    4.6850E+01    2.6700E-04
1.8388E-01  1.0081E+00 2.8664E+02    1.1675E-02    4.6819E-09    6.9944E-01   -2.0649E+00    4.9015E+01    2.6700E-04
0.0000E+00  1.0295E+00 2.8757E+02    1.2343E-02    4.7300E-09    7.9826E+00   -3.3887E+00    5.0132E+01    2.6700E-04
