     ALT          P          T          FH2O           O3           THEAT        TCOOL        PSATCO2        FCO2
6.2392E+01  3.2610E-05 1.8226E+02    4.9403E-08    3.7516E-08    3.6701E+01   -2.9438E+01    3.4595E-01    2.4569E-04
6.1479E+01  3.8506E-05 1.7304E+02    6.9178E-08    3.7184E-08    3.9704E+00   -1.1456E+01    1.3853E-01    2.4751E-04
6.0609E+01  4.5412E-05 1.6816E+02    9.5010E-08    2.9543E-08    1.5692E+00   -3.7807E+00    8.1906E-02    2.5025E-04
5.9761E+01  5.3488E-05 1.6667E+02    1.2878E-07    1.8509E-08    1.2599E+00   -1.0520E+00    6.9321E-02    2.5195E-04
5.8924E+01  6.2921E-05 1.6715E+02    1.7460E-07    8.9643E-09    1.1272E+00   -3.9374E-01    7.3189E-02    2.5362E-04
5.8088E+01  7.3925E-05 1.6856E+02    2.3429E-07    3.6501E-09    1.0308E+00   -4.6295E-01    8.5587E-02    2.5529E-04
5.7251E+01  8.6744E-05 1.7026E+02    3.0732E-07    2.0077E-09    9.5806E-01   -6.0496E-01    1.0306E-01    2.5697E-04
5.6413E+01  1.0166E-04 1.7190E+02    3.9174E-07    1.8213E-09    8.9704E-01   -6.9339E-01    1.2291E-01    2.5864E-04
5.5574E+01  1.1898E-04 1.7330E+02    4.8946E-07    1.7172E-09    8.4444E-01   -7.0232E-01    1.4233E-01    2.6032E-04
5.4736E+01  1.3909E-04 1.7433E+02    6.0244E-07    1.6702E-09    7.9456E-01   -6.7305E-01    1.5847E-01    2.6100E-04
5.3902E+01  1.6238E-04 1.7496E+02    7.2495E-07    1.6898E-09    7.5168E-01   -6.4064E-01    1.6908E-01    2.6266E-04
5.3072E+01  1.8934E-04 1.7520E+02    8.5636E-07    1.7621E-09    7.1147E-01   -6.1874E-01    1.7316E-01    2.6300E-04
5.2249E+01  2.2050E-04 1.7508E+02    9.9485E-07    1.8967E-09    6.7795E-01   -6.1262E-01    1.7119E-01    2.6396E-04
5.1434E+01  2.5646E-04 1.7471E+02    1.1325E-06    2.0704E-09    6.4964E-01   -6.1645E-01    1.6483E-01    2.6459E-04
5.0629E+01  2.9791E-04 1.7419E+02    1.2779E-06    2.3018E-09    6.2739E-01   -6.2768E-01    1.5624E-01    2.6500E-04
4.9832E+01  3.4563E-04 1.7364E+02    1.4212E-06    2.5802E-09    6.1130E-01   -6.3912E-01    1.4746E-01    2.6500E-04
4.9045E+01  4.0048E-04 1.7314E+02    1.5528E-06    2.9267E-09    6.0265E-01   -6.4724E-01    1.4002E-01    2.6537E-04
4.8267E+01  4.6345E-04 1.7279E+02    1.6933E-06    3.3295E-09    6.0114E-01   -6.5680E-01    1.3494E-01    2.6600E-04
4.7497E+01  5.3565E-04 1.7263E+02    1.8270E-06    3.8197E-09    6.0446E-01   -6.6472E-01    1.3280E-01    2.6600E-04
4.6734E+01  6.1831E-04 1.7272E+02    1.9496E-06    4.4077E-09    6.1235E-01   -6.7183E-01    1.3396E-01    2.6600E-04
4.5977E+01  7.1283E-04 1.7305E+02    2.0704E-06    5.1136E-09    6.2376E-01   -6.8083E-01    1.3866E-01    2.6600E-04
4.5225E+01  8.2076E-04 1.7361E+02    2.1911E-06    5.9597E-09    6.3728E-01   -6.9156E-01    1.4712E-01    2.6600E-04
4.4477E+01  9.4385E-04 1.7440E+02    2.3108E-06    6.9704E-09    6.5144E-01   -7.0308E-01    1.5965E-01    2.6600E-04
4.3732E+01  1.0840E-03 1.7539E+02    2.4808E-06    8.1044E-09    6.6842E-01   -7.2099E-01    1.7658E-01    2.6600E-04
4.2989E+01  1.2435E-03 1.7654E+02    2.7077E-06    9.3680E-09    6.8541E-01   -7.4153E-01    1.9831E-01    2.6600E-04
4.2249E+01  1.4245E-03 1.7781E+02    2.9364E-06    1.0776E-08    6.9804E-01   -7.5304E-01    2.2519E-01    2.6600E-04
4.1510E+01  1.6299E-03 1.7917E+02    3.1477E-06    1.2247E-08    7.0601E-01   -7.5484E-01    2.5742E-01    2.6600E-04
4.0772E+01  1.8626E-03 1.8058E+02    3.3514E-06    1.3733E-08    7.1110E-01   -7.5276E-01    2.9496E-01    2.6600E-04
4.0036E+01  2.1258E-03 1.8200E+02    3.5487E-06    1.5102E-08    7.1537E-01   -7.5222E-01    3.3749E-01    2.6600E-04
3.9301E+01  2.4231E-03 1.8339E+02    3.7256E-06    1.6579E-08    7.2184E-01   -7.5625E-01    3.8449E-01    2.6600E-04
3.8568E+01  2.7585E-03 1.8473E+02    3.9016E-06    1.8311E-08    7.3231E-01   -7.6645E-01    4.3525E-01    2.6600E-04
3.7837E+01  3.1364E-03 1.8601E+02    4.0693E-06    2.0232E-08    7.4560E-01   -7.7940E-01    4.8891E-01    2.6600E-04
3.7109E+01  3.5616E-03 1.8722E+02    4.2270E-06    2.2476E-08    7.6035E-01   -7.9118E-01    5.4449E-01    2.6600E-04
3.6384E+01  4.0393E-03 1.8833E+02    4.3722E-06    2.5233E-08    7.7540E-01   -7.9967E-01    6.0084E-01    2.6600E-04
3.5662E+01  4.5753E-03 1.8935E+02    4.5152E-06    2.8542E-08    7.8979E-01   -8.0594E-01    6.5681E-01    2.6600E-04
3.4944E+01  5.1759E-03 1.9027E+02    4.6445E-06    3.2591E-08    8.0364E-01   -8.1228E-01    7.1144E-01    2.6600E-04
3.4230E+01  5.8480E-03 1.9110E+02    4.7633E-06    3.7338E-08    8.1681E-01   -8.2170E-01    7.6433E-01    2.6600E-04
3.3520E+01  6.5990E-03 1.9187E+02    4.8819E-06    4.3056E-08    8.3016E-01   -8.3605E-01    8.1598E-01    2.6600E-04
3.2816E+01  7.4371E-03 1.9260E+02    4.9893E-06    4.9807E-08    8.4300E-01   -8.5479E-01    8.6796E-01    2.6600E-04
3.2116E+01  8.3710E-03 1.9334E+02    5.0860E-06    5.7871E-08    8.5493E-01   -8.7642E-01    9.2292E-01    2.6600E-04
3.1421E+01  9.4104E-03 1.9411E+02    5.1694E-06    6.7413E-08    8.6504E-01   -8.9880E-01    9.8436E-01    2.6600E-04
3.0731E+01  1.0566E-02 1.9497E+02    5.2519E-06    7.8751E-08    8.7315E-01   -9.1135E-01    1.0562E+00    2.6600E-04
3.0045E+01  1.1847E-02 1.9593E+02    5.3205E-06    9.2264E-08    8.8045E-01   -9.2044E-01    1.1423E+00    2.6600E-04
2.9364E+01  1.3268E-02 1.9701E+02    5.3887E-06    1.0890E-07    8.9059E-01   -9.3266E-01    1.2466E+00    2.6600E-04
2.8686E+01  1.4841E-02 1.9822E+02    5.4452E-06    1.2810E-07    9.0228E-01   -9.4900E-01    1.3727E+00    2.6600E-04
2.8012E+01  1.6578E-02 1.9954E+02    5.4944E-06    1.5271E-07    9.2344E-01   -9.7108E-01    1.5230E+00    2.6600E-04
2.7341E+01  1.8496E-02 2.0095E+02    5.5346E-06    1.8429E-07    9.5434E-01   -9.9899E-01    1.6984E+00    2.6600E-04
2.6673E+01  2.0610E-02 2.0239E+02    5.5632E-06    2.2475E-07    9.9312E-01   -1.0316E+00    1.8963E+00    2.6600E-04
2.6009E+01  2.2937E-02 2.0380E+02    5.5897E-06    2.8128E-07    1.0438E+00   -1.0656E+00    2.1097E+00    2.6600E-04
2.5348E+01  2.5494E-02 2.0511E+02    5.6000E-06    3.5891E-07    1.0966E+00   -1.0940E+00    2.3262E+00    2.6600E-04
2.4691E+01  2.8300E-02 2.0625E+02    5.5988E-06    4.6429E-07    1.1388E+00   -1.1090E+00    2.5292E+00    2.6600E-04
2.4039E+01  3.1376E-02 2.0716E+02    5.5857E-06    5.9753E-07    1.1519E+00   -1.1040E+00    2.7014E+00    2.6600E-04
2.3393E+01  3.4742E-02 2.0780E+02    5.5583E-06    7.4587E-07    1.1241E+00   -1.0755E+00    2.8298E+00    2.6600E-04
2.2753E+01  3.8421E-02 2.0819E+02    5.5199E-06    8.8818E-07    1.0609E+00   -1.0246E+00    2.9093E+00    2.6600E-04
2.2121E+01  4.2436E-02 2.0835E+02    5.4693E-06    9.9421E-07    9.7187E-01   -9.5605E-01    2.9438E+00    2.6600E-04
2.1496E+01  4.6811E-02 2.0835E+02    5.4089E-06    1.0605E-06    8.7459E-01   -8.7578E-01    2.9436E+00    2.6600E-04
2.0880E+01  5.1572E-02 2.0825E+02    5.3349E-06    1.0875E-06    7.7566E-01   -7.8936E-01    2.9222E+00    2.6600E-04
2.0272E+01  5.6746E-02 2.0811E+02    5.2621E-06    1.0707E-06    6.7662E-01   -7.0299E-01    2.8934E+00    2.6600E-04
1.9673E+01  6.2361E-02 2.0799E+02    5.1784E-06    1.0328E-06    5.8727E-01   -6.1893E-01    2.8689E+00    2.6600E-04
1.9082E+01  6.8444E-02 2.0793E+02    5.0922E-06    9.7868E-07    5.0882E-01   -5.4034E-01    2.8570E+00    2.6600E-04
1.8499E+01  7.5027E-02 2.0796E+02    4.9989E-06    9.1644E-07    4.4223E-01   -4.6909E-01    2.8622E+00    2.6600E-04
1.7924E+01  8.2139E-02 2.0807E+02    4.9136E-06    8.5391E-07    3.8756E-01   -4.0661E-01    2.8861E+00    2.6600E-04
1.7357E+01  8.9811E-02 2.0827E+02    4.8262E-06    7.9275E-07    3.4281E-01   -3.5280E-01    2.9272E+00    2.6600E-04
1.6797E+01  9.8077E-02 2.0853E+02    4.7459E-06    7.3246E-07    3.0560E-01   -3.0687E-01    2.9816E+00    2.6600E-04
1.6245E+01  1.0697E-01 2.0881E+02    4.6687E-06    6.6979E-07    2.7227E-01   -2.4245E-01    3.0433E+00    2.6600E-04
1.5700E+01  1.1652E-01 2.0910E+02    4.5946E-06    6.0260E-07    2.4212E-01   -2.0513E-01    3.1065E+00    2.6600E-04
1.5162E+01  1.2676E-01 2.0938E+02    4.5408E-06    5.3147E-07    2.1478E-01   -1.7501E-01    3.1676E+00    2.6600E-04
1.4632E+01  1.3773E-01 2.0964E+02    4.4878E-06    4.5644E-07    1.8949E-01   -1.5118E-01    3.2260E+00    2.6600E-04
1.4110E+01  1.4946E-01 2.0989E+02    4.4414E-06    3.7954E-07    1.6612E-01   -1.3411E-01    3.2839E+00    2.6600E-04
1.3595E+01  1.6199E-01 2.1015E+02    4.4073E-06    3.0262E-07    1.4477E-01   -1.2402E-01    3.3456E+00    2.6600E-04
1.3087E+01  1.7534E-01 2.1045E+02    4.3734E-06    2.3592E-07    1.2702E-01   -1.1606E-01    3.4172E+00    2.6600E-04
1.2587E+01  1.8956E-01 2.1081E+02    4.3765E-06    1.8577E-07    1.1386E-01   -1.0609E-01    3.5028E+00    2.6600E-04
1.2094E+01  2.0467E-01 2.1123E+02    4.5117E-06    1.4837E-07    1.0496E-01   -9.9163E-02    3.6080E+00    2.6600E-04
1.1608E+01  2.2071E-01 2.1171E+02    5.6627E-06    1.1778E-07    1.0230E-01   -1.1472E-01    3.7301E+00    2.6600E-04
1.1129E+01  2.3770E-01 2.1226E+02    6.4587E-06    9.5743E-08    1.0138E-01   -9.1402E-02    3.8750E+00    2.6600E-04
1.0658E+01  2.5568E-01 2.1284E+02    7.4105E-06    8.2902E-08    1.0020E-01   -1.7391E-02    4.0320E+00    2.6600E-04
1.0192E+01  2.7467E-01 2.1423E+02    8.9714E-06    7.4601E-08    1.0527E-01   -1.3592E-01    4.4322E+00    2.6600E-04
9.7281E+00  2.9470E-01 2.1863E+02    1.6048E-05    6.7893E-08    1.3282E-01   -5.4541E-01    5.6611E+00    2.6600E-04
9.2635E+00  3.1580E-01 2.2301E+02    2.7979E-05    6.1860E-08    1.7536E-01   -9.7637E-01    6.7903E+00    2.6600E-04
8.7985E+00  3.3797E-01 2.2735E+02    4.7522E-05    5.6158E-08    2.3131E-01   -1.4049E+00    8.0694E+00    2.6600E-04
8.3334E+00  3.6125E-01 2.3164E+02    7.8608E-05    5.0718E-08    2.9676E-01   -1.7743E+00    9.5009E+00    2.6600E-04
7.8687E+00  3.8565E-01 2.3584E+02    1.2651E-04    4.5465E-08    3.6626E-01   -2.0411E+00    1.1081E+01    2.6600E-04
7.4050E+00  4.1117E-01 2.3994E+02    1.9792E-04    4.0539E-08    4.3983E-01   -2.2197E+00    1.2800E+01    2.6600E-04
6.9428E+00  4.3783E-01 2.4390E+02    3.0075E-04    3.5908E-08    5.1860E-01   -2.3191E+00    1.4641E+01    2.6600E-04
6.4826E+00  4.6564E-01 2.4771E+02    4.4374E-04    3.1611E-08    5.9252E-01   -2.3413E+00    1.6584E+01    2.6600E-04
6.0250E+00  4.9458E-01 2.5133E+02    6.3588E-04    2.7677E-08    6.4884E-01   -2.3276E+00    1.8606E+01    2.6600E-04
5.5707E+00  5.2466E-01 2.5477E+02    8.8580E-04    2.4144E-08    6.8753E-01   -2.3023E+00    2.0683E+01    2.6600E-04
5.1203E+00  5.5587E-01 2.5801E+02    1.2013E-03    2.0990E-08    7.1678E-01   -2.2665E+00    2.2793E+01    2.6600E-04
4.6743E+00  5.8820E-01 2.6106E+02    1.5890E-03    1.8127E-08    7.4017E-01   -2.2012E+00    2.4919E+01    2.6600E-04
4.2332E+00  6.2162E-01 2.6392E+02    2.0544E-03    1.5608E-08    7.5536E-01   -2.1286E+00    2.7044E+01    2.6600E-04
3.7977E+00  6.5611E-01 2.6661E+02    2.6019E-03    1.3419E-08    7.6055E-01   -2.0448E+00    2.9159E+01    2.6600E-04
3.3681E+00  6.9164E-01 2.6914E+02    3.2347E-03    1.1563E-08    7.5780E-01   -1.9166E+00    3.1255E+01    2.6600E-04
2.9449E+00  7.2818E-01 2.7152E+02    3.9551E-03    1.0003E-08    7.5076E-01   -1.7557E+00    3.3327E+01    2.6600E-04
2.5284E+00  7.6568E-01 2.7385E+02    4.8118E-03    8.6868E-09    7.4480E-01   -1.6287E+00    3.5458E+01    2.6600E-04
2.1188E+00  8.0410E-01 2.7620E+02    5.7334E-03    7.5902E-09    7.2996E-01   -1.5301E+00    3.7708E+01    2.6600E-04
1.7163E+00  8.4339E-01 2.7845E+02    6.6568E-03    6.6973E-09    7.0644E-01   -1.4662E+00    3.9953E+01    2.6600E-04
1.3212E+00  8.8348E-01 2.8059E+02    7.7992E-03    6.0067E-09    6.9432E-01   -1.4997E+00    4.2186E+01    2.6600E-04
9.3394E-01  9.2430E-01 2.8263E+02    8.8873E-03    5.4835E-09    6.7956E-01   -1.5813E+00    4.4395E+01    2.6600E-04
5.5467E-01  9.6580E-01 2.8458E+02    1.0193E-02    5.1040E-09    6.8344E-01   -1.8162E+00    4.6596E+01    2.6600E-04
1.8369E-01  1.0079E+00 2.8643E+02    1.1525E-02    4.8205E-09    7.0006E-01   -2.0528E+00    4.8760E+01    2.6600E-04
0.0000E+00  1.0293E+00 2.8736E+02    1.2194E-02    4.8700E-09    7.9901E+00   -3.4076E+00    4.9876E+01    2.6600E-04
