     ALT          P          T          FH2O           O3           THEAT        TCOOL        PSATCO2        FCO2
6.3870E+01  3.2610E-05 1.8545E+02    2.8376E-08    4.7813E-08    3.5573E+01   -2.8834E+01    4.6477E-01    2.1436E-04
6.2938E+01  3.8508E-05 1.7684E+02    3.9339E-08    4.5454E-08    4.5517E+00   -1.2525E+01    2.0447E-01    2.1618E-04
6.2046E+01  4.5414E-05 1.7261E+02    5.3940E-08    3.5680E-08    1.6000E+00   -4.0175E+00    1.3252E-01    2.1795E-04
6.1174E+01  5.3492E-05 1.7189E+02    7.3754E-08    2.3421E-08    1.1896E+00   -1.3646E+00    1.2275E-01    2.1971E-04
6.0307E+01  6.2927E-05 1.7327E+02    1.0097E-07    1.3180E-08    1.0558E+00   -6.2234E-01    1.4197E-01    2.2147E-04
5.9438E+01  7.3933E-05 1.7567E+02    1.3762E-07    6.2913E-09    9.6348E-01   -7.0075E-01    1.8177E-01    2.2300E-04
5.8563E+01  8.6754E-05 1.7842E+02    1.8682E-07    2.8361E-09    8.9211E-01   -8.9439E-01    2.3908E-01    2.2403E-04
5.7682E+01  1.0167E-04 1.8112E+02    2.4824E-07    1.8481E-09    8.3898E-01   -1.0131E+00    3.1039E-01    2.2582E-04
5.6795E+01  1.1900E-04 1.8353E+02    3.2081E-07    1.6459E-09    7.9722E-01   -1.0143E+00    3.8946E-01    2.2763E-04
5.5906E+01  1.3911E-04 1.8552E+02    4.0744E-07    1.5428E-09    7.5709E-01   -9.5216E-01    4.6732E-01    2.2843E-04
5.5015E+01  1.6242E-04 1.8700E+02    5.0568E-07    1.5000E-09    7.2259E-01   -8.7948E-01    5.3433E-01    2.3000E-04
5.4126E+01  1.8939E-04 1.8799E+02    6.1580E-07    1.5104E-09    6.9060E-01   -8.2751E-01    5.8347E-01    2.3100E-04
5.3241E+01  2.2055E-04 1.8855E+02    7.3320E-07    1.5715E-09    6.6072E-01   -8.1067E-01    6.1276E-01    2.3100E-04
5.2362E+01  2.5653E-04 1.8878E+02    8.5625E-07    1.6631E-09    6.3723E-01   -8.2920E-01    6.2521E-01    2.3200E-04
5.1490E+01  2.9799E-04 1.8881E+02    9.8544E-07    1.7843E-09    6.1734E-01   -8.7194E-01    6.2672E-01    2.3231E-04
5.0625E+01  3.4573E-04 1.8875E+02    1.1139E-06    1.9349E-09    6.0298E-01   -9.2756E-01    6.2358E-01    2.3300E-04
4.9768E+01  4.0060E-04 1.8870E+02    1.2443E-06    2.1154E-09    5.9259E-01   -9.8788E-01    6.2084E-01    2.3300E-04
4.8919E+01  4.6360E-04 1.8872E+02    1.3796E-06    2.3392E-09    5.8735E-01   -1.0495E+00    6.2178E-01    2.3300E-04
4.8077E+01  5.3583E-04 1.8883E+02    1.5066E-06    2.6072E-09    5.8653E-01   -1.1057E+00    6.2807E-01    2.3300E-04
4.7242E+01  6.1853E-04 1.8905E+02    1.6338E-06    2.9411E-09    5.8950E-01   -1.1568E+00    6.4028E-01    2.3300E-04
4.6413E+01  7.1309E-04 1.8937E+02    1.7519E-06    3.3604E-09    5.9510E-01   -1.1989E+00    6.5837E-01    2.3300E-04
4.5590E+01  8.2108E-04 1.8978E+02    1.8697E-06    3.8892E-09    6.0240E-01   -1.2321E+00    6.8199E-01    2.3300E-04
4.4773E+01  9.4423E-04 1.9026E+02    1.9773E-06    4.5503E-09    6.1010E-01   -1.2516E+00    7.1070E-01    2.3300E-04
4.3961E+01  1.0845E-03 1.9079E+02    2.0767E-06    5.4032E-09    6.2061E-01   -1.2590E+00    7.4389E-01    2.3300E-04
4.3155E+01  1.2440E-03 1.9135E+02    2.1730E-06    6.4792E-09    6.3134E-01   -1.2531E+00    7.8077E-01    2.3300E-04
4.2354E+01  1.4252E-03 1.9193E+02    2.2549E-06    7.8001E-09    6.3884E-01   -1.2300E+00    8.2025E-01    2.3300E-04
4.1558E+01  1.6307E-03 1.9251E+02    2.3260E-06    9.3695E-09    6.4368E-01   -1.1940E+00    8.6096E-01    2.3300E-04
4.0767E+01  1.8635E-03 1.9306E+02    2.3953E-06    1.1153E-08    6.4751E-01   -1.1518E+00    9.0141E-01    2.3300E-04
3.9982E+01  2.1268E-03 1.9356E+02    2.4591E-06    1.3064E-08    6.5214E-01   -1.1090E+00    9.4023E-01    2.3300E-04
3.9202E+01  2.4243E-03 1.9402E+02    2.5193E-06    1.5123E-08    6.5963E-01   -1.0704E+00    9.7641E-01    2.3300E-04
3.8429E+01  2.7600E-03 1.9442E+02    2.5663E-06    1.7411E-08    6.7110E-01   -1.0373E+00    1.0094E+00    2.3300E-04
3.7662E+01  3.1381E-03 1.9477E+02    2.6129E-06    1.9955E-08    6.8646E-01   -1.0098E+00    1.0389E+00    2.3300E-04
3.6901E+01  3.5635E-03 1.9507E+02    2.6590E-06    2.3028E-08    7.0531E-01   -9.8478E-01    1.0652E+00    2.3300E-04
3.6147E+01  4.0416E-03 1.9533E+02    2.6997E-06    2.6637E-08    7.2575E-01   -9.5992E-01    1.0882E+00    2.3300E-04
3.5400E+01  4.5780E-03 1.9555E+02    2.7299E-06    3.0978E-08    7.4705E-01   -9.3549E-01    1.1079E+00    2.3300E-04
3.4659E+01  5.1790E-03 1.9574E+02    2.7596E-06    3.6228E-08    7.6937E-01   -9.1440E-01    1.1245E+00    2.3300E-04
3.3926E+01  5.8516E-03 1.9589E+02    2.7891E-06    4.2588E-08    7.9322E-01   -8.9921E-01    1.1386E+00    2.3300E-04
3.3200E+01  6.6031E-03 1.9602E+02    2.8082E-06    5.0250E-08    8.1882E-01   -8.9087E-01    1.1511E+00    2.3300E-04
3.2481E+01  7.4418E-03 1.9616E+02    2.8285E-06    5.9467E-08    8.4626E-01   -8.8923E-01    1.1636E+00    2.3300E-04
3.1770E+01  8.3765E-03 1.9632E+02    2.8400E-06    7.0569E-08    8.7495E-01   -8.9179E-01    1.1785E+00    2.3300E-04
3.1065E+01  9.4167E-03 1.9652E+02    2.8469E-06    8.4047E-08    9.0445E-01   -8.9608E-01    1.1986E+00    2.3300E-04
3.0368E+01  1.0573E-02 1.9681E+02    2.8500E-06    1.0053E-07    9.3432E-01   -8.9295E-01    1.2266E+00    2.3300E-04
2.9677E+01  1.1856E-02 1.9720E+02    2.8500E-06    1.2114E-07    9.6600E-01   -8.8486E-01    1.2657E+00    2.3300E-04
2.8992E+01  1.3278E-02 1.9772E+02    2.8417E-06    1.4717E-07    1.0017E+00   -8.7994E-01    1.3190E+00    2.3300E-04
2.8313E+01  1.4851E-02 1.9838E+02    2.8282E-06    1.8139E-07    1.0468E+00   -8.8051E-01    1.3896E+00    2.3300E-04
2.7639E+01  1.6591E-02 1.9917E+02    2.8148E-06    2.2884E-07    1.1090E+00   -8.8856E-01    1.4794E+00    2.3300E-04
2.6970E+01  1.8510E-02 2.0007E+02    2.7931E-06    2.9816E-07    1.1959E+00   -9.0308E-01    1.5876E+00    2.3300E-04
2.6306E+01  2.0626E-02 2.0102E+02    2.7669E-06    4.0409E-07    1.3099E+00   -9.1917E-01    1.7081E+00    2.3300E-04
2.5647E+01  2.2955E-02 2.0191E+02    2.7317E-06    5.6925E-07    1.4379E+00   -9.2791E-01    1.8289E+00    2.3300E-04
2.4993E+01  2.5514E-02 2.0264E+02    2.6877E-06    8.0235E-07    1.5269E+00   -9.1877E-01    1.9338E+00    2.3300E-04
2.4345E+01  2.8323E-02 2.0314E+02    2.6393E-06    1.0927E-06    1.5373E+00   -8.8452E-01    2.0084E+00    2.3300E-04
2.3704E+01  3.1401E-02 2.0339E+02    2.5763E-06    1.3591E-06    1.4536E+00   -8.2464E-01    2.0456E+00    2.3300E-04
2.3070E+01  3.4771E-02 2.0340E+02    2.5089E-06    1.5706E-06    1.3334E+00   -7.4531E-01    2.0466E+00    2.3300E-04
2.2445E+01  3.8453E-02 2.0321E+02    2.4352E-06    1.6992E-06    1.1957E+00   -6.5473E-01    2.0183E+00    2.3300E-04
2.1828E+01  4.2471E-02 2.0289E+02    2.3624E-06    1.7296E-06    1.0444E+00   -5.6276E-01    1.9708E+00    2.3300E-04
2.1220E+01  4.6851E-02 2.0252E+02    2.2788E-06    1.6671E-06    8.8975E-01   -4.7701E-01    1.9152E+00    2.3300E-04
2.0622E+01  5.1617E-02 2.0214E+02    2.1924E-06    1.5616E-06    7.5124E-01   -4.0004E-01    1.8609E+00    2.3300E-04
2.0032E+01  5.6796E-02 2.0181E+02    2.1041E-06    1.4331E-06    6.3236E-01   -3.3233E-01    1.8150E+00    2.3300E-04
1.9451E+01  6.2416E-02 2.0157E+02    2.0235E-06    1.2996E-06    5.3348E-01   -2.7291E-01    1.7815E+00    2.3300E-04
1.8878E+01  6.8506E-02 2.0143E+02    1.9360E-06    1.1635E-06    4.5130E-01   -2.2031E-01    1.7622E+00    2.3300E-04
1.8314E+01  7.5095E-02 2.0139E+02    1.8557E-06    1.0479E-06    3.8704E-01   -1.7118E-01    1.7569E+00    2.3300E-04
1.7757E+01  8.2214E-02 2.0144E+02    1.7783E-06    9.4088E-07    3.3505E-01   -1.2621E-01    1.7639E+00    2.3300E-04
1.7208E+01  8.9895E-02 2.0156E+02    1.7030E-06    8.4741E-07    2.9363E-01   -8.4175E-02    1.7804E+00    2.3300E-04
1.6667E+01  9.8169E-02 2.0173E+02    1.6403E-06    7.6100E-07    2.5953E-01   -4.6173E-02    1.8034E+00    2.3300E-04
1.6132E+01  1.0707E-01 2.0191E+02    1.5846E-06    6.7608E-07    2.2909E-01    1.9089E-02    1.8290E+00    2.3300E-04
1.5606E+01  1.1663E-01 2.0209E+02    1.5279E-06    5.9247E-07    2.0194E-01    4.7162E-02    1.8547E+00    2.3300E-04
1.5086E+01  1.2689E-01 2.0227E+02    1.4866E-06    5.0897E-07    1.7749E-01    6.7644E-02    1.8802E+00    2.3300E-04
1.4574E+01  1.3787E-01 2.0247E+02    1.4494E-06    4.2768E-07    1.5535E-01    7.9736E-02    1.9089E+00    2.3300E-04
1.4069E+01  1.4961E-01 2.0271E+02    1.4194E-06    3.4847E-07    1.3514E-01    8.4057E-02    1.9432E+00    2.3300E-04
1.3572E+01  1.6215E-01 2.0300E+02    1.4034E-06    2.7324E-07    1.1723E-01    8.1072E-02    1.9868E+00    2.3300E-04
1.3081E+01  1.7552E-01 2.0340E+02    1.6801E-06    2.1014E-07    1.0444E-01    6.1985E-02    2.0475E+00    2.3300E-04
1.2597E+01  1.8975E-01 2.0390E+02    1.9363E-06    1.6455E-07    9.5513E-02    6.2597E-02    2.1263E+00    2.3300E-04
1.2120E+01  2.0488E-01 2.0444E+02    2.2356E-06    1.3060E-07    8.9443E-02    1.0589E-01    2.2126E+00    2.3300E-04
1.1650E+01  2.2094E-01 2.0526E+02    2.5353E-06    1.0376E-07    8.5602E-02    5.3721E-02    2.3518E+00    2.3300E-04
1.1182E+01  2.3795E-01 2.0853E+02    4.0757E-06    8.3022E-08    9.0927E-02   -1.0503E-01    2.9812E+00    2.3300E-04
1.0716E+01  2.5595E-01 2.1145E+02    6.1609E-06    7.0931E-08    1.0154E-01   -2.8644E-01    3.6638E+00    2.3300E-04
1.0250E+01  2.7496E-01 2.1589E+02    1.1244E-05    6.3449E-08    1.2737E-01   -6.4809E-01    4.9543E+00    2.3300E-04
9.7827E+00  2.9502E-01 2.2031E+02    1.9997E-05    5.7478E-08    1.6512E-01   -1.0296E+00    6.0774E+00    2.3300E-04
9.3145E+00  3.1614E-01 2.2472E+02    3.4650E-05    5.2231E-08    2.1435E-01   -1.4085E+00    7.2733E+00    2.3300E-04
8.8458E+00  3.3834E-01 2.2907E+02    5.8463E-05    4.7368E-08    2.7425E-01   -1.7597E+00    8.6230E+00    2.3300E-04
8.3772E+00  3.6165E-01 2.3336E+02    9.5979E-05    4.2712E-08    3.4059E-01   -2.0432E+00    1.0126E+01    2.3300E-04
7.9090E+00  3.8607E-01 2.3755E+02    1.5317E-04    3.8307E-08    4.0903E-01   -2.2328E+00    1.1776E+01    2.3300E-04
7.4419E+00  4.1163E-01 2.4163E+02    2.3738E-04    3.4238E-08    4.8250E-01   -2.3576E+00    1.3560E+01    2.3300E-04
6.9764E+00  4.3832E-01 2.4555E+02    3.5705E-04    3.0421E-08    5.6001E-01   -2.4092E+00    1.5459E+01    2.3300E-04
6.5131E+00  4.6616E-01 2.4930E+02    5.2120E-04    2.6895E-08    6.2768E-01   -2.4055E+00    1.7450E+01    2.3300E-04
6.0526E+00  4.9514E-01 2.5286E+02    7.3876E-04    2.3651E-08    6.7564E-01   -2.3750E+00    1.9509E+01    2.3300E-04
5.5956E+00  5.2526E-01 2.5622E+02    1.0181E-03    2.0700E-08    7.0872E-01   -2.3471E+00    2.1613E+01    2.3300E-04
5.1426E+00  5.5651E-01 2.5939E+02    1.3664E-03    1.8118E-08    7.3485E-01   -2.2972E+00    2.3741E+01    2.3300E-04
4.6941E+00  5.8888E-01 2.6237E+02    1.7899E-03    1.5752E-08    7.5491E-01   -2.2235E+00    2.5876E+01    2.3300E-04
4.2509E+00  6.2234E-01 2.6516E+02    2.2935E-03    1.3724E-08    7.6579E-01   -2.1474E+00    2.8005E+01    2.3300E-04
3.8132E+00  6.5687E-01 2.6778E+02    2.8810E-03    1.1863E-08    7.6696E-01   -2.0486E+00    3.0119E+01    2.3300E-04
3.3817E+00  6.9245E-01 2.7025E+02    3.5554E-03    1.0327E-08    7.6138E-01   -1.8934E+00    3.2211E+01    2.3300E-04
2.9567E+00  7.2904E-01 2.7257E+02    4.3187E-03    9.0146E-09    7.5241E-01   -1.7378E+00    3.4278E+01    2.3300E-04
2.5384E+00  7.6659E-01 2.7498E+02    5.2532E-03    7.9061E-09    7.4674E-01   -1.6367E+00    3.6528E+01    2.3300E-04
2.1270E+00  8.0506E-01 2.7729E+02    6.1559E-03    6.9828E-09    7.2418E-01   -1.5285E+00    3.8782E+01    2.3300E-04
1.7228E+00  8.4439E-01 2.7951E+02    7.2142E-03    6.2201E-09    7.0643E-01   -1.5032E+00    4.1042E+01    2.3300E-04
1.3262E+00  8.8454E-01 2.8161E+02    8.3333E-03    5.6288E-09    6.8907E-01   -1.5391E+00    4.3276E+01    2.3300E-04
9.3739E-01  9.2542E-01 2.8362E+02    9.4917E-03    5.1769E-09    6.7706E-01   -1.6452E+00    4.5501E+01    2.3300E-04
5.5669E-01  9.6697E-01 2.8553E+02    1.0864E-02    4.8461E-09    6.8311E-01   -1.8928E+00    4.7702E+01    2.3300E-04
1.8435E-01  1.0091E+00 2.8736E+02    1.2172E-02    4.5972E-09    6.9737E-01   -2.1169E+00    4.9871E+01    2.3300E-04
0.0000E+00  1.0305E+00 2.8828E+02    1.2862E-02    4.6400E-09    7.9484E+00   -3.3420E+00    5.0994E+01    2.3300E-04
