     ALT          P          T          FH2O           O3           THEAT        TCOOL        PSATCO2        FCO2
6.2394E+01  3.2610E-05 1.8230E+02    3.9143E-08    4.1784E-08    3.6730E+01   -3.0006E+01    3.4737E-01    2.4572E-04
6.1480E+01  3.8507E-05 1.7324E+02    5.4917E-08    4.2008E-08    3.9995E+00   -1.2046E+01    1.4148E-01    2.4809E-04
6.0609E+01  4.5412E-05 1.6851E+02    7.5454E-08    3.4195E-08    1.5959E+00   -3.8597E+00    8.5157E-02    2.5029E-04
5.9759E+01  5.3488E-05 1.6714E+02    1.0274E-07    2.2385E-08    1.2829E+00   -1.0454E+00    7.3076E-02    2.5199E-04
5.8919E+01  6.2922E-05 1.6772E+02    1.3953E-07    1.1494E-08    1.1426E+00   -4.2391E-01    7.7977E-02    2.5367E-04
5.8080E+01  7.3926E-05 1.6921E+02    1.8773E-07    4.8931E-09    1.0416E+00   -4.5842E-01    9.1984E-02    2.5634E-04
5.7239E+01  8.6744E-05 1.7100E+02    2.4892E-07    2.3920E-09    9.6355E-01   -6.1043E-01    1.1159E-01    2.5802E-04
5.6397E+01  1.0166E-04 1.7272E+02    3.2015E-07    2.0188E-09    9.0029E-01   -6.9771E-01    1.3398E-01    2.5971E-04
5.5554E+01  1.1898E-04 1.7418E+02    4.0333E-07    1.8962E-09    8.4470E-01   -7.0434E-01    1.5607E-01    2.6039E-04
5.4712E+01  1.3909E-04 1.7528E+02    4.9942E-07    1.8192E-09    7.9637E-01   -6.7053E-01    1.7463E-01    2.6208E-04
5.3873E+01  1.6239E-04 1.7595E+02    6.0600E-07    1.8175E-09    7.5160E-01   -6.3296E-01    1.8698E-01    2.6300E-04
5.3038E+01  1.8935E-04 1.7620E+02    7.2003E-07    1.8850E-09    7.1219E-01   -6.0727E-01    1.9176E-01    2.6400E-04
5.2211E+01  2.2051E-04 1.7608E+02    8.4141E-07    2.0081E-09    6.7808E-01   -5.9789E-01    1.8931E-01    2.6500E-04
5.1391E+01  2.5647E-04 1.7565E+02    9.6455E-07    2.1949E-09    6.4818E-01   -5.9952E-01    1.8141E-01    2.6500E-04
5.0581E+01  2.9792E-04 1.7505E+02    1.0859E-06    2.4351E-09    6.2617E-01   -6.0764E-01    1.7053E-01    2.6600E-04
4.9781E+01  3.4564E-04 1.7437E+02    1.2143E-06    2.7264E-09    6.0953E-01   -6.1918E-01    1.5904E-01    2.6600E-04
4.8991E+01  4.0049E-04 1.7372E+02    1.3352E-06    3.0950E-09    6.0050E-01   -6.2834E-01    1.4878E-01    2.6651E-04
4.8211E+01  4.6346E-04 1.7320E+02    1.4555E-06    3.5216E-09    5.9800E-01   -6.3605E-01    1.4094E-01    2.6700E-04
4.7439E+01  5.3566E-04 1.7287E+02    1.5725E-06    4.0427E-09    6.0065E-01   -6.4208E-01    1.3615E-01    2.6700E-04
4.6676E+01  6.1833E-04 1.7277E+02    1.6796E-06    4.6631E-09    6.0799E-01   -6.4673E-01    1.3475E-01    2.6700E-04
4.5919E+01  7.1285E-04 1.7292E+02    1.7855E-06    5.4106E-09    6.1900E-01   -6.5273E-01    1.3688E-01    2.6700E-04
4.5167E+01  8.2079E-04 1.7332E+02    1.8893E-06    6.3032E-09    6.3221E-01   -6.5973E-01    1.4268E-01    2.6700E-04
4.4421E+01  9.4388E-04 1.7395E+02    1.9788E-06    7.3934E-09    6.4605E-01   -6.6532E-01    1.5229E-01    2.6700E-04
4.3678E+01  1.0841E-03 1.7478E+02    2.0920E-06    8.6816E-09    6.6264E-01   -6.7492E-01    1.6590E-01    2.6700E-04
4.2938E+01  1.2435E-03 1.7578E+02    2.2491E-06    1.0103E-08    6.7925E-01   -6.8929E-01    1.8378E-01    2.6700E-04
4.2201E+01  1.4246E-03 1.7693E+02    2.4648E-06    1.1595E-08    6.9258E-01   -7.0524E-01    2.0627E-01    2.6700E-04
4.1466E+01  1.6300E-03 1.7819E+02    2.7140E-06    1.3151E-08    7.0248E-01   -7.1688E-01    2.3372E-01    2.6700E-04
4.0732E+01  1.8627E-03 1.7952E+02    2.9642E-06    1.4727E-08    7.0981E-01   -7.2176E-01    2.6637E-01    2.6700E-04
4.0000E+01  2.1259E-03 1.8091E+02    3.1878E-06    1.6233E-08    7.1614E-01   -7.2311E-01    3.0427E-01    2.6700E-04
3.9270E+01  2.4232E-03 1.8230E+02    3.4130E-06    1.7753E-08    7.2438E-01   -7.2865E-01    3.4722E-01    2.6700E-04
3.8541E+01  2.7586E-03 1.8367E+02    3.6170E-06    1.9425E-08    7.3566E-01   -7.3905E-01    3.9476E-01    2.6700E-04
3.7814E+01  3.1365E-03 1.8501E+02    3.8123E-06    2.1321E-08    7.4970E-01   -7.5343E-01    4.4618E-01    2.6700E-04
3.7090E+01  3.5617E-03 1.8627E+02    4.0006E-06    2.3554E-08    7.6519E-01   -7.6804E-01    5.0052E-01    2.6700E-04
3.6368E+01  4.0395E-03 1.8746E+02    4.1809E-06    2.6306E-08    7.8093E-01   -7.7999E-01    5.5659E-01    2.6700E-04
3.5649E+01  4.5755E-03 1.8856E+02    4.3516E-06    2.9599E-08    7.9566E-01   -7.8921E-01    6.1306E-01    2.6700E-04
3.4934E+01  5.1761E-03 1.8955E+02    4.5090E-06    3.3558E-08    8.0941E-01   -7.9802E-01    6.6876E-01    2.6700E-04
3.4222E+01  5.8483E-03 1.9046E+02    4.6653E-06    3.8294E-08    8.2269E-01   -8.0964E-01    7.2301E-01    2.6700E-04
3.3515E+01  6.5993E-03 1.9128E+02    4.8019E-06    4.3906E-08    8.3545E-01   -8.2519E-01    7.7601E-01    2.6700E-04
3.2812E+01  7.4374E-03 1.9206E+02    4.9286E-06    5.0642E-08    8.4794E-01   -8.4492E-01    8.2904E-01    2.6700E-04
3.2114E+01  8.3715E-03 1.9283E+02    5.0515E-06    5.8687E-08    8.5951E-01   -8.6757E-01    8.8453E-01    2.6700E-04
3.1421E+01  9.4109E-03 1.9363E+02    5.1624E-06    6.8204E-08    8.6912E-01   -8.9082E-01    9.4581E-01    2.6700E-04
3.0733E+01  1.0566E-02 1.9451E+02    5.2624E-06    7.9508E-08    8.7658E-01   -9.0356E-01    1.0167E+00    2.6700E-04
3.0049E+01  1.1848E-02 1.9548E+02    5.3581E-06    9.3072E-08    8.8332E-01   -9.1324E-01    1.1012E+00    2.6700E-04
2.9369E+01  1.3269E-02 1.9657E+02    5.4457E-06    1.0898E-07    8.9066E-01   -9.2565E-01    1.2032E+00    2.6700E-04
2.8693E+01  1.4841E-02 1.9779E+02    5.5157E-06    1.2896E-07    9.0451E-01   -9.4182E-01    1.3262E+00    2.6700E-04
2.8020E+01  1.6579E-02 1.9911E+02    5.5830E-06    1.5390E-07    9.2624E-01   -9.6379E-01    1.4729E+00    2.6700E-04
2.7350E+01  1.8498E-02 2.0052E+02    5.6420E-06    1.8473E-07    9.5496E-01   -9.9183E-01    1.6441E+00    2.6700E-04
2.6684E+01  2.0612E-02 2.0197E+02    5.6940E-06    2.2585E-07    9.9492E-01   -1.0245E+00    1.8375E+00    2.6700E-04
2.6021E+01  2.2938E-02 2.0339E+02    5.7338E-06    2.8235E-07    1.0451E+00   -1.0582E+00    2.0464E+00    2.6700E-04
2.5361E+01  2.5495E-02 2.0472E+02    5.7656E-06    3.5988E-07    1.0971E+00   -1.0866E+00    2.2589E+00    2.6700E-04
2.4705E+01  2.8302E-02 2.0587E+02    5.7800E-06    4.6529E-07    1.1389E+00   -1.1016E+00    2.4589E+00    2.6700E-04
2.4054E+01  3.1378E-02 2.0679E+02    5.7800E-06    5.9766E-07    1.1510E+00   -1.0967E+00    2.6297E+00    2.6700E-04
2.3409E+01  3.4744E-02 2.0745E+02    5.7732E-06    7.4537E-07    1.1231E+00   -1.0689E+00    2.7585E+00    2.6700E-04
2.2770E+01  3.8423E-02 2.0785E+02    5.7508E-06    8.8670E-07    1.0600E+00   -1.0188E+00    2.8405E+00    2.6700E-04
2.2139E+01  4.2438E-02 2.0804E+02    5.7132E-06    9.9244E-07    9.7157E-01   -9.5124E-01    2.8792E+00    2.6700E-04
2.1515E+01  4.6814E-02 2.0807E+02    5.6710E-06    1.0587E-06    8.7458E-01   -8.7252E-01    2.8846E+00    2.6700E-04
2.0899E+01  5.1576E-02 2.0800E+02    5.6147E-06    1.0800E-06    7.7393E-01   -7.8828E-01    2.8701E+00    2.6700E-04
2.0292E+01  5.6750E-02 2.0789E+02    5.5540E-06    1.0708E-06    6.7830E-01   -7.0292E-01    2.8489E+00    2.6700E-04
1.9693E+01  6.2365E-02 2.0781E+02    5.4830E-06    1.0340E-06    5.8934E-01   -6.2019E-01    2.8323E+00    2.6700E-04
1.9103E+01  6.8449E-02 2.0779E+02    5.4090E-06    9.7421E-07    5.0906E-01   -5.4384E-01    2.8286E+00    2.6700E-04
1.8520E+01  7.5032E-02 2.0786E+02    5.3275E-06    9.1211E-07    4.4250E-01   -4.7438E-01    2.8428E+00    2.6700E-04
1.7946E+01  8.2145E-02 2.0803E+02    5.2470E-06    8.4888E-07    3.8777E-01   -4.1366E-01    2.8765E+00    2.6700E-04
1.7378E+01  8.9818E-02 2.0828E+02    5.1751E-06    7.8731E-07    3.4307E-01   -3.6215E-01    2.9283E+00    2.6700E-04
1.6819E+01  9.8084E-02 2.0859E+02    5.0993E-06    7.2697E-07    3.0598E-01   -3.1817E-01    2.9948E+00    2.6700E-04
1.6266E+01  1.0698E-01 2.0894E+02    5.0317E-06    6.6453E-07    2.7275E-01   -2.5587E-01    3.0698E+00    2.6700E-04
1.5721E+01  1.1653E-01 2.0929E+02    4.9668E-06    5.9776E-07    2.4279E-01   -2.2039E-01    3.1472E+00    2.6700E-04
1.5182E+01  1.2677E-01 2.0962E+02    4.9130E-06    5.2783E-07    2.1568E-01   -1.9152E-01    3.2233E+00    2.6700E-04
1.4652E+01  1.3774E-01 2.0994E+02    4.8619E-06    4.5380E-07    1.9061E-01   -1.6850E-01    3.2965E+00    2.6700E-04
1.4128E+01  1.4948E-01 2.1025E+02    4.8226E-06    3.7795E-07    1.6744E-01   -1.5210E-01    3.3687E+00    2.6700E-04
1.3612E+01  1.6200E-01 2.1056E+02    4.7916E-06    3.0168E-07    1.4622E-01   -1.4212E-01    3.4438E+00    2.6700E-04
1.3103E+01  1.7536E-01 2.1091E+02    4.7641E-06    2.3525E-07    1.2851E-01   -1.3382E-01    3.5269E+00    2.6700E-04
1.2602E+01  1.8958E-01 2.1130E+02    4.7679E-06    1.8506E-07    1.1530E-01   -1.2436E-01    3.6252E+00    2.6700E-04
1.2108E+01  2.0469E-01 2.1174E+02    4.9137E-06    1.4736E-07    1.0635E-01   -1.1612E-01    3.7374E+00    2.6700E-04
1.1621E+01  2.2072E-01 2.1226E+02    6.1240E-06    1.1681E-07    1.0368E-01   -1.3254E-01    3.8754E+00    2.6700E-04
1.1141E+01  2.3772E-01 2.1282E+02    7.3461E-06    9.5208E-08    1.0182E-01   -1.1304E-01    4.0270E+00    2.6700E-04
1.0667E+01  2.5570E-01 2.1349E+02    8.0726E-06    8.2298E-08    1.0224E-01   -3.1668E-02    4.2146E+00    2.6700E-04
1.0201E+01  2.7469E-01 2.1446E+02    9.2499E-06    7.4026E-08    1.0563E-01   -1.1936E-01    4.5015E+00    2.6700E-04
9.7363E+00  2.9473E-01 2.1886E+02    1.6534E-05    6.7301E-08    1.3326E-01   -5.3676E-01    5.7174E+00    2.6700E-04
9.2712E+00  3.1582E-01 2.2324E+02    2.8796E-05    6.1346E-08    1.7629E-01   -9.7296E-01    6.8551E+00    2.6700E-04
8.8056E+00  3.3800E-01 2.2759E+02    4.8864E-05    5.5726E-08    2.3288E-01   -1.4069E+00    8.1436E+00    2.6700E-04
8.3400E+00  3.6128E-01 2.3187E+02    8.0745E-05    5.0287E-08    2.9890E-01   -1.7797E+00    9.5848E+00    2.6700E-04
7.8748E+00  3.8568E-01 2.3608E+02    1.2981E-04    4.5026E-08    3.6900E-01   -2.0480E+00    1.1174E+01    2.6700E-04
7.4106E+00  4.1121E-01 2.4017E+02    2.0282E-04    4.0091E-08    4.4337E-01   -2.2276E+00    1.2902E+01    2.6700E-04
6.9478E+00  4.3787E-01 2.4413E+02    3.0777E-04    3.5517E-08    5.2267E-01   -2.3252E+00    1.4751E+01    2.6700E-04
6.4872E+00  4.6568E-01 2.4792E+02    4.5344E-04    3.1305E-08    5.9628E-01   -2.3460E+00    1.6701E+01    2.6700E-04
6.0292E+00  4.9463E-01 2.5154E+02    6.4883E-04    2.7408E-08    6.5182E-01   -2.3310E+00    1.8728E+01    2.6700E-04
5.5745E+00  5.2471E-01 2.5497E+02    9.0252E-04    2.3869E-08    6.8997E-01   -2.3061E+00    2.0808E+01    2.6700E-04
5.1236E+00  5.5592E-01 2.5820E+02    1.2223E-03    2.0739E-08    7.1897E-01   -2.2687E+00    2.2921E+01    2.6700E-04
4.6773E+00  5.8825E-01 2.6124E+02    1.6146E-03    1.7944E-08    7.4206E-01   -2.2021E+00    2.5048E+01    2.6700E-04
4.2359E+00  6.2168E-01 2.6409E+02    2.0851E-03    1.5425E-08    7.5676E-01   -2.1290E+00    2.7174E+01    2.6700E-04
3.8000E+00  6.5617E-01 2.6677E+02    2.6378E-03    1.3321E-08    7.6144E-01   -2.0437E+00    2.9289E+01    2.6700E-04
3.3701E+00  6.9171E-01 2.6929E+02    3.2762E-03    1.1470E-08    7.5833E-01   -1.9129E+00    3.1385E+01    2.6700E-04
2.9466E+00  7.2825E-01 2.7166E+02    4.0025E-03    9.8819E-09    7.5098E-01   -1.7504E+00    3.3456E+01    2.6700E-04
2.5298E+00  7.6576E-01 2.7399E+02    4.8647E-03    8.5600E-09    7.4456E-01   -1.6229E+00    3.5587E+01    2.6700E-04
2.1200E+00  8.0418E-01 2.7634E+02    5.7841E-03    7.4756E-09    7.2882E-01   -1.5252E+00    3.7837E+01    2.6700E-04
1.7172E+00  8.4347E-01 2.7858E+02    6.7246E-03    6.5897E-09    7.0619E-01   -1.4674E+00    4.0086E+01    2.6700E-04
1.3220E+00  8.8356E-01 2.8072E+02    7.8644E-03    5.9064E-09    6.9335E-01   -1.5011E+00    4.2319E+01    2.6700E-04
9.3444E-01  9.2439E-01 2.8275E+02    8.9504E-03    5.3905E-09    6.7841E-01   -1.5843E+00    4.4528E+01    2.6700E-04
5.5497E-01  9.6589E-01 2.8470E+02    1.0275E-02    5.0142E-09    6.8325E-01   -1.8236E+00    4.6730E+01    2.6700E-04
1.8379E-01  1.0080E+00 2.8654E+02    1.1604E-02    4.7306E-09    6.9961E-01   -2.0589E+00    4.8895E+01    2.6700E-04
0.0000E+00  1.0294E+00 2.8747E+02    1.2273E-02    4.7800E-09    7.9862E+00   -3.3973E+00    5.0011E+01    2.6700E-04
