     ALT          P          T          FH2O           O3           THEAT        TCOOL        PSATCO2        FCO2
6.2419E+01  3.2610E-05 1.8244E+02    3.7648E-08    4.2427E-08    3.6734E+01   -2.9247E+01    3.5171E-01    2.4567E-04
6.1504E+01  3.8507E-05 1.7339E+02    5.2779E-08    4.2840E-08    4.0063E+00   -1.1597E+01    1.4377E-01    2.4849E-04
6.0632E+01  4.5412E-05 1.6869E+02    7.2506E-08    3.4912E-08    1.5999E+00   -3.7026E+00    8.6872E-02    2.5024E-04
5.9781E+01  5.3489E-05 1.6736E+02    9.8827E-08    2.2879E-08    1.2896E+00   -1.0624E+00    7.4895E-02    2.5288E-04
5.8939E+01  6.2922E-05 1.6798E+02    1.3447E-07    1.1921E-08    1.1487E+00   -4.3062E-01    8.0292E-02    2.5462E-04
5.8099E+01  7.3926E-05 1.6952E+02    1.8120E-07    5.1178E-09    1.0430E+00   -4.7087E-01    9.5108E-02    2.5630E-04
5.7257E+01  8.6745E-05 1.7134E+02    2.4057E-07    2.4598E-09    9.6382E-01   -6.2296E-01    1.1582E-01    2.5799E-04
5.6413E+01  1.0166E-04 1.7311E+02    3.1008E-07    2.0418E-09    9.0066E-01   -7.1204E-01    1.3958E-01    2.5968E-04
5.5568E+01  1.1899E-04 1.7462E+02    3.9129E-07    1.9040E-09    8.4734E-01   -7.1769E-01    1.6315E-01    2.6137E-04
5.4723E+01  1.3909E-04 1.7575E+02    4.8518E-07    1.8194E-09    7.9679E-01   -6.8415E-01    1.8309E-01    2.6206E-04
5.3881E+01  1.6239E-04 1.7644E+02    5.9028E-07    1.8174E-09    7.5346E-01   -6.4643E-01    1.9645E-01    2.6374E-04
5.3044E+01  1.8935E-04 1.7670E+02    7.0300E-07    1.8845E-09    7.1330E-01   -6.1942E-01    2.0166E-01    2.6441E-04
5.2214E+01  2.2051E-04 1.7657E+02    8.2211E-07    2.0070E-09    6.7839E-01   -6.0838E-01    1.9903E-01    2.6500E-04
5.1393E+01  2.5648E-04 1.7613E+02    9.4400E-07    2.1922E-09    6.4957E-01   -6.0973E-01    1.9041E-01    2.6571E-04
5.0580E+01  2.9793E-04 1.7549E+02    1.0665E-06    2.4263E-09    6.2645E-01   -6.1760E-01    1.7843E-01    2.6600E-04
4.9778E+01  3.4565E-04 1.7477E+02    1.1953E-06    2.7188E-09    6.1113E-01   -6.2937E-01    1.6569E-01    2.6694E-04
4.8987E+01  4.0050E-04 1.7407E+02    1.3115E-06    3.0890E-09    6.0108E-01   -6.3642E-01    1.5417E-01    2.6700E-04
4.8205E+01  4.6348E-04 1.7348E+02    1.4270E-06    3.5184E-09    5.9746E-01   -6.4174E-01    1.4513E-01    2.6700E-04
4.7432E+01  5.3568E-04 1.7309E+02    1.5441E-06    4.0449E-09    5.9995E-01   -6.4675E-01    1.3928E-01    2.6700E-04
4.6667E+01  6.1835E-04 1.7293E+02    1.6513E-06    4.6741E-09    6.0724E-01   -6.5028E-01    1.3693E-01    2.6700E-04
4.5910E+01  7.1288E-04 1.7302E+02    1.7573E-06    5.4243E-09    6.1818E-01   -6.5498E-01    1.3822E-01    2.6700E-04
4.5158E+01  8.2082E-04 1.7336E+02    1.8608E-06    6.3307E-09    6.3138E-01   -6.6057E-01    1.4324E-01    2.6700E-04
4.4411E+01  9.4392E-04 1.7393E+02    1.9504E-06    7.4312E-09    6.4519E-01   -6.6452E-01    1.5210E-01    2.6700E-04
4.3669E+01  1.0841E-03 1.7472E+02    2.0443E-06    8.7413E-09    6.6148E-01   -6.6995E-01    1.6494E-01    2.6700E-04
4.2929E+01  1.2436E-03 1.7568E+02    2.1898E-06    1.0218E-08    6.7811E-01   -6.8169E-01    1.8196E-01    2.6700E-04
4.2192E+01  1.4247E-03 1.7679E+02    2.3778E-06    1.1810E-08    6.9143E-01   -6.9430E-01    2.0346E-01    2.6700E-04
4.1458E+01  1.6301E-03 1.7801E+02    2.6236E-06    1.3331E-08    7.0124E-01   -7.0651E-01    2.2974E-01    2.6700E-04
4.0725E+01  1.8627E-03 1.7932E+02    2.8782E-06    1.4948E-08    7.0902E-01   -7.1291E-01    2.6106E-01    2.6700E-04
3.9994E+01  2.1260E-03 1.8067E+02    3.1209E-06    1.6454E-08    7.1592E-01   -7.1589E-01    2.9752E-01    2.6700E-04
3.9264E+01  2.4233E-03 1.8204E+02    3.3455E-06    1.8067E-08    7.2478E-01   -7.2080E-01    3.3899E-01    2.6700E-04
3.8537E+01  2.7588E-03 1.8341E+02    3.5632E-06    1.9703E-08    7.3624E-01   -7.3125E-01    3.8509E-01    2.6700E-04
3.7811E+01  3.1367E-03 1.8473E+02    3.7726E-06    2.1537E-08    7.5032E-01   -7.4566E-01    4.3518E-01    2.6700E-04
3.7087E+01  3.5619E-03 1.8600E+02    3.9650E-06    2.3840E-08    7.6622E-01   -7.6007E-01    4.8836E-01    2.6700E-04
3.6366E+01  4.0397E-03 1.8719E+02    4.1518E-06    2.6521E-08    7.8178E-01   -7.7223E-01    5.4347E-01    2.6700E-04
3.5648E+01  4.5758E-03 1.8830E+02    4.3241E-06    2.9811E-08    7.9653E-01   -7.8175E-01    5.9923E-01    2.6700E-04
3.4934E+01  5.1764E-03 1.8930E+02    4.4955E-06    3.3766E-08    8.1043E-01   -7.9131E-01    6.5443E-01    2.6700E-04
3.4223E+01  5.8486E-03 1.9022E+02    4.6554E-06    3.8497E-08    8.2372E-01   -8.0332E-01    7.0839E-01    2.6700E-04
3.3517E+01  6.5997E-03 1.9106E+02    4.7965E-06    4.4145E-08    8.3666E-01   -8.1932E-01    7.6122E-01    2.6700E-04
3.2815E+01  7.4379E-03 1.9185E+02    4.9370E-06    5.0926E-08    8.4941E-01   -8.3975E-01    8.1415E-01    2.6700E-04
3.2117E+01  8.3720E-03 1.9263E+02    5.0611E-06    5.8934E-08    8.6073E-01   -8.6272E-01    8.6951E-01    2.6700E-04
3.1425E+01  9.4115E-03 1.9344E+02    5.1784E-06    6.8421E-08    8.7013E-01   -8.8644E-01    9.3059E-01    2.6700E-04
3.0737E+01  1.0567E-02 1.9432E+02    5.2818E-06    7.9739E-08    8.7750E-01   -8.9947E-01    1.0011E+00    2.6700E-04
3.0054E+01  1.1849E-02 1.9530E+02    5.3774E-06    9.3239E-08    8.8403E-01   -9.0939E-01    1.0851E+00    2.6700E-04
2.9374E+01  1.3270E-02 1.9640E+02    5.4726E-06    1.0963E-07    8.9297E-01   -9.2217E-01    1.1862E+00    2.6700E-04
2.8699E+01  1.4842E-02 1.9761E+02    5.5552E-06    1.2967E-07    9.0672E-01   -9.3870E-01    1.3081E+00    2.6700E-04
2.8026E+01  1.6581E-02 1.9894E+02    5.6224E-06    1.5407E-07    9.2658E-01   -9.6047E-01    1.4533E+00    2.6700E-04
2.7357E+01  1.8499E-02 2.0036E+02    5.6893E-06    1.8537E-07    9.5630E-01   -9.8860E-01    1.6228E+00    2.6700E-04
2.6691E+01  2.0613E-02 2.0181E+02    5.7436E-06    2.2631E-07    9.9551E-01   -1.0210E+00    1.8143E+00    2.6700E-04
2.6028E+01  2.2940E-02 2.0323E+02    5.7833E-06    2.8254E-07    1.0448E+00   -1.0545E+00    2.0214E+00    2.6700E-04
2.5369E+01  2.5497E-02 2.0456E+02    5.8153E-06    3.6047E-07    1.0974E+00   -1.0827E+00    2.2323E+00    2.6700E-04
2.4714E+01  2.8304E-02 2.0571E+02    5.8307E-06    4.6570E-07    1.1388E+00   -1.0977E+00    2.4310E+00    2.6700E-04
2.4063E+01  3.1380E-02 2.0664E+02    5.8400E-06    5.9891E-07    1.1517E+00   -1.0931E+00    2.6011E+00    2.6700E-04
2.3419E+01  3.4747E-02 2.0730E+02    5.8334E-06    7.4636E-07    1.1233E+00   -1.0653E+00    2.7299E+00    2.6700E-04
2.2780E+01  3.8426E-02 2.0771E+02    5.8206E-06    8.8734E-07    1.0600E+00   -1.0157E+00    2.8124E+00    2.6700E-04
2.2149E+01  4.2442E-02 2.0791E+02    5.7839E-06    9.9355E-07    9.7187E-01   -9.4833E-01    2.8523E+00    2.6700E-04
2.1525E+01  4.6818E-02 2.0794E+02    5.7419E-06    1.0578E-06    8.7435E-01   -8.6993E-01    2.8593E+00    2.6700E-04
2.0910E+01  5.1580E-02 2.0788E+02    5.6927E-06    1.0868E-06    7.7689E-01   -7.8557E-01    2.8464E+00    2.6700E-04
2.0303E+01  5.6755E-02 2.0778E+02    5.6352E-06    1.0721E-06    6.7893E-01   -7.0071E-01    2.8268E+00    2.6700E-04
1.9705E+01  6.2371E-02 2.0771E+02    5.5644E-06    1.0353E-06    5.8975E-01   -6.1806E-01    2.8118E+00    2.6700E-04
1.9114E+01  6.8455E-02 2.0770E+02    5.4935E-06    9.7523E-07    5.0940E-01   -5.4195E-01    2.8097E+00    2.6700E-04
1.8532E+01  7.5039E-02 2.0778E+02    5.4192E-06    9.1205E-07    4.4258E-01   -4.7313E-01    2.8258E+00    2.6700E-04
1.7957E+01  8.2152E-02 2.0796E+02    5.3447E-06    8.4828E-07    3.8777E-01   -4.1305E-01    2.8616E+00    2.6700E-04
1.7390E+01  8.9826E-02 2.0822E+02    5.2767E-06    7.8669E-07    3.4314E-01   -3.6208E-01    2.9162E+00    2.6700E-04
1.6831E+01  9.8094E-02 2.0855E+02    5.2011E-06    7.2634E-07    3.0610E-01   -3.1855E-01    2.9860E+00    2.6700E-04
1.6278E+01  1.0699E-01 2.0891E+02    5.1332E-06    6.6396E-07    2.7291E-01   -2.5652E-01    3.0650E+00    2.6700E-04
1.5733E+01  1.1654E-01 2.0929E+02    5.0681E-06    5.9747E-07    2.4302E-01   -2.2161E-01    3.1471E+00    2.6700E-04
1.5194E+01  1.2678E-01 2.0965E+02    5.0154E-06    5.2682E-07    2.1581E-01   -1.9358E-01    3.2282E+00    2.6700E-04
1.4663E+01  1.3776E-01 2.0999E+02    4.9730E-06    4.5369E-07    1.9097E-01   -1.7113E-01    3.3068E+00    2.6700E-04
1.4140E+01  1.4949E-01 2.1032E+02    4.9311E-06    3.7818E-07    1.6787E-01   -1.5501E-01    3.3847E+00    2.6700E-04
1.3623E+01  1.6202E-01 2.1065E+02    4.8923E-06    3.0216E-07    1.4666E-01   -1.4496E-01    3.4655E+00    2.6700E-04
1.3114E+01  1.7538E-01 2.1102E+02    4.8673E-06    2.3493E-07    1.2882E-01   -1.3741E-01    3.5542E+00    2.6700E-04
1.2613E+01  1.8959E-01 2.1143E+02    4.8793E-06    1.8501E-07    1.1569E-01   -1.2851E-01    3.6583E+00    2.6700E-04
1.2118E+01  2.0471E-01 2.1188E+02    5.0307E-06    1.4746E-07    1.0679E-01   -1.1920E-01    3.7734E+00    2.6700E-04
1.1631E+01  2.2075E-01 2.1241E+02    6.2581E-06    1.1717E-07    1.0421E-01   -1.3504E-01    3.9160E+00    2.6700E-04
1.1150E+01  2.3774E-01 2.1299E+02    7.5176E-06    9.4841E-08    1.0233E-01   -1.1909E-01    4.0739E+00    2.6700E-04
1.0676E+01  2.5573E-01 2.1370E+02    8.3072E-06    8.1877E-08    1.0301E-01   -3.9741E-02    4.2764E+00    2.6700E-04
1.0209E+01  2.7472E-01 2.1467E+02    9.5157E-06    7.3571E-08    1.0645E-01   -1.2686E-01    4.5668E+00    2.6700E-04
9.7443E+00  2.9476E-01 2.1908E+02    1.6997E-05    6.6913E-08    1.3463E-01   -5.4821E-01    5.7701E+00    2.6700E-04
9.2787E+00  3.1586E-01 2.2346E+02    2.9581E-05    6.0942E-08    1.7833E-01   -9.8783E-01    6.9164E+00    2.6700E-04
8.8126E+00  3.3804E-01 2.2781E+02    5.0154E-05    5.5310E-08    2.3558E-01   -1.4233E+00    8.2138E+00    2.6700E-04
8.3465E+00  3.6132E-01 2.3209E+02    8.2799E-05    4.9945E-08    3.0210E-01   -1.7951E+00    9.6640E+00    2.6700E-04
7.8808E+00  3.8572E-01 2.3630E+02    1.3297E-04    4.4770E-08    3.7259E-01   -2.0611E+00    1.1262E+01    2.6700E-04
7.4161E+00  4.1125E-01 2.4039E+02    2.0752E-04    3.9849E-08    4.4747E-01   -2.2389E+00    1.2998E+01    2.6700E-04
6.9529E+00  4.3792E-01 2.4434E+02    3.1450E-04    3.5266E-08    5.2704E-01   -2.3331E+00    1.4855E+01    2.6700E-04
6.4918E+00  4.6573E-01 2.4813E+02    4.6274E-04    3.1047E-08    6.0018E-01   -2.3518E+00    1.6811E+01    2.6700E-04
6.0334E+00  4.9468E-01 2.5174E+02    6.6122E-04    2.7191E-08    6.5488E-01   -2.3352E+00    1.8843E+01    2.6700E-04
5.5783E+00  5.2477E-01 2.5515E+02    9.1851E-04    2.3697E-08    6.9245E-01   -2.3102E+00    2.0927E+01    2.6700E-04
5.1270E+00  5.5599E-01 2.5837E+02    1.2423E-03    2.0563E-08    7.2114E-01   -2.2711E+00    2.3042E+01    2.6700E-04
4.6803E+00  5.8832E-01 2.6140E+02    1.6391E-03    1.7763E-08    7.4388E-01   -2.2031E+00    2.5170E+01    2.6700E-04
4.2386E+00  6.2175E-01 2.6425E+02    2.1142E-03    1.5239E-08    7.5807E-01   -2.1295E+00    2.7297E+01    2.6700E-04
3.8024E+00  6.5625E-01 2.6692E+02    2.6720E-03    1.3132E-08    7.6225E-01   -2.0422E+00    2.9411E+01    2.6700E-04
3.3722E+00  6.9179E-01 2.6943E+02    3.3155E-03    1.1279E-08    7.5877E-01   -1.9073E+00    3.1507E+01    2.6700E-04
2.9485E+00  7.2833E-01 2.7180E+02    4.0471E-03    9.7397E-09    7.5125E-01   -1.7464E+00    3.3577E+01    2.6700E-04
2.5314E+00  7.6585E-01 2.7414E+02    4.9238E-03    8.4540E-09    7.4539E-01   -1.6243E+00    3.5731E+01    2.6700E-04
2.1213E+00  8.0427E-01 2.7648E+02    5.8405E-03    7.3815E-09    7.2847E-01   -1.5240E+00    3.7982E+01    2.6700E-04
1.7183E+00  8.4357E-01 2.7872E+02    6.7999E-03    6.5024E-09    7.0656E-01   -1.4711E+00    4.0233E+01    2.6700E-04
1.3227E+00  8.8367E-01 2.8085E+02    7.9365E-03    5.8264E-09    6.9280E-01   -1.5044E+00    4.2466E+01    2.6700E-04
9.3499E-01  9.2450E-01 2.8288E+02    9.0201E-03    5.3177E-09    6.7753E-01   -1.5887E+00    4.4677E+01    2.6700E-04
5.5529E-01  9.6601E-01 2.8482E+02    1.0366E-02    4.9485E-09    6.8332E-01   -1.8327E+00    4.6878E+01    2.6700E-04
1.8390E-01  1.0081E+00 2.8667E+02    1.1692E-02    4.6719E-09    6.9935E-01   -2.0662E+00    4.9043E+01    2.6700E-04
0.0000E+00  1.0295E+00 2.8760E+02    1.2359E-02    4.7200E-09    7.9818E+00   -3.3867E+00    5.0160E+01    2.6700E-04
