   182.436171647891        0.376475153370610E-07
   173.392530481437        0.527788827172432E-07
   168.692925647113        0.725059645084646E-07
   167.358327440487        0.988265385766008E-07
   167.981598408585        0.134465702126105E-06
   169.518569696387        0.181195482349544E-06
   171.343895601524        0.240566464927765E-06
   173.109183212929        0.310081591176838E-06
   174.615030154973        0.391288413365233E-06
   175.745123818404        0.485183273807485E-06
   176.442565515663        0.590277202667655E-06
   176.703503404349        0.702997529233395E-06
   176.572388010618        0.822105536508266E-06
   176.132370161334        0.944004802304256E-06
   175.491243109296        0.106646425210234E-05
   174.765561475298        0.119527579118807E-05
   174.065358913732        0.131148048480075E-05
   173.483304449480        0.142700193212514E-05
   173.088870540488        0.154409147357359E-05
   172.926203309506        0.165130481650162E-05
   173.015635983428        0.175725590902640E-05
   173.357213243452        0.186081967207279E-05
   173.934788581622        0.195036475609733E-05
   174.721074197492        0.204428019392867E-05
   175.684173179023        0.218982243227046E-05
   176.791965692604        0.237776551313957E-05
   178.013501717401        0.262355973407778E-05
   179.317557799051        0.287817359411247E-05
   180.671928647133        0.312085358877683E-05
   182.044783244524        0.334551770220410E-05
   183.406980123665        0.356317994719810E-05
   184.733220992122        0.377263755523123E-05
   186.001716855797        0.396499622265933E-05
   187.194188418842        0.415176523575857E-05
   188.296994662877        0.432414159910700E-05
   189.303707019175        0.449554100778422E-05
   190.218123948027        0.465535719145513E-05
   191.056266835473        0.479645123334670E-05
   191.846318669051        0.493698597643708E-05
   192.625991979601        0.506111706876419E-05
   193.437375395586        0.517836932919645E-05
   194.318660697665        0.528183299350641E-05
   195.298956301517        0.537743201752149E-05
   196.396127910667        0.547258339173448E-05
   197.614723380964        0.555517270890979E-05
   198.944050173899        0.562236998176209E-05
   200.356336732937        0.568929939348674E-05
   201.805936841420        0.574355425553549E-05
   203.230540000163        0.578331223742823E-05
   204.556686563103        0.581525398031588E-05
   205.711008447031        0.583073504183959E-05
   206.635489297411        0.584000000000000E-05
   207.301311803989        0.583335406919753E-05
   207.714033670729        0.582058627861956E-05
   207.909571929972        0.578387187282630E-05
   207.943844798087        0.574193341610426E-05
   207.880984872000        0.569271317759828E-05
   207.784775788833        0.563521423946144E-05
   207.710713072917        0.556442462534713E-05
   207.700750422915        0.549354411653746E-05
   207.779775783668        0.541923746799413E-05
   207.955039402096        0.534469414426131E-05
   208.218267588978        0.527665593198537E-05
   208.548819693265        0.520107901273389E-05
   208.914644552257        0.513322108336636E-05
   209.286689332271        0.506814720632674E-05
   209.645900852208        0.501544991683147E-05
   209.986879891967        0.497296459486912E-05
   210.317949621397        0.493106718967262E-05
   210.654178983328        0.489232531518305E-05
   211.015862091029        0.486726597619882E-05
   211.430400673605        0.487926319617799E-05
   211.877282669004        0.503074598127198E-05
   212.414916596204        0.625808894986382E-05
   212.990747871826        0.751755138716642E-05
   213.701965629506        0.830724941629322E-05
   214.672829093355        0.951567710386055E-05
   219.079536491838        0.169966906478020E-04
   223.463332363109        0.295811034875130E-04
   227.808330775231        0.501541282322611E-04
   232.094793031752        0.827991227482388E-04
   236.297084430004        0.132967882409747E-03
   240.387649682731        0.207515407466722E-03
   244.339358476852        0.314499109065003E-03
   248.128326750027        0.462738863677975E-03
   251.736453107515        0.661222936198316E-03
   255.152930757311        0.918510914391377E-03
   258.374403059981        0.124227648910309E-02
   261.403955001492        0.163905936953394E-02
   264.249449929365        0.211420934676697E-02
   266.921732902068        0.267195179915985E-02
   269.433064346573        0.331549709205540E-02
   271.795956082625        0.404714206488040E-02
   274.141882541973        0.492378176194626E-02
   276.483471843395        0.584054811559531E-02
   278.723468296497        0.679991278275563E-02
   280.853475861618        0.793648658209901E-02
   282.880240892180        0.902011991643583E-02
   284.823721397148        0.103657883538695E-01
   286.668124192892        0.116917136624458E-01
   287.595678894305        0.123591397933268E-01
