   182.226729877585        0.381832591573308E-07
   173.217357563662        0.535997487752605E-07
   168.533450058694        0.736603898017292E-07
   167.201633358981        0.100478584274376E-06
   167.819126454455        0.136199263265134E-06
   169.346816724454        0.183359284464902E-06
   171.161948538488        0.243569080204906E-06
   172.915689816850        0.314151869906195E-06
   174.408991661323        0.395731131326604E-06
   175.526855926657        0.490321986812956E-06
   176.214534360335        0.595604120474950E-06
   176.470407875761        0.709308074277275E-06
   176.340464141840        0.828837211037928E-06
   175.908652186373        0.951290606247051E-06
   175.282806643292        0.107686512923705E-05
   174.578290963319        0.119607555739208E-05
   173.903675435191        0.132153556420324E-05
   173.350050209265        0.143691701424513E-05
   172.985180380770        0.155391755021220E-05
   172.851627616657        0.166105882866464E-05
   172.968461259118        0.176695105158634E-05
   173.334920653654        0.187053310478047E-05
   173.934626549523        0.196005939199939E-05
   174.740758174165        0.206382965559612E-05
   175.722007006777        0.220928025068212E-05
   176.846871176682        0.240808563309968E-05
   178.084518429303        0.265719953114141E-05
   179.403214918845        0.290759928071225E-05
   180.770017536563        0.314546037227562E-05
   182.152675010373        0.337491031461352E-05
   183.521814955129        0.358304732693079E-05
   184.852049208987        0.378390439653081E-05
   186.121946560087        0.397875750991222E-05
   187.313789376139        0.415964517509373E-05
   188.414520846052        0.433448991943722E-05
   189.418213826734        0.449969574134278E-05
   190.329053435255        0.465581871852557E-05
   191.163323759113        0.479699642804912E-05
   191.949417243171        0.492885978942498E-05
   192.725194759953        0.505435821369152E-05
   193.532777100905        0.516595958038998E-05
   194.410352293639        0.527240221742208E-05
   195.387013177467        0.536804452713864E-05
   196.480745714076        0.545564186314098E-05
   197.696912281381        0.553566227734592E-05
   199.025071612243        0.560288548266255E-05
   200.437238923380        0.566187788113654E-05
   201.886733493823        0.571389115337631E-05
   203.310528343337        0.575366325681747E-05
   204.635165582457        0.578549716908305E-05
   205.787408424850        0.581000000000000E-05
   206.709297073628        0.581000000000000E-05
   207.372045974119        0.580322049565064E-05
   207.781212399695        0.578089789594137E-05
   207.972952047707        0.575345064710225E-05
   208.003356568891        0.571136134546436E-05
   207.936603297185        0.565515606246300E-05
   207.836502399266        0.559447906857416E-05
   207.758558226797        0.552352365045411E-05
   207.744613970653        0.545263433244679E-05
   207.819305655276        0.537816750633430E-05
   207.989483408737        0.530377203433621E-05
   208.246499878054        0.522833970656959E-05
   208.569685536510        0.515857855248793E-05
   208.926988552926        0.508267887865149E-05
   209.289143047694        0.502684646376370E-05
   209.638586384534        0.496483814490835E-05
   209.968854770431        0.492236099039841E-05
   210.288728369943        0.488047399054521E-05
   210.615009119443        0.484459761138133E-05
   210.965575447355        0.482424520813612E-05
   211.363928345662        0.482734371208027E-05
   211.826517157259        0.497315136630178E-05
   212.313673302544        0.619460679452406E-05
   212.928107762378        0.707722551791521E-05
   213.599117497329        0.822499718877115E-05
   214.549794611625        0.936173338702461E-05
   218.954410154090        0.167281570937762E-04
   223.336014446043        0.291239997095760E-04
   227.679949988049        0.494021061365283E-04
   231.966103385681        0.816000649178964E-04
   236.169011776738        0.131118938950933E-03
   240.261235435474        0.204763151774080E-03
   244.215663551442        0.310548446855261E-03
   248.008314106570        0.457269987067497E-03
   251.620880817433        0.653911919208518E-03
   255.042285999714        0.909047738632339E-03
   258.268890916630        0.123037583076516E-02
   261.303534904633        0.162446319849920E-02
   264.153897945612        0.209668342176764E-02
   266.830705606984        0.265127867154473E-02
   269.346156747918        0.329146926975027E-02
   271.712748558616        0.401955794067828E-02
   274.061825152715        0.489304472987029E-02
   276.405950599979        0.581082028656167E-02
   278.646774123205        0.675978695690329E-02
   280.779074517811        0.789760955476035E-02
   282.807482320015        0.898214888115403E-02
   284.753211082248        0.103162286494382E-01
   286.599379101389        0.116434612053920E-01
   287.527512959420        0.123113264248806E-01
