   183.093279822407        0.626477983228516E-07
   174.178070945851        0.875436346755185E-07
   169.597700301101        0.120078153333476E-06
   168.439379280822        0.162482311831295E-06
   169.300526529630        0.219863502907912E-06
   171.120301370129        0.294774278090097E-06
   173.255874424575        0.385231369861125E-06
   175.348619417103        0.491630288229966E-06
   177.194057486994        0.617559338637133E-06
   178.671174234741        0.760139137964131E-06
   179.716920845529        0.919310949532104E-06
   180.319251180685        0.108896176113716E-05
   180.513476238754        0.126856295752756E-05
   180.374034533285        0.145347139806234E-05
   180.001921751203        0.164860975106864E-05
   179.508525023954        0.183190497575051E-05
   179.001893549023        0.201770207061439E-05
   178.576503337525        0.220111094686379E-05
   178.306552779357        0.237783676929706E-05
   178.243084281743        0.254878385012177E-05
   178.413773895146        0.270677700892584E-05
   178.824735945197        0.286274748405894E-05
   179.462986950235        0.301753477719481E-05
   180.298805955955        0.315009389108038E-05
   181.290463164996        0.328315280936423E-05
   182.390332541903        0.340553047072588E-05
   183.551108794317        0.351755348657270E-05
   184.731379173168        0.363170226634044E-05
   185.898880666380        0.372764382157555E-05
   187.031244717804        0.382557880993191E-05
   188.114362293953        0.391561700128292E-05
   189.139324304563        0.399770614651224E-05
   190.099539615514        0.408199672538659E-05
   190.989236589518        0.414869751513546E-05
   191.804449018300        0.421744021054362E-05
   192.545770717201        0.428219893355678E-05
   193.221426026292        0.434279920776397E-05
   193.849479380398        0.439119754199760E-05
   194.458074252728        0.443871867471169E-05
   195.082937585390        0.447115401667555E-05
   195.762758450100        0.450552689469844E-05
   196.531828077600        0.453339988037423E-05
   197.414946514382        0.455553668375787E-05
   198.425978923119        0.456928306859185E-05
   199.566271150593        0.458294171219129E-05
   200.821466133973        0.459000000000000E-05
   202.159105625561        0.458000000000000E-05
   203.527147744479        0.457303401048893E-05
   204.855522942342        0.454629913596397E-05
   206.062269406581        0.451959969158275E-05
   207.066710528591        0.447665156499399E-05
   207.807350409444        0.442431356142944E-05
   208.256431918776        0.435377939453771E-05
   208.424532679511        0.427689113632064E-05
   208.353305068513        0.419128738393490E-05
   208.103605819979        0.409159890755482E-05
   207.745755947821        0.399347098877170E-05
   207.350868127486        0.388495645399679E-05
   206.981473322996        0.377769575513794E-05
   206.684205295931        0.366680223729907E-05
   206.486718723037        0.355825672347041E-05
   206.397729558495        0.345593312307484E-05
   206.409221286051        0.335511052136063E-05
   206.500246090301        0.326610407501508E-05
   206.637748578872        0.318022507345679E-05
   206.794207470717        0.310493988688753E-05
   206.956465677812        0.303627043893632E-05
   207.126286579091        0.298403518307575E-05
   207.311659768621        0.293606337241185E-05
   207.533536897878        0.289912564128390E-05
   207.808730449814        0.287276469706835E-05
   208.173955422297        0.289084530362802E-05
   208.612574003503        0.364217333914197E-05
   209.155742584719        0.416887708363500E-05
   209.737688701472        0.481038570532025E-05
   210.843779450460        0.562998480903133E-05
   214.494543050164        0.929212778926305E-05
   218.899422207141        0.166092137723066E-04
   223.285211604489        0.289397204399961E-04
   227.633920128114        0.491288603852897E-04
   231.923881121614        0.812001633111865E-04
   236.130177332406        0.130547155440284E-03
   240.225865702539        0.203974727099448E-03
   244.184043007905        0.309509392099121E-03
   247.980544873033        0.455960109378175E-03
   251.596859796251        0.652327076864927E-03
   255.021774925181        0.907201010240017E-03
   258.251589010542        0.122829771904249E-02
   261.289124054359        0.162220029590383E-02
   264.142055530205        0.209429366296932E-02
   266.821110025205        0.264882447345565E-02
   269.338499842371        0.328901203796705E-02
   271.706747895117        0.401715495757991E-02
   274.057250247123        0.489078161240255E-02
   276.402603386344        0.580894079655830E-02
   278.644445110806        0.675788138278526E-02
   280.777660489847        0.789607435928853E-02
   282.806864972917        0.898092774057065E-02
   284.753301417517        0.103152668206401E-01
   286.600099586516        0.116428172838191E-01
   287.528719114930        0.123109631470695E-01
