   182.159853828709        0.684546559351093E-07
   172.953685616194        0.958001323367096E-07
   168.105835602449        0.131650349486993E-06
   166.641101517501        0.177494228102542E-06
   167.145481493780        0.239879903979585E-06
   168.571268266229        0.319697003818264E-06
   170.288530695439        0.414959823414431E-06
   171.946619847551        0.525528129836748E-06
   173.351013081376        0.653605296791866E-06
   174.396477023089        0.797798225836248E-06
   175.041142260293        0.953539083102942E-06
   175.296320760795        0.111930873910046E-05
   175.218025492574        0.129321106703943E-05
   174.895089271253        0.147033958999088E-05
   174.433983868689        0.164926589525687E-05
   173.943444324310        0.182447899437541E-05
   173.521897449106        0.199887113526451E-05
   173.249099566472        0.217089898148392E-05
   173.182033841244        0.233856122729544E-05
   173.354250197676        0.250052002394128E-05
   173.777445906281        0.265124902577175E-05
   174.444632392156        0.279647565121059E-05
   175.334131084900        0.295449174519324E-05
   176.412912872443        0.314392606850893E-05
   177.639273116463        0.333478797032702E-05
   178.966435208332        0.351450252998065E-05
   180.347416527198        0.367977257584414E-05
   181.740166847953        0.384375444887134E-05
   183.111165760948        0.399370025141691E-05
   184.436660490810        0.414197454878238E-05
   185.701342500120        0.427668593863714E-05
   186.895363719219        0.440151861460147E-05
   188.011395269135        0.451879160939178E-05
   189.043432455669        0.463549958383441E-05
   189.987738321344        0.474023256256026E-05
   190.845686158206        0.484119569362704E-05
   191.626852990686        0.493145220220298E-05
   192.350921203700        0.501683706528383E-05
   193.047593189103        0.509312642242925E-05
   193.754061486894        0.517065960818381E-05
   194.510130035940        0.522641744040437E-05
   195.350613828970        0.528181902116048E-05
   196.300774757853        0.533260510028936E-05
   197.374923447701        0.537361472326670E-05
   198.574455314548        0.541292851785325E-05
   199.886130206790        0.543996245529903E-05
   201.280174807044        0.545843741065455E-05
   202.709463096765        0.547000000000000E-05
   204.110501520582        0.547000000000000E-05
   205.409188156749        0.546160199579776E-05
   206.531211966539        0.544530559813642E-05
   207.417199040569        0.540609977584033E-05
   208.037104734329        0.536725802456093E-05
   208.395605718261        0.530803728950062E-05
   208.528195699111        0.523850442474336E-05
   208.490383410641        0.515654981698166E-05
   208.346768074818        0.506673615891036E-05
   208.161670478460        0.497949752418457E-05
   207.992146812139        0.487356063276814E-05
   207.880631378815        0.477509512609541E-05
   207.851642385996        0.467025979138967E-05
   207.912196451872        0.456692840836176E-05
   208.054227024602        0.447338832312358E-05
   208.258011467620        0.438407036022847E-05
   208.492866864021        0.429641603776235E-05
   208.731049555081        0.422028135710137E-05
   208.957136489716        0.414946114897811E-05
   209.168710509484        0.409661403954043E-05
   209.378566888504        0.404763577743180E-05
   209.608556053771        0.400994292120977E-05
   209.883044629583        0.398307405117783E-05
   210.230388645186        0.398364570680975E-05
   210.642110187364        0.411109979279505E-05
   211.147918911827        0.521320316595309E-05
   211.688198354288        0.629699416776943E-05
   212.324096279571        0.689724344438251E-05
   214.190538544570        0.892476611164539E-05
   218.590357109857        0.159680225564323E-04
   222.970826793407        0.278471598014065E-04
   227.314460473377        0.473149586007027E-04
   231.601390194338        0.782836631222240E-04
   235.807863023954        0.126024503829775E-03
   239.906674316539        0.197210445400403E-03
   243.870676375539        0.299752480826837E-03
   247.675545161263        0.442389803788484E-03
   251.302378949931        0.634110438716532E-03
   254.739369970495        0.883547133557980E-03
   257.982147669369        0.119849574580666E-02
   261.032915539447        0.158563644530323E-02
   263.898862786110        0.205045146453569E-02
   266.590386380581        0.259727581532488E-02
   269.119504045344        0.322940411349792E-02
   271.498641855303        0.394919582127378E-02
   273.833590672106        0.480509521190906E-02
   276.188412613797        0.572703936414284E-02
   278.434379158162        0.664825984425977E-02
   280.575975796745        0.779103948847924E-02
   282.611409627370        0.887934322028156E-02
   284.564660761236        0.101831628510993E-01
   286.417133684849        0.115149573218966E-01
   287.347872149808        0.121847185086358E-01
