   182.429376395554        0.396616283030103E-07
   173.271005414785        0.556230359182288E-07
   168.493587661418        0.763684668927433E-07
   167.096012261666        0.103813949678386E-06
   167.654907278221        0.141242215239177E-06
   169.129808302648        0.190123298301161E-06
   170.898473219468        0.251976911481848E-06
   172.612513556148        0.323185167010634E-06
   174.073538674172        0.407318754210624E-06
   175.167066019824        0.504333925673874E-06
   175.838999115272        0.610823248584009E-06
   176.088522384952        0.726158481223524E-06
   175.962576638057        0.848044986612640E-06
   175.545732271551        0.971065810774580E-06
   174.945355530044        0.109531848739267E-05
   174.275965913612        0.122360129324077E-05
   173.644410074618        0.134460149927250E-05
   173.139186778996        0.146470624859907E-05
   172.825205875068        0.158180292080162E-05
   172.742415070910        0.169013729270773E-05
   172.907834801806        0.179834149596582E-05
   173.319272981968        0.190001565506170E-05
   173.959902555684        0.199811075498941E-05
   174.803181846091        0.210220960359832E-05
   175.818905667455        0.226771252809446E-05
   176.976560422725        0.249319249657384E-05
   178.244797084991        0.274244314998291E-05
   179.590114907332        0.298306308516632E-05
   180.977749253725        0.321184210842785E-05
   182.374494532208        0.343185676226886E-05
   183.750941083569        0.363613215619359E-05
   185.082437927064        0.383158848271481E-05
   186.348567050565        0.401691854441514E-05
   187.532755542941        0.419039295689004E-05
   188.623181090230        0.436122522241409E-05
   189.615097475293        0.451863876530576E-05
   190.513731448378        0.466503543519859E-05
   191.336258302882        0.480636174759431E-05
   192.111731822637        0.493841391377942E-05
   192.878346360162        0.505138093605846E-05
   193.678348421274        0.516231940865342E-05
   194.549982474469        0.526232065306484E-05
   195.522292212154        0.535404827944205E-05
   196.613280299526        0.543570361944093E-05
   197.827566688952        0.551576596494379E-05
   199.154056888637        0.557844151057645E-05
   200.564147075442        0.563204271866689E-05
   202.011328744147        0.568404342998397E-05
   203.432797532782        0.572384375481250E-05
   204.754831757154        0.574781927105303E-05
   205.903800054983        0.576093837124462E-05
   206.821823017216        0.576603632714467E-05
   207.480351981777        0.575312670061338E-05
   207.885012393395        0.573069548757202E-05
   208.071689126776        0.569312435836401E-05
   208.096359090154        0.565089946392516E-05
   208.024088765237        0.559454819143012E-05
   207.918643718240        0.553384366665914E-05
   207.834873129823        0.546150357111146E-05
   207.814018928485        0.538180706612518E-05
   207.880251536471        0.530717579252916E-05
   208.040155295864        0.522670576572826E-05
   208.285019859462        0.514731217806384E-05
   208.594301629540        0.507768976068098E-05
   208.936300605828        0.501140732555784E-05
   209.282208317245        0.494594754348506E-05
   209.614027141645        0.488424553222598E-05
   209.927356374746        0.484177789499368E-05
   210.230444234990        0.479990431959204E-05
   210.538927079743        0.476147589547262E-05
   210.879776832328        0.473397912713999E-05
   211.261983012643        0.473810310491550E-05
   211.709111126119        0.488210304072494E-05
   212.226181896336        0.609136909220940E-05
   212.764158984818        0.728306729475289E-05
   213.446276005080        0.802764150771815E-05
   214.423232888092        0.920572727366885E-05
   218.826151242829        0.164568761563329E-04
   223.206570111551        0.286657949592332E-04
   227.549900143504        0.486506563334161E-04
   231.836251133841        0.804059793183629E-04
   236.040323114102        0.129284294602175E-03
   240.134784680796        0.202042712468854E-03
   244.092540651477        0.306659927253947E-03
   247.889513251162        0.451912819404800E-03
   251.507201675398        0.646790438015840E-03
   254.934275324716        0.899892896538868E-03
   258.166834619718        0.121896074502060E-02
   261.207491013511        0.161061090099034E-02
   264.063750423408        0.208026791188984E-02
   266.746219951186        0.263222144613175E-02
   269.267025965234        0.326973321057011E-02
   271.638625188526        0.399513942641978E-02
   273.967017774173        0.485655115587034E-02
   276.316263946101        0.577632861723433E-02
   278.560034009015        0.671430200069336E-02
   280.696749383340        0.785448649841293E-02
   282.728557398428        0.894085442844601E-02
   284.677767460472        0.102630904135493E-01
   286.526777761568        0.115923892336334E-01
   287.456186876508        0.122611861075625E-01
