   182.366938177998        0.376910359293870E-07
   173.341120944811        0.528287693386625E-07
   168.662234650093        0.726646507172546E-07
   167.344363719453        0.989950746998957E-07
   167.971236218870        0.134546706358411E-06
   169.504697337649        0.181284183768310E-06
   171.324591488551        0.240666401836861E-06
   173.084426569714        0.310178955215461E-06
   174.585846352973        0.391721631706130E-06
   175.713147172357        0.486271329394106E-06
   176.409390726341        0.590638543115797E-06
   176.670382829640        0.704055278152784E-06
   176.540239469358        0.823138092502077E-06
   176.101832494799        0.945013241962109E-06
   175.462669682573        0.106644645757537E-05
   174.739148517886        0.119523305543886E-05
   174.041400918461        0.131141857341123E-05
   173.462619328657        0.143607869979920E-05
   173.072191395727        0.154400967775010E-05
   172.914119295294        0.165963795995280E-05
   173.008204360377        0.175715818880402E-05
   173.353913904552        0.186073410819776E-05
   173.934820785707        0.195027656072256E-05
   174.723616870755        0.204415129244171E-05
   175.688618485959        0.218966539468072E-05
   176.798192670054        0.238755595268978E-05
   178.021650758785        0.263333470788173E-05
   179.327669186357        0.288752211405344E-05
   180.683772293031        0.312068371219303E-05
   182.058172313288        0.335505893917789E-05
   183.421676788851        0.356890497199514E-05
   184.748848074068        0.377254381281224E-05
   186.017894355275        0.397175154960725E-05
   187.210546391108        0.415172004843957E-05
   188.313191068683        0.432411408058589E-05
   189.319467227500        0.449552998580017E-05
   190.233270768125        0.465536152644306E-05
   191.070766323924        0.479646855296525E-05
   191.860239522859        0.493701585820987E-05
   192.639495277286        0.506115003028233E-05
   193.450580285401        0.517194338865219E-05
   194.331664719927        0.528187675458234E-05
   195.311863023242        0.537748294233247E-05
   196.408987634346        0.546513120418190E-05
   197.627544087913        0.554625675258919E-05
   198.956869360166        0.562241989719539E-05
   200.369129981749        0.568148886259412E-05
   201.818569723469        0.573478204961336E-05
   203.242822147400        0.577890423659734E-05
   204.568389624933        0.580528090804296E-05
   205.722025088890        0.583074935677727E-05
   206.645943070970        0.584000000000000E-05
   207.311403442564        0.583333810967653E-05
   207.723777426204        0.581113825153663E-05
   207.918893607923        0.578175384844356E-05
   207.952656997681        0.573640250770664E-05
   207.889198569547        0.568578927229883E-05
   207.792338241344        0.562511918703719E-05
   207.717707717571        0.556430689015765E-05
   207.707298516666        0.549064858062165E-05
   207.785875509601        0.541352363009749E-05
   207.960459544049        0.533864952889833E-05
   208.222683627856        0.526653070432413E-05
   208.552070292178        0.519093195822202E-05
   208.916625409047        0.512309453524994E-05
   209.286937703578        0.506764644511773E-05
   209.645083702778        0.500536496188043E-05
   209.984326466912        0.496288023633866E-05
   210.313191550144        0.492098367609492E-05
   210.648231608379        0.488484644216336E-05
   211.007249664975        0.486448753630353E-05
   211.413685030347        0.486940082963761E-05
   211.883995344852        0.502146725074147E-05
   212.378739423802        0.625250641480451E-05
   213.000339916648        0.714675765517052E-05
   213.678331198803        0.831238319732106E-05
   214.649548633372        0.948635164619743E-05
   219.055945308464        0.169457279066390E-04
   223.439368898459        0.294945129806033E-04
   227.784250776013        0.500121877466593E-04
   232.070736690398        0.825736149276581E-04
   236.273223198506        0.132621382556838E-03
   240.364176305922        0.207001470490559E-03
   244.316469535034        0.313764127969592E-03
   248.106201164948        0.461725456181921E-03
   251.715232587486        0.659874028168748E-03
   255.132707863807        0.916773364935536E-03
   258.355219485673        0.124010341011283E-02
   261.385808648826        0.163641099173579E-02
   264.232306414970        0.211105279310468E-02
   266.905536523457        0.266826008549884E-02
   269.417747544350        0.331124790738724E-02
   271.781446589670        0.404231664606095E-02
   274.128082425395        0.491848070768138E-02
   276.470270823820        0.583548340637323E-02
   278.710612821555        0.679318543847700E-02
   280.841142193037        0.793004110350933E-02
   282.868299712596        0.901388821471422E-02
   284.812248209131        0.103577253941852E-01
   286.657008137077        0.116839133910464E-01
   287.584704371016        0.123514448070061E-01
