   182.594369605892        0.767451931012044E-07
   173.523314844659        0.107151153576705E-06
   168.816952874779        0.146765315675894E-06
   167.516282912615        0.199442632536398E-06
   168.208771052264        0.268497242119347E-06
   169.838638055216        0.357058914414912E-06
   171.767016078242        0.463748866941916E-06
   173.638357271662        0.587037125549836E-06
   175.253861117931        0.730422885543705E-06
   176.501867487763        0.893313967497789E-06
   177.331553428588        0.106912480409099E-05
   177.744876628219        0.125995341662676E-05
   177.789817206130        0.146234870565946E-05
   177.549212971857        0.166327634441033E-05
   177.126378129002        0.186652178087088E-05
   176.630723328262        0.206916984579294E-05
   176.165152064029        0.227082800252041E-05
   175.816829786269        0.246630848532025E-05
   175.652169939893        0.266199674753091E-05
   175.714531971733        0.283925754776168E-05
   176.024728839622        0.301440483637038E-05
   176.582689627322        0.318358146644815E-05
   177.369500270040        0.334011115993212E-05
   178.350346887731        0.348519848059037E-05
   179.479723091074        0.363181094579747E-05
   180.707752935780        0.376042228236431E-05
   181.986655246756        0.389107342337398E-05
   183.275722980450        0.400373540354407E-05
   184.544131884036        0.411867598916280E-05
   185.771006826880        0.422328706884202E-05
   186.943251325927        0.431750202737078E-05
   188.052479285633        0.441397367871831E-05
   189.092062323416        0.450254156178799E-05
   190.055979795549        0.458386774249148E-05
   190.940116052469        0.465690662784575E-05
   191.745254341487        0.472944007364487E-05
   192.480215178236        0.479126760362137E-05
   193.163793463350        0.484849634838769E-05
   193.824685337803        0.489652765488351E-05
   194.498987986404        0.494883420911652E-05
   195.225496455451        0.498389519024045E-05
   196.038362263909        0.502170119282586E-05
   196.962221506433        0.504465535212822E-05
   198.010654561202        0.506674639493021E-05
   199.185136146656        0.508201201800499E-05
   200.472102494105        0.509000000000000E-05
   201.840919809365        0.509000000000000E-05
   203.242461029827        0.507749875751576E-05
   204.610502461884        0.506414056663710E-05
   205.867971499875        0.504172070136145E-05
   206.937760642751        0.500064844124875E-05
   207.759040495197        0.494828369654020E-05
   208.301857171459        0.488804101364154E-05
   208.572859113789        0.481147475775216E-05
   208.610162508880        0.472272681601646E-05
   208.471112703401        0.462881917014556E-05
   208.222233453710        0.452160509962461E-05
   207.931350500300        0.441237085461422E-05
   207.658187958944        0.430461999554126E-05
   207.447448295482        0.419390748518161E-05
   207.325299575841        0.407784007179683E-05
   207.299518047655        0.397117164776351E-05
   207.362055962577        0.386975078807453E-05
   207.492816917545        0.376978846928052E-05
   207.660824685132        0.368198013278722E-05
   207.839118310975        0.359908786937760E-05
   208.014094029821        0.353510153640047E-05
   208.185411819960        0.347504788098624E-05
   208.367770719304        0.342662487277213E-05
   208.583656639026        0.338936588054872E-05
   208.855074397516        0.335920350461811E-05
   209.203056895235        0.336430304635691E-05
   209.636676497096        0.352337519742798E-05
   210.119708764702        0.451210121949800E-05
   210.692895637235        0.519046412297007E-05
   211.302101167617        0.601231106815194E-05
   214.292930561484        0.904686368495282E-05
   218.694617825361        0.161815360355290E-04
   223.077497035593        0.282132152218986E-04
   227.423874953027        0.479286664924293E-04
   231.712575147957        0.792773618474316E-04
   235.919289933517        0.127570306495252E-03
   240.017488290880        0.199533368822634E-03
   243.979990813736        0.303121064102559E-03
   247.782482267088        0.447101568384646E-03
   251.406180273127        0.640473143940255E-03
   254.839481993744        0.891861093716184E-03
   258.078259959711        0.120904231081028E-02
   261.124947915796        0.159867418649712E-02
   263.986915730516        0.206621785645509E-02
   266.674678909170        0.261599109740341E-02
   269.200320597632        0.325127565575817E-02
   271.576292378047        0.397442147994351E-02
   273.908511590084        0.483374836836036E-02
   276.261063696185        0.575476477446776E-02
   278.506720458387        0.668595626801493E-02
   280.646210393521        0.782755906506951E-02
   282.680163012508        0.891501736732104E-02
   284.631591878666        0.102299746406843E-01
   286.482456056977        0.115605432866194E-01
   287.412732417564        0.122299339145054E-01
