     ALT          P          T          FH2O           O3           THEAT        TCOOL        PSATCO2        FCO2
7.2041E+01  3.2610E-05 2.0397E+02    2.7179E-06    1.8268E-08    3.4406E+01   -3.9053E+01    2.1371E+00    1.8700E-04
7.0992E+01  3.8506E-05 2.0542E+02    3.0008E-06    1.9736E-08    5.0560E+00   -2.7242E+01    2.3800E+00    1.8700E-04
6.9944E+01  4.5410E-05 2.0690E+02    3.2671E-06    2.1742E-08    1.6924E+00   -1.8432E+01    2.6517E+00    1.8700E-04
6.8897E+01  5.3485E-05 2.0841E+02    3.5214E-06    2.4432E-08    1.2592E+00   -1.2277E+01    2.9558E+00    1.8700E-04
6.7851E+01  6.2917E-05 2.0994E+02    3.7618E-06    2.7980E-08    1.2027E+00   -8.2523E+00    3.2950E+00    1.8700E-04
6.6806E+01  7.3919E-05 2.1148E+02    3.9828E-06    3.2907E-08    1.1921E+00   -5.7954E+00    3.6715E+00    1.8700E-04
6.5761E+01  8.6736E-05 2.1304E+02    4.1817E-06    3.9776E-08    1.1952E+00   -4.3970E+00    4.0877E+00    1.8700E-04
6.4718E+01  1.0165E-04 2.1460E+02    4.3685E-06    4.9382E-08    1.2150E+00   -3.6537E+00    4.5459E+00    1.8700E-04
6.3675E+01  1.1897E-04 2.1617E+02    4.5335E-06    6.2738E-08    1.2645E+00   -3.2843E+00    5.0483E+00    1.8700E-04
6.2634E+01  1.3907E-04 2.1774E+02    4.6793E-06    8.0555E-08    1.3415E+00   -3.1216E+00    5.4497E+00    1.8700E-04
6.1594E+01  1.6236E-04 2.1930E+02    4.8150E-06    1.0308E-07    1.4468E+00   -3.0703E+00    5.8236E+00    1.8700E-04
6.0555E+01  1.8931E-04 2.2085E+02    4.9361E-06    1.2852E-07    1.5716E+00   -3.0740E+00    6.2149E+00    1.8700E-04
5.9518E+01  2.2046E-04 2.2240E+02    5.0455E-06    1.5701E-07    1.7137E+00   -3.1053E+00    6.6235E+00    1.8700E-04
5.8483E+01  2.5642E-04 2.2394E+02    5.1491E-06    1.8604E-07    1.8612E+00   -3.1537E+00    7.0496E+00    1.8700E-04
5.7450E+01  2.9786E-04 2.2546E+02    5.2360E-06    2.1765E-07    2.0211E+00   -3.2092E+00    7.4932E+00    1.8700E-04
5.6419E+01  3.4556E-04 2.2698E+02    5.3186E-06    2.5203E-07    2.1947E+00   -3.2730E+00    7.9546E+00    1.8700E-04
5.5390E+01  4.0039E-04 2.2849E+02    5.3932E-06    2.9059E-07    2.3868E+00   -3.3421E+00    8.4344E+00    1.8700E-04
5.4363E+01  4.6334E-04 2.3000E+02    5.4648E-06    3.3411E-07    2.5991E+00   -3.4162E+00    8.9329E+00    1.8700E-04
5.3339E+01  5.3551E-04 2.3150E+02    5.5263E-06    3.8283E-07    2.8291E+00   -3.4916E+00    9.4507E+00    1.8700E-04
5.2318E+01  6.1815E-04 2.3299E+02    5.5784E-06    4.3680E-07    3.0728E+00   -3.5665E+00    9.9882E+00    1.8700E-04
5.1299E+01  7.1264E-04 2.3447E+02    5.6292E-06    4.9768E-07    3.3309E+00   -3.6406E+00    1.0546E+01    1.8700E-04
5.0283E+01  8.2053E-04 2.3595E+02    5.6798E-06    5.6468E-07    3.5926E+00   -3.7102E+00    1.1124E+01    1.8700E-04
4.9271E+01  9.4357E-04 2.3743E+02    5.7203E-06    6.3866E-07    3.8517E+00   -3.7710E+00    1.1724E+01    1.8700E-04
4.8261E+01  1.0837E-03 2.3890E+02    5.7607E-06    7.2160E-07    4.1122E+00   -3.8423E+00    1.2345E+01    1.8700E-04
4.7255E+01  1.2431E-03 2.4036E+02    5.7910E-06    8.1440E-07    4.3614E+00   -3.9125E+00    1.2987E+01    1.8700E-04
4.6253E+01  1.4241E-03 2.4182E+02    5.8211E-06    9.1807E-07    4.5838E+00   -3.9812E+00    1.3652E+01    1.8700E-04
4.5254E+01  1.6294E-03 2.4328E+02    5.8505E-06    1.0337E-06    4.7744E+00   -4.0622E+00    1.4340E+01    1.8700E-04
4.4259E+01  1.8619E-03 2.4473E+02    5.8605E-06    1.1735E-06    4.9556E+00   -4.1767E+00    1.5050E+01    1.8700E-04
4.3267E+01  2.1250E-03 2.4618E+02    5.8800E-06    1.3322E-06    5.0949E+00   -4.3691E+00    1.5785E+01    1.8700E-04
4.2280E+01  2.4222E-03 2.4770E+02    5.8800E-06    1.5105E-06    5.1799E+00   -4.6322E+00    1.6582E+01    1.8700E-04
4.1296E+01  2.7574E-03 2.4901E+02    5.8703E-06    1.7265E-06    5.2328E+00   -4.8698E+00    1.7289E+01    1.8700E-04
4.0319E+01  3.1352E-03 2.4979E+02    5.8507E-06    1.9795E-06    5.2246E+00   -4.9996E+00    1.7728E+01    1.8700E-04
3.9349E+01  3.5601E-03 2.4994E+02    5.8227E-06    2.2681E-06    5.1356E+00   -4.9952E+00    1.7811E+01    1.8700E-04
3.8390E+01  4.0376E-03 2.4942E+02    5.7843E-06    2.6002E-06    4.9727E+00   -4.8653E+00    1.7518E+01    1.8700E-04
3.7445E+01  4.5733E-03 2.4827E+02    5.7297E-06    2.9340E-06    4.7070E+00   -4.6287E+00    1.6885E+01    1.8700E-04
3.6514E+01  5.1736E-03 2.4657E+02    5.6684E-06    3.2451E-06    4.3709E+00   -4.3221E+00    1.5983E+01    1.8700E-04
3.5600E+01  5.8453E-03 2.4444E+02    5.5954E-06    3.5069E-06    4.0038E+00   -3.9821E+00    1.4902E+01    1.8700E-04
3.4705E+01  6.5959E-03 2.4200E+02    5.5122E-06    3.7039E-06    3.6401E+00   -3.6392E+00    1.3736E+01    1.8700E-04
3.3828E+01  7.4336E-03 2.3940E+02    5.4245E-06    3.8436E-06    3.3038E+00   -3.3130E+00    1.2562E+01    1.8700E-04
3.2970E+01  8.3670E-03 2.3673E+02    5.3325E-06    3.9249E-06    2.9954E+00   -3.0097E+00    1.1439E+01    1.8700E-04
3.2131E+01  9.4058E-03 2.3411E+02    5.2418E-06    3.9730E-06    2.7186E+00   -2.7324E+00    1.0407E+01    1.8700E-04
3.1310E+01  1.0560E-02 2.3161E+02    5.1529E-06    3.9800E-06    2.4611E+00   -2.5001E+00    9.4899E+00    1.8700E-04
3.0507E+01  1.1841E-02 2.2928E+02    5.0570E-06    3.9535E-06    2.2211E+00   -2.2401E+00    8.6936E+00    1.8700E-04
2.9720E+01  1.3261E-02 2.2717E+02    4.9628E-06    3.9052E-06    2.0003E+00   -2.0014E+00    8.0119E+00    1.8700E-04
2.8949E+01  1.4833E-02 2.2526E+02    4.8703E-06    3.8303E-06    1.7968E+00   -1.7836E+00    7.4321E+00    1.8700E-04
2.8194E+01  1.6569E-02 2.2355E+02    4.7798E-06    3.7380E-06    1.6134E+00   -1.5871E+00    6.9397E+00    1.8700E-04
2.7452E+01  1.8486E-02 2.2201E+02    4.6908E-06    3.6277E-06    1.4502E+00   -1.4124E+00    6.5199E+00    1.8700E-04
2.6724E+01  2.0599E-02 2.2064E+02    4.6026E-06    3.5104E-06    1.3090E+00   -1.2596E+00    6.1594E+00    1.8700E-04
2.6009E+01  2.2924E-02 2.1939E+02    4.5079E-06    3.3762E-06    1.1857E+00   -1.1277E+00    5.8467E+00    1.8700E-04
2.5306E+01  2.5479E-02 2.1826E+02    4.4237E-06    3.2268E-06    1.0785E+00   -1.0158E+00    5.5729E+00    1.8700E-04
2.4615E+01  2.8284E-02 2.1722E+02    4.3377E-06    3.0747E-06    9.8663E-01   -9.2005E-01    5.3310E+00    1.8700E-04
2.3936E+01  3.1357E-02 2.1627E+02    4.2495E-06    2.9187E-06    9.0623E-01   -8.3666E-01    5.0826E+00    1.8700E-04
2.3268E+01  3.4721E-02 2.1540E+02    4.1696E-06    2.7592E-06    8.3406E-01   -7.6232E-01    4.7948E+00    1.8700E-04
2.2611E+01  3.8397E-02 2.1460E+02    4.0809E-06    2.5980E-06    7.6754E-01   -6.9343E-01    4.5430E+00    1.8700E-04
2.1964E+01  4.2409E-02 2.1386E+02    3.9973E-06    2.4302E-06    7.0411E-01   -6.2936E-01    4.3228E+00    1.8700E-04
2.1328E+01  4.6782E-02 2.1320E+02    3.9174E-06    2.2568E-06    6.4301E-01   -5.6933E-01    4.1313E+00    1.8700E-04
2.0703E+01  5.1539E-02 2.1260E+02    3.8424E-06    2.0906E-06    5.8540E-01   -5.1179E-01    3.9659E+00    1.8700E-04
2.0087E+01  5.6710E-02 2.1207E+02    3.7650E-06    1.9092E-06    5.2806E-01   -4.5741E-01    3.8245E+00    1.8700E-04
1.9480E+01  6.2320E-02 2.1161E+02    3.6860E-06    1.7338E-06    4.7406E-01   -4.0355E-01    3.7048E+00    1.8700E-04
1.8884E+01  6.8399E-02 2.1121E+02    3.6146E-06    1.5554E-06    4.2252E-01   -3.5107E-01    3.6036E+00    1.8700E-04
1.8296E+01  7.4977E-02 2.1087E+02    3.5536E-06    1.3710E-06    3.7336E-01   -3.0116E-01    3.5176E+00    1.8700E-04
1.7717E+01  8.2083E-02 2.1056E+02    3.4859E-06    1.1969E-06    3.2883E-01   -2.5182E-01    3.4427E+00    1.8700E-04
1.7148E+01  8.9750E-02 2.1028E+02    3.4312E-06    1.0260E-06    2.8802E-01   -2.0722E-01    3.3747E+00    1.8700E-04
1.6587E+01  9.8009E-02 2.1000E+02    3.3864E-06    8.6237E-07    2.5121E-01   -1.6924E-01    3.3099E+00    1.8700E-04
1.6035E+01  1.0689E-01 2.0972E+02    3.3424E-06    7.0954E-07    2.1739E-01   -1.1384E-01    3.2449E+00    1.8700E-04
1.5492E+01  1.1644E-01 2.0943E+02    3.3043E-06    5.7221E-07    1.8782E-01   -8.8619E-02    3.1786E+00    1.8700E-04
1.4958E+01  1.2667E-01 2.0914E+02    3.2723E-06    4.5337E-07    1.6285E-01   -7.1491E-02    3.1138E+00    1.8700E-04
1.4433E+01  1.3763E-01 2.0888E+02    3.2472E-06    3.5246E-07    1.4195E-01   -6.2609E-02    3.0567E+00    1.8700E-04
1.3916E+01  1.4936E-01 2.0868E+02    3.2266E-06    2.6678E-07    1.2443E-01   -6.1684E-02    3.0148E+00    1.8700E-04
1.3408E+01  1.6187E-01 2.0859E+02    3.2063E-06    1.9646E-07    1.1018E-01   -6.5002E-02    2.9947E+00    1.8700E-04
1.2908E+01  1.7521E-01 2.0861E+02    3.2000E-06    1.4668E-07    9.9793E-02   -6.4937E-02    2.9984E+00    1.8700E-04
1.2415E+01  1.8942E-01 2.0876E+02    3.1934E-06    1.1395E-07    9.2630E-02   -5.9855E-02    3.0314E+00    1.8700E-04
1.1930E+01  2.0452E-01 2.0905E+02    3.3151E-06    9.0487E-08    8.8309E-02   -5.7032E-02    3.0936E+00    1.8700E-04
1.1453E+01  2.2054E-01 2.0951E+02    4.1679E-06    7.3204E-08    8.8676E-02   -7.1770E-02    3.1964E+00    1.8700E-04
1.0982E+01  2.3752E-01 2.1003E+02    5.0222E-06    6.2269E-08    8.9262E-02   -4.5692E-02    3.3163E+00    1.8700E-04
1.0518E+01  2.5548E-01 2.1071E+02    5.5324E-06    5.5931E-08    9.1324E-02   -6.9882E-05    3.4787E+00    1.8700E-04
1.0060E+01  2.7446E-01 2.1231E+02    6.9290E-06    5.1686E-08    9.7869E-02   -1.2243E-01    3.8870E+00    1.8700E-04
9.6032E+00  2.9447E-01 2.1667E+02    1.2472E-05    4.8212E-08    1.2331E-01   -4.9152E-01    5.2059E+00    1.8700E-04
9.1457E+00  3.1555E-01 2.2103E+02    2.1883E-05    4.5145E-08    1.6213E-01   -8.8491E-01    6.2598E+00    1.8700E-04
8.6878E+00  3.3770E-01 2.2535E+02    3.7437E-05    4.2230E-08    2.1372E-01   -1.2871E+00    7.4595E+00    1.8700E-04
8.2298E+00  3.6096E-01 2.2963E+02    6.2427E-05    3.9404E-08    2.7576E-01   -1.6523E+00    8.8089E+00    1.8700E-04
7.7721E+00  3.8534E-01 2.3384E+02    1.0138E-04    3.6745E-08    3.4296E-01   -1.9334E+00    1.0307E+01    1.8700E-04
7.3152E+00  4.1084E-01 2.3796E+02    1.6020E-04    3.4172E-08    4.1287E-01   -2.1226E+00    1.1948E+01    1.8700E-04
6.8597E+00  4.3748E-01 2.4197E+02    2.4613E-04    3.1769E-08    4.8839E-01   -2.2461E+00    1.3718E+01    1.8700E-04
6.4060E+00  4.6525E-01 2.4582E+02    3.6743E-04    2.9542E-08    5.6511E-01   -2.2922E+00    1.5600E+01    1.8700E-04
5.9548E+00  4.9417E-01 2.4952E+02    5.3298E-04    2.7371E-08    6.2909E-01   -2.2947E+00    1.7573E+01    1.8700E-04
5.5066E+00  5.2423E-01 2.5303E+02    7.5158E-04    2.5316E-08    6.7416E-01   -2.2758E+00    1.9613E+01    1.8700E-04
5.0621E+00  5.5541E-01 2.5635E+02    1.0315E-03    2.3397E-08    7.0674E-01   -2.2582E+00    2.1698E+01    1.8700E-04
4.6217E+00  5.8770E-01 2.5949E+02    1.3799E-03    2.1577E-08    7.3318E-01   -2.2151E+00    2.3808E+01    1.8700E-04
4.1861E+00  6.2109E-01 2.6244E+02    1.8029E-03    1.9867E-08    7.5296E-01   -2.1536E+00    2.5926E+01    1.8700E-04
3.7558E+00  6.5555E-01 2.6521E+02    2.3054E-03    1.8325E-08    7.6331E-01   -2.0884E+00    2.8040E+01    1.8700E-04
3.3312E+00  6.9105E-01 2.6781E+02    2.8911E-03    1.6869E-08    7.6461E-01   -1.9940E+00    3.0139E+01    1.8700E-04
2.9128E+00  7.2755E-01 2.7026E+02    3.5627E-03    1.5576E-08    7.5994E-01   -1.8455E+00    3.2216E+01    1.8700E-04
2.5010E+00  7.6502E-01 2.7256E+02    4.3220E-03    1.4440E-08    7.5210E-01   -1.6962E+00    3.4267E+01    1.8700E-04
2.0959E+00  8.0341E-01 2.7492E+02    5.2397E-03    1.3421E-08    7.4676E-01   -1.6039E+00    3.6470E+01    1.8700E-04
1.6979E+00  8.4265E-01 2.7721E+02    6.1363E-03    1.2504E-08    7.2673E-01   -1.5203E+00    3.8699E+01    1.8700E-04
1.3072E+00  8.8270E-01 2.7940E+02    7.1738E-03    1.1801E-08    7.1178E-01   -1.5182E+00    4.0932E+01    1.8700E-04
9.2410E-01  9.2349E-01 2.8148E+02    8.2839E-03    1.1173E-08    7.0008E-01   -1.5866E+00    4.3135E+01    1.8700E-04
5.4887E-01  9.6495E-01 2.8346E+02    9.4029E-03    1.0696E-08    6.9514E-01   -1.7755E+00    4.5323E+01    1.8700E-04
1.8179E-01  1.0070E+00 2.8535E+02    1.0762E-02    1.0334E-08    7.1551E-01   -2.0271E+00    4.7486E+01    1.8700E-04
0.0000E+00  1.0284E+00 2.8629E+02    1.1442E-02    1.0400E-08    7.9559E+00   -3.5276E+00    4.8598E+01    1.8700E-04
