     ALT          P          T          FH2O           O3           THEAT        TCOOL        PSATCO2        FCO2
7.2037E+01  3.2610E-05 2.0347E+02    2.9786E-06    1.7652E-08    3.4349E+01   -3.8489E+01    2.0583E+00    1.8600E-04
7.0991E+01  3.8505E-05 2.0494E+02    3.2816E-06    1.9109E-08    5.0879E+00   -2.7004E+01    2.2963E+00    1.8600E-04
6.9946E+01  4.5410E-05 2.0643E+02    3.5745E-06    2.1062E-08    1.6998E+00   -1.8409E+01    2.5626E+00    1.8600E-04
6.8902E+01  5.3485E-05 2.0795E+02    3.8503E-06    2.3737E-08    1.2598E+00   -1.2359E+01    2.8607E+00    1.8600E-04
6.7858E+01  6.2916E-05 2.0949E+02    4.1041E-06    2.7282E-08    1.2027E+00   -8.3846E+00    3.1932E+00    1.8600E-04
6.6815E+01  7.3918E-05 2.1105E+02    4.3459E-06    3.2158E-08    1.1926E+00   -5.9505E+00    3.5624E+00    1.8600E-04
6.5773E+01  8.6733E-05 2.1262E+02    4.5558E-06    3.8847E-08    1.1953E+00   -4.5516E+00    3.9708E+00    1.8600E-04
6.4732E+01  1.0164E-04 2.1419E+02    4.7537E-06    4.8323E-08    1.2149E+00   -3.7978E+00    4.4205E+00    1.8600E-04
6.3692E+01  1.1897E-04 2.1577E+02    4.9397E-06    6.1406E-08    1.2636E+00   -3.4205E+00    4.9139E+00    1.8600E-04
6.2653E+01  1.3906E-04 2.1734E+02    5.0940E-06    7.8983E-08    1.3392E+00   -3.2448E+00    5.3576E+00    1.8600E-04
6.1615E+01  1.6235E-04 2.1891E+02    5.2394E-06    1.0079E-07    1.4413E+00   -3.1806E+00    5.7287E+00    1.8600E-04
6.0578E+01  1.8931E-04 2.2047E+02    5.3710E-06    1.2643E-07    1.5662E+00   -3.1718E+00    6.1172E+00    1.8600E-04
5.9543E+01  2.2045E-04 2.2203E+02    5.4911E-06    1.5336E-07    1.7010E+00   -3.1902E+00    6.5231E+00    1.8600E-04
5.8510E+01  2.5640E-04 2.2357E+02    5.5944E-06    1.8172E-07    1.8442E+00   -3.2220E+00    6.9463E+00    1.8600E-04
5.7479E+01  2.9784E-04 2.2511E+02    5.6976E-06    2.1270E-07    2.0009E+00   -3.2658E+00    7.3871E+00    1.8600E-04
5.6450E+01  3.4553E-04 2.2663E+02    5.7845E-06    2.4627E-07    2.1704E+00   -3.3141E+00    7.8457E+00    1.8600E-04
5.5423E+01  4.0036E-04 2.2815E+02    5.8667E-06    2.8418E-07    2.3592E+00   -3.3685E+00    8.3226E+00    1.8600E-04
5.4398E+01  4.6331E-04 2.2966E+02    5.9387E-06    3.2663E-07    2.5666E+00   -3.4266E+00    8.8183E+00    1.8600E-04
5.3376E+01  5.3547E-04 2.3116E+02    6.0029E-06    3.7491E-07    2.7948E+00   -3.4879E+00    9.3331E+00    1.8600E-04
5.2356E+01  6.1810E-04 2.3266E+02    6.0641E-06    4.2832E-07    3.0369E+00   -3.5517E+00    9.8676E+00    1.8600E-04
5.1339E+01  7.1258E-04 2.3415E+02    6.1251E-06    4.8798E-07    3.2911E+00   -3.6156E+00    1.0422E+01    1.8600E-04
5.0325E+01  8.2046E-04 2.3563E+02    6.1760E-06    5.5430E-07    3.5517E+00   -3.6749E+00    1.0998E+01    1.8600E-04
4.9314E+01  9.4349E-04 2.3711E+02    6.2178E-06    6.2762E-07    3.8107E+00   -3.7276E+00    1.1594E+01    1.8600E-04
4.8307E+01  1.0836E-03 2.3859E+02    6.2581E-06    7.0885E-07    4.0678E+00   -3.7924E+00    1.2211E+01    1.8600E-04
4.7302E+01  1.2429E-03 2.4006E+02    6.2983E-06    7.9982E-07    4.3150E+00   -3.8593E+00    1.2850E+01    1.8600E-04
4.6301E+01  1.4239E-03 2.4152E+02    6.3292E-06    9.0333E-07    4.5448E+00   -3.9259E+00    1.3512E+01    1.8600E-04
4.5304E+01  1.6292E-03 2.4298E+02    6.3591E-06    1.0241E-06    4.7554E+00   -4.0075E+00    1.4195E+01    1.8600E-04
4.4310E+01  1.8617E-03 2.4444E+02    6.3790E-06    1.1528E-06    4.9101E+00   -4.1190E+00    1.4902E+01    1.8600E-04
4.3320E+01  2.1248E-03 2.4589E+02    6.3900E-06    1.3101E-06    5.0524E+00   -4.3087E+00    1.5632E+01    1.8600E-04
4.2334E+01  2.4219E-03 2.4741E+02    6.4000E-06    1.4864E-06    5.1432E+00   -4.5749E+00    1.6426E+01    1.8600E-04
4.1352E+01  2.7571E-03 2.4874E+02    6.3918E-06    1.6993E-06    5.2010E+00   -4.8230E+00    1.7145E+01    1.8600E-04
4.0376E+01  3.1348E-03 2.4958E+02    6.3823E-06    1.9493E-06    5.2007E+00   -4.9686E+00    1.7610E+01    1.8600E-04
3.9407E+01  3.5597E-03 2.4979E+02    6.3558E-06    2.2420E-06    5.1298E+00   -4.9800E+00    1.7725E+01    1.8600E-04
3.8449E+01  4.0371E-03 2.4932E+02    6.3175E-06    2.5708E-06    4.9704E+00   -4.8608E+00    1.7463E+01    1.8600E-04
3.7504E+01  4.5727E-03 2.4821E+02    6.2645E-06    2.9012E-06    4.7063E+00   -4.6317E+00    1.6858E+01    1.8600E-04
3.6574E+01  5.1729E-03 2.4656E+02    6.2050E-06    3.2155E-06    4.3753E+00   -4.3309E+00    1.5978E+01    1.8600E-04
3.5660E+01  5.8445E-03 2.4446E+02    6.1319E-06    3.4759E-06    4.0072E+00   -3.9938E+00    1.4916E+01    1.8600E-04
3.4765E+01  6.5950E-03 2.4207E+02    6.0603E-06    3.6793E-06    3.6458E+00   -3.6541E+00    1.3764E+01    1.8600E-04
3.3888E+01  7.4325E-03 2.3949E+02    5.9726E-06    3.8122E-06    3.3041E+00   -3.3286E+00    1.2602E+01    1.8600E-04
3.3030E+01  8.3658E-03 2.3686E+02    5.8821E-06    3.8985E-06    2.9969E+00   -3.0275E+00    1.1490E+01    1.8600E-04
3.2191E+01  9.4044E-03 2.3427E+02    5.7914E-06    3.9414E-06    2.7176E+00   -2.7520E+00    1.0470E+01    1.8600E-04
3.1369E+01  1.0559E-02 2.3182E+02    5.7008E-06    3.9500E-06    2.4609E+00   -2.5214E+00    9.5642E+00    1.8600E-04
3.0566E+01  1.1840E-02 2.2954E+02    5.6064E-06    3.9282E-06    2.2229E+00   -2.2643E+00    8.7794E+00    1.8600E-04
2.9778E+01  1.3259E-02 2.2748E+02    5.5120E-06    3.8810E-06    2.0025E+00   -2.0283E+00    8.1090E+00    1.8600E-04
2.9007E+01  1.4830E-02 2.2562E+02    5.4194E-06    3.8045E-06    1.7982E+00   -1.8130E+00    7.5404E+00    1.8600E-04
2.8250E+01  1.6567E-02 2.2397E+02    5.3286E-06    3.7084E-06    1.6135E+00   -1.6191E+00    7.0591E+00    1.8600E-04
2.7507E+01  1.8483E-02 2.2250E+02    5.2394E-06    3.5991E-06    1.4505E+00   -1.4472E+00    6.6504E+00    1.8600E-04
2.6777E+01  2.0595E-02 2.2118E+02    5.1520E-06    3.4826E-06    1.3093E+00   -1.2971E+00    6.3009E+00    1.8600E-04
2.6060E+01  2.2920E-02 2.2000E+02    5.0559E-06    3.3496E-06    1.1860E+00   -1.1677E+00    5.9989E+00    1.8600E-04
2.5356E+01  2.5475E-02 2.1894E+02    4.9714E-06    3.2007E-06    1.0786E+00   -1.0581E+00    5.7352E+00    1.8600E-04
2.4663E+01  2.8279E-02 2.1796E+02    4.8863E-06    3.0483E-06    9.8653E-01   -9.6467E-01    5.5028E+00    1.8600E-04
2.3981E+01  3.1352E-02 2.1707E+02    4.7965E-06    2.8983E-06    9.0702E-01   -8.8292E-01    5.2963E+00    1.8600E-04
2.3311E+01  3.4715E-02 2.1625E+02    4.7072E-06    2.7422E-06    8.3505E-01   -8.0962E-01    5.0764E+00    1.8600E-04
2.2651E+01  3.8390E-02 2.1550E+02    4.6249E-06    2.5738E-06    7.6721E-01   -7.4274E-01    4.8286E+00    1.8600E-04
2.2002E+01  4.2401E-02 2.1482E+02    4.5392E-06    2.4126E-06    7.0470E-01   -6.7931E-01    4.6111E+00    1.8600E-04
2.1364E+01  4.6773E-02 2.1419E+02    4.4547E-06    2.2469E-06    6.4457E-01   -6.1923E-01    4.4209E+00    1.8600E-04
2.0735E+01  5.1529E-02 2.1363E+02    4.3773E-06    2.0736E-06    5.8581E-01   -5.6262E-01    4.2560E+00    1.8600E-04
2.0116E+01  5.6699E-02 2.1314E+02    4.3002E-06    1.8996E-06    5.2933E-01   -5.0788E-01    4.1145E+00    1.8600E-04
1.9507E+01  6.2308E-02 2.1270E+02    4.2200E-06    1.7236E-06    4.7513E-01   -4.5416E-01    3.9942E+00    1.8600E-04
1.8908E+01  6.8385E-02 2.1233E+02    4.1481E-06    1.5440E-06    4.2338E-01   -4.0171E-01    3.8926E+00    1.8600E-04
1.8317E+01  7.4961E-02 2.1200E+02    4.0774E-06    1.3677E-06    3.7525E-01   -3.4960E-01    3.8059E+00    1.8600E-04
1.7736E+01  8.2066E-02 2.1171E+02    4.0181E-06    1.1938E-06    3.3074E-01   -2.9956E-01    3.7299E+00    1.8600E-04
1.7163E+01  8.9731E-02 2.1144E+02    3.9608E-06    1.0219E-06    2.8971E-01   -2.5379E-01    3.6601E+00    1.8600E-04
1.6599E+01  9.7989E-02 2.1117E+02    3.9076E-06    8.5891E-07    2.5283E-01   -2.1368E-01    3.5926E+00    1.8600E-04
1.6045E+01  1.0687E-01 2.1089E+02    3.8633E-06    7.0637E-07    2.1898E-01   -1.5777E-01    3.5236E+00    1.8600E-04
1.5499E+01  1.1641E-01 2.1060E+02    3.8247E-06    5.6951E-07    1.8943E-01   -1.2969E-01    3.4521E+00    1.8600E-04
1.4962E+01  1.2664E-01 2.1030E+02    3.7926E-06    4.5080E-07    1.6445E-01   -1.0989E-01    3.3808E+00    1.8600E-04
1.4434E+01  1.3760E-01 2.1002E+02    3.7609E-06    3.5026E-07    1.4352E-01   -9.7574E-02    3.3154E+00    1.8600E-04
1.3914E+01  1.4932E-01 2.0980E+02    3.7365E-06    2.6440E-07    1.2593E-01   -9.3062E-02    3.2633E+00    1.8600E-04
1.3404E+01  1.6183E-01 2.0967E+02    3.7231E-06    1.9454E-07    1.1174E-01   -9.3452E-02    3.2326E+00    1.8600E-04
1.2901E+01  1.7517E-01 2.0965E+02    3.7130E-06    1.4499E-07    1.0136E-01   -9.2223E-02    3.2296E+00    1.8600E-04
1.2406E+01  1.8937E-01 2.0978E+02    3.7031E-06    1.1308E-07    9.4270E-02   -8.6571E-02    3.2581E+00    1.8600E-04
1.1919E+01  2.0447E-01 2.1005E+02    3.8112E-06    8.9637E-08    8.9664E-02   -8.3359E-02    3.3204E+00    1.8600E-04
1.1440E+01  2.2049E-01 2.1045E+02    4.2712E-06    7.2380E-08    8.8183E-02   -8.7141E-02    3.4159E+00    1.8600E-04
1.0967E+01  2.3746E-01 2.1095E+02    5.2109E-06    6.1661E-08    9.0096E-02   -8.2319E-02    3.5369E+00    1.8600E-04
1.0501E+01  2.5542E-01 2.1147E+02    6.1540E-06    5.5481E-08    9.2610E-02   -4.5943E-03    3.6679E+00    1.8600E-04
1.0042E+01  2.7439E-01 2.1216E+02    6.7968E-06    5.1322E-08    9.5406E-02   -5.6145E-02    3.8487E+00    1.8600E-04
9.5866E+00  2.9440E-01 2.1627E+02    1.1831E-05    4.7880E-08    1.1778E-01   -4.0374E-01    5.0814E+00    1.8600E-04
9.1302E+00  3.1547E-01 2.2061E+02    2.0782E-05    4.4852E-08    1.5466E-01   -7.9720E-01    6.1535E+00    1.8600E-04
8.6733E+00  3.3762E-01 2.2493E+02    3.5603E-05    4.2039E-08    2.0480E-01   -1.2065E+00    7.3367E+00    1.8600E-04
8.2162E+00  3.6087E-01 2.2921E+02    5.9456E-05    3.9309E-08    2.6599E-01   -1.5849E+00    8.6687E+00    1.8600E-04
7.7595E+00  3.8524E-01 2.3342E+02    9.6716E-05    3.6664E-08    3.3302E-01   -1.8821E+00    1.0149E+01    1.8600E-04
7.3036E+00  4.1074E-01 2.3754E+02    1.5311E-04    3.4099E-08    4.0289E-01   -2.0841E+00    1.1772E+01    1.8600E-04
6.8490E+00  4.3737E-01 2.4155E+02    2.3572E-04    3.1707E-08    4.7817E-01   -2.2180E+00    1.3526E+01    1.8600E-04
6.3963E+00  4.6514E-01 2.4542E+02    3.5270E-04    2.9489E-08    5.5542E-01   -2.2731E+00    1.5394E+01    1.8600E-04
5.9459E+00  4.9405E-01 2.4912E+02    5.1283E-04    2.7385E-08    6.2108E-01   -2.2795E+00    1.7354E+01    1.8600E-04
5.4986E+00  5.2409E-01 2.5265E+02    7.2495E-04    2.5375E-08    6.6788E-01   -2.2641E+00    1.9385E+01    1.8600E-04
5.0549E+00  5.5526E-01 2.5599E+02    9.9735E-04    2.3462E-08    7.0145E-01   -2.2483E+00    2.1463E+01    1.8600E-04
4.6153E+00  5.8755E-01 2.5914E+02    1.3374E-03    2.1646E-08    7.2856E-01   -2.2091E+00    2.3568E+01    1.8600E-04
4.1804E+00  6.2093E-01 2.6211E+02    1.7512E-03    1.9942E-08    7.4924E-01   -2.1493E+00    2.5683E+01    1.8600E-04
3.7507E+00  6.5538E-01 2.6489E+02    2.2439E-03    1.8405E-08    7.6068E-01   -2.0861E+00    2.7795E+01    1.8600E-04
3.3267E+00  6.9087E-01 2.6751E+02    2.8192E-03    1.6952E-08    7.6289E-01   -1.9967E+00    2.9893E+01    1.8600E-04
2.9089E+00  7.2736E-01 2.6997E+02    3.4800E-03    1.5663E-08    7.5888E-01   -1.8546E+00    3.1971E+01    1.8600E-04
2.4977E+00  7.6482E-01 2.7229E+02    4.2280E-03    1.4531E-08    7.5161E-01   -1.7044E+00    3.4022E+01    1.8600E-04
2.0932E+00  8.0319E-01 2.7464E+02    5.1310E-03    1.3513E-08    7.4681E-01   -1.6071E+00    3.6201E+01    1.8600E-04
1.6958E+00  8.4243E-01 2.7693E+02    6.0317E-03    1.2600E-08    7.2848E-01   -1.5239E+00    3.8428E+01    1.8600E-04
1.3056E+00  8.8246E-01 2.7913E+02    7.0353E-03    1.1897E-08    7.1203E-01   -1.5117E+00    4.0657E+01    1.8600E-04
9.2293E-01  9.2324E-01 2.8122E+02    8.1505E-03    1.1271E-08    7.0128E-01   -1.5784E+00    4.2859E+01    1.8600E-04
5.4818E-01  9.6468E-01 2.8321E+02    9.2254E-03    1.0795E-08    6.9427E-01   -1.7560E+00    4.5041E+01    1.8600E-04
1.8156E-01  1.0067E+00 2.8511E+02    1.0591E-02    1.0433E-08    7.1574E-01   -2.0115E+00    4.7203E+01    1.8600E-04
0.0000E+00  1.0281E+00 2.8605E+02    1.1274E-02    1.0500E-08    7.9657E+00   -3.5468E+00    4.8314E+01    1.8600E-04
