     ALT          P          T          FH2O           O3           THEAT        TCOOL        PSATCO2        FCO2
6.6043E+01  3.2610E-05 1.8404E+02    9.4468E-06    4.4610E-08    3.4677E+01   -2.8282E+01    4.0851E-01    1.8900E-04
6.5121E+01  3.8507E-05 1.7554E+02    9.7091E-06    5.4717E-08    5.4896E+00   -1.3225E+01    1.7930E-01    1.8900E-04
6.4239E+01  4.5413E-05 1.7151E+02    9.9443E-06    6.5871E-08    2.1069E+00   -6.2054E+00    1.1788E-01    1.8900E-04
6.3375E+01  5.3490E-05 1.7125E+02    1.0146E-05    7.7376E-08    1.6853E+00   -3.4536E+00    1.1463E-01    1.8900E-04
6.2513E+01  6.2924E-05 1.7330E+02    1.0346E-05    8.8977E-08    1.6639E+00   -2.7658E+00    1.4244E-01    1.8900E-04
6.1645E+01  7.3929E-05 1.7647E+02    1.0545E-05    1.0075E-07    1.6902E+00   -2.8802E+00    1.9709E-01    1.8900E-04
6.0767E+01  8.6749E-05 1.8000E+02    1.0741E-05    1.1385E-07    1.7271E+00   -3.1341E+00    2.7885E-01    1.8900E-04
5.9880E+01  1.0166E-04 1.8345E+02    1.0837E-05    1.2753E-07    1.7663E+00   -3.2582E+00    3.8671E-01    1.8900E-04
5.8984E+01  1.1899E-04 1.8663E+02    1.1030E-05    1.4238E-07    1.8181E+00   -3.2601E+00    5.1668E-01    1.8900E-04
5.8080E+01  1.3910E-04 1.8944E+02    1.1122E-05    1.5797E-07    1.8740E+00   -3.1397E+00    6.6215E-01    1.8900E-04
5.7172E+01  1.6240E-04 1.9187E+02    1.1300E-05    1.7525E-07    1.9419E+00   -2.9833E+00    8.1574E-01    1.8900E-04
5.6261E+01  1.8936E-04 1.9396E+02    1.1400E-05    1.9416E-07    2.0182E+00   -2.8030E+00    9.7178E-01    1.8900E-04
5.5349E+01  2.2053E-04 1.9578E+02    1.1489E-05    2.1375E-07    2.0998E+00   -2.6298E+00    1.1281E+00    1.8900E-04
5.4436E+01  2.5650E-04 1.9741E+02    1.1574E-05    2.3488E-07    2.1900E+00   -2.4768E+00    1.2870E+00    1.8900E-04
5.3524E+01  2.9795E-04 1.9895E+02    1.1658E-05    2.5695E-07    2.2883E+00   -2.3487E+00    1.4543E+00    1.8900E-04
5.2613E+01  3.4568E-04 2.0047E+02    1.1741E-05    2.8561E-07    2.4206E+00   -2.2407E+00    1.6373E+00    1.8900E-04
5.1703E+01  4.0054E-04 2.0201E+02    1.1800E-05    3.2123E-07    2.5877E+00   -2.1459E+00    1.8430E+00    1.8900E-04
5.0794E+01  4.6352E-04 2.0359E+02    1.1900E-05    3.5920E-07    2.7655E+00   -2.0795E+00    2.0775E+00    1.8900E-04
4.9886E+01  5.3574E-04 2.0524E+02    1.1900E-05    4.0071E-07    2.9534E+00   -2.0326E+00    2.3476E+00    1.8900E-04
4.8978E+01  6.1842E-04 2.0695E+02    1.2000E-05    4.4916E-07    3.1688E+00   -2.0238E+00    2.6610E+00    1.8900E-04
4.8072E+01  7.1296E-04 2.0873E+02    1.2029E-05    5.1281E-07    3.4388E+00   -2.0416E+00    3.0250E+00    1.8900E-04
4.7166E+01  8.2092E-04 2.1057E+02    1.2100E-05    5.8985E-07    3.7475E+00   -2.0923E+00    3.4445E+00    1.8900E-04
4.6260E+01  9.4404E-04 2.1244E+02    1.2100E-05    6.7941E-07    4.0744E+00   -2.1685E+00    3.9230E+00    1.8900E-04
4.5354E+01  1.0843E-03 2.1433E+02    1.2100E-05    7.8329E-07    4.4158E+00   -2.2808E+00    4.4619E+00    1.8900E-04
4.4450E+01  1.2437E-03 2.1620E+02    1.2111E-05    9.0764E-07    4.7728E+00   -2.4214E+00    5.0596E+00    1.8900E-04
4.3546E+01  1.4249E-03 2.1803E+02    1.2200E-05    1.0571E-06    5.1337E+00   -2.5805E+00    5.5186E+00    1.8900E-04
4.2643E+01  1.6303E-03 2.1974E+02    1.2200E-05    1.2391E-06    5.4888E+00   -2.7414E+00    5.9333E+00    1.8900E-04
4.1742E+01  1.8630E-03 2.2124E+02    1.2200E-05    1.4577E-06    5.8138E+00   -2.8926E+00    6.3165E+00    1.8900E-04
4.0845E+01  2.1263E-03 2.2242E+02    1.2133E-05    1.7186E-06    6.0852E+00   -3.0100E+00    6.6289E+00    1.8900E-04
3.9953E+01  2.4237E-03 2.2313E+02    1.2100E-05    2.0376E-06    6.2905E+00   -3.0732E+00    6.8234E+00    1.8900E-04
3.9068E+01  2.7592E-03 2.2326E+02    1.2100E-05    2.3959E-06    6.3449E+00   -3.0581E+00    6.8597E+00    1.8900E-04
3.8193E+01  3.1372E-03 2.2276E+02    1.2057E-05    2.7842E-06    6.2199E+00   -2.9550E+00    6.7205E+00    1.8900E-04
3.7330E+01  3.5625E-03 2.2164E+02    1.2000E-05    3.1752E-06    5.9110E+00   -2.7767E+00    6.4217E+00    1.8900E-04
3.6480E+01  4.0404E-03 2.2005E+02    1.1948E-05    3.5076E-06    5.4399E+00   -2.5488E+00    6.0094E+00    1.8900E-04
3.5646E+01  4.5766E-03 2.1813E+02    1.1896E-05    3.7858E-06    4.9221E+00   -2.3061E+00    5.5418E+00    1.8900E-04
3.4828E+01  5.1774E-03 2.1607E+02    1.1800E-05    3.9800E-06    4.4082E+00   -2.0742E+00    5.0137E+00    1.8900E-04
3.4027E+01  5.8497E-03 2.1400E+02    1.1700E-05    4.1120E-06    3.9481E+00   -1.8740E+00    4.3652E+00    1.8900E-04
3.3241E+01  6.6010E-03 2.1204E+02    1.1648E-05    4.1754E-06    3.5405E+00   -1.7134E+00    3.8155E+00    1.8900E-04
3.2471E+01  7.4394E-03 2.1023E+02    1.1600E-05    4.1803E-06    3.1792E+00   -1.5878E+00    3.3633E+00    1.8900E-04
3.1715E+01  8.3737E-03 2.0861E+02    1.1500E-05    4.1190E-06    2.8493E+00   -1.4874E+00    2.9986E+00    1.8900E-04
3.0973E+01  9.4135E-03 2.0720E+02    1.1415E-05    4.0307E-06    2.5574E+00   -1.4057E+00    2.7090E+00    1.8900E-04
3.0243E+01  1.0569E-02 2.0599E+02    1.1374E-05    3.9166E-06    2.2949E+00   -1.3276E+00    2.4819E+00    1.8900E-04
2.9526E+01  1.1852E-02 2.0499E+02    1.1234E-05    3.7974E-06    2.0613E+00   -1.2334E+00    2.3048E+00    1.8900E-04
2.8819E+01  1.3273E-02 2.0416E+02    1.1196E-05    3.6767E-06    1.8533E+00   -1.1474E+00    2.1669E+00    1.8900E-04
2.8124E+01  1.4846E-02 2.0348E+02    1.1100E-05    3.5536E-06    1.6668E+00   -1.0641E+00    2.0596E+00    1.8900E-04
2.7438E+01  1.6584E-02 2.0293E+02    1.1025E-05    3.4246E-06    1.5000E+00   -9.8539E-01    1.9763E+00    1.8900E-04
2.6762E+01  1.8503E-02 2.0249E+02    1.0900E-05    3.3014E-06    1.3546E+00   -9.1000E-01    1.9116E+00    1.8900E-04
2.6095E+01  2.0618E-02 2.0214E+02    1.0860E-05    3.1693E-06    1.2270E+00   -8.4233E-01    1.8614E+00    1.8900E-04
2.5437E+01  2.2946E-02 2.0186E+02    1.0729E-05    3.0319E-06    1.1163E+00   -7.7925E-01    1.8225E+00    1.8900E-04
2.4788E+01  2.5504E-02 2.0164E+02    1.0700E-05    2.9007E-06    1.0233E+00   -7.2498E-01    1.7919E+00    1.8900E-04
2.4147E+01  2.8311E-02 2.0146E+02    1.0573E-05    2.7605E-06    9.4151E-01   -6.7505E-01    1.7673E+00    1.8900E-04
2.3515E+01  3.1388E-02 2.0131E+02    1.0500E-05    2.6168E-06    8.6941E-01   -6.3164E-01    1.7468E+00    1.8900E-04
2.2891E+01  3.4756E-02 2.0118E+02    1.0424E-05    2.4682E-06    8.0374E-01   -5.9170E-01    1.7291E+00    1.8900E-04
2.2275E+01  3.8437E-02 2.0106E+02    1.0301E-05    2.3217E-06    7.4303E-01   -5.5177E-01    1.7132E+00    1.8900E-04
2.1668E+01  4.2453E-02 2.0095E+02    1.0200E-05    2.1640E-06    6.8382E-01   -5.1341E-01    1.6986E+00    1.8900E-04
2.1068E+01  4.6831E-02 2.0085E+02    1.0161E-05    2.0085E-06    6.2728E-01   -4.7561E-01    1.6853E+00    1.8900E-04
2.0477E+01  5.1594E-02 2.0075E+02    1.0043E-05    1.8494E-06    5.7171E-01   -4.3482E-01    1.6735E+00    1.8900E-04
1.9893E+01  5.6771E-02 2.0068E+02    9.9635E-06    1.6868E-06    5.1739E-01   -3.9402E-01    1.6637E+00    1.8900E-04
1.9318E+01  6.2388E-02 2.0062E+02    9.8886E-06    1.5178E-06    4.6435E-01   -3.5311E-01    1.6566E+00    1.8900E-04
1.8750E+01  6.8475E-02 2.0059E+02    9.8095E-06    1.3588E-06    4.1519E-01   -3.0984E-01    1.6528E+00    1.8900E-04
1.8191E+01  7.5061E-02 2.0059E+02    9.7413E-06    1.1918E-06    3.6801E-01   -2.6831E-01    1.6523E+00    1.8900E-04
1.7639E+01  8.2176E-02 2.0061E+02    9.6665E-06    1.0379E-06    3.2585E-01   -2.2568E-01    1.6547E+00    1.8900E-04
1.7095E+01  8.9853E-02 2.0064E+02    9.6045E-06    8.9105E-07    2.8807E-01   -1.8477E-01    1.6589E+00    1.8900E-04
1.6558E+01  9.8123E-02 2.0067E+02    9.5473E-06    7.5178E-07    2.5443E-01   -1.4678E-01    1.6632E+00    1.8900E-04
1.6030E+01  1.0702E-01 2.0069E+02    9.4927E-06    6.2316E-07    2.2364E-01   -7.7326E-02    1.6654E+00    1.8900E-04
1.5508E+01  1.1657E-01 2.0069E+02    9.4511E-06    5.0785E-07    1.9695E-01   -4.5804E-02    1.6656E+00    1.8900E-04
1.4995E+01  1.2682E-01 2.0070E+02    9.4102E-06    4.0753E-07    1.7447E-01   -1.9183E-02    1.6668E+00    1.8900E-04
1.4490E+01  1.3780E-01 2.0077E+02    9.3749E-06    3.2198E-07    1.5570E-01    1.8790E-03    1.6756E+00    1.8900E-04
1.3991E+01  1.4954E-01 2.0094E+02    9.3501E-06    2.4857E-07    1.3992E-01    1.9290E-02    1.6979E+00    1.8900E-04
1.3500E+01  1.6207E-01 2.0126E+02    9.3306E-06    1.8703E-07    1.2502E-01    4.8208E-02    1.7399E+00    1.8900E-04
1.3016E+01  1.7543E-01 2.0169E+02    4.6204E-06    1.4083E-07    9.7874E-02    1.2691E-01    1.7978E+00    1.8900E-04
1.2539E+01  1.8966E-01 2.0222E+02    2.8255E-06    1.0980E-07    7.9427E-02    1.9325E-01    1.8725E+00    1.8900E-04
1.2068E+01  2.0477E-01 2.0279E+02    1.7391E-06    8.8287E-08    7.4755E-02    2.2996E-01    1.9553E+00    1.8900E-04
1.1602E+01  2.2082E-01 2.0452E+02    2.2580E-06    7.1646E-08    7.3900E-02    1.4605E-01    2.2262E+00    1.8900E-04
1.1138E+01  2.3782E-01 2.0848E+02    4.0183E-06    5.9707E-08    7.9415E-02   -1.8245E-02    2.9707E+00    1.8900E-04
1.0673E+01  2.5581E-01 2.1212E+02    6.7070E-06    5.2858E-08    9.0406E-02   -1.7319E-01    3.8380E+00    1.8900E-04
1.0208E+01  2.7482E-01 2.1604E+02    1.1397E-05    4.8510E-08    1.1020E-01   -4.2884E-01    5.0044E+00    1.8900E-04
9.7425E+00  2.9486E-01 2.2047E+02    2.0262E-05    4.5230E-08    1.4481E-01   -8.0862E-01    6.1160E+00    1.8900E-04
9.2761E+00  3.1596E-01 2.2487E+02    3.5102E-05    4.2300E-08    1.9462E-01   -1.2291E+00    7.3179E+00    1.8900E-04
8.8093E+00  3.3815E-01 2.2923E+02    5.9214E-05    3.9637E-08    2.5789E-01   -1.6367E+00    8.6740E+00    1.8900E-04
8.3424E+00  3.6145E-01 2.3351E+02    9.7179E-05    3.7082E-08    3.2897E-01   -1.9700E+00    1.0183E+01    1.8900E-04
7.8761E+00  3.8586E-01 2.3771E+02    1.5500E-04    3.4618E-08    4.0336E-01   -2.1985E+00    1.1839E+01    1.8900E-04
7.4109E+00  4.1140E-01 2.4177E+02    2.4008E-04    3.2316E-08    4.8275E-01   -2.3474E+00    1.3628E+01    1.8900E-04
6.9472E+00  4.3808E-01 2.4569E+02    3.6086E-04    3.0136E-08    5.6456E-01   -2.4108E+00    1.5531E+01    1.8900E-04
6.4857E+00  4.6590E-01 2.4943E+02    5.2636E-04    2.8108E-08    6.3499E-01   -2.4143E+00    1.7526E+01    1.8900E-04
6.0271E+00  4.9486E-01 2.5299E+02    7.4551E-04    2.6172E-08    6.8482E-01   -2.3886E+00    1.9587E+01    1.8900E-04
5.5719E+00  5.2496E-01 2.5634E+02    1.0266E-03    2.4290E-08    7.1927E-01   -2.3656E+00    2.1691E+01    1.8900E-04
5.1207E+00  5.5619E-01 2.5950E+02    1.3769E-03    2.2508E-08    7.4635E-01   -2.3199E+00    2.3819E+01    1.8900E-04
4.6742E+00  5.8853E-01 2.6247E+02    1.8025E-03    2.0826E-08    7.6702E-01   -2.2503E+00    2.5953E+01    1.8900E-04
4.2327E+00  6.2197E-01 2.6526E+02    2.3083E-03    1.9248E-08    7.7828E-01   -2.1782E+00    2.8081E+01    1.8900E-04
3.7969E+00  6.5649E-01 2.6787E+02    2.8982E-03    1.7847E-08    7.7971E-01   -2.0829E+00    3.0193E+01    1.8900E-04
3.3672E+00  6.9204E-01 2.7033E+02    3.5752E-03    1.6462E-08    7.7430E-01   -1.9299E+00    3.2284E+01    1.8900E-04
2.9440E+00  7.2861E-01 2.7265E+02    4.3414E-03    1.5227E-08    7.6543E-01   -1.7756E+00    3.4348E+01    1.8900E-04
2.5275E+00  7.6613E-01 2.7506E+02    5.2766E-03    1.4105E-08    7.5959E-01   -1.6746E+00    3.6597E+01    1.8900E-04
2.1179E+00  8.0458E-01 2.7736E+02    6.1786E-03    1.3098E-08    7.3688E-01   -1.5651E+00    3.8850E+01    1.8900E-04
1.7154E+00  8.4389E-01 2.7957E+02    7.2457E-03    1.2234E-08    7.1972E-01   -1.5401E+00    4.1111E+01    1.8900E-04
1.3205E+00  8.8400E-01 2.8167E+02    8.3646E-03    1.1521E-08    7.0225E-01   -1.5739E+00    4.3343E+01    1.8900E-04
9.3336E-01  9.2486E-01 2.8368E+02    9.5348E-03    1.0885E-08    6.9071E-01   -1.6804E+00    4.5569E+01    1.8900E-04
5.5429E-01  9.6638E-01 2.8559E+02    1.0908E-02    1.0401E-08    6.9658E-01   -1.9275E+00    4.7768E+01    1.8900E-04
1.8356E-01  1.0085E+00 2.8741E+02    1.2217E-02    1.0035E-08    7.1096E-01   -2.1513E+00    4.9936E+01    1.8900E-04
0.0000E+00  1.0299E+00 2.8833E+02    1.2921E-02    1.0100E-08    7.8890E+00   -3.3555E+00    5.1059E+01    1.8900E-04
