     ALT          P          T          FH2O           O3           THEAT        TCOOL        PSATCO2        FCO2
7.2025E+01  3.2610E-05 2.0318E+02    3.1261E-06    1.7309E-08    3.4295E+01   -3.8110E+01    2.0141E+00    1.8500E-04
7.0981E+01  3.8505E-05 2.0466E+02    3.4395E-06    1.8824E-08    5.1168E+00   -2.6822E+01    2.2494E+00    1.8500E-04
6.9937E+01  4.5410E-05 2.0616E+02    3.7367E-06    2.0779E-08    1.7058E+00   -1.8365E+01    2.5127E+00    1.8500E-04
6.8894E+01  5.3484E-05 2.0769E+02    4.0289E-06    2.3386E-08    1.2591E+00   -1.2399E+01    2.8074E+00    1.8500E-04
6.7852E+01  6.2916E-05 2.0924E+02    4.2952E-06    2.6900E-08    1.2012E+00   -8.4631E+00    3.1362E+00    1.8500E-04
6.6810E+01  7.3917E-05 2.1080E+02    4.5453E-06    3.1674E-08    1.1910E+00   -6.0423E+00    3.5014E+00    1.8500E-04
6.5770E+01  8.6732E-05 2.1238E+02    4.7661E-06    3.8359E-08    1.1942E+00   -4.6436E+00    3.9053E+00    1.8500E-04
6.4730E+01  1.0164E-04 2.1395E+02    4.9738E-06    4.7727E-08    1.2138E+00   -3.8824E+00    4.3503E+00    1.8500E-04
6.3691E+01  1.1896E-04 2.1553E+02    5.1596E-06    6.0681E-08    1.2619E+00   -3.4928E+00    4.8387E+00    1.8500E-04
6.2653E+01  1.3906E-04 2.1711E+02    5.3257E-06    7.8021E-08    1.3366E+00   -3.3106E+00    5.3057E+00    1.8500E-04
6.1616E+01  1.6235E-04 2.1869E+02    5.4789E-06    9.9566E-08    1.4373E+00   -3.2398E+00    5.6752E+00    1.8500E-04
6.0580E+01  1.8930E-04 2.2026E+02    5.6105E-06    1.2430E-07    1.5578E+00   -3.2210E+00    6.0622E+00    1.8500E-04
5.9547E+01  2.2045E-04 2.2181E+02    5.7346E-06    1.5120E-07    1.6921E+00   -3.2316E+00    6.4665E+00    1.8500E-04
5.8514E+01  2.5640E-04 2.2336E+02    5.8484E-06    1.7952E-07    1.8352E+00   -3.2575E+00    6.8882E+00    1.8500E-04
5.7484E+01  2.9783E-04 2.2490E+02    5.9468E-06    2.0991E-07    1.9889E+00   -3.2905E+00    7.3274E+00    1.8500E-04
5.6456E+01  3.4553E-04 2.2643E+02    6.0437E-06    2.4295E-07    2.1556E+00   -3.3322E+00    7.7845E+00    1.8500E-04
5.5429E+01  4.0035E-04 2.2795E+02    6.1258E-06    2.8013E-07    2.3409E+00   -3.3776E+00    8.2598E+00    1.8500E-04
5.4406E+01  4.6330E-04 2.2947E+02    6.2008E-06    3.2244E-07    2.5476E+00   -3.4279E+00    8.7538E+00    1.8500E-04
5.3384E+01  5.3546E-04 2.3097E+02    6.2721E-06    3.7028E-07    2.7741E+00   -3.4829E+00    9.2670E+00    1.8500E-04
5.2365E+01  6.1808E-04 2.3247E+02    6.3333E-06    4.2279E-07    3.0125E+00   -3.5393E+00    9.7999E+00    1.8500E-04
5.1349E+01  7.1256E-04 2.3396E+02    6.3942E-06    4.8210E-07    3.2660E+00   -3.5970E+00    1.0353E+01    1.8500E-04
5.0336E+01  8.2044E-04 2.3545E+02    6.4467E-06    5.4823E-07    3.5269E+00   -3.6518E+00    1.0926E+01    1.8500E-04
4.9326E+01  9.4346E-04 2.3693E+02    6.4971E-06    6.2051E-07    3.7836E+00   -3.7019E+00    1.1521E+01    1.8500E-04
4.8319E+01  1.0836E-03 2.3841E+02    6.5374E-06    7.0152E-07    4.0420E+00   -3.7640E+00    1.2136E+01    1.8500E-04
4.7315E+01  1.2429E-03 2.3988E+02    6.5775E-06    7.9221E-07    4.2909E+00   -3.8295E+00    1.2774E+01    1.8500E-04
4.6315E+01  1.4239E-03 2.4135E+02    6.6176E-06    8.9437E-07    4.5185E+00   -3.8964E+00    1.3433E+01    1.8500E-04
4.5318E+01  1.6291E-03 2.4281E+02    6.6474E-06    1.0118E-06    4.7255E+00   -3.9778E+00    1.4115E+01    1.8500E-04
4.4325E+01  1.8617E-03 2.4427E+02    6.6686E-06    1.1498E-06    4.9095E+00   -4.0927E+00    1.4820E+01    1.8500E-04
4.3336E+01  2.1247E-03 2.4572E+02    6.6800E-06    1.2966E-06    5.0294E+00   -4.2797E+00    1.5548E+01    1.8500E-04
4.2351E+01  2.4218E-03 2.4724E+02    6.6900E-06    1.4803E-06    5.1412E+00   -4.5486E+00    1.6338E+01    1.8500E-04
4.1370E+01  2.7570E-03 2.4859E+02    6.6900E-06    1.6917E-06    5.1998E+00   -4.8014E+00    1.7059E+01    1.8500E-04
4.0394E+01  3.1346E-03 2.4945E+02    6.6728E-06    1.9401E-06    5.1991E+00   -4.9518E+00    1.7533E+01    1.8500E-04
3.9426E+01  3.5595E-03 2.4967E+02    6.6534E-06    2.2341E-06    5.1313E+00   -4.9694E+00    1.7658E+01    1.8500E-04
3.8468E+01  4.0369E-03 2.4922E+02    6.6128E-06    2.5518E-06    4.9606E+00   -4.8523E+00    1.7408E+01    1.8500E-04
3.7523E+01  4.5725E-03 2.4813E+02    6.5661E-06    2.8921E-06    4.7102E+00   -4.6295E+00    1.6813E+01    1.8500E-04
3.6593E+01  5.1727E-03 2.4649E+02    6.5070E-06    3.2010E-06    4.3756E+00   -4.3308E+00    1.5944E+01    1.8500E-04
3.5680E+01  5.8442E-03 2.4441E+02    6.4340E-06    3.4678E-06    4.0123E+00   -3.9964E+00    1.4890E+01    1.8500E-04
3.4785E+01  6.5947E-03 2.4202E+02    6.3529E-06    3.6734E-06    3.6512E+00   -3.6574E+00    1.3745E+01    1.8500E-04
3.3908E+01  7.4321E-03 2.3946E+02    6.2752E-06    3.8085E-06    3.3093E+00   -3.3332E+00    1.2588E+01    1.8500E-04
3.3050E+01  8.3653E-03 2.3684E+02    6.1853E-06    3.8964E-06    3.0017E+00   -3.0327E+00    1.1481E+01    1.8500E-04
3.2211E+01  9.4039E-03 2.3426E+02    6.0946E-06    3.9409E-06    2.7221E+00   -2.7576E+00    1.0464E+01    1.8500E-04
3.1390E+01  1.0558E-02 2.3181E+02    6.0034E-06    3.9500E-06    2.4648E+00   -2.5270E+00    9.5615E+00    1.8500E-04
3.0586E+01  1.1839E-02 2.2955E+02    5.9096E-06    3.9232E-06    2.2244E+00   -2.2702E+00    8.7803E+00    1.8500E-04
2.9798E+01  1.3258E-02 2.2749E+02    5.8152E-06    3.8734E-06    2.0032E+00   -2.0350E+00    8.1138E+00    1.8500E-04
2.9027E+01  1.4829E-02 2.2565E+02    5.7225E-06    3.8025E-06    1.8007E+00   -1.8209E+00    7.5495E+00    1.8500E-04
2.8270E+01  1.6566E-02 2.2402E+02    5.6317E-06    3.7117E-06    1.6174E+00   -1.6280E+00    7.0725E+00    1.8500E-04
2.7527E+01  1.8482E-02 2.2256E+02    5.5425E-06    3.6032E-06    1.4540E+00   -1.4568E+00    6.6681E+00    1.8500E-04
2.6797E+01  2.0594E-02 2.2127E+02    5.4550E-06    3.4774E-06    1.3102E+00   -1.3075E+00    6.3228E+00    1.8500E-04
2.6080E+01  2.2918E-02 2.2011E+02    5.3653E-06    3.3446E-06    1.1869E+00   -1.1792E+00    6.0252E+00    1.8500E-04
2.5374E+01  2.5473E-02 2.1906E+02    5.2743E-06    3.2036E-06    1.0810E+00   -1.0700E+00    5.7659E+00    1.8500E-04
2.4681E+01  2.8277E-02 2.1811E+02    5.1896E-06    3.0535E-06    9.8919E-01   -9.7706E-01    5.5376E+00    1.8500E-04
2.3999E+01  3.1350E-02 2.1724E+02    5.0993E-06    2.8981E-06    9.0843E-01   -8.9600E-01    5.3349E+00    1.8500E-04
2.3328E+01  3.4712E-02 2.1644E+02    5.0103E-06    2.7374E-06    8.3566E-01   -8.2352E-01    5.1402E+00    1.8500E-04
2.2668E+01  3.8388E-02 2.1571E+02    4.9279E-06    2.5771E-06    7.6905E-01   -7.5693E-01    4.8963E+00    1.8500E-04
2.2019E+01  4.2398E-02 2.1504E+02    4.8416E-06    2.4078E-06    7.0533E-01   -6.9469E-01    4.6823E+00    1.8500E-04
2.1379E+01  4.6769E-02 2.1444E+02    4.7574E-06    2.2418E-06    6.4508E-01   -6.3558E-01    4.4957E+00    1.8500E-04
2.0750E+01  5.1526E-02 2.1390E+02    4.6794E-06    2.0689E-06    5.8649E-01   -5.7971E-01    4.3342E+00    1.8500E-04
2.0130E+01  5.6695E-02 2.1342E+02    4.5951E-06    1.9019E-06    5.3102E-01   -5.2468E-01    4.1961E+00    1.8500E-04
1.9520E+01  6.2303E-02 2.1301E+02    4.5219E-06    1.7233E-06    4.7660E-01   -4.7190E-01    4.0789E+00    1.8500E-04
1.8920E+01  6.8380E-02 2.1265E+02    4.4499E-06    1.5484E-06    4.2533E-01   -4.1916E-01    3.9801E+00    1.8500E-04
1.8328E+01  7.4956E-02 2.1234E+02    4.3790E-06    1.3629E-06    3.7581E-01   -3.6865E-01    3.8961E+00    1.8500E-04
1.7746E+01  8.2060E-02 2.1207E+02    4.3093E-06    1.1878E-06    3.3092E-01   -3.1891E-01    3.8230E+00    1.8500E-04
1.7172E+01  8.9725E-02 2.1181E+02    4.2519E-06    1.0161E-06    2.8994E-01   -2.7334E-01    3.7563E+00    1.8500E-04
1.6608E+01  9.7981E-02 2.1156E+02    4.1984E-06    8.5704E-07    2.5361E-01   -2.3232E-01    3.6918E+00    1.8500E-04
1.6052E+01  1.0686E-01 2.1130E+02    4.1539E-06    7.0502E-07    2.1984E-01   -1.7648E-01    3.6256E+00    1.8500E-04
1.5505E+01  1.1640E-01 2.1103E+02    4.1152E-06    5.6870E-07    1.9034E-01   -1.4763E-01    3.5565E+00    1.8500E-04
1.4967E+01  1.2663E-01 2.1074E+02    4.0829E-06    4.4994E-07    1.6533E-01   -1.2718E-01    3.4871E+00    1.8500E-04
1.4438E+01  1.3759E-01 2.1048E+02    4.0512E-06    3.4967E-07    1.4442E-01   -1.1412E-01    3.4230E+00    1.8500E-04
1.3917E+01  1.4931E-01 2.1026E+02    4.0266E-06    2.6383E-07    1.2682E-01   -1.0898E-01    3.3717E+00    1.8500E-04
1.3405E+01  1.6182E-01 2.1013E+02    4.0131E-06    1.9372E-07    1.1259E-01   -1.0864E-01    3.3410E+00    1.8500E-04
1.2902E+01  1.7516E-01 2.1012E+02    4.0030E-06    1.4476E-07    1.0227E-01   -1.0649E-01    3.3377E+00    1.8500E-04
1.2406E+01  1.8936E-01 2.1024E+02    3.9931E-06    1.1229E-07    9.5109E-02   -1.0075E-01    3.3656E+00    1.8500E-04
1.1918E+01  2.0445E-01 2.1049E+02    4.1152E-06    8.9035E-08    9.0591E-02   -9.7500E-02    3.4269E+00    1.8500E-04
1.1437E+01  2.2047E-01 2.1087E+02    4.6398E-06    7.2038E-08    8.9358E-02   -1.0173E-01    3.5193E+00    1.8500E-04
1.0964E+01  2.3744E-01 2.1136E+02    5.5596E-06    6.1441E-08    9.0965E-02   -9.7068E-02    3.6401E+00    1.8500E-04
1.0497E+01  2.5540E-01 2.1187E+02    6.5092E-06    5.5271E-08    9.2258E-02   -1.3515E-02    3.7726E+00    1.8500E-04
1.0037E+01  2.7437E-01 2.1243E+02    7.0509E-06    5.1115E-08    9.5506E-02   -4.6351E-02    3.9207E+00    1.8500E-04
9.5814E+00  2.9438E-01 2.1611E+02    1.1588E-05    4.7735E-08    1.1540E-01   -3.5700E-01    5.0279E+00    1.8500E-04
9.1253E+00  3.1544E-01 2.2045E+02    2.0365E-05    4.4714E-08    1.5123E-01   -7.5310E-01    6.1123E+00    1.8500E-04
8.6687E+00  3.3759E-01 2.2477E+02    3.4910E-05    4.1905E-08    2.0071E-01   -1.1664E+00    7.2892E+00    1.8500E-04
8.2120E+00  3.6084E-01 2.2905E+02    5.8334E-05    3.9178E-08    2.6154E-01   -1.5518E+00    8.6146E+00    1.8500E-04
7.7557E+00  3.8521E-01 2.3326E+02    9.4955E-05    3.6537E-08    3.2860E-01   -1.8571E+00    1.0088E+01    1.8500E-04
7.3001E+00  4.1070E-01 2.3738E+02    1.5044E-04    3.4066E-08    3.9858E-01   -2.0662E+00    1.1705E+01    1.8500E-04
6.8458E+00  4.3733E-01 2.4139E+02    2.3180E-04    3.1686E-08    4.7391E-01   -2.2052E+00    1.3452E+01    1.8500E-04
6.3934E+00  4.6509E-01 2.4526E+02    3.4714E-04    2.9472E-08    5.5144E-01   -2.2647E+00    1.5315E+01    1.8500E-04
5.9433E+00  4.9400E-01 2.4897E+02    5.0524E-04    2.7370E-08    6.1780E-01   -2.2732E+00    1.7271E+01    1.8500E-04
5.4963E+00  5.2405E-01 2.5250E+02    7.1492E-04    2.5362E-08    6.6534E-01   -2.2594E+00    1.9297E+01    1.8500E-04
5.0528E+00  5.5521E-01 2.5585E+02    9.8449E-04    2.3451E-08    6.9935E-01   -2.2443E+00    2.1373E+01    1.8500E-04
4.6134E+00  5.8750E-01 2.5901E+02    1.3213E-03    2.1637E-08    7.2675E-01   -2.2068E+00    2.3476E+01    1.8500E-04
4.1787E+00  6.2087E-01 2.6198E+02    1.7317E-03    1.9935E-08    7.4779E-01   -2.1477E+00    2.5590E+01    1.8500E-04
3.7493E+00  6.5532E-01 2.6477E+02    2.2207E-03    1.8399E-08    7.5965E-01   -2.0852E+00    2.7702E+01    1.8500E-04
3.3255E+00  6.9081E-01 2.6740E+02    2.7921E-03    1.6947E-08    7.6222E-01   -1.9976E+00    2.9800E+01    1.8500E-04
2.9079E+00  7.2730E-01 2.6986E+02    3.4487E-03    1.5659E-08    7.5848E-01   -1.8573E+00    3.1877E+01    1.8500E-04
2.4968E+00  7.6475E-01 2.7219E+02    4.1925E-03    1.4528E-08    7.5146E-01   -1.7082E+00    3.3929E+01    1.8500E-04
2.0925E+00  8.0312E-01 2.7454E+02    5.0932E-03    1.3544E-08    7.4720E-01   -1.6112E+00    3.6108E+01    1.8500E-04
1.6952E+00  8.4235E-01 2.7684E+02    5.9953E-03    1.2687E-08    7.2943E-01   -1.5269E+00    3.8334E+01    1.8500E-04
1.3051E+00  8.8238E-01 2.7904E+02    6.9869E-03    1.1907E-08    7.1235E-01   -1.5106E+00    4.0562E+01    1.8500E-04
9.2262E-01  9.2315E-01 2.8113E+02    8.1038E-03    1.1337E-08    7.0194E-01   -1.5765E+00    4.2763E+01    1.8500E-04
5.4800E-01  9.6459E-01 2.8312E+02    9.1690E-03    1.0854E-08    6.9444E-01   -1.7511E+00    4.4942E+01    1.8500E-04
1.8150E-01  1.0066E+00 2.8502E+02    1.0531E-02    1.0420E-08    7.1594E-01   -2.0063E+00    4.7105E+01    1.8500E-04
0.0000E+00  1.0280E+00 2.8597E+02    1.1215E-02    1.0500E-08    7.9690E+00   -3.5537E+00    4.8214E+01    1.8500E-04
