     ALT          P          T          FH2O           O3           THEAT        TCOOL        PSATCO2        FCO2
7.2027E+01  3.2610E-05 2.0325E+02    3.0747E-06    1.7403E-08    3.4350E+01   -3.8333E+01    2.0244E+00    1.8600E-04
7.0982E+01  3.8505E-05 2.0472E+02    3.3883E-06    1.8918E-08    5.0902E+00   -2.6899E+01    2.2603E+00    1.8600E-04
6.9938E+01  4.5410E-05 2.0622E+02    3.6857E-06    2.0871E-08    1.7015E+00   -1.8377E+01    2.5243E+00    1.8600E-04
6.8895E+01  5.3484E-05 2.0775E+02    3.9711E-06    2.3477E-08    1.2612E+00   -1.2363E+01    2.8198E+00    1.8600E-04
6.7852E+01  6.2916E-05 2.0930E+02    4.2345E-06    2.6990E-08    1.2040E+00   -8.4186E+00    3.1495E+00    1.8600E-04
6.6810E+01  7.3917E-05 2.1086E+02    4.4761E-06    3.1862E-08    1.1939E+00   -5.9915E+00    3.5156E+00    1.8600E-04
6.5769E+01  8.6733E-05 2.1243E+02    4.7053E-06    3.8541E-08    1.1970E+00   -4.6037E+00    3.9206E+00    1.8600E-04
6.4729E+01  1.0164E-04 2.1401E+02    4.9035E-06    4.7912E-08    1.2160E+00   -3.8485E+00    4.3667E+00    1.8600E-04
6.3690E+01  1.1896E-04 2.1559E+02    5.0894E-06    6.0955E-08    1.2643E+00   -3.4657E+00    4.8563E+00    1.8600E-04
6.2652E+01  1.3906E-04 2.1717E+02    5.2536E-06    7.8327E-08    1.3391E+00   -3.2889E+00    5.3178E+00    1.8600E-04
6.1615E+01  1.6235E-04 2.1874E+02    5.3988E-06    1.0011E-07    1.4407E+00   -3.2190E+00    5.6877E+00    1.8600E-04
6.0579E+01  1.8930E-04 2.2031E+02    5.5339E-06    1.2498E-07    1.5621E+00   -3.2055E+00    6.0749E+00    1.8600E-04
5.9545E+01  2.2045E-04 2.2186E+02    5.6546E-06    1.5222E-07    1.6978E+00   -3.2187E+00    6.4795E+00    1.8600E-04
5.8512E+01  2.5640E-04 2.2341E+02    5.7638E-06    1.8054E-07    1.8407E+00   -3.2465E+00    6.9015E+00    1.8600E-04
5.7482E+01  2.9783E-04 2.2495E+02    5.8669E-06    2.1047E-07    1.9924E+00   -3.2846E+00    7.3410E+00    1.8600E-04
5.6453E+01  3.4553E-04 2.2648E+02    5.9598E-06    2.4400E-07    2.1610E+00   -3.3286E+00    7.7983E+00    1.8600E-04
5.5427E+01  4.0036E-04 2.2800E+02    6.0395E-06    2.8120E-07    2.3468E+00   -3.3768E+00    8.2739E+00    1.8600E-04
5.4403E+01  4.6330E-04 2.2951E+02    6.1179E-06    3.2421E-07    2.5565E+00   -3.4311E+00    8.7682E+00    1.8600E-04
5.3381E+01  5.3546E-04 2.3101E+02    6.1823E-06    3.7166E-07    2.7816E+00   -3.4876E+00    9.2817E+00    1.8600E-04
5.2362E+01  6.1809E-04 2.3251E+02    6.2534E-06    4.2493E-07    3.0232E+00   -3.5485E+00    9.8148E+00    1.8600E-04
5.1346E+01  7.1256E-04 2.3400E+02    6.3044E-06    4.8427E-07    3.2765E+00   -3.6063E+00    1.0368E+01    1.8600E-04
5.0333E+01  8.2044E-04 2.3549E+02    6.3568E-06    5.5045E-07    3.5370E+00   -3.6626E+00    1.0942E+01    1.8600E-04
4.9322E+01  9.4347E-04 2.3697E+02    6.4072E-06    6.2277E-07    3.7931E+00   -3.7139E+00    1.1537E+01    1.8600E-04
4.8315E+01  1.0836E-03 2.3845E+02    6.4475E-06    7.0382E-07    4.0512E+00   -3.7767E+00    1.2153E+01    1.8600E-04
4.7311E+01  1.2429E-03 2.3992E+02    6.4877E-06    7.9546E-07    4.3026E+00   -3.8424E+00    1.2790E+01    1.8600E-04
4.6311E+01  1.4239E-03 2.4139E+02    6.5189E-06    8.9782E-07    4.5287E+00   -3.9082E+00    1.3450E+01    1.8600E-04
4.5314E+01  1.6292E-03 2.4285E+02    6.5488E-06    1.0128E-06    4.7260E+00   -3.9887E+00    1.4132E+01    1.8600E-04
4.4321E+01  1.8617E-03 2.4430E+02    6.5787E-06    1.1505E-06    4.9105E+00   -4.1044E+00    1.4837E+01    1.8600E-04
4.3332E+01  2.1247E-03 2.4576E+02    6.5885E-06    1.3058E-06    5.0508E+00   -4.2938E+00    1.5566E+01    1.8600E-04
4.2346E+01  2.4218E-03 2.4728E+02    6.5982E-06    1.4813E-06    5.1408E+00   -4.5603E+00    1.6357E+01    1.8600E-04
4.1365E+01  2.7570E-03 2.4862E+02    6.5922E-06    1.6930E-06    5.1977E+00   -4.8111E+00    1.7077E+01    1.8600E-04
4.0389E+01  3.1347E-03 2.4947E+02    6.5827E-06    1.9417E-06    5.1977E+00   -4.9602E+00    1.7547E+01    1.8600E-04
3.9421E+01  3.5596E-03 2.4969E+02    6.5566E-06    2.2360E-06    5.1308E+00   -4.9756E+00    1.7669E+01    1.8600E-04
3.8463E+01  4.0369E-03 2.4923E+02    6.5183E-06    2.5583E-06    4.9654E+00   -4.8579E+00    1.7415E+01    1.8600E-04
3.7518E+01  4.5726E-03 2.4814E+02    6.4657E-06    2.8943E-06    4.7091E+00   -4.6324E+00    1.6818E+01    1.8600E-04
3.6588E+01  5.1727E-03 2.4649E+02    6.4065E-06    3.2029E-06    4.3742E+00   -4.3328E+00    1.5946E+01    1.8600E-04
3.5675E+01  5.8443E-03 2.4441E+02    6.3418E-06    3.4693E-06    4.0111E+00   -3.9988E+00    1.4891E+01    1.8600E-04
3.4779E+01  6.5948E-03 2.4202E+02    6.2618E-06    3.6749E-06    3.6505E+00   -3.6598E+00    1.3745E+01    1.8600E-04
3.3903E+01  7.4322E-03 2.3946E+02    6.1746E-06    3.8094E-06    3.3086E+00   -3.3349E+00    1.2587E+01    1.8600E-04
3.3045E+01  8.3655E-03 2.3683E+02    6.0888E-06    3.8969E-06    3.0011E+00   -3.0343E+00    1.1480E+01    1.8600E-04
3.2206E+01  9.4040E-03 2.3425E+02    5.9949E-06    3.9410E-06    2.7214E+00   -2.7586E+00    1.0463E+01    1.8600E-04
3.1384E+01  1.0558E-02 2.3181E+02    5.9053E-06    3.9500E-06    2.4641E+00   -2.5276E+00    9.5608E+00    1.8600E-04
3.0581E+01  1.1839E-02 2.2954E+02    5.8088E-06    3.9229E-06    2.2235E+00   -2.2701E+00    8.7794E+00    1.8600E-04
2.9793E+01  1.3259E-02 2.2749E+02    5.7144E-06    3.8729E-06    2.0022E+00   -2.0342E+00    8.1126E+00    1.8600E-04
2.9022E+01  1.4830E-02 2.2565E+02    5.6217E-06    3.8017E-06    1.7997E+00   -1.8197E+00    7.5477E+00    1.8600E-04
2.8265E+01  1.6566E-02 2.2401E+02    5.5408E-06    3.7109E-06    1.6166E+00   -1.6269E+00    7.0699E+00    1.8600E-04
2.7522E+01  1.8482E-02 2.2255E+02    5.4417E-06    3.6022E-06    1.4531E+00   -1.4548E+00    6.6646E+00    1.8600E-04
2.6792E+01  2.0594E-02 2.2125E+02    5.3542E-06    3.4763E-06    1.3094E+00   -1.3053E+00    6.3183E+00    1.8600E-04
2.6075E+01  2.2919E-02 2.2009E+02    5.2681E-06    3.3433E-06    1.1862E+00   -1.1770E+00    6.0196E+00    1.8600E-04
2.5370E+01  2.5473E-02 2.1903E+02    5.1758E-06    3.2024E-06    1.0805E+00   -1.0676E+00    5.7592E+00    1.8600E-04
2.4676E+01  2.8277E-02 2.1808E+02    5.0904E-06    3.0522E-06    9.8870E-01   -9.7450E-01    5.5296E+00    1.8600E-04
2.3995E+01  3.1350E-02 2.1720E+02    5.0033E-06    2.8966E-06    9.0796E-01   -8.9343E-01    5.3258E+00    1.8600E-04
2.3324E+01  3.4713E-02 2.1640E+02    4.9181E-06    2.7360E-06    8.3520E-01   -8.2091E-01    5.1249E+00    1.8600E-04
2.2664E+01  3.8388E-02 2.1566E+02    4.8289E-06    2.5756E-06    7.6852E-01   -7.5387E-01    4.8799E+00    1.8600E-04
2.2014E+01  4.2399E-02 2.1499E+02    4.7461E-06    2.4064E-06    7.0474E-01   -6.9157E-01    4.6651E+00    1.8600E-04
2.1375E+01  4.6770E-02 2.1438E+02    4.6643E-06    2.2405E-06    6.4461E-01   -6.3228E-01    4.4777E+00    1.8600E-04
2.0746E+01  5.1527E-02 2.1384E+02    4.5789E-06    2.0774E-06    5.8732E-01   -5.7493E-01    4.3155E+00    1.8600E-04
2.0127E+01  5.6696E-02 2.1335E+02    4.5020E-06    1.9004E-06    5.3040E-01   -5.2078E-01    4.1766E+00    1.8600E-04
1.9517E+01  6.2304E-02 2.1294E+02    4.4214E-06    1.7221E-06    4.7584E-01   -4.6763E-01    4.0588E+00    1.8600E-04
1.8916E+01  6.8382E-02 2.1258E+02    4.3494E-06    1.5471E-06    4.2474E-01   -4.1461E-01    3.9594E+00    1.8600E-04
1.8325E+01  7.4957E-02 2.1226E+02    4.2785E-06    1.3705E-06    3.7640E-01   -3.6252E-01    3.8748E+00    1.8600E-04
1.7743E+01  8.2062E-02 2.1198E+02    4.2189E-06    1.1869E-06    3.3058E-01   -3.1426E-01    3.8008E+00    1.8600E-04
1.7170E+01  8.9726E-02 2.1172E+02    4.1616E-06    1.0235E-06    2.9063E-01   -2.6678E-01    3.7329E+00    1.8600E-04
1.6605E+01  9.7983E-02 2.1147E+02    4.1052E-06    8.5723E-07    2.5336E-01   -2.2692E-01    3.6671E+00    1.8600E-04
1.6050E+01  1.0687E-01 2.1120E+02    4.0578E-06    7.0537E-07    2.1955E-01   -1.7088E-01    3.5996E+00    1.8600E-04
1.5503E+01  1.1641E-01 2.1091E+02    4.0200E-06    5.6921E-07    1.9009E-01   -1.4207E-01    3.5292E+00    1.8600E-04
1.4965E+01  1.2664E-01 2.1063E+02    3.9828E-06    4.4996E-07    1.6501E-01   -1.2177E-01    3.4586E+00    1.8600E-04
1.4437E+01  1.3760E-01 2.1036E+02    3.9574E-06    3.4943E-07    1.4411E-01   -1.0929E-01    3.3936E+00    1.8600E-04
1.3916E+01  1.4931E-01 2.1014E+02    3.9366E-06    2.6441E-07    1.2664E-01   -1.0419E-01    3.3418E+00    1.8600E-04
1.3405E+01  1.6182E-01 2.1000E+02    3.9162E-06    1.9390E-07    1.1234E-01   -1.0401E-01    3.3109E+00    1.8600E-04
1.2901E+01  1.7516E-01 2.0999E+02    3.9030E-06    1.4474E-07    1.0198E-01   -1.0212E-01    3.3077E+00    1.8600E-04
1.2406E+01  1.8936E-01 2.1011E+02    3.9000E-06    1.1229E-07    9.4846E-02   -9.6774E-02    3.3359E+00    1.8600E-04
1.1918E+01  2.0446E-01 2.1037E+02    4.0053E-06    8.9126E-08    9.0250E-02   -9.2872E-02    3.3975E+00    1.8600E-04
1.1438E+01  2.2047E-01 2.1076E+02    4.4654E-06    7.2096E-08    8.8765E-02   -9.5430E-02    3.4902E+00    1.8600E-04
1.0964E+01  2.3745E-01 2.1124E+02    5.4331E-06    6.1460E-08    9.0615E-02   -9.2845E-02    3.6113E+00    1.8600E-04
1.0498E+01  2.5541E-01 2.1177E+02    6.4125E-06    5.5338E-08    9.2054E-02   -8.2164E-03    3.7442E+00    1.8600E-04
1.0039E+01  2.7437E-01 2.1233E+02    6.9502E-06    5.1228E-08    9.5445E-02   -4.7892E-02    3.8923E+00    1.8600E-04
9.5828E+00  2.9438E-01 2.1615E+02    1.1650E-05    4.7847E-08    1.1618E-01   -3.7187E-01    5.0416E+00    1.8600E-04
9.1266E+00  3.1545E-01 2.2049E+02    2.0472E-05    4.4799E-08    1.5232E-01   -7.6715E-01    6.1229E+00    1.8600E-04
8.6699E+00  3.3760E-01 2.2481E+02    3.5087E-05    4.1914E-08    2.0197E-01   -1.1792E+00    7.3014E+00    1.8600E-04
8.2131E+00  3.6085E-01 2.2909E+02    5.8621E-05    3.9187E-08    2.6290E-01   -1.5623E+00    8.6285E+00    1.8600E-04
7.7567E+00  3.8522E-01 2.3330E+02    9.5406E-05    3.6544E-08    3.2993E-01   -1.8649E+00    1.0104E+01    1.8600E-04
7.3010E+00  4.1071E-01 2.3742E+02    1.5113E-04    3.4072E-08    3.9984E-01   -2.0717E+00    1.1722E+01    1.8600E-04
6.8467E+00  4.3734E-01 2.4143E+02    2.3281E-04    3.1692E-08    4.7511E-01   -2.2091E+00    1.3471E+01    1.8600E-04
6.3941E+00  4.6511E-01 2.4530E+02    3.4857E-04    2.9477E-08    5.5255E-01   -2.2672E+00    1.5335E+01    1.8600E-04
5.9440E+00  4.9401E-01 2.4901E+02    5.0720E-04    2.7374E-08    6.1871E-01   -2.2751E+00    1.7292E+01    1.8600E-04
5.4969E+00  5.2406E-01 2.5254E+02    7.1751E-04    2.5366E-08    6.6605E-01   -2.2607E+00    1.9320E+01    1.8600E-04
5.0533E+00  5.5523E-01 2.5589E+02    9.8783E-04    2.3454E-08    6.9994E-01   -2.2454E+00    2.1396E+01    1.8600E-04
4.6139E+00  5.8751E-01 2.5904E+02    1.3255E-03    2.1639E-08    7.2726E-01   -2.2073E+00    2.3500E+01    1.8600E-04
4.1792E+00  6.2089E-01 2.6201E+02    1.7368E-03    1.9937E-08    7.4820E-01   -2.1480E+00    2.5615E+01    1.8600E-04
3.7497E+00  6.5534E-01 2.6480E+02    2.2268E-03    1.8400E-08    7.5995E-01   -2.0852E+00    2.7726E+01    1.8600E-04
3.3258E+00  6.9082E-01 2.6743E+02    2.7992E-03    1.6949E-08    7.6243E-01   -1.9970E+00    2.9825E+01    1.8600E-04
2.9082E+00  7.2731E-01 2.6989E+02    3.4570E-03    1.5660E-08    7.5861E-01   -1.8563E+00    3.1902E+01    1.8600E-04
2.4970E+00  7.6477E-01 2.7221E+02    4.2020E-03    1.4528E-08    7.5152E-01   -1.7068E+00    3.3954E+01    1.8600E-04
2.0927E+00  8.0314E-01 2.7457E+02    5.1034E-03    1.3545E-08    7.4713E-01   -1.6097E+00    3.6133E+01    1.8600E-04
1.6953E+00  8.4237E-01 2.7687E+02    6.0052E-03    1.2687E-08    7.2920E-01   -1.5257E+00    3.8359E+01    1.8600E-04
1.3052E+00  8.8240E-01 2.7907E+02    7.0002E-03    1.1907E-08    7.1229E-01   -1.5106E+00    4.0588E+01    1.8600E-04
9.2271E-01  9.2318E-01 2.8116E+02    8.1167E-03    1.1337E-08    7.0177E-01   -1.5766E+00    4.2790E+01    1.8600E-04
5.4805E-01  9.6462E-01 2.8314E+02    9.1818E-03    1.0854E-08    6.9425E-01   -1.7515E+00    4.4969E+01    1.8600E-04
1.8152E-01  1.0066E+00 2.8504E+02    1.0548E-02    1.0420E-08    7.1591E-01   -2.0076E+00    4.7132E+01    1.8600E-04
0.0000E+00  1.0280E+00 2.8599E+02    1.1231E-02    1.0500E-08    7.9680E+00   -3.5516E+00    4.8242E+01    1.8600E-04
