     ALT          P          T          FH2O           O3           THEAT        TCOOL        PSATCO2        FCO2
7.1986E+01  3.2610E-05 2.0278E+02    3.2874E-06    1.7010E-08    3.4294E+01   -3.7786E+01    1.9540E+00    1.8500E-04
7.0944E+01  3.8505E-05 2.0427E+02    3.6162E-06    1.8481E-08    5.1210E+00   -2.6657E+01    2.1857E+00    1.8500E-04
6.9902E+01  4.5409E-05 2.0579E+02    3.9329E-06    2.0452E-08    1.7088E+00   -1.8301E+01    2.4450E+00    1.8500E-04
6.8861E+01  5.3484E-05 2.0733E+02    4.2277E-06    2.2997E-08    1.2614E+00   -1.2409E+01    2.7352E+00    1.8500E-04
6.7821E+01  6.2915E-05 2.0889E+02    4.5107E-06    2.6512E-08    1.2037E+00   -8.5111E+00    3.0590E+00    1.8500E-04
6.6781E+01  7.3916E-05 2.1046E+02    4.7712E-06    3.1226E-08    1.1935E+00   -6.1098E+00    3.4187E+00    1.8500E-04
6.5742E+01  8.6732E-05 2.1204E+02    5.0012E-06    3.7845E-08    1.1966E+00   -4.7193E+00    3.8167E+00    1.8500E-04
6.4704E+01  1.0164E-04 2.1363E+02    5.2179E-06    4.7169E-08    1.2160E+00   -3.9563E+00    4.2553E+00    1.8500E-04
6.3666E+01  1.1896E-04 2.1522E+02    5.4130E-06    6.0064E-08    1.2639E+00   -3.5652E+00    4.7369E+00    1.8500E-04
6.2630E+01  1.3906E-04 2.1680E+02    5.5864E-06    7.7164E-08    1.3375E+00   -3.3774E+00    5.2348E+00    1.8500E-04
6.1595E+01  1.6235E-04 2.1838E+02    5.7414E-06    9.8673E-08    1.4375E+00   -3.2978E+00    5.6022E+00    1.8500E-04
6.0561E+01  1.8930E-04 2.1996E+02    5.8824E-06    1.2271E-07    1.5548E+00   -3.2729E+00    5.9870E+00    1.8500E-04
5.9529E+01  2.2045E-04 2.2152E+02    6.0163E-06    1.4958E-07    1.6882E+00   -3.2776E+00    6.3890E+00    1.8500E-04
5.8498E+01  2.5639E-04 2.2307E+02    6.1300E-06    1.7688E-07    1.8264E+00   -3.2937E+00    6.8083E+00    1.8500E-04
5.7469E+01  2.9783E-04 2.2462E+02    6.2379E-06    2.0725E-07    1.9797E+00   -3.3197E+00    7.2452E+00    1.8500E-04
5.6442E+01  3.4552E-04 2.2615E+02    6.3306E-06    2.4028E-07    2.1458E+00   -3.3507E+00    7.6999E+00    1.8500E-04
5.5417E+01  4.0035E-04 2.2768E+02    6.4165E-06    2.7645E-07    2.3266E+00   -3.3879E+00    8.1728E+00    1.8500E-04
5.4395E+01  4.6329E-04 2.2920E+02    6.4983E-06    3.1873E-07    2.5328E+00   -3.4314E+00    8.6644E+00    1.8500E-04
5.3375E+01  5.3545E-04 2.3071E+02    6.5725E-06    3.6582E-07    2.7563E+00   -3.4789E+00    9.1751E+00    1.8500E-04
5.2357E+01  6.1807E-04 2.3221E+02    6.6335E-06    4.1825E-07    2.9946E+00   -3.5281E+00    9.7054E+00    1.8500E-04
5.1342E+01  7.1254E-04 2.3371E+02    6.6963E-06    4.7727E-07    3.2474E+00   -3.5801E+00    1.0256E+01    1.8500E-04
5.0330E+01  8.2042E-04 2.3520E+02    6.7551E-06    5.4251E-07    3.5056E+00   -3.6307E+00    1.0827E+01    1.8500E-04
4.9321E+01  9.4343E-04 2.3668E+02    6.8071E-06    6.1453E-07    3.7626E+00   -3.6772E+00    1.1418E+01    1.8500E-04
4.8316E+01  1.0835E-03 2.3816E+02    6.8560E-06    6.9530E-07    4.0220E+00   -3.7375E+00    1.2031E+01    1.8500E-04
4.7313E+01  1.2429E-03 2.3964E+02    6.8975E-06    7.8501E-07    4.2696E+00   -3.8010E+00    1.2666E+01    1.8500E-04
4.6314E+01  1.4238E-03 2.4111E+02    6.9287E-06    8.8700E-07    4.4985E+00   -3.8665E+00    1.3322E+01    1.8500E-04
4.5318E+01  1.6291E-03 2.4257E+02    6.9586E-06    1.0015E-06    4.6994E+00   -3.9481E+00    1.4001E+01    1.8500E-04
4.4326E+01  1.8616E-03 2.4403E+02    6.9885E-06    1.1390E-06    4.8862E+00   -4.0653E+00    1.4703E+01    1.8500E-04
4.3338E+01  2.1246E-03 2.4548E+02    7.0082E-06    1.2855E-06    5.0107E+00   -4.2536E+00    1.5428E+01    1.8500E-04
4.2354E+01  2.4217E-03 2.4701E+02    7.0100E-06    1.4686E-06    5.1266E+00   -4.5228E+00    1.6213E+01    1.8500E-04
4.1374E+01  2.7569E-03 2.4836E+02    7.0100E-06    1.6795E-06    5.1894E+00   -4.7806E+00    1.6935E+01    1.8500E-04
4.0399E+01  3.1345E-03 2.4924E+02    7.0030E-06    1.9273E-06    5.1930E+00   -4.9390E+00    1.7418E+01    1.8500E-04
3.9432E+01  3.5594E-03 2.4949E+02    6.9773E-06    2.2206E-06    5.1296E+00   -4.9631E+00    1.7557E+01    1.8500E-04
3.8475E+01  4.0367E-03 2.4906E+02    6.9435E-06    2.5422E-06    4.9671E+00   -4.8530E+00    1.7320E+01    1.8500E-04
3.7530E+01  4.5723E-03 2.4799E+02    6.8968E-06    2.8777E-06    4.7131E+00   -4.6331E+00    1.6738E+01    1.8500E-04
3.6601E+01  5.1725E-03 2.4636E+02    6.8380E-06    3.1940E-06    4.3856E+00   -4.3378E+00    1.5878E+01    1.8500E-04
3.5688E+01  5.8440E-03 2.4429E+02    6.7650E-06    3.4646E-06    4.0226E+00   -4.0047E+00    1.4832E+01    1.8500E-04
3.4794E+01  6.5944E-03 2.4191E+02    6.6935E-06    3.6612E-06    3.6538E+00   -3.6654E+00    1.3693E+01    1.8500E-04
3.3917E+01  7.4318E-03 2.3935E+02    6.6067E-06    3.8065E-06    3.3163E+00   -3.3418E+00    1.2542E+01    1.8500E-04
3.3060E+01  8.3650E-03 2.3674E+02    6.5209E-06    3.8952E-06    3.0080E+00   -3.0416E+00    1.1440E+01    1.8500E-04
3.2221E+01  9.4034E-03 2.3416E+02    6.4271E-06    3.9406E-06    2.7275E+00   -2.7663E+00    1.0428E+01    1.8500E-04
3.1400E+01  1.0558E-02 2.3172E+02    6.3379E-06    3.9500E-06    2.4697E+00   -2.5352E+00    9.5311E+00    1.8500E-04
3.0597E+01  1.1838E-02 2.2947E+02    6.2515E-06    3.9308E-06    2.2314E+00   -2.2789E+00    8.7544E+00    1.8500E-04
2.9810E+01  1.3258E-02 2.2742E+02    6.1571E-06    3.8835E-06    2.0101E+00   -2.0434E+00    8.0919E+00    1.8500E-04
2.9038E+01  1.4829E-02 2.2559E+02    6.0645E-06    3.8087E-06    1.8055E+00   -1.8288E+00    7.5312E+00    1.8500E-04
2.8282E+01  1.6565E-02 2.2397E+02    5.9737E-06    3.7143E-06    1.6206E+00   -1.6357E+00    7.0578E+00    1.8500E-04
2.7539E+01  1.8481E-02 2.2252E+02    5.8845E-06    3.6059E-06    1.4570E+00   -1.4646E+00    6.6570E+00    1.8500E-04
2.6809E+01  2.0593E-02 2.2124E+02    5.7881E-06    3.4893E-06    1.3149E+00   -1.3151E+00    6.3153E+00    1.8500E-04
2.6092E+01  2.2917E-02 2.2009E+02    5.7009E-06    3.3480E-06    1.1895E+00   -1.1872E+00    6.0211E+00    1.8500E-04
2.5387E+01  2.5472E-02 2.1906E+02    5.6090E-06    3.2070E-06    1.0833E+00   -1.0784E+00    5.7653E+00    1.8500E-04
2.4694E+01  2.8275E-02 2.1812E+02    5.5231E-06    3.0573E-06    9.9149E-01   -9.8600E-01    5.5404E+00    1.8500E-04
2.4012E+01  3.1348E-02 2.1727E+02    5.4365E-06    2.9021E-06    9.1072E-01   -9.0568E-01    5.3412E+00    1.8500E-04
2.3341E+01  3.4710E-02 2.1649E+02    5.3508E-06    2.7413E-06    8.3791E-01   -8.3390E-01    5.1550E+00    1.8500E-04
2.2681E+01  3.8385E-02 2.1577E+02    5.2616E-06    2.5814E-06    7.7127E-01   -7.6750E-01    4.9156E+00    1.8500E-04
2.2031E+01  4.2396E-02 2.1512E+02    5.1791E-06    2.4120E-06    7.0747E-01   -7.0580E-01    4.7059E+00    1.8500E-04
2.1392E+01  4.6767E-02 2.1453E+02    5.0968E-06    2.2458E-06    6.4718E-01   -6.4709E-01    4.5233E+00    1.8500E-04
2.0762E+01  5.1523E-02 2.1401E+02    5.0116E-06    2.0730E-06    5.8843E-01   -5.9123E-01    4.3657E+00    1.8500E-04
2.0142E+01  5.6691E-02 2.1355E+02    4.9347E-06    1.8987E-06    5.3187E-01   -5.3764E-01    4.2317E+00    1.8500E-04
1.9532E+01  6.2299E-02 2.1315E+02    4.8536E-06    1.7227E-06    4.7761E-01   -4.8498E-01    4.1193E+00    1.8500E-04
1.8931E+01  6.8376E-02 2.1282E+02    4.7815E-06    1.5424E-06    4.2568E-01   -4.3366E-01    4.0260E+00    1.8500E-04
1.8339E+01  7.4951E-02 2.1253E+02    4.7105E-06    1.3653E-06    3.7736E-01   -3.8259E-01    3.9483E+00    1.8500E-04
1.7756E+01  8.2055E-02 2.1229E+02    4.6406E-06    1.1915E-06    3.3275E-01   -3.3293E-01    3.8818E+00    1.8500E-04
1.7182E+01  8.9719E-02 2.1206E+02    4.5831E-06    1.0187E-06    2.9151E-01   -2.8802E-01    3.8221E+00    1.8500E-04
1.6617E+01  9.7975E-02 2.1185E+02    4.5292E-06    8.5539E-07    2.5456E-01   -2.4858E-01    3.7650E+00    1.8500E-04
1.6060E+01  1.0686E-01 2.1162E+02    4.4847E-06    7.0354E-07    2.2075E-01   -1.9367E-01    3.7063E+00    1.8500E-04
1.5512E+01  1.1640E-01 2.1138E+02    4.4409E-06    5.6723E-07    1.9122E-01   -1.6490E-01    3.6445E+00    1.8500E-04
1.4974E+01  1.2663E-01 2.1113E+02    4.4033E-06    4.4905E-07    1.6624E-01   -1.4430E-01    3.5819E+00    1.8500E-04
1.4443E+01  1.3758E-01 2.1089E+02    4.3777E-06    3.4873E-07    1.4537E-01   -1.3149E-01    3.5238E+00    1.8500E-04
1.3922E+01  1.4930E-01 2.1070E+02    4.3568E-06    2.6328E-07    1.2785E-01   -1.2601E-01    3.4775E+00    1.8500E-04
1.3409E+01  1.6181E-01 2.1059E+02    4.3363E-06    1.9315E-07    1.1360E-01   -1.2490E-01    3.4507E+00    1.8500E-04
1.2904E+01  1.7515E-01 2.1059E+02    4.3231E-06    1.4395E-07    1.0323E-01   -1.2212E-01    3.4503E+00    1.8500E-04
1.2407E+01  1.8935E-01 2.1072E+02    4.3200E-06    1.1208E-07    9.6182E-02   -1.1565E-01    3.4803E+00    1.8500E-04
1.1918E+01  2.0444E-01 2.1097E+02    4.4519E-06    8.8737E-08    9.1691E-02   -1.1216E-01    3.5435E+00    1.8500E-04
1.1436E+01  2.2045E-01 2.1135E+02    5.0068E-06    7.1658E-08    9.0512E-02   -1.1669E-01    3.6378E+00    1.8500E-04
1.0962E+01  2.3742E-01 2.1183E+02    5.9555E-06    6.1094E-08    9.2145E-02   -1.1353E-01    3.7622E+00    1.8500E-04
1.0494E+01  2.5538E-01 2.1235E+02    6.9489E-06    5.4985E-08    9.3521E-02   -4.0588E-02    3.8992E+00    1.8500E-04
1.0034E+01  2.7435E-01 2.1293E+02    7.5391E-06    5.0875E-08    9.6680E-02   -4.9219E-02    4.0557E+00    1.8500E-04
9.5773E+00  2.9435E-01 2.1602E+02    1.1458E-05    4.7534E-08    1.1350E-01   -3.0995E-01    4.9992E+00    1.8500E-04
9.1215E+00  3.1542E-01 2.2036E+02    2.0143E-05    4.4582E-08    1.4835E-01   -7.1073E-01    6.0901E+00    1.8500E-04
8.6651E+00  3.3757E-01 2.2468E+02    3.4537E-05    4.1775E-08    1.9730E-01   -1.1286E+00    7.2633E+00    1.8500E-04
8.2086E+00  3.6081E-01 2.2896E+02    5.7728E-05    3.9052E-08    2.5790E-01   -1.5213E+00    8.5849E+00    1.8500E-04
7.7525E+00  3.8518E-01 2.3317E+02    9.3995E-05    3.6414E-08    3.2504E-01   -1.8348E+00    1.0055E+01    1.8500E-04
7.2971E+00  4.1067E-01 2.3729E+02    1.4897E-04    3.3946E-08    3.9530E-01   -2.0509E+00    1.1667E+01    1.8500E-04
6.8431E+00  4.3729E-01 2.4130E+02    2.2963E-04    3.1651E-08    4.7087E-01   -2.1950E+00    1.3411E+01    1.8500E-04
6.3908E+00  4.6506E-01 2.4517E+02    3.4405E-04    2.9383E-08    5.4870E-01   -2.2582E+00    1.5270E+01    1.8500E-04
5.9410E+00  4.9396E-01 2.4889E+02    5.0099E-04    2.7256E-08    6.1554E-01   -2.2685E+00    1.7223E+01    1.8500E-04
5.4941E+00  5.2400E-01 2.5242E+02    7.0927E-04    2.5250E-08    6.6360E-01   -2.2560E+00    1.9248E+01    1.8500E-04
5.0508E+00  5.5517E-01 2.5577E+02    9.7722E-04    2.3383E-08    6.9795E-01   -2.2416E+00    2.1321E+01    1.8500E-04
4.6117E+00  5.8745E-01 2.5893E+02    1.3123E-03    2.1628E-08    7.2557E-01   -2.2051E+00    2.3423E+01    1.8500E-04
4.1772E+00  6.2082E-01 2.6191E+02    1.7207E-03    1.9927E-08    7.4685E-01   -2.1466E+00    2.5537E+01    1.8500E-04
3.7479E+00  6.5527E-01 2.6470E+02    2.2075E-03    1.8392E-08    7.5898E-01   -2.0847E+00    2.7648E+01    1.8500E-04
3.3243E+00  6.9075E-01 2.6733E+02    2.7766E-03    1.6942E-08    7.6180E-01   -1.9984E+00    2.9746E+01    1.8500E-04
2.9068E+00  7.2724E-01 2.6980E+02    3.4309E-03    1.5655E-08    7.5822E-01   -1.8610E+00    3.1823E+01    1.8500E-04
2.4958E+00  7.6468E-01 2.7213E+02    4.1723E-03    1.4525E-08    7.5125E-01   -1.7092E+00    3.3875E+01    1.8500E-04
2.0917E+00  8.0305E-01 2.7446E+02    5.0618E-03    1.3542E-08    7.4630E-01   -1.6066E+00    3.6030E+01    1.8500E-04
1.6945E+00  8.4228E-01 2.7676E+02    5.9652E-03    1.2685E-08    7.2919E-01   -1.5253E+00    3.8256E+01    1.8500E-04
1.3046E+00  8.8231E-01 2.7897E+02    6.9470E-03    1.1905E-08    7.1185E-01   -1.5072E+00    4.0483E+01    1.8500E-04
9.2228E-01  9.2307E-01 2.8106E+02    8.0656E-03    1.1336E-08    7.0195E-01   -1.5736E+00    4.2684E+01    1.8500E-04
5.4780E-01  9.6451E-01 2.8305E+02    9.1316E-03    1.0853E-08    6.9464E-01   -1.7478E+00    4.4862E+01    1.8500E-04
1.8144E-01  1.0065E+00 2.8495E+02    1.0482E-02    1.0420E-08    7.1572E-01   -2.0009E+00    4.7024E+01    1.8500E-04
0.0000E+00  1.0279E+00 2.8590E+02    1.1167E-02    1.0500E-08    7.9713E+00   -3.5582E+00    4.8134E+01    1.8500E-04
