   203.182445537775        0.312605500095038E-05
   204.659446634639        0.343953483080624E-05
   206.161422469123        0.373669189135336E-05
   207.689202572736        0.402893076187295E-05
   209.237829340709        0.429518305606941E-05
   210.801502574529        0.454534414333872E-05
   212.375087373861        0.476611435361191E-05
   213.954182453291        0.497375384053924E-05
   215.534920627658        0.515958908534263E-05
   217.113866791934        0.532567525401015E-05
   218.688059691932        0.547889058580157E-05
   220.255147531775        0.561047099247715E-05
   221.813524484062        0.573455966575188E-05
   223.362368061388        0.584844865251462E-05
   224.901537504730        0.594677530503959E-05
   226.431385381273        0.604371433323917E-05
   227.952550795003        0.612582710654412E-05
   229.465778168866        0.620082105329678E-05
   230.971784438526        0.627211808159776E-05
   232.471181686867        0.633325824190171E-05
   233.964449839972        0.639423299739612E-05
   235.451945833667        0.644669144478716E-05
   236.933932903891        0.649710381613449E-05
   238.410615978946        0.653738947056163E-05
   239.882174347463        0.657754307965827E-05
   241.348788009109        0.661755937521104E-05
   242.810657401138        0.664743315224342E-05
   244.268017117255        0.666858055626253E-05
   245.721143616169        0.668000000000000E-05
   247.242884709171        0.668999999999999E-05
   248.585835194724        0.669000000000000E-05
   249.445521201266        0.667277272681075E-05
   249.669837284442        0.665341081792324E-05
   249.221029177730        0.661275621250738E-05
   248.133175152462        0.656605990994032E-05
   246.491064901774        0.650701301753445E-05
   244.411203663580        0.643396440691658E-05
   242.023714051864        0.635293141809789E-05
   239.458797739237        0.627522758397802E-05
   236.835606986746        0.618530501221628E-05
   234.256604578740        0.609463929037158E-05
   231.807962103452        0.600339640670802E-05
   229.545049861124        0.590960033103747E-05
   227.492579874403        0.581516630927348E-05
   225.653630255612        0.572250467250483E-05
   224.016981868034        0.563173325182931E-05
   222.562983059421        0.554249448483326E-05
   221.268210341097        0.545497396246341E-05
   220.108668328701        0.536532920517129E-05
   219.062329777323        0.527428526254662E-05
   218.111056204688        0.518962787192018E-05
   217.241201444233        0.509925251528216E-05
   216.443406094780        0.501026291311544E-05
   215.711946568228        0.492785598488596E-05
   215.044280406811        0.484162517036775E-05
   214.439982624804        0.475742304882903E-05
   213.899719840723        0.467943436394600E-05
   213.423354323471        0.459512344381329E-05
   213.008895039126        0.452192365241613E-05
   212.651058191626        0.444988283152209E-05
   212.341022401109        0.437897158317306E-05
   212.066184886364        0.430929573621530E-05
   211.811559663271        0.425193369371572E-05
   211.561855919563        0.419838908008333E-05
   211.301506492842        0.415394096092671E-05
   211.025319528560        0.411516490793576E-05
   210.743246108891        0.408289976994999E-05
   210.478275101622        0.405116555677466E-05
   210.263062171305        0.402664211756327E-05
   210.132942509239        0.401309062623568E-05
   210.118772013945        0.400302276623212E-05
   210.237293322411        0.399311408379541E-05
   210.494512138009        0.411515177620907E-05
   210.874373332774        0.463984023947507E-05
   211.358843805771        0.555961842616062E-05
   211.874339763145        0.650917434534865E-05
   212.432310631516        0.705088080068557E-05
   216.110341965694        0.115875813573765E-04
   220.452484984280        0.203653530887212E-04
   224.770342429480        0.349095033997946E-04
   229.045806510817        0.583343515901238E-04
   233.257388728666        0.949552823333971E-04
   237.380818827958        0.150439965263216E-03
   241.390423527556        0.231797618743948E-03
   245.261228681297        0.347143665812990E-03
   248.971424601378        0.505241906105429E-03
   252.504613696925        0.714916245287662E-03
   255.851237933201        0.984486809001368E-03
   259.008609764969        0.132134665209640E-02
   261.979909648624        0.173173447034773E-02
   264.772635523014        0.222068117958219E-02
   267.396972722806        0.279206586865090E-02
   269.864391275236        0.344871342178522E-02
   272.186594425219        0.419248463108087E-02
   274.541531742531        0.509316184647816E-02
   276.839923815572        0.599528404394162E-02
   279.042241458774        0.698688962128035E-02
   281.130611709466        0.810384269181443E-02
   283.118433556443        0.916897461283140E-02
   285.019997594334        0.105308556265300E-01
   285.969768814382        0.112146447690474E-01
