   202.812365033771        0.328154648874207E-05
   204.303017097680        0.360527372772879E-05
   205.817403379218        0.392207075780271E-05
   207.356151071701        0.421699457341121E-05
   208.914423431897        0.450007613351473E-05
   210.486661376650        0.475134073162855E-05
   212.067988241233        0.499072504182925E-05
   213.654222954257        0.519836138116414E-05
   215.241647362790        0.539425990469074E-05
   216.826896805426        0.556851296886644E-05
   218.407026758522        0.572115295293109E-05
   219.979692933306        0.586591532735325E-05
   221.543317380616        0.599613275618935E-05
   223.097114879790        0.610984508715878E-05
   224.640974402761        0.621779487956286E-05
   226.175266319205        0.631441726549507E-05
   227.700638333679        0.639642042288745E-05
   229.217838631427        0.647824084630213E-05
   230.727586707007        0.655240408335444E-05
   232.230498327063        0.662128503022085E-05
   233.727059362539        0.668436748597617E-05
   235.217635226404        0.673509514585409E-05
   236.702499900643        0.678709671655968E-05
   238.181870747380        0.683600082695544E-05
   239.655940335439        0.687744333727258E-05
   241.124901619007        0.690870815870024E-05
   242.588966055039        0.693862305397057E-05
   244.048375256812        0.696846458375708E-05
   245.503406391227        0.698000000000000E-05
   247.024278463859        0.699000000000000E-05
   248.375445040677        0.699000000000000E-05
   249.253275842355        0.698297001586238E-05
   249.499608093998        0.695724604620342E-05
   249.071918943896        0.692344115108180E-05
   248.002418546274        0.687678191997442E-05
   246.374373140328        0.681801901462509E-05
   244.303884612891        0.674500831318535E-05
   241.923475880237        0.667341918322242E-05
   239.364742343738        0.658661007211518E-05
   236.747569008868        0.650085280554950E-05
   234.175143705152        0.640699408479369E-05
   231.733884344468        0.631784500319694E-05
   229.478601780133        0.622452533791258E-05
   227.433618851875        0.613700320194595E-05
   225.602479910803        0.604437823838961E-05
   223.974778216739        0.595361467950898E-05
   222.531151118936        0.586012545042630E-05
   221.247633949419        0.576688367470243E-05
   220.100211881597        0.568079439905901E-05
   219.067031488813        0.558888914063360E-05
   218.129864667221        0.550303454593251E-05
   217.274843454329        0.541632274266437E-05
   216.492333151554        0.533066493744763E-05
   215.776227723580        0.524144333912312E-05
   215.123713138134        0.515898117674503E-05
   214.534294225380        0.506946477998069E-05
   214.008967219893        0.499121222276340E-05
   213.548688823913        0.490677809525878E-05
   213.152512837157        0.483351353349794E-05
   212.816029873354        0.476139973798645E-05
   212.530157448494        0.469040705612926E-05
   212.281478517690        0.462051092194512E-05
   212.054553507368        0.456299232420490E-05
   211.834198187404        0.450916728735223E-05
   211.604757881600        0.446464512129387E-05
   211.360186965391        0.442083148199278E-05
   211.108927211980        0.438330230083275E-05
   210.872180735189        0.435767186233402E-05
   210.680804579086        0.433681692057195E-05
   210.568353684551        0.431630187234051E-05
   210.565017027148        0.430306092608749E-05
   210.687482980011        0.430000000000000E-05
   210.943992688468        0.442542196983446E-05
   211.319872633947        0.498299542756945E-05
   211.803590079884        0.592909890461786E-05
   212.320219179555        0.691848967747813E-05
   212.891338479841        0.750431877684045E-05
   216.024395130313        0.114584687356287E-04
   220.365015904110        0.201434328067610E-04
   224.681478191036        0.345377521779858E-04
   228.955802184037        0.577284865304863E-04
   233.166686413481        0.939970675746613E-04
   237.290078800974        0.148973691686409E-03
   241.300479250763        0.229632348894002E-03
   245.172937689861        0.344060948065616E-03
   248.885486301220        0.501005315869249E-03
   252.421598578362        0.709288569745401E-03
   255.771557710946        0.977245350385833E-03
   258.932504056621        0.131229370898963E-02
   261.907460490557        0.172070218553197E-02
   264.703798734174        0.220753160779973E-02
   267.331614506455        0.277668810187111E-02
   269.802321514355        0.343101945465352E-02
   272.127592132695        0.417240485573554E-02
   274.460147910660        0.506190237485312E-02
   276.761829062420        0.596534352139364E-02
   278.966357330266        0.694719561425078E-02
   281.057608484903        0.806573059668820E-02
   283.046947807676        0.913172086766670E-02
   284.951055718233        0.104824518411784E-01
   285.901832553267        0.111669960964119E-01
