   202.707260346394        0.331530225517614E-05
   204.201937438534        0.364272337562392E-05
   205.719947938117        0.396526304204933E-05
   207.261859351780        0.425982496137049E-05
   208.822879500389        0.454256985913275E-05
   210.397530868890        0.480352233143990E-05
   211.981021977497        0.504240992205388E-05
   213.569243128781        0.525896957994251E-05
   215.158523421872        0.545389452717432E-05
   216.745519327272        0.562965435739058E-05
   218.327289833330        0.578209396589309E-05
   219.901491438542        0.592679980188865E-05
   221.466554199175        0.605684360011578E-05
   223.021704507002        0.617543502399005E-05
   224.566840887786        0.627831123156084E-05
   226.102339652575        0.638099199678242E-05
   227.628851618809        0.646677563107706E-05
   229.147126583787        0.654856821859417E-05
   230.657885260863        0.662016652642735E-05
   232.161744947996        0.668367276824209E-05
   233.659193698923        0.674455319042217E-05
   235.150599831141        0.680526189064690E-05
   236.636240854191        0.685719544385273E-05
   238.116338081842        0.690613088367748E-05
   239.591088187655        0.694751815336914E-05
   241.060688038136        0.697873975478760E-05
   242.525352383001        0.701729630754356E-05
   243.985325019458        0.703848496820080E-05
   245.440883711679        0.705824514830231E-05
   246.961222581599        0.706792978156817E-05
   248.315856131793        0.707000000000000E-05
   249.199675052360        0.705297050335801E-05
   249.451263641368        0.703362958453254E-05
   249.028260217425        0.699898230502510E-05
   247.962564396362        0.695121711842962E-05
   246.336971118014        0.689106821004258E-05
   244.267453211922        0.682508817868467E-05
   241.885700115026        0.674438767569327E-05
   239.324274020791        0.666674494952158E-05
   236.704445146711        0.657100612075061E-05
   234.130268690445        0.648659652861986E-05
   231.688556142417        0.639506852823152E-05
   229.434151138354        0.630166961103739E-05
   227.391096125936        0.620727110157526E-05
   225.562378944452        0.611466677236625E-05
   223.936595093882        0.602391867152381E-05
   222.494122049928        0.593472859126630E-05
   221.211398358231        0.584722001807315E-05
   220.064627621253        0.575799303271411E-05
   219.032092238218        0.566656764291754E-05
   218.095846182234        0.558231314818889E-05
   217.242182288508        0.549154137586176E-05
   216.461486207331        0.540290320440776E-05
   215.747708754584        0.532049545764968E-05
   215.098074866547        0.523385141628361E-05
   214.512150477535        0.514996691905683E-05
   213.990918092481        0.506191835832854E-05
   213.535392485354        0.498722034857215E-05
   213.144639454555        0.490959857959331E-05
   212.814167433316        0.483184098111200E-05
   212.534859901505        0.476084373712279E-05
   212.293395566063        0.470078434680411E-05
   212.074356254951        0.463468270345156E-05
   211.862619527415        0.458679334705238E-05
   211.642432049708        0.453491116805698E-05
   211.407577123041        0.449582252286822E-05
   211.166332487941        0.446348219145575E-05
   210.939450592725        0.443166737446399E-05
   210.757243549132        0.440691962922653E-05
   210.652997906547        0.439319985456252E-05
   210.656797346906        0.438310210605308E-05
   210.785155961635        0.437316347304306E-05
   211.046713145160        0.450790251920482E-05
   211.427066580030        0.507716793404156E-05
   211.916035911994        0.602855210695943E-05
   212.438343454658        0.703067031697250E-05
   213.017772850379        0.763370923771503E-05
   216.035752015714        0.114755638800622E-04
   220.376511470681        0.201726642947413E-04
   224.693031668762        0.345862050807666E-04
   228.967320551374        0.578062355932079E-04
   233.178075038698        0.941177472665192E-04
   237.301253112110        0.149154872272999E-03
   241.311368761365        0.229895508683105E-03
   245.183475232923        0.344430497652408E-03
   248.895594027037        0.501506134973573E-03
   252.431220250698        0.709944622437372E-03
   255.780661446701        0.978078195343754E-03
   258.941080955469        0.131332161781088E-02
   261.915520420023        0.172193990767726E-02
   264.711365037007        0.220899063410445E-02
   267.338719035981        0.277837722607199E-02
   269.809000672993        0.343294545912405E-02
   272.133883983846        0.417457318443412E-02
   274.466103559045        0.506421380217708E-02
   276.767507299847        0.596754832938455E-02
   278.971844411188        0.695009805331211E-02
   281.062862255915        0.806851050358475E-02
   283.052026254919        0.913440870276120E-02
   284.955933535629        0.104859236916727E-01
   285.906633054371        0.111704131650565E-01
