   202.758737549236        0.329347767400642E-05
   204.251432554906        0.362711381593155E-05
   205.767648722026        0.394370924543129E-05
   207.307982994237        0.423844520748943E-05
   208.867625596709        0.452135218982209E-05
   210.441065353681        0.478245522561590E-05
   212.023475307573        0.501174066546583E-05
   213.610714852199        0.522917345478058E-05
   215.199090205302        0.542494995324624E-05
   216.785243848733        0.559909069008283E-05
   218.366227343657        0.575470283007358E-05
   219.939691972750        0.589636023170956E-05
   221.504061829014        0.602648900374612E-05
   223.058557658124        0.614515758835715E-05
   224.603074172363        0.624805135999656E-05
   226.137985820964        0.634460682638029E-05
   227.663942885116        0.643659484149595E-05
   229.181695221370        0.651130505997381E-05
   230.691963648240        0.659001143304767E-05
   232.195365311536        0.665356579362063E-05
   233.692387761173        0.671445527372584E-05
   235.183398495965        0.677517281842677E-05
   236.668673977762        0.682571008856447E-05
   238.148434315233        0.686737425721017E-05
   239.622874841594        0.690747569493529E-05
   241.092190910282        0.694744085993303E-05
   242.556595494308        0.697863310091230E-05
   244.016330224093        0.700694147732907E-05
   245.471670179764        0.701823437369469E-05
   246.992221700177        0.703000000000000E-05
   248.345428182008        0.703000000000000E-05
   249.226876125066        0.702000000000000E-05
   249.476420266084        0.699725854900307E-05
   249.050783754478        0.695898086242454E-05
   247.982172347258        0.691681238679373E-05
   246.354169014388        0.685806695030285E-05
   244.283245301150        0.678506341992375E-05
   241.902254626447        0.671348117984971E-05
   239.343035381107        0.662669681103782E-05
   236.725590235076        0.653712747857914E-05
   234.153208406681        0.644709860827232E-05
   231.712344215238        0.635798006616557E-05
   229.457707398848        0.626156528615043E-05
   227.413447179333        0.616715651253158E-05
   225.583096815371        0.608454112117825E-05
   223.956280184721        0.599378415124372E-05
   222.513566753232        0.589458346911287E-05
   221.230971033223        0.580706660523691E-05
   220.084473176475        0.571780196843912E-05
   219.052235995728        0.562639602070025E-05
   218.116074922402        0.554210191174675E-05
   217.262106847447        0.545135299666993E-05
   216.480661454507        0.536267615082771E-05
   215.765696355433        0.528025870712802E-05
   215.114468911967        0.519364312721340E-05
   214.526604515504        0.510971888823005E-05
   214.003215890234        0.503143022665003E-05
   213.545324339372        0.494699899553425E-05
   213.151988049421        0.487373349486861E-05
   212.818708668528        0.479520338103769E-05
   212.536320867289        0.472062086304413E-05
   212.291477836913        0.466060038181444E-05
   212.068782349865        0.460316365315167E-05
   211.852935553224        0.454661347375104E-05
   211.628055541444        0.449477139505071E-05
   211.387966508330        0.445572156991819E-05
   211.141147797133        0.442338584227633E-05
   210.908746220959        0.439772303837964E-05
   210.721454187384        0.437686318950527E-05
   210.612744415848        0.435634287847222E-05
   210.612698621184        0.434307864667390E-05
   210.737807603519        0.433314263775719E-05
   210.996506057970        0.446827512141625E-05
   211.374280045135        0.503241591652163E-05
   211.860320846095        0.597987288373176E-05
   212.379505066783        0.697460677794175E-05
   212.954591940514        0.756881099240180E-05
   216.025744856991        0.114605187011029E-04
   220.366381115346        0.201469365257803E-04
   224.682832251371        0.345434861630899E-04
   228.957117948779        0.577374606514472E-04
   233.167942304455        0.940105268675916E-04
   237.291264329740        0.148993153970108E-03
   241.301594906882        0.229659680942803E-03
   245.173985418027        0.344098248082148E-03
   248.886457745009        0.501054260302555E-03
   252.422489623862        0.709350474777449E-03
   255.772368125931        0.977321073742609E-03
   258.933236625284        0.131238362990804E-02
   261.908119973364        0.172080624302569E-02
   264.704390955100        0.220764937386546E-02
   267.332145720302        0.277681887838409E-02
   269.802798034217        0.343116238737171E-02
   272.128020100487        0.417255904656662E-02
   274.460533932086        0.506206033836136E-02
   276.762179748213        0.596548926129827E-02
   278.966680329518        0.694737758406006E-02
   281.057903915634        0.806589979059978E-02
   283.047221057470        0.913188003012665E-02
   284.951307601592        0.104826477802085E-01
   285.902071643026        0.111671839990157E-01
