   204.131826847685        0.263278214937023E-05
   205.577364035754        0.290598838405341E-05
   207.050459937223        0.317218898229602E-05
   208.552417257930        0.341618844837562E-05
   210.078058665317        0.365682456914772E-05
   211.621077495736        0.386752955005752E-05
   213.175764314376        0.406601839706621E-05
   214.737198829917        0.424250257125722E-05
   216.301131228421        0.440706896946828E-05
   217.863915704017        0.454975310638910E-05
   219.422529487171        0.468470884238224E-05
   220.974637945091        0.479949164530339E-05
   222.518655418639        0.490841465926092E-05
   224.053750957287        0.500206300985838E-05
   225.579765303194        0.508842265837787E-05
   227.097045005546        0.517101800148405E-05
   228.606239150763        0.524507873660417E-05
   230.108110483737        0.530674448619748E-05
   231.603393641900        0.536825702156570E-05
   233.092711577866        0.542960776276332E-05
   234.576545096956        0.547078403742422E-05
   236.055240802072        0.552118826320508E-05
   237.529039789938        0.556172968437461E-05
   238.998112122625        0.560214215111946E-05
   240.462587840724        0.563242044861127E-05
   241.922581039551        0.566128069951667E-05
   243.378207241452        0.568127797699063E-05
   244.829595610573        0.570120048076949E-05
   246.281140628888        0.571000000000000E-05
   247.794206102686        0.571000000000000E-05
   249.083520688041        0.570000000000000E-05
   249.854632861565        0.567993979467854E-05
   249.981747524294        0.565108145574068E-05
   249.438254527336        0.561271467606224E-05
   248.263968049443        0.555731152656040E-05
   246.545715612671        0.549529546652848E-05
   244.398623744433        0.541776331729883E-05
   241.950000514517        0.533826037723106E-05
   239.325415006224        0.525067326334759E-05
   236.639312772310        0.515788407487137E-05
   233.991499329432        0.506729483351883E-05
   231.466603110197        0.496917615572302E-05
   229.119585014373        0.488269618983853E-05
   226.975534796553        0.478851762793585E-05
   225.038187911902        0.469621428244478E-05
   223.297271114313        0.460336354422643E-05
   221.734469018849        0.450700080094911E-05
   220.328034489908        0.441992627276725E-05
   219.055827130998        0.433435470220420E-05
   217.897663911327        0.425043096004824E-05
   216.837405222900        0.415776554165543E-05
   215.863605226853        0.407661654711632E-05
   214.968611434821        0.398688350019831E-05
   214.148201103070        0.390832335718672E-05
   213.400571389894        0.382463337607783E-05
   212.725593885853        0.374526118909713E-05
   212.123735703108        0.367051068831305E-05
   211.594218008067        0.359304757393621E-05
   211.133668663851        0.351452571204388E-05
   210.735879219696        0.345109310594166E-05
   210.390844014869        0.338319674918186E-05
   210.085605367400        0.332508353328575E-05
   209.804981565548        0.326836742991471E-05
   209.533569624521        0.321605188695988E-05
   209.256937032721        0.317659260420080E-05
   208.973548879185        0.313886951435023E-05
   208.698140126967        0.310818196042565E-05
   208.456608718778        0.308726013114309E-05
   208.276141273597        0.306667891001359E-05
   208.191178685830        0.304642894445169E-05
   208.223784380072        0.303325281043579E-05
   208.396493958698        0.303000000000000E-05
   208.729924736253        0.314682269305147E-05
   209.157203538374        0.397818277294768E-05
   209.748337129207        0.456775927226306E-05
   210.404658237919        0.532789704199875E-05
   212.462303844766        0.707627451212056E-05
   216.832866051789        0.127305749236211E-04
   221.188170864935        0.223287704206654E-04
   225.514361241626        0.381791857391825E-04
   229.794953746845        0.636242629049879E-04
   234.007330550392        0.103252839241153E-03
   238.126159537630        0.163031664010309E-03
   242.125055482569        0.250251240471459E-03
   245.978965617545        0.373238386680686E-03
   249.666766588137        0.540858715183244E-03
   253.173357085619        0.761917437780979E-03
   256.490673767714        0.104460791092477E-02
   259.617479338562        0.139612588850073E-02
   262.558196041287        0.182248739618162E-02
   265.321264608131        0.232851105159222E-02
   267.917498328156        0.291789301875231E-02
   270.358721642258        0.359330946948104E-02
   272.656783405237        0.435650252719308E-02
   275.040967078109        0.528508507126671E-02
   277.320538153982        0.617968387034145E-02
   279.507965996927        0.723063941619075E-02
   281.579606519864        0.833843780200490E-02
   283.560821245044        0.947466125519846E-02
   285.446720830654        0.108307438868967E-01
   286.390508575801        0.115100635217641E-01
