   204.297225340459        0.253296662853604E-05
   205.737766672978        0.279640192524620E-05
   207.206199614199        0.305199700139182E-05
   208.703901652072        0.329534558597950E-05
   210.225680845298        0.351650092041319E-05
   211.765174579648        0.372538250673745E-05
   213.316603464415        0.391369071134712E-05
   214.874979248134        0.408943185353941E-05
   216.435997064562        0.424322258264813E-05
   217.995975058621        0.438510131151310E-05
   219.551873392006        0.451012547624094E-05
   221.101353676014        0.462915908858198E-05
   222.642831798674        0.473303761541437E-05
   224.175477980881        0.482673782217501E-05
   225.699133082660        0.491220114489622E-05
   227.214145108744        0.498612972299115E-05
   228.721167025503        0.505796768923760E-05
   230.220967118926        0.511966048265391E-05
   231.714285985999        0.518119238613791E-05
   233.201752018457        0.523256090058350E-05
   234.683850469682        0.528250851990999E-05
   236.160931282089        0.532318953287859E-05
   237.633237840395        0.536374647652818E-05
   239.100941534483        0.540208857581766E-05
   240.564172823689        0.543223519531199E-05
   242.023045305825        0.546231195547624E-05
   243.477673036322        0.548231631743834E-05
   244.928182666578        0.549224577078852E-05
   246.382523132446        0.550209831601127E-05
   247.885428113266        0.550000000000000E-05
   249.152775298106        0.549843716244147E-05
   249.898826341270        0.547774040138712E-05
   250.000971849098        0.543894403533281E-05
   249.433041362650        0.540058314647886E-05
   248.233493053566        0.534412537291752E-05
   246.488790255593        0.528106837786004E-05
   244.315693074983        0.520251317582726E-05
   241.841903823210        0.512305384666132E-05
   239.191411808190        0.503462988764992E-05
   236.477368644442        0.493987712892959E-05
   233.798844068841        0.484613165426843E-05
   231.240897377190        0.475316590588676E-05
   228.858751757407        0.465704217705135E-05
   226.677669205889        0.456300287815738E-05
   224.702072591408        0.447092564207867E-05
   222.922773989517        0.438063573614736E-05
   221.322476878742        0.429214093889673E-05
   219.879888843905        0.420279932749478E-05
   218.573610006175        0.410997608890561E-05
   217.384441871047        0.402628928198032E-05
   216.297383315895        0.394390599543615E-05
   215.301754339934        0.385521199381231E-05
   214.390229520437        0.377356316039582E-05
   213.558345203458        0.369529078667430E-05
   212.803740103728        0.361142957788617E-05
   212.124991762434        0.353279726451355E-05
   211.521454554661        0.345827622962383E-05
   210.992603233692        0.338494357240748E-05
   210.535832141420        0.331280472304057E-05
   210.144551749158        0.324182108235448E-05
   209.808147291386        0.317195898331763E-05
   209.512354870740        0.311422342709923E-05
   209.241422788198        0.306016228406682E-05
   208.981013426065        0.301564824345692E-05
   208.716877294979        0.297183726508120E-05
   208.445994374973        0.293405698845930E-05
   208.181497110730        0.290817114648412E-05
   207.950260935753        0.288730578844998E-05
   207.785908839466        0.286677773796971E-05
   207.727053536105        0.284657765847877E-05
   207.798289383394        0.283335084909465E-05
   208.014845834616        0.284285336684926E-05
   208.359230717445        0.298177324206588E-05
   208.834984405008        0.378136042987916E-05
   209.353382184364        0.456452081776365E-05
   209.962548511257        0.498764289663170E-05
   212.652207257772        0.726018907788090E-05
   217.026058560094        0.130536149806369E-04
   221.385504522532        0.228847686161982E-04
   225.715031477740        0.391088640076821E-04
   229.996800785650        0.651243275693541E-04
   234.209143014585        0.105598590976052E-03
   238.326454769995        0.166579212690493E-03
   242.322179233835        0.255430933327522E-03
   246.171254082023        0.380533607444698E-03
   249.852732640804        0.550773397521864E-03
   253.351845373346        0.774940708187908E-03
   256.660939148981        0.106118492547380E-02
   259.779176515060        0.141663958250778E-02
   262.711307086175        0.184725073786715E-02
   265.466011698905        0.235776822026036E-02
   268.054263084790        0.295182630821901E-02
   270.487978346097        0.363204835936978E-02
   272.779050743411        0.440013325319539E-02
   275.182432780013        0.533951560306924E-02
   277.456040730422        0.623175536860856E-02
   279.637766048112        0.729865509209524E-02
   281.704145703649        0.840360446140461E-02
   283.682284633651        0.956026180587380E-02
   285.563448222999        0.109128831250834E-01
   286.505176922604        0.115906887756035E-01
