   203.471053824072        0.297857542897077E-05
   204.937962234556        0.328162411372125E-05
   206.430747048860        0.357449204546299E-05
   207.950388528529        0.385026995487986E-05
   209.491836652264        0.410405180556664E-05
   211.049101912287        0.434587208251079E-05
   212.616841344187        0.455576287677122E-05
   214.190471151351        0.475368910027255E-05
   215.765995836473        0.493974201418235E-05
   217.339917067257        0.509403997709072E-05
   218.909263428730        0.523937952613441E-05
   220.471696353969        0.537103718216697E-05
   222.025617923177        0.549106816872355E-05
   223.570200198136        0.559442485485275E-05
   225.105294202580        0.569759523584393E-05
   226.631249647380        0.578445847565199E-05
   228.148708220513        0.586665697342226E-05
   229.658419167759        0.593866798530063E-05
   231.161103331732        0.600286419623371E-05
   232.657373770747        0.606406393562720E-05
   234.147707551862        0.612509685216047E-05
   235.632454747451        0.617595460206523E-05
   237.111867925262        0.621775427632551E-05
   238.586137944262        0.625807605462656E-05
   240.055427342926        0.629826499427125E-05
   241.519898120179        0.632915853598074E-05
   242.979734216253        0.635911236453593E-05
   244.435160015405        0.637899205697153E-05
   245.886455381571        0.639000000000000E-05
   247.409514285509        0.640000000000000E-05
   248.742624603316        0.639183170245378E-05
   249.583413287966        0.638229969985620E-05
   249.788191064948        0.635584771067028E-05
   249.320251136413        0.631751625528388E-05
   248.214916287954        0.626454581073533E-05
   246.557240583021        0.620496384423322E-05
   244.463907997858        0.613189056324961E-05
   242.065272571383        0.606026617182247E-05
   239.491084907995        0.597260438002734E-05
   236.859694620563        0.588213308583144E-05
   234.272755098750        0.579144996161997E-05
   231.815639672490        0.570075211622918E-05
   229.542537029380        0.560641924006551E-05
   227.477246556416        0.551201994646834E-05
   225.623076752278        0.541936094319229E-05
   223.969707682600        0.532862598190478E-05
   222.498015940849        0.523942008574226E-05
   221.184188851239        0.515196766947458E-05
   220.003990618652        0.505589551874235E-05
   218.936201657886        0.497139746265970E-05
   217.963692127188        0.488632229996040E-05
   217.073106201490        0.479651752467630E-05
   216.254908856032        0.470720095164630E-05
   215.503544809778        0.462488268005428E-05
   214.816176971357        0.453919677007007E-05
   214.191949489829        0.445473972680916E-05
   213.631556996408        0.437732146638280E-05
   213.135636037179        0.430022296141034E-05
   212.702744869295        0.422000317049437E-05
   212.327887673322        0.414810971057076E-05
   212.001475878779        0.407735172857270E-05
   211.709926111989        0.401806021969905E-05
   211.437824807459        0.396082744895160E-05
   211.170221328411        0.390761104263348E-05
   210.892028049239        0.386327045709834E-05
   210.598786130498        0.382474426291793E-05
   210.301581342596        0.379256098202684E-05
   210.023714594911        0.376090849900362E-05
   209.798952560107        0.373652526445084E-05
   209.665356055518        0.372305920939722E-05
   209.652270852260        0.371301782090453E-05
   209.776448121141        0.370313501430859E-05
   210.045118676168        0.381121828914472E-05
   210.448363561217        0.427120036172388E-05
   210.946101084730        0.521086983487803E-05
   211.468279510840        0.615396752506956E-05
   212.163275986462        0.679679231611775E-05
   216.269770964509        0.118313738241257E-04
   220.613882692567        0.207820259840469E-04
   224.933298526513        0.356029107149606E-04
   229.209696563354        0.594560745618131E-04
   233.421333682574        0.967155476011957E-04
   237.543686127013        0.153113497804794E-03
   241.550899761221        0.235720187072829E-03
   245.417972225715        0.352697651377381E-03
   249.123258029288        0.512834124783217E-03
   252.650661637526        0.724953653674764E-03
   255.990925838966        0.997351204677015E-03
   259.141671987894        0.133737944172505E-02
   262.106351108818        0.175123118945911E-02
   264.892668016933        0.224389370445093E-02
   267.510945883749        0.281920876496548E-02
   269.972731429184        0.347997116147063E-02
   272.289757369267        0.422801759848968E-02
   274.640111619400        0.513104709514778E-02
   276.934867369641        0.603171235435953E-02
   279.134764684473        0.703532114218921E-02
   281.219880793628        0.815048988597392E-02
   283.206790974830        0.922543578761848E-02
   285.105283441733        0.105908034496465E-01
   286.053964726657        0.112737739895174E-01
