     ALT          P          T          FH2O           O3           THEAT        TCOOL        PSATCO2        FCO2
7.3694E+01  3.2610E-05 2.2105E+02    4.8218E-06    6.6094E-08    3.6281E+01   -6.5849E+01    6.2655E+00    2.1000E-04
7.2572E+01  3.8505E-05 2.2240E+02    5.0651E-06    8.3140E-08    5.0720E+00   -4.3232E+01    6.6237E+00    2.1000E-04
7.1451E+01  4.5410E-05 2.2381E+02    5.2893E-06    1.0685E-07    2.2905E+00   -2.7701E+01    7.0137E+00    2.1000E-04
7.0332E+01  5.3485E-05 2.2529E+02    5.4866E-06    1.3738E-07    2.1357E+00   -1.7716E+01    7.4401E+00    2.1000E-04
6.9215E+01  6.2916E-05 2.2682E+02    5.6654E-06    1.7417E-07    2.2784E+00   -1.1713E+01    7.9037E+00    2.1000E-04
6.8099E+01  7.3918E-05 2.2840E+02    5.8209E-06    2.1552E-07    2.4665E+00   -8.3598E+00    8.4036E+00    2.1000E-04
6.6984E+01  8.6734E-05 2.3002E+02    5.9617E-06    2.5788E-07    2.6623E+00   -6.6045E+00    8.9385E+00    2.1000E-04
6.5871E+01  1.0164E-04 2.3165E+02    6.0953E-06    3.0199E-07    2.8682E+00   -5.7397E+00    9.5065E+00    2.1000E-04
6.4759E+01  1.1897E-04 2.3330E+02    6.2090E-06    3.4954E-07    3.1032E+00   -5.3681E+00    1.0106E+01    2.1000E-04
6.3649E+01  1.3907E-04 2.3496E+02    6.3080E-06    4.0208E-07    3.3649E+00   -5.2415E+00    1.0734E+01    2.1000E-04
6.2540E+01  1.6236E-04 2.3661E+02    6.3967E-06    4.6091E-07    3.6582E+00   -5.2403E+00    1.1389E+01    2.1000E-04
6.1433E+01  1.8931E-04 2.3825E+02    6.4790E-06    5.2640E-07    3.9828E+00   -5.3029E+00    1.2070E+01    2.1000E-04
6.0328E+01  2.2046E-04 2.3989E+02    6.5553E-06    5.9955E-07    4.3393E+00   -5.4006E+00    1.2776E+01    2.1000E-04
5.9224E+01  2.5641E-04 2.4150E+02    6.6210E-06    6.8090E-07    4.7240E+00   -5.5196E+00    1.3505E+01    2.1000E-04
5.8123E+01  2.9784E-04 2.4311E+02    6.6750E-06    7.6937E-07    5.1251E+00   -5.6537E+00    1.4257E+01    2.1000E-04
5.7025E+01  3.4554E-04 2.4470E+02    6.7290E-06    8.6635E-07    5.5401E+00   -5.8038E+00    1.5033E+01    2.1000E-04
5.5929E+01  4.0037E-04 2.4628E+02    6.7728E-06    9.7337E-07    5.9637E+00   -5.9634E+00    1.5834E+01    2.1000E-04
5.4836E+01  4.6331E-04 2.4785E+02    6.8165E-06    1.0894E-06    6.3809E+00   -6.1306E+00    1.6659E+01    2.1000E-04
5.3746E+01  5.3548E-04 2.4940E+02    6.8501E-06    1.2205E-06    6.8015E+00   -6.2996E+00    1.7510E+01    2.1000E-04
5.2659E+01  6.1811E-04 2.5095E+02    6.8818E-06    1.3724E-06    7.2246E+00   -6.4574E+00    1.8387E+01    2.1000E-04
5.1575E+01  7.1259E-04 2.5249E+02    6.9070E-06    1.5308E-06    7.5802E+00   -6.5980E+00    1.9290E+01    2.1000E-04
5.0495E+01  8.2048E-04 2.5403E+02    6.9300E-06    1.7153E-06    7.9124E+00   -6.7331E+00    2.0221E+01    2.1000E-04
4.9418E+01  9.4350E-04 2.5555E+02    6.9466E-06    1.9258E-06    8.1963E+00   -6.8629E+00    2.1180E+01    2.1000E-04
4.8345E+01  1.0836E-03 2.5707E+02    6.9581E-06    2.1566E-06    8.3958E+00   -7.0429E+00    2.2168E+01    2.1000E-04
4.7276E+01  1.2430E-03 2.5860E+02    6.9600E-06    2.4037E-06    8.4804E+00   -7.3071E+00    2.3194E+01    2.1000E-04
4.6210E+01  1.4240E-03 2.6017E+02    6.9592E-06    2.6809E-06    8.4655E+00   -7.6101E+00    2.4288E+01    2.1000E-04
4.5149E+01  1.6292E-03 2.6142E+02    6.9480E-06    2.9796E-06    8.3222E+00   -7.7881E+00    2.5181E+01    2.1000E-04
4.4095E+01  1.8618E-03 2.6201E+02    6.9238E-06    3.2988E-06    8.0529E+00   -7.7492E+00    2.5610E+01    2.1000E-04
4.3050E+01  2.1248E-03 2.6184E+02    6.8920E-06    3.6471E-06    7.6852E+00   -7.5083E+00    2.5490E+01    2.1000E-04
4.2018E+01  2.4220E-03 2.6097E+02    6.8460E-06    3.9882E-06    7.2016E+00   -7.1114E+00    2.4854E+01    2.1000E-04
4.1000E+01  2.7572E-03 2.5949E+02    6.7950E-06    4.3045E-06    6.6433E+00   -6.6202E+00    2.3809E+01    2.1000E-04
3.9999E+01  3.1348E-03 2.5755E+02    6.7299E-06    4.5849E-06    6.0647E+00   -6.0858E+00    2.2487E+01    2.1000E-04
3.9016E+01  3.5598E-03 2.5528E+02    6.6612E-06    4.8166E-06    5.5048E+00   -5.5471E+00    2.1009E+01    2.1000E-04
3.8053E+01  4.0372E-03 2.5280E+02    6.5841E-06    4.9954E-06    4.9903E+00   -5.0340E+00    1.9472E+01    2.1000E-04
3.7109E+01  4.5728E-03 2.5017E+02    6.4958E-06    5.1370E-06    4.5388E+00   -4.5699E+00    1.7940E+01    2.1000E-04
3.6184E+01  5.1730E-03 2.4747E+02    6.4133E-06    5.2466E-06    4.1466E+00   -4.1592E+00    1.6457E+01    2.1000E-04
3.5280E+01  5.8447E-03 2.4473E+02    6.3135E-06    5.3371E-06    3.8047E+00   -3.8048E+00    1.5047E+01    2.1000E-04
3.4394E+01  6.5952E-03 2.4199E+02    6.2172E-06    5.4014E-06    3.4968E+00   -3.4952E+00    1.3731E+01    2.1000E-04
3.3529E+01  7.4327E-03 2.3931E+02    6.1233E-06    5.4444E-06    3.2148E+00   -3.2169E+00    1.2522E+01    2.1000E-04
3.2681E+01  8.3660E-03 2.3671E+02    6.0216E-06    5.4600E-06    2.9505E+00   -2.9575E+00    1.1431E+01    2.1000E-04
3.1852E+01  9.4046E-03 2.3426E+02    5.9221E-06    5.4520E-06    2.7014E+00   -2.7134E+00    1.0464E+01    2.1000E-04
3.1041E+01  1.0559E-02 2.3198E+02    5.8247E-06    5.3989E-06    2.4605E+00   -2.5091E+00    9.6242E+00    2.1000E-04
3.0246E+01  1.1840E-02 2.2992E+02    5.7294E-06    5.3091E-06    2.2312E+00   -2.2667E+00    8.9054E+00    2.1000E-04
2.9466E+01  1.3260E-02 2.2806E+02    5.6358E-06    5.1628E-06    2.0122E+00   -2.0393E+00    8.2950E+00    2.1000E-04
2.8701E+01  1.4831E-02 2.2641E+02    5.5440E-06    4.9960E-06    1.8136E+00   -1.8299E+00    7.7772E+00    2.1000E-04
2.7951E+01  1.6567E-02 2.2493E+02    5.4539E-06    4.7794E-06    1.6308E+00   -1.6401E+00    7.3356E+00    2.1000E-04
2.7213E+01  1.8484E-02 2.2360E+02    5.3655E-06    4.5462E-06    1.4697E+00   -1.4713E+00    6.9550E+00    2.1000E-04
2.6489E+01  2.0596E-02 2.2239E+02    5.2784E-06    4.2792E-06    1.3262E+00   -1.3237E+00    6.6219E+00    2.1000E-04
2.5776E+01  2.2921E-02 2.2128E+02    5.1835E-06    4.0094E-06    1.2027E+00   -1.1958E+00    6.3252E+00    2.1000E-04
2.5076E+01  2.5475E-02 2.2023E+02    5.0989E-06    3.7287E-06    1.0943E+00   -1.0856E+00    6.0561E+00    2.1000E-04
2.4387E+01  2.8279E-02 2.1924E+02    5.0163E-06    3.4460E-06    9.9799E-01   -9.8915E-01    5.8086E+00    2.1000E-04
2.3710E+01  3.1353E-02 2.1828E+02    4.9351E-06    3.1623E-06    9.1041E-01   -9.0261E-01    5.5784E+00    2.1000E-04
2.3044E+01  3.4716E-02 2.1736E+02    4.8551E-06    2.8856E-06    8.2964E-01   -8.2283E-01    5.3632E+00    2.1000E-04
2.2390E+01  3.8391E-02 2.1648E+02    4.7765E-06    2.6165E-06    7.5365E-01   -7.4821E-01    5.1525E+00    2.1000E-04
2.1746E+01  4.2403E-02 2.1563E+02    4.6993E-06    2.3577E-06    6.8150E-01   -6.7818E-01    4.8700E+00    2.1000E-04
2.1113E+01  4.6774E-02 2.1483E+02    4.6261E-06    2.1056E-06    6.1231E-01   -6.1303E-01    4.6147E+00    2.1000E-04
2.0490E+01  5.1531E-02 2.1408E+02    4.5586E-06    1.8738E-06    5.4795E-01   -5.5104E-01    4.3863E+00    2.1000E-04
1.9878E+01  5.6701E-02 2.1338E+02    4.4851E-06    1.6537E-06    4.8738E-01   -4.9188E-01    4.1845E+00    2.1000E-04
1.9275E+01  6.2310E-02 2.1275E+02    4.4224E-06    1.4382E-06    4.3012E-01   -4.3718E-01    4.0084E+00    2.1000E-04
1.8683E+01  6.8388E-02 2.1219E+02    4.3531E-06    1.2384E-06    3.7819E-01   -3.8481E-01    3.8563E+00    2.1000E-04
1.8100E+01  7.4964E-02 2.1169E+02    4.2948E-06    1.0617E-06    3.3284E-01   -3.3465E-01    3.7256E+00    2.1000E-04
1.7526E+01  8.2069E-02 2.1125E+02    4.2420E-06    8.9334E-07    2.9217E-01   -2.9101E-01    3.6135E+00    2.1000E-04
1.6962E+01  8.9735E-02 2.1087E+02    4.1968E-06    7.4403E-07    2.5723E-01   -2.5397E-01    3.5170E+00    2.1000E-04
1.6407E+01  9.7992E-02 2.1052E+02    4.1524E-06    6.1018E-07    2.2725E-01   -2.2519E-01    3.4338E+00    2.1000E-04
1.5860E+01  1.0688E-01 2.1022E+02    4.1166E-06    4.9304E-07    2.0076E-01   -1.7755E-01    3.3614E+00    2.1000E-04
1.5323E+01  1.1642E-01 2.0995E+02    4.0843E-06    3.9292E-07    1.7838E-01   -1.5904E-01    3.2990E+00    2.1000E-04
1.4794E+01  1.2665E-01 2.0973E+02    4.0526E-06    3.0996E-07    1.5998E-01   -1.4655E-01    3.2485E+00    2.1000E-04
1.4273E+01  1.3761E-01 2.0958E+02    4.0309E-06    2.4160E-07    1.4489E-01   -1.3941E-01    3.2135E+00    2.1000E-04
1.3761E+01  1.4933E-01 2.0952E+02    4.0202E-06    1.8499E-07    1.3246E-01   -1.3655E-01    3.1984E+00    2.1000E-04
1.3257E+01  1.6184E-01 2.0956E+02    4.0002E-06    1.3948E-07    1.2244E-01   -1.3475E-01    3.2076E+00    2.1000E-04
1.2760E+01  1.7518E-01 2.0971E+02    4.0000E-06    1.0951E-07    1.1533E-01   -1.2975E-01    3.2438E+00    2.1000E-04
1.2271E+01  1.8938E-01 2.0999E+02    3.9904E-06    8.9555E-08    1.1029E-01   -1.2070E-01    3.3078E+00    2.1000E-04
1.1789E+01  2.0448E-01 2.1038E+02    4.1741E-06    7.4496E-08    1.0751E-01   -1.1657E-01    3.3986E+00    2.1000E-04
1.1314E+01  2.2050E-01 2.1085E+02    5.0820E-06    6.3536E-08    1.0877E-01   -1.2597E-01    3.5133E+00    2.1000E-04
1.0847E+01  2.3747E-01 2.1138E+02    5.7527E-06    5.7063E-08    1.0988E-01   -9.3408E-02    3.6451E+00    2.1000E-04
1.0385E+01  2.5543E-01 2.1192E+02    6.5411E-06    5.3103E-08    1.1182E-01   -5.0269E-02    3.7846E+00    2.1000E-04
9.9303E+00  2.7440E-01 2.1331E+02    7.9344E-06    5.0162E-08    1.1733E-01   -1.1028E-01    4.1625E+00    2.1000E-04
9.4785E+00  2.9441E-01 2.1648E+02    1.2155E-05    4.7615E-08    1.3555E-01   -3.7256E-01    5.1513E+00    2.1000E-04
9.0271E+00  3.1548E-01 2.2082E+02    2.1323E-05    4.5223E-08    1.7190E-01   -7.8264E-01    6.2060E+00    2.1000E-04
8.5752E+00  3.3764E-01 2.2514E+02    3.6482E-05    4.2909E-08    2.2227E-01   -1.2044E+00    7.3959E+00    2.1000E-04
8.1232E+00  3.6089E-01 2.2941E+02    6.0844E-05    4.0651E-08    2.8392E-01   -1.5939E+00    8.7346E+00    2.1000E-04
7.6715E+00  3.8526E-01 2.3362E+02    9.8841E-05    3.8413E-08    3.5156E-01   -1.8994E+00    1.0221E+01    2.1000E-04
7.2207E+00  4.1075E-01 2.3773E+02    1.5626E-04    3.6261E-08    4.2223E-01   -2.1076E+00    1.1850E+01    2.1000E-04
6.7712E+00  4.3739E-01 2.4173E+02    2.4024E-04    3.4194E-08    4.9839E-01   -2.2445E+00    1.3610E+01    2.1000E-04
6.3235E+00  4.6516E-01 2.4559E+02    3.5896E-04    3.2214E-08    5.7619E-01   -2.3001E+00    1.5482E+01    2.1000E-04
5.8782E+00  4.9407E-01 2.4929E+02    5.2122E-04    3.0249E-08    6.4206E-01   -2.3061E+00    1.7446E+01    2.1000E-04
5.4359E+00  5.2412E-01 2.5281E+02    7.3583E-04    2.8298E-08    6.8890E-01   -2.2886E+00    1.9478E+01    2.1000E-04
4.9972E+00  5.5529E-01 2.5614E+02    1.0110E-03    2.6417E-08    7.2245E-01   -2.2709E+00    2.1557E+01    2.1000E-04
4.5625E+00  5.8758E-01 2.5928E+02    1.3542E-03    2.4631E-08    7.4946E-01   -2.2289E+00    2.3663E+01    2.1000E-04
4.1326E+00  6.2096E-01 2.6223E+02    1.7713E-03    2.2939E-08    7.6993E-01   -2.1663E+00    2.5778E+01    2.1000E-04
3.7078E+00  6.5541E-01 2.6501E+02    2.2674E-03    2.1342E-08    7.8104E-01   -2.1001E+00    2.7889E+01    2.1000E-04
3.2887E+00  6.9090E-01 2.6762E+02    2.8463E-03    1.9834E-08    7.8288E-01   -2.0073E+00    2.9986E+01    2.1000E-04
2.8757E+00  7.2740E-01 2.7008E+02    3.5107E-03    1.8413E-08    7.7849E-01   -1.8603E+00    3.2062E+01    2.1000E-04
2.4691E+00  7.6486E-01 2.7239E+02    4.2625E-03    1.7200E-08    7.7093E-01   -1.7110E+00    3.4112E+01    2.1000E-04
2.0693E+00  8.0323E-01 2.7476E+02    5.1769E-03    1.6118E-08    7.6649E-01   -1.6177E+00    3.6314E+01    2.1000E-04
1.6764E+00  8.4247E-01 2.7705E+02    6.0754E-03    1.5133E-08    7.4710E-01   -1.5303E+00    3.8540E+01    2.1000E-04
1.2906E+00  8.8251E-01 2.7924E+02    7.0924E-03    1.4286E-08    7.3085E-01   -1.5201E+00    4.0769E+01    2.1000E-04
9.1238E-01  9.2329E-01 2.8132E+02    8.2050E-03    1.3655E-08    7.1924E-01   -1.5864E+00    4.2971E+01    2.1000E-04
5.4191E-01  9.6473E-01 2.8331E+02    9.2973E-03    1.3104E-08    7.1252E-01   -1.7690E+00    4.5154E+01    2.1000E-04
1.7949E-01  1.0068E+00 2.8520E+02    1.0660E-02    1.2604E-08    7.3324E-01   -2.0240E+00    4.7316E+01    2.1000E-04
0.0000E+00  1.0281E+00 2.8615E+02    1.1341E-02    1.2700E-08    7.9251E+00   -3.5381E+00    4.8426E+01    2.1000E-04
