     ALT          P          T          FH2O           O3           THEAT        TCOOL        PSATCO2        FCO2
7.3625E+01  3.2610E-05 2.2195E+02    3.7453E-06    7.2314E-08    3.6389E+01   -6.6892E+01    6.5019E+00    2.1200E-04
7.2497E+01  3.8506E-05 2.2331E+02    3.9420E-06    9.0392E-08    5.0386E+00   -4.3391E+01    6.8724E+00    2.1200E-04
7.1371E+01  4.5411E-05 2.2472E+02    4.1223E-06    1.1570E-07    2.3117E+00   -2.7388E+01    7.2755E+00    2.1200E-04
7.0247E+01  5.3487E-05 2.2621E+02    4.2807E-06    1.4850E-07    2.1790E+00   -1.7142E+01    7.7156E+00    2.1200E-04
6.9124E+01  6.2920E-05 2.2775E+02    4.4239E-06    1.8838E-07    2.3384E+00   -1.1072E+01    8.1937E+00    2.1200E-04
6.8003E+01  7.3922E-05 2.2933E+02    4.5485E-06    2.3167E-07    2.5375E+00   -7.7112E+00    8.7088E+00    2.1200E-04
6.6883E+01  8.6740E-05 2.3095E+02    4.6642E-06    2.7761E-07    2.7512E+00   -5.9887E+00    9.2594E+00    2.1200E-04
6.5764E+01  1.0165E-04 2.3259E+02    4.7649E-06    3.2460E-07    2.9724E+00   -5.1721E+00    9.8436E+00    2.1200E-04
6.4647E+01  1.1898E-04 2.3424E+02    4.8542E-06    3.7505E-07    3.2222E+00   -4.8519E+00    1.0459E+01    2.1200E-04
6.3531E+01  1.3908E-04 2.3590E+02    4.9335E-06    4.3012E-07    3.4968E+00   -4.7834E+00    1.1104E+01    2.1200E-04
6.2417E+01  1.6237E-04 2.3755E+02    5.0045E-06    4.9158E-07    3.8031E+00   -4.8416E+00    1.1776E+01    2.1200E-04
6.1305E+01  1.8933E-04 2.3920E+02    5.0713E-06    5.6038E-07    4.1424E+00   -4.9653E+00    1.2474E+01    2.1200E-04
6.0195E+01  2.2049E-04 2.4083E+02    5.1279E-06    6.3558E-07    4.5071E+00   -5.1243E+00    1.3196E+01    2.1200E-04
5.9086E+01  2.5644E-04 2.4244E+02    5.1796E-06    7.1998E-07    4.9026E+00   -5.3079E+00    1.3942E+01    2.1200E-04
5.7980E+01  2.9789E-04 2.4405E+02    5.2239E-06    8.1160E-07    5.3136E+00   -5.5084E+00    1.4711E+01    2.1200E-04
5.6877E+01  3.4560E-04 2.4564E+02    5.2680E-06    9.1226E-07    5.7389E+00   -5.7239E+00    1.5505E+01    2.1200E-04
5.5776E+01  4.0044E-04 2.4721E+02    5.3021E-06    1.0251E-06    6.1789E+00   -5.9467E+00    1.6323E+01    2.1200E-04
5.4678E+01  4.6340E-04 2.4878E+02    5.3330E-06    1.1477E-06    6.6091E+00   -6.1728E+00    1.7166E+01    2.1200E-04
5.3583E+01  5.3559E-04 2.5034E+02    5.3598E-06    1.2791E-06    7.0111E+00   -6.3914E+00    1.8035E+01    2.1200E-04
5.2491E+01  6.1824E-04 2.5189E+02    5.3867E-06    1.4269E-06    7.3996E+00   -6.5907E+00    1.8932E+01    2.1200E-04
5.1403E+01  7.1274E-04 2.5343E+02    5.3985E-06    1.5979E-06    7.7733E+00   -6.7777E+00    1.9856E+01    2.1200E-04
5.0318E+01  8.2066E-04 2.5497E+02    5.4102E-06    1.7822E-06    8.0791E+00   -6.9496E+00    2.0808E+01    2.1200E-04
4.9236E+01  9.4373E-04 2.5650E+02    5.4200E-06    1.9983E-06    8.3460E+00   -7.1131E+00    2.1790E+01    2.1200E-04
4.8158E+01  1.0839E-03 2.5802E+02    5.4300E-06    2.2271E-06    8.5074E+00   -7.3382E+00    2.2802E+01    2.1200E-04
4.7084E+01  1.2433E-03 2.5959E+02    5.4200E-06    2.4782E-06    8.5682E+00   -7.6249E+00    2.3882E+01    2.1200E-04
4.6014E+01  1.4243E-03 2.6107E+02    5.4100E-06    2.7514E-06    8.5134E+00   -7.8727E+00    2.4928E+01    2.1200E-04
4.4949E+01  1.6297E-03 2.6210E+02    5.3924E-06    3.0536E-06    8.3517E+00   -7.9609E+00    2.5678E+01    2.1200E-04
4.3892E+01  1.8623E-03 2.6246E+02    5.3612E-06    3.3898E-06    8.0868E+00   -7.8435E+00    2.5944E+01    2.1200E-04
4.2845E+01  2.1254E-03 2.6210E+02    5.3206E-06    3.7348E-06    7.6927E+00   -7.5401E+00    2.5677E+01    2.1200E-04
4.1811E+01  2.4227E-03 2.6106E+02    5.2689E-06    4.0859E-06    7.2049E+00   -7.1057E+00    2.4925E+01    2.1200E-04
4.0792E+01  2.7580E-03 2.5947E+02    5.2078E-06    4.4001E-06    6.6341E+00   -6.5891E+00    2.3792E+01    2.1200E-04
3.9791E+01  3.1358E-03 2.5743E+02    5.1377E-06    4.6689E-06    6.0423E+00   -6.0379E+00    2.2408E+01    2.1200E-04
3.8808E+01  3.5609E-03 2.5509E+02    5.0680E-06    4.8938E-06    5.4811E+00   -5.4908E+00    2.0887E+01    2.1200E-04
3.7845E+01  4.0385E-03 2.5254E+02    4.9814E-06    5.0671E-06    4.9692E+00   -4.9730E+00    1.9319E+01    2.1200E-04
3.6901E+01  4.5744E-03 2.4986E+02    4.8875E-06    5.2009E-06    4.5199E+00   -4.5058E+00    1.7764E+01    2.1200E-04
3.5977E+01  5.1749E-03 2.4709E+02    4.7952E-06    5.3116E-06    4.1333E+00   -4.0933E+00    1.6260E+01    2.1200E-04
3.5074E+01  5.8468E-03 2.4429E+02    4.6999E-06    5.3949E-06    3.7918E+00   -3.7367E+00    1.4830E+01    2.1200E-04
3.4190E+01  6.5976E-03 2.4148E+02    4.5967E-06    5.4579E-06    3.4860E+00   -3.4234E+00    1.3492E+01    2.1200E-04
3.3325E+01  7.4355E-03 2.3870E+02    4.5005E-06    5.5097E-06    3.2091E+00   -3.1405E+00    1.2261E+01    2.1200E-04
3.2480E+01  8.3692E-03 2.3601E+02    4.3992E-06    5.5300E-06    2.9470E+00   -2.8750E+00    1.1146E+01    2.1200E-04
3.1653E+01  9.4083E-03 2.3343E+02    4.3002E-06    5.5234E-06    2.6983E+00   -2.6237E+00    1.0153E+01    2.1200E-04
3.0844E+01  1.0563E-02 2.3103E+02    4.2034E-06    5.4723E-06    2.4577E+00   -2.4135E+00    9.2857E+00    2.1200E-04
3.0052E+01  1.1845E-02 2.2881E+02    4.1085E-06    5.3833E-06    2.2289E+00   -2.1634E+00    8.5382E+00    2.1200E-04
2.9276E+01  1.3265E-02 2.2680E+02    4.0151E-06    5.2522E-06    2.0134E+00   -1.9280E+00    7.8981E+00    2.1200E-04
2.8515E+01  1.4837E-02 2.2498E+02    3.9147E-06    5.0734E-06    1.8125E+00   -1.7096E+00    7.3500E+00    2.1200E-04
2.7769E+01  1.6574E-02 2.2333E+02    3.8256E-06    4.8681E-06    1.6320E+00   -1.5113E+00    6.8779E+00    2.1200E-04
2.7036E+01  1.8492E-02 2.2182E+02    3.7379E-06    4.6233E-06    1.4693E+00   -1.3341E+00    6.4671E+00    2.1200E-04
2.6317E+01  2.0605E-02 2.2042E+02    3.6521E-06    4.3566E-06    1.3262E+00   -1.1791E+00    6.1048E+00    2.1200E-04
2.5611E+01  2.2931E-02 2.1912E+02    3.5714E-06    4.0747E-06    1.2013E+00   -1.0454E+00    5.7809E+00    2.1200E-04
2.4917E+01  2.5487E-02 2.1790E+02    3.4948E-06    3.7911E-06    1.0928E+00   -9.3017E-01    5.4877E+00    2.1200E-04
2.4236E+01  2.8293E-02 2.1673E+02    3.4134E-06    3.4954E-06    9.9493E-01   -8.3003E-01    5.2195E+00    2.1200E-04
2.3566E+01  3.1368E-02 2.1562E+02    3.3334E-06    3.2056E-06    9.0679E-01   -7.4110E-01    4.8674E+00    2.1200E-04
2.2908E+01  3.4733E-02 2.1456E+02    3.2624E-06    2.9232E-06    8.2569E-01   -6.6058E-01    4.5325E+00    2.1200E-04
2.2262E+01  3.8410E-02 2.1355E+02    3.1877E-06    2.6516E-06    7.4974E-01   -5.8593E-01    4.2320E+00    2.1200E-04
2.1626E+01  4.2424E-02 2.1259E+02    3.1148E-06    2.3843E-06    6.7678E-01   -5.1732E-01    3.9634E+00    2.1200E-04
2.1002E+01  4.6798E-02 2.1169E+02    3.0471E-06    2.1284E-06    6.0738E-01   -4.5416E-01    3.7253E+00    2.1200E-04
2.0388E+01  5.1558E-02 2.1086E+02    2.9815E-06    1.8923E-06    5.4270E-01   -3.9472E-01    3.5161E+00    2.1200E-04
1.9784E+01  5.6730E-02 2.1010E+02    2.9118E-06    1.6654E-06    4.8153E-01   -3.3915E-01    3.3342E+00    2.1200E-04
1.9191E+01  6.2343E-02 2.0942E+02    2.8523E-06    1.4528E-06    4.2504E-01   -2.8712E-01    3.1776E+00    2.1200E-04
1.8607E+01  6.8424E-02 2.0882E+02    2.7942E-06    1.2540E-06    3.7346E-01   -2.3852E-01    3.0439E+00    2.1200E-04
1.8033E+01  7.5004E-02 2.0829E+02    2.7416E-06    1.0673E-06    3.2694E-01   -1.9497E-01    2.9304E+00    2.1200E-04
1.7469E+01  8.2114E-02 2.0782E+02    2.6966E-06    9.0100E-07    2.8660E-01   -1.5638E-01    2.8343E+00    2.1200E-04
1.6913E+01  8.9784E-02 2.0742E+02    2.6524E-06    7.5062E-07    2.5164E-01   -1.2518E-01    2.7533E+00    2.1200E-04
1.6367E+01  9.8047E-02 2.0707E+02    2.6166E-06    6.1587E-07    2.2164E-01   -1.0311E-01    2.6853E+00    2.1200E-04
1.5829E+01  1.0694E-01 2.0678E+02    2.5845E-06    4.9776E-07    1.9515E-01   -5.8309E-02    2.6280E+00    2.1200E-04
1.5300E+01  1.1648E-01 2.0653E+02    2.5528E-06    3.9700E-07    1.7279E-01   -4.8100E-02    2.5811E+00    2.1200E-04
1.4779E+01  1.2672E-01 2.0634E+02    2.5311E-06    3.1298E-07    1.5445E-01   -4.3788E-02    2.5465E+00    2.1200E-04
1.4266E+01  1.3769E-01 2.0624E+02    2.5107E-06    2.4496E-07    1.3948E-01   -4.3503E-02    2.5274E+00    2.1200E-04
1.3762E+01  1.4942E-01 2.0624E+02    2.5003E-06    1.8735E-07    1.2702E-01   -4.7012E-02    2.5271E+00    2.1200E-04
1.3265E+01  1.6194E-01 2.0637E+02    2.4904E-06    1.4143E-07    1.1707E-01   -5.1242E-02    2.5507E+00    2.1200E-04
1.2775E+01  1.7529E-01 2.0662E+02    2.4806E-06    1.1158E-07    1.1019E-01   -5.0554E-02    2.5975E+00    2.1200E-04
1.2293E+01  1.8950E-01 2.0700E+02    2.8317E-06    9.1214E-08    1.0724E-01   -5.9675E-02    2.6705E+00    2.1200E-04
1.1817E+01  2.0460E-01 2.0750E+02    3.2607E-06    7.6013E-08    1.0590E-01   -6.0313E-02    2.7684E+00    2.1200E-04
1.1349E+01  2.2063E-01 2.0803E+02    3.7547E-06    6.4848E-08    1.0564E-01   -3.2797E-02    2.8761E+00    2.1200E-04
1.0886E+01  2.3762E-01 2.0873E+02    4.1690E-06    5.7981E-08    1.0581E-01   -1.7423E-02    3.0250E+00    2.1200E-04
1.0429E+01  2.5559E-01 2.1051E+02    5.3816E-06    5.3733E-08    1.1092E-01   -7.5321E-02    3.4312E+00    2.1200E-04
9.9756E+00  2.7458E-01 2.1323E+02    7.8470E-06    5.0682E-08    1.2339E-01   -2.6893E-01    4.1408E+00    2.1200E-04
9.5223E+00  2.9460E-01 2.1761E+02    1.4074E-05    4.8049E-08    1.5248E-01   -6.4683E-01    5.4195E+00    2.1200E-04
9.0681E+00  3.1568E-01 2.2197E+02    2.4612E-05    4.5576E-08    1.9453E-01   -1.0461E+00    6.5084E+00    2.1200E-04
8.6135E+00  3.3785E-01 2.2630E+02    4.1956E-05    4.3211E-08    2.4874E-01   -1.4402E+00    7.7452E+00    2.1200E-04
8.1589E+00  3.6112E-01 2.3058E+02    6.9676E-05    4.0865E-08    3.1243E-01   -1.7871E+00    9.1326E+00    2.1200E-04
7.7046E+00  3.8551E-01 2.3479E+02    1.1264E-04    3.8596E-08    3.8022E-01   -2.0444E+00    1.0669E+01    2.1200E-04
7.2511E+00  4.1102E-01 2.3890E+02    1.7713E-04    3.6332E-08    4.5082E-01   -2.2154E+00    1.2345E+01    2.1200E-04
6.7991E+00  4.3767E-01 2.4288E+02    2.7068E-04    3.4151E-08    5.2739E-01   -2.3218E+00    1.4149E+01    2.1200E-04
6.3490E+00  4.6547E-01 2.4671E+02    4.0181E-04    3.2062E-08    6.0319E-01   -2.3525E+00    1.6059E+01    2.1200E-04
5.9013E+00  4.9440E-01 2.5037E+02    5.7945E-04    3.0067E-08    6.6404E-01   -2.3460E+00    1.8055E+01    2.1200E-04
5.4568E+00  5.2447E-01 2.5385E+02    8.1234E-04    2.8105E-08    7.0608E-01   -2.3215E+00    2.0113E+01    2.1200E-04
5.0160E+00  5.5567E-01 2.5713E+02    1.1085E-03    2.6210E-08    7.3692E-01   -2.2972E+00    2.2209E+01    2.1200E-04
4.5794E+00  5.8798E-01 2.6023E+02    1.4749E-03    2.4375E-08    7.6194E-01   -2.2441E+00    2.4327E+01    2.1200E-04
4.1475E+00  6.2138E-01 2.6313E+02    1.9174E-03    2.2607E-08    7.7976E-01   -2.1770E+00    2.6448E+01    2.1200E-04
3.7210E+00  6.5586E-01 2.6587E+02    2.4405E-03    2.0999E-08    7.8781E-01   -2.1044E+00    2.8562E+01    2.1200E-04
3.3002E+00  6.9138E-01 2.6843E+02    3.0477E-03    1.9480E-08    7.8716E-01   -1.9964E+00    3.0659E+01    2.1200E-04
2.8856E+00  7.2790E-01 2.7085E+02    3.7417E-03    1.8126E-08    7.8107E-01   -1.8363E+00    3.2733E+01    2.1200E-04
2.4776E+00  7.6539E-01 2.7314E+02    4.5317E-03    1.6870E-08    7.7269E-01   -1.6925E+00    3.4799E+01    2.1200E-04
2.0763E+00  8.0379E-01 2.7553E+02    5.4717E-03    1.5775E-08    7.6504E-01   -1.6055E+00    3.7049E+01    2.1200E-04
1.6820E+00  8.4306E-01 2.7779E+02    6.3590E-03    1.4847E-08    7.4139E-01   -1.5198E+00    3.9280E+01    2.1200E-04
1.2949E+00  8.8313E-01 2.7996E+02    7.4652E-03    1.3997E-08    7.2916E-01   -1.5369E+00    4.1514E+01    2.1200E-04
9.1537E-01  9.2394E-01 2.8201E+02    8.5642E-03    1.3292E-08    7.1534E-01   -1.6087E+00    4.3718E+01    2.1200E-04
5.4367E-01  9.6542E-01 2.8398E+02    9.7716E-03    1.2749E-08    7.1405E-01   -1.8200E+00    4.5914E+01    2.1200E-04
1.8006E-01  1.0075E+00 2.8585E+02    1.1117E-02    1.2318E-08    7.3211E-01   -2.0654E+00    4.8077E+01    2.1200E-04
0.0000E+00  1.0289E+00 2.8679E+02    1.1792E-02    1.2400E-08    7.8998E+00   -3.4873E+00    4.9190E+01    2.1200E-04
