     ALT          P          T          FH2O           O3           THEAT        TCOOL        PSATCO2        FCO2
6.8074E+01  3.2610E-05 1.9413E+02    1.1100E-05    3.1487E-07    3.7825E+01   -3.5079E+01    9.8567E-01    2.1200E-04
6.7086E+01  3.8507E-05 1.9626E+02    1.1296E-05    3.5222E-07    6.8144E+00   -2.5456E+01    1.1733E+00    2.1200E-04
6.6094E+01  4.5413E-05 1.9835E+02    1.1400E-05    3.9332E-07    4.0426E+00   -1.8156E+01    1.3869E+00    2.1200E-04
6.5100E+01  5.3490E-05 2.0039E+02    1.1500E-05    4.3708E-07    3.9385E+00   -1.2989E+01    1.6276E+00    2.1200E-04
6.4103E+01  6.2924E-05 2.0240E+02    1.1694E-05    4.8346E-07    4.1267E+00   -9.5335E+00    1.8978E+00    2.1200E-04
6.3106E+01  7.3929E-05 2.0436E+02    1.1790E-05    5.3239E-07    4.3469E+00   -7.3391E+00    2.1998E+00    2.1200E-04
6.2106E+01  8.6749E-05 2.0629E+02    1.1800E-05    5.8383E-07    4.5768E+00   -6.0018E+00    2.5360E+00    2.1200E-04
6.1106E+01  1.0166E-04 2.0818E+02    1.1900E-05    6.3825E-07    4.8204E+00   -5.2279E+00    2.9089E+00    2.1200E-04
6.0105E+01  1.1899E-04 2.1005E+02    1.2000E-05    6.9371E-07    5.0734E+00   -4.7967E+00    3.3208E+00    2.1200E-04
5.9103E+01  1.3910E-04 2.1188E+02    1.2058E-05    7.5186E-07    5.3329E+00   -4.5368E+00    3.7741E+00    2.1200E-04
5.8102E+01  1.6240E-04 2.1368E+02    1.2100E-05    8.1209E-07    5.5950E+00   -4.3751E+00    4.2709E+00    2.1200E-04
5.7100E+01  1.8936E-04 2.1546E+02    1.2200E-05    8.7532E-07    5.8608E+00   -4.2811E+00    4.8133E+00    2.1200E-04
5.6099E+01  2.2053E-04 2.1720E+02    1.2218E-05    9.4045E-07    6.1201E+00   -4.2058E+00    5.3253E+00    2.1200E-04
5.5099E+01  2.5650E-04 2.1891E+02    1.2300E-05    1.0104E-06    6.3849E+00   -4.1679E+00    5.7300E+00    2.1200E-04
5.4099E+01  2.9795E-04 2.2060E+02    1.2300E-05    1.0913E-06    6.6833E+00   -4.1419E+00    6.1507E+00    2.1200E-04
5.3101E+01  3.4568E-04 2.2226E+02    1.2363E-05    1.2075E-06    7.1003E+00   -4.1545E+00    6.5873E+00    2.1200E-04
5.2104E+01  4.0054E-04 2.2390E+02    1.2400E-05    1.3328E-06    7.5162E+00   -4.1866E+00    7.0400E+00    2.1200E-04
5.1109E+01  4.6352E-04 2.2552E+02    1.2400E-05    1.4764E-06    7.9370E+00   -4.2383E+00    7.5090E+00    2.1200E-04
5.0115E+01  5.3574E-04 2.2711E+02    1.2400E-05    1.6346E-06    8.3423E+00   -4.3158E+00    7.9945E+00    2.1200E-04
4.9124E+01  6.1842E-04 2.2869E+02    1.2400E-05    1.8441E-06    8.8355E+00   -4.4274E+00    8.4968E+00    2.1200E-04
4.8134E+01  7.1296E-04 2.3024E+02    1.2400E-05    2.1070E-06    9.3791E+00   -4.5754E+00    9.0160E+00    2.1200E-04
4.7148E+01  8.2092E-04 2.3178E+02    1.2400E-05    2.4215E-06    9.8977E+00   -4.7595E+00    9.5525E+00    2.1200E-04
4.6164E+01  9.4404E-04 2.3331E+02    1.2400E-05    2.7673E-06    1.0277E+01   -5.0205E+00    1.0106E+01    2.1200E-04
4.5182E+01  1.0843E-03 2.3492E+02    1.2400E-05    3.1527E-06    1.0503E+01   -5.3859E+00    1.0718E+01    2.1200E-04
4.4204E+01  1.2437E-03 2.3632E+02    1.2400E-05    3.5638E-06    1.0510E+01   -5.6508E+00    1.1273E+01    2.1200E-04
4.3231E+01  1.4249E-03 2.3686E+02    1.2400E-05    3.9824E-06    1.0256E+01   -5.5916E+00    1.1490E+01    2.1200E-04
4.2267E+01  1.6303E-03 2.3623E+02    1.2300E-05    4.3875E-06    9.7479E+00   -5.1957E+00    1.1234E+01    2.1200E-04
4.1317E+01  1.8630E-03 2.3456E+02    1.2297E-05    4.7552E-06    9.0399E+00   -4.6082E+00    1.0580E+01    2.1200E-04
4.0385E+01  2.1263E-03 2.3216E+02    1.2200E-05    5.0616E-06    8.2161E+00   -3.9692E+00    9.6880E+00    2.1200E-04
3.9472E+01  2.4237E-03 2.2936E+02    1.2179E-05    5.3165E-06    7.3895E+00   -3.3915E+00    8.7181E+00    2.1200E-04
3.8579E+01  2.7592E-03 2.2643E+02    1.2100E-05    5.5048E-06    6.6105E+00   -2.9144E+00    7.7843E+00    2.1200E-04
3.7707E+01  3.1372E-03 2.2358E+02    1.2068E-05    5.6525E-06    5.9293E+00   -2.5450E+00    6.9500E+00    2.1200E-04
3.6853E+01  3.5625E-03 2.2094E+02    1.2000E-05    5.7601E-06    5.3443E+00   -2.2633E+00    6.2378E+00    2.1200E-04
3.6018E+01  4.0404E-03 2.1856E+02    1.1900E-05    5.8351E-06    4.8452E+00   -2.0489E+00    5.6435E+00    2.1200E-04
3.5200E+01  4.5766E-03 2.1643E+02    1.1812E-05    5.8865E-06    4.4180E+00   -1.8870E+00    5.1340E+00    2.1200E-04
3.4399E+01  5.1774E-03 2.1451E+02    1.1763E-05    5.9237E-06    4.0474E+00   -1.7651E+00    4.5175E+00    2.1200E-04
3.3612E+01  5.8497E-03 2.1277E+02    1.1616E-05    5.9216E-06    3.7074E+00   -1.6672E+00    4.0128E+00    2.1200E-04
3.2839E+01  6.6010E-03 2.1116E+02    1.1570E-05    5.8819E-06    3.3913E+00   -1.5882E+00    3.5911E+00    2.1200E-04
3.2081E+01  7.4394E-03 2.0968E+02    1.1500E-05    5.7804E-06    3.0869E+00   -1.5170E+00    3.2355E+00    2.1200E-04
3.1336E+01  8.3737E-03 2.0832E+02    1.1400E-05    5.6277E-06    2.7976E+00   -1.4485E+00    2.9367E+00    2.1200E-04
3.0603E+01  9.4135E-03 2.0709E+02    1.1342E-05    5.4442E-06    2.5296E+00   -1.3830E+00    2.6892E+00    2.1200E-04
2.9882E+01  1.0569E-02 2.0603E+02    1.1202E-05    5.2436E-06    2.2838E+00   -1.3058E+00    2.4880E+00    2.1200E-04
2.9173E+01  1.1852E-02 2.0512E+02    1.1164E-05    5.0189E-06    2.0571E+00   -1.2086E+00    2.3269E+00    2.1200E-04
2.8475E+01  1.3273E-02 2.0435E+02    1.1100E-05    4.7870E-06    1.8518E+00   -1.1140E+00    2.1990E+00    2.1200E-04
2.7787E+01  1.4846E-02 2.0373E+02    1.0993E-05    4.5467E-06    1.6662E+00   -1.0223E+00    2.0980E+00    2.1200E-04
2.7108E+01  1.6584E-02 2.0321E+02    1.0900E-05    4.2884E-06    1.4983E+00   -9.3658E-01    2.0183E+00    2.1200E-04
2.6439E+01  1.8503E-02 2.0279E+02    1.0828E-05    4.0249E-06    1.3503E+00   -8.5824E-01    1.9552E+00    2.1200E-04
2.5780E+01  2.0618E-02 2.0245E+02    1.0798E-05    3.7651E-06    1.2224E+00   -7.8831E-01    1.9048E+00    2.1200E-04
2.5129E+01  2.2946E-02 2.0216E+02    1.0669E-05    3.4935E-06    1.1092E+00   -7.2481E-01    1.8637E+00    2.1200E-04
2.4486E+01  2.5504E-02 2.0191E+02    1.0600E-05    3.2322E-06    1.0122E+00   -6.7078E-01    1.8288E+00    2.1200E-04
2.3853E+01  2.8311E-02 2.0169E+02    1.0516E-05    2.9731E-06    9.2637E-01   -6.2399E-01    1.7982E+00    2.1200E-04
2.3227E+01  3.1388E-02 2.0148E+02    1.0400E-05    2.7137E-06    8.4793E-01   -5.8296E-01    1.7701E+00    2.1200E-04
2.2610E+01  3.4756E-02 2.0129E+02    1.0369E-05    2.4706E-06    7.7713E-01   -5.4756E-01    1.7437E+00    2.1200E-04
2.2002E+01  3.8437E-02 2.0110E+02    1.0300E-05    2.2403E-06    7.1084E-01   -5.1319E-01    1.7187E+00    2.1200E-04
2.1401E+01  4.2453E-02 2.0092E+02    1.0229E-05    2.0135E-06    6.4649E-01   -4.8045E-01    1.6948E+00    2.1200E-04
2.0809E+01  4.6831E-02 2.0075E+02    1.0111E-05    1.7992E-06    5.8486E-01   -4.4707E-01    1.6726E+00    2.1200E-04
2.0225E+01  5.1594E-02 2.0059E+02    1.0095E-05    1.6006E-06    5.2685E-01   -4.1550E-01    1.6526E+00    2.1200E-04
1.9649E+01  5.6771E-02 2.0046E+02    9.9899E-06    1.4063E-06    4.7067E-01   -3.8258E-01    1.6356E+00    2.1200E-04
1.9082E+01  6.2388E-02 2.0035E+02    9.9299E-06    1.2278E-06    4.1890E-01   -3.4958E-01    1.6224E+00    2.1200E-04
1.8522E+01  6.8475E-02 2.0028E+02    9.8628E-06    1.0634E-06    3.7187E-01   -3.1556E-01    1.6137E+00    2.1200E-04
1.7970E+01  7.5061E-02 2.0025E+02    9.8022E-06    9.1185E-07    3.2976E-01   -2.8165E-01    1.6095E+00    2.1200E-04
1.7425E+01  8.2176E-02 2.0025E+02    9.7479E-06    7.7453E-07    2.9291E-01   -2.4836E-01    1.6092E+00    2.1200E-04
1.6889E+01  8.9853E-02 2.0027E+02    9.6943E-06    6.5116E-07    2.6121E-01   -2.1657E-01    1.6115E+00    2.1200E-04
1.6360E+01  9.8123E-02 2.0030E+02    9.6492E-06    5.4000E-07    2.3409E-01   -1.8728E-01    1.6152E+00    2.1200E-04
1.5838E+01  1.0702E-01 2.0032E+02    9.6075E-06    4.4195E-07    2.0985E-01   -1.2233E-01    1.6186E+00    2.1200E-04
1.5324E+01  1.1657E-01 2.0035E+02    9.5749E-06    3.5785E-07    1.8940E-01   -9.4729E-02    1.6222E+00    2.1200E-04
1.4818E+01  1.2682E-01 2.0041E+02    9.5445E-06    2.8735E-07    1.7262E-01   -7.0074E-02    1.6297E+00    2.1200E-04
1.4319E+01  1.3780E-01 2.0054E+02    9.5147E-06    2.2816E-07    1.5870E-01   -4.8620E-02    1.6458E+00    2.1200E-04
1.3827E+01  1.4954E-01 2.0078E+02    9.4935E-06    1.7787E-07    1.4708E-01   -2.8346E-02    1.6765E+00    2.1200E-04
1.3342E+01  1.6207E-01 2.0113E+02    9.4821E-06    1.3755E-07    1.3584E-01    8.6783E-03    1.7234E+00    2.1200E-04
1.2864E+01  1.7543E-01 2.0161E+02    4.6734E-06    1.0866E-07    1.1192E-01    9.7476E-02    1.7870E+00    2.1200E-04
1.2393E+01  1.8966E-01 2.0212E+02    1.5578E-06    8.9424E-08    9.9178E-02    1.7652E-01    1.8576E+00    2.1200E-04
1.1928E+01  2.0477E-01 2.0269E+02    1.7091E-06    7.5103E-08    9.1403E-02    2.1762E-01    1.9409E+00    2.1200E-04
1.1467E+01  2.2082E-01 2.0479E+02    2.3495E-06    6.4073E-08    9.1413E-02    1.2694E-01    2.2715E+00    2.1200E-04
1.1008E+01  2.3782E-01 2.0861E+02    4.0958E-06    5.6531E-08    9.7415E-02   -2.3664E-02    2.9996E+00    2.1200E-04
1.0548E+01  2.5581E-01 2.1225E+02    6.8194E-06    5.1936E-08    1.0861E-01   -1.7713E-01    3.8705E+00    2.1200E-04
1.0089E+01  2.7482E-01 2.1614E+02    1.1546E-05    4.8809E-08    1.2837E-01   -4.3304E-01    5.0375E+00    2.1200E-04
9.6287E+00  2.9486E-01 2.2056E+02    2.0509E-05    4.6208E-08    1.6294E-01   -8.1667E-01    6.1405E+00    2.1200E-04
9.1677E+00  3.1596E-01 2.2496E+02    3.5498E-05    4.3905E-08    2.1278E-01   -1.2416E+00    7.3449E+00    2.1200E-04
8.7063E+00  3.3815E-01 2.2931E+02    5.9831E-05    4.1686E-08    2.7616E-01   -1.6541E+00    8.7035E+00    2.1200E-04
8.2448E+00  3.6145E-01 2.3360E+02    9.8110E-05    3.9553E-08    3.4749E-01   -1.9917E+00    1.0215E+01    2.1200E-04
7.7839E+00  3.8586E-01 2.3779E+02    1.5636E-04    3.7417E-08    4.2222E-01   -2.2234E+00    1.1873E+01    2.1200E-04
7.3241E+00  4.1140E-01 2.4185E+02    2.4200E-04    3.5370E-08    5.0198E-01   -2.3744E+00    1.3664E+01    2.1200E-04
6.8658E+00  4.3808E-01 2.4576E+02    3.6347E-04    3.3416E-08    5.8418E-01   -2.4386E+00    1.5568E+01    2.1200E-04
6.4097E+00  4.6590E-01 2.4950E+02    5.2981E-04    3.1489E-08    6.5501E-01   -2.4417E+00    1.7563E+01    2.1200E-04
5.9564E+00  4.9486E-01 2.5305E+02    7.4991E-04    2.9634E-08    7.0517E-01   -2.4142E+00    1.9624E+01    2.1200E-04
5.5065E+00  5.2496E-01 2.5640E+02    1.0320E-03    2.7827E-08    7.3978E-01   -2.3895E+00    2.1728E+01    2.1200E-04
5.0607E+00  5.5619E-01 2.5956E+02    1.3835E-03    2.6037E-08    7.6688E-01   -2.3418E+00    2.3855E+01    2.1200E-04
4.6193E+00  5.8853E-01 2.6252E+02    1.8102E-03    2.4324E-08    7.8751E-01   -2.2695E+00    2.5989E+01    2.1200E-04
4.1831E+00  6.2197E-01 2.6530E+02    2.3173E-03    2.2741E-08    7.9870E-01   -2.1947E+00    2.8116E+01    2.1200E-04
3.7524E+00  6.5649E-01 2.6792E+02    2.9086E-03    2.1110E-08    7.9997E-01   -2.0971E+00    3.0228E+01    2.1200E-04
3.3277E+00  6.9204E-01 2.7037E+02    3.5869E-03    1.9654E-08    7.9433E-01   -1.9419E+00    3.2318E+01    2.1200E-04
2.9095E+00  7.2861E-01 2.7269E+02    4.3545E-03    1.8293E-08    7.8519E-01   -1.7855E+00    3.4382E+01    2.1200E-04
2.4978E+00  7.6613E-01 2.7509E+02    5.2899E-03    1.7077E-08    7.7899E-01   -1.6826E+00    3.6630E+01    2.1200E-04
2.0930E+00  8.0458E-01 2.7739E+02    6.1912E-03    1.5977E-08    7.5585E-01   -1.5716E+00    3.8883E+01    2.1200E-04
1.6953E+00  8.4389E-01 2.7960E+02    7.2620E-03    1.4985E-08    7.3859E-01   -1.5464E+00    4.1143E+01    2.1200E-04
1.3050E+00  8.8400E-01 2.8170E+02    8.3803E-03    1.4205E-08    7.2061E-01   -1.5797E+00    4.3376E+01    2.1200E-04
9.2242E-01  9.2486E-01 2.8371E+02    9.5551E-03    1.3502E-08    7.0878E-01   -1.6875E+00    4.5601E+01    2.1200E-04
5.4780E-01  9.6638E-01 2.8562E+02    1.0927E-02    1.2911E-08    7.1412E-01   -1.9356E+00    4.7800E+01    2.1200E-04
1.8141E-01  1.0085E+00 2.8744E+02    1.2236E-02    1.2407E-08    7.2814E-01   -2.1612E+00    4.9968E+01    2.1200E-04
0.0000E+00  1.0299E+00 2.8836E+02    1.2946E-02    1.2500E-08    7.8517E+00   -3.3558E+00    5.1092E+01    2.1200E-04
