     ALT          P          T          FH2O           O3           THEAT        TCOOL        PSATCO2        FCO2
7.3722E+01  3.2610E-05 2.2146E+02    4.3572E-06    6.8444E-08    3.6331E+01   -6.6365E+01    6.3721E+00    2.1100E-04
7.2597E+01  3.8506E-05 2.2281E+02    4.5883E-06    8.5972E-08    5.0534E+00   -4.3328E+01    6.7356E+00    2.1100E-04
7.1474E+01  4.5410E-05 2.2422E+02    4.7905E-06    1.1014E-07    2.2968E+00   -2.7597E+01    7.1313E+00    2.1100E-04
7.0352E+01  5.3485E-05 2.2570E+02    4.9745E-06    1.4176E-07    2.1525E+00   -1.7476E+01    7.5638E+00    2.1100E-04
6.9233E+01  6.2917E-05 2.2724E+02    5.1333E-06    1.7985E-07    2.3024E+00   -1.1440E+01    8.0339E+00    2.1100E-04
6.8115E+01  7.3919E-05 2.2882E+02    5.2770E-06    2.2224E-07    2.4958E+00   -8.0882E+00    8.5408E+00    2.1100E-04
6.6998E+01  8.6736E-05 2.3044E+02    5.4110E-06    2.6518E-07    2.6950E+00   -6.3485E+00    9.0829E+00    2.1100E-04
6.5882E+01  1.0165E-04 2.3208E+02    5.5275E-06    3.1088E-07    2.9085E+00   -5.5072E+00    9.6583E+00    2.1100E-04
6.4768E+01  1.1897E-04 2.3373E+02    5.6290E-06    3.5953E-07    3.1494E+00   -5.1562E+00    1.0265E+01    2.1100E-04
6.3655E+01  1.3907E-04 2.3539E+02    5.7182E-06    4.1321E-07    3.4166E+00   -5.0551E+00    1.0901E+01    2.1100E-04
6.2544E+01  1.6236E-04 2.3704E+02    5.8028E-06    4.7279E-07    3.7138E+00   -5.0812E+00    1.1564E+01    2.1100E-04
6.1435E+01  1.8931E-04 2.3868E+02    5.8794E-06    5.3951E-07    4.0441E+00   -5.1705E+00    1.2253E+01    2.1100E-04
6.0327E+01  2.2046E-04 2.4032E+02    5.9459E-06    6.1410E-07    4.4063E+00   -5.2938E+00    1.2966E+01    2.1100E-04
5.9222E+01  2.5642E-04 2.4193E+02    6.0022E-06    6.9585E-07    4.7919E+00   -5.4383E+00    1.3703E+01    2.1100E-04
5.8119E+01  2.9785E-04 2.4354E+02    6.0556E-06    7.8589E-07    5.1983E+00   -5.6013E+00    1.4464E+01    2.1100E-04
5.7018E+01  3.4555E-04 2.4513E+02    6.0997E-06    8.8443E-07    5.6176E+00   -5.7765E+00    1.5248E+01    2.1100E-04
5.5920E+01  4.0039E-04 2.4671E+02    6.1436E-06    9.9309E-07    6.0454E+00   -5.9630E+00    1.6057E+01    2.1100E-04
5.4825E+01  4.6334E-04 2.4828E+02    6.1787E-06    1.1121E-06    6.4695E+00   -6.1533E+00    1.6891E+01    2.1100E-04
5.3733E+01  5.3551E-04 2.4983E+02    6.2111E-06    1.2439E-06    6.8829E+00   -6.3442E+00    1.7751E+01    2.1100E-04
5.2644E+01  6.1815E-04 2.5138E+02    6.2424E-06    1.3884E-06    7.2729E+00   -6.5143E+00    1.8637E+01    2.1100E-04
5.1558E+01  7.1263E-04 2.5293E+02    6.2641E-06    1.5561E-06    7.6513E+00   -6.6752E+00    1.9550E+01    2.1100E-04
5.0476E+01  8.2053E-04 2.5446E+02    6.2857E-06    1.7410E-06    7.9769E+00   -6.8249E+00    2.0492E+01    2.1100E-04
4.9397E+01  9.4357E-04 2.5599E+02    6.2973E-06    1.9527E-06    8.2497E+00   -6.9650E+00    2.1462E+01    2.1100E-04
4.8322E+01  1.0837E-03 2.5751E+02    6.3000E-06    2.1768E-06    8.4202E+00   -7.1565E+00    2.2461E+01    2.1100E-04
4.7250E+01  1.2431E-03 2.5906E+02    6.3000E-06    2.4330E-06    8.5154E+00   -7.4303E+00    2.3509E+01    2.1100E-04
4.6183E+01  1.4241E-03 2.6060E+02    6.2984E-06    2.7022E-06    8.4723E+00   -7.7097E+00    2.4589E+01    2.1100E-04
4.5120E+01  1.6294E-03 2.6177E+02    6.2771E-06    3.0024E-06    8.3247E+00   -7.8528E+00    2.5436E+01    2.1100E-04
4.4064E+01  1.8619E-03 2.6228E+02    6.2560E-06    3.3331E-06    8.0673E+00   -7.7866E+00    2.5811E+01    2.1100E-04
4.3018E+01  2.1250E-03 2.6205E+02    6.2201E-06    3.6727E-06    7.6792E+00   -7.5200E+00    2.5642E+01    2.1100E-04
4.1985E+01  2.4222E-03 2.6113E+02    6.1788E-06    4.0142E-06    7.1918E+00   -7.1097E+00    2.4969E+01    2.1100E-04
4.0966E+01  2.7574E-03 2.5962E+02    6.1221E-06    4.3289E-06    6.6313E+00   -6.6101E+00    2.3898E+01    2.1100E-04
3.9965E+01  3.1351E-03 2.5766E+02    6.0560E-06    4.6075E-06    6.0517E+00   -6.0714E+00    2.2559E+01    2.1100E-04
3.8981E+01  3.5601E-03 2.5538E+02    5.9873E-06    4.8264E-06    5.4854E+00   -5.5293E+00    2.1071E+01    2.1100E-04
3.8017E+01  4.0376E-03 2.5289E+02    5.9052E-06    5.0094E-06    4.9776E+00   -5.0167E+00    1.9528E+01    2.1100E-04
3.7073E+01  4.5733E-03 2.5026E+02    5.8208E-06    5.1429E-06    4.5252E+00   -4.5525E+00    1.7992E+01    2.1100E-04
3.6148E+01  5.1736E-03 2.4756E+02    5.7283E-06    5.2516E-06    4.1349E+00   -4.1421E+00    1.6504E+01    2.1100E-04
3.5242E+01  5.8453E-03 2.4481E+02    5.6374E-06    5.3318E-06    3.7907E+00   -3.7878E+00    1.5091E+01    2.1100E-04
3.4357E+01  6.5959E-03 2.4208E+02    5.5392E-06    5.3944E-06    3.4841E+00   -3.4785E+00    1.3769E+01    2.1100E-04
3.3490E+01  7.4335E-03 2.3938E+02    5.4371E-06    5.4355E-06    3.2033E+00   -3.1995E+00    1.2556E+01    2.1100E-04
3.2643E+01  8.3669E-03 2.3678E+02    5.3354E-06    5.4500E-06    2.9399E+00   -2.9395E+00    1.1459E+01    2.1100E-04
3.1814E+01  9.4057E-03 2.3431E+02    5.2449E-06    5.4320E-06    2.6892E+00   -2.6950E+00    1.0486E+01    2.1100E-04
3.1002E+01  1.0560E-02 2.3202E+02    5.1484E-06    5.3837E-06    2.4507E+00   -2.4915E+00    9.6390E+00    2.1100E-04
3.0206E+01  1.1841E-02 2.2994E+02    5.0519E-06    5.2907E-06    2.2219E+00   -2.2487E+00    8.9131E+00    2.1100E-04
2.9426E+01  1.3261E-02 2.2806E+02    4.9494E-06    5.1523E-06    2.0053E+00   -2.0203E+00    8.2953E+00    2.1100E-04
2.8662E+01  1.4833E-02 2.2638E+02    4.8577E-06    4.9732E-06    1.8047E+00   -1.8099E+00    7.7697E+00    2.1100E-04
2.7911E+01  1.6569E-02 2.2488E+02    4.7676E-06    4.7638E-06    1.6237E+00   -1.6194E+00    7.3201E+00    2.1100E-04
2.7173E+01  1.8486E-02 2.2352E+02    4.6792E-06    4.5291E-06    1.4631E+00   -1.4496E+00    6.9311E+00    2.1100E-04
2.6449E+01  2.0599E-02 2.2227E+02    4.5923E-06    4.2698E-06    1.3213E+00   -1.3008E+00    6.5894E+00    2.1100E-04
2.5737E+01  2.2924E-02 2.2112E+02    4.5069E-06    3.9996E-06    1.1981E+00   -1.1720E+00    6.2838E+00    2.1100E-04
2.5037E+01  2.5479E-02 2.2003E+02    4.4229E-06    3.7187E-06    1.0896E+00   -1.0606E+00    6.0060E+00    2.1100E-04
2.4349E+01  2.8283E-02 2.1900E+02    4.3404E-06    3.4358E-06    9.9354E-01   -9.6272E-01    5.7498E+00    2.1100E-04
2.3673E+01  3.1357E-02 2.1800E+02    4.2593E-06    3.1617E-06    9.0747E-01   -8.7431E-01    5.5111E+00    2.1100E-04
2.3007E+01  3.4721E-02 2.1704E+02    4.1795E-06    2.8817E-06    8.2626E-01   -7.9315E-01    5.2877E+00    2.1100E-04
2.2354E+01  3.8397E-02 2.1610E+02    4.1012E-06    2.6163E-06    7.5078E-01   -7.1674E-01    5.0259E+00    2.1100E-04
2.1711E+01  4.2409E-02 2.1521E+02    4.0241E-06    2.3597E-06    6.7899E-01   -6.4476E-01    4.7344E+00    2.1100E-04
2.1079E+01  4.6781E-02 2.1436E+02    3.9519E-06    2.1095E-06    6.1002E-01   -5.7764E-01    4.4702E+00    2.1100E-04
2.0458E+01  5.1539E-02 2.1355E+02    3.8838E-06    1.8734E-06    5.4494E-01   -5.1435E-01    4.2333E+00    2.1100E-04
1.9847E+01  5.6709E-02 2.1281E+02    3.8106E-06    1.6506E-06    4.8395E-01   -4.5405E-01    4.0230E+00    2.1100E-04
1.9246E+01  6.2319E-02 2.1213E+02    3.7489E-06    1.4359E-06    4.2689E-01   -3.9799E-01    3.8386E+00    2.1100E-04
1.8655E+01  6.8398E-02 2.1151E+02    3.6898E-06    1.2381E-06    3.7534E-01   -3.4460E-01    3.6781E+00    2.1100E-04
1.8074E+01  7.4976E-02 2.1095E+02    3.6317E-06    1.0614E-06    3.3010E-01   -2.9354E-01    3.5388E+00    2.1100E-04
1.7503E+01  8.2082E-02 2.1046E+02    3.5797E-06    8.9308E-07    2.8948E-01   -2.4938E-01    3.4178E+00    2.1100E-04
1.6940E+01  8.9749E-02 2.1001E+02    3.5348E-06    7.4409E-07    2.5464E-01   -2.1208E-01    3.3124E+00    2.1100E-04
1.6387E+01  9.8008E-02 2.0961E+02    3.4906E-06    6.1039E-07    2.2471E-01   -1.8351E-01    3.2205E+00    2.1100E-04
1.5843E+01  1.0689E-01 2.0925E+02    3.4554E-06    4.9255E-07    1.9820E-01   -1.3559E-01    3.1397E+00    2.1100E-04
1.5308E+01  1.1644E-01 2.0894E+02    3.4233E-06    3.9226E-07    1.7582E-01   -1.1869E-01    3.0696E+00    2.1100E-04
1.4782E+01  1.2667E-01 2.0867E+02    3.4012E-06    3.0914E-07    1.5749E-01   -1.0827E-01    3.0125E+00    2.1100E-04
1.4264E+01  1.3763E-01 2.0848E+02    3.3805E-06    2.4141E-07    1.4251E-01   -1.0240E-01    2.9717E+00    2.1100E-04
1.3754E+01  1.4935E-01 2.0839E+02    3.3601E-06    1.8431E-07    1.3001E-01   -1.0052E-01    2.9513E+00    2.1100E-04
1.3252E+01  1.6187E-01 2.0840E+02    3.3500E-06    1.3916E-07    1.2009E-01   -9.9674E-02    2.9550E+00    2.1100E-04
1.2758E+01  1.7521E-01 2.0856E+02    3.3402E-06    1.0946E-07    1.1301E-01   -9.6302E-02    2.9892E+00    2.1100E-04
1.2272E+01  1.8942E-01 2.0883E+02    3.3400E-06    8.9823E-08    1.0831E-01   -8.8628E-02    3.0472E+00    2.1100E-04
1.1793E+01  2.0451E-01 2.0923E+02    4.0156E-06    7.4837E-08    1.0784E-01   -1.0107E-01    3.1348E+00    2.1100E-04
1.1320E+01  2.2054E-01 2.0976E+02    4.5642E-06    6.3813E-08    1.0775E-01   -9.7743E-02    3.2553E+00    2.1100E-04
1.0854E+01  2.3751E-01 2.1034E+02    5.2352E-06    5.7289E-08    1.0894E-01   -7.6619E-02    3.3894E+00    2.1100E-04
1.0395E+01  2.5548E-01 2.1121E+02    5.9270E-06    5.3295E-08    1.1045E-01   -2.0514E-02    3.6022E+00    2.1100E-04
9.9415E+00  2.7445E-01 2.1256E+02    7.1675E-06    5.0345E-08    1.1602E-01   -1.1567E-01    3.9541E+00    2.1100E-04
9.4901E+00  2.9447E-01 2.1677E+02    1.2624E-05    4.7792E-08    1.4045E-01   -4.7628E-01    5.2268E+00    2.1100E-04
9.0380E+00  3.1554E-01 2.2111E+02    2.2125E-05    4.5392E-08    1.7900E-01   -8.7686E-01    6.2826E+00    2.1100E-04
8.5854E+00  3.3770E-01 2.2543E+02    3.7817E-05    4.3038E-08    2.3058E-01   -1.2876E+00    7.4842E+00    2.1100E-04
8.1327E+00  3.6096E-01 2.2971E+02    6.3005E-05    4.0710E-08    2.9280E-01   -1.6612E+00    8.8355E+00    2.1100E-04
7.6803E+00  3.8533E-01 2.3392E+02    1.0223E-04    3.8466E-08    3.6036E-01   -1.9491E+00    1.0335E+01    2.1100E-04
7.2288E+00  4.1083E-01 2.3803E+02    1.6141E-04    3.6308E-08    4.3071E-01   -2.1430E+00    1.1977E+01    2.1100E-04
6.7786E+00  4.3747E-01 2.4203E+02    2.4778E-04    3.4235E-08    5.0669E-01   -2.2693E+00    1.3747E+01    2.1100E-04
6.3303E+00  4.6525E-01 2.4588E+02    3.6963E-04    3.2165E-08    5.8385E-01   -2.3166E+00    1.5630E+01    2.1100E-04
5.8844E+00  4.9416E-01 2.4957E+02    5.3579E-04    3.0182E-08    6.4833E-01   -2.3186E+00    1.7602E+01    2.1100E-04
5.4415E+00  5.2422E-01 2.5308E+02    7.5506E-04    2.8228E-08    6.9376E-01   -2.2980E+00    1.9642E+01    2.1100E-04
5.0022E+00  5.5540E-01 2.5640E+02    1.0356E-03    2.6343E-08    7.2649E-01   -2.2786E+00    2.1726E+01    2.1100E-04
4.5671E+00  5.8769E-01 2.5953E+02    1.3847E-03    2.4553E-08    7.5292E-01   -2.2334E+00    2.3835E+01    2.1100E-04
4.1366E+00  6.2108E-01 2.6247E+02    1.8084E-03    2.2858E-08    7.7268E-01   -2.1694E+00    2.5952E+01    2.1100E-04
3.7114E+00  6.5554E-01 2.6524E+02    2.3115E-03    2.1258E-08    7.8296E-01   -2.1016E+00    2.8064E+01    2.1100E-04
3.2918E+00  6.9104E-01 2.6783E+02    2.8977E-03    1.9747E-08    7.8411E-01   -2.0050E+00    3.0161E+01    2.1100E-04
2.8784E+00  7.2754E-01 2.7028E+02    3.5698E-03    1.8324E-08    7.7922E-01   -1.8528E+00    3.2237E+01    2.1100E-04
2.4714E+00  7.6501E-01 2.7258E+02    4.3295E-03    1.7107E-08    7.7125E-01   -1.7051E+00    3.4286E+01    2.1100E-04
2.0712E+00  8.0339E-01 2.7497E+02    5.2567E-03    1.6024E-08    7.6666E-01   -1.6170E+00    3.6512E+01    2.1100E-04
1.6779E+00  8.4264E-01 2.7725E+02    6.1520E-03    1.5037E-08    7.4598E-01   -1.5283E+00    3.8739E+01    2.1100E-04
1.2918E+00  8.8269E-01 2.7944E+02    7.1935E-03    1.4189E-08    7.3075E-01   -1.5250E+00    4.0970E+01    2.1100E-04
9.1320E-01  9.2347E-01 2.8151E+02    8.3022E-03    1.3488E-08    7.1838E-01   -1.5925E+00    4.3172E+01    2.1100E-04
5.4239E-01  9.6493E-01 2.8349E+02    9.4260E-03    1.2948E-08    7.1312E-01   -1.7829E+00    4.5360E+01    2.1100E-04
1.7964E-01  1.0070E+00 2.8538E+02    1.0783E-02    1.2518E-08    7.3304E-01   -2.0352E+00    4.7521E+01    2.1100E-04
0.0000E+00  1.0284E+00 2.8632E+02    1.1463E-02    1.2600E-08    7.9187E+00   -3.5243E+00    4.8632E+01    2.1100E-04
