     ALT          P          T          FH2O           O3           THEAT        TCOOL        PSATCO2        FCO2
7.3692E+01  3.2610E-05 2.2103E+02    4.8322E-06    6.6016E-08    3.6280E+01   -6.5840E+01    6.2615E+00    2.1000E-04
7.2570E+01  3.8505E-05 2.2238E+02    5.0790E-06    8.3035E-08    5.0718E+00   -4.3226E+01    6.6194E+00    2.1000E-04
7.1449E+01  4.5410E-05 2.2379E+02    5.3036E-06    1.0680E-07    2.2906E+00   -2.7710E+01    7.0092E+00    2.1000E-04
7.0331E+01  5.3485E-05 2.2527E+02    5.5051E-06    1.3742E-07    2.1363E+00   -1.7719E+01    7.4354E+00    2.1000E-04
6.9213E+01  6.2916E-05 2.2680E+02    5.6849E-06    1.7421E-07    2.2790E+00   -1.1723E+01    7.8987E+00    2.1000E-04
6.8097E+01  7.3918E-05 2.2838E+02    5.8411E-06    2.1529E-07    2.4659E+00   -8.3703E+00    8.3984E+00    2.1000E-04
6.6983E+01  8.6734E-05 2.3000E+02    5.9818E-06    2.5792E-07    2.6629E+00   -6.6113E+00    8.9330E+00    2.1000E-04
6.5870E+01  1.0164E-04 2.3164E+02    6.1154E-06    3.0203E-07    2.8690E+00   -5.7493E+00    9.5007E+00    2.1000E-04
6.4758E+01  1.1897E-04 2.3329E+02    6.2291E-06    3.4958E-07    3.1039E+00   -5.3748E+00    1.0100E+01    2.1000E-04
6.3648E+01  1.3907E-04 2.3494E+02    6.3281E-06    4.0194E-07    3.3645E+00   -5.2479E+00    1.0728E+01    2.1000E-04
6.2539E+01  1.6236E-04 2.3659E+02    6.4168E-06    4.6056E-07    3.6569E+00   -5.2455E+00    1.1383E+01    2.1000E-04
6.1432E+01  1.8931E-04 2.3824E+02    6.4990E-06    5.2645E-07    3.9834E+00   -5.3071E+00    1.2063E+01    2.1000E-04
6.0327E+01  2.2046E-04 2.3987E+02    6.5753E-06    5.9960E-07    4.3396E+00   -5.4039E+00    1.2768E+01    2.1000E-04
5.9224E+01  2.5641E-04 2.4149E+02    6.6410E-06    6.7995E-07    4.7198E+00   -5.5216E+00    1.3497E+01    2.1000E-04
5.8123E+01  2.9784E-04 2.4309E+02    6.6976E-06    7.6866E-07    5.1218E+00   -5.6557E+00    1.4249E+01    2.1000E-04
5.7024E+01  3.4554E-04 2.4468E+02    6.7490E-06    8.6583E-07    5.5376E+00   -5.8040E+00    1.5025E+01    2.1000E-04
5.5929E+01  4.0037E-04 2.4626E+02    6.7928E-06    9.7241E-07    5.9601E+00   -5.9627E+00    1.5825E+01    2.1000E-04
5.4836E+01  4.6331E-04 2.4783E+02    6.8366E-06    1.0894E-06    6.3814E+00   -6.1295E+00    1.6650E+01    2.1000E-04
5.3746E+01  5.3548E-04 2.4939E+02    6.8702E-06    1.2205E-06    6.7994E+00   -6.2977E+00    1.7500E+01    2.1000E-04
5.2659E+01  6.1811E-04 2.5094E+02    6.9036E-06    1.3642E-06    7.1931E+00   -6.4526E+00    1.8377E+01    2.1000E-04
5.1575E+01  7.1259E-04 2.5248E+02    6.9335E-06    1.5275E-06    7.5677E+00   -6.5956E+00    1.9280E+01    2.1000E-04
5.0495E+01  8.2047E-04 2.5401E+02    6.9551E-06    1.7153E-06    7.9145E+00   -6.7313E+00    2.0211E+01    2.1000E-04
4.9418E+01  9.4350E-04 2.5553E+02    6.9666E-06    1.9258E-06    8.1994E+00   -6.8597E+00    2.1169E+01    2.1000E-04
4.8345E+01  1.0836E-03 2.5705E+02    6.9800E-06    2.1566E-06    8.3986E+00   -7.0393E+00    2.2156E+01    2.1000E-04
4.7276E+01  1.2430E-03 2.5858E+02    6.9800E-06    2.4036E-06    8.4827E+00   -7.3030E+00    2.3181E+01    2.1000E-04
4.6211E+01  1.4240E-03 2.6016E+02    6.9792E-06    2.6801E-06    8.4660E+00   -7.6068E+00    2.4276E+01    2.1000E-04
4.5150E+01  1.6292E-03 2.6141E+02    6.9680E-06    2.9796E-06    8.3241E+00   -7.7867E+00    2.5171E+01    2.1000E-04
4.4095E+01  1.8618E-03 2.6200E+02    6.9469E-06    3.2987E-06    8.0547E+00   -7.7495E+00    2.5603E+01    2.1000E-04
4.3050E+01  2.1248E-03 2.6183E+02    6.9120E-06    3.6470E-06    7.6867E+00   -7.5088E+00    2.5484E+01    2.1000E-04
4.2018E+01  2.4220E-03 2.6096E+02    6.8707E-06    3.9881E-06    7.2029E+00   -7.1125E+00    2.4849E+01    2.1000E-04
4.1000E+01  2.7572E-03 2.5948E+02    6.8150E-06    4.3044E-06    6.6442E+00   -6.6209E+00    2.3804E+01    2.1000E-04
3.9999E+01  3.1348E-03 2.5754E+02    6.7549E-06    4.5848E-06    6.0655E+00   -6.0868E+00    2.2482E+01    2.1000E-04
3.9017E+01  3.5597E-03 2.5527E+02    6.6813E-06    4.8165E-06    5.5054E+00   -5.5475E+00    2.1004E+01    2.1000E-04
3.8053E+01  4.0372E-03 2.5279E+02    6.6042E-06    4.9953E-06    4.9907E+00   -5.0343E+00    1.9467E+01    2.1000E-04
3.7109E+01  4.5728E-03 2.5016E+02    6.5187E-06    5.1369E-06    4.5392E+00   -4.5702E+00    1.7936E+01    2.1000E-04
3.6185E+01  5.1730E-03 2.4746E+02    6.4334E-06    5.2465E-06    4.1469E+00   -4.1592E+00    1.6452E+01    2.1000E-04
3.5280E+01  5.8447E-03 2.4472E+02    6.3430E-06    5.3370E-06    3.8050E+00   -3.8053E+00    1.5042E+01    2.1000E-04
3.4395E+01  6.5952E-03 2.4198E+02    6.2444E-06    5.4013E-06    3.4970E+00   -3.4957E+00    1.3726E+01    2.1000E-04
3.3529E+01  7.4327E-03 2.3930E+02    6.1434E-06    5.4444E-06    3.2150E+00   -3.2168E+00    1.2517E+01    2.1000E-04
3.2682E+01  8.3660E-03 2.3670E+02    6.0431E-06    5.4600E-06    2.9507E+00   -2.9575E+00    1.1427E+01    2.1000E-04
3.1853E+01  9.4046E-03 2.3425E+02    5.9522E-06    5.4520E-06    2.7016E+00   -2.7141E+00    1.0460E+01    2.1000E-04
3.1042E+01  1.0559E-02 2.3197E+02    5.8548E-06    5.3990E-06    2.4607E+00   -2.5099E+00    9.6208E+00    2.1000E-04
3.0246E+01  1.1840E-02 2.2991E+02    5.7594E-06    5.3093E-06    2.2317E+00   -2.2677E+00    8.9025E+00    2.1000E-04
2.9467E+01  1.3260E-02 2.2805E+02    5.6559E-06    5.1730E-06    2.0148E+00   -2.0400E+00    8.2925E+00    2.1000E-04
2.8702E+01  1.4831E-02 2.2640E+02    5.5641E-06    4.9962E-06    1.8138E+00   -1.8303E+00    7.7749E+00    2.1000E-04
2.7951E+01  1.6567E-02 2.2492E+02    5.4740E-06    4.7796E-06    1.6308E+00   -1.6404E+00    7.3335E+00    2.1000E-04
2.7214E+01  1.8484E-02 2.2359E+02    5.3856E-06    4.5465E-06    1.4699E+00   -1.4716E+00    6.9529E+00    2.1000E-04
2.6489E+01  2.0596E-02 2.2239E+02    5.2986E-06    4.2850E-06    1.3273E+00   -1.3239E+00    6.6198E+00    2.1000E-04
2.5777E+01  2.2921E-02 2.2127E+02    5.2131E-06    4.0103E-06    1.2030E+00   -1.1963E+00    6.3230E+00    2.1000E-04
2.5077E+01  2.5475E-02 2.2022E+02    5.1290E-06    3.7292E-06    1.0944E+00   -1.0861E+00    6.0540E+00    2.1000E-04
2.4388E+01  2.8279E-02 2.1923E+02    5.0464E-06    3.4464E-06    9.9815E-01   -9.8963E-01    5.8065E+00    2.1000E-04
2.3711E+01  3.1353E-02 2.1828E+02    4.9652E-06    3.1628E-06    9.1059E-01   -9.0309E-01    5.5765E+00    2.1000E-04
2.3045E+01  3.4716E-02 2.1736E+02    4.8852E-06    2.8860E-06    8.2982E-01   -8.2335E-01    5.3615E+00    2.1000E-04
2.2391E+01  3.8391E-02 2.1647E+02    4.8067E-06    2.6170E-06    7.5384E-01   -7.4879E-01    5.1503E+00    2.1000E-04
2.1747E+01  4.2403E-02 2.1563E+02    4.7295E-06    2.3582E-06    6.8170E-01   -6.7882E-01    4.8684E+00    2.1000E-04
2.1114E+01  4.6774E-02 2.1482E+02    4.6534E-06    2.1060E-06    6.1248E-01   -6.1358E-01    4.6135E+00    2.1000E-04
2.0491E+01  5.1531E-02 2.1407E+02    4.5787E-06    1.8742E-06    5.4808E-01   -5.5128E-01    4.3856E+00    2.1000E-04
1.9879E+01  5.6701E-02 2.1338E+02    4.5052E-06    1.6541E-06    4.8750E-01   -4.9213E-01    4.1843E+00    2.1000E-04
1.9276E+01  6.2310E-02 2.1276E+02    4.4425E-06    1.4386E-06    4.3025E-01   -4.3751E-01    4.0086E+00    2.1000E-04
1.8684E+01  6.8388E-02 2.1219E+02    4.3819E-06    1.2387E-06    3.7835E-01   -3.8558E-01    3.8570E+00    2.1000E-04
1.8101E+01  7.4964E-02 2.1170E+02    4.3180E-06    1.0617E-06    3.3293E-01   -3.3535E-01    3.7269E+00    2.1000E-04
1.7528E+01  8.2069E-02 2.1126E+02    4.2676E-06    8.9313E-07    2.9224E-01   -2.9192E-01    3.6153E+00    2.1000E-04
1.6963E+01  8.9735E-02 2.1088E+02    4.2169E-06    7.4429E-07    2.5733E-01   -2.5457E-01    3.5195E+00    2.1000E-04
1.6408E+01  9.7992E-02 2.1054E+02    4.1725E-06    6.1041E-07    2.2735E-01   -2.2579E-01    3.4370E+00    2.1000E-04
1.5861E+01  1.0688E-01 2.1024E+02    4.1366E-06    4.9323E-07    2.0085E-01   -1.7816E-01    3.3651E+00    2.1000E-04
1.5324E+01  1.1642E-01 2.0997E+02    4.1044E-06    3.9308E-07    1.7847E-01   -1.5968E-01    3.3033E+00    2.1000E-04
1.4795E+01  1.2665E-01 2.0976E+02    4.0817E-06    3.1008E-07    1.6011E-01   -1.4757E-01    3.2534E+00    2.1000E-04
1.4274E+01  1.3761E-01 2.0961E+02    4.0609E-06    2.4169E-07    1.4501E-01   -1.4045E-01    3.2191E+00    2.1000E-04
1.3762E+01  1.4933E-01 2.0954E+02    4.0404E-06    1.8506E-07    1.3254E-01   -1.3731E-01    3.2050E+00    2.1000E-04
1.3257E+01  1.6184E-01 2.0959E+02    4.0301E-06    1.3952E-07    1.2255E-01   -1.3595E-01    3.2152E+00    2.1000E-04
1.2761E+01  1.7518E-01 2.0975E+02    4.0202E-06    1.0954E-07    1.1540E-01   -1.3080E-01    3.2527E+00    2.1000E-04
1.2272E+01  1.8938E-01 2.1004E+02    4.0104E-06    8.9572E-08    1.1035E-01   -1.2189E-01    3.3181E+00    2.1000E-04
1.1790E+01  2.0448E-01 2.1042E+02    4.1939E-06    7.4506E-08    1.0746E-01   -1.1687E-01    3.4099E+00    2.1000E-04
1.1315E+01  2.2050E-01 2.1090E+02    4.8392E-06    6.3541E-08    1.0762E-01   -1.1788E-01    3.5248E+00    2.1000E-04
1.0847E+01  2.3747E-01 2.1142E+02    5.6763E-06    5.7064E-08    1.0944E-01   -9.1766E-02    3.6559E+00    2.1000E-04
1.0385E+01  2.5543E-01 2.1196E+02    6.5741E-06    5.3103E-08    1.1196E-01   -5.3397E-02    3.7944E+00    2.1000E-04
9.9303E+00  2.7440E-01 2.1334E+02    7.9689E-06    5.0162E-08    1.1751E-01   -1.1207E-01    4.1717E+00    2.1000E-04
9.4785E+00  2.9441E-01 2.1647E+02    1.2153E-05    4.7615E-08    1.3556E-01   -3.7162E-01    5.1509E+00    2.1000E-04
9.0270E+00  3.1548E-01 2.2082E+02    2.1319E-05    4.5222E-08    1.7189E-01   -7.8227E-01    6.2057E+00    2.1000E-04
8.5751E+00  3.3764E-01 2.2513E+02    3.6476E-05    4.2909E-08    2.2226E-01   -1.2042E+00    7.3955E+00    2.1000E-04
8.1232E+00  3.6089E-01 2.2941E+02    6.0835E-05    4.0651E-08    2.8391E-01   -1.5938E+00    8.7341E+00    2.1000E-04
7.6715E+00  3.8526E-01 2.3361E+02    9.8826E-05    3.8413E-08    3.5155E-01   -1.8993E+00    1.0221E+01    2.1000E-04
7.2207E+00  4.1075E-01 2.3773E+02    1.5624E-04    3.6261E-08    4.2222E-01   -2.1074E+00    1.1850E+01    2.1000E-04
6.7711E+00  4.3739E-01 2.4173E+02    2.4020E-04    3.4194E-08    4.9836E-01   -2.2444E+00    1.3609E+01    2.1000E-04
6.3234E+00  4.6516E-01 2.4559E+02    3.5891E-04    3.2214E-08    5.7617E-01   -2.3000E+00    1.5481E+01    2.1000E-04
5.8782E+00  4.9407E-01 2.4929E+02    5.2116E-04    3.0249E-08    6.4204E-01   -2.3060E+00    1.7445E+01    2.1000E-04
5.4359E+00  5.2412E-01 2.5281E+02    7.3575E-04    2.8298E-08    6.8888E-01   -2.2885E+00    1.9478E+01    2.1000E-04
4.9971E+00  5.5529E-01 2.5614E+02    1.0109E-03    2.6417E-08    7.2244E-01   -2.2708E+00    2.1557E+01    2.1000E-04
4.5625E+00  5.8758E-01 2.5928E+02    1.3540E-03    2.4631E-08    7.4945E-01   -2.2288E+00    2.3662E+01    2.1000E-04
4.1326E+00  6.2096E-01 2.6223E+02    1.7711E-03    2.2939E-08    7.6992E-01   -2.1662E+00    2.5777E+01    2.1000E-04
3.7078E+00  6.5541E-01 2.6501E+02    2.2672E-03    2.1342E-08    7.8103E-01   -2.1001E+00    2.7888E+01    2.1000E-04
3.2887E+00  6.9090E-01 2.6762E+02    2.8461E-03    1.9834E-08    7.8288E-01   -2.0073E+00    2.9985E+01    2.1000E-04
2.8757E+00  7.2740E-01 2.7008E+02    3.5105E-03    1.8489E-08    7.7850E-01   -1.8604E+00    3.2061E+01    2.1000E-04
2.4691E+00  7.6486E-01 2.7239E+02    4.2622E-03    1.7241E-08    7.7093E-01   -1.7111E+00    3.4111E+01    2.1000E-04
2.0693E+00  8.0323E-01 2.7476E+02    5.1766E-03    1.6118E-08    7.6649E-01   -1.6177E+00    3.6313E+01    2.1000E-04
1.6764E+00  8.4247E-01 2.7705E+02    6.0751E-03    1.5133E-08    7.4711E-01   -1.5303E+00    3.8539E+01    2.1000E-04
1.2906E+00  8.8251E-01 2.7924E+02    7.0920E-03    1.4286E-08    7.3086E-01   -1.5201E+00    4.0769E+01    2.1000E-04
9.1238E-01  9.2328E-01 2.8132E+02    8.2046E-03    1.3655E-08    7.1924E-01   -1.5864E+00    4.2970E+01    2.1000E-04
5.4191E-01  9.6473E-01 2.8331E+02    9.2968E-03    1.3104E-08    7.1252E-01   -1.7689E+00    4.5153E+01    2.1000E-04
1.7948E-01  1.0068E+00 2.8520E+02    1.0659E-02    1.2604E-08    7.3324E-01   -2.0240E+00    4.7315E+01    2.1000E-04
0.0000E+00  1.0281E+00 2.8615E+02    1.1341E-02    1.2700E-08    7.9251E+00   -3.5382E+00    4.8425E+01    2.1000E-04
