     ALT          P          T          FH2O           O3           THEAT        TCOOL        PSATCO2        FCO2
7.3561E+01  3.2610E-05 2.2202E+02    3.6132E-06    7.3208E-08    3.6392E+01   -6.6920E+01    6.5216E+00    2.1200E-04
7.2432E+01  3.8506E-05 2.2338E+02    3.8080E-06    9.1492E-08    5.0406E+00   -4.3361E+01    6.8932E+00    2.1200E-04
7.1306E+01  4.5411E-05 2.2480E+02    3.9773E-06    1.1640E-07    2.3125E+00   -2.7322E+01    7.2974E+00    2.1200E-04
7.0181E+01  5.3487E-05 2.2628E+02    4.1347E-06    1.4982E-07    2.1828E+00   -1.7068E+01    7.7386E+00    2.1200E-04
6.9058E+01  6.2920E-05 2.2782E+02    4.2760E-06    1.9021E-07    2.3455E+00   -1.0989E+01    8.2178E+00    2.1200E-04
6.7936E+01  7.3923E-05 2.2941E+02    4.3923E-06    2.3480E-07    2.5510E+00   -7.6299E+00    8.7340E+00    2.1200E-04
6.6816E+01  8.6741E-05 2.3103E+02    4.5043E-06    2.8077E-07    2.7654E+00   -5.9089E+00    9.2857E+00    2.1200E-04
6.5697E+01  1.0165E-04 2.3267E+02    4.6030E-06    3.2800E-07    2.9878E+00   -5.0983E+00    9.8710E+00    2.1200E-04
6.4579E+01  1.1898E-04 2.3432E+02    4.6924E-06    3.7873E-07    3.2394E+00   -4.7846E+00    1.0488E+01    2.1200E-04
6.3463E+01  1.3908E-04 2.3598E+02    4.7717E-06    4.3450E-07    3.5175E+00   -4.7231E+00    1.1134E+01    2.1200E-04
6.2348E+01  1.6238E-04 2.3763E+02    4.8407E-06    4.9667E-07    3.8270E+00   -4.7871E+00    1.1807E+01    2.1200E-04
6.1235E+01  1.8934E-04 2.3927E+02    4.8974E-06    5.6504E-07    4.1646E+00   -4.9141E+00    1.2506E+01    2.1200E-04
6.0125E+01  2.2049E-04 2.4090E+02    4.9594E-06    6.4170E-07    4.5352E+00   -5.0835E+00    1.3229E+01    2.1200E-04
5.9016E+01  2.5645E-04 2.4252E+02    5.0038E-06    7.2562E-07    4.9288E+00   -5.2724E+00    1.3975E+01    2.1200E-04
5.7910E+01  2.9790E-04 2.4412E+02    5.0480E-06    8.1866E-07    5.3448E+00   -5.4821E+00    1.4746E+01    2.1200E-04
5.6806E+01  3.4561E-04 2.4571E+02    5.0922E-06    9.1924E-07    5.7673E+00   -5.7062E+00    1.5540E+01    2.1200E-04
5.5705E+01  4.0045E-04 2.4728E+02    5.1262E-06    1.0284E-06    6.1894E+00   -5.9359E+00    1.6359E+01    2.1200E-04
5.4606E+01  4.6342E-04 2.4885E+02    5.1551E-06    1.1501E-06    6.6162E+00   -6.1691E+00    1.7203E+01    2.1200E-04
5.3511E+01  5.3561E-04 2.5041E+02    5.1840E-06    1.2886E-06    7.0465E+00   -6.3982E+00    1.8073E+01    2.1200E-04
5.2419E+01  6.1826E-04 2.5195E+02    5.2000E-06    1.4417E-06    7.4512E+00   -6.6038E+00    1.8971E+01    2.1200E-04
5.1330E+01  7.1278E-04 2.5350E+02    5.2206E-06    1.6055E-06    7.7958E+00   -6.7974E+00    1.9896E+01    2.1200E-04
5.0244E+01  8.2070E-04 2.5503E+02    5.2323E-06    1.7929E-06    8.1053E+00   -6.9766E+00    2.0850E+01    2.1200E-04
4.9162E+01  9.4377E-04 2.5656E+02    5.2400E-06    2.0092E-06    8.3693E+00   -7.1453E+00    2.1833E+01    2.1200E-04
4.8084E+01  1.0839E-03 2.5809E+02    5.2400E-06    2.2403E-06    8.5322E+00   -7.3776E+00    2.2846E+01    2.1200E-04
4.7010E+01  1.2433E-03 2.5967E+02    5.2400E-06    2.4937E-06    8.5933E+00   -7.6731E+00    2.3932E+01    2.1200E-04
4.5939E+01  1.4244E-03 2.6112E+02    5.2216E-06    2.7677E-06    8.5345E+00   -7.9130E+00    2.4967E+01    2.1200E-04
4.4874E+01  1.6298E-03 2.6211E+02    5.2003E-06    3.0760E-06    8.3758E+00   -7.9880E+00    2.5689E+01    2.1200E-04
4.3817E+01  1.8624E-03 2.6243E+02    5.1691E-06    3.4047E-06    8.0918E+00   -7.8546E+00    2.5922E+01    2.1200E-04
4.2770E+01  2.1256E-03 2.6203E+02    5.1346E-06    3.7602E-06    7.7070E+00   -7.5441E+00    2.5624E+01    2.1200E-04
4.1736E+01  2.4228E-03 2.6095E+02    5.0826E-06    4.1090E-06    7.2108E+00   -7.1015E+00    2.4845E+01    2.1200E-04
4.0718E+01  2.7582E-03 2.5932E+02    5.0187E-06    4.4217E-06    6.6359E+00   -6.5796E+00    2.3692E+01    2.1200E-04
3.9717E+01  3.1361E-03 2.5726E+02    4.9487E-06    4.7034E-06    6.0536E+00   -6.0280E+00    2.2292E+01    2.1200E-04
3.8735E+01  3.5612E-03 2.5489E+02    4.8703E-06    4.9241E-06    5.4873E+00   -5.4770E+00    2.0759E+01    2.1200E-04
3.7772E+01  4.0388E-03 2.5231E+02    4.7817E-06    5.1031E-06    4.9781E+00   -4.9576E+00    1.9180E+01    2.1200E-04
3.6829E+01  4.5747E-03 2.4959E+02    4.6876E-06    5.2428E-06    4.5311E+00   -4.4878E+00    1.7615E+01    2.1200E-04
3.5907E+01  5.1753E-03 2.4679E+02    4.5955E-06    5.3533E-06    4.1430E+00   -4.0722E+00    1.6101E+01    2.1200E-04
3.5004E+01  5.8472E-03 2.4394E+02    4.4985E-06    5.4376E-06    3.8007E+00   -3.7120E+00    1.4661E+01    2.1200E-04
3.4121E+01  6.5981E-03 2.4109E+02    4.3973E-06    5.5080E-06    3.4967E+00   -3.3957E+00    1.3314E+01    2.1200E-04
3.3258E+01  7.4361E-03 2.3826E+02    4.2996E-06    5.5635E-06    3.2198E+00   -3.1091E+00    1.2075E+01    2.1200E-04
3.2414E+01  8.3699E-03 2.3552E+02    4.1986E-06    5.5885E-06    2.9579E+00   -2.8399E+00    1.0952E+01    2.1200E-04
3.1589E+01  9.4091E-03 2.3289E+02    4.0999E-06    5.5900E-06    2.7103E+00   -2.5851E+00    9.9510E+00    2.1200E-04
3.0782E+01  1.0564E-02 2.3042E+02    4.0025E-06    5.5446E-06    2.4699E+00   -2.3707E+00    9.0761E+00    2.1200E-04
2.9992E+01  1.1846E-02 2.2815E+02    3.8991E-06    5.4591E-06    2.2404E+00   -2.1160E+00    8.3216E+00    2.1200E-04
2.9218E+01  1.3266E-02 2.2607E+02    3.8067E-06    5.3257E-06    2.0232E+00   -1.8765E+00    7.6751E+00    2.1200E-04
2.8460E+01  1.4838E-02 2.2419E+02    3.7162E-06    5.1450E-06    1.8211E+00   -1.6549E+00    7.1214E+00    2.1200E-04
2.7716E+01  1.6576E-02 2.2248E+02    3.6275E-06    4.9265E-06    1.6374E+00   -1.4539E+00    6.6450E+00    2.1200E-04
2.6987E+01  1.8494E-02 2.2092E+02    3.5405E-06    4.6743E-06    1.4732E+00   -1.2752E+00    6.2317E+00    2.1200E-04
2.6271E+01  2.0607E-02 2.1948E+02    3.4551E-06    4.4035E-06    1.3296E+00   -1.1197E+00    5.8690E+00    2.1200E-04
2.5568E+01  2.2933E-02 2.1815E+02    3.3712E-06    4.1133E-06    1.2035E+00   -9.8639E-01    5.5466E+00    2.1200E-04
2.4877E+01  2.5490E-02 2.1690E+02    3.2974E-06    3.8207E-06    1.0938E+00   -8.7304E-01    5.2568E+00    2.1200E-04
2.4199E+01  2.8296E-02 2.1572E+02    3.2180E-06    3.5230E-06    9.9591E-01   -7.7524E-01    4.8989E+00    2.1200E-04
2.3532E+01  3.1371E-02 2.1460E+02    3.1384E-06    3.2230E-06    9.0655E-01   -6.8950E-01    4.5453E+00    2.1200E-04
2.2877E+01  3.4736E-02 2.1354E+02    3.0687E-06    2.9373E-06    8.2517E-01   -6.1241E-01    4.2305E+00    2.1200E-04
2.2233E+01  3.8414E-02 2.1254E+02    2.9937E-06    2.6572E-06    7.4835E-01   -5.4173E-01    3.9505E+00    2.1200E-04
2.1601E+01  4.2428E-02 2.1160E+02    2.9218E-06    2.3918E-06    6.7601E-01   -4.7635E-01    3.7022E+00    2.1200E-04
2.0979E+01  4.6803E-02 2.1073E+02    2.8600E-06    2.1381E-06    6.0725E-01   -4.1631E-01    3.4833E+00    2.1200E-04
2.0368E+01  5.1563E-02 2.0992E+02    2.7911E-06    1.8957E-06    5.4186E-01   -3.6036E-01    3.2920E+00    2.1200E-04
1.9767E+01  5.6736E-02 2.0919E+02    2.7295E-06    1.6682E-06    4.8078E-01   -3.0807E-01    3.1265E+00    2.1200E-04
1.9176E+01  6.2349E-02 2.0854E+02    2.6707E-06    1.4549E-06    4.2423E-01   -2.5883E-01    2.9849E+00    2.1200E-04
1.8595E+01  6.8432E-02 2.0797E+02    2.6128E-06    1.2529E-06    3.7235E-01   -2.1325E-01    2.8647E+00    2.1200E-04
1.8023E+01  7.5013E-02 2.0747E+02    2.5607E-06    1.0707E-06    3.2643E-01   -1.7100E-01    2.7634E+00    2.1200E-04
1.7461E+01  8.2123E-02 2.0704E+02    2.5159E-06    9.0187E-07    2.8580E-01   -1.3496E-01    2.6783E+00    2.1200E-04
1.6907E+01  8.9794E-02 2.0667E+02    2.4718E-06    7.5121E-07    2.5076E-01   -1.0579E-01    2.6074E+00    2.1200E-04
1.6362E+01  9.8058E-02 2.0636E+02    2.4363E-06    6.1603E-07    2.2070E-01   -8.5688E-02    2.5489E+00    2.1200E-04
1.5826E+01  1.0695E-01 2.0610E+02    2.4043E-06    4.9828E-07    1.9429E-01   -4.1716E-02    2.5005E+00    2.1200E-04
1.5299E+01  1.1650E-01 2.0588E+02    2.3819E-06    3.9791E-07    1.7210E-01   -3.3225E-02    2.4618E+00    2.1200E-04
1.4780E+01  1.2674E-01 2.0573E+02    2.3517E-06    3.1415E-07    1.5376E-01   -2.9855E-02    2.4346E+00    2.1200E-04
1.4268E+01  1.3770E-01 2.0566E+02    2.3404E-06    2.4532E-07    1.3877E-01   -3.1602E-02    2.4226E+00    2.1200E-04
1.3765E+01  1.4943E-01 2.0569E+02    2.3207E-06    1.8778E-07    1.2626E-01   -3.5716E-02    2.4281E+00    2.1200E-04
1.3269E+01  1.6196E-01 2.0585E+02    2.3105E-06    1.4189E-07    1.1632E-01   -3.9827E-02    2.4555E+00    2.1200E-04
1.2781E+01  1.7531E-01 2.0612E+02    2.3007E-06    1.1196E-07    1.0951E-01   -3.9242E-02    2.5046E+00    2.1200E-04
1.2300E+01  1.8952E-01 2.0652E+02    2.7442E-06    9.1612E-08    1.0710E-01   -5.1361E-02    2.5791E+00    2.1200E-04
1.1825E+01  2.0463E-01 2.0704E+02    3.0927E-06    7.6381E-08    1.0539E-01   -4.2894E-02    2.6780E+00    2.1200E-04
1.1358E+01  2.2066E-01 2.0759E+02    3.5270E-06    6.5091E-08    1.0490E-01   -2.7228E-02    2.7865E+00    2.1200E-04
1.0896E+01  2.3765E-01 2.0863E+02    4.1115E-06    5.8118E-08    1.0601E-01   -1.9426E-02    3.0041E+00    2.1200E-04
1.0439E+01  2.5562E-01 2.1031E+02    5.2342E-06    5.3820E-08    1.1099E-01   -8.2523E-02    3.3836E+00    2.1200E-04
9.9852E+00  2.7461E-01 2.1348E+02    8.1137E-06    5.0695E-08    1.2573E-01   -3.1502E-01    4.2118E+00    2.1200E-04
9.5313E+00  2.9464E-01 2.1786E+02    1.4540E-05    4.8050E-08    1.5595E-01   -6.9250E-01    5.4787E+00    2.1200E-04
9.0766E+00  3.1573E-01 2.2223E+02    2.5407E-05    4.5592E-08    1.9889E-01   -1.0902E+00    6.5773E+00    2.1200E-04
8.6214E+00  3.3790E-01 2.2656E+02    4.3274E-05    4.3184E-08    2.5377E-01   -1.4795E+00    7.8246E+00    2.1200E-04
8.1662E+00  3.6117E-01 2.3084E+02    7.1796E-05    4.0892E-08    3.1786E-01   -1.8195E+00    9.2229E+00    2.1200E-04
7.7113E+00  3.8556E-01 2.3505E+02    1.1594E-04    3.8543E-08    3.8574E-01   -2.0691E+00    1.0770E+01    2.1200E-04
7.2573E+00  4.1108E-01 2.3916E+02    1.8208E-04    3.6363E-08    4.5654E-01   -2.2346E+00    1.2457E+01    2.1200E-04
6.8048E+00  4.3773E-01 2.4314E+02    2.7787E-04    3.4182E-08    5.3334E-01   -2.3357E+00    1.4270E+01    2.1200E-04
6.3541E+00  4.6553E-01 2.4696E+02    4.1187E-04    3.2089E-08    6.0870E-01   -2.3622E+00    1.6189E+01    2.1200E-04
5.9060E+00  4.9447E-01 2.5061E+02    5.9304E-04    3.0020E-08    6.6843E-01   -2.3531E+00    1.8191E+01    2.1200E-04
5.4610E+00  5.2454E-01 2.5408E+02    8.3009E-04    2.8085E-08    7.0956E-01   -2.3287E+00    2.0254E+01    2.1200E-04
5.0197E+00  5.5574E-01 2.5735E+02    1.1310E-03    2.6180E-08    7.3993E-01   -2.3026E+00    2.2354E+01    2.1200E-04
4.5827E+00  5.8806E-01 2.6043E+02    1.5027E-03    2.4326E-08    7.6455E-01   -2.2473E+00    2.4474E+01    2.1200E-04
4.1505E+00  6.2147E-01 2.6333E+02    1.9509E-03    2.2620E-08    7.8181E-01   -2.1797E+00    2.6597E+01    2.1200E-04
3.7236E+00  6.5595E-01 2.6605E+02    2.4801E-03    2.1011E-08    7.8922E-01   -2.1056E+00    2.8711E+01    2.1200E-04
3.3025E+00  6.9148E-01 2.6861E+02    3.0938E-03    1.9489E-08    7.8806E-01   -1.9947E+00    3.0809E+01    2.1200E-04
2.8876E+00  7.2801E-01 2.7102E+02    3.7945E-03    1.8059E-08    7.8171E-01   -1.8324E+00    3.2883E+01    2.1200E-04
2.4792E+00  7.6550E-01 2.7330E+02    4.5999E-03    1.6832E-08    7.7377E-01   -1.6895E+00    3.4948E+01    2.1200E-04
2.0777E+00  8.0391E-01 2.7568E+02    5.5311E-03    1.5743E-08    7.6379E-01   -1.5987E+00    3.7199E+01    2.1200E-04
1.6831E+00  8.4318E-01 2.7794E+02    6.4164E-03    1.4764E-08    7.3945E-01   -1.5158E+00    3.9432E+01    2.1200E-04
1.2957E+00  8.8326E-01 2.8010E+02    7.5404E-03    1.3990E-08    7.2819E-01   -1.5394E+00    4.1665E+01    2.1200E-04
9.1594E-01  9.2408E-01 2.8215E+02    8.6370E-03    1.3293E-08    7.1416E-01   -1.6129E+00    4.3871E+01    2.1200E-04
5.4400E-01  9.6556E-01 2.8412E+02    9.8672E-03    1.2750E-08    7.1404E-01   -1.8300E+00    4.6069E+01    2.1200E-04
1.8017E-01  1.0076E+00 2.8599E+02    1.1209E-02    1.2319E-08    7.3169E-01   -2.0737E+00    4.8232E+01    2.1200E-04
0.0000E+00  1.0290E+00 2.8692E+02    1.1883E-02    1.2400E-08    7.8943E+00   -3.4769E+00    4.9346E+01    2.1200E-04
