     ALT          P          T          FH2O           O3           THEAT        TCOOL        PSATCO2        FCO2
7.3716E+01  3.2610E-05 2.2161E+02    4.1897E-06    6.9450E-08    3.6334E+01   -6.6468E+01    6.4130E+00    2.1100E-04
7.2590E+01  3.8506E-05 2.2297E+02    4.4114E-06    8.7085E-08    5.0545E+00   -4.3325E+01    6.7786E+00    2.1100E-04
7.1467E+01  4.5410E-05 2.2438E+02    4.6037E-06    1.1161E-07    2.3006E+00   -2.7527E+01    7.1766E+00    2.1100E-04
7.0344E+01  5.3486E-05 2.2586E+02    4.7790E-06    1.4356E-07    2.1581E+00   -1.7403E+01    7.6116E+00    2.1100E-04
6.9224E+01  6.2918E-05 2.2740E+02    4.9360E-06    1.8157E-07    2.3079E+00   -1.1353E+01    8.0842E+00    2.1100E-04
6.8105E+01  7.3920E-05 2.2898E+02    5.0795E-06    2.2432E-07    2.5037E+00   -7.9981E+00    8.5937E+00    2.1100E-04
6.6987E+01  8.6737E-05 2.3060E+02    5.2036E-06    2.6905E-07    2.7114E+00   -6.2528E+00    9.1385E+00    2.1100E-04
6.5871E+01  1.0165E-04 2.3224E+02    5.3118E-06    3.1459E-07    2.9250E+00   -5.4163E+00    9.7168E+00    2.1100E-04
6.4756E+01  1.1897E-04 2.3389E+02    5.4111E-06    3.6359E-07    3.1674E+00   -5.0742E+00    1.0326E+01    2.1100E-04
6.3642E+01  1.3907E-04 2.3555E+02    5.5001E-06    4.1746E-07    3.4358E+00   -4.9825E+00    1.0965E+01    2.1100E-04
6.2530E+01  1.6236E-04 2.3720E+02    5.5844E-06    4.7768E-07    3.7359E+00   -5.0189E+00    1.1632E+01    2.1100E-04
6.1420E+01  1.8932E-04 2.3885E+02    5.6510E-06    5.4453E-07    4.0666E+00   -5.1143E+00    1.2323E+01    2.1100E-04
6.0311E+01  2.2047E-04 2.4048E+02    5.7175E-06    6.1914E-07    4.4289E+00   -5.2482E+00    1.3040E+01    2.1100E-04
5.9205E+01  2.5642E-04 2.4210E+02    5.7739E-06    7.0200E-07    4.8191E+00   -5.4041E+00    1.3780E+01    2.1100E-04
5.8101E+01  2.9786E-04 2.4370E+02    5.8268E-06    7.9236E-07    5.2265E+00   -5.5779E+00    1.4543E+01    2.1100E-04
5.7000E+01  3.4556E-04 2.4529E+02    5.8709E-06    8.9124E-07    5.6450E+00   -5.7636E+00    1.5331E+01    2.1100E-04
5.5901E+01  4.0040E-04 2.4687E+02    5.9148E-06    9.9740E-07    6.0606E+00   -5.9590E+00    1.6143E+01    2.1100E-04
5.4805E+01  4.6335E-04 2.4844E+02    5.9487E-06    1.1167E-06    6.4832E+00   -6.1580E+00    1.6980E+01    2.1100E-04
5.3712E+01  5.3553E-04 2.5000E+02    5.9812E-06    1.2483E-06    6.8976E+00   -6.3574E+00    1.7843E+01    2.1100E-04
5.2622E+01  6.1817E-04 2.5155E+02    6.0030E-06    1.4008E-06    7.3150E+00   -6.5340E+00    1.8733E+01    2.1100E-04
5.1535E+01  7.1266E-04 2.5309E+02    6.0248E-06    1.5676E-06    7.6883E+00   -6.7019E+00    1.9651E+01    2.1100E-04
5.0452E+01  8.2056E-04 2.5463E+02    6.0400E-06    1.7537E-06    8.0099E+00   -6.8567E+00    2.0596E+01    2.1100E-04
4.9372E+01  9.4361E-04 2.5616E+02    6.0500E-06    1.9599E-06    8.2637E+00   -7.0006E+00    2.1570E+01    2.1100E-04
4.8296E+01  1.0837E-03 2.5768E+02    6.0600E-06    2.1951E-06    8.4570E+00   -7.2050E+00    2.2573E+01    2.1100E-04
4.7224E+01  1.2431E-03 2.5923E+02    6.0600E-06    2.4419E-06    8.5231E+00   -7.4791E+00    2.3630E+01    2.1100E-04
4.6156E+01  1.4241E-03 2.6076E+02    6.0500E-06    2.7127E-06    8.4779E+00   -7.7492E+00    2.4704E+01    2.1100E-04
4.5093E+01  1.6294E-03 2.6190E+02    6.0363E-06    3.0140E-06    8.3291E+00   -7.8795E+00    2.5529E+01    2.1100E-04
4.4036E+01  1.8620E-03 2.6237E+02    6.0104E-06    3.3457E-06    8.0698E+00   -7.7999E+00    2.5879E+01    2.1100E-04
4.2990E+01  2.1251E-03 2.6211E+02    5.9743E-06    3.6863E-06    7.6800E+00   -7.5239E+00    2.5687E+01    2.1100E-04
4.1956E+01  2.4223E-03 2.6116E+02    5.9272E-06    4.0279E-06    7.1901E+00   -7.1069E+00    2.4996E+01    2.1100E-04
4.0937E+01  2.7576E-03 2.5964E+02    5.8697E-06    4.3410E-06    6.6267E+00   -6.6034E+00    2.3912E+01    2.1100E-04
3.9935E+01  3.1353E-03 2.5766E+02    5.8028E-06    4.6181E-06    6.0464E+00   -6.0626E+00    2.2563E+01    2.1100E-04
3.8952E+01  3.5603E-03 2.5537E+02    5.7341E-06    4.8409E-06    5.4836E+00   -5.5200E+00    2.1068E+01    2.1100E-04
3.7988E+01  4.0378E-03 2.5287E+02    5.6512E-06    5.0159E-06    4.9711E+00   -5.0054E+00    1.9519E+01    2.1100E-04
3.7043E+01  4.5735E-03 2.5024E+02    5.5667E-06    5.1478E-06    4.5189E+00   -4.5408E+00    1.7980E+01    2.1100E-04
3.6118E+01  5.1739E-03 2.4753E+02    5.4743E-06    5.2556E-06    4.1296E+00   -4.1305E+00    1.6489E+01    2.1100E-04
3.5213E+01  5.8456E-03 2.4478E+02    5.3825E-06    5.3349E-06    3.7860E+00   -3.7765E+00    1.5072E+01    2.1100E-04
3.4328E+01  6.5963E-03 2.4203E+02    5.2853E-06    5.3968E-06    3.4802E+00   -3.4675E+00    1.3749E+01    2.1100E-04
3.3461E+01  7.4340E-03 2.3933E+02    5.1823E-06    5.4425E-06    3.2018E+00   -3.1887E+00    1.2532E+01    2.1100E-04
3.2614E+01  8.3675E-03 2.3672E+02    5.0807E-06    5.4600E-06    2.9396E+00   -2.9285E+00    1.1432E+01    2.1100E-04
3.1785E+01  9.4063E-03 2.3423E+02    4.9813E-06    5.4404E-06    2.6882E+00   -2.6825E+00    1.0455E+01    2.1100E-04
3.0973E+01  1.0561E-02 2.3192E+02    4.8838E-06    5.3859E-06    2.4480E+00   -2.4782E+00    9.6032E+00    2.1100E-04
3.0178E+01  1.1842E-02 2.2982E+02    4.7885E-06    5.2947E-06    2.2197E+00   -2.2347E+00    8.8726E+00    2.1100E-04
2.9398E+01  1.3262E-02 2.2792E+02    4.6950E-06    5.1550E-06    2.0033E+00   -2.0060E+00    8.2499E+00    2.1100E-04
2.8634E+01  1.4834E-02 2.2622E+02    4.6033E-06    4.9837E-06    1.8047E+00   -1.7951E+00    7.7194E+00    2.1100E-04
2.7884E+01  1.6570E-02 2.2469E+02    4.5134E-06    4.7732E-06    1.6236E+00   -1.6034E+00    7.2648E+00    2.1100E-04
2.7147E+01  1.8487E-02 2.2330E+02    4.4250E-06    4.5373E-06    1.4626E+00   -1.4323E+00    6.8707E+00    2.1100E-04
2.6423E+01  2.0600E-02 2.2203E+02    4.3383E-06    4.2772E-06    1.3208E+00   -1.2824E+00    6.5237E+00    2.1100E-04
2.5712E+01  2.2925E-02 2.2084E+02    4.2530E-06    4.0064E-06    1.1974E+00   -1.1523E+00    6.2129E+00    2.1100E-04
2.5013E+01  2.5481E-02 2.1973E+02    4.1692E-06    3.7263E-06    1.0892E+00   -1.0396E+00    5.9300E+00    2.1100E-04
2.4326E+01  2.8286E-02 2.1866E+02    4.0869E-06    3.4436E-06    9.9303E-01   -9.4043E-01    5.6689E+00    2.1100E-04
2.3650E+01  3.1359E-02 2.1763E+02    4.0059E-06    3.1597E-06    9.0551E-01   -8.5144E-01    5.4258E+00    2.1100E-04
2.2986E+01  3.4723E-02 2.1664E+02    3.9263E-06    2.8864E-06    8.2534E-01   -7.6919E-01    5.1985E+00    2.1100E-04
2.2334E+01  3.8400E-02 2.1568E+02    3.8482E-06    2.6178E-06    7.4954E-01   -6.9237E-01    4.8871E+00    2.1100E-04
2.1692E+01  4.2412E-02 2.1476E+02    3.7727E-06    2.3601E-06    6.7762E-01   -6.2021E-01    4.5948E+00    2.1100E-04
2.1061E+01  4.6785E-02 2.1389E+02    3.7057E-06    2.1112E-06    6.0898E-01   -5.5301E-01    4.3308E+00    2.1100E-04
2.0441E+01  5.1543E-02 2.1306E+02    3.6314E-06    1.8760E-06    5.4414E-01   -4.8927E-01    4.0945E+00    2.1100E-04
1.9832E+01  5.6714E-02 2.1230E+02    3.5670E-06    1.6544E-06    4.8343E-01   -4.2913E-01    3.8855E+00    2.1100E-04
1.9233E+01  6.2325E-02 2.1160E+02    3.4972E-06    1.4401E-06    4.2642E-01   -3.7262E-01    3.7023E+00    2.1100E-04
1.8643E+01  6.8404E-02 2.1097E+02    3.4384E-06    1.2410E-06    3.7467E-01   -3.1970E-01    3.5432E+00    2.1100E-04
1.8064E+01  7.4982E-02 2.1041E+02    3.3844E-06    1.0596E-06    3.2881E-01   -2.7041E-01    3.4055E+00    2.1100E-04
1.7493E+01  8.2089E-02 2.0990E+02    3.3336E-06    8.9454E-07    2.8862E-01   -2.2638E-01    3.2865E+00    2.1100E-04
1.6933E+01  8.9757E-02 2.0945E+02    3.2841E-06    7.4517E-07    2.5374E-01   -1.8984E-01    3.1834E+00    2.1100E-04
1.6381E+01  9.8017E-02 2.0905E+02    3.2475E-06    6.1099E-07    2.2379E-01   -1.6287E-01    3.0941E+00    2.1100E-04
1.5838E+01  1.0690E-01 2.0869E+02    3.2151E-06    4.9346E-07    1.9736E-01   -1.1554E-01    3.0165E+00    2.1100E-04
1.5305E+01  1.1645E-01 2.0838E+02    3.1831E-06    3.9361E-07    1.7505E-01   -9.9982E-02    2.9501E+00    2.1100E-04
1.4779E+01  1.2668E-01 2.0813E+02    3.1516E-06    3.0987E-07    1.5661E-01   -9.0884E-02    2.8969E+00    2.1100E-04
1.4263E+01  1.3764E-01 2.0795E+02    3.1402E-06    2.4233E-07    1.4171E-01   -8.6680E-02    2.8602E+00    2.1100E-04
1.3754E+01  1.4937E-01 2.0787E+02    3.1202E-06    1.8538E-07    1.2924E-01   -8.6122E-02    2.8439E+00    2.1100E-04
1.3254E+01  1.6188E-01 2.0791E+02    3.1101E-06    1.3933E-07    1.1922E-01   -8.7036E-02    2.8517E+00    2.1100E-04
1.2761E+01  1.7523E-01 2.0809E+02    3.1002E-06    1.0964E-07    1.1215E-01   -8.5103E-02    2.8903E+00    2.1100E-04
1.2275E+01  1.8943E-01 2.0837E+02    3.1095E-06    9.0085E-08    1.0752E-01   -7.6643E-02    2.9482E+00    2.1100E-04
1.1797E+01  2.0453E-01 2.0879E+02    3.7892E-06    7.5099E-08    1.0711E-01   -8.7384E-02    3.0389E+00    2.1100E-04
1.1326E+01  2.2056E-01 2.0928E+02    4.4890E-06    6.4056E-08    1.0692E-01   -8.1869E-02    3.1451E+00    2.1100E-04
1.0861E+01  2.3754E-01 2.0995E+02    4.9497E-06    5.7485E-08    1.0818E-01   -6.2679E-02    3.2993E+00    2.1100E-04
1.0402E+01  2.5550E-01 2.1095E+02    5.7178E-06    5.3390E-08    1.1022E-01   -2.4531E-02    3.5375E+00    2.1100E-04
9.9489E+00  2.7448E-01 2.1259E+02    7.1986E-06    5.0396E-08    1.1716E-01   -1.4495E-01    3.9630E+00    2.1100E-04
9.4972E+00  2.9450E-01 2.1696E+02    1.2936E-05    4.7836E-08    1.4324E-01   -5.2105E-01    5.2696E+00    2.1100E-04
9.0446E+00  3.1557E-01 2.2131E+02    2.2661E-05    4.5432E-08    1.8274E-01   -9.2068E-01    6.3327E+00    2.1100E-04
8.5915E+00  3.3773E-01 2.2563E+02    3.8708E-05    4.3076E-08    2.3496E-01   -1.3270E+00    7.5420E+00    2.1100E-04
8.1384E+00  3.6100E-01 2.2991E+02    6.4443E-05    4.0744E-08    2.9754E-01   -1.6934E+00    8.9012E+00    2.1100E-04
7.6856E+00  3.8537E-01 2.3411E+02    1.0448E-04    3.8497E-08    3.6512E-01   -1.9733E+00    1.0409E+01    2.1100E-04
7.2337E+00  4.1088E-01 2.3823E+02    1.6481E-04    3.6332E-08    4.3545E-01   -2.1610E+00    1.2058E+01    2.1100E-04
6.7831E+00  4.3752E-01 2.4222E+02    2.5275E-04    3.4165E-08    5.1149E-01   -2.2822E+00    1.3837E+01    2.1100E-04
6.3344E+00  4.6530E-01 2.4607E+02    3.7664E-04    3.2170E-08    5.8836E-01   -2.3253E+00    1.5725E+01    2.1100E-04
5.8881E+00  4.9422E-01 2.4975E+02    5.4533E-04    3.0127E-08    6.5201E-01   -2.3256E+00    1.7703E+01    2.1100E-04
5.4448E+00  5.2428E-01 2.5325E+02    7.6761E-04    2.8207E-08    6.9664E-01   -2.3033E+00    1.9747E+01    2.1100E-04
5.0052E+00  5.5546E-01 2.5656E+02    1.0517E-03    2.6358E-08    7.2891E-01   -2.2830E+00    2.1834E+01    2.1100E-04
4.5697E+00  5.8776E-01 2.5968E+02    1.4046E-03    2.4528E-08    7.5502E-01   -2.2361E+00    2.3945E+01    2.1100E-04
4.1390E+00  6.2115E-01 2.6262E+02    1.8326E-03    2.2769E-08    7.7435E-01   -2.1714E+00    2.6063E+01    2.1100E-04
3.7135E+00  6.5561E-01 2.6538E+02    2.3402E-03    2.1167E-08    7.8414E-01   -2.1028E+00    2.8176E+01    2.1100E-04
3.2936E+00  6.9112E-01 2.6797E+02    2.9313E-03    1.9654E-08    7.8488E-01   -2.0041E+00    3.0274E+01    2.1100E-04
2.8799E+00  7.2763E-01 2.7041E+02    3.6084E-03    1.8305E-08    7.7970E-01   -1.8499E+00    3.2350E+01    2.1100E-04
2.4728E+00  7.6510E-01 2.7270E+02    4.3733E-03    1.7054E-08    7.7143E-01   -1.7011E+00    3.4398E+01    2.1100E-04
2.0723E+00  8.0348E-01 2.7508E+02    5.3021E-03    1.5927E-08    7.6604E-01   -1.6127E+00    3.6625E+01    2.1100E-04
1.6788E+00  8.4273E-01 2.7736E+02    6.1959E-03    1.4939E-08    7.4478E-01   -1.5255E+00    3.8853E+01    2.1100E-04
1.2925E+00  8.8279E-01 2.7955E+02    7.2516E-03    1.4091E-08    7.3028E-01   -1.5272E+00    4.1086E+01    2.1100E-04
9.1366E-01  9.2358E-01 2.8162E+02    8.3584E-03    1.3457E-08    7.1764E-01   -1.5958E+00    4.3289E+01    2.1100E-04
5.4267E-01  9.6504E-01 2.8360E+02    9.5008E-03    1.2905E-08    7.1329E-01   -1.7910E+00    4.5479E+01    2.1100E-04
1.7973E-01  1.0071E+00 2.8548E+02    1.0856E-02    1.2405E-08    7.3280E-01   -2.0419E+00    4.7641E+01    2.1100E-04
0.0000E+00  1.0285E+00 2.8643E+02    1.1535E-02    1.2500E-08    7.9147E+00   -3.5165E+00    4.8753E+01    2.1100E-04
