   221.245619903040        0.461654392406124E-05
   222.597940103854        0.485059661765752E-05
   224.009092067681        0.506950092009224E-05
   225.486010123458        0.526121873959381E-05
   227.021265634319        0.543209574887193E-05
   228.603134688542        0.558581767224195E-05
   230.219471569060        0.571971267374359E-05
   231.858819396204        0.584348159825813E-05
   233.510831162915        0.594808108649205E-05
   235.166624696715        0.604701040418030E-05
   236.819085918945        0.613581445267538E-05
   238.463022057101        0.621449273291018E-05
   240.095118163329        0.628477632265889E-05
   241.713713269535        0.634105335771770E-05
   243.318449945914        0.640478685660310E-05
   244.909866931856        0.644877558979630E-05
   246.489005228527        0.649266166809493E-05
   248.057084335326        0.653643804894706E-05
   249.615280740814        0.657004886794718E-05
   251.164612731127        0.660181306791938E-05
   252.705912225415        0.662351237013364E-05
   254.239851588497        0.664514377249978E-05
   255.766992774407        0.665670434406166E-05
   257.287834764436        0.666819122521991E-05
   258.822894654335        0.667000000000000E-05
   260.382403325770        0.666000000000000E-05
   261.596960966218        0.664782081866867E-05
   262.151743194370        0.662671423746379E-05
   261.960941921522        0.659159680444430E-05
   261.066018267789        0.655026818187733E-05
   259.577923287079        0.649430133607777E-05
   257.633702470410        0.643421892773977E-05
   255.364757257754        0.636029869180736E-05
   252.879621021653        0.628317287222421E-05
   250.257843737275        0.619761244011360E-05
   247.555351352126        0.611203984585344E-05
   244.816303173711        0.601185821720041E-05
   242.082209953190        0.591554130000550E-05
   239.395892742117        0.582156286753359E-05
   236.801485671468        0.571988780213263E-05
   234.342626408641        0.562035628534188E-05
   232.063945072288        0.552287881365544E-05
   229.991668963520        0.542748851551316E-05
   228.130112066002        0.533384165855054E-05
   226.467342147223        0.524208011805621E-05
   224.980888896696        0.515192008623499E-05
   223.642885218134        0.506345305553629E-05
   222.424004735668        0.497642428363603E-05
   221.296724690967        0.489101900198176E-05
   220.237990207554        0.480689206773255E-05
   219.230551812839        0.472427794001440E-05
   218.263246390894        0.464305663129229E-05
   217.330313452809        0.456310800381920E-05
   216.430459618730        0.448457931678002E-05
   215.566884377041        0.440740054539387E-05
   214.745634141817        0.433138750763322E-05
   213.974215339934        0.425670128910588E-05
   213.259805320525        0.419109744567069E-05
   212.606921406076        0.412115944720506E-05
   212.016979365352        0.406174495055226E-05
   211.488082787649        0.400350044253973E-05
   211.015446142468        0.395098842040644E-05
   210.593109747440        0.389987952520518E-05
   210.215878217454        0.385869156425558E-05
   209.876387303918        0.381796128233991E-05
   209.575385295690        0.379253235105233E-05
   209.324342763784        0.376213296664822E-05
   209.143036107658        0.374065576350284E-05
   209.054964403187        0.373010982425479E-05
   209.078881348607        0.371010375034382E-05
   209.232690912268        0.370014887979935E-05
   209.506264877588        0.370000000000000E-05
   209.901158580445        0.388391721670160E-05
   210.397464546415        0.477691734421698E-05
   210.921916116607        0.567168332340294E-05
   211.599497218690        0.625444347393451E-05
   212.810228076908        0.742018600459496E-05
   216.558475346915        0.122857680325433E-04
   220.902175872333        0.215473013899029E-04
   225.220314666797        0.368573939820535E-04
   229.494244791141        0.614544279480277E-04
   233.701908471928        0.998032448684764E-04
   237.818539198988        0.157732590023678E-03
   241.818180408425        0.242400657826919E-03
   245.675917530138        0.362031948900475E-03
   249.370389044819        0.525438535545207E-03
   252.885934806638        0.741426085694472E-03
   256.213806351774        0.101823699671202E-02
   259.352111304732        0.136315176999970E-02
   262.304698993263        0.178228669164936E-02
   265.079556616573        0.228055918228786E-02
   267.687176980069        0.286175338156865E-02
   270.139184282706        0.352861954903042E-02
   272.447322367894        0.428296114902459E-02
   274.815017848711        0.519854532616610E-02
   277.102409302611        0.609632209398614E-02
   279.296594388658        0.712039964838782E-02
   281.375345677223        0.823215172182720E-02
   283.359687954974        0.933356584875988E-02
   285.252374087512        0.106947286956322E-01
   286.199022859628        0.113762143485177E-01
