   221.048296296637        0.482179365461575E-05
   222.399409773317        0.506514382637344E-05
   223.809481778729        0.528928494900269E-05
   225.285223774358        0.548656281861055E-05
   226.819206012020        0.566539254128475E-05
   228.399821295106        0.582089796704652E-05
   230.015011128302        0.596166874869015E-05
   231.653336479817        0.609528632753726E-05
   233.304450454123        0.620897478772281E-05
   234.959477218724        0.630800271125912E-05
   236.611303888269        0.639670683074208E-05
   238.254724972336        0.647896907786602E-05
   239.886399724884        0.655529478901196E-05
   241.504632811525        0.662099722848430E-05
   243.109027635885        0.667503204267452E-05
   244.700081727482        0.672897168166898E-05
   246.278795290113        0.677280882730348E-05
   247.846349644627        0.681653644655010E-05
   249.403887288040        0.685014733034426E-05
   250.952397469318        0.688181392283399E-05
   252.492688175906        0.690697534875859E-05
   254.025412798264        0.692999999999999E-05
   255.551119089674        0.694663368211046E-05
   257.070296510134        0.695809682751050E-05
   258.597364217403        0.696000000000000E-05
   260.172024281275        0.695920465250117E-05
   261.418864760831        0.694798351455090E-05
   262.006916349782        0.692378560305179E-05
   261.842815823025        0.689198588832826E-05
   260.966481084531        0.684601633551097E-05
   259.489490956588        0.679495211484053E-05
   257.550244716707        0.672985598074008E-05
   255.282104378103        0.666123886178376E-05
   252.795261160507        0.658414722719715E-05
   250.171189637675        0.649576813426156E-05
   247.467200092064        0.641334354233349E-05
   244.727314015286        0.631345965847551E-05
   241.992800178603        0.621719717591829E-05
   239.306737154417        0.612327187029830E-05
   236.713737356902        0.602164711959253E-05
   234.257837213842        0.592214844608286E-05
   231.983665439752        0.582472145807874E-05
   229.917203777691        0.572937430325062E-05
   228.062499389691        0.563575456480262E-05
   226.407406150401        0.554403104247238E-05
   224.929588444641        0.545388802943709E-05
   223.601100263732        0.536545016644468E-05
   222.392804575282        0.527842882338409E-05
   221.277240378745        0.518351723135487E-05
   220.231142319242        0.509891162371292E-05
   219.236973401520        0.501628366189817E-05
   218.283313627123        0.493506644000877E-05
   217.364367812467        0.485509696908162E-05
   216.479292311774        0.477653661888932E-05
   215.631476178489        0.469934244708525E-05
   214.827638913174        0.462608611269126E-05
   214.075675759471        0.455855412879212E-05
   213.382722201458        0.448509665373957E-05
   212.754158904075        0.442240295253061E-05
   212.191931578381        0.435313663188442E-05
   211.693430010851        0.429482346525581E-05
   211.253230565870        0.424198363433765E-05
   210.865035780764        0.419684201681460E-05
   210.523118645576        0.415242808072170E-05
   210.219438364337        0.411655253006240E-05
   209.953247486478        0.408430286781103E-05
   209.734593381872        0.405257089967545E-05
   209.581358019468        0.403089848299874E-05
   209.515093475597        0.402020574177592E-05
   209.555455630436        0.400024340942968E-05
   209.714143477330        0.400000000000000E-05
   209.991252932817        0.399041278987047E-05
   210.376228429032        0.417408239554653E-05
   210.850215472961        0.508200495625488E-05
   211.378718550470        0.575269548910197E-05
   211.920241640811        0.654110574387711E-05
   213.305725782988        0.793438093321958E-05
   216.476000774560        0.121547168213912E-04
   220.818261201513        0.213225536918782E-04
   225.135104052044        0.364818509830374E-04
   229.408007031432        0.608441174568240E-04
   233.615074779740        0.988408960048208E-04
   237.731715835272        0.156264135284211E-03
   241.732110463557        0.240237162844482E-03
   245.591380801847        0.358957624855728E-03
   249.288068742217        0.521222243154850E-03
   252.806328453736        0.735833152709935E-03
   256.137252300830        0.101104353544286E-02
   259.278781122810        0.135415271950079E-02
   262.234615656000        0.177129851491149E-02
   265.012627562635        0.226741839578281E-02
   267.623231350595        0.284631297839968E-02
   270.078006961082        0.351074525542397E-02
   272.388681066787        0.426252876775299E-02
   274.758623771298        0.517692417507967E-02
   277.047659439077        0.607537193038148E-02
   279.243032280213        0.709242790290862E-02
   281.323278179074        0.820501465530857E-02
   283.308007505733        0.929725512512304E-02
   285.202181514573        0.106595343113567E-01
   286.149254492038        0.113413510243308E-01
