   221.131590319433        0.472829353310621E-05
   222.483239847334        0.497206160044864E-05
   223.893682746140        0.519069980978978E-05
   225.369855812228        0.538427384313651E-05
   226.904364776082        0.556282492933162E-05
   228.485496047428        0.571907796787140E-05
   230.101145491666        0.586017653245514E-05
   231.739879739463        0.598386299206135E-05
   233.391353888733        0.609784763433071E-05
   235.046685013733        0.619715334337430E-05
   236.698759046707        0.628590330904810E-05
   238.342377176075        0.636452733844759E-05
   239.974210143424        0.643476144370981E-05
   241.592576887293        0.650099820414981E-05
   243.197096883189        0.655708114040371E-05
   244.788284762688        0.660868579162119E-05
   246.367157876339        0.665254550126003E-05
   247.934913673714        0.669629559904839E-05
   249.492709018944        0.672992930832061E-05
   251.041545466643        0.676171602322030E-05
   252.582241246513        0.678340245793946E-05
   254.115458038988        0.680502102668993E-05
   255.641750032914        0.682000000000000E-05
   257.161611297137        0.683000000000001E-05
   258.691867708802        0.682999999999999E-05
   260.260518232479        0.682999999999999E-05
   261.495240630109        0.681800578269116E-05
   262.069570240109        0.679381309241757E-05
   261.893523842425        0.676199877677366E-05
   261.009458939353        0.672068126104656E-05
   259.528921822244        0.666493443581074E-05
   257.589263599380        0.660486292051969E-05
   255.322460281716        0.653117009275542E-05
   252.837389325188        0.645405596044241E-05
   250.214615292063        0.636850702675885E-05
   247.511185660794        0.628317329645265E-05
   244.772012101577        0.618322412534510E-05
   242.038914758731        0.608692740586235E-05
   239.354333287590        0.599296830230504E-05
   236.761852299402        0.589131083433646E-05
   234.305552771309        0.579178244663321E-05
   232.030639834742        0.569432242689019E-05
   229.963296109454        0.559894488682901E-05
   228.107095616593        0.550529688716120E-05
   226.449884802416        0.541354436665195E-05
   224.969253963472        0.532337723533195E-05
   223.637530210046        0.523491421312383E-05
   222.425544444916        0.514787322180859E-05
   221.305816986793        0.506244819574319E-05
   220.255287354677        0.496832075791200E-05
   219.256508497773        0.488568257040289E-05
   218.297922052951        0.480445090048093E-05
   217.373586320290        0.472447405802630E-05
   216.482607384747        0.464591093384606E-05
   215.628407181617        0.456892605352939E-05
   214.817796588712        0.450265771446469E-05
   214.058608220263        0.442792595228391E-05
   213.357757937627        0.435447752073411E-05
   212.720166852813        0.429189788841617E-05
   212.146754149756        0.422263808020239E-05
   211.634888467618        0.416748315733828E-05
   211.179559938398        0.411700323122095E-05
   210.774728343854        0.406649323189922E-05
   210.414947052983        0.402210331746815E-05
   210.092761906886        0.398632979800777E-05
   209.808091636084        0.395410353338277E-05
   209.572212852825        0.393160018897394E-05
   209.403800259681        0.391080152862294E-05
   209.325718959518        0.389033393382916E-05
   209.356893866285        0.388009365361332E-05
   209.511460489556        0.387017499169269E-05
   209.784513121979        0.386040555612859E-05
   210.174915574514        0.405319422344868E-05
   210.643772329117        0.495879327377348E-05
   211.194754002143        0.561313487367431E-05
   211.774261632896        0.641859132698124E-05
   213.069310918843        0.768512251687461E-05
   216.493315061417        0.121820359454490E-04
   220.836225201762        0.213703396213750E-04
   225.153715207261        0.365633364055761E-04
   229.427228474905        0.609792881911081E-04
   233.634819566326        0.990583877296020E-04
   237.751837863595        0.156602466637034E-03
   241.752411818447        0.240744587850952E-03
   245.611640880862        0.359690411320983E-03
   249.308086460241        0.522242132950455E-03
   252.825950383870        0.737204744700026E-03
   256.156360845661        0.101283025981822E-02
   259.297300026465        0.135641449961298E-02
   262.252508227466        0.177409079017645E-02
   265.029889923490        0.227079226565324E-02
   267.639883449190        0.285031592477170E-02
   270.094083607628        0.351542190097333E-02
   272.404224411990        0.426792132767156E-02
   274.773705944507        0.518268996957204E-02
   277.062429490627        0.608100507466986E-02
   279.257599978608        0.710001486138691E-02
   281.337544372837        0.821242706585154E-02
   283.322264720659        0.930724738784750E-02
   285.216110865425        0.106692739243638E-01
   286.163115611563        0.113510323644585E-01
