   221.103250160943        0.475877274759108E-05
   222.454712388659        0.500247141383293E-05
   223.865008877315        0.522104383676081E-05
   225.340998043102        0.542261341023387E-05
   226.875275682481        0.559348190010052E-05
   228.456167904887        0.574928299468630E-05
   230.071590782200        0.589033538652585E-05
   231.710115218725        0.601667881135632E-05
   233.361396197698        0.612795134337418E-05
   235.016554367376        0.622722450763130E-05
   236.668478886929        0.631596331025025E-05
   238.311970950131        0.639843770208825E-05
   239.943698871705        0.647478968814274E-05
   241.561977633091        0.654067919021630E-05
   243.166421767176        0.659473130422441E-05
   244.757540345050        0.664868819377478E-05
   246.336344863564        0.669254253693086E-05
   247.904026923170        0.673628729975644E-05
   249.461737755340        0.676991570472532E-05
   251.010473569643        0.680170663054564E-05
   252.551047516115        0.682339047525560E-05
   254.084116436137        0.684500646723003E-05
   255.610229961183        0.686000000000000E-05
   257.129878020721        0.687000000000000E-05
   258.658733525682        0.687000000000000E-05
   260.230435170172        0.687000000000000E-05
   261.471247711469        0.685803283188406E-05
   262.051179324079        0.683693711254634E-05
   261.879064858378        0.680206013221600E-05
   260.997188758335        0.676074556112152E-05
   259.517467890743        0.670503496147840E-05
   257.577723765036        0.664496727373585E-05
   255.310372571228        0.657131424863972E-05
   252.824664875749        0.649420503037986E-05
   250.201437160581        0.640866097705372E-05
   247.497859978083        0.632337192037449E-05
   244.758718677092        0.622346765004520E-05
   242.025310123298        0.613432382126066E-05
   239.340260113506        0.603322674623742E-05
   236.747550831427        0.593157601648530E-05
   234.291397930430        0.583205167070514E-05
   232.016918090985        0.574459843739382E-05
   229.950362378495        0.563922657252470E-05
   228.095401264639        0.554558215542013E-05
   226.439849091971        0.545383512851096E-05
   224.961045543050        0.536367057032494E-05
   223.630684817404        0.527521210176302E-05
   222.419589718154        0.518817244261762E-05
   221.300589972270        0.510274684775955E-05
   220.250935763499        0.501862274991651E-05
   219.253382597365        0.493598260194521E-05
   218.296445325156        0.485475154025916E-05
   217.374185591544        0.477477192910963E-05
   216.485655149554        0.469620459420525E-05
   215.634136206224        0.461900199477818E-05
   214.826163248200        0.454294515743649E-05
   214.069354102078        0.446820727689540E-05
   213.370626277589        0.439475112897305E-05
   212.735273858637        0.433211831432554E-05
   212.165289847979        0.427141485648779E-05
   211.658036870534        0.420764735156622E-05
   211.207948597254        0.415719808449249E-05
   210.808548012019        0.410663956680838E-05
   210.454135385883        0.406223930157913E-05
   210.137181766330        0.402642335338024E-05
   209.857666806171        0.399418803136295E-05
   209.626724727123        0.397165010723479E-05
   209.462744770958        0.395084463634798E-05
   209.388254862759        0.393036991986534E-05
   209.421900695038        0.392010799507837E-05
   209.577494025206        0.391018561708287E-05
   209.850087328167        0.390041250241709E-05
   210.238249747651        0.409312537536795E-05
   210.703696449945        0.500174465148863E-05
   211.249328917677        0.565665449072891E-05
   211.822730510563        0.646097546943552E-05
   213.141576634311        0.776054626471315E-05
   216.482766377324        0.121653351888591E-04
   220.825547522067        0.213418431101597E-04
   225.142924351224        0.365159427196364E-04
   229.416355251053        0.609025956094088E-04
   233.623915067366        0.989379291971504E-04
   237.740975554335        0.156419326758381E-03
   241.741682903411        0.240475713754435E-03
   245.601141367173        0.359309682866468E-03
   249.297899756716        0.521721836007723E-03
   252.816136025024        0.736517050041921E-03
   256.146959106363        0.101194908673387E-02
   259.288331042073        0.135531657349370E-02
   262.243974239270        0.177275603731549E-02
   265.021779310609        0.226920368774316E-02
   267.632175226424        0.284845919861755E-02
   270.086751452548        0.351328491972114E-02
   272.397239737707        0.426549379922020E-02
   274.767035863146        0.518013655169196E-02
   277.056001073907        0.607855009655903E-02
   279.251356793434        0.709676054107961E-02
   281.331517627899        0.820929343874170E-02
   283.316321996273        0.930308089919157E-02
   285.210372631318        0.106652609981679E-01
   286.157451809837        0.113470765214121E-01
