   221.946162357987        0.374533797400089E-05
   223.305723709422        0.394199325250437E-05
   224.723169026927        0.412233358746498E-05
   226.205388191198        0.428072441121974E-05
   227.745059336316        0.442392438708478E-05
   229.330573387298        0.454852433983139E-05
   230.949839232440        0.466417665961002E-05
   232.591382623042        0.476485729606146E-05
   234.244816065052        0.485423768775544E-05
   235.901241682946        0.493351769824537E-05
   237.553575996837        0.500451870753356E-05
   239.196708268748        0.507128674985453E-05
   240.827454244093        0.512791496215124E-05
   242.444322929461        0.517962098710293E-05
   244.047151603051        0.522387257342694E-05
   245.636682415456        0.526802757973989E-05
   247.214154674692        0.530207081696017E-05
   248.780971713099        0.533300005806115E-05
   250.338474870895        0.535980440941959E-05
   251.887827637537        0.538674656362091E-05
   253.429988865507        0.539852310106453E-05
   254.965741157774        0.541023079255150E-05
   256.495740443515        0.542000000000000E-05
   258.020562150418        0.543000000000000E-05
   259.593523306049        0.542000000000000E-05
   261.068632098228        0.541000000000000E-05
   262.099046340156        0.539237891712773E-05
   262.459528740842        0.536123276250898E-05
   262.098573642181        0.532059313591048E-05
   261.064810367416        0.526887246468655E-05
   259.465391924200        0.520778815981797E-05
   257.431973191821        0.513774888085973E-05
   255.090012436614        0.506804706154976E-05
   252.541125239032        0.498143195086459E-05
   249.859102840823        0.488749137698893E-05
   247.094787271890        0.479520188127311E-05
   244.288123814575        0.469990168646425E-05
   241.477532569395        0.459668009820133E-05
   238.703066863756        0.450051942785489E-05
   236.006985133566        0.439918668595497E-05
   233.432585508925        0.430017759757652E-05
   231.025522574910        0.420339869730359E-05
   228.813390518736        0.410852151428678E-05
   226.801321099875        0.401505374321115E-05
   224.978904577565        0.391470225146429E-05
   223.325521409588        0.382556285294570E-05
   221.815624560725        0.373793848819445E-05
   220.423021396830        0.365211666048395E-05
   219.123982327557        0.357138647149287E-05
   217.899146520295        0.349479948323289E-05
   216.734900050731        0.341343954932567E-05
   215.623224979326        0.333338005900078E-05
   214.560859359184        0.326236939120180E-05
   213.548405348459        0.318768430078213E-05
   212.589945744161        0.311475785935730E-05
   211.692017894151        0.304706951614994E-05
   210.861494621427        0.298149677541143E-05
   210.104036351147        0.291176850572093E-05
   209.422818277213        0.285234746626880E-05
   208.817726747193        0.279419449902696E-05
   208.285734638363        0.274162615032346E-05
   207.821587894853        0.269662917985328E-05
   207.419212743315        0.265235930423249E-05
   207.073660603459        0.261660831802644E-05
   206.776940371603        0.258445401284072E-05
   206.529453661650        0.255280819010397E-05
   206.344413077367        0.253110887737883E-05
   206.241205811770        0.251066628134338E-05
   206.239761373762        0.250026956653124E-05
   206.367106951112        0.249035741569560E-05
   206.616216818229        0.248059174162264E-05
   206.997563031466        0.283166583822826E-05
   207.495013477793        0.326071494126298E-05
   208.025123042361        0.375472962763732E-05
   208.730657638862        0.416899040485782E-05
   210.512427733917        0.538156484188665E-05
   213.228912014121        0.784695331603528E-05
   217.607533667893        0.140735164787347E-04
   221.970844634186        0.246121962369430E-04
   226.302623181123        0.419558478651962E-04
   230.583436595452        0.696761499746372E-04
   234.790744671843        0.112643740484465E-03
   238.898964556830        0.177125839970164E-03
   242.881282224163        0.270679029841353E-03
   246.712831154588        0.401812406071453E-03
   250.373325230082        0.579452649698821E-03
   253.848999509063        0.812339504192138E-03
   257.133343451342        0.110850196310667E-02
   260.226592396781        0.147491728039148E-02
   263.134357934577        0.191737106536519E-02
   265.865921634621        0.244046972352068E-02
   268.432616532225        0.304773135790906E-02
   270.846527770370        0.374169104343511E-02
   273.140262690725        0.453168080396432E-02
   275.526003707156        0.547170930226950E-02
   277.787044361761        0.635897653254898E-02
   279.955605439668        0.746522762910764E-02
   282.011022104269        0.856423550838826E-02
   283.982024827373        0.977155643793658E-02
   285.853101387724        0.111168015966535E-01
   286.791287397198        0.117919820284339E-01
