   221.063743226167        0.480141036711871E-05
   222.414954946038        0.504826801137162E-05
   223.825092068376        0.526896937372755E-05
   225.300907659948        0.546632475609408E-05
   226.834978752658        0.564517183507184E-05
   228.415678679298        0.580776800398050E-05
   230.030941140851        0.595152405591272E-05
   231.669329471676        0.607515219275689E-05
   233.320496353548        0.618887208385635E-05
   234.975564248033        0.628792816542008E-05
   236.627420534390        0.637663932032162E-05
   238.270861470185        0.645892376221117E-05
   239.902548874891        0.653366894390476E-05
   241.520790495392        0.659146019159814E-05
   243.125193207921        0.665501244794367E-05
   244.716258251845        0.670895554684057E-05
   246.294989507394        0.675279614226856E-05
   247.862571663682        0.679652720178824E-05
   249.420150097684        0.683007081787219E-05
   250.968716364197        0.686181271923347E-05
   252.509080160003        0.688348980616512E-05
   254.041896004996        0.690509906341892E-05
   255.567712243466        0.692000000000000E-05
   257.087018447323        0.692999999999998E-05
   258.614456981648        0.694000000000000E-05
   260.188693696716        0.692999999999999E-05
   261.434494615776        0.691797325464632E-05
   262.020667367246        0.689688312828046E-05
   261.854369513843        0.686196204196489E-05
   260.976322372249        0.682065623869104E-05
   259.498294009621        0.676491306551479E-05
   257.558646685225        0.670485681432966E-05
   255.290597566115        0.663589210354195E-05
   252.804074228767        0.655408747942611E-05
   250.180441398826        0.647568964587325E-05
   247.476849103069        0.638326107585706E-05
   244.737269232629        0.629279950482376E-05
   242.002949757473        0.619424959321954E-05
   239.316894547478        0.609764336609061E-05
   236.723716323576        0.600153102172708E-05
   234.267478401751        0.590202934211866E-05
   231.992843718251        0.580459808759487E-05
   229.925871919127        0.570924670519210E-05
   228.070813098364        0.561562319164816E-05
   226.415988876066        0.552287121869415E-05
   224.938736186340        0.542374746057435E-05
   223.610556787199        0.533530463006961E-05
   222.402068093722        0.524827957013116E-05
   221.285885685893        0.516286574024110E-05
   220.238914322257        0.507875532714604E-05
   219.243749652824        0.499612538423773E-05
   218.289061536872        0.491490483468386E-05
   217.369107439830        0.483493399255643E-05
   216.483062601017        0.475637304935812E-05
   215.634290064633        0.467917688598368E-05
   214.829403116867        0.460312461904979E-05
   214.076131052063        0.452838906849320E-05
   213.381571370063        0.446245481306147E-05
   212.751097494854        0.439271937310186E-05
   212.186748958004        0.433300290841606E-05
   211.685971194595        0.427469257968960E-05
   211.243185879554        0.421733769045294E-05
   210.851909321547        0.416674391892363E-05
   210.506382721259        0.412925862098600E-05
   210.198784608517        0.408864012012991E-05
   209.928639169584        0.405424114409940E-05
   209.706565202034        0.403167809168382E-05
   209.550447453527        0.401086443044443E-05
   209.482290304233        0.399038090796659E-05
   209.520351196865        0.398010888029951E-05
   209.678015757235        0.397018180619779E-05
   209.950404826970        0.397000000000000E-05
   210.335593684588        0.415421747739456E-05
   210.796234566386        0.506828678143180E-05
   211.333922767688        0.572450123516414E-05
   211.898148055088        0.652739520912660E-05
   213.261320333703        0.788700501555336E-05
   216.477596615179        0.121572213112755E-04
   220.819877343274        0.213268283037973E-04
   225.136742133576        0.364889799089252E-04
   229.409666207292        0.608557116501993E-04
   233.616750001649        0.988592269814402E-04
   237.733396739833        0.156292202571458E-03
   241.733781958398        0.240278637587202E-03
   245.593025988144        0.359016672183141E-03
   249.289673201524        0.521303321251931E-03
   252.807882744818        0.735940852172218E-03
   256.138749678547        0.101118224099621E-02
   259.280217808345        0.135432643416846E-02
   262.235990600886        0.177151078616621E-02
   265.013941892111        0.226767232297593E-02
   267.624487690139        0.284661126182144E-02
   270.079208808114        0.351109025179382E-02
   272.389832305366        0.426292253568556E-02
   274.759728985759        0.517734002527354E-02
   277.048730032376        0.607577232411686E-02
   279.244077039452        0.709296266778330E-02
   281.324291177811        0.820553004899902E-02
   283.309010535037        0.929794558958851E-02
   285.203153562339        0.106601995092624E-01
   286.150216595290        0.113420075237357E-01
