   221.763207471976        0.398660771117340E-05
   223.120616729295        0.418943394105017E-05
   224.536261688967        0.438515837816778E-05
   226.017070878750        0.454566638055802E-05
   227.555680827725        0.470089307354286E-05
   229.140424529988        0.483532467813190E-05
   230.759166776758        0.495304184855281E-05
   232.400413556497        0.505589181727415E-05
   234.053771373917        0.515520574768757E-05
   235.710336809979        0.524079693125922E-05
   237.363013963134        0.531759933557398E-05
   239.006669213684        0.538430472659691E-05
   240.638084859341        0.544089705353375E-05
   242.255727882656        0.549733932554153E-05
   243.859387635994        0.554910535821846E-05
   245.449755411207        0.559321831911021E-05
   247.028019484351        0.562861495244275E-05
   248.595533940667        0.566112274289248E-05
   250.153593637781        0.569244719775139E-05
   251.703318571614        0.571427031910787E-05
   253.245626948694        0.573602815535604E-05
   254.781263473583        0.575000000000000E-05
   256.310849200404        0.576000000000000E-05
   257.834928557344        0.577000000000000E-05
   259.395977174361        0.576765032920686E-05
   260.899593561509        0.575626036742780E-05
   261.990976724311        0.573497195474485E-05
   262.417673668240        0.570765770234644E-05
   262.116465567939        0.567578391997513E-05
   261.133926345823        0.562442829599264E-05
   259.579422845136        0.556552395108024E-05
   257.585906355185        0.549724534645245E-05
   255.280272903836        0.542860273042866E-05
   252.765670563357        0.534149690645897E-05
   250.117945290594        0.525596545354285E-05
   247.390414406682        0.516752196007118E-05
   244.624911622784        0.506710035593937E-05
   241.860396266813        0.496841210497134E-05
   239.137975979091        0.487211585504338E-05
   236.500118710231        0.477295283578836E-05
   233.989702985622        0.467366695178985E-05
   231.651736143099        0.457640179279577E-05
   229.512869658789        0.448118933529786E-05
   227.577007345681        0.437925526339195E-05
   225.832337648379        0.428641697582926E-05
   224.257186589119        0.419673110510429E-05
   222.824688763375        0.410857913808396E-05
   221.506885089590        0.402209819529810E-05
   220.277857795885        0.393711427083917E-05
   219.116028430590        0.385358916640076E-05
   218.005569713103        0.377164897307539E-05
   216.936887114391        0.370093895413156E-05
   215.905930883652        0.362170685375964E-05
   214.913436582206        0.354393566217098E-05
   213.964222961866        0.346948483657558E-05
   213.065395235618        0.340212311714464E-05
   212.224675972498        0.332822602818386E-05
   211.449488514598        0.326469993416203E-05
   210.745109722070        0.320418926128980E-05
   210.112828209410        0.313927447958434E-05
   209.549901231239        0.308897901716410E-05
   209.051107543575        0.303788789860838E-05
   208.610887591050        0.299332077926074E-05
   208.224977689738        0.294947917559995E-05
   207.886512043680        0.291476721021254E-05
   207.596154532003        0.289196116961028E-05
   207.365979626393        0.286161700306669E-05
   207.216138751332        0.285026534676104E-05
   207.169290833123        0.283030099880287E-05
   207.244538225840        0.282019160295869E-05
   207.452109939766        0.281038237397640E-05
   207.788177020764        0.283783407222052E-05
   208.232285304906        0.347806136285124E-05
   208.616930573690        0.394851176915724E-05
   209.510970143365        0.449537411667169E-05
   210.652584923539        0.558263331642309E-05
   212.845329694675        0.745234694033476E-05
   217.217458676207        0.133821390030484E-04
   221.574511413248        0.234309550466294E-04
   225.900821845504        0.399908927221505E-04
   230.179163711137        0.665118581726446E-04
   234.387171759589        0.107715192971065E-03
   238.499136908816        0.169704595538731E-03
   242.488499939152        0.259892444291781E-03
   246.330320775837        0.386688281592800E-03
   250.003888887506        0.558984305021224E-03
   253.494742009421        0.785554103670325E-03
   256.795547421092        0.107451433635522E-02
   259.905750384665        0.143295982555600E-02
   262.830315459957        0.186680105916738E-02
   265.578061424736        0.238076107156996E-02
   268.160027080880        0.297845738493745E-02
   270.588139128947        0.366250502653907E-02
   272.874260444617        0.443459951781692E-02
   275.272993008483        0.537452901480685E-02
   277.543429081010        0.626553948197612E-02
   279.722109681238        0.734309153066057E-02
   281.785807908383        0.844661864366382E-02
   283.762426358531        0.961706686701959E-02
   285.641082536341        0.109678931298589E-01
   286.582286731774        0.116453199944214E-01
