   221.196230995450        0.465702286496313E-05
   222.548258046751        0.490098446036358E-05
   223.959072873708        0.511980466266664E-05
   225.435607977274        0.531354659974949E-05
   226.970484356847        0.548225663449777E-05
   228.551974892333        0.563856768345000E-05
   230.167941178718        0.577483570270806E-05
   231.806939930229        0.589628156932337E-05
   233.458629209270        0.600761172760683E-05
   235.114127597944        0.610699984649360E-05
   236.766321124250        0.619578361219390E-05
   238.410015327300        0.627444154348202E-05
   240.041890136694        0.634472263553154E-05
   241.660276670826        0.641065703598393E-05
   243.264808153184        0.646473119833562E-05
   244.856013590945        0.651305941470982E-05
   246.434924607983        0.656258628227428E-05
   248.002752203615        0.659635283788122E-05
   249.560665583924        0.663000296106580E-05
   251.109677151605        0.666176087168511E-05
   252.650614394560        0.668690738742938E-05
   254.184146663610        0.670508200928107E-05
   255.710834230752        0.672663781999148E-05
   257.231175611254        0.672999999999999E-05
   258.763736730487        0.674000000000000E-05
   260.328021843302        0.672999999999999E-05
   261.553693035882        0.671790579022450E-05
   262.119776609563        0.669680265205620E-05
   261.937704762272        0.666177915055709E-05
   261.048507632697        0.662045479980609E-05
   259.563643494076        0.656458631870729E-05
   257.620808074568        0.649933594866527E-05
   255.352113644666        0.643068789385058E-05
   252.866714154381        0.635356552513836E-05
   250.244551274324        0.626500184337402E-05
   247.541812573839        0.618104004118223E-05
   244.802836173517        0.608204801391795E-05
   242.069147224412        0.598614421189566E-05
   239.383289916916        0.589217091617643E-05
   236.789629565539        0.579050026097774E-05
   234.332190224179        0.569096679568137E-05
   232.055701014946        0.559349368361174E-05
   229.986134181189        0.549810596970951E-05
   228.127098926095        0.540445597499837E-05
   226.466629462566        0.531269599249662E-05
   224.982482605617        0.522253077216935E-05
   223.647081137274        0.513406339055428E-05
   222.431214277046        0.504151460474763E-05
   221.307251785645        0.495161154253099E-05
   220.251959116132        0.486748212514035E-05
   219.247919788275        0.478485573203508E-05
   218.283845289554        0.470362799377829E-05
   217.353998409754        0.462366540204879E-05
   216.457485344869        0.454512025782094E-05
   215.597449784396        0.446827687289068E-05
   214.780035057494        0.440189824875178E-05
   214.013013271200        0.432719043238818E-05
   213.303559127941        0.425376944270332E-05
   212.656795617112        0.419133308717570E-05
   212.073775819960        0.412209307499928E-05
   211.551893372256        0.406707102425803E-05
   211.086097294409        0.401651992089693E-05
   210.670304467073        0.396613509133977E-05
   210.299220298205        0.392177557244961E-05
   209.965598235729        0.388610832774832E-05
   209.669826457108        0.385390771115835E-05
   209.424001569684        0.383148743856536E-05
   209.246896832809        0.381070722582668E-05
   209.162258055381        0.379025844997874E-05
   209.189442836808        0.378006536981033E-05
   209.342118059201        0.377015613445206E-05
   209.612508814379        0.376039594790366E-05
   210.004336962522        0.396237467382955E-05
   210.496695725780        0.485227067985166E-05
   211.016772499284        0.574622124672544E-05
   211.674880854255        0.631944509060724E-05
   212.902933468233        0.751401432825274E-05
   216.529325577034        0.122392479889638E-04
   220.872673608530        0.214679477923100E-04
   225.190530160418        0.367255747089080E-04
   229.464288375160        0.612415492948425E-04
   233.671939750813        0.994697689109491E-04
   237.788768020180        0.157227078161511E-03
   241.788853011605        0.241660635627681E-03
   245.647285751754        0.360986814841339E-03
   249.342671195134        0.524013735124298E-03
   252.859289196623        0.739547462078084E-03
   256.188336352835        0.101583554518864E-02
   259.327864556762        0.136016640319138E-02
   262.281674768252        0.177866523357318E-02
   265.057717423222        0.227625798147068E-02
   267.666460851561        0.285673617259831E-02
   270.119515486421        0.352285612383954E-02
   272.428619561735        0.427642618259945E-02
   274.797185492701        0.519169914238204E-02
   277.085250192504        0.608974615888230E-02
   279.279955895292        0.711170019325632E-02
   281.359307202916        0.822378197004431E-02
   283.343896704643        0.932246036505841E-02
   285.237144868807        0.106840394515621E-01
   286.184007828190        0.113656859523043E-01
