   221.530374915357        0.427676512044266E-05
   222.885056853664        0.449861118506267E-05
   224.298439677156        0.470089108486675E-05
   225.777434903276        0.488486079439595E-05
   227.314565842104        0.504316737809171E-05
   228.898095542473        0.518740642304387E-05
   230.515869461875        0.531152377618927E-05
   232.156406164220        0.542793985845361E-05
   233.809331212319        0.552948395214335E-05
   235.465748758454        0.561865120239257E-05
   237.118552827325        0.569759988633362E-05
   238.762580793617        0.576982311346120E-05
   240.394567654132        0.583633206155110E-05
   242.012918551919        0.589270786332942E-05
   243.617352424466        0.594596020930090E-05
   245.208487630879        0.599001806201795E-05
   246.787441880029        0.603397287276784E-05
   248.355504321248        0.606890959837852E-05
   249.913912108953        0.610077079381185E-05
   251.463734989854        0.613256818745960E-05
   253.005847821180        0.615430050109655E-05
   254.540958218498        0.616596475586536E-05
   256.069656184474        0.618000000000000E-05
   257.592461508761        0.618999999999999E-05
   259.140503295048        0.618999999999999E-05
   260.673216511272        0.618000000000000E-05
   261.829465009738        0.616684238544508E-05
   262.323469849357        0.614142456701088E-05
   262.080499723093        0.610478420490025E-05
   261.145690846967        0.605821255841815E-05
   259.628777569232        0.600119274337953E-05
   257.664226531743        0.594109192124789E-05
   255.382048640994        0.586611036309204E-05
   252.887861745263        0.578370123253189E-05
   250.259279673162        0.569923600873435E-05
   247.550913734832        0.560675629604734E-05
   244.805692627082        0.551552029992187E-05
   242.064064199983        0.541770084557977E-05
   239.367899310754        0.531524238586383E-05
   236.760646068845        0.521631205293702E-05
   234.285756854801        0.512410307561459E-05
   231.988318758422        0.502662876793975E-05
   229.894923413022        0.492979412638743E-05
   228.009410387248        0.482770712989845E-05
   226.319423590714        0.473598657761349E-05
   224.802407830877        0.464594903854042E-05
   223.430585425881        0.455755087484276E-05
   222.175029715168        0.447067275816066E-05
   221.008633132670        0.438538609391672E-05
   219.908740385816        0.430142486823798E-05
   218.858531927510        0.421901790414048E-05
   217.847162408716        0.413794703151765E-05
   216.869174638259        0.405822878279051E-05
   215.924372171975        0.397995424856587E-05
   215.016835812295        0.391297914469706E-05
   214.153427503839        0.383723497806626E-05
   213.341741944253        0.376283440068922E-05
   212.588936656702        0.369812392393722E-05
   211.899594780518        0.362822702987507E-05
   211.275095156392        0.356924585346325E-05
   210.713462706275        0.351126129391056E-05
   210.210208929150        0.345941093047031E-05
   209.760138380568        0.341455251255704E-05
   209.358955473475        0.337783094418864E-05
   208.999647286440        0.333702765375128E-05
   208.682955984577        0.331217188112589E-05
   208.421987182864        0.328174905304917E-05
   208.237293624744        0.326050195622405E-05
   208.149294580952        0.325008267578066E-05
   208.175601546091        0.323014612891715E-05
   208.331975173208        0.323000000000000E-05
   208.626215448937        0.323000000000000E-05
   209.046527679908        0.391359519288090E-05
   209.479663836762        0.443057874021031E-05
   210.205762012063        0.496050068217380E-05
   211.068653190224        0.586854970940620E-05
   212.562781721511        0.717401916186530E-05
   216.848526443318        0.127575596903137E-04
   221.196563976871        0.223539474449116E-04
   225.518154367697        0.381995119380871E-04
   229.794241793286        0.636237629857873E-04
   234.002309472044        0.103202512239734E-03
   238.117160667243        0.162885245446601E-03
   242.112552777071        0.249942819534364E-03
   245.963543931378        0.372683251802782E-03
   249.649055977478        0.539957389581425E-03
   253.153958960914        0.760561345073060E-03
   256.470113521551        0.104268541354466E-02
   259.596200268276        0.139352922318643E-02
   262.536562656956        0.181911881243263E-02
   265.299561859910        0.232428575654174E-02
   267.895939284979        0.291274016924096E-02
   270.337459381699        0.358717192986716E-02
   272.635923856245        0.434933609786522E-02
   275.020387524847        0.527746969654907E-02
   277.300114868295        0.617218609212538E-02
   279.487720144746        0.722043598800711E-02
   281.559657316652        0.832846295615746E-02
   283.540905964689        0.946114850398177E-02
   285.427227164534        0.108176202668153E-01
   286.371416834592        0.114972716718848E-01
