     ALT          P          T          FH2O           O3           THEAT        TCOOL        PSATCO2        FCO2
6.8238E+01  3.2610E-05 1.9830E+02    1.1213E-05    3.5353E-07    3.8237E+01   -4.0861E+01    1.3808E+00    2.1400E-04
6.7230E+01  3.8507E-05 2.0003E+02    1.1400E-05    3.9524E-07    7.0065E+00   -2.8841E+01    1.5827E+00    2.1400E-04
6.6222E+01  4.5413E-05 2.0179E+02    1.1516E-05    4.3967E-07    4.3166E+00   -1.9994E+01    1.8122E+00    2.1400E-04
6.5213E+01  5.3490E-05 2.0356E+02    1.1615E-05    4.8757E-07    4.2492E+00   -1.3919E+01    2.0724E+00    2.1400E-04
6.4203E+01  6.2924E-05 2.0534E+02    1.1712E-05    5.3815E-07    4.4588E+00   -1.0034E+01    2.3657E+00    2.1400E-04
6.3192E+01  7.3929E-05 2.0712E+02    1.1808E-05    5.9211E-07    4.7034E+00   -7.6724E+00    2.6946E+00    2.1400E-04
6.2182E+01  8.6749E-05 2.0890E+02    1.1902E-05    6.4755E-07    4.9544E+00   -6.2916E+00    3.0611E+00    2.1400E-04
6.1170E+01  1.0166E-04 2.1066E+02    1.2000E-05    7.0624E-07    5.2175E+00   -5.4924E+00    3.4676E+00    2.1400E-04
6.0159E+01  1.1899E-04 2.1242E+02    1.2085E-05    7.6711E-07    5.4938E+00   -5.0466E+00    3.9161E+00    2.1400E-04
5.9148E+01  1.3910E-04 2.1415E+02    1.2100E-05    8.3032E-07    5.7731E+00   -4.7746E+00    4.4088E+00    2.1400E-04
5.8138E+01  1.6240E-04 2.1587E+02    1.2200E-05    8.9578E-07    6.0553E+00   -4.6240E+00    4.9476E+00    2.1400E-04
5.7128E+01  1.8936E-04 2.1757E+02    1.2249E-05    9.6441E-07    6.3364E+00   -4.5192E+00    5.4097E+00    2.1400E-04
5.6118E+01  2.2053E-04 2.1924E+02    1.2300E-05    1.0333E-06    6.6017E+00   -4.4488E+00    5.8094E+00    2.1400E-04
5.5110E+01  2.5650E-04 2.2089E+02    1.2300E-05    1.1082E-06    6.8776E+00   -4.3989E+00    6.2254E+00    2.1400E-04
5.4103E+01  2.9795E-04 2.2252E+02    1.2398E-05    1.2089E-06    7.2441E+00   -4.3950E+00    6.6576E+00    2.1400E-04
5.3098E+01  3.4568E-04 2.2413E+02    1.2400E-05    1.3344E-06    7.6787E+00   -4.4025E+00    7.1059E+00    2.1400E-04
5.2094E+01  4.0054E-04 2.2572E+02    1.2400E-05    1.4746E-06    8.1190E+00   -4.4366E+00    7.5706E+00    2.1400E-04
5.1092E+01  4.6352E-04 2.2730E+02    1.2433E-05    1.6294E-06    8.5396E+00   -4.5019E+00    8.0518E+00    2.1400E-04
5.0093E+01  5.3574E-04 2.2885E+02    1.2500E-05    1.8006E-06    8.9443E+00   -4.5952E+00    8.5496E+00    2.1400E-04
4.9095E+01  6.1842E-04 2.3038E+02    1.2500E-05    2.0423E-06    9.4808E+00   -4.7173E+00    9.0644E+00    2.1400E-04
4.8100E+01  7.1296E-04 2.3191E+02    1.2500E-05    2.3309E-06    1.0020E+01   -4.8749E+00    9.5963E+00    2.1400E-04
4.7108E+01  8.2092E-04 2.3341E+02    1.2500E-05    2.6625E-06    1.0482E+01   -5.0682E+00    1.0146E+01    2.1400E-04
4.6119E+01  9.4404E-04 2.3491E+02    1.2500E-05    3.0353E-06    1.0810E+01   -5.3688E+00    1.0713E+01    2.1400E-04
4.5132E+01  1.0843E-03 2.3655E+02    1.2400E-05    3.4400E-06    1.0948E+01   -5.7510E+00    1.1366E+01    2.1400E-04
4.4148E+01  1.2437E-03 2.3776E+02    1.2400E-05    3.8676E-06    1.0852E+01   -5.9390E+00    1.1862E+01    2.1400E-04
4.3172E+01  1.4249E-03 2.3790E+02    1.2400E-05    4.2866E-06    1.0471E+01   -5.7499E+00    1.1922E+01    2.1400E-04
4.2206E+01  1.6303E-03 2.3688E+02    1.2346E-05    4.6817E-06    9.8469E+00   -5.2453E+00    1.1497E+01    2.1400E-04
4.1256E+01  1.8630E-03 2.3490E+02    1.2300E-05    5.0273E-06    9.0495E+00   -4.5854E+00    1.0709E+01    2.1400E-04
4.0324E+01  2.1263E-03 2.3228E+02    1.2226E-05    5.3155E-06    8.1839E+00   -3.9166E+00    9.7312E+00    2.1400E-04
3.9412E+01  2.4237E-03 2.2935E+02    1.2168E-05    5.5483E-06    7.3413E+00   -3.3322E+00    8.7159E+00    2.1400E-04
3.8521E+01  2.7592E-03 2.2637E+02    1.2100E-05    5.7273E-06    6.5727E+00   -2.8640E+00    7.7651E+00    2.1400E-04
3.7650E+01  3.1372E-03 2.2351E+02    1.2057E-05    5.8546E-06    5.8989E+00   -2.5071E+00    6.9306E+00    2.1400E-04
3.6798E+01  3.5625E-03 2.2089E+02    1.2000E-05    5.9580E-06    5.3311E+00   -2.2391E+00    6.2256E+00    2.1400E-04
3.5965E+01  4.0404E-03 2.1854E+02    1.1900E-05    6.0293E-06    4.8452E+00   -2.0357E+00    5.6400E+00    2.1400E-04
3.5148E+01  4.5766E-03 2.1644E+02    1.1801E-05    6.0796E-06    4.4266E+00   -1.8813E+00    5.1391E+00    2.1400E-04
3.4347E+01  5.1774E-03 2.1455E+02    1.1753E-05    6.1000E-06    4.0547E+00   -1.7638E+00    4.5283E+00    2.1400E-04
3.3561E+01  5.8497E-03 2.1282E+02    1.1606E-05    6.1000E-06    3.7190E+00   -1.6681E+00    4.0252E+00    2.1400E-04
3.2790E+01  6.6010E-03 2.1121E+02    1.1560E-05    6.0460E-06    3.4000E+00   -1.5893E+00    3.6026E+00    2.1400E-04
3.2032E+01  7.4394E-03 2.0972E+02    1.1500E-05    5.9261E-06    3.0916E+00   -1.5176E+00    3.2449E+00    2.1400E-04
3.1288E+01  8.3737E-03 2.0835E+02    1.1400E-05    5.7630E-06    2.8015E+00   -1.4482E+00    2.9440E+00    2.1400E-04
3.0556E+01  9.4135E-03 2.0712E+02    1.1333E-05    5.5657E-06    2.5322E+00   -1.3814E+00    2.6947E+00    2.1400E-04
2.9837E+01  1.0569E-02 2.0605E+02    1.1200E-05    5.3489E-06    2.2847E+00   -1.3032E+00    2.4922E+00    2.1400E-04
2.9129E+01  1.1852E-02 2.0514E+02    1.1156E-05    5.1097E-06    2.0570E+00   -1.2044E+00    2.3301E+00    2.1400E-04
2.8431E+01  1.3273E-02 2.0437E+02    1.1100E-05    4.8566E-06    1.8495E+00   -1.1090E+00    2.2015E+00    2.1400E-04
2.7744E+01  1.4846E-02 2.0374E+02    1.0985E-05    4.5992E-06    1.6628E+00   -1.0163E+00    2.0999E+00    2.1400E-04
2.7067E+01  1.6584E-02 2.0322E+02    1.0900E-05    4.3274E-06    1.4947E+00   -9.3021E-01    2.0196E+00    2.1400E-04
2.6399E+01  1.8503E-02 2.0279E+02    1.0820E-05    4.0434E-06    1.3451E+00   -8.5177E-01    1.9560E+00    2.1400E-04
2.5740E+01  2.0618E-02 2.0245E+02    1.0790E-05    3.7676E-06    1.2164E+00   -7.8217E-01    1.9050E+00    2.1400E-04
2.5090E+01  2.2946E-02 2.0215E+02    1.0661E-05    3.4878E-06    1.1036E+00   -7.1899E-01    1.8632E+00    2.1400E-04
2.4449E+01  2.5504E-02 2.0190E+02    1.0600E-05    3.2144E-06    1.0062E+00   -6.6585E-01    1.8276E+00    2.1400E-04
2.3816E+01  2.8311E-02 2.0167E+02    1.0509E-05    2.9486E-06    9.2054E-01   -6.1968E-01    1.7962E+00    2.1400E-04
2.3191E+01  3.1388E-02 2.0146E+02    1.0485E-05    2.6879E-06    8.4308E-01   -5.8120E-01    1.7674E+00    2.1400E-04
2.2575E+01  3.4756E-02 2.0126E+02    1.0363E-05    2.4338E-06    7.7081E-01   -5.4474E-01    1.7403E+00    2.1400E-04
2.1968E+01  3.8437E-02 2.0107E+02    1.0300E-05    2.1979E-06    7.0404E-01   -5.1154E-01    1.7146E+00    2.1400E-04
2.1368E+01  4.2453E-02 2.0088E+02    1.0223E-05    1.9717E-06    6.4012E-01   -4.7945E-01    1.6903E+00    2.1400E-04
2.0777E+01  4.6831E-02 2.0071E+02    1.0105E-05    1.7586E-06    5.7895E-01   -4.4693E-01    1.6678E+00    2.1400E-04
2.0194E+01  5.1594E-02 2.0055E+02    1.0089E-05    1.5599E-06    5.2121E-01   -4.1658E-01    1.6476E+00    2.1400E-04
1.9620E+01  5.6771E-02 2.0042E+02    9.9896E-06    1.3695E-06    4.6593E-01   -3.8435E-01    1.6306E+00    2.1400E-04
1.9053E+01  6.2388E-02 2.0031E+02    9.9365E-06    1.1991E-06    4.1561E-01   -3.5103E-01    1.6175E+00    2.1400E-04
1.8494E+01  6.8475E-02 2.0025E+02    9.8746E-06    1.0345E-06    3.6877E-01   -3.1828E-01    1.6089E+00    2.1400E-04
1.7943E+01  7.5061E-02 2.0021E+02    9.8135E-06    8.8474E-07    3.2704E-01   -2.8528E-01    1.6047E+00    2.1400E-04
1.7399E+01  8.2176E-02 2.0021E+02    9.7553E-06    7.5081E-07    2.9085E-01   -2.5239E-01    1.6045E+00    2.1400E-04
1.6864E+01  8.9853E-02 2.0023E+02    9.7094E-06    6.3113E-07    2.5988E-01   -2.2112E-01    1.6070E+00    2.1400E-04
1.6335E+01  9.8123E-02 2.0026E+02    9.6672E-06    5.2295E-07    2.3337E-01   -1.9232E-01    1.6110E+00    2.1400E-04
1.5815E+01  1.0702E-01 2.0029E+02    9.6256E-06    4.2855E-07    2.0978E-01   -1.2702E-01    1.6149E+00    2.1400E-04
1.5302E+01  1.1657E-01 2.0033E+02    9.5847E-06    3.4729E-07    1.8983E-01   -9.8908E-02    1.6191E+00    2.1400E-04
1.4796E+01  1.2682E-01 2.0039E+02    9.5621E-06    2.7851E-07    1.7337E-01   -7.4519E-02    1.6270E+00    2.1400E-04
1.4298E+01  1.3780E-01 2.0052E+02    9.5334E-06    2.2172E-07    1.5984E-01   -5.2496E-02    1.6438E+00    2.1400E-04
1.3807E+01  1.4954E-01 2.0077E+02    9.5127E-06    1.7378E-07    1.4858E-01   -3.1303E-02    1.6751E+00    2.1400E-04
1.3323E+01  1.6207E-01 2.0113E+02    9.5017E-06    1.3410E-07    1.3746E-01    6.0088E-03    1.7227E+00    2.1400E-04
1.2846E+01  1.7543E-01 2.0161E+02    4.6815E-06    1.0648E-07    1.1368E-01    9.5642E-02    1.7871E+00    2.1400E-04
1.2375E+01  1.8966E-01 2.0212E+02    1.5592E-06    8.8234E-08    1.0107E-01    1.7544E-01    1.8585E+00    2.1400E-04
1.1910E+01  2.0477E-01 2.0270E+02    1.7119E-06    7.4411E-08    9.3349E-02    2.1690E-01    1.9425E+00    2.1400E-04
1.1451E+01  2.2082E-01 2.0481E+02    2.3550E-06    6.3735E-08    9.3400E-02    1.2626E-01    2.2742E+00    2.1400E-04
1.0992E+01  2.3782E-01 2.0863E+02    4.1048E-06    5.6486E-08    9.9431E-02   -2.4362E-02    3.0029E+00    2.1400E-04
1.0533E+01  2.5581E-01 2.1226E+02    6.8336E-06    5.2023E-08    1.1063E-01   -1.7777E-01    3.8745E+00    2.1400E-04
1.0074E+01  2.7482E-01 2.1615E+02    1.1562E-05    4.8953E-08    1.3036E-01   -4.3366E-01    5.0409E+00    2.1400E-04
9.6146E+00  2.9486E-01 2.2057E+02    2.0535E-05    4.6435E-08    1.6493E-01   -8.1783E-01    6.1430E+00    2.1400E-04
9.1543E+00  3.1596E-01 2.2497E+02    3.5539E-05    4.4138E-08    2.1477E-01   -1.2433E+00    7.3477E+00    2.1400E-04
8.6935E+00  3.3815E-01 2.2932E+02    5.9894E-05    4.1925E-08    2.7815E-01   -1.6563E+00    8.7065E+00    2.1400E-04
8.2328E+00  3.6145E-01 2.3361E+02    9.8204E-05    3.9798E-08    3.4950E-01   -1.9945E+00    1.0218E+01    2.1400E-04
7.7725E+00  3.8586E-01 2.3779E+02    1.5650E-04    3.7758E-08    4.2427E-01   -2.2264E+00    1.1876E+01    2.1400E-04
7.3133E+00  4.1140E-01 2.4186E+02    2.4218E-04    3.5723E-08    5.0406E-01   -2.3776E+00    1.3667E+01    2.1400E-04
6.8557E+00  4.3808E-01 2.4577E+02    3.6373E-04    3.3696E-08    5.8628E-01   -2.4420E+00    1.5571E+01    2.1400E-04
6.4003E+00  4.6590E-01 2.4950E+02    5.3014E-04    3.1750E-08    6.5715E-01   -2.4450E+00    1.7566E+01    2.1400E-04
5.9477E+00  4.9486E-01 2.5305E+02    7.5032E-04    2.9899E-08    7.0734E-01   -2.4173E+00    1.9627E+01    2.1400E-04
5.4985E+00  5.2496E-01 2.5641E+02    1.0326E-03    2.8094E-08    7.4197E-01   -2.3924E+00    2.1732E+01    2.1400E-04
5.0532E+00  5.5619E-01 2.5956E+02    1.3841E-03    2.6307E-08    7.6906E-01   -2.3445E+00    2.3859E+01    2.1400E-04
4.6125E+00  5.8853E-01 2.6252E+02    1.8110E-03    2.4571E-08    7.8967E-01   -2.2720E+00    2.5992E+01    2.1400E-04
4.1769E+00  6.2197E-01 2.6531E+02    2.3182E-03    2.2932E-08    8.0085E-01   -2.1970E+00    2.8119E+01    2.1400E-04
3.7469E+00  6.5649E-01 2.6792E+02    2.9095E-03    2.1390E-08    8.0212E-01   -2.0993E+00    3.0231E+01    2.1400E-04
3.3228E+00  6.9204E-01 2.7038E+02    3.5880E-03    1.9938E-08    7.9645E-01   -1.9439E+00    3.2321E+01    2.1400E-04
2.9052E+00  7.2861E-01 2.7269E+02    4.3557E-03    1.8580E-08    7.8729E-01   -1.7873E+00    3.4385E+01    2.1400E-04
2.4942E+00  7.6613E-01 2.7509E+02    5.2911E-03    1.7313E-08    7.8104E-01   -1.6842E+00    3.6633E+01    2.1400E-04
2.0900E+00  8.0458E-01 2.7739E+02    6.1923E-03    1.6169E-08    7.5786E-01   -1.5730E+00    3.8886E+01    2.1400E-04
1.6928E+00  8.4389E-01 2.7960E+02    7.2635E-03    1.5180E-08    7.4059E-01   -1.5477E+00    4.1146E+01    2.1400E-04
1.3031E+00  8.8400E-01 2.8170E+02    8.3817E-03    1.4401E-08    7.2255E-01   -1.5809E+00    4.3378E+01    2.1400E-04
9.2107E-01  9.2486E-01 2.8371E+02    9.5570E-03    1.3700E-08    7.1068E-01   -1.6888E+00    4.5604E+01    2.1400E-04
5.4700E-01  9.6638E-01 2.8562E+02    1.0929E-02    1.3110E-08    7.1597E-01   -1.9370E+00    4.7803E+01    2.1400E-04
1.8114E-01  1.0085E+00 2.8744E+02    1.2238E-02    1.2606E-08    7.2995E-01   -2.1629E+00    4.9971E+01    2.1400E-04
0.0000E+00  1.0299E+00 2.8836E+02    1.2948E-02    1.2700E-08    7.8487E+00   -3.3566E+00    5.1095E+01    2.1400E-04
