     ALT          P          T          FH2O           O3           THEAT        TCOOL        PSATCO2        FCO2
7.3751E+01  3.2610E-05 2.2269E+02    4.1845E-06    8.0472E-08    3.6578E+01   -6.8766E+01    6.7030E+00    2.1400E-04
7.2621E+01  3.8506E-05 2.2406E+02    4.3943E-06    1.0195E-07    5.0945E+00   -4.4504E+01    7.0848E+00    2.1400E-04
7.1493E+01  4.5411E-05 2.2549E+02    4.5748E-06    1.3122E-07    2.4208E+00   -2.8076E+01    7.5005E+00    2.1400E-04
7.0367E+01  5.3486E-05 2.2698E+02    4.7470E-06    1.6773E-07    2.3161E+00   -1.7639E+01    7.9549E+00    2.1400E-04
6.9242E+01  6.2918E-05 2.2854E+02    4.8939E-06    2.1025E-07    2.4910E+00   -1.1458E+01    8.4489E+00    2.1400E-04
6.8119E+01  7.3921E-05 2.3014E+02    5.0187E-06    2.5538E-07    2.6997E+00   -8.0628E+00    8.9815E+00    2.1400E-04
6.6997E+01  8.6737E-05 2.3178E+02    5.1378E-06    3.0252E-07    2.9194E+00   -6.3227E+00    9.5511E+00    2.1400E-04
6.5877E+01  1.0165E-04 2.3344E+02    5.2419E-06    3.5126E-07    3.1490E+00   -5.5030E+00    1.0156E+01    2.1400E-04
6.4757E+01  1.1897E-04 2.3511E+02    5.3412E-06    4.0394E-07    3.4104E+00   -5.1796E+00    1.0793E+01    2.1400E-04
6.3639E+01  1.3907E-04 2.3679E+02    5.4210E-06    4.6254E-07    3.7021E+00   -5.1069E+00    1.1461E+01    2.1400E-04
6.2523E+01  1.6237E-04 2.3846E+02    5.4952E-06    5.2754E-07    4.0256E+00   -5.1590E+00    1.2157E+01    2.1400E-04
6.1408E+01  1.8932E-04 2.4012E+02    5.5621E-06    6.0092E-07    4.3861E+00   -5.2772E+00    1.2879E+01    2.1400E-04
6.0296E+01  2.2047E-04 2.4177E+02    5.6193E-06    6.8162E-07    4.7740E+00   -5.4301E+00    1.3626E+01    2.1400E-04
5.9185E+01  2.5643E-04 2.4340E+02    5.6737E-06    7.6985E-07    5.1836E+00   -5.6080E+00    1.4398E+01    2.1400E-04
5.8077E+01  2.9787E-04 2.4502E+02    5.7181E-06    8.6730E-07    5.6137E+00   -5.8026E+00    1.5195E+01    2.1400E-04
5.6971E+01  3.4557E-04 2.4663E+02    5.7623E-06    9.7353E-07    6.0531E+00   -6.0123E+00    1.6015E+01    2.1400E-04
5.5868E+01  4.0041E-04 2.4822E+02    5.7982E-06    1.0910E-06    6.4996E+00   -6.2301E+00    1.6861E+01    2.1400E-04
5.4767E+01  4.6337E-04 2.4980E+02    5.8305E-06    1.2215E-06    6.9450E+00   -6.4524E+00    1.7733E+01    2.1400E-04
5.3669E+01  5.3554E-04 2.5138E+02    5.8622E-06    1.3652E-06    7.3735E+00   -6.6574E+00    1.8632E+01    2.1400E-04
5.2575E+01  6.1818E-04 2.5294E+02    5.8841E-06    1.5224E-06    7.7668E+00   -6.8520E+00    1.9558E+01    2.1400E-04
5.1484E+01  7.1268E-04 2.5450E+02    5.9059E-06    1.7029E-06    8.1373E+00   -7.0386E+00    2.0513E+01    2.1400E-04
5.0396E+01  8.2058E-04 2.5604E+02    5.9177E-06    1.9065E-06    8.4564E+00   -7.2112E+00    2.1497E+01    2.1400E-04
4.9312E+01  9.4363E-04 2.5759E+02    5.9294E-06    2.1238E-06    8.6746E+00   -7.3708E+00    2.2511E+01    2.1400E-04
4.8232E+01  1.0838E-03 2.5913E+02    5.9300E-06    2.3718E-06    8.8264E+00   -7.6122E+00    2.3556E+01    2.1400E-04
4.7155E+01  1.2432E-03 2.6073E+02    5.9200E-06    2.6325E-06    8.8488E+00   -7.9178E+00    2.4686E+01    2.1400E-04
4.6082E+01  1.4242E-03 2.6217E+02    5.9160E-06    2.9253E-06    8.7670E+00   -8.1526E+00    2.5728E+01    2.1400E-04
4.5015E+01  1.6295E-03 2.6308E+02    5.8946E-06    3.2348E-06    8.5468E+00   -8.1897E+00    2.6405E+01    2.1400E-04
4.3956E+01  1.8621E-03 2.6328E+02    5.8635E-06    3.5739E-06    8.2195E+00   -8.0104E+00    2.6560E+01    2.1400E-04
4.2908E+01  2.1252E-03 2.6277E+02    5.8250E-06    3.9270E-06    7.7801E+00   -7.6523E+00    2.6173E+01    2.1400E-04
4.1873E+01  2.4224E-03 2.6160E+02    5.7736E-06    4.2608E-06    7.2335E+00   -7.1709E+00    2.5312E+01    2.1400E-04
4.0854E+01  2.7577E-03 2.5990E+02    5.7143E-06    4.5683E-06    6.6386E+00   -6.6266E+00    2.4097E+01    2.1400E-04
3.9853E+01  3.1354E-03 2.5781E+02    5.6442E-06    4.8229E-06    6.0332E+00   -6.0602E+00    2.2658E+01    2.1400E-04
3.8871E+01  3.5604E-03 2.5544E+02    5.5670E-06    5.0322E-06    5.4681E+00   -5.5073E+00    2.1108E+01    2.1400E-04
3.7908E+01  4.0380E-03 2.5289E+02    5.4825E-06    5.1998E-06    4.9638E+00   -4.9930E+00    1.9530E+01    2.1400E-04
3.6965E+01  4.5737E-03 2.5023E+02    5.3982E-06    5.3281E-06    4.5210E+00   -4.5334E+00    1.7975E+01    2.1400E-04
3.6041E+01  5.1741E-03 2.4750E+02    5.3058E-06    5.4241E-06    4.1341E+00   -4.1282E+00    1.6477E+01    2.1400E-04
3.5137E+01  5.8459E-03 2.4475E+02    5.2055E-06    5.5015E-06    3.7953E+00   -3.7787E+00    1.5057E+01    2.1400E-04
3.4253E+01  6.5966E-03 2.4200E+02    5.1066E-06    5.5617E-06    3.4920E+00   -3.4724E+00    1.3732E+01    2.1400E-04
3.3388E+01  7.4343E-03 2.3929E+02    5.0028E-06    5.6057E-06    3.2143E+00   -3.1943E+00    1.2515E+01    2.1400E-04
3.2542E+01  8.3679E-03 2.3667E+02    4.9113E-06    5.6152E-06    2.9503E+00   -2.9333E+00    1.1414E+01    2.1400E-04
3.1714E+01  9.4068E-03 2.3418E+02    4.8120E-06    5.5960E-06    2.6993E+00   -2.6856E+00    1.0436E+01    2.1400E-04
3.0904E+01  1.0561E-02 2.3187E+02    4.7148E-06    5.5323E-06    2.4570E+00   -2.4791E+00    9.5831E+00    2.1400E-04
3.0110E+01  1.1843E-02 2.2975E+02    4.6162E-06    5.4228E-06    2.2249E+00   -2.2320E+00    8.8505E+00    2.1400E-04
2.9332E+01  1.3263E-02 2.2784E+02    4.5164E-06    5.2716E-06    2.0073E+00   -1.9999E+00    8.2252E+00    2.1400E-04
2.8569E+01  1.4834E-02 2.2613E+02    4.4248E-06    5.0810E-06    1.8066E+00   -1.7859E+00    7.6913E+00    2.1400E-04
2.7820E+01  1.6571E-02 2.2457E+02    4.3351E-06    4.8535E-06    1.6244E+00   -1.5916E+00    7.2324E+00    2.1400E-04
2.7085E+01  1.8488E-02 2.2316E+02    4.2469E-06    4.5963E-06    1.4619E+00   -1.4184E+00    6.8331E+00    2.1400E-04
2.6362E+01  2.0601E-02 2.2187E+02    4.1604E-06    4.3225E-06    1.3198E+00   -1.2666E+00    6.4802E+00    2.1400E-04
2.5653E+01  2.2927E-02 2.2065E+02    4.0753E-06    4.0280E-06    1.1945E+00   -1.1352E+00    6.1631E+00    2.1400E-04
2.4955E+01  2.5482E-02 2.1950E+02    3.9918E-06    3.7352E-06    1.0860E+00   -1.0212E+00    5.8736E+00    2.1400E-04
2.4270E+01  2.8287E-02 2.1840E+02    3.9098E-06    3.4491E-06    9.9064E-01   -9.2054E-01    5.6058E+00    2.1400E-04
2.3596E+01  3.1361E-02 2.1733E+02    3.8325E-06    3.1515E-06    9.0200E-01   -8.3071E-01    5.3561E+00    2.1400E-04
2.2934E+01  3.4726E-02 2.1630E+02    3.7597E-06    2.8675E-06    8.2085E-01   -7.4785E-01    5.0925E+00    2.1400E-04
2.2283E+01  3.8402E-02 2.1531E+02    3.6818E-06    2.5962E-06    7.4498E-01   -6.6993E-01    4.7655E+00    2.1400E-04
2.1644E+01  4.2415E-02 2.1435E+02    3.6052E-06    2.3292E-06    6.7204E-01   -5.9751E-01    4.4687E+00    2.1400E-04
2.1015E+01  4.6788E-02 2.1344E+02    3.5349E-06    2.0776E-06    6.0309E-01   -5.2999E-01    4.2015E+00    2.1400E-04
2.0398E+01  5.1547E-02 2.1259E+02    3.4659E-06    1.8389E-06    5.3802E-01   -4.6683E-01    3.9635E+00    2.1400E-04
1.9790E+01  5.6718E-02 2.1180E+02    3.4027E-06    1.6194E-06    4.7787E-01   -4.0687E-01    3.7538E+00    2.1400E-04
1.9193E+01  6.2329E-02 2.1108E+02    3.3418E-06    1.4055E-06    4.2121E-01   -3.5148E-01    3.5711E+00    2.1400E-04
1.8606E+01  6.8409E-02 2.1044E+02    3.2776E-06    1.2084E-06    3.6996E-01   -2.9928E-01    3.4132E+00    2.1400E-04
1.8029E+01  7.4988E-02 2.0986E+02    3.2269E-06    1.0288E-06    3.2462E-01   -2.5157E-01    3.2776E+00    2.1400E-04
1.7461E+01  8.2095E-02 2.0935E+02    3.1762E-06    8.6721E-07    2.8519E-01   -2.0919E-01    3.1615E+00    2.1400E-04
1.6902E+01  8.9763E-02 2.0890E+02    3.1316E-06    7.2119E-07    2.5107E-01   -1.7490E-01    3.0623E+00    2.1400E-04
1.6353E+01  9.8024E-02 2.0851E+02    3.0878E-06    5.9106E-07    2.2183E-01   -1.4957E-01    2.9778E+00    2.1400E-04
1.5812E+01  1.0691E-01 2.0817E+02    3.0535E-06    4.7712E-07    1.9607E-01   -1.0330E-01    2.9057E+00    2.1400E-04
1.5281E+01  1.1645E-01 2.0788E+02    3.0311E-06    3.8052E-07    1.7443E-01   -9.0046E-02    2.8454E+00    2.1400E-04
1.4757E+01  1.2669E-01 2.0765E+02    3.0003E-06    3.0077E-07    1.5665E-01   -8.2289E-02    2.7992E+00    2.1400E-04
1.4243E+01  1.3766E-01 2.0750E+02    2.9897E-06    2.3498E-07    1.4209E-01   -8.0028E-02    2.7702E+00    2.1400E-04
1.3736E+01  1.4938E-01 2.0746E+02    2.9697E-06    1.7960E-07    1.2991E-01   -8.0933E-02    2.7617E+00    2.1400E-04
1.3237E+01  1.6190E-01 2.0753E+02    2.9598E-06    1.3622E-07    1.2029E-01   -8.1417E-02    2.7760E+00    2.1400E-04
1.2746E+01  1.7524E-01 2.0774E+02    2.9501E-06    1.0789E-07    1.1345E-01   -7.7573E-02    2.8168E+00    2.1400E-04
1.2262E+01  1.8945E-01 2.0806E+02    2.9791E-06    8.8811E-08    1.0900E-01   -7.2158E-02    2.8829E+00    2.1400E-04
1.1785E+01  2.0455E-01 2.0852E+02    3.6450E-06    7.4346E-08    1.0868E-01   -8.4435E-02    2.9790E+00    2.1400E-04
1.1315E+01  2.2058E-01 2.0902E+02    4.3242E-06    6.3705E-08    1.0846E-01   -6.7178E-02    3.0877E+00    2.1400E-04
1.0851E+01  2.3756E-01 2.0963E+02    4.7291E-06    5.7357E-08    1.0945E-01   -5.1503E-02    3.2241E+00    2.1400E-04
1.0394E+01  2.5552E-01 2.1092E+02    5.6917E-06    5.3473E-08    1.1266E-01   -4.2189E-02    3.5295E+00    2.1400E-04
9.9406E+00  2.7450E-01 2.1274E+02    7.3492E-06    5.0552E-08    1.2059E-01   -1.7233E-01    4.0050E+00    2.1400E-04
9.4891E+00  2.9452E-01 2.1711E+02    1.3200E-05    4.7998E-08    1.4732E-01   -5.5052E-01    5.3051E+00    2.1400E-04
9.0369E+00  3.1560E-01 2.2147E+02    2.3116E-05    4.5596E-08    1.8742E-01   -9.5153E-01    6.3745E+00    2.1400E-04
8.5841E+00  3.3776E-01 2.2579E+02    3.9461E-05    4.3275E-08    2.4011E-01   -1.3557E+00    7.5901E+00    2.1400E-04
8.1313E+00  3.6103E-01 2.3007E+02    6.5653E-05    4.1012E-08    3.0296E-01   -1.7181E+00    8.9559E+00    2.1400E-04
7.6788E+00  3.8540E-01 2.3427E+02    1.0637E-04    3.8752E-08    3.7061E-01   -1.9930E+00    1.0470E+01    2.1400E-04
7.2272E+00  4.1091E-01 2.3839E+02    1.6766E-04    3.6507E-08    4.4099E-01   -2.1769E+00    1.2126E+01    2.1400E-04
6.7769E+00  4.3755E-01 2.4238E+02    2.5690E-04    3.4433E-08    5.1717E-01   -2.2948E+00    1.3910E+01    2.1400E-04
6.3285E+00  4.6534E-01 2.4622E+02    3.8245E-04    3.2363E-08    5.9384E-01   -2.3350E+00    1.5804E+01    2.1400E-04
5.8826E+00  4.9426E-01 2.4990E+02    5.5321E-04    3.0379E-08    6.5692E-01   -2.3338E+00    1.7786E+01    2.1400E-04
5.4397E+00  5.2432E-01 2.5339E+02    7.7795E-04    2.8424E-08    7.0096E-01   -2.3100E+00    1.9833E+01    2.1400E-04
5.0004E+00  5.5551E-01 2.5670E+02    1.0648E-03    2.6539E-08    7.3288E-01   -2.2888E+00    2.1922E+01    2.1400E-04
4.5654E+00  5.8781E-01 2.5981E+02    1.4209E-03    2.4711E-08    7.5873E-01   -2.2402E+00    2.4034E+01    2.1400E-04
4.1350E+00  6.2121E-01 2.6274E+02    1.8521E-03    2.2954E-08    7.7771E-01   -2.1746E+00    2.6153E+01    2.1400E-04
3.7099E+00  6.5567E-01 2.6549E+02    2.3633E-03    2.1354E-08    7.8708E-01   -2.1048E+00    2.8266E+01    2.1400E-04
3.2904E+00  6.9118E-01 2.6808E+02    2.9581E-03    1.9844E-08    7.8748E-01   -2.0039E+00    3.0363E+01    2.1400E-04
2.8771E+00  7.2769E-01 2.7051E+02    3.6390E-03    1.8421E-08    7.8202E-01   -1.8461E+00    3.2439E+01    2.1400E-04
2.4704E+00  7.6517E-01 2.7280E+02    4.4078E-03    1.7147E-08    7.7356E-01   -1.6997E+00    3.4487E+01    2.1400E-04
2.0703E+00  8.0356E-01 2.7520E+02    5.3472E-03    1.6060E-08    7.6852E-01   -1.6167E+00    3.6737E+01    2.1400E-04
1.6771E+00  8.4281E-01 2.7747E+02    6.2390E-03    1.5136E-08    7.4646E-01   -1.5270E+00    3.8966E+01    2.1400E-04
1.2912E+00  8.8287E-01 2.7966E+02    7.3080E-03    1.4288E-08    7.3239E-01   -1.5317E+00    4.1198E+01    2.1400E-04
9.1276E-01  9.2367E-01 2.8172E+02    8.4126E-03    1.3587E-08    7.1925E-01   -1.6005E+00    4.3401E+01    2.1400E-04
5.4213E-01  9.6513E-01 2.8370E+02    9.5719E-03    1.3005E-08    7.1558E-01   -1.7998E+00    4.5593E+01    2.1400E-04
1.7955E-01  1.0072E+00 2.8558E+02    1.0924E-02    1.2504E-08    7.3461E-01   -2.0492E+00    4.7755E+01    2.1400E-04
0.0000E+00  1.0286E+00 2.8652E+02    1.1602E-02    1.2600E-08    7.9081E+00   -3.5095E+00    4.8867E+01    2.1400E-04
