     ALT          P          T          FH2O           O3           THEAT        TCOOL        PSATCO2        FCO2
7.3371E+01  3.2610E-05 2.2310E+02    3.4095E-06    8.6683E-08    3.6648E+01   -6.9123E+01    6.8141E+00    2.1500E-04
7.2238E+01  3.8507E-05 2.2447E+02    3.5856E-06    1.0948E-07    5.0928E+00   -4.4412E+01    7.2020E+00    2.1500E-04
7.1107E+01  4.5412E-05 2.2590E+02    3.7362E-06    1.4042E-07    2.4524E+00   -2.7734E+01    7.6238E+00    2.1500E-04
6.9978E+01  5.3489E-05 2.2740E+02    3.8717E-06    1.7952E-07    2.3663E+00   -1.7168E+01    8.0845E+00    2.1500E-04
6.8851E+01  6.2922E-05 2.2896E+02    3.9941E-06    2.2474E-07    2.5563E+00   -1.0953E+01    8.5847E+00    2.1500E-04
6.7725E+01  7.3926E-05 2.3056E+02    4.1066E-06    2.7253E-07    2.7794E+00   -7.5625E+00    9.1236E+00    2.1500E-04
6.6600E+01  8.6745E-05 2.3219E+02    4.2013E-06    3.2209E-07    3.0122E+00   -5.8482E+00    9.6994E+00    2.1500E-04
6.5476E+01  1.0166E-04 2.3385E+02    4.2909E-06    3.7367E-07    3.2565E+00   -5.0618E+00    1.0310E+01    2.1500E-04
6.4354E+01  1.1899E-04 2.3552E+02    4.3681E-06    4.2892E-07    3.5310E+00   -4.7736E+00    1.0953E+01    2.1500E-04
6.3234E+01  1.3909E-04 2.3719E+02    4.4354E-06    4.8965E-07    3.8337E+00   -4.7383E+00    1.1627E+01    2.1500E-04
6.2115E+01  1.6239E-04 2.3886E+02    4.5025E-06    5.5781E-07    4.1720E+00   -4.8360E+00    1.2328E+01    2.1500E-04
6.0997E+01  1.8935E-04 2.4052E+02    4.5595E-06    6.3340E-07    4.5421E+00   -4.9976E+00    1.3055E+01    2.1500E-04
5.9882E+01  2.2051E-04 2.4216E+02    4.6043E-06    7.1634E-07    4.9387E+00   -5.1951E+00    1.3808E+01    2.1500E-04
5.8769E+01  2.5647E-04 2.4379E+02    4.6488E-06    8.0858E-07    5.3630E+00   -5.4218E+00    1.4584E+01    2.1500E-04
5.7658E+01  2.9792E-04 2.4540E+02    4.6866E-06    9.0871E-07    5.8023E+00   -5.6669E+00    1.5385E+01    2.1500E-04
5.6549E+01  3.4564E-04 2.4700E+02    4.7188E-06    1.0228E-06    6.2644E+00   -5.9267E+00    1.6210E+01    2.1500E-04
5.5444E+01  4.0049E-04 2.4859E+02    4.7509E-06    1.1350E-06    6.6798E+00   -6.1923E+00    1.7060E+01    2.1500E-04
5.4341E+01  4.6347E-04 2.5016E+02    4.7758E-06    1.2699E-06    7.1294E+00   -6.4612E+00    1.7936E+01    2.1500E-04
5.3241E+01  5.3567E-04 2.5173E+02    4.7949E-06    1.4238E-06    7.5811E+00   -6.7120E+00    1.8840E+01    2.1500E-04
5.2144E+01  6.1833E-04 2.5329E+02    4.8168E-06    1.5841E-06    7.9657E+00   -6.9527E+00    1.9771E+01    2.1500E-04
5.1051E+01  7.1286E-04 2.5484E+02    4.8287E-06    1.7678E-06    8.3204E+00   -7.1791E+00    2.0730E+01    2.1500E-04
4.9961E+01  8.2080E-04 2.5639E+02    4.8400E-06    1.9745E-06    8.6221E+00   -7.3911E+00    2.1720E+01    2.1500E-04
4.8874E+01  9.4390E-04 2.5793E+02    4.8400E-06    2.2035E-06    8.8429E+00   -7.5941E+00    2.2739E+01    2.1500E-04
4.7792E+01  1.0841E-03 2.5948E+02    4.8362E-06    2.4551E-06    8.9694E+00   -7.8803E+00    2.3801E+01    2.1500E-04
4.6713E+01  1.2435E-03 2.6106E+02    4.8246E-06    2.7192E-06    8.9635E+00   -8.1906E+00    2.4922E+01    2.1500E-04
4.5638E+01  1.4246E-03 2.6234E+02    4.8031E-06    3.0221E-06    8.8693E+00   -8.3702E+00    2.5855E+01    2.1500E-04
4.4570E+01  1.6300E-03 2.6300E+02    4.7736E-06    3.3587E-06    8.6636E+00   -8.3343E+00    2.6350E+01    2.1500E-04
4.3511E+01  1.8627E-03 2.6295E+02    4.7413E-06    3.7179E-06    8.3264E+00   -8.0859E+00    2.6310E+01    2.1500E-04
4.2464E+01  2.1259E-03 2.6219E+02    4.6893E-06    4.0843E-06    7.8638E+00   -7.6693E+00    2.5741E+01    2.1500E-04
4.1431E+01  2.4232E-03 2.6079E+02    4.6275E-06    4.4433E-06    7.3100E+00   -7.1477E+00    2.4725E+01    2.1500E-04
4.0415E+01  2.7587E-03 2.5887E+02    4.5556E-06    4.7563E-06    6.6935E+00   -6.5698E+00    2.3383E+01    2.1500E-04
3.9418E+01  3.1366E-03 2.5657E+02    4.4761E-06    5.0316E-06    6.0887E+00   -5.9806E+00    2.1842E+01    2.1500E-04
3.8440E+01  3.5618E-03 2.5400E+02    4.3882E-06    5.2645E-06    5.5293E+00   -5.4093E+00    2.0207E+01    2.1500E-04
3.7482E+01  4.0395E-03 2.5125E+02    4.3024E-06    5.4457E-06    5.0250E+00   -4.8776E+00    1.8556E+01    2.1500E-04
3.6545E+01  4.5756E-03 2.4836E+02    4.2091E-06    5.5952E-06    4.5883E+00   -4.3967E+00    1.6937E+01    2.1500E-04
3.5628E+01  5.1762E-03 2.4539E+02    4.1016E-06    5.7346E-06    4.2156E+00   -3.9733E+00    1.5379E+01    2.1500E-04
3.4732E+01  5.8484E-03 2.4236E+02    4.0049E-06    5.8491E-06    3.8837E+00   -3.6026E+00    1.3902E+01    2.1500E-04
3.3856E+01  6.5995E-03 2.3931E+02    3.9008E-06    5.9491E-06    3.5844E+00   -3.2712E+00    1.2523E+01    2.1500E-04
3.3001E+01  7.4376E-03 2.3628E+02    3.7992E-06    6.0338E-06    3.3080E+00   -2.9663E+00    1.1256E+01    2.1500E-04
3.2165E+01  8.3717E-03 2.3332E+02    3.6999E-06    6.0750E-06    3.0405E+00   -2.6778E+00    1.0111E+01    2.1500E-04
3.1349E+01  9.4111E-03 2.3048E+02    3.6021E-06    6.0766E-06    2.7825E+00   -2.4044E+00    9.0962E+00    2.1500E-04
3.0552E+01  1.0566E-02 2.2781E+02    3.4987E-06    6.0156E-06    2.5297E+00   -2.1711E+00    8.2146E+00    2.1500E-04
2.9772E+01  1.1848E-02 2.2536E+02    3.4063E-06    5.8972E-06    2.2870E+00   -1.9041E+00    7.4611E+00    2.1500E-04
2.9009E+01  1.3269E-02 2.2313E+02    3.3160E-06    5.7172E-06    2.0572E+00   -1.6563E+00    6.8230E+00    2.1500E-04
2.8261E+01  1.4842E-02 2.2112E+02    3.2275E-06    5.4823E-06    1.8445E+00   -1.4320E+00    6.2845E+00    2.1500E-04
2.7529E+01  1.6580E-02 2.1932E+02    3.1407E-06    5.2087E-06    1.6529E+00   -1.2337E+00    5.8292E+00    2.1500E-04
2.6811E+01  1.8498E-02 2.1770E+02    3.0658E-06    4.9028E-06    1.4825E+00   -1.0631E+00    5.4420E+00    2.1500E-04
2.6106E+01  2.0612E-02 2.1624E+02    2.9821E-06    4.5676E-06    1.3317E+00   -9.1914E-01    5.0728E+00    2.1500E-04
2.5414E+01  2.2939E-02 2.1492E+02    2.9085E-06    4.2317E-06    1.2018E+00   -8.0022E-01    4.6427E+00    2.1500E-04
2.4734E+01  2.5496E-02 2.1370E+02    2.8295E-06    3.8956E-06    1.0888E+00   -7.0190E-01    4.2764E+00    2.1500E-04
2.4066E+01  2.8303E-02 2.1258E+02    2.7552E-06    3.5643E-06    9.8879E-01   -6.1982E-01    3.9606E+00    2.1500E-04
2.3410E+01  3.1379E-02 2.1154E+02    2.6823E-06    3.2403E-06    8.9840E-01   -5.4928E-01    3.6856E+00    2.1500E-04
2.2765E+01  3.4745E-02 2.1057E+02    2.6165E-06    2.9325E-06    8.1576E-01   -4.8657E-01    3.4447E+00    2.1500E-04
2.2131E+01  3.8424E-02 2.0967E+02    2.5502E-06    2.6326E-06    7.3765E-01   -4.2986E-01    3.2330E+00    2.1500E-04
2.1508E+01  4.2440E-02 2.0883E+02    2.4817E-06    2.3537E-06    6.6467E-01   -3.7699E-01    3.0473E+00    2.1500E-04
2.0894E+01  4.6815E-02 2.0807E+02    2.4210E-06    2.0946E-06    5.9632E-01   -3.2765E-01    2.8850E+00    2.1500E-04
2.0292E+01  5.1577E-02 2.0737E+02    2.3612E-06    1.8546E-06    5.3217E-01   -2.8093E-01    2.7443E+00    2.1500E-04
1.9698E+01  5.6752E-02 2.0675E+02    2.3022E-06    1.6210E-06    4.7097E-01   -2.3792E-01    2.6235E+00    2.1500E-04
1.9115E+01  6.2367E-02 2.0621E+02    2.2474E-06    1.4111E-06    4.1543E-01   -1.9611E-01    2.5211E+00    2.1500E-04
1.8541E+01  6.8451E-02 2.0574E+02    2.1971E-06    1.2098E-06    3.6412E-01   -1.5818E-01    2.4354E+00    2.1500E-04
1.7976E+01  7.5035E-02 2.0534E+02    2.1468E-06    1.0307E-06    3.1908E-01   -1.2248E-01    2.3649E+00    2.1500E-04
1.7419E+01  8.2147E-02 2.0500E+02    2.1094E-06    8.7045E-07    2.8003E-01   -9.1447E-02    2.3075E+00    2.1500E-04
1.6872E+01  8.9821E-02 2.0473E+02    2.0690E-06    7.2470E-07    2.4603E-01   -6.7354E-02    2.2619E+00    2.1500E-04
1.6332E+01  9.8088E-02 2.0452E+02    2.0346E-06    5.9396E-07    2.1681E-01   -5.1665E-02    2.2265E+00    2.1500E-04
1.5802E+01  1.0698E-01 2.0436E+02    2.0029E-06    4.8032E-07    1.9123E-01   -9.3325E-03    2.1997E+00    2.1500E-04
1.5279E+01  1.1653E-01 2.0424E+02    1.9811E-06    3.8362E-07    1.6974E-01   -4.6411E-03    2.1811E+00    2.1500E-04
1.4764E+01  1.2678E-01 2.0419E+02    1.9606E-06    3.0313E-07    1.5209E-01   -4.5254E-03    2.1726E+00    2.1500E-04
1.4257E+01  1.3775E-01 2.0422E+02    1.9404E-06    2.3818E-07    1.3776E-01   -7.2600E-03    2.1773E+00    2.1500E-04
1.3758E+01  1.4948E-01 2.0435E+02    1.9303E-06    1.8325E-07    1.2579E-01   -1.3535E-02    2.1985E+00    2.1500E-04
1.3266E+01  1.6201E-01 2.0460E+02    1.9205E-06    1.3878E-07    1.1616E-01   -1.9227E-02    2.2388E+00    2.1500E-04
1.2781E+01  1.7536E-01 2.0498E+02    1.9292E-06    1.1005E-07    1.0966E-01   -2.1302E-02    2.3037E+00    2.1500E-04
1.2303E+01  1.8958E-01 2.0527E+02    2.3148E-06    9.0656E-08    1.0725E-01   -9.7130E-03    2.3528E+00    2.1500E-04
1.1832E+01  2.0469E-01 2.0591E+02    2.6241E-06    7.5983E-08    1.0548E-01    8.4485E-04    2.4668E+00    2.1500E-04
1.1367E+01  2.2073E-01 2.0674E+02    3.1622E-06    6.5006E-08    1.0548E-01   -2.6351E-02    2.6219E+00    2.1500E-04
1.0907E+01  2.3773E-01 2.0839E+02    3.9705E-06    5.8142E-08    1.0938E-01   -3.8294E-02    2.9520E+00    2.1500E-04
1.0451E+01  2.5571E-01 2.1015E+02    5.1184E-06    5.3897E-08    1.1464E-01   -1.2382E-01    3.3461E+00    2.1500E-04
9.9967E+00  2.7470E-01 2.1412E+02    8.8449E-06    5.0788E-08    1.3424E-01   -4.3030E-01    4.4007E+00    2.1500E-04
9.5420E+00  2.9474E-01 2.1852E+02    1.5817E-05    4.8125E-08    1.6717E-01   -8.0797E-01    5.6342E+00    2.1500E-04
9.0864E+00  3.1583E-01 2.2289E+02    2.7577E-05    4.5693E-08    2.1215E-01   -1.2000E+00    6.7582E+00    2.1500E-04
8.6303E+00  3.3801E-01 2.2723E+02    4.6857E-05    4.3320E-08    2.6860E-01   -1.5769E+00    8.0326E+00    2.1500E-04
8.1742E+00  3.6130E-01 2.3152E+02    7.7537E-05    4.0962E-08    3.3356E-01   -1.9005E+00    9.4589E+00    2.1500E-04
7.7185E+00  3.8570E-01 2.3572E+02    1.2484E-04    3.8689E-08    4.0168E-01   -2.1317E+00    1.1034E+01    2.1500E-04
7.2637E+00  4.1122E-01 2.3982E+02    1.9540E-04    3.6503E-08    4.7308E-01   -2.2846E+00    1.2747E+01    2.1500E-04
6.8104E+00  4.3789E-01 2.4379E+02    2.9708E-04    3.4317E-08    5.5045E-01   -2.3724E+00    1.4583E+01    2.1500E-04
6.3590E+00  4.6570E-01 2.4759E+02    4.3862E-04    3.2219E-08    6.2449E-01   -2.3890E+00    1.6523E+01    2.1500E-04
5.9103E+00  4.9465E-01 2.5122E+02    6.2898E-04    3.0215E-08    6.8143E-01   -2.3733E+00    1.8541E+01    2.1500E-04
5.4647E+00  5.2473E-01 2.5466E+02    8.7681E-04    2.8248E-08    7.2032E-01   -2.3485E+00    2.0616E+01    2.1500E-04
5.0229E+00  5.5595E-01 2.5791E+02    1.1899E-03    2.6300E-08    7.4949E-01   -2.3172E+00    2.2725E+01    2.1500E-04
4.5854E+00  5.8828E-01 2.6096E+02    1.5750E-03    2.4442E-08    7.7303E-01   -2.2563E+00    2.4849E+01    2.1500E-04
4.1528E+00  6.2170E-01 2.6383E+02    2.0377E-03    2.2713E-08    7.8874E-01   -2.1864E+00    2.6975E+01    2.1500E-04
3.7256E+00  6.5620E-01 2.6652E+02    2.5822E-03    2.1021E-08    7.9448E-01   -2.1071E+00    2.9089E+01    2.1500E-04
3.3041E+00  6.9174E-01 2.6906E+02    3.2119E-03    1.9498E-08    7.9204E-01   -1.9852E+00    3.1186E+01    2.1500E-04
2.8890E+00  7.2828E-01 2.7144E+02    3.9292E-03    1.8139E-08    7.8499E-01   -1.8232E+00    3.3258E+01    2.1500E-04
2.4804E+00  7.6579E-01 2.7375E+02    4.7728E-03    1.6937E-08    7.7821E-01   -1.6898E+00    3.5366E+01    2.1500E-04
2.0786E+00  8.0421E-01 2.7611E+02    5.6960E-03    1.5847E-08    7.6417E-01   -1.5909E+00    3.7616E+01    2.1500E-04
1.6838E+00  8.4350E-01 2.7836E+02    6.6068E-03    1.4853E-08    7.4004E-01   -1.5189E+00    3.9859E+01    2.1500E-04
1.2962E+00  8.8360E-01 2.8050E+02    7.7510E-03    1.4001E-08    7.2837E-01   -1.5490E+00    4.2092E+01    2.1500E-04
9.1627E-01  9.2443E-01 2.8254E+02    8.8403E-03    1.3362E-08    7.1331E-01   -1.6261E+00    4.4300E+01    2.1500E-04
5.4418E-01  9.6593E-01 2.8450E+02    1.0133E-02    1.2808E-08    7.1609E-01   -1.8584E+00    4.6500E+01    2.1500E-04
1.8022E-01  1.0080E+00 2.8635E+02    1.1466E-02    1.2306E-08    7.3254E-01   -2.0972E+00    4.8664E+01    2.1500E-04
0.0000E+00  1.0294E+00 2.8728E+02    1.2136E-02    1.2400E-08    7.8759E+00   -3.4480E+00    4.9780E+01    2.1500E-04
