     ALT          P          T          FH2O           O3           THEAT        TCOOL        PSATCO2        FCO2
7.3745E+01  3.2610E-05 2.2204E+02    4.9608E-06    7.5760E-08    3.6477E+01   -6.7862E+01    6.5279E+00    2.1200E-04
7.2619E+01  3.8505E-05 2.2341E+02    5.2058E-06    9.6438E-08    5.1266E+00   -4.4345E+01    6.9001E+00    2.1200E-04
7.1495E+01  4.5410E-05 2.2483E+02    5.4156E-06    1.2392E-07    2.4008E+00   -2.8319E+01    7.3057E+00    2.1200E-04
7.0372E+01  5.3485E-05 2.2632E+02    5.6102E-06    1.5963E-07    2.2818E+00   -1.8057E+01    7.7495E+00    2.1200E-04
6.9251E+01  6.2917E-05 2.2787E+02    5.7797E-06    1.9991E-07    2.4445E+00   -1.1935E+01    8.2323E+00    2.1200E-04
6.8132E+01  7.3918E-05 2.2946E+02    5.9363E-06    2.4255E-07    2.6405E+00   -8.5430E+00    8.7534E+00    2.1200E-04
6.7014E+01  8.6734E-05 2.3110E+02    6.0735E-06    2.8725E-07    2.8480E+00   -6.7701E+00    9.3110E+00    2.1200E-04
6.5897E+01  1.0164E-04 2.3276E+02    6.1952E-06    3.3436E-07    3.0691E+00   -5.9062E+00    9.9034E+00    2.1200E-04
6.4781E+01  1.1897E-04 2.3443E+02    6.3068E-06    3.8543E-07    3.3225E+00   -5.5408E+00    1.0528E+01    2.1200E-04
6.3667E+01  1.3907E-04 2.3610E+02    6.4066E-06    4.4234E-07    3.6061E+00   -5.4254E+00    1.1183E+01    2.1200E-04
6.2554E+01  1.6236E-04 2.3777E+02    6.4856E-06    5.0551E-07    3.9208E+00   -5.4308E+00    1.1867E+01    2.1200E-04
6.1443E+01  1.8931E-04 2.3943E+02    6.5684E-06    5.7659E-07    4.2711E+00   -5.5051E+00    1.2576E+01    2.1200E-04
6.0334E+01  2.2046E-04 2.4108E+02    6.6349E-06    6.5478E-07    4.6491E+00   -5.6114E+00    1.3311E+01    2.1200E-04
5.9227E+01  2.5641E-04 2.4272E+02    6.7014E-06    7.4182E-07    5.0553E+00   -5.7438E+00    1.4070E+01    2.1200E-04
5.8122E+01  2.9784E-04 2.4434E+02    6.7551E-06    8.3627E-07    5.4763E+00   -5.8920E+00    1.4854E+01    2.1200E-04
5.7019E+01  3.4554E-04 2.4594E+02    6.8092E-06    9.4025E-07    5.9101E+00   -6.0563E+00    1.5662E+01    2.1200E-04
5.5919E+01  4.0037E-04 2.4754E+02    6.8532E-06    1.0528E-06    6.3434E+00   -6.2292E+00    1.6494E+01    2.1200E-04
5.4822E+01  4.6332E-04 2.4912E+02    6.8871E-06    1.1811E-06    6.7900E+00   -6.4089E+00    1.7353E+01    2.1200E-04
5.3728E+01  5.3548E-04 2.5069E+02    6.9209E-06    1.3230E-06    7.2241E+00   -6.5837E+00    1.8237E+01    2.1200E-04
5.2637E+01  6.1811E-04 2.5226E+02    6.9523E-06    1.4777E-06    7.6248E+00   -6.7453E+00    1.9149E+01    2.1200E-04
5.1549E+01  7.1259E-04 2.5381E+02    6.9740E-06    1.6555E-06    8.0051E+00   -6.9017E+00    2.0089E+01    2.1200E-04
5.0465E+01  8.2048E-04 2.5536E+02    6.9957E-06    1.8564E-06    8.3393E+00   -7.0514E+00    2.1057E+01    2.1200E-04
4.9384E+01  9.4351E-04 2.5690E+02    7.0100E-06    2.0800E-06    8.5994E+00   -7.1945E+00    2.2054E+01    2.1200E-04
4.8306E+01  1.0836E-03 2.5843E+02    7.0189E-06    2.3261E-06    8.7679E+00   -7.4093E+00    2.3081E+01    2.1200E-04
4.7233E+01  1.2430E-03 2.6001E+02    7.0200E-06    2.5843E-06    8.8026E+00   -7.7032E+00    2.4173E+01    2.1200E-04
4.6163E+01  1.4240E-03 2.6151E+02    7.0100E-06    2.8738E-06    8.7336E+00   -7.9743E+00    2.5246E+01    2.1200E-04
4.5099E+01  1.6293E-03 2.6256E+02    6.9970E-06    3.1875E-06    8.5387E+00   -8.0768E+00    2.6016E+01    2.1200E-04
4.4042E+01  1.8618E-03 2.6291E+02    6.9717E-06    3.5198E-06    8.2132E+00   -7.9522E+00    2.6276E+01    2.1200E-04
4.2995E+01  2.1248E-03 2.6251E+02    6.9398E-06    3.8657E-06    7.7762E+00   -7.6331E+00    2.5980E+01    2.1200E-04
4.1962E+01  2.4220E-03 2.6143E+02    6.8885E-06    4.2115E-06    7.2521E+00   -7.1792E+00    2.5189E+01    2.1200E-04
4.0944E+01  2.7572E-03 2.5979E+02    6.8316E-06    4.5212E-06    6.6609E+00   -6.6484E+00    2.4021E+01    2.1200E-04
3.9944E+01  3.1349E-03 2.5774E+02    6.7655E-06    4.7832E-06    6.0580E+00   -6.0894E+00    2.2612E+01    2.1200E-04
3.8962E+01  3.5598E-03 2.5539E+02    6.6969E-06    4.9974E-06    5.4909E+00   -5.5400E+00    2.1080E+01    2.1200E-04
3.7999E+01  4.0372E-03 2.5286E+02    6.6149E-06    5.1700E-06    4.9839E+00   -5.0267E+00    1.9512E+01    2.1200E-04
3.7056E+01  4.5729E-03 2.5022E+02    6.5306E-06    5.3070E-06    4.5410E+00   -4.5676E+00    1.7965E+01    2.1200E-04
3.6133E+01  5.1731E-03 2.4750E+02    6.4382E-06    5.4117E-06    4.1543E+00   -4.1622E+00    1.6475E+01    2.1200E-04
3.5230E+01  5.8447E-03 2.4476E+02    6.3475E-06    5.5012E-06    3.8171E+00   -3.8134E+00    1.5062E+01    2.1200E-04
3.4346E+01  6.5953E-03 2.4202E+02    6.2495E-06    5.5624E-06    3.5104E+00   -3.5068E+00    1.3745E+01    2.1200E-04
3.3481E+01  7.4328E-03 2.3934E+02    6.1476E-06    5.6008E-06    3.2279E+00   -3.2288E+00    1.2536E+01    2.1200E-04
3.2635E+01  8.3661E-03 2.3675E+02    6.0461E-06    5.6177E-06    2.9645E+00   -2.9692E+00    1.1446E+01    2.1200E-04
3.1807E+01  9.4048E-03 2.3430E+02    5.9556E-06    5.6011E-06    2.7129E+00   -2.7241E+00    1.0479E+01    2.1200E-04
3.0996E+01  1.0559E-02 2.3202E+02    5.8594E-06    5.5345E-06    2.4685E+00   -2.5181E+00    9.6390E+00    2.1200E-04
3.0202E+01  1.1840E-02 2.2996E+02    5.7541E-06    5.4312E-06    2.2370E+00   -2.2732E+00    8.9203E+00    2.1200E-04
2.9423E+01  1.3260E-02 2.2811E+02    5.6607E-06    5.2778E-06    2.0178E+00   -2.0438E+00    8.3098E+00    2.1200E-04
2.8659E+01  1.4831E-02 2.2645E+02    5.5690E-06    5.0842E-06    1.8157E+00   -1.8326E+00    7.7915E+00    2.1200E-04
2.7910E+01  1.6567E-02 2.2497E+02    5.4790E-06    4.8603E-06    1.6334E+00   -1.6412E+00    7.3488E+00    2.1200E-04
2.7173E+01  1.8484E-02 2.2364E+02    5.3907E-06    4.6000E-06    1.4696E+00   -1.4711E+00    6.9664E+00    2.1200E-04
2.6449E+01  2.0596E-02 2.2243E+02    5.3038E-06    4.3184E-06    1.3257E+00   -1.3227E+00    6.6308E+00    2.1200E-04
2.5738E+01  2.2921E-02 2.2130E+02    5.2185E-06    4.0345E-06    1.2018E+00   -1.1943E+00    6.3309E+00    2.1200E-04
2.5038E+01  2.5476E-02 2.2024E+02    5.1345E-06    3.7395E-06    1.0926E+00   -1.0834E+00    6.0582E+00    2.1200E-04
2.4351E+01  2.8280E-02 2.1923E+02    5.0520E-06    3.4430E-06    9.9529E-01   -9.8616E-01    5.8065E+00    2.1200E-04
2.3675E+01  3.1353E-02 2.1826E+02    4.9708E-06    3.1472E-06    9.0671E-01   -8.9900E-01    5.5719E+00    2.1200E-04
2.3010E+01  3.4716E-02 2.1732E+02    4.8910E-06    2.8619E-06    8.2522E-01   -8.1874E-01    5.3524E+00    2.1200E-04
2.2356E+01  3.8392E-02 2.1641E+02    4.8126E-06    2.5829E-06    7.4828E-01   -7.4405E-01    5.1297E+00    2.1200E-04
2.1713E+01  4.2403E-02 2.1555E+02    4.7355E-06    2.3245E-06    6.7649E-01   -6.7340E-01    4.8421E+00    2.1200E-04
2.1081E+01  4.6775E-02 2.1472E+02    4.6596E-06    2.0701E-06    6.0721E-01   -6.0798E-01    4.5822E+00    2.1200E-04
2.0460E+01  5.1532E-02 2.1395E+02    4.5850E-06    1.8332E-06    5.4229E-01   -5.4629E-01    4.3502E+00    2.1200E-04
1.9849E+01  5.6702E-02 2.1325E+02    4.5198E-06    1.6138E-06    4.8204E-01   -4.8785E-01    4.1458E+00    2.1200E-04
1.9248E+01  6.2311E-02 2.1261E+02    4.4497E-06    1.3990E-06    4.2517E-01   -4.3344E-01    3.9680E+00    2.1200E-04
1.8657E+01  6.8389E-02 2.1204E+02    4.3905E-06    1.2082E-06    3.7470E-01   -3.8101E-01    3.8151E+00    2.1200E-04
1.8075E+01  7.4965E-02 2.1153E+02    4.3324E-06    1.0266E-06    3.2902E-01   -3.3330E-01    3.6847E+00    2.1200E-04
1.7503E+01  8.2071E-02 2.1109E+02    4.2801E-06    8.6594E-07    2.8959E-01   -2.8998E-01    3.5737E+00    2.1200E-04
1.6940E+01  8.9736E-02 2.1071E+02    4.2351E-06    7.2075E-07    2.5549E-01   -2.5394E-01    3.4794E+00    2.1200E-04
1.6385E+01  9.7994E-02 2.1038E+02    4.1907E-06    5.9069E-07    2.2624E-01   -2.2635E-01    3.3994E+00    2.1200E-04
1.5840E+01  1.0688E-01 2.1009E+02    4.1554E-06    4.7765E-07    2.0046E-01   -1.7928E-01    3.3310E+00    2.1200E-04
1.5304E+01  1.1642E-01 2.0984E+02    4.1232E-06    3.8055E-07    1.7862E-01   -1.6173E-01    3.2734E+00    2.1200E-04
1.4776E+01  1.2665E-01 2.0965E+02    4.0915E-06    3.0036E-07    1.6069E-01   -1.4996E-01    3.2283E+00    2.1200E-04
1.4256E+01  1.3761E-01 2.0952E+02    4.0702E-06    2.3460E-07    1.4601E-01   -1.4324E-01    3.1992E+00    2.1200E-04
1.3744E+01  1.4933E-01 2.0948E+02    4.0598E-06    1.7941E-07    1.3384E-01   -1.4082E-01    3.1900E+00    2.1200E-04
1.3241E+01  1.6184E-01 2.0954E+02    4.0400E-06    1.3636E-07    1.2417E-01   -1.3866E-01    3.2049E+00    2.1200E-04
1.2745E+01  1.7518E-01 2.0972E+02    4.0399E-06    1.0678E-07    1.1715E-01   -1.3373E-01    3.2461E+00    2.1200E-04
1.2257E+01  1.8939E-01 2.1002E+02    4.0301E-06    8.8316E-08    1.1232E-01   -1.2422E-01    3.3150E+00    2.1200E-04
1.1775E+01  2.0448E-01 2.1042E+02    4.2387E-06    7.3788E-08    1.0972E-01   -1.1997E-01    3.4084E+00    2.1200E-04
1.1301E+01  2.2050E-01 2.1091E+02    5.1518E-06    6.3139E-08    1.1101E-01   -1.2848E-01    3.5277E+00    2.1200E-04
1.0834E+01  2.3748E-01 2.1143E+02    6.0844E-06    5.6890E-08    1.1209E-01   -9.6667E-02    3.6584E+00    2.1200E-04
1.0373E+01  2.5544E-01 2.1202E+02    6.6287E-06    5.3086E-08    1.1414E-01   -5.7524E-02    3.8120E+00    2.1200E-04
9.9184E+00  2.7441E-01 2.1344E+02    8.0744E-06    5.0257E-08    1.1978E-01   -1.1568E-01    4.1996E+00    2.1200E-04
9.4670E+00  2.9442E-01 2.1653E+02    1.2236E-05    4.7753E-08    1.3765E-01   -3.7119E-01    5.1688E+00    2.1200E-04
9.0161E+00  3.1549E-01 2.2087E+02    2.1461E-05    4.5413E-08    1.7403E-01   -7.8350E-01    6.2194E+00    2.1200E-04
8.5647E+00  3.3764E-01 2.2519E+02    3.6711E-05    4.3156E-08    2.2454E-01   -1.2069E+00    7.4112E+00    2.1200E-04
8.1133E+00  3.6090E-01 2.2946E+02    6.1213E-05    4.0900E-08    2.8632E-01   -1.5976E+00    8.7519E+00    2.1200E-04
7.6621E+00  3.8527E-01 2.3367E+02    9.9416E-05    3.8667E-08    3.5408E-01   -1.9037E+00    1.0241E+01    2.1200E-04
7.2118E+00  4.1076E-01 2.3778E+02    1.5713E-04    3.6519E-08    4.2491E-01   -2.1123E+00    1.1872E+01    2.1200E-04
6.7628E+00  4.3740E-01 2.4178E+02    2.4150E-04    3.4457E-08    5.0122E-01   -2.2493E+00    1.3633E+01    2.1200E-04
6.3156E+00  4.6517E-01 2.4564E+02    3.6074E-04    3.2393E-08    5.7908E-01   -2.3045E+00    1.5507E+01    2.1200E-04
5.8709E+00  4.9408E-01 2.4934E+02    5.2365E-04    3.0417E-08    6.4487E-01   -2.3103E+00    1.7472E+01    2.1200E-04
5.4291E+00  5.2413E-01 2.5285E+02    7.3903E-04    2.8535E-08    6.9161E-01   -2.2924E+00    1.9506E+01    2.1200E-04
4.9909E+00  5.5530E-01 2.5618E+02    1.0151E-03    2.6691E-08    7.2511E-01   -2.2745E+00    2.1585E+01    2.1200E-04
4.5568E+00  5.8759E-01 2.5932E+02    1.3592E-03    2.4908E-08    7.5207E-01   -2.2320E+00    2.3691E+01    2.1200E-04
4.1274E+00  6.2097E-01 2.6227E+02    1.7775E-03    2.3193E-08    7.7244E-01   -2.1691E+00    2.5807E+01    2.1200E-04
3.7032E+00  6.5543E-01 2.6505E+02    2.2748E-03    2.1525E-08    7.8344E-01   -2.1026E+00    2.7918E+01    2.1200E-04
3.2846E+00  6.9092E-01 2.6766E+02    2.8549E-03    2.0019E-08    7.8518E-01   -2.0092E+00    3.0015E+01    2.1200E-04
2.8720E+00  7.2741E-01 2.7011E+02    3.5207E-03    1.8678E-08    7.8071E-01   -1.8616E+00    3.2092E+01    2.1200E-04
2.4660E+00  7.6487E-01 2.7242E+02    4.2739E-03    1.7432E-08    7.7305E-01   -1.7119E+00    3.4141E+01    2.1200E-04
2.0667E+00  8.0325E-01 2.7479E+02    5.1890E-03    1.6311E-08    7.6842E-01   -1.6183E+00    3.6344E+01    2.1200E-04
1.6743E+00  8.4249E-01 2.7708E+02    6.0871E-03    1.5328E-08    7.4884E-01   -1.5310E+00    3.8570E+01    2.1200E-04
1.2890E+00  8.8253E-01 2.7927E+02    7.1081E-03    1.4483E-08    7.3276E-01   -1.5219E+00    4.0800E+01    2.1200E-04
9.1123E-01  9.2331E-01 2.8135E+02    8.2202E-03    1.3784E-08    7.2101E-01   -1.5884E+00    4.3002E+01    2.1200E-04
5.4123E-01  9.6475E-01 2.8334E+02    9.3176E-03    1.3203E-08    7.1448E-01   -1.7724E+00    4.5186E+01    2.1200E-04
1.7926E-01  1.0068E+00 2.8523E+02    1.0679E-02    1.2704E-08    7.3507E-01   -2.0273E+00    4.7349E+01    2.1200E-04
0.0000E+00  1.0282E+00 2.8618E+02    1.1361E-02    1.2800E-08    7.9211E+00   -3.5367E+00    4.8459E+01    2.1200E-04
