     ALT          P          T          FH2O           O3           THEAT        TCOOL        PSATCO2        FCO2
7.3776E+01  3.2610E-05 2.2248E+02    4.4560E-06    7.8682E-08    3.6529E+01   -6.8394E+01    6.6457E+00    2.1300E-04
7.2647E+01  3.8506E-05 2.2385E+02    4.6716E-06    9.9820E-08    5.1103E+00   -4.4449E+01    7.0244E+00    2.1300E-04
7.1520E+01  4.5410E-05 2.2527E+02    4.8676E-06    1.2842E-07    2.4125E+00   -2.8173E+01    7.4368E+00    2.1300E-04
7.0396E+01  5.3485E-05 2.2677E+02    5.0477E-06    1.6481E-07    2.3023E+00   -1.7791E+01    7.8878E+00    2.1300E-04
6.9272E+01  6.2917E-05 2.2832E+02    5.1982E-06    2.0641E-07    2.4725E+00   -1.1636E+01    8.3781E+00    2.1300E-04
6.8150E+01  7.3919E-05 2.2992E+02    5.3407E-06    2.5117E-07    2.6789E+00   -8.2407E+00    8.9070E+00    2.1300E-04
6.7029E+01  8.6736E-05 2.3156E+02    5.4628E-06    2.9642E-07    2.8895E+00   -6.4876E+00    9.4727E+00    2.1300E-04
6.5910E+01  1.0165E-04 2.3322E+02    5.5748E-06    3.4418E-07    3.1138E+00   -5.6494E+00    1.0073E+01    2.1300E-04
6.4792E+01  1.1897E-04 2.3489E+02    5.6767E-06    3.9636E-07    3.3727E+00   -5.3113E+00    1.0707E+01    2.1300E-04
6.3675E+01  1.3907E-04 2.3656E+02    5.7567E-06    4.5458E-07    3.6627E+00   -5.2187E+00    1.1370E+01    2.1300E-04
6.2560E+01  1.6236E-04 2.3824E+02    5.8419E-06    5.1914E-07    3.9843E+00   -5.2589E+00    1.2062E+01    2.1300E-04
6.1447E+01  1.8931E-04 2.3990E+02    5.9088E-06    5.9106E-07    4.3385E+00   -5.3590E+00    1.2781E+01    2.1300E-04
6.0335E+01  2.2046E-04 2.4155E+02    5.9755E-06    6.7132E-07    4.7248E+00   -5.4978E+00    1.3524E+01    2.1300E-04
5.9225E+01  2.5642E-04 2.4318E+02    6.0314E-06    7.5886E-07    5.1323E+00   -5.6585E+00    1.4292E+01    2.1300E-04
5.8118E+01  2.9786E-04 2.4480E+02    6.0785E-06    8.5486E-07    5.5576E+00   -5.8357E+00    1.5085E+01    2.1300E-04
5.7013E+01  3.4556E-04 2.4641E+02    6.1250E-06    9.6044E-07    5.9953E+00   -6.0283E+00    1.5902E+01    2.1300E-04
5.5911E+01  4.0039E-04 2.4800E+02    6.1640E-06    1.0748E-06    6.4316E+00   -6.2293E+00    1.6744E+01    2.1300E-04
5.4812E+01  4.6334E-04 2.4959E+02    6.1990E-06    1.2039E-06    6.8750E+00   -6.4364E+00    1.7611E+01    2.1300E-04
5.3715E+01  5.3551E-04 2.5116E+02    6.2309E-06    1.3464E-06    7.3044E+00   -6.6294E+00    1.8506E+01    2.1300E-04
5.2622E+01  6.1815E-04 2.5272E+02    6.2528E-06    1.5020E-06    7.6991E+00   -6.8107E+00    1.9428E+01    2.1300E-04
5.1532E+01  7.1264E-04 2.5428E+02    6.2746E-06    1.6810E-06    8.0726E+00   -6.9861E+00    2.0378E+01    2.1300E-04
5.0445E+01  8.2053E-04 2.5583E+02    6.2900E-06    1.8829E-06    8.3989E+00   -7.1504E+00    2.1358E+01    2.1300E-04
4.9362E+01  9.4357E-04 2.5737E+02    6.3000E-06    2.1078E-06    8.6506E+00   -7.3056E+00    2.2367E+01    2.1300E-04
4.8283E+01  1.0837E-03 2.5891E+02    6.3096E-06    2.3553E-06    8.8103E+00   -7.5377E+00    2.3407E+01    2.1300E-04
4.7207E+01  1.2431E-03 2.6050E+02    6.3000E-06    2.6145E-06    8.8349E+00   -7.8372E+00    2.4523E+01    2.1300E-04
4.6135E+01  1.4241E-03 2.6197E+02    6.2974E-06    2.9055E-06    8.7565E+00   -8.0859E+00    2.5579E+01    2.1300E-04
4.5069E+01  1.6294E-03 2.6293E+02    6.2761E-06    3.2179E-06    8.5473E+00   -8.1476E+00    2.6296E+01    2.1300E-04
4.4010E+01  1.8619E-03 2.6319E+02    6.2498E-06    3.5506E-06    8.2140E+00   -7.9878E+00    2.6493E+01    2.1300E-04
4.2962E+01  2.1250E-03 2.6273E+02    6.2079E-06    3.9020E-06    7.7769E+00   -7.6434E+00    2.6142E+01    2.1300E-04
4.1928E+01  2.4222E-03 2.6160E+02    6.1598E-06    4.2371E-06    7.2349E+00   -7.1719E+00    2.5309E+01    2.1300E-04
4.0909E+01  2.7574E-03 2.5993E+02    6.0987E-06    4.5391E-06    6.6371E+00   -6.6319E+00    2.4114E+01    2.1300E-04
3.9908E+01  3.1352E-03 2.5785E+02    6.0314E-06    4.8053E-06    6.0424E+00   -6.0711E+00    2.2689E+01    2.1300E-04
3.8926E+01  3.5601E-03 2.5550E+02    5.9628E-06    5.0176E-06    5.4774E+00   -5.5206E+00    2.1147E+01    2.1300E-04
3.7963E+01  4.0376E-03 2.5296E+02    5.8797E-06    5.1782E-06    4.9662E+00   -5.0056E+00    1.9574E+01    2.1300E-04
3.7019E+01  4.5733E-03 2.5032E+02    5.7954E-06    5.3094E-06    4.5238E+00   -4.5468E+00    1.8023E+01    2.1300E-04
3.6095E+01  5.1736E-03 2.4760E+02    5.7030E-06    5.4135E-06    4.1403E+00   -4.1430E+00    1.6529E+01    2.1300E-04
3.5191E+01  5.8453E-03 2.4486E+02    5.6026E-06    5.4944E-06    3.8019E+00   -3.7939E+00    1.5113E+01    2.1300E-04
3.4307E+01  6.5960E-03 2.4212E+02    5.5050E-06    5.5566E-06    3.4980E+00   -3.4879E+00    1.3792E+01    2.1300E-04
3.3441E+01  7.4336E-03 2.3944E+02    5.4111E-06    5.5929E-06    3.2165E+00   -3.2103E+00    1.2578E+01    2.1300E-04
3.2595E+01  8.3670E-03 2.3684E+02    5.3096E-06    5.6000E-06    2.9511E+00   -2.9498E+00    1.1481E+01    2.1300E-04
3.1766E+01  9.4058E-03 2.3437E+02    5.2102E-06    5.5801E-06    2.7001E+00   -2.7035E+00    1.0507E+01    2.1300E-04
3.0955E+01  1.0560E-02 2.3208E+02    5.1129E-06    5.5191E-06    2.4586E+00   -2.4982E+00    9.6601E+00    2.1300E-04
3.0161E+01  1.1841E-02 2.3000E+02    5.0176E-06    5.4113E-06    2.2270E+00   -2.2530E+00    8.9335E+00    2.1300E-04
2.9382E+01  1.3261E-02 2.2812E+02    4.9241E-06    5.2558E-06    2.0081E+00   -2.0230E+00    8.3149E+00    2.1300E-04
2.8618E+01  1.4833E-02 2.2644E+02    4.8325E-06    5.0588E-06    1.8058E+00   -1.8112E+00    7.7886E+00    2.1300E-04
2.7868E+01  1.6569E-02 2.2494E+02    4.7346E-06    4.8331E-06    1.6240E+00   -1.6188E+00    7.3379E+00    2.1300E-04
2.7131E+01  1.8486E-02 2.2357E+02    4.6441E-06    4.5820E-06    1.4627E+00   -1.4480E+00    6.9473E+00    2.1300E-04
2.6408E+01  2.0599E-02 2.2232E+02    4.5573E-06    4.3071E-06    1.3204E+00   -1.2987E+00    6.6033E+00    2.1300E-04
2.5697E+01  2.2924E-02 2.2116E+02    4.4721E-06    4.0218E-06    1.1965E+00   -1.1693E+00    6.2947E+00    2.1300E-04
2.4998E+01  2.5479E-02 2.2006E+02    4.3882E-06    3.7276E-06    1.0874E+00   -1.0571E+00    6.0131E+00    2.1300E-04
2.4310E+01  2.8284E-02 2.1901E+02    4.3058E-06    3.4310E-06    9.9025E-01   -9.5845E-01    5.7524E+00    2.1300E-04
2.3635E+01  3.1357E-02 2.1799E+02    4.2273E-06    3.1430E-06    9.0292E-01   -8.6955E-01    5.5090E+00    2.1300E-04
2.2971E+01  3.4721E-02 2.1700E+02    4.1551E-06    2.8565E-06    8.2139E-01   -7.8798E-01    5.2806E+00    2.1300E-04
2.2318E+01  3.8397E-02 2.1605E+02    4.0769E-06    2.5835E-06    7.4515E-01   -7.1115E-01    5.0077E+00    2.1300E-04
2.1676E+01  4.2409E-02 2.1513E+02    4.0000E-06    2.3155E-06    6.7197E-01   -6.3956E-01    4.7101E+00    2.1300E-04
2.1046E+01  4.6782E-02 2.1426E+02    3.9243E-06    2.0667E-06    6.0343E-01   -5.7208E-01    4.4410E+00    2.1300E-04
2.0425E+01  5.1539E-02 2.1344E+02    3.8566E-06    1.8313E-06    5.3881E-01   -5.0895E-01    4.2002E+00    2.1300E-04
1.9816E+01  5.6710E-02 2.1268E+02    3.7869E-06    1.6099E-06    4.7840E-01   -4.4895E-01    3.9870E+00    2.1300E-04
1.9216E+01  6.2320E-02 2.1198E+02    3.7259E-06    1.4053E-06    4.2301E-01   -3.9176E-01    3.8003E+00    2.1300E-04
1.8627E+01  6.8399E-02 2.1135E+02    3.6670E-06    1.2064E-06    3.7153E-01   -3.3924E-01    3.6379E+00    2.1300E-04
1.8047E+01  7.4977E-02 2.1079E+02    3.6090E-06    1.0260E-06    3.2597E-01   -2.9034E-01    3.4976E+00    2.1300E-04
1.7477E+01  8.2083E-02 2.1028E+02    3.5577E-06    8.6465E-07    2.8649E-01   -2.4649E-01    3.3764E+00    2.1300E-04
1.6916E+01  8.9750E-02 2.0984E+02    3.5128E-06    7.1932E-07    2.5242E-01   -2.1029E-01    3.2719E+00    2.1300E-04
1.6364E+01  9.8009E-02 2.0944E+02    3.4688E-06    5.8952E-07    2.2323E-01   -1.8291E-01    3.1818E+00    2.1300E-04
1.5821E+01  1.0689E-01 2.0909E+02    3.4341E-06    4.7579E-07    1.9746E-01   -1.3557E-01    3.1037E+00    2.1300E-04
1.5287E+01  1.1644E-01 2.0879E+02    3.4021E-06    3.7953E-07    1.7577E-01   -1.1928E-01    3.0371E+00    2.1300E-04
1.4761E+01  1.2667E-01 2.0854E+02    3.3804E-06    2.9930E-07    1.5794E-01   -1.0950E-01    2.9840E+00    2.1300E-04
1.4244E+01  1.3763E-01 2.0837E+02    3.3597E-06    2.3417E-07    1.4340E-01   -1.0402E-01    2.9478E+00    2.1300E-04
1.3736E+01  1.4936E-01 2.0829E+02    3.3397E-06    1.7951E-07    1.3128E-01   -1.0224E-01    2.9321E+00    2.1300E-04
1.3235E+01  1.6187E-01 2.0833E+02    3.3297E-06    1.3602E-07    1.2163E-01   -1.0131E-01    2.9404E+00    2.1300E-04
1.2742E+01  1.7521E-01 2.0850E+02    3.3202E-06    1.0767E-07    1.1476E-01   -9.6582E-02    2.9759E+00    2.1300E-04
1.2256E+01  1.8942E-01 2.0881E+02    3.3299E-06    8.8457E-08    1.1017E-01   -9.2082E-02    3.0428E+00    2.1300E-04
1.1778E+01  2.0452E-01 2.0918E+02    4.0256E-06    7.3999E-08    1.0987E-01   -9.9993E-02    3.1225E+00    2.1300E-04
1.1306E+01  2.2054E-01 2.0972E+02    4.5459E-06    6.3384E-08    1.0965E-01   -9.3925E-02    3.2454E+00    2.1300E-04
1.0841E+01  2.3752E-01 2.1035E+02    5.2564E-06    5.7109E-08    1.1022E-01   -7.7014E-02    3.3916E+00    2.1300E-04
1.0382E+01  2.5548E-01 2.1127E+02    5.9760E-06    5.3274E-08    1.1294E-01   -2.8023E-02    3.6174E+00    2.1300E-04
9.9292E+00  2.7446E-01 2.1259E+02    7.2051E-06    5.0372E-08    1.1827E-01   -1.1953E-01    3.9647E+00    2.1300E-04
9.4783E+00  2.9447E-01 2.1681E+02    1.2692E-05    4.7884E-08    1.4278E-01   -4.8173E-01    5.2363E+00    2.1300E-04
9.0267E+00  3.1555E-01 2.2116E+02    2.2242E-05    4.5534E-08    1.8146E-01   -8.8337E-01    6.2936E+00    2.1300E-04
8.5746E+00  3.3770E-01 2.2548E+02    3.8011E-05    4.3218E-08    2.3316E-01   -1.2946E+00    7.4969E+00    2.1300E-04
8.1225E+00  3.6096E-01 2.2975E+02    6.3316E-05    4.0959E-08    2.9548E-01   -1.6679E+00    8.8498E+00    2.1300E-04
7.6707E+00  3.8534E-01 2.3396E+02    1.0272E-04    3.8719E-08    3.6309E-01   -1.9553E+00    1.0351E+01    2.1300E-04
7.2197E+00  4.1084E-01 2.3807E+02    1.6214E-04    3.6559E-08    4.3350E-01   -2.1487E+00    1.1994E+01    2.1300E-04
6.7701E+00  4.3748E-01 2.4207E+02    2.4885E-04    3.4401E-08    5.0953E-01   -2.2746E+00    1.3767E+01    2.1300E-04
6.3223E+00  4.6525E-01 2.4592E+02    3.7113E-04    3.2416E-08    5.8672E-01   -2.3213E+00    1.5650E+01    2.1300E-04
5.8769E+00  4.9417E-01 2.4961E+02    5.3782E-04    3.0374E-08    6.5110E-01   -2.3229E+00    1.7624E+01    2.1300E-04
5.4346E+00  5.2423E-01 2.5311E+02    7.5773E-04    2.8463E-08    6.9644E-01   -2.3018E+00    1.9664E+01    2.1300E-04
4.9958E+00  5.5541E-01 2.5643E+02    1.0391E-03    2.6616E-08    7.2910E-01   -2.2822E+00    2.1749E+01    2.1300E-04
4.5613E+00  5.8770E-01 2.5956E+02    1.3890E-03    2.4790E-08    7.5547E-01   -2.2365E+00    2.3858E+01    2.1300E-04
4.1314E+00  6.2109E-01 2.6250E+02    1.8136E-03    2.3038E-08    7.7514E-01   -2.1722E+00    2.5976E+01    2.1300E-04
3.7066E+00  6.5555E-01 2.6527E+02    2.3177E-03    2.1440E-08    7.8533E-01   -2.1040E+00    2.8088E+01    2.1300E-04
3.2876E+00  6.9105E-01 2.6786E+02    2.9050E-03    1.9932E-08    7.8640E-01   -2.0070E+00    3.0185E+01    2.1300E-04
2.8747E+00  7.2756E-01 2.7031E+02    3.5782E-03    1.8512E-08    7.8143E-01   -1.8542E+00    3.2261E+01    2.1300E-04
2.4683E+00  7.6502E-01 2.7261E+02    4.3391E-03    1.7240E-08    7.7337E-01   -1.7061E+00    3.4310E+01    2.1300E-04
2.0686E+00  8.0341E-01 2.7499E+02    5.2668E-03    1.6117E-08    7.6860E-01   -1.6178E+00    3.6537E+01    2.1300E-04
1.6758E+00  8.4265E-01 2.7727E+02    6.1618E-03    1.5148E-08    7.4776E-01   -1.5291E+00    3.8764E+01    2.1300E-04
1.2902E+00  8.8270E-01 2.7946E+02    7.2066E-03    1.4378E-08    7.3268E-01   -1.5268E+00    4.0996E+01    2.1300E-04
9.1203E-01  9.2349E-01 2.8153E+02    8.3151E-03    1.3686E-08    7.2020E-01   -1.5945E+00    4.3199E+01    2.1300E-04
5.4170E-01  9.6495E-01 2.8352E+02    9.4433E-03    1.3104E-08    7.1509E-01   -1.7861E+00    4.5387E+01    2.1300E-04
1.7941E-01  1.0070E+00 2.8540E+02    1.0800E-02    1.2604E-08    7.3488E-01   -2.0382E+00    4.7549E+01    2.1300E-04
0.0000E+00  1.0284E+00 2.8635E+02    1.1480E-02    1.2700E-08    7.9149E+00   -3.5233E+00    4.8660E+01    2.1300E-04
