     ALT          P          T          FH2O           O3           THEAT        TCOOL        PSATCO2        FCO2
7.3748E+01  3.2610E-05 2.2206E+02    4.9401E-06    7.5907E-08    3.6477E+01   -6.7885E+01    6.5330E+00    2.1200E-04
7.2621E+01  3.8505E-05 2.2342E+02    5.1752E-06    9.6522E-08    5.1264E+00   -4.4349E+01    6.9055E+00    2.1200E-04
7.1497E+01  4.5410E-05 2.2485E+02    5.3950E-06    1.2431E-07    2.4022E+00   -2.8313E+01    7.3113E+00    2.1200E-04
7.0374E+01  5.3485E-05 2.2634E+02    5.5897E-06    1.5953E-07    2.2810E+00   -1.8041E+01    7.7554E+00    2.1200E-04
6.9253E+01  6.2916E-05 2.2789E+02    5.7593E-06    1.9981E-07    2.4439E+00   -1.1928E+01    8.2386E+00    2.1200E-04
6.8134E+01  7.3918E-05 2.2948E+02    5.9137E-06    2.4344E-07    2.6446E+00   -8.5352E+00    8.7600E+00    2.1200E-04
6.7015E+01  8.6734E-05 2.3112E+02    6.0479E-06    2.8815E-07    2.8522E+00   -6.7607E+00    9.3180E+00    2.1200E-04
6.5898E+01  1.0164E-04 2.3278E+02    6.1650E-06    3.3457E-07    3.0698E+00   -5.8939E+00    9.9107E+00    2.1200E-04
6.4783E+01  1.1897E-04 2.3445E+02    6.2766E-06    3.8539E-07    3.3217E+00   -5.5281E+00    1.0536E+01    2.1200E-04
6.3668E+01  1.3907E-04 2.3612E+02    6.3764E-06    4.4239E-07    3.6060E+00   -5.4154E+00    1.1191E+01    2.1200E-04
6.2555E+01  1.6236E-04 2.3779E+02    6.4616E-06    5.0639E-07    3.9246E+00   -5.4252E+00    1.1875E+01    2.1200E-04
6.1444E+01  1.8931E-04 2.3945E+02    6.5383E-06    5.7688E-07    4.2724E+00   -5.4976E+00    1.2585E+01    2.1200E-04
6.0335E+01  2.2046E-04 2.4110E+02    6.6048E-06    6.5548E-07    4.6516E+00   -5.6055E+00    1.3320E+01    2.1200E-04
5.9228E+01  2.5641E-04 2.4274E+02    6.6713E-06    7.4174E-07    5.0549E+00   -5.7393E+00    1.4080E+01    2.1200E-04
5.8123E+01  2.9784E-04 2.4436E+02    6.7250E-06    8.3715E-07    5.4797E+00   -5.8888E+00    1.4864E+01    2.1200E-04
5.7020E+01  3.4554E-04 2.4596E+02    6.7792E-06    9.4113E-07    5.9134E+00   -6.0544E+00    1.5672E+01    2.1200E-04
5.5920E+01  4.0037E-04 2.4756E+02    6.8232E-06    1.0526E-06    6.3423E+00   -6.2281E+00    1.6505E+01    2.1200E-04
5.4823E+01  4.6332E-04 2.4914E+02    6.8571E-06    1.1810E-06    6.7885E+00   -6.4089E+00    1.7364E+01    2.1200E-04
5.3729E+01  5.3548E-04 2.5071E+02    6.8908E-06    1.3228E-06    7.2227E+00   -6.5844E+00    1.8249E+01    2.1200E-04
5.2638E+01  6.1811E-04 2.5228E+02    6.9222E-06    1.4776E-06    7.6235E+00   -6.7469E+00    1.9161E+01    2.1200E-04
5.1550E+01  7.1259E-04 2.5383E+02    6.9440E-06    1.6554E-06    8.0039E+00   -6.9040E+00    2.0101E+01    2.1200E-04
5.0465E+01  8.2048E-04 2.5538E+02    6.9657E-06    1.8563E-06    8.3382E+00   -7.0542E+00    2.1070E+01    2.1200E-04
4.9384E+01  9.4351E-04 2.5692E+02    6.9773E-06    2.0799E-06    8.5985E+00   -7.1973E+00    2.2068E+01    2.1200E-04
4.8307E+01  1.0836E-03 2.5845E+02    6.9889E-06    2.3261E-06    8.7672E+00   -7.4129E+00    2.3095E+01    2.1200E-04
4.7233E+01  1.2430E-03 2.6003E+02    6.9897E-06    2.5846E-06    8.8028E+00   -7.7070E+00    2.4188E+01    2.1200E-04
4.6163E+01  1.4240E-03 2.6153E+02    6.9783E-06    2.8738E-06    8.7331E+00   -7.9783E+00    2.5262E+01    2.1200E-04
4.5099E+01  1.6292E-03 2.6258E+02    6.9670E-06    3.1876E-06    8.5394E+00   -8.0818E+00    2.6034E+01    2.1200E-04
4.4042E+01  1.8618E-03 2.6293E+02    6.9358E-06    3.5258E-06    8.2232E+00   -7.9577E+00    2.6294E+01    2.1200E-04
4.2995E+01  2.1248E-03 2.6253E+02    6.8998E-06    3.8708E-06    7.7823E+00   -7.6359E+00    2.5996E+01    2.1200E-04
4.1962E+01  2.4220E-03 2.6145E+02    6.8584E-06    4.2116E-06    7.2503E+00   -7.1801E+00    2.5201E+01    2.1200E-04
4.0944E+01  2.7572E-03 2.5981E+02    6.8016E-06    4.5213E-06    6.6589E+00   -6.6482E+00    2.4031E+01    2.1200E-04
3.9943E+01  3.1349E-03 2.5775E+02    6.7354E-06    4.7833E-06    6.0565E+00   -6.0885E+00    2.2620E+01    2.1200E-04
3.8961E+01  3.5598E-03 2.5540E+02    6.6669E-06    4.9975E-06    5.4897E+00   -5.5388E+00    2.1086E+01    2.1200E-04
3.7999E+01  4.0372E-03 2.5287E+02    6.5798E-06    5.1701E-06    4.9828E+00   -5.0249E+00    1.9518E+01    2.1200E-04
3.7056E+01  4.5729E-03 2.5022E+02    6.5005E-06    5.3033E-06    4.5381E+00   -4.5655E+00    1.7971E+01    2.1200E-04
3.6132E+01  5.1731E-03 2.4751E+02    6.4082E-06    5.4118E-06    4.1534E+00   -4.1608E+00    1.6480E+01    2.1200E-04
3.5229E+01  5.8447E-03 2.4477E+02    6.3174E-06    5.4917E-06    3.8125E+00   -3.8115E+00    1.5068E+01    2.1200E-04
3.4345E+01  6.5953E-03 2.4204E+02    6.2113E-06    5.5624E-06    3.5102E+00   -3.5057E+00    1.3751E+01    2.1200E-04
3.3480E+01  7.4328E-03 2.3935E+02    6.1175E-06    5.6008E-06    3.2281E+00   -3.2285E+00    1.2543E+01    2.1200E-04
3.2634E+01  8.3661E-03 2.3677E+02    6.0159E-06    5.6177E-06    2.9643E+00   -2.9690E+00    1.1452E+01    2.1200E-04
3.1806E+01  9.4047E-03 2.3431E+02    5.9166E-06    5.5922E-06    2.7101E+00   -2.7231E+00    1.0485E+01    2.1200E-04
3.0995E+01  1.0559E-02 2.3204E+02    5.8193E-06    5.5344E-06    2.4684E+00   -2.5175E+00    9.6451E+00    2.1200E-04
3.0201E+01  1.1840E-02 2.2998E+02    5.7240E-06    5.4310E-06    2.2371E+00   -2.2731E+00    8.9260E+00    2.1200E-04
2.9422E+01  1.3260E-02 2.2812E+02    5.6305E-06    5.2775E-06    2.0179E+00   -2.0436E+00    8.3149E+00    2.1200E-04
2.8658E+01  1.4831E-02 2.2647E+02    5.5389E-06    5.0820E-06    1.8150E+00   -1.8323E+00    7.7962E+00    2.1200E-04
2.7909E+01  1.6567E-02 2.2499E+02    5.4489E-06    4.8499E-06    1.6313E+00   -1.6409E+00    7.3533E+00    2.1200E-04
2.7172E+01  1.8484E-02 2.2366E+02    5.3589E-06    4.5995E-06    1.4695E+00   -1.4709E+00    6.9708E+00    2.1200E-04
2.6448E+01  2.0596E-02 2.2244E+02    5.2636E-06    4.3178E-06    1.3256E+00   -1.3220E+00    6.6351E+00    2.1200E-04
2.5737E+01  2.2921E-02 2.2131E+02    5.1783E-06    4.0339E-06    1.2016E+00   -1.1937E+00    6.3350E+00    2.1200E-04
2.5037E+01  2.5476E-02 2.2025E+02    5.0943E-06    3.7344E-06    1.0916E+00   -1.0830E+00    6.0621E+00    2.1200E-04
2.4350E+01  2.8280E-02 2.1924E+02    5.0118E-06    3.4404E-06    9.9471E-01   -9.8575E-01    5.8102E+00    2.1200E-04
2.3673E+01  3.1353E-02 2.1827E+02    4.9306E-06    3.1465E-06    9.0646E-01   -8.9854E-01    5.5755E+00    2.1200E-04
2.3008E+01  3.4716E-02 2.1733E+02    4.8508E-06    2.8612E-06    8.2499E-01   -8.1826E-01    5.3557E+00    2.1200E-04
2.2355E+01  3.8392E-02 2.1643E+02    4.7724E-06    2.5822E-06    7.4804E-01   -7.4351E-01    5.1342E+00    2.1200E-04
2.1712E+01  4.2403E-02 2.1556E+02    4.6961E-06    2.3237E-06    6.7627E-01   -6.7288E-01    4.8459E+00    2.1200E-04
2.1080E+01  4.6775E-02 2.1473E+02    4.6294E-06    2.0694E-06    6.0701E-01   -6.0779E-01    4.5853E+00    2.1200E-04
2.0458E+01  5.1532E-02 2.1396E+02    4.5548E-06    1.8326E-06    5.4209E-01   -5.4599E-01    4.3526E+00    2.1200E-04
1.9847E+01  5.6701E-02 2.1325E+02    4.4815E-06    1.6132E-06    4.8180E-01   -4.8710E-01    4.1474E+00    2.1200E-04
1.9246E+01  6.2311E-02 2.1261E+02    4.4195E-06    1.3984E-06    4.2497E-01   -4.3295E-01    3.9688E+00    2.1200E-04
1.8655E+01  6.8389E-02 2.1204E+02    4.3604E-06    1.2076E-06    3.7451E-01   -3.8047E-01    3.8151E+00    2.1200E-04
1.8073E+01  7.4965E-02 2.1153E+02    4.3022E-06    1.0261E-06    3.2884E-01   -3.3264E-01    3.6838E+00    2.1200E-04
1.7501E+01  8.2071E-02 2.1109E+02    4.2449E-06    8.6547E-07    2.8938E-01   -2.8895E-01    3.5719E+00    2.1200E-04
1.6938E+01  8.9736E-02 2.1070E+02    4.1949E-06    7.2032E-07    2.5527E-01   -2.5258E-01    3.4766E+00    2.1200E-04
1.6384E+01  9.7994E-02 2.1036E+02    4.1580E-06    5.9032E-07    2.2606E-01   -2.2517E-01    3.3955E+00    2.1200E-04
1.5839E+01  1.0688E-01 2.1007E+02    4.1170E-06    4.7734E-07    2.0027E-01   -1.7775E-01    3.3258E+00    2.1200E-04
1.5302E+01  1.1642E-01 2.0982E+02    4.0921E-06    3.8030E-07    1.7848E-01   -1.6040E-01    3.2670E+00    2.1200E-04
1.4774E+01  1.2665E-01 2.0961E+02    4.0614E-06    3.0016E-07    1.6056E-01   -1.4859E-01    3.2208E+00    2.1200E-04
1.4255E+01  1.3761E-01 2.0948E+02    4.0402E-06    2.3445E-07    1.4589E-01   -1.4179E-01    3.1905E+00    2.1200E-04
1.3743E+01  1.4933E-01 2.0944E+02    4.0297E-06    1.7929E-07    1.3373E-01   -1.3933E-01    3.1804E+00    2.1200E-04
1.3240E+01  1.6184E-01 2.0950E+02    4.0098E-06    1.3628E-07    1.2405E-01   -1.3711E-01    3.1946E+00    2.1200E-04
1.2744E+01  1.7518E-01 2.0968E+02    4.0000E-06    1.0674E-07    1.1700E-01   -1.3188E-01    3.2352E+00    2.1200E-04
1.2256E+01  1.8939E-01 2.0997E+02    4.0000E-06    8.8288E-08    1.1221E-01   -1.2276E-01    3.3036E+00    2.1200E-04
1.1775E+01  2.0448E-01 2.1037E+02    4.1995E-06    7.3769E-08    1.0958E-01   -1.1836E-01    3.3968E+00    2.1200E-04
1.1301E+01  2.2050E-01 2.1086E+02    5.1142E-06    6.3127E-08    1.1089E-01   -1.2724E-01    3.5161E+00    2.1200E-04
1.0833E+01  2.3748E-01 2.1139E+02    6.0475E-06    5.6885E-08    1.1198E-01   -9.6161E-02    3.6471E+00    2.1200E-04
1.0373E+01  2.5544E-01 2.1198E+02    6.5920E-06    5.3084E-08    1.1404E-01   -5.4973E-02    3.8013E+00    2.1200E-04
9.9181E+00  2.7441E-01 2.1337E+02    8.0023E-06    5.0256E-08    1.1957E-01   -1.1373E-01    4.1806E+00    2.1200E-04
9.4668E+00  2.9442E-01 2.1652E+02    1.2227E-05    4.7752E-08    1.3774E-01   -3.7496E-01    5.1668E+00    2.1200E-04
9.0159E+00  3.1549E-01 2.2086E+02    2.1445E-05    4.5412E-08    1.7418E-01   -7.8647E-01    6.2179E+00    2.1200E-04
8.5646E+00  3.3764E-01 2.2518E+02    3.6685E-05    4.3156E-08    2.2469E-01   -1.2092E+00    7.4094E+00    2.1200E-04
8.1131E+00  3.6090E-01 2.2945E+02    6.1171E-05    4.0900E-08    2.8645E-01   -1.5993E+00    8.7500E+00    2.1200E-04
7.6620E+00  3.8527E-01 2.3366E+02    9.9352E-05    3.8666E-08    3.5418E-01   -1.9048E+00    1.0239E+01    2.1200E-04
7.2117E+00  4.1076E-01 2.3778E+02    1.5704E-04    3.6518E-08    4.2495E-01   -2.1129E+00    1.1869E+01    2.1200E-04
6.7627E+00  4.3739E-01 2.4178E+02    2.4136E-04    3.4456E-08    5.0122E-01   -2.2495E+00    1.3630E+01    2.1200E-04
6.3155E+00  4.6517E-01 2.4563E+02    3.6054E-04    3.2392E-08    5.7905E-01   -2.3047E+00    1.5504E+01    2.1200E-04
5.8708E+00  4.9408E-01 2.4933E+02    5.2338E-04    3.0417E-08    6.4484E-01   -2.3104E+00    1.7469E+01    2.1200E-04
5.4290E+00  5.2413E-01 2.5285E+02    7.3868E-04    2.8534E-08    6.9158E-01   -2.2924E+00    1.9503E+01    2.1200E-04
4.9908E+00  5.5530E-01 2.5618E+02    1.0147E-03    2.6691E-08    7.2508E-01   -2.2745E+00    2.1582E+01    2.1200E-04
4.5568E+00  5.8759E-01 2.5932E+02    1.3587E-03    2.4908E-08    7.5203E-01   -2.2320E+00    2.3688E+01    2.1200E-04
4.1274E+00  6.2097E-01 2.6227E+02    1.7768E-03    2.3193E-08    7.7242E-01   -2.1691E+00    2.5804E+01    2.1200E-04
3.7031E+00  6.5542E-01 2.6505E+02    2.2740E-03    2.1525E-08    7.8342E-01   -2.1026E+00    2.7915E+01    2.1200E-04
3.2845E+00  6.9092E-01 2.6765E+02    2.8540E-03    2.0019E-08    7.8517E-01   -2.0092E+00    3.0012E+01    2.1200E-04
2.8720E+00  7.2741E-01 2.7011E+02    3.5196E-03    1.8678E-08    7.8070E-01   -1.8617E+00    3.2088E+01    2.1200E-04
2.4660E+00  7.6487E-01 2.7242E+02    4.2727E-03    1.7432E-08    7.7305E-01   -1.7120E+00    3.4138E+01    2.1200E-04
2.0667E+00  8.0325E-01 2.7479E+02    5.1877E-03    1.6311E-08    7.6843E-01   -1.6184E+00    3.6340E+01    2.1200E-04
1.6742E+00  8.4248E-01 2.7707E+02    6.0858E-03    1.5328E-08    7.4887E-01   -1.5311E+00    3.8567E+01    2.1200E-04
1.2890E+00  8.8253E-01 2.7927E+02    7.1063E-03    1.4483E-08    7.3277E-01   -1.5219E+00    4.0797E+01    2.1200E-04
9.1122E-01  9.2331E-01 2.8135E+02    8.2185E-03    1.3784E-08    7.2102E-01   -1.5883E+00    4.2999E+01    2.1200E-04
5.4122E-01  9.6475E-01 2.8333E+02    9.3153E-03    1.3203E-08    7.1447E-01   -1.7721E+00    4.5183E+01    2.1200E-04
1.7926E-01  1.0068E+00 2.8523E+02    1.0677E-02    1.2704E-08    7.3506E-01   -2.0270E+00    4.7345E+01    2.1200E-04
0.0000E+00  1.0282E+00 2.8617E+02    1.1359E-02    1.2800E-08    7.9212E+00   -3.5369E+00    4.8455E+01    2.1200E-04
