   223.095339261053        0.340948806894543E-05
   224.469141685380        0.358556012794973E-05
   225.901474503686        0.373618883136596E-05
   227.399301129761        0.387170025988634E-05
   228.955165521794        0.399407479507743E-05
   230.557223543974        0.410663145681846E-05
   232.193105576051        0.420128146860148E-05
   233.851048180976        0.429086390042024E-05
   235.520391285393        0.436814532171624E-05
   237.192009120895        0.443535103375270E-05
   238.858660413178        0.450247214182477E-05
   240.515161389782        0.455949803314738E-05
   242.158339937411        0.460425391187623E-05
   243.786789646034        0.464876006904555E-05
   245.400483022005        0.468659124388260E-05
   247.000323076855        0.471875065762566E-05
   248.587712854594        0.475085546303014E-05
   250.164205476888        0.477579868063574E-05
   251.731268596454        0.479488806722288E-05
   253.290165487596        0.481681201470780E-05
   254.841929538585        0.482867028445599E-05
   256.387395922103        0.484000000000000E-05
   257.927254886597        0.484000000000000E-05
   259.478061061132        0.483617966902526E-05
   261.061309620931        0.482461250633820E-05
   262.338821459476        0.480313893283838E-05
   263.004234270712        0.477359858077606E-05
   262.950395007498        0.474130603669776E-05
   262.185361342744        0.468926069032788E-05
   260.786719230614        0.462745693516031E-05
   258.873272464366        0.455557957336715E-05
   256.574082763326        0.447606562094278E-05
   254.002552295285        0.438815647606681E-05
   251.245344724342        0.430236738857641E-05
   248.361239775826        0.420912578082968E-05
   245.388694077054        0.410161596831133E-05
   242.359890435183        0.400489433696845E-05
   239.310074232132        0.390079227623797E-05
   236.280525858845        0.379916694549060E-05
   233.319018770889        0.369994981036378E-05
   230.477453990013        0.360211100338246E-05
   227.810870920825        0.349868265799480E-05
   225.356351128674        0.340633906604809E-05
   223.127704252435        0.331597313197245E-05
   221.121275929497        0.322750962158655E-05
   219.321051622678        0.314074929998559E-05
   217.703877483732        0.306576471078919E-05
   216.244296710488        0.298213384515771E-05
   214.917594522901        0.290847701930342E-05
   213.701886320964        0.282953161337906E-05
   212.579558964334        0.275519331863827E-05
   211.537815850450        0.268232639487774E-05
   210.568375485350        0.261645970399126E-05
   209.667221014578        0.255024071677804E-05
   208.833527796950        0.248173276959262E-05
   208.068458108196        0.242095661054985E-05
   207.374144458352        0.236119325143664E-05
   206.753201002740        0.230224409546142E-05
   206.207089597281        0.224740411301455E-05
   205.735576853649        0.219714896537572E-05
   205.336057191753        0.214679765904334E-05
   205.003931594307        0.210942919103837E-05
   204.734067047681        0.206898554671634E-05
   204.521968780706        0.203457115320523E-05
   204.358982889718        0.200287723681590E-05
   204.244943519803        0.198110986096623E-05
   204.192614031708        0.196060978740060E-05
   204.221659255593        0.194041488371253E-05
   204.351784495154        0.193025886575661E-05
   204.596028599491        0.192045348873715E-05
   204.981514000101        0.192920913643299E-05
   205.266553323261        0.231479657508611E-05
   205.910012012532        0.262405321401527E-05
   206.744728240926        0.316224908615365E-05
   208.388572610426        0.397054080341921E-05
   210.154603619999        0.511837438569609E-05
   214.124262811308        0.884486553332752E-05
   218.517198516910        0.158166723032906E-04
   222.892829102861        0.275768256501242E-04
   227.233723633483        0.468574709347281E-04
   231.518762266233        0.775372353306125E-04
   235.723480016827        0.124840422491923E-03
   239.821231541844        0.195397095707757E-03
   243.785236536353        0.297083610162145E-03
   247.591229081893        0.438618127771216E-03
   251.220103740862        0.628980916916428E-03
   254.659808772967        0.876812648393158E-03
   257.905743470499        0.118993054799401E-02
   260.959916189557        0.157504507887294E-02
   263.829358886355        0.203767201646485E-02
   266.524345525002        0.258217771168751E-02
   269.056805413595        0.321188312746951E-02
   271.439109236650        0.392916895165125E-02
   273.752099769407        0.477283001993678E-02
   276.110404400512        0.569596641233420E-02
   278.357651311494        0.660677322493791E-02
   280.502344073736        0.775099909222406E-02
   282.540078333368        0.884034070298161E-02
   284.495627745747        0.101326039951732E-01
   286.350213860049        0.114656889551774E-01
   287.282022014018        0.121361062449804E-01
