   222.933608154232        0.383776655443446E-05
   224.305580286323        0.402577087874346E-05
   225.736835501171        0.419831591488183E-05
   227.234428416901        0.435539361225110E-05
   228.790837930415        0.448711702148164E-05
   230.394129499630        0.460963173767800E-05
   232.031856705162        0.471364373065611E-05
   233.692192702158        0.481345771523860E-05
   235.364419260775        0.489985535392641E-05
   237.039351022829        0.497703955632324E-05
   238.709681562136        0.504413960113267E-05
   240.370154388319        0.511075965852662E-05
   242.017516921567        0.516533575892658E-05
   243.650275985908        0.520983202570104E-05
   245.268313850878        0.525424055082153E-05
   246.872443693422        0.528927741140742E-05
   248.463983720622        0.533137770377631E-05
   250.044412370613        0.535342096270445E-05
   251.615138593234        0.538540520799771E-05
   253.177389839034        0.540000000000000E-05
   254.732195056258        0.541918392694880E-05
   256.280426828357        0.543000000000000E-05
   257.822866775256        0.544000000000000E-05
   259.360267443390        0.544000000000000E-05
   260.981626330061        0.543000000000000E-05
   262.378089333832        0.541261830619799E-05
   263.203043822011        0.539125225640299E-05
   263.315414276844        0.536011842286679E-05
   262.712751496530        0.531727980829507E-05
   261.472650143886        0.526523187007279E-05
   259.715464017706        0.520221108826459E-05
   257.572332432016        0.513221829084977E-05
   255.161400283235        0.505217525484374E-05
   252.573472806443        0.496605434279637E-05
   249.872414395107        0.487192223583822E-05
   247.101959834173        0.477975703040945E-05
   244.296714896537        0.467960586164038E-05
   241.491244238612        0.457774517615555E-05
   238.723861224804        0.447439012558482E-05
   236.035819458458        0.437324391813556E-05
   233.469524579167        0.427433721692003E-05
   231.070009359970        0.417770056714491E-05
   228.864649769245        0.408294081802745E-05
   226.858316725691        0.399026135388542E-05
   225.039761431822        0.389935010732953E-05
   223.387692402122        0.381027383415744E-05
   221.875999515209        0.372279071071653E-05
   220.478043316375        0.363705887252191E-05
   219.170134959478        0.355268780026563E-05
   217.933365877333        0.346997960192052E-05
   216.754211189996        0.338867393295117E-05
   215.624891511478        0.331398102783224E-05
   214.542871953448        0.324034404294442E-05
   213.509819913225        0.316439639513605E-05
   212.530560081470        0.309742177462864E-05
   211.612082693379        0.302915002086574E-05
   210.762303896956        0.295982248870560E-05
   209.988220402030        0.289827684519567E-05
   209.293927274335        0.283925379442924E-05
   208.679507284468        0.278123166248845E-05
   208.141636284660        0.272935966115434E-05
   207.674884364138        0.268446349325985E-05
   207.273597424261        0.264029212399366E-05
   206.933087039841        0.260512790579435E-05
   206.645010773657        0.257304225795544E-05
   206.409717469031        0.254146217256496E-05
   206.239775092462        0.252025157777099E-05
   206.152964138968        0.249992362524497E-05
   206.168067728069        0.248987763928875E-05
   206.313469924913        0.247998325900402E-05
   206.573657777724        0.247023410712543E-05
   206.963553482699        0.285021406710143E-05
   207.475787034058        0.326386243010252E-05
   208.023297952208        0.375438938145638E-05
   208.787620129481        0.420246830244671E-05
   210.546494425106        0.540689718589867E-05
   213.266267296436        0.788644644968339E-05
   217.644862015227        0.141414604623884E-04
   222.008072248067        0.247260570866593E-04
   226.339635713643        0.421414571583822E-04
   230.620069101554        0.699699209118983E-04
   234.826779449695        0.113094186944991E-03
   238.934175697193        0.177794114273297E-03
   242.915438383799        0.271637066664568E-03
   246.745722913246        0.403139120816732E-03
   250.404790913473        0.581228931465965E-03
   253.878942146967        0.814643445610273E-03
   257.161735015694        0.111140563708853E-02
   260.253466381284        0.147848561345747E-02
   263.159794694638        0.192166249824865E-02
   265.890031509343        0.244553785369257E-02
   268.455524411272        0.305362671256940E-02
   270.868360820282        0.374846233374524E-02
   273.161123113470        0.454574539029254E-02
   275.546007402353        0.547939770397735E-02
   277.806475079427        0.636643633316566E-02
   279.974312773189        0.747502189193810E-02
   282.029216702865        0.857374948805316E-02
   283.999870307037        0.978412518066966E-02
   285.870429823838        0.111289899389176E-01
   286.808481437584        0.118040683135020E-01
