   222.551058089838        0.437865873289885E-05
   223.918486754772        0.459190915929003E-05
   225.345832485439        0.477982051278698E-05
   226.840228365403        0.495247661124729E-05
   228.394116709414        0.510993484449762E-05
   229.995522453117        0.524460004623357E-05
   231.631981122572        0.536429612462880E-05
   233.291661256989        0.547631512711383E-05
   234.963837901398        0.556858219863501E-05
   236.639304163420        0.565794987859140E-05
   238.310709372561        0.573290617947263E-05
   239.972727288454        0.579975178499474E-05
   241.622012296732        0.586649219105185E-05
   243.256961487764        0.592206809031825E-05
   244.877340201476        0.596956166660223E-05
   246.483847765713        0.601529877962803E-05
   248.077700302425        0.605470663756882E-05
   249.660291102927        0.608871058450130E-05
   251.232961556250        0.612129588591552E-05
   252.796885089225        0.614317318988059E-05
   254.353041755175        0.616498565985792E-05
   255.902248120765        0.617673029617955E-05
   257.445207277121        0.618840419263524E-05
   258.982553683928        0.618999999999999E-05
   260.581237400023        0.618999999999999E-05
   262.036286310144        0.617702273208224E-05
   262.986589272903        0.615568609301140E-05
   263.232708893777        0.612901540194913E-05
   262.748749215259        0.609064250433521E-05
   261.606575834589        0.604572594095870E-05
   259.927591415134        0.598747471015989E-05
   257.848039148933        0.591741510461154E-05
   255.491509199562        0.584128995845981E-05
   252.953821944692        0.575779439455122E-05
   250.303365167426        0.567345291285505E-05
   247.586699101706        0.558109714214885E-05
   244.840431959881        0.548073137709495E-05
   242.100910454871        0.538279036575823E-05
   239.408024602273        0.528892639021019E-05
   236.804284079688        0.518736604870522E-05
   234.333191620376        0.508806521838869E-05
   232.039639558093        0.499071559168525E-05
   229.949733659132        0.489544123223180E-05
   228.066588039080        0.480204717046156E-05
   226.377527254461        0.471040838416593E-05
   224.859588124918        0.462051844341778E-05
   223.484268659993        0.452920965413512E-05
   222.221899130965        0.443545696263999E-05
   221.045439038720        0.435024082071201E-05
   219.932562520224        0.426642072242304E-05
   218.866810178268        0.419346800549952E-05
   217.837906802124        0.411316227873951E-05
   216.840830827029        0.403359312542496E-05
   215.875382247554        0.395547139130316E-05
   214.946000568134        0.387858502621601E-05
   214.060416413904        0.380751729550093E-05
   213.227438916077        0.373876419619046E-05
   212.455367389732        0.367486681171209E-05
   211.749725969283        0.360506351920515E-05
   211.112696847086        0.354622038520383E-05
   210.542873059034        0.349271269646660E-05
   210.035768665081        0.344149342620358E-05
   209.585951126539        0.339245642625579E-05
   209.189084458323        0.335633525528904E-05
   208.838552522361        0.332385609594279E-05
   208.535443205341        0.329190371066339E-05
   208.291475610329        0.327031199674048E-05
   208.124849948054        0.324968711387332E-05
   208.053253834918        0.322969459234371E-05
   208.110428615263        0.321970357571553E-05
   208.283314493433        0.321013460545657E-05
   208.585286341491        0.321982668982384E-05
   208.979261990543        0.390755943538402E-05
   209.526962301685        0.442322982456080E-05
   210.134036954864        0.509592581350237E-05
   211.155911720247        0.588376823683012E-05
   212.602492832765        0.721263553827996E-05
   216.896066129733        0.128366202241680E-04
   221.244121321636        0.224871027179228E-04
   225.565579562529        0.384177525793157E-04
   229.841329321579        0.639712653581297E-04
   234.048798978815        0.103739027447762E-03
   238.162748888707        0.163686886938574E-03
   242.156918235597        0.251100287882625E-03
   246.006381278582        0.374297197518122E-03
   249.690111598463        0.542131734615150E-03
   253.193057318340        0.763396304963864E-03
   256.507166943065        0.104627199011749E-02
   259.631202257618        0.139794610786081E-02
   262.569572348007        0.182443187638971E-02
   265.330684376573        0.233054930826504E-02
   267.925307030120        0.291999903845623E-02
   270.365216939326        0.359546363397958E-02
   272.662217224203        0.435869266615648E-02
   275.045336214839        0.528707273871728E-02
   277.324056456173        0.618139071387093E-02
   279.510783942584        0.723252755709457E-02
   281.581849863846        0.834008252706153E-02
   283.562638542515        0.947647360648343E-02
   285.448168159690        0.108323667213484E-01
   286.392081609142        0.115118135593765E-01
