   198.295267369745        0.112128928772929E-04
   200.034211069664        0.114000000000000E-04
   201.790560242141        0.115155668597679E-04
   203.561811797360        0.116145188377956E-04
   205.341077168961        0.117118830642816E-04
   207.121380367891        0.118076619007143E-04
   208.896863130010        0.119018582966862E-04
   210.662780422983        0.120000000000000E-04
   212.415292399465        0.120853982323012E-04
   214.151322638805        0.121000000000000E-04
   215.868492889777        0.122000000000000E-04
   217.565100699097        0.122488337108951E-04
   219.240109549039        0.123000000000000E-04
   220.893124220278        0.123000000000000E-04
   222.524328570950        0.123981787974797E-04
   224.134376538803        0.124000000000000E-04
   225.724248729145        0.124000000000000E-04
   227.295105494796        0.124331474682085E-04
   228.848169975866        0.125000000000000E-04
   230.384659141648        0.125000000000000E-04
   231.905761134260        0.125000000000000E-04
   233.412644185283        0.125000000000000E-04
   234.906478080475        0.125000000000000E-04
   236.553287314198        0.124000000000000E-04
   237.758950962945        0.124000000000000E-04
   237.902037167755        0.124000000000000E-04
   236.876587651777        0.123463671376104E-04
   234.895464781777        0.123000000000000E-04
   232.281227490956        0.122257690793965E-04
   229.351833637340        0.121677887241346E-04
   226.368041777374        0.121000000000000E-04
   223.514214768279        0.120565164141741E-04
   220.894153164449        0.120000000000000E-04
   218.541592844028        0.119000000000000E-04
   216.440121614274        0.118013990883529E-04
   214.547262265893        0.117526705021641E-04
   212.815352218079        0.116056781031999E-04
   211.209949409064        0.115600738450245E-04
   209.719165073962        0.115000000000000E-04
   208.350610393787        0.114000000000000E-04
   207.122321144370        0.113328107796595E-04
   206.049749994752        0.112000000000000E-04
   205.135306201884        0.111556916113819E-04
   204.369890515712        0.111000000000000E-04
   203.737385303850        0.109848210522193E-04
   203.218795131006        0.109000000000000E-04
   202.794811136353        0.108200586911571E-04
   202.446195073100        0.107900310332606E-04
   202.154123150002        0.106614425425496E-04
   201.901571929864        0.106000000000000E-04
   201.674510916707        0.105090959478138E-04
   201.463187083352        0.104851736897635E-04
   201.261923595581        0.103627573597711E-04
   201.068427274634        0.103000000000000E-04
   200.883328008675        0.102226658388557E-04
   200.709585130089        0.101049715616066E-04
   200.552461193281        0.100887227051416E-04
   200.418654027453        0.998961781557926E-05
   200.314619189182        0.993651249971779E-05
   200.245276872565        0.987461875088013E-05
   200.211856841483        0.981348007766938E-05
   200.210000675641        0.975529368905069E-05
   200.230571666841        0.970942777579225E-05
   200.262612368931        0.966722767043251E-05
   200.293500670964        0.962563825897588E-05
   200.326633847586        0.958465893830228E-05
   200.390093062478        0.956214661735389E-05
   200.522578384006        0.953339815111964E-05
   200.766643236125        0.951269109124876E-05
   201.130002511794        0.950171091297406E-05
   201.607845636962        0.468152530758360E-05
   202.120926721366        0.155921280344405E-05
   202.703042142879        0.171193865631289E-05
   204.807147656417        0.235495311392152E-05
   208.627712299793        0.410482810179049E-05
   212.260345533758        0.683357136376682E-05
   216.149412542335        0.115616283592762E-04
   220.572664901735        0.205345754504321E-04
   224.970788630782        0.355388535804287E-04
   229.323522162268        0.598935755887293E-04
   233.606815487782        0.982035339909910E-04
   237.793688691030        0.156499251808229E-03
   241.856038177991        0.242183902300575E-03
   245.767232271686        0.363727950681791E-03
   249.504965281860        0.530137029536667E-03
   253.053661643828        0.750322930604994E-03
   256.405638660082        0.103255076525995E-02
   259.560652492525        0.138407084238303E-02
   262.524418326320        0.181096537540241E-02
   265.306717981315        0.231816064592518E-02
   267.919601912401        0.290952633591344E-02
   270.375956826187        0.358799382507644E-02
   272.688503927901        0.435565048302449E-02
   275.093199544205        0.529106855907052E-02
   277.394541112251        0.619232961345557E-02
   279.604517669216        0.726351991292435E-02
   281.699586055106        0.838167583675149E-02
   283.707829817399        0.955697194663399E-02
   285.619785141402        0.109292765921531E-01
   287.439985368948        0.122379392389692E-01
   288.359272820436        0.129482085055951E-01
