   222.036969070338        0.497105931777007E-05
   223.398294013497        0.521601665403802E-05
   224.820180917730        0.542574770218224E-05
   226.309837992180        0.562031663095507E-05
   227.859658090414        0.578979695733835E-05
   229.457606388603        0.594645943028362E-05
   231.091179912108        0.608358247543638E-05
   232.748526946626        0.620528823078931E-05
   234.418909620002        0.631688357304683E-05
   236.093103360611        0.641663895366494E-05
   237.763723063624        0.650173918353464E-05
   239.425383000606        0.657840207825714E-05
   241.074651167658        0.664496008901113E-05
   242.709815719592        0.671139534558315E-05
   244.330519027737        0.676768062202786E-05
   245.937333171177        0.681922158231610E-05
   247.531351145290        0.686321851383991E-05
   249.113852779072        0.689855432949335E-05
   250.686077953950        0.693087723569124E-05
   252.249110133266        0.696226006486484E-05
   253.803849007990        0.698401672023985E-05
   255.351038247540        0.700570584723155E-05
   256.891314303378        0.702000000000000E-05
   258.425251669686        0.703000000000000E-05
   260.001754126467        0.703000000000000E-05
   261.502106464062        0.702000000000000E-05
   262.551046805571        0.700697587840546E-05
   262.899491411705        0.698166771310067E-05
   262.502402414865        0.694980445138084E-05
   261.424365612199        0.690270057859935E-05
   259.786982335030        0.684163460468445E-05
   257.731309862384        0.678160919011010E-05
   255.387256820054        0.670692072524026E-05
   252.856238911423        0.662991058009387E-05
   250.209404652853        0.654058197449384E-05
   247.495447914670        0.644826942161876E-05
   244.752431522421        0.635794440448609E-05
   242.018080856537        0.626141863491882E-05
   239.333725156106        0.616302164110861E-05
   236.742829223837        0.606610330686671E-05
   234.289030858651        0.596676765584559E-05
   232.017281207978        0.586944363685682E-05
   229.953617588466        0.577419287592808E-05
   228.101237242593        0.567415854521283E-05
   226.447302184137        0.557908283054246E-05
   224.968424526842        0.548907753475128E-05
   223.635989891127        0.540072168707385E-05
   222.420246091741        0.531383481720121E-05
   221.293668790839        0.522853984275603E-05
   220.233357344528        0.514453501844295E-05
   219.222351743049        0.506204382354513E-05
   218.250014736692        0.498091584429705E-05
   217.311422527103        0.490109034845471E-05
   216.406687669028        0.482267614596329E-05
   215.539754232882        0.474558315980961E-05
   214.717801700252        0.466968473293610E-05
   213.949593358146        0.460093296243563E-05
   213.243151183989        0.453180200750002E-05
   212.604408467573        0.445978152750784E-05
   212.035427539802        0.440061752853754E-05
   211.534394186683        0.434243202657941E-05
   211.096394515307        0.429017007638821E-05
   210.715218991019        0.424512407270633E-05
   210.385149104810        0.420080145310163E-05
   210.097853626563        0.416539624880922E-05
   209.852255523584        0.413320660046572E-05
   209.657732026914        0.411102110042718E-05
   209.531396803188        0.409023719969610E-05
   209.492736308515        0.406988953761564E-05
   209.560458624517        0.405981899007146E-05
   209.742214936276        0.404990209533701E-05
   210.040569724300        0.404013325277614E-05
   210.435873090483        0.424853628251315E-05
   210.926838031760        0.516432366013068E-05
   211.448596421307        0.609893111711986E-05
   212.040339461528        0.664312776133747E-05
   213.461464257778        0.810235404486935E-05
   216.531431810678        0.122428708101408E-04
   220.874254080574        0.214726523470610E-04
   225.191456379847        0.367304389236466E-04
   229.464444486779        0.612439132179407E-04
   233.671256218761        0.994641626541872E-04
   237.787250612905        0.157204411163562E-03
   241.786587655469        0.241608141632556E-03
   245.644405439449        0.360888515076916E-03
   249.339297920221        0.523850076078951E-03
   252.855503132584        0.739294005981860E-03
   256.184223596929        0.101546591662655E-02
   259.323508004472        0.135965382255260E-02
   262.277147737548        0.177798372952889E-02
   265.053080728345        0.227538316342990E-02
   267.661762872410        0.285564568924250E-02
   270.114794025722        0.352153000526022E-02
   272.423904116179        0.427484713905884E-02
   274.792476520161        0.518997162051786E-02
   277.080529791380        0.608803015978312E-02
   279.275214222869        0.710932831662967E-02
   281.354598098611        0.822144730198928E-02
   283.339141225479        0.931925387669210E-02
   285.232462310285        0.106809096101551E-01
   286.179352948629        0.113625882762588E-01
