   222.606020767004        0.428996473994628E-05
   223.974105384956        0.449316037042898E-05
   225.402028293426        0.468102605918627E-05
   226.896911699124        0.485361390446022E-05
   228.451197695982        0.500113947591162E-05
   230.052907921570        0.513570031756768E-05
   231.689569747283        0.525527031680254E-05
   233.349341836139        0.536734649878267E-05
   235.021491545321        0.545945261254101E-05
   236.696809653004        0.554664831842205E-05
   238.367950449967        0.562362081417836E-05
   240.029600453453        0.569049933183452E-05
   241.678433687209        0.574818316317119E-05
   243.312871672143        0.580260758642196E-05
   244.932706224222        0.585693868757309E-05
   246.538662476705        0.589558960020099E-05
   248.131979661619        0.593530912461067E-05
   249.714070550879        0.596933384007083E-05
   251.286292578115        0.599323151655097E-05
   252.849832818701        0.602350422480849E-05
   254.405683998056        0.604000000000000E-05
   255.954675688807        0.605708120520885E-05
   257.497525141667        0.606000000000000E-05
   259.034882226455        0.607000000000000E-05
   260.636892127739        0.606000000000000E-05
   262.083299800490        0.605663306099825E-05
   263.015707150498        0.603528849583132E-05
   263.243617661644        0.600410603996552E-05
   262.744520858965        0.596628259902190E-05
   261.590937670133        0.591490351648618E-05
   259.903777743221        0.585623515597927E-05
   257.818508828039        0.578822301423085E-05
   255.457789352041        0.570962905959606E-05
   252.916665129441        0.563258074142449E-05
   250.262917268612        0.554137385314410E-05
   247.542781608185        0.544901899417047E-05
   244.792968548488        0.535637778590877E-05
   242.049953039674        0.525033208907133E-05
   239.353553273473        0.515647376982277E-05
   236.745739170406        0.505492317378718E-05
   234.269133754432        0.495563760868646E-05
   231.968164169435        0.485833336064483E-05
   229.868975525636        0.476308184543742E-05
   227.974925654744        0.466974521198183E-05
   226.273620356071        0.457813890506073E-05
   224.742343359790        0.448831852871269E-05
   223.352736127412        0.440003884136269E-05
   222.075288232960        0.431338440291699E-05
   220.882778903205        0.422019985065812E-05
   219.753013055151        0.414450195650970E-05
   218.670075068989        0.406234035243864E-05
   217.624268028840        0.398142245310640E-05
   216.611130176478        0.390196276050423E-05
   215.631283069992        0.382395682367260E-05
   214.689159589930        0.374931382555531E-05
   213.792174078161        0.368169732291070E-05
   212.949243361521        0.360758102684506E-05
   212.168526963328        0.354398234581761E-05
   211.456047752292        0.348311226701362E-05
   210.813984663385        0.341843083291748E-05
   210.240195068315        0.336777520371472E-05
   209.730069062083        0.331680919278211E-05
   209.278673366657        0.327213337519679E-05
   208.882055500076        0.322818868088240E-05
   208.534328674829        0.319372416999294E-05
   208.235042254340        0.316182425652498E-05
   207.995675778109        0.314029243708357E-05
   207.836425088085        0.311984977595370E-05
   207.782774952254        0.310943005366314E-05
   207.842641918250        0.309000000000000E-05
   208.029530649685        0.309017266868206E-05
   208.330735613569        0.310953171828932E-05
   208.776890525369        0.378740158824042E-05
   209.273504948669        0.448374262076528E-05
   209.899852966439        0.491208409696826E-05
   211.040663438973        0.579078961905173E-05
   212.631178156337        0.724025404883257E-05
   216.999082638871        0.130091737625336E-04
   221.349665018354        0.227846895550558E-04
   225.672447756429        0.389128546570122E-04
   229.949042873232        0.647713037398502E-04
   234.156712838827        0.104992015836764E-03
   238.270065549087        0.165584786705862E-03
   242.262741357565        0.253875775116883E-03
   246.109807097872        0.378212694434064E-03
   249.790336598677        0.547462696428667E-03
   253.289467102430        0.770413384866632E-03
   256.599375184879        0.105522644936034E-02
   259.719034991997        0.140906013720701E-02
   262.653032000935        0.183789521725565E-02
   265.409905648490        0.234652099337321E-02
   268.000511792807        0.293861166453759E-02
   270.436675718415        0.361682819889874E-02
   272.730220047530        0.438290272577788E-02
   275.110210626337        0.531195379999945E-02
   277.386608632721        0.620533657339041E-02
   279.571147325607        0.726405382276670E-02
   281.640131230451        0.837046089175651E-02
   283.619878407471        0.951668305408500E-02
   285.503469258933        0.108711351109022E-01
   286.446634103518        0.115500173817120E-01
