   223.081174231431        0.356096979616705E-05
   224.454863059883        0.373440268823037E-05
   225.887388246460        0.389202864884204E-05
   227.385750528957        0.403434284687549E-05
   228.942465949224        0.416139139899927E-05
   230.545650207246        0.428320079256804E-05
   232.182897717516        0.438313513159181E-05
   233.842414072442        0.447298715516481E-05
   235.513510789493        0.455275137853395E-05
   237.187034275898        0.462180025251653E-05
   238.855714864792        0.468891305694467E-05
   240.514339257394        0.474593185929769E-05
   242.159704538413        0.479523383513279E-05
   243.790372412457        0.483976064194256E-05
   245.406282854654        0.488418178430739E-05
   247.008306277488        0.491850629849916E-05
   248.597813673166        0.495272767596977E-05
   250.176327238907        0.497842070574159E-05
   251.745285353493        0.500041506272838E-05
   253.305924162633        0.502000000000001E-05
   254.859252596757        0.503420724989243E-05
   256.406084655558        0.504000000000000E-05
   257.947093420095        0.504772591960240E-05
   259.490159959905        0.504000000000000E-05
   261.096588920151        0.503000000000000E-05
   262.427950556920        0.501755988608474E-05
   263.158426916388        0.499239514850522E-05
   263.174315819723        0.495004019999312E-05
   262.481830795584        0.490816534288537E-05
   261.158001715458        0.485030461463399E-05
   259.320982211611        0.478248750721235E-05
   257.100160790760        0.470270963682193E-05
   254.611353385304        0.462448334277129E-05
   251.943330083909        0.453231562858326E-05
   249.156840091158        0.443858976400138E-05
   246.292441923315        0.434431487290326E-05
   243.382821525235        0.424685600335663E-05
   240.461811973336        0.414175600523279E-05
   237.567570112570        0.403909601465544E-05
   234.742607435484        0.393890853783530E-05
   232.032664708030        0.384099616177594E-05
   229.486594764086        0.374112215976183E-05
   227.135378508670        0.364180899347185E-05
   224.988327823305        0.355014444709075E-05
   223.039327780695        0.346060875048692E-05
   221.271815562641        0.337261323391213E-05
   219.663476554258        0.328651823474893E-05
   218.190523882845        0.320492388454263E-05
   216.830538022170        0.312885947253762E-05
   215.564804208268        0.304784896889682E-05
   214.379526944107        0.297718113750056E-05
   213.265341373788        0.289846143061884E-05
   212.217252577758        0.283099954242235E-05
   211.234012374525        0.275752929645933E-05
   210.317312072785        0.269516911109075E-05
   209.470917301800        0.262665477967868E-05
   208.699200511241        0.256367904508245E-05
   208.005571047903        0.250436495548005E-05
   207.391487772238        0.244597198235892E-05
   206.856396340764        0.239285194473837E-05
   206.397202321672        0.234764930973337E-05
   206.008795098156        0.230316380494719E-05
   205.685808952875        0.225937536193415E-05
   205.423314067758        0.222470849649492E-05
   205.212245087250        0.219287127424344E-05
   205.051851431736        0.217101678227229E-05
   204.954191803134        0.215043434760725E-05
   204.933666114406        0.213016303617146E-05
   205.035604997191        0.212009704534526E-05
   205.231554086665        0.211025856156938E-05
   205.539067545566        0.210056046685843E-05
   205.930593827169        0.252064584543502E-05
   206.519400815903        0.286494751559087E-05
   207.188099410054        0.334334277632693E-05
   208.523243625549        0.404755391184965E-05
   210.199537593839        0.515145795916527E-05
   213.793542846269        0.846331058938618E-05
   218.180983010251        0.151503609146266E-04
   222.551976406681        0.264443802414185E-04
   226.889544587173        0.449871828446989E-04
   231.173127612102        0.745418475954908E-04
   235.378848151334        0.120199246355066E-03
   239.480512284890        0.188454763946745E-03
   243.451449747933        0.287070889515588E-03
   247.267076380065        0.424691829786246E-03
   250.907814445721        0.610283096378582E-03
   254.360962431082        0.852527238756800E-03
   257.621209189119        0.115932415868914E-02
   260.689912519927        0.153748622517826E-02
   263.573588233299        0.199263129623456E-02
   266.282152084302        0.252921611834719E-02
   268.827319777307        0.315063584831821E-02
   271.221361629689        0.385932962949506E-02
   273.520597918834        0.468389860448007E-02
   275.889222018925        0.561111624489851E-02
   278.139631719075        0.649412103588841E-02
   280.293442048966        0.764182767366962E-02
   282.337961706631        0.873487433116762E-02
   284.299993767110        0.999510774306394E-02
   286.160836188824        0.113328029101501E-01
   287.095115801742        0.120050628141577E-01
