   222.136638087083        0.485813030508883E-05
   223.499140606620        0.510116355739073E-05
   224.922081459871        0.531358376274791E-05
   226.412655168140        0.549848963558867E-05
   227.963266802303        0.566828613078595E-05
   229.561897578400        0.582290861741602E-05
   231.196057091765        0.595263624187489E-05
   232.853901631296        0.607440387275069E-05
   234.524697606030        0.617685162850463E-05
   236.199223324750        0.627603509017494E-05
   237.870098607975        0.636132297912919E-05
   239.531946960573        0.643802276529756E-05
   241.181350409495        0.650461764442461E-05
   242.816615278059        0.657072784435867E-05
   244.437404828499        0.662494426572127E-05
   246.044313129715        0.666906660083604E-05
   247.638454838109        0.671308741315561E-05
   249.221130049593        0.675699954250542E-05
   250.793596886411        0.679039716697847E-05
   252.356954798954        0.681222998537397E-05
   253.912117250420        0.683399825925049E-05
   255.459839595743        0.685569895721278E-05
   257.000767960159        0.687000000000000E-05
   258.535484446597        0.687888589366846E-05
   260.115321780852        0.687963141697289E-05
   261.609562897739        0.686822735337885E-05
   262.646903406785        0.685692667893609E-05
   262.983942485509        0.682577781155817E-05
   262.575482511101        0.678967443999363E-05
   261.488060700644        0.674248748105162E-05
   259.845035006776        0.669140599747649E-05
   257.787134919375        0.662136628450508E-05
   255.442997176835        0.654657820735377E-05
   252.912807411630        0.646954939725368E-05
   250.267160506582        0.638409263894734E-05
   247.554342832980        0.629776953784809E-05
   244.812796259275        0.619741988043998E-05
   242.080373588251        0.610076289892808E-05
   239.397745361040        0.600692570115676E-05
   236.807808386836        0.590538334182284E-05
   234.354005443887        0.580602359941246E-05
   232.081406377377        0.570866643992469E-05
   230.016281374850        0.561338558316958E-05
   228.162146345540        0.551988888131731E-05
   226.506465265205        0.542625017818359E-05
   225.025952584835        0.532819773977162E-05
   223.691920860503        0.523981434297532E-05
   222.474395400603        0.515290941603124E-05
   221.345490629740        0.506759033122118E-05
   220.282339020298        0.498356948643651E-05
   219.268054720220        0.490106770346591E-05
   218.291939868706        0.481991840371783E-05
   217.349024499358        0.474008405319852E-05
   216.439340063544        0.466166586549589E-05
   215.566596089322        0.458455832422063E-05
   214.737421661887        0.451222765078784E-05
   213.960076727428        0.444407974293656E-05
   213.242549965712        0.437078586423674E-05
   212.590954693324        0.430872056216142E-05
   212.007343732418        0.423978246094221E-05
   211.489798707375        0.418530232072794E-05
   211.033348527699        0.413440274566387E-05
   210.631836531888        0.408451096696287E-05
   210.279758080611        0.404766903833557E-05
   209.969435596827        0.400663494317929E-05
   209.700486393878        0.397281954956288E-05
   209.483385578328        0.395078367296306E-05
   209.336537372452        0.393002260080365E-05
   209.279710385838        0.390979410120764E-05
   209.333983450808        0.389973643451471E-05
   209.506419027621        0.389000000000000E-05
   209.797052052447        0.389000000000000E-05
   210.202721941852        0.408997905192130E-05
   210.671463965520        0.499242231928336E-05
   211.243604282810        0.565340538872341E-05
   211.856643655837        0.649664993137949E-05
   213.162279656256        0.778208664845880E-05
   216.531705800440        0.122431952493924E-04
   220.874536612121        0.214732146904695E-04
   225.191823869822        0.367317290076630E-04
   229.464968662924        0.612470819880351E-04
   233.671987819027        0.994714101475897E-04
   237.788205305951        0.157219227442367E-03
   241.787743748516        0.241635198021985E-03
   245.645720148914        0.360933384799498E-03
   249.340735624301        0.523919506011778E-03
   252.857049422454        0.739396797811596E-03
   256.185859569753        0.101561173253732E-02
   259.325213841006        0.135985272715570E-02
   262.278905344513        0.177824584837696E-02
   265.054875027329        0.227571847567661E-02
   267.663581851805        0.285606387469749E-02
   270.116628094732        0.352204026272672E-02
   272.425745417122        0.427545798650460E-02
   274.794320049602        0.519064115401215E-02
   277.082383714372        0.608869631584542E-02
   279.277084199425        0.711025484705650E-02
   281.356463853202        0.822236235076680E-02
   283.341035826061        0.932052049473211E-02
   285.234337614511        0.106821510762022E-01
   286.181242017590        0.113638338624663E-01
