   222.770898641037        0.408846452610195E-05
   224.140942998135        0.428835620355399E-05
   225.570577271623        0.446897421775875E-05
   227.066894294043        0.463073825625718E-05
   228.622355108652        0.477714534467670E-05
   230.225004905780        0.490200416475761E-05
   231.862387451717        0.501451994411119E-05
   233.522672311547        0.511426648354890E-05
   235.195136519641        0.521292239158132E-05
   236.870582876733        0.529004103925304E-05
   238.541682420932        0.536707589173054E-05
   240.203144352427        0.542601400996259E-05
   241.851671352038        0.549056529574128E-05
   243.485718479943        0.553752873213379E-05
   245.105113981266        0.558939251215920E-05
   246.710619904368        0.562366741908511E-05
   248.303510722056        0.565892075865729E-05
   249.885231454136        0.569189584418833E-05
   251.457168648304        0.572291593087301E-05
   253.020536444279        0.574482121738748E-05
   254.576354684861        0.576000000000000E-05
   256.125482809856        0.577843364049198E-05
   257.668673345614        0.578000000000000E-05
   259.206618606858        0.578823810778057E-05
   260.817360171059        0.578000000000001E-05
   262.242984327431        0.576521318324634E-05
   263.131682015281        0.574385550826406E-05
   263.314940223598        0.571532510963178E-05
   262.777798372592        0.567339106927922E-05
   261.592528291898        0.562301339443039E-05
   259.879894449235        0.556190472654913E-05
   257.774207449371        0.549247054590219E-05
   255.396624646825        0.541390144310012E-05
   252.840980063625        0.533688373920756E-05
   250.173000899040        0.524429850579579E-05
   247.437299784011        0.515199223245226E-05
   244.669784507493        0.505168442206981E-05
   241.906505450687        0.495337040527115E-05
   239.186398898627        0.485834870206343E-05
   236.551133141219        0.475688446287566E-05
   234.043800176597        0.465770129927887E-05
   231.709123213689        0.456060789673455E-05
   229.573471144895        0.446548386091332E-05
   227.640500195653        0.436278956090051E-05
   225.897753821104        0.427094571200169E-05
   224.322227216012        0.418140703938415E-05
   222.886236173329        0.409332164922594E-05
   221.561382502122        0.400698119313458E-05
   220.321574507321        0.392205982491043E-05
   219.145630418371        0.383867447634661E-05
   218.018137210311        0.375735768341072E-05
   216.930217969927        0.368623281191088E-05
   215.878929647792        0.360714773849833E-05
   214.865782851957        0.352951872116152E-05
   213.896006168241        0.345587937667699E-05
   212.977377936077        0.338795088699899E-05
   212.118600623970        0.332185866549648E-05
   211.327522860546        0.325178213324258E-05
   210.608924962157        0.319203743117817E-05
   209.964380208801        0.313358561270804E-05
   209.392395169029        0.308091347269780E-05
   208.888650537726        0.302961451569465E-05
   208.448056609314        0.298844238837524E-05
   208.065698532916        0.294750136995235E-05
   207.733979706550        0.291335420917159E-05
   207.454737854802        0.288159270482278E-05
   207.243379339705        0.286022554691240E-05
   207.117752526650        0.283985767884448E-05
   207.095136740870        0.282976233878692E-05
   207.183526980389        0.281982155624857E-05
   207.400439257201        0.281002931570948E-05
   207.736651084974        0.283885470361259E-05
   208.210532257692        0.348723543044892E-05
   208.730754939487        0.415300880121663E-05
   209.362508365042        0.455650216891282E-05
   210.774949919396        0.558161234129861E-05
   212.886492834425        0.749386048392361E-05
   217.258658516427        0.134537622978292E-04
   221.615673489290        0.235513405646012E-04
   225.941826053096        0.401877627094565E-04
   230.219785188735        0.668242044310009E-04
   234.427184068865        0.108195581467440E-03
   238.538279847385        0.170419461241844E-03
   242.526502140764        0.260920259780511E-03
   246.366929469851        0.388115299709926E-03
   250.038899297627        0.560898687267564E-03
   253.528018001874        0.788039988907596E-03
   256.827028408327        0.107764738163639E-02
   259.935444985326        0.143680499116813E-02
   262.858286612502        0.187141247860340E-02
   265.604408787253        0.238618329905344E-02
   268.184871057183        0.298472725226731E-02
   270.611608224130        0.366965345898208E-02
   272.896482337457        0.444265294902702E-02
   275.294048271157        0.538263721187285E-02
   277.563640793272        0.627331526451857E-02
   279.741500542390        0.735326257934100E-02
   281.804460894062        0.845639159254252E-02
   283.780625625737        0.962990659877890E-02
   285.658631607350        0.109802592076487E-01
   286.599616532163        0.116575242757446E-01
