   222.719101382928        0.302389295047698E-05
   224.088010529767        0.318174242995885E-05
   225.514135677231        0.331949209132014E-05
   227.004282541382        0.344185516699393E-05
   228.551145584369        0.355401783315139E-05
   230.143113065710        0.364887547420193E-05
   231.768047874213        0.373843994842615E-05
   233.414400310967        0.381588474283472E-05
   235.071700391621        0.388286079647328E-05
   236.730984633754        0.394976251302829E-05
   238.385142980149        0.400658107415191E-05
   240.029091490344        0.405219020593730E-05
   241.659729987371        0.409657440242692E-05
   243.275702920717        0.413544262304846E-05
   244.877021349675        0.416755059143180E-05
   246.464623436051        0.419960995802151E-05
   248.039951229792        0.422322315792235E-05
   249.604605058432        0.425000000000000E-05
   251.160108984626        0.426544722568562E-05
   252.707789984459        0.427727230644049E-05
   254.248748557262        0.428903187321478E-05
   255.783885559965        0.429000000000000E-05
   257.313950480119        0.428765881144052E-05
   258.882712079800        0.427611172771399E-05
   260.386171665546        0.425464334012286E-05
   261.492494881154        0.422658225430139E-05
   261.950478540440        0.418426454846683E-05
   261.655128446581        0.413374077681666E-05
   260.588143763566        0.407215791265626E-05
   258.799170218263        0.399245260038493E-05
   256.391785013021        0.391390482807137E-05
   253.501091556008        0.382733741494416E-05
   250.263155176249        0.373597335597998E-05
   246.792738312823        0.363530032525972E-05
   243.180888625176        0.353449633349006E-05
   239.504064775818        0.344126278393162E-05
   235.833947837036        0.334099461837337E-05
   232.242655402994        0.324310113868246E-05
   228.801733472714        0.314759466030538E-05
   225.577651088796        0.305414685684987E-05
   222.626884972455        0.297244631408446E-05
   219.991974811792        0.288335478231051E-05
   217.686874743672        0.279574286347834E-05
   215.698131720673        0.271954964786096E-05
   213.995145120762        0.264249272563105E-05
   212.538614639134        0.257181840165797E-05
   211.287260277693        0.249490083789461E-05
   210.202146337861        0.242778669575896E-05
   209.249592786740        0.236161939020558E-05
   208.401912208752        0.229637514076955E-05
   207.637076207415        0.223217829697088E-05
   206.938742798586        0.216897380624268E-05
   206.295515775691        0.210649111843212E-05
   205.700485605524        0.205001251806722E-05
   205.150451628155        0.199443341667354E-05
   204.645705358664        0.193481386080788E-05
   204.188754162034        0.188680847353083E-05
   203.782922839508        0.183796371844932E-05
   203.431233579151        0.178467191825947E-05
   203.135158952723        0.173963562687444E-05
   202.893802959528        0.170147074948808E-05
   202.704718814465        0.166154998516455E-05
   202.564503263337        0.162636972343190E-05
   202.469939756347        0.160302728953745E-05
   202.413560893728        0.157315144504961E-05
   202.399686227697        0.155149190685578E-05
   202.439583898987        0.154059078397180E-05
   202.553314342192        0.152115894637667E-05
   202.753815072237        0.151071565717785E-05
   203.055816894245        0.150098957194537E-05
   203.476953500454        0.175312201705821E-05
   203.992554757817        0.197221002296904E-05
   204.533269231033        0.224823196051614E-05
   205.501141607994        0.260546098725004E-05
   208.346393866577        0.394500248586577E-05
   210.545478151666        0.540062113398483E-05
   214.963219231632        0.988594650721469E-05
   219.369830365283        0.176307524163730E-04
   223.755978851658        0.306493751081105E-04
   228.103666430740        0.519114565921666E-04
   232.390444484130        0.855942148454233E-04
   236.590563474787        0.137261238696485E-03
   240.676458237275        0.213877663320572E-03
   244.621132982792        0.323590131174323E-03
   248.400995699471        0.475268059172422E-03
   251.998373588166        0.677898636264808E-03
   255.402980299768        0.939992223878708E-03
   258.612015159672        0.126914112544694E-02
   261.629080132786        0.167179273880958E-02
   264.462434845702        0.215320723075040E-02
   267.123180894214        0.271752962501299E-02
   269.623723266130        0.336790292301489E-02
   271.976639500843        0.410657069404062E-02
   274.339186804680        0.499832435404031E-02
   276.672053193770        0.591142567489530E-02
   278.906885015294        0.689417399826467E-02
   281.029283174760        0.802636005711066E-02
   283.050310013021        0.910660352267454E-02
   284.987068982017        0.104779692723748E-01
   286.826404565865        0.117998406822394E-01
   287.752176175306        0.124657689919198E-01
