   222.167325332927        0.483745479640150E-05
   223.530193881091        0.507065166230606E-05
   224.953472387922        0.528310253635296E-05
   226.444352207939        0.546809029133841E-05
   227.995240755931        0.563796233360492E-05
   229.594121996553        0.578265530619779E-05
   231.228507136953        0.591691909711435E-05
   232.886552860926        0.603422871584134E-05
   234.557525072577        0.614590471742202E-05
   236.232201237606        0.623592484134447E-05
   237.903200796636        0.632499399180973E-05
   239.565148079896        0.639796161198721E-05
   241.214627384619        0.646456729106321E-05
   242.849948636103        0.653070156156387E-05
   244.470779743112        0.658492505608761E-05
   246.077720107686        0.662905445141388E-05
   247.671890112706        0.667308231038083E-05
   249.254595807422        0.671700147303570E-05
   250.827101455671        0.675040162733136E-05
   252.390512892531        0.677223791532569E-05
   253.945750288448        0.679400965186426E-05
   255.493576046393        0.681571380731389E-05
   257.034643563562        0.682999999999999E-05
   258.569542144788        0.683890765093178E-05
   260.150857628779        0.683960616254699E-05
   261.641785717224        0.682819867463006E-05
   262.672442194932        0.681689500821045E-05
   263.003257143051        0.678574383718777E-05
   262.590291774130        0.674960317773829E-05
   261.500144407985        0.670237706390979E-05
   259.855806817211        0.665129291185177E-05
   257.797575701775        0.658125089093381E-05
   255.453713074412        0.650642133215249E-05
   252.924117472208        0.642938939577152E-05
   250.279167633872        0.634392933147001E-05
   247.566963757592        0.625506409144626E-05
   244.825841424372        0.615720674042375E-05
   242.093598111138        0.606050342883022E-05
   239.410877832028        0.596222712656491E-05
   236.820778725054        0.586511213279179E-05
   234.366797432622        0.576574959119861E-05
   232.093893554924        0.566838619867996E-05
   230.028253238275        0.557309970318523E-05
   228.173341420692        0.547960001254836E-05
   226.516539610140        0.537792896784636E-05
   225.034649275345        0.528790191273955E-05
   223.699104186626        0.519951464718810E-05
   222.479999387163        0.511260980615700E-05
   221.349480022333        0.502728892084577E-05
   220.284672726257        0.494326933902869E-05
   219.268660092621        0.486077015951828E-05
   218.290719274259        0.477961987718332E-05
   217.345889066175        0.469978826534727E-05
   216.434253860175        0.462137405377196E-05
   215.559615850022        0.454426749706335E-05
   214.728684725990        0.447198975627761E-05
   213.949689888945        0.440380081011170E-05
   213.230282677269        0.433051529696975E-05
   212.575596965907        0.426845603539943E-05
   211.987773645857        0.419957058717513E-05
   211.465470358259        0.414514058849172E-05
   211.004039960198        0.409421106702737E-05
   210.597434863500        0.404436717675091E-05
   210.240324469266        0.400756898851337E-05
   209.924970685734        0.396651283358691E-05
   209.650877107652        0.393273703217521E-05
   209.429063685172        0.391073507443104E-05
   209.277149688618        0.388999036436421E-05
   209.217602684934        0.387955275960853E-05
   209.268691850120        0.385972267452753E-05
   209.439206439909        0.385000000000000E-05
   209.736180122445        0.385000000000000E-05
   210.128249258731        0.405003756672465E-05
   210.630267905722        0.494737862204632E-05
   211.170607640299        0.587344128661802E-05
   211.815566099951        0.644223948944793E-05
   213.090630103276        0.770711282274443E-05
   216.542698340737        0.122607122567473E-04
   220.885662791984        0.215030952618755E-04
   225.203068716810        0.367814168990551E-04
   229.476301456600        0.613274841054679E-04
   233.683356152622        0.995976988301549E-04
   237.799532570061        0.157411235057009E-03
   241.798933965188        0.241917074146024E-03
   245.656671982097        0.361332457891575E-03
   249.351361341497        0.524464748813950E-03
   252.867286977638        0.740117314067869E-03
   256.195666866128        0.101653477973761E-02
   259.334569614506        0.136100259825764E-02
   262.287806842586        0.177964344233180E-02
   265.063333883032        0.227738141639741E-02
   267.671619500020        0.285800693116635E-02
   270.124271654422        0.352427584421086E-02
   272.433024502462        0.427799657887536E-02
   274.801269826705        0.519330553950906E-02
   277.089079742987        0.609125807810236E-02
   279.283584950087        0.711364873397757E-02
   281.362737059240        0.822563027555112E-02
   283.347218807223        0.932486232672306E-02
   285.240305826520        0.106863327506652E-01
   286.187130822191        0.113679552642038E-01
