   223.016888536152        0.370511295944278E-05
   224.389837317872        0.389134762775256E-05
   225.821861897358        0.405202732843921E-05
   227.319991916248        0.419708791705814E-05
   228.876722892565        0.433231024223094E-05
   230.480142279420        0.444952355935632E-05
   232.117820809933        0.455198640580521E-05
   233.777944735300        0.465139914988684E-05
   235.449807821749        0.473112048366074E-05
   237.124238039673        0.480306489522921E-05
   238.793945156337        0.487019585080241E-05
   240.453692431037        0.493479727176554E-05
   242.100250478984        0.498407992222289E-05
   243.732151878015        0.503390584861428E-05
   245.349305612308        0.507833203607721E-05
   246.952550323011        0.511265199990378E-05
   248.543225702326        0.514343352928541E-05
   250.122824489860        0.517548412476797E-05
   251.692759045609        0.519747556029810E-05
   253.254245104401        0.521940464170346E-05
   254.808280247974        0.523126587019061E-05
   256.355682237822        0.524000000000000E-05
   257.897154060201        0.525000000000000E-05
   259.433355038466        0.525000000000000E-05
   261.059967997056        0.524000000000000E-05
   262.436611366973        0.522051064888252E-05
   263.218513798767        0.519828776188969E-05
   263.284159102824        0.516590687440839E-05
   262.638595613070        0.512098698565162E-05
   261.361048847677        0.505897893769843E-05
   259.571109132844        0.499795932062569E-05
   257.398635276315        0.492402159171367E-05
   254.959326076980        0.484563887008298E-05
   252.342104921702        0.475604158676432E-05
   249.609074858617        0.466206965535186E-05
   246.803163183004        0.457014221797835E-05
   243.958558028627        0.447218277105316E-05
   241.109383456671        0.436663757024985E-05
   238.293799622968        0.426353009473017E-05
   235.552781679179        0.416280463799634E-05
   232.929721432465        0.406419488031329E-05
   230.470672160864        0.396788861874518E-05
   228.203867854019        0.387362411447438E-05
   226.135659514268        0.378132529919839E-05
   224.256976807572        0.369095187162866E-05
   222.548827123574        0.360229711669586E-05
   220.987156803493        0.351537471811489E-05
   219.546852416850        0.343009119466506E-05
   218.205186276549        0.334628050888288E-05
   216.943440281701        0.326413119245286E-05
   215.748396471306        0.319326522233160E-05
   214.612371973258        0.311387121869440E-05
   213.532477614333        0.304498209225946E-05
   212.509437073062        0.296929434865565E-05
   211.546955087511        0.289827609843073E-05
   210.650924684311        0.282987374330885E-05
   209.828026223885        0.276596701860016E-05
   209.083769634664        0.270632907368265E-05
   208.420825299369        0.264760070776592E-05
   207.838577264463        0.259390323864781E-05
   207.333527294182        0.254306106333595E-05
   206.900076203730        0.249376677235846E-05
   206.532344196017        0.245734445063714E-05
   206.226265107646        0.241648162334487E-05
   205.972621223066        0.238290236212231E-05
   205.771177972703        0.236095682536636E-05
   205.634332117544        0.234029991464241E-05
   205.584240681232        0.231997990360411E-05
   205.632056416353        0.230996329803583E-05
   205.799437844237        0.230009545719069E-05
   206.080997245421        0.229037131352529E-05
   206.493217574022        0.273388429956380E-05
   207.021914847563        0.308569073048620E-05
   207.583337300415        0.352588201864114E-05
   208.690948500376        0.414507464830105E-05
   210.345252350760        0.525754843272238E-05
   213.508282636202        0.814654004491107E-05
   217.890796008723        0.145962904998359E-04
   222.257509111965        0.255008568995503E-04
   226.591832680473        0.434252773372186E-04
   230.873736658854        0.720338454474092E-04
   235.079941361856        0.116302995129262E-03
   239.184683416561        0.182611615473624E-03
   243.161215254615        0.278617043322079E-03
   246.984754567973        0.412893409033006E-03
   250.635336621318        0.594384670263740E-03
   254.099690571036        0.831798391800229E-03
   257.371866949005        0.113309212628513E-02
   260.452625588057        0.150514854579796E-02
   263.347998113773        0.195365052949732E-02
   266.067559956077        0.248310382309657E-02
   268.622827347098        0.309693422072473E-02
   271.025991958531        0.379759806215110E-02
   273.333280935432        0.461195706911606E-02
   275.708804779467        0.554192284841920E-02
   277.962216089014        0.642616363118354E-02
   280.122159918575        0.755233658234300E-02
   282.171256201597        0.864790614558495E-02
   284.137548489215        0.988094379160875E-02
   286.003467318059        0.112223904686139E-01
   286.939962663292        0.118963010987226E-01
