   222.691147700219        0.418449065269504E-05
   224.060246028533        0.439431211856733E-05
   225.489065672393        0.457481560640279E-05
   226.984715105495        0.474700054413860E-05
   228.539645387019        0.489390199123631E-05
   230.141889180653        0.501868065264170E-05
   231.778981384516        0.513780130963262E-05
   233.439085448974        0.524194524647931E-05
   235.111472769680        0.534115474140093E-05
   236.786939107630        0.542097451163769E-05
   238.458145866326        0.549523424330925E-05
   240.119789497759        0.556213807362890E-05
   241.768556960051        0.561929163763731E-05
   243.402885351152        0.567372807802463E-05
   245.022583886041        0.571807485635062E-05
   246.628395842115        0.576232675805333E-05
   248.221578317851        0.579823940053250E-05
   249.803560991789        0.583051454633484E-05
   251.375717060116        0.586221388214792E-05
   252.939248550971        0.588410839949976E-05
   254.495163082985        0.590593795067206E-05
   256.044306024004        0.591769954540031E-05
   257.587412204407        0.592939028973118E-05
   259.125151299141        0.593000000000000E-05
   260.731821665035        0.592000000000000E-05
   262.167103249274        0.591598780004168E-05
   263.076927784468        0.589463813748275E-05
   263.283415020425        0.586345241265707E-05
   262.766740579373        0.582497272348224E-05
   261.598938734365        0.577359375604116E-05
   259.900381504902        0.571427517159086E-05
   257.806206097148        0.564421782634135E-05
   255.438644618894        0.556703646172965E-05
   252.891750071808        0.548249265363533E-05
   250.231648984682        0.539816748457051E-05
   247.504535162687        0.530583166036302E-05
   244.747499575684        0.520549035690521E-05
   241.996862622592        0.510656285090523E-05
   239.291367196273        0.500277337371040E-05
   236.672682882392        0.491125730231499E-05
   234.183562901980        0.481201324274978E-05
   231.868707837567        0.471479808069296E-05
   229.754456156647        0.461618101683340E-05
   227.844198644210        0.451636601630698E-05
   226.125190530806        0.442482420948118E-05
   224.574498275760        0.433512305925507E-05
   223.164100567093        0.424692302030026E-05
   221.865067318726        0.416040173199818E-05
   220.651240788796        0.407534320008318E-05
   219.501054099196        0.399176190561385E-05
   218.398353242142        0.390975241888861E-05
   217.333534980382        0.383247729099984E-05
   216.302821018428        0.375965857033376E-05
   215.306978811512        0.368182200889735E-05
   214.350876503583        0.360516136817727E-05
   213.442306423032        0.353490470026654E-05
   212.590137036611        0.346591849149646E-05
   211.802112654666        0.340273715257175E-05
   211.083788124244        0.334175911775199E-05
   210.437316158946        0.327763769716880E-05
   209.861139480127        0.322691328540439E-05
   209.351085603064        0.317622209750051E-05
   208.902377919254        0.313164490251846E-05
   208.510406995796        0.308779539412078E-05
   208.167764482047        0.305349776615877E-05
   207.875712452555        0.303111066855642E-05
   207.648426244783        0.300033937731803E-05
   207.503966332977        0.298967207382160E-05
   207.461872341304        0.296972034184972E-05
   207.533167060330        0.295976062574366E-05
   207.735570762361        0.295014461844564E-05
   208.058276823310        0.297913542115867E-05
   208.515768352261        0.364503449867286E-05
   209.018241302918        0.432418151923845E-05
   209.628042367506        0.472913677501733E-05
   210.915901755742        0.569168545020268E-05
   212.741852899403        0.734915623504177E-05
   217.111434187591        0.131998367883942E-04
   221.465513118922        0.231155760105489E-04
   225.789268571287        0.394608828310923E-04
   230.066320443016        0.656529749592746E-04
   234.273757038288        0.106366906033550E-03
   238.386027028784        0.167658476560334E-03
   242.376669389982        0.256895492699891E-03
   246.220746589406        0.382454534047734E-03
   249.897441113934        0.553212676395375E-03
   253.392092403343        0.777947486121946E-03
   256.697122660666        0.106479467471457E-02
   259.811737105604        0.142087650063283E-02
   262.740702411540        0.185213302800169E-02
   265.492692211408        0.236331410051112E-02
   268.078650386769        0.295805863159435E-02
   270.510452445319        0.363899768025115E-02
   272.799944144373        0.440783910626452E-02
   275.201762612397        0.534718612201441E-02
   277.474275338029        0.623903336183495E-02
   279.655029855321        0.730801701994550E-02
   281.720603783693        0.841257906060374E-02
   283.698238405403        0.957191669445792E-02
   285.578743200615        0.109241155028654E-01
   286.520561517553        0.116020088830218E-01
