   222.297799503820        0.465573315971701E-05
   223.662213681717        0.488907759990074E-05
   225.086862134827        0.509168390111227E-05
   226.578914802879        0.526986546570021E-05
   228.130789292541        0.543711483658988E-05
   229.730480386902        0.558204337698512E-05
   231.365503253383        0.570641397079835E-05
   233.024013989351        0.582389847303199E-05
   234.695277758644        0.592653507308873E-05
   236.370075427858        0.601580603717846E-05
   238.041037710530        0.610121500922258E-05
   239.702810474723        0.617797853591585E-05
   241.352009771468        0.624463701679038E-05
   242.986984994745        0.630078268173200E-05
   244.607447411923        0.635504029410946E-05
   246.214039650960        0.639920358185629E-05
   247.807921898510        0.644326510070895E-05
   249.390434597582        0.647721768532865E-05
   250.962870376816        0.651052600969071E-05
   252.526357859278        0.653237855939325E-05
   254.081835455957        0.655416644673625E-05
   255.630080354766        0.657588665591838E-05
   257.171758056897        0.658753625158699E-05
   258.707467576974        0.659000000000000E-05
   260.294628910412        0.659000000000000E-05
   261.773523412080        0.657999999999999E-05
   262.776882052378        0.656664540573077E-05
   263.078732214053        0.654096377298029E-05
   262.642152139000        0.649906703245392E-05
   261.535085936437        0.645155456905103E-05
   259.880417987217        0.640045594394758E-05
   257.816822502271        0.633040155654311E-05
   255.470038169338        0.625527387618795E-05
   252.939256705950        0.617822785095691E-05
   250.294558878301        0.608843264953965E-05
   247.583558563737        0.599607435298760E-05
   244.843868766968        0.590484006208341E-05
   242.112662256113        0.580724915171768E-05
   239.430347953892        0.570482489128686E-05
   236.839677157391        0.560605445166524E-05
   234.384369643461        0.551389116863441E-05
   232.109320194518        0.541650450035146E-05
   230.040814807056        0.531120059001206E-05
   228.182005778762        0.521770323347428E-05
   226.519788004894        0.512601826937377E-05
   225.030746452458        0.503600085353259E-05
   223.686380466873        0.494760597065932E-05
   222.456995821239        0.486071791152875E-05
   221.315039995030        0.477540006744407E-05
   220.237981965967        0.469140501467543E-05
   219.209171453798        0.460894181902086E-05
   218.217936197083        0.452780772420284E-05
   217.258854696470        0.444801994869057E-05
   216.331418185926        0.436965976733259E-05
   215.439777571238        0.429258908257468E-05
   214.591210984369        0.422064253655857E-05
   213.794221495700        0.415225176707535E-05
   213.056500168684        0.407904347329243E-05
   212.383132843905        0.401754205900735E-05
   211.776188493192        0.395846736399354E-05
   211.233965596740        0.390038385683482E-05
   210.751436881219        0.384862458589179E-05
   210.322624522880        0.380367994687645E-05
   209.942345973019        0.375946858774266E-05
   209.603244865078        0.372448702028829E-05
   209.306393211808        0.369239445855626E-05
   209.062862588994        0.367054810963815E-05
   208.892430869504        0.364983567449478E-05
   208.819225044985        0.362972605817229E-05
   208.860627993250        0.361969413588152E-05
   209.026916854840        0.360981627795836E-05
   209.324275689462        0.360008602372013E-05
   209.742349627687        0.380871588775047E-05
   210.203078447688        0.467852688964682E-05
   210.833985086272        0.533536698193289E-05
   211.540084893798        0.623544148229050E-05
   212.752579218346        0.736213527180529E-05
   216.646693882183        0.124276785705643E-04
   220.991346290615        0.217890128955162E-04
   225.310187012938        0.372581617861902E-04
   229.584449683127        0.621001696513046E-04
   233.791942915963        0.100812249107610E-03
   237.907775448308        0.159258252111379E-03
   241.905909711716        0.244629011762847E-03
   245.761429397995        0.365173181151476E-03
   249.453065549534        0.529714236000173E-03
   252.965318773505        0.747055476984896E-03
   256.289608082636        0.102542369970868E-02
   259.424208497021        0.137207598449448E-02
   262.373112684415        0.179310261255538E-02
   265.144415220091        0.229339640902197E-02
   267.748679071754        0.287672043639769E-02
   270.197566653429        0.354580785802820E-02
   272.502835893712        0.430244845848610E-02
   274.867962708878        0.521891507486115E-02
   277.153371787107        0.611590362938521E-02
   279.345962129063        0.714627065857169E-02
   281.422947235045        0.825706150600411E-02
   283.406581120844        0.936662216005485E-02
   285.297637592567        0.107265887922433E-01
   286.243699631260        0.114076379267979E-01
