     ALT          P          T          FH2O           O3           THEAT        TCOOL        PSATCO2        FCO2
6.0819E+01  3.2610E-05 1.7381E+02    4.7640E-11    4.4315E-09    4.1522E+01   -3.6848E+01    1.5017E-01    6.2712E-04
5.9924E+01  3.8508E-05 1.7363E+02    7.0971E-11    5.4141E-09    3.0577E+00   -9.7258E+00    1.4736E-01    6.3684E-04
5.9032E+01  4.5416E-05 1.7570E+02    1.0621E-10    6.0747E-09    2.6291E+00   -2.6550E+00    1.8217E-01    6.4711E-04
5.8134E+01  5.3494E-05 1.7878E+02    1.6115E-10    6.4096E-09    2.3498E+00   -1.6382E+00    2.4781E-01    6.5731E-04
5.7228E+01  6.2931E-05 1.8197E+02    2.4681E-10    6.5091E-09    2.1046E+00   -1.5378E+00    3.3669E-01    6.6818E-04
5.6314E+01  7.3938E-05 1.8474E+02    3.8184E-10    6.4199E-09    1.8845E+00   -1.5376E+00    4.3540E-01    6.7829E-04
5.5395E+01  8.6762E-05 1.8680E+02    5.9368E-10    6.1513E-09    1.6874E+00   -1.4064E+00    5.2485E-01    6.8917E-04
5.4475E+01  1.0168E-04 1.8805E+02    9.2765E-10    5.7253E-09    1.5109E+00   -1.3072E+00    5.8654E-01    7.0019E-04
5.3560E+01  1.1902E-04 1.8850E+02    1.4446E-09    5.1356E-09    1.3690E+00   -1.2172E+00    6.1006E-01    7.1118E-04
5.2651E+01  1.3913E-04 1.8824E+02    2.2458E-09    4.4023E-09    1.2495E+00   -1.1604E+00    5.9648E-01    7.2209E-04
5.1752E+01  1.6244E-04 1.8745E+02    3.4629E-09    3.5493E-09    1.1542E+00   -1.1238E+00    5.5577E-01    7.3288E-04
5.0866E+01  1.8941E-04 1.8629E+02    5.2715E-09    2.6275E-09    1.0833E+00   -1.1050E+00    5.0110E-01    7.4276E-04
4.9993E+01  2.2059E-04 1.8495E+02    7.9110E-09    1.7714E-09    1.0379E+00   -1.0957E+00    4.4394E-01    7.5299E-04
4.9133E+01  2.5657E-04 1.8359E+02    1.1619E-08    1.0976E-09    1.0151E+00   -1.0894E+00    3.9173E-01    7.6308E-04
4.8288E+01  2.9805E-04 1.8232E+02    1.6580E-08    6.7976E-10    1.0101E+00   -1.0858E+00    3.4801E-01    7.7245E-04
4.7455E+01  3.4580E-04 1.8122E+02    2.2766E-08    4.7870E-10    1.0172E+00   -1.0841E+00    3.1356E-01    7.8087E-04
4.6633E+01  4.0068E-04 1.8032E+02    3.0479E-08    3.7153E-10    1.0310E+00   -1.0835E+00    2.8767E-01    7.8908E-04
4.5823E+01  4.6370E-04 1.7963E+02    3.9663E-08    2.9656E-10    1.0460E+00   -1.0823E+00    2.6898E-01    7.9719E-04
4.5022E+01  5.3595E-04 1.7912E+02    5.0538E-08    2.3888E-10    1.0562E+00   -1.0771E+00    2.5600E-01    8.0375E-04
4.4231E+01  6.1868E-04 1.7876E+02    6.2463E-08    1.9653E-10    1.0597E+00   -1.0674E+00    2.4732E-01    8.1007E-04
4.3448E+01  7.1328E-04 1.7853E+02    7.4589E-08    1.6740E-10    1.0546E+00   -1.0522E+00    2.4172E-01    8.1535E-04
4.2673E+01  8.2130E-04 1.7838E+02    8.6337E-08    1.4672E-10    1.0423E+00   -1.0348E+00    2.3822E-01    8.2028E-04
4.1906E+01  9.4449E-04 1.7829E+02    9.6531E-08    1.3493E-10    1.0257E+00   -1.0187E+00    2.3609E-01    8.2402E-04
4.1146E+01  1.0848E-03 1.7823E+02    1.0476E-07    1.3100E-10    1.0139E+00   -1.0093E+00    2.3481E-01    8.2719E-04
4.0393E+01  1.2444E-03 1.7820E+02    1.1009E-07    1.3309E-10    1.0075E+00   -1.0087E+00    2.3400E-01    8.2940E-04
3.9647E+01  1.4256E-03 1.7817E+02    1.1338E-07    1.4267E-10    1.0066E+00   -1.0153E+00    2.3342E-01    8.3138E-04
3.8909E+01  1.6312E-03 1.7815E+02    1.1500E-07    1.5855E-10    1.0110E+00   -1.0236E+00    2.3276E-01    8.3367E-04
3.8178E+01  1.8641E-03 1.7810E+02    1.1600E-07    1.8135E-10    1.0165E+00   -1.0262E+00    2.3164E-01    8.3500E-04
3.7454E+01  2.1276E-03 1.7800E+02    1.1658E-07    2.0985E-10    1.0191E+00   -1.0201E+00    2.2954E-01    8.3558E-04
3.6738E+01  2.4252E-03 1.7784E+02    1.1701E-07    2.4323E-10    1.0171E+00   -1.0072E+00    2.2591E-01    8.3700E-04
3.6030E+01  2.7610E-03 1.7759E+02    1.1842E-07    2.8239E-10    1.0076E+00   -9.8888E-01    2.2034E-01    8.3743E-04
3.5330E+01  3.1393E-03 1.7724E+02    1.1983E-07    3.2862E-10    9.9131E-01   -9.6809E-01    2.1267E-01    8.3800E-04
3.4639E+01  3.5649E-03 1.7677E+02    1.2121E-07    3.8298E-10    9.6788E-01   -9.4495E-01    2.0310E-01    8.3800E-04
3.3956E+01  4.0432E-03 1.7622E+02    1.2314E-07    4.4754E-10    9.3745E-01   -9.1889E-01    1.9218E-01    8.3857E-04
3.3283E+01  4.5798E-03 1.7561E+02    1.2492E-07    5.2404E-10    8.9777E-01   -8.8633E-01    1.8064E-01    8.3900E-04
3.2619E+01  5.1812E-03 1.7498E+02    1.2600E-07    6.1403E-10    8.4713E-01   -8.4485E-01    1.6933E-01    8.3900E-04
3.1965E+01  5.8541E-03 1.7437E+02    1.2656E-07    7.1870E-10    7.8612E-01   -7.9479E-01    1.5904E-01    8.3900E-04
3.1319E+01  6.6060E-03 1.7383E+02    1.2700E-07    8.3879E-10    7.1763E-01   -7.3839E-01    1.5041E-01    8.3900E-04
3.0682E+01  7.4452E-03 1.7340E+02    1.2700E-07    9.7674E-10    6.4713E-01   -6.7923E-01    1.4391E-01    8.3900E-04
3.0053E+01  8.3803E-03 1.7312E+02    1.2700E-07    1.1314E-09    5.8137E-01   -6.2184E-01    1.3979E-01    8.3900E-04
2.9432E+01  9.4211E-03 1.7301E+02    1.2700E-07    1.3116E-09    5.2654E-01   -5.7039E-01    1.3813E-01    8.3962E-04
2.8817E+01  1.0578E-02 1.7306E+02    1.2615E-07    1.5139E-09    4.8500E-01   -5.1489E-01    1.3879E-01    8.4000E-04
2.8209E+01  1.1861E-02 1.7324E+02    1.2486E-07    1.7339E-09    4.5689E-01   -4.7731E-01    1.4151E-01    8.4000E-04
2.7607E+01  1.3284E-02 1.7354E+02    1.2272E-07    1.9906E-09    4.4002E-01   -4.5023E-01    1.4593E-01    8.4000E-04
2.7011E+01  1.4859E-02 1.7391E+02    1.2106E-07    2.2779E-09    4.2950E-01   -4.3072E-01    1.5168E-01    8.4000E-04
2.6420E+01  1.6599E-02 1.7433E+02    1.1870E-07    2.6109E-09    4.2043E-01   -4.1495E-01    1.5839E-01    8.4000E-04
2.5834E+01  1.8520E-02 1.7477E+02    1.1636E-07    2.9801E-09    4.0911E-01   -4.0001E-01    1.6574E-01    8.4000E-04
2.5254E+01  2.0637E-02 1.7522E+02    1.1404E-07    3.4029E-09    3.9355E-01   -3.8430E-01    1.7355E-01    8.4000E-04
2.4680E+01  2.2967E-02 1.7568E+02    1.1287E-07    3.8641E-09    3.7303E-01   -3.6751E-01    1.8181E-01    8.4000E-04
2.4110E+01  2.5528E-02 1.7615E+02    1.1173E-07    4.3625E-09    3.4798E-01   -3.4923E-01    1.9070E-01    8.4000E-04
2.3546E+01  2.8338E-02 1.7665E+02    1.1140E-07    4.9037E-09    3.1965E-01   -3.2927E-01    2.0061E-01    8.4000E-04
2.2987E+01  3.1419E-02 1.7721E+02    1.1303E-07    5.4680E-09    2.8983E-01   -3.0730E-01    2.1206E-01    8.4000E-04
2.2434E+01  3.4790E-02 1.7783E+02    1.1587E-07    6.0338E-09    2.6047E-01   -2.8313E-01    2.2564E-01    8.4000E-04
2.1885E+01  3.8475E-02 1.7854E+02    1.2060E-07    6.5879E-09    2.3343E-01   -2.5749E-01    2.4195E-01    8.4000E-04
2.1341E+01  4.2496E-02 1.7934E+02    1.2846E-07    7.1253E-09    2.1018E-01   -2.3196E-01    2.6157E-01    8.4000E-04
2.0801E+01  4.6879E-02 1.8023E+02    1.3888E-07    7.6467E-09    1.9145E-01   -2.0844E-01    2.8503E-01    8.4000E-04
2.0265E+01  5.1648E-02 1.8120E+02    1.5154E-07    8.1619E-09    1.7739E-01   -1.8876E-01    3.1282E-01    8.4000E-04
1.9734E+01  5.6831E-02 1.8225E+02    1.6850E-07    8.7145E-09    1.6765E-01   -1.7456E-01    3.4546E-01    8.4000E-04
1.9207E+01  6.2455E-02 1.8337E+02    1.8977E-07    9.3144E-09    1.6138E-01   -1.6638E-01    3.8359E-01    8.4000E-04
1.8683E+01  6.8549E-02 1.8455E+02    2.1464E-07    9.9016E-09    1.5731E-01   -1.6398E-01    4.2808E-01    8.4000E-04
1.8163E+01  7.5143E-02 1.8581E+02    2.4688E-07    1.0483E-08    1.5470E-01   -1.6696E-01    4.8008E-01    8.4000E-04
1.7647E+01  8.2267E-02 1.8714E+02    2.8670E-07    1.0999E-08    1.5289E-01   -1.7394E-01    5.4104E-01    8.4000E-04
1.7135E+01  8.9953E-02 1.8855E+02    3.3593E-07    1.1512E-08    1.5177E-01   -1.8305E-01    6.1256E-01    8.4000E-04
1.6625E+01  9.8234E-02 1.9001E+02    3.9567E-07    1.2045E-08    1.5109E-01   -1.8846E-01    6.9600E-01    8.4000E-04
1.6120E+01  1.0714E-01 1.9151E+02    3.6049E-07    1.2627E-08    1.4829E-01   -1.2330E-01    7.9132E-01    8.4000E-04
1.5618E+01  1.1671E-01 1.9301E+02    3.7476E-07    1.3154E-08    1.4594E-01   -1.2903E-01    8.9830E-01    8.4000E-04
1.5118E+01  1.2697E-01 1.9494E+02    4.9377E-07    1.3804E-08    1.4538E-01   -1.5201E-01    1.0538E+00    8.4000E-04
1.4622E+01  1.3796E-01 1.9652E+02    6.4491E-07    1.4670E-08    1.4551E-01   -1.5327E-01    1.1985E+00    8.4000E-04
1.4130E+01  1.4972E-01 1.9809E+02    8.3614E-07    1.5754E-08    1.4606E-01   -1.5158E-01    1.3589E+00    8.4000E-04
1.3642E+01  1.6226E-01 1.9952E+02    1.0539E-06    1.6768E-08    1.4587E-01   -1.5261E-01    1.5200E+00    8.4000E-04
1.3157E+01  1.7564E-01 2.0110E+02    1.3551E-06    1.7382E-08    1.4464E-01   -1.4930E-01    1.7184E+00    8.4000E-04
1.2677E+01  1.8989E-01 2.0244E+02    1.6743E-06    1.7138E-08    1.4086E-01   -1.4658E-01    1.9047E+00    8.4000E-04
1.2202E+01  2.0503E-01 2.0422E+02    2.1944E-06    1.5988E-08    1.3627E-01   -1.4059E-01    2.1764E+00    8.4000E-04
1.1730E+01  2.2109E-01 2.0577E+02    2.7729E-06    1.3989E-08    1.3055E-01   -1.3514E-01    2.4421E+00    8.4000E-04
1.1261E+01  2.3812E-01 2.0856E+02    4.1535E-06    1.1556E-08    1.3110E-01   -3.0278E-01    2.9880E+00    8.4000E-04
1.0792E+01  2.5614E-01 2.1303E+02    7.7427E-06    9.5929E-09    1.4708E-01   -6.4388E-01    4.0850E+00    8.4000E-04
1.0322E+01  2.7517E-01 2.1750E+02    1.4063E-05    8.1238E-09    1.7434E-01   -1.0013E+00    5.3953E+00    8.4000E-04
9.8505E+00  2.9524E-01 2.2196E+02    2.4881E-05    6.8894E-09    2.1163E-01   -1.3595E+00    6.5057E+00    8.4000E-04
9.3781E+00  3.1637E-01 2.2639E+02    4.2865E-05    5.8222E-09    2.5968E-01   -1.7066E+00    7.7707E+00    8.4000E-04
8.9052E+00  3.3860E-01 2.3076E+02    7.1858E-05    4.8945E-09    3.1866E-01   -2.0214E+00    9.1927E+00    8.4000E-04
8.4325E+00  3.6192E-01 2.3505E+02    1.1710E-04    4.0885E-09    3.8367E-01   -2.2567E+00    1.0769E+01    8.4000E-04
7.9602E+00  3.8637E-01 2.3923E+02    1.8531E-04    3.4066E-09    4.5169E-01   -2.4016E+00    1.2490E+01    8.4000E-04
7.4892E+00  4.1195E-01 2.4328E+02    2.8452E-04    2.8461E-09    5.2602E-01   -2.4813E+00    1.4339E+01    8.4000E-04
7.0198E+00  4.3866E-01 2.4716E+02    4.2366E-04    2.3876E-09    6.0054E-01   -2.4810E+00    1.6295E+01    8.4000E-04
6.5528E+00  4.6652E-01 2.5086E+02    6.1192E-04    2.0191E-09    6.6011E-01   -2.4359E+00    1.8333E+01    8.4000E-04
6.0888E+00  4.9553E-01 2.5436E+02    8.5812E-04    1.7247E-09    7.0012E-01   -2.3757E+00    2.0428E+01    8.4000E-04
5.6284E+00  5.2568E-01 2.5766E+02    1.1702E-03    1.4780E-09    7.2832E-01   -2.3189E+00    2.2558E+01    8.4000E-04
5.1721E+00  5.5695E-01 2.6076E+02    1.5551E-03    1.2667E-09    7.5066E-01   -2.2372E+00    2.4704E+01    8.4000E-04
4.7207E+00  5.8935E-01 2.6367E+02    2.0182E-03    1.0888E-09    7.6582E-01   -2.1457E+00    2.6850E+01    8.4000E-04
4.2746E+00  6.2284E-01 2.6640E+02    2.5641E-03    9.3107E-10    7.7113E-01   -2.0498E+00    2.8986E+01    8.4000E-04
3.8343E+00  6.5741E-01 2.6896E+02    3.1961E-03    7.9308E-10    7.6786E-01   -1.9141E+00    3.1103E+01    8.4000E-04
3.4002E+00  6.9302E-01 2.7137E+02    3.9170E-03    6.7337E-10    7.5982E-01   -1.7364E+00    3.3196E+01    8.4000E-04
2.9727E+00  7.2963E-01 2.7371E+02    4.7664E-03    5.7003E-10    7.5225E-01   -1.5857E+00    3.5328E+01    8.4000E-04
2.5520E+00  7.6722E-01 2.7610E+02    5.7000E-03    4.8210E-10    7.3756E-01   -1.4716E+00    3.7608E+01    8.4000E-04
2.1382E+00  8.0572E-01 2.7838E+02    6.6232E-03    4.0767E-10    7.1200E-01   -1.3878E+00    3.9882E+01    8.4000E-04
1.7318E+00  8.4510E-01 2.8056E+02    7.7795E-03    3.4432E-10    6.9725E-01   -1.4027E+00    4.2149E+01    8.4000E-04
1.3331E+00  8.8527E-01 2.8263E+02    8.8799E-03    2.9017E-10    6.7743E-01   -1.4623E+00    4.4394E+01    8.4000E-04
9.4220E-01  9.2619E-01 2.8461E+02    1.0203E-02    2.4541E-10    6.7340E-01   -1.6174E+00    4.6634E+01    8.4000E-04
5.5952E-01  9.6778E-01 2.8650E+02    1.1551E-02    2.1069E-10    6.7746E-01   -1.8618E+00    4.8842E+01    8.4000E-04
1.8528E-01  1.0100E+00 2.8830E+02    1.2875E-02    1.8357E-10    6.9276E-01   -2.0879E+00    5.1027E+01    8.4000E-04
0.0000E+00  1.0314E+00 2.8922E+02    1.3738E-02    1.8800E-10    8.0052E+00   -3.1461E+00    5.2159E+01    8.4000E-04
