     ALT          P          T          FH2O           O3           THEAT        TCOOL        PSATCO2        FCO2
6.2072E+01  3.2610E-05 1.7346E+02    8.0961E-11    4.0431E-09    4.1788E+01   -3.7441E+01    1.4479E-01    6.7643E-04
6.1178E+01  3.8508E-05 1.7413E+02    1.1881E-10    4.8008E-09    3.2006E+00   -9.8529E+00    1.5518E-01    6.8648E-04
6.0281E+01  4.5415E-05 1.7685E+02    1.7647E-10    5.2726E-09    2.7658E+00   -2.5979E+00    2.0468E-01    6.9693E-04
5.9376E+01  5.3494E-05 1.8034E+02    2.6448E-10    5.4850E-09    2.4533E+00   -1.4935E+00    2.8830E-01    7.0680E-04
5.8461E+01  6.2930E-05 1.8374E+02    4.0098E-10    5.5160E-09    2.1841E+00   -1.7611E+00    3.9732E-01    7.1779E-04
5.7538E+01  7.3937E-05 1.8660E+02    6.1229E-10    5.4115E-09    1.9469E+00   -1.6816E+00    5.1520E-01    7.2888E-04
5.6610E+01  8.6760E-05 1.8866E+02    9.4028E-10    5.1740E-09    1.7347E+00   -1.4901E+00    6.1885E-01    7.4003E-04
5.5681E+01  1.0168E-04 1.8987E+02    1.4450E-09    4.8057E-09    1.5453E+00   -1.3715E+00    6.8765E-01    7.5048E-04
5.4756E+01  1.1901E-04 1.9028E+02    2.2198E-09    4.3031E-09    1.3971E+00   -1.2963E+00    7.1197E-01    7.6128E-04
5.3839E+01  1.3913E-04 1.9001E+02    3.3893E-09    3.6692E-09    1.2757E+00   -1.2496E+00    6.9553E-01    7.7230E-04
5.2932E+01  1.6243E-04 1.8924E+02    5.1387E-09    2.9383E-09    1.1810E+00   -1.2216E+00    6.5101E-01    7.8220E-04
5.2037E+01  1.8941E-04 1.8818E+02    7.7090E-09    2.1725E-09    1.1152E+00   -1.2114E+00    5.9334E-01    7.9296E-04
5.1154E+01  2.2058E-04 1.8701E+02    1.1389E-08    1.4443E-09    1.0745E+00   -1.2043E+00    5.3456E-01    8.0256E-04
5.0285E+01  2.5656E-04 1.8586E+02    1.6425E-08    8.7887E-10    1.0560E+00   -1.2062E+00    4.8208E-01    8.1152E-04
4.9428E+01  2.9804E-04 1.8483E+02    2.3267E-08    5.4006E-10    1.0560E+00   -1.2123E+00    4.3917E-01    8.2111E-04
4.8582E+01  3.4578E-04 1.8399E+02    3.1916E-08    3.7582E-10    1.0664E+00   -1.2212E+00    4.0640E-01    8.2959E-04
4.7748E+01  4.0066E-04 1.8334E+02    4.2813E-08    2.9405E-10    1.0811E+00   -1.2309E+00    3.8287E-01    8.3737E-04
4.6923E+01  4.6368E-04 1.8289E+02    5.6489E-08    2.3520E-10    1.0951E+00   -1.2393E+00    3.6704E-01    8.4499E-04
4.6108E+01  5.3592E-04 1.8260E+02    7.3092E-08    1.8890E-10    1.1031E+00   -1.2424E+00    3.5725E-01    8.5154E-04
4.5300E+01  6.1864E-04 1.8244E+02    9.3012E-08    1.5460E-10    1.1026E+00   -1.2382E+00    3.5190E-01    8.5703E-04
4.4501E+01  7.1323E-04 1.8237E+02    1.1573E-07    1.2856E-10    1.0938E+00   -1.2278E+00    3.4956E-01    8.6234E-04
4.3709E+01  8.2125E-04 1.8236E+02    1.4112E-07    1.1084E-10    1.0785E+00   -1.2142E+00    3.4906E-01    8.6712E-04
4.2924E+01  9.4443E-04 1.8237E+02    1.6894E-07    9.9102E-11    1.0605E+00   -1.2025E+00    3.4958E-01    8.7057E-04
4.2146E+01  1.0847E-03 1.8240E+02    1.9885E-07    9.0836E-11    1.0494E+00   -1.1996E+00    3.5057E-01    8.7370E-04
4.1376E+01  1.2443E-03 1.8244E+02    2.2977E-07    8.6699E-11    1.0458E+00   -1.2076E+00    3.5177E-01    8.7640E-04
4.0613E+01  1.4255E-03 1.8248E+02    2.6157E-07    8.5613E-11    1.0479E+00   -1.2226E+00    3.5308E-01    8.7887E-04
3.9856E+01  1.6311E-03 1.8252E+02    2.9483E-07    8.7596E-11    1.0538E+00   -1.2375E+00    3.5437E-01    8.8046E-04
3.9107E+01  1.8640E-03 1.8255E+02    3.2817E-07    9.1977E-11    1.0603E+00   -1.2462E+00    3.5538E-01    8.8196E-04
3.8365E+01  2.1274E-03 1.8255E+02    3.6232E-07    9.9029E-11    1.0626E+00   -1.2457E+00    3.5564E-01    8.8246E-04
3.7630E+01  2.4250E-03 1.8252E+02    3.9740E-07    1.0853E-10    1.0588E+00   -1.2390E+00    3.5460E-01    8.8300E-04
3.6903E+01  2.7607E-03 1.8244E+02    4.3104E-07    1.2152E-10    1.0485E+00   -1.2286E+00    3.5180E-01    8.8400E-04
3.6184E+01  3.1390E-03 1.8230E+02    4.6360E-07    1.3628E-10    1.0304E+00   -1.2157E+00    3.4709E-01    8.8400E-04
3.5472E+01  3.5646E-03 1.8210E+02    4.9584E-07    1.5483E-10    1.0056E+00   -1.2008E+00    3.4066E-01    8.8428E-04
3.4768E+01  4.0428E-03 1.8186E+02    5.2562E-07    1.7605E-10    9.7299E-01   -1.1808E+00    3.3307E-01    8.8500E-04
3.4073E+01  4.5794E-03 1.8160E+02    5.5391E-07    1.9995E-10    9.2975E-01   -1.1514E+00    3.2512E-01    8.8500E-04
3.3386E+01  5.1806E-03 1.8136E+02    5.7923E-07    2.2801E-10    8.7522E-01   -1.1112E+00    3.1774E-01    8.8500E-04
3.2706E+01  5.8535E-03 1.8117E+02    6.0171E-07    2.5946E-10    8.1025E-01   -1.0611E+00    3.1188E-01    8.8500E-04
3.2035E+01  6.6053E-03 1.8105E+02    6.2275E-07    2.9515E-10    7.3864E-01   -1.0042E+00    3.0840E-01    8.8500E-04
3.1370E+01  7.4444E-03 1.8103E+02    6.4016E-07    3.3632E-10    6.6654E-01   -9.4436E-01    3.0799E-01    8.8500E-04
3.0713E+01  8.3794E-03 1.8114E+02    6.5566E-07    3.8160E-10    6.0083E-01   -8.8656E-01    3.1107E-01    8.8500E-04
3.0062E+01  9.4200E-03 1.8136E+02    6.6872E-07    4.3313E-10    5.4698E-01   -8.3450E-01    3.1776E-01    8.8500E-04
2.9418E+01  1.0577E-02 1.8169E+02    6.7944E-07    4.9161E-10    5.0687E-01   -7.7999E-01    3.2771E-01    8.8500E-04
2.8779E+01  1.1860E-02 1.8208E+02    6.8847E-07    5.5775E-10    4.7957E-01   -7.3929E-01    3.4027E-01    8.8500E-04
2.8146E+01  1.3283E-02 1.8252E+02    6.9423E-07    6.3269E-10    4.6178E-01   -7.0833E-01    3.5453E-01    8.8500E-04
2.7519E+01  1.4857E-02 1.8297E+02    6.9865E-07    7.1786E-10    4.4831E-01   -6.8331E-01    3.6956E-01    8.8500E-04
2.6897E+01  1.6597E-02 1.8339E+02    7.0058E-07    8.1490E-10    4.3436E-01   -6.6038E-01    3.8455E-01    8.8500E-04
2.6282E+01  1.8518E-02 1.8379E+02    7.0018E-07    9.2647E-10    4.1673E-01   -6.3703E-01    3.9897E-01    8.8500E-04
2.5672E+01  2.0634E-02 1.8416E+02    6.9780E-07    1.0551E-09    3.9397E-01   -6.1234E-01    4.1272E-01    8.8500E-04
2.5068E+01  2.2964E-02 1.8451E+02    6.9267E-07    1.1932E-09    3.6599E-01   -5.8634E-01    4.2619E-01    8.8500E-04
2.4470E+01  2.5524E-02 1.8486E+02    6.8570E-07    1.3585E-09    3.3401E-01   -5.5897E-01    4.4018E-01    8.8500E-04
2.3879E+01  2.8335E-02 1.8524E+02    6.7669E-07    1.5440E-09    2.9983E-01   -5.2973E-01    4.5575E-01    8.8500E-04
2.3293E+01  3.1415E-02 1.8567E+02    6.6557E-07    1.7502E-09    2.6573E-01   -4.9789E-01    4.7404E-01    8.8500E-04
2.2713E+01  3.4786E-02 1.8617E+02    6.5698E-07    1.9819E-09    2.3400E-01   -4.6359E-01    4.9603E-01    8.8500E-04
2.2139E+01  3.8470E-02 1.8675E+02    6.5566E-07    2.2235E-09    2.0635E-01   -4.2810E-01    5.2239E-01    8.8500E-04
2.1570E+01  4.2490E-02 1.8740E+02    6.6179E-07    2.4693E-09    1.8375E-01   -3.9327E-01    5.5346E-01    8.8500E-04
2.1007E+01  4.6872E-02 1.8811E+02    6.7420E-07    2.7343E-09    1.6650E-01   -3.6121E-01    5.8923E-01    8.8500E-04
2.0448E+01  5.1641E-02 1.8886E+02    6.9162E-07    3.0151E-09    1.5409E-01   -3.3375E-01    6.2952E-01    8.8500E-04
1.9895E+01  5.6823E-02 1.8964E+02    7.1190E-07    3.3447E-09    1.4574E-01   -3.1185E-01    6.7413E-01    8.8500E-04
1.9347E+01  6.2446E-02 1.9046E+02    7.3519E-07    3.7292E-09    1.4044E-01   -2.9575E-01    7.2311E-01    8.8500E-04
1.8804E+01  6.8539E-02 1.9130E+02    7.6272E-07    4.1667E-09    1.3723E-01   -2.8495E-01    7.7693E-01    8.8500E-04
1.8266E+01  7.5131E-02 1.9217E+02    7.9468E-07    4.6496E-09    1.3547E-01   -2.7828E-01    8.3659E-01    8.8500E-04
1.7733E+01  8.2254E-02 1.9308E+02    8.3422E-07    5.1535E-09    1.3476E-01   -2.7443E-01    9.0353E-01    8.8500E-04
1.7205E+01  8.9939E-02 1.9405E+02    8.8351E-07    5.7077E-09    1.3494E-01   -2.7180E-01    9.7929E-01    8.8500E-04
1.6681E+01  9.8218E-02 1.9507E+02    9.4002E-07    6.3167E-09    1.3563E-01   -2.6476E-01    1.0649E+00    8.8500E-04
1.6163E+01  1.0712E-01 1.9612E+02    7.9225E-07    7.0138E-09    1.3379E-01   -1.9100E-01    1.1596E+00    8.8500E-04
1.5649E+01  1.1669E-01 1.9717E+02    7.3172E-07    7.7861E-09    1.3294E-01   -1.7636E-01    1.2620E+00    8.8500E-04
1.5140E+01  1.2695E-01 1.9847E+02    8.5933E-07    8.6946E-09    1.3429E-01   -1.8001E-01    1.4000E+00    8.8500E-04
1.4636E+01  1.3794E-01 1.9953E+02    1.0271E-06    9.8303E-09    1.3651E-01   -1.6655E-01    1.5218E+00    8.8500E-04
1.4137E+01  1.4969E-01 2.0055E+02    1.2156E-06    1.1112E-08    1.3891E-01   -1.5542E-01    1.6472E+00    8.8500E-04
1.3643E+01  1.6224E-01 2.0158E+02    1.4367E-06    1.2477E-08    1.4112E-01   -1.4615E-01    1.7829E+00    8.8500E-04
1.3155E+01  1.7561E-01 2.0263E+02    1.6990E-06    1.3617E-08    1.4205E-01   -1.3678E-01    1.9315E+00    8.8500E-04
1.2672E+01  1.8986E-01 2.0373E+02    2.0193E-06    1.4033E-08    1.4045E-01   -1.2453E-01    2.0990E+00    8.8500E-04
1.2194E+01  2.0499E-01 2.0496E+02    2.4366E-06    1.3537E-08    1.3647E-01   -1.2210E-01    2.2996E+00    8.8500E-04
1.1720E+01  2.2106E-01 2.0658E+02    3.1057E-06    1.2249E-08    1.3197E-01   -1.0090E-01    2.5914E+00    8.8500E-04
1.1251E+01  2.3808E-01 2.0838E+02    4.0361E-06    1.0292E-08    1.2881E-01   -2.0146E-01    2.9500E+00    8.8500E-04
1.0783E+01  2.5609E-01 2.1285E+02    7.5290E-06    8.6361E-09    1.4285E-01   -5.5362E-01    4.0342E+00    8.8500E-04
1.0313E+01  2.7512E-01 2.1732E+02    1.3683E-05    7.3496E-09    1.6899E-01   -9.2252E-01    5.3520E+00    8.8500E-04
9.8419E+00  2.9518E-01 2.2177E+02    2.4223E-05    6.2411E-09    2.0617E-01   -1.2962E+00    6.4547E+00    8.8500E-04
9.3700E+00  3.1632E-01 2.2619E+02    4.1758E-05    5.2693E-09    2.5461E-01   -1.6575E+00    7.7111E+00    8.8500E-04
8.8977E+00  3.3853E-01 2.3056E+02    7.0059E-05    4.4164E-09    3.1385E-01   -1.9834E+00    9.1245E+00    8.8500E-04
8.4254E+00  3.6186E-01 2.3485E+02    1.1428E-04    3.6804E-09    3.7902E-01   -2.2285E+00    1.0692E+01    8.8500E-04
7.9537E+00  3.8630E-01 2.3904E+02    1.8104E-04    3.0620E-09    4.4698E-01   -2.3803E+00    1.2404E+01    8.8500E-04
7.4831E+00  4.1187E-01 2.4309E+02    2.7829E-04    2.5494E-09    5.2105E-01   -2.4657E+00    1.4246E+01    8.8500E-04
7.0142E+00  4.3858E-01 2.4697E+02    4.1490E-04    2.1360E-09    5.9578E-01   -2.4700E+00    1.6195E+01    8.8500E-04
6.5477E+00  4.6644E-01 2.5068E+02    6.0005E-04    1.8026E-09    6.5616E-01   -2.4279E+00    1.8228E+01    8.8500E-04
6.0841E+00  4.9544E-01 2.5418E+02    8.4259E-04    1.5317E-09    6.9691E-01   -2.3681E+00    2.0319E+01    8.8500E-04
5.6241E+00  5.2558E-01 2.5749E+02    1.1505E-03    1.3133E-09    7.2551E-01   -2.3126E+00    2.2446E+01    8.8500E-04
5.1683E+00  5.5685E-01 2.6060E+02    1.5307E-03    1.1277E-09    7.4812E-01   -2.2325E+00    2.4590E+01    8.8500E-04
4.7173E+00  5.8923E-01 2.6351E+02    1.9888E-03    9.6654E-10    7.6373E-01   -2.1411E+00    2.6734E+01    8.8500E-04
4.2716E+00  6.2272E-01 2.6625E+02    2.5294E-03    8.2696E-10    7.6959E-01   -2.0458E+00    2.8869E+01    8.8500E-04
3.8316E+00  6.5728E-01 2.6882E+02    3.1558E-03    7.0448E-10    7.6678E-01   -1.9119E+00    3.0985E+01    8.8500E-04
3.3978E+00  6.9288E-01 2.7124E+02    3.8707E-03    5.9768E-10    7.5910E-01   -1.7357E+00    3.3078E+01    8.8500E-04
2.9706E+00  7.2949E-01 2.7358E+02    4.7134E-03    5.0662E-10    7.5195E-01   -1.5855E+00    3.5209E+01    8.8500E-04
2.5502E+00  7.6707E-01 2.7598E+02    5.6488E-03    4.2933E-10    7.3832E-01   -1.4709E+00    3.7487E+01    8.8500E-04
2.1368E+00  8.0557E-01 2.7826E+02    6.5553E-03    3.6329E-10    7.1203E-01   -1.3821E+00    3.9757E+01    8.8500E-04
1.7307E+00  8.4493E-01 2.8044E+02    7.7140E-03    3.0639E-10    6.9815E-01   -1.3971E+00    4.2022E+01    8.8500E-04
1.3322E+00  8.8510E-01 2.8251E+02    8.8165E-03    2.5797E-10    6.7863E-01   -1.4555E+00    4.4265E+01    8.8500E-04
9.4158E-01  9.2601E-01 2.8450E+02    1.0122E-02    2.1817E-10    6.7370E-01   -1.6068E+00    4.6504E+01    8.8500E-04
5.5915E-01  9.6759E-01 2.8639E+02    1.1473E-02    1.8684E-10    6.7787E-01   -1.8516E+00    4.8710E+01    8.8500E-04
1.8516E-01  1.0098E+00 2.8819E+02    1.2774E-02    1.6193E-10    6.9229E-01   -2.0745E+00    5.0892E+01    8.8500E-04
0.0000E+00  1.0312E+00 2.8911E+02    1.3639E-02    1.6600E-10    8.0123E+00   -3.1514E+00    5.2024E+01    8.8500E-04
