     ALT          P          T          FH2O           O3           THEAT        TCOOL        PSATCO2        FCO2
6.0932E+01  3.2610E-05 1.7375E+02    5.0494E-11    4.4201E-09    4.1579E+01   -3.6998E+01    1.4919E-01    6.3697E-04
6.0038E+01  3.8508E-05 1.7372E+02    7.5074E-11    5.3798E-09    3.0877E+00   -9.3396E+00    1.4873E-01    6.4729E-04
5.9145E+01  4.5416E-05 1.7590E+02    1.1227E-10    5.9948E-09    2.6572E+00   -2.5263E+00    1.8602E-01    6.5701E-04
5.8246E+01  5.3495E-05 1.7904E+02    1.7064E-10    6.3052E-09    2.3728E+00   -1.3786E+00    2.5417E-01    6.6780E-04
5.7338E+01  6.2931E-05 1.8226E+02    2.6042E-10    6.3856E-09    2.1226E+00   -1.7571E+00    3.4594E-01    6.7869E-04
5.6422E+01  7.3939E-05 1.8503E+02    4.0240E-10    6.2870E-09    1.8998E+00   -1.5429E+00    4.4735E-01    6.8967E-04
5.5502E+01  8.6763E-05 1.8708E+02    6.2483E-10    6.0223E-09    1.6975E+00   -1.4113E+00    5.3791E-01    6.9971E-04
5.4581E+01  1.0168E-04 1.8829E+02    9.7273E-10    5.6091E-09    1.5182E+00   -1.3182E+00    5.9878E-01    7.1076E-04
5.3664E+01  1.1902E-04 1.8869E+02    1.5162E-09    5.0408E-09    1.3747E+00   -1.2293E+00    6.2010E-01    7.2177E-04
5.2755E+01  1.3913E-04 1.8839E+02    2.3503E-09    4.3114E-09    1.2544E+00   -1.1722E+00    6.0390E-01    7.3269E-04
5.1855E+01  1.6244E-04 1.8755E+02    3.6061E-09    3.4579E-09    1.1589E+00   -1.1391E+00    5.6095E-01    7.4347E-04
5.0969E+01  1.8942E-04 1.8637E+02    5.4787E-09    2.5577E-09    1.0893E+00   -1.1194E+00    5.0483E-01    7.5412E-04
5.0095E+01  2.2059E-04 1.8503E+02    8.1970E-09    1.7236E-09    1.0439E+00   -1.1069E+00    4.4696E-01    7.6360E-04
4.9235E+01  2.5658E-04 1.8367E+02    1.1966E-08    1.0640E-09    1.0222E+00   -1.1012E+00    3.9459E-01    7.7392E-04
4.8389E+01  2.9806E-04 1.8242E+02    1.6970E-08    6.6248E-10    1.0180E+00   -1.0979E+00    3.5104E-01    7.8307E-04
4.7556E+01  3.4580E-04 1.8133E+02    2.3305E-08    4.6757E-10    1.0260E+00   -1.0962E+00    3.1693E-01    7.9173E-04
4.6734E+01  4.0069E-04 1.8046E+02    3.1051E-08    3.6448E-10    1.0401E+00   -1.0960E+00    2.9144E-01    7.9995E-04
4.5923E+01  4.6371E-04 1.7978E+02    4.0287E-08    2.9219E-10    1.0551E+00   -1.0951E+00    2.7316E-01    8.0806E-04
4.5122E+01  5.3596E-04 1.7930E+02    5.1195E-08    2.3541E-10    1.0653E+00   -1.0902E+00    2.6056E-01    8.1486E-04
4.4329E+01  6.1870E-04 1.7896E+02    6.3012E-08    1.9437E-10    1.0683E+00   -1.0804E+00    2.5222E-01    8.2120E-04
4.3545E+01  7.1330E-04 1.7875E+02    7.5189E-08    1.6630E-10    1.0620E+00   -1.0647E+00    2.4693E-01    8.2611E-04
4.2769E+01  8.2133E-04 1.7861E+02    8.6999E-08    1.4590E-10    1.0490E+00   -1.0469E+00    2.4370E-01    8.3077E-04
4.2001E+01  9.4452E-04 1.7853E+02    9.7488E-08    1.3468E-10    1.0326E+00   -1.0314E+00    2.4179E-01    8.3492E-04
4.1240E+01  1.0848E-03 1.7849E+02    1.0591E-07    1.2905E-10    1.0206E+00   -1.0223E+00    2.4068E-01    8.3796E-04
4.0486E+01  1.2444E-03 1.7846E+02    1.1194E-07    1.3194E-10    1.0149E+00   -1.0227E+00    2.4003E-01    8.4049E-04
3.9739E+01  1.4257E-03 1.7844E+02    1.1597E-07    1.4088E-10    1.0147E+00   -1.0301E+00    2.3957E-01    8.4297E-04
3.9000E+01  1.6313E-03 1.7841E+02    1.1892E-07    1.5544E-10    1.0187E+00   -1.0378E+00    2.3901E-01    8.4446E-04
3.8268E+01  1.8642E-03 1.7837E+02    1.2093E-07    1.7587E-10    1.0243E+00   -1.0403E+00    2.3794E-01    8.4593E-04
3.7543E+01  2.1276E-03 1.7828E+02    1.2338E-07    2.0197E-10    1.0272E+00   -1.0345E+00    2.3585E-01    8.4700E-04
3.6826E+01  2.4253E-03 1.7812E+02    1.2562E-07    2.3172E-10    1.0242E+00   -1.0209E+00    2.3220E-01    8.4781E-04
3.6116E+01  2.7611E-03 1.7787E+02    1.2846E-07    2.6725E-10    1.0142E+00   -1.0026E+00    2.2656E-01    8.4823E-04
3.5415E+01  3.1394E-03 1.7752E+02    1.3127E-07    3.0893E-10    9.9764E-01   -9.8212E-01    2.1882E-01    8.4900E-04
3.4723E+01  3.5651E-03 1.7707E+02    1.3404E-07    3.5782E-10    9.7371E-01   -9.5926E-01    2.0920E-01    8.4902E-04
3.4039E+01  4.0434E-03 1.7653E+02    1.3677E-07    4.1699E-10    9.4287E-01   -9.3343E-01    1.9826E-01    8.5000E-04
3.3365E+01  4.5800E-03 1.7594E+02    1.3947E-07    4.8624E-10    9.0193E-01   -9.0041E-01    1.8677E-01    8.5000E-04
3.2699E+01  5.1814E-03 1.7533E+02    1.4214E-07    5.6750E-10    8.5027E-01   -8.5894E-01    1.7558E-01    8.5000E-04
3.2043E+01  5.8543E-03 1.7476E+02    1.4438E-07    6.6106E-10    7.8826E-01   -8.0899E-01    1.6551E-01    8.5000E-04
3.1396E+01  6.6063E-03 1.7425E+02    1.4568E-07    7.6942E-10    7.1896E-01   -7.5261E-01    1.5721E-01    8.5000E-04
3.0758E+01  7.4455E-03 1.7387E+02    1.4695E-07    8.9232E-10    6.4807E-01   -6.9385E-01    1.5114E-01    8.5000E-04
3.0127E+01  8.3808E-03 1.7364E+02    1.4700E-07    1.0349E-09    5.8274E-01   -6.3727E-01    1.4758E-01    8.5100E-04
2.9504E+01  9.4216E-03 1.7358E+02    1.4700E-07    1.1886E-09    5.2778E-01   -5.8601E-01    1.4659E-01    8.5100E-04
2.8887E+01  1.0578E-02 1.7367E+02    1.4700E-07    1.3630E-09    4.8651E-01   -5.3127E-01    1.4802E-01    8.5100E-04
2.8277E+01  1.1862E-02 1.7390E+02    1.4608E-07    1.5657E-09    4.5890E-01   -4.9450E-01    1.5159E-01    8.5100E-04
2.7672E+01  1.3285E-02 1.7424E+02    1.4487E-07    1.7860E-09    4.4222E-01   -4.6826E-01    1.5693E-01    8.5100E-04
2.7073E+01  1.4860E-02 1.7464E+02    1.4334E-07    2.0428E-09    4.3157E-01   -4.4920E-01    1.6362E-01    8.5100E-04
2.6480E+01  1.6600E-02 1.7509E+02    1.4096E-07    2.3308E-09    4.2197E-01   -4.3353E-01    1.7125E-01    8.5100E-04
2.5892E+01  1.8521E-02 1.7555E+02    1.3861E-07    2.6579E-09    4.0988E-01   -4.1843E-01    1.7950E-01    8.5100E-04
2.5309E+01  2.0638E-02 1.7601E+02    1.3714E-07    3.0233E-09    3.9331E-01   -4.0255E-01    1.8816E-01    8.5100E-04
2.4732E+01  2.2968E-02 1.7648E+02    1.3498E-07    3.4362E-09    3.7178E-01   -3.8515E-01    1.9724E-01    8.5100E-04
2.4160E+01  2.5529E-02 1.7696E+02    1.3384E-07    3.8851E-09    3.4572E-01   -3.6637E-01    2.0695E-01    8.5100E-04
2.3593E+01  2.8340E-02 1.7747E+02    1.3330E-07    4.3659E-09    3.1649E-01   -3.4575E-01    2.1772E-01    8.5100E-04
2.3032E+01  3.1421E-02 1.7803E+02    1.3484E-07    4.8682E-09    2.8596E-01   -3.2305E-01    2.3011E-01    8.5100E-04
2.2475E+01  3.4793E-02 1.7866E+02    1.3865E-07    5.3757E-09    2.5619E-01   -2.9816E-01    2.4476E-01    8.5100E-04
2.1924E+01  3.8478E-02 1.7937E+02    1.4480E-07    5.8731E-09    2.2900E-01   -2.7184E-01    2.6231E-01    8.5100E-04
2.1377E+01  4.2499E-02 1.8016E+02    1.5354E-07    6.3592E-09    2.0580E-01   -2.4561E-01    2.8332E-01    8.5100E-04
2.0835E+01  4.6882E-02 1.8104E+02    1.6494E-07    6.8377E-09    1.8729E-01   -2.2150E-01    3.0830E-01    8.5100E-04
2.0297E+01  5.1651E-02 1.8201E+02    1.7947E-07    7.3123E-09    1.7353E-01   -2.0148E-01    3.3774E-01    8.5100E-04
1.9763E+01  5.6835E-02 1.8304E+02    1.9830E-07    7.8217E-09    1.6406E-01   -1.8702E-01    3.7211E-01    8.5100E-04
1.9234E+01  6.2459E-02 1.8414E+02    2.2059E-07    8.3819E-09    1.5800E-01   -1.7856E-01    4.1206E-01    8.5100E-04
1.8708E+01  6.8554E-02 1.8530E+02    2.4935E-07    8.9382E-09    1.5414E-01   -1.7626E-01    4.5843E-01    8.5100E-04
1.8186E+01  7.5148E-02 1.8654E+02    2.8452E-07    9.4786E-09    1.5170E-01   -1.7911E-01    5.1241E-01    8.5100E-04
1.7668E+01  8.2273E-02 1.8784E+02    3.2738E-07    9.9939E-09    1.5016E-01   -1.8579E-01    5.7551E-01    8.5100E-04
1.7154E+01  8.9960E-02 1.8921E+02    3.8053E-07    1.0492E-08    1.4924E-01   -1.9457E-01    6.4938E-01    8.5100E-04
1.6643E+01  9.8241E-02 1.9065E+02    4.4453E-07    1.1003E-08    1.4872E-01   -1.9954E-01    7.3540E-01    8.5100E-04
1.6135E+01  1.0715E-01 1.9212E+02    4.0126E-07    1.1532E-08    1.4590E-01   -1.3420E-01    8.3349E-01    8.5100E-04
1.5632E+01  1.1672E-01 1.9360E+02    4.1259E-07    1.2115E-08    1.4384E-01   -1.3594E-01    9.4332E-01    8.5100E-04
1.5131E+01  1.2698E-01 1.9545E+02    5.3682E-07    1.2705E-08    1.4335E-01   -1.6039E-01    1.0982E+00    8.5100E-04
1.4634E+01  1.3797E-01 1.9705E+02    7.0296E-07    1.3623E-08    1.4396E-01   -1.6008E-01    1.2507E+00    8.5100E-04
1.4140E+01  1.4973E-01 1.9849E+02    8.9174E-07    1.4652E-08    1.4453E-01   -1.5767E-01    1.4026E+00    8.5100E-04
1.3651E+01  1.6228E-01 1.9997E+02    1.1330E-06    1.5754E-08    1.4501E-01   -1.5887E-01    1.5752E+00    8.5100E-04
1.3166E+01  1.7566E-01 2.0140E+02    1.4208E-06    1.6400E-08    1.4397E-01   -1.5334E-01    1.7584E+00    8.5100E-04
1.2685E+01  1.8990E-01 2.0283E+02    1.7770E-06    1.6281E-08    1.4089E-01   -1.5270E-01    1.9613E+00    8.5100E-04
1.2208E+01  2.0504E-01 2.0443E+02    2.2690E-06    1.5334E-08    1.3651E-01   -1.4248E-01    2.2117E+00    8.5100E-04
1.1736E+01  2.2111E-01 2.0608E+02    2.9031E-06    1.3525E-08    1.3144E-01   -1.4051E-01    2.4975E+00    8.5100E-04
1.1267E+01  2.3814E-01 2.0870E+02    4.2465E-06    1.1178E-08    1.3152E-01   -2.9701E-01    3.0193E+00    8.5100E-04
1.0798E+01  2.5616E-01 2.1318E+02    7.9113E-06    9.2662E-09    1.4761E-01   -6.4314E-01    4.1267E+00    8.5100E-04
1.0327E+01  2.7519E-01 2.1765E+02    1.4360E-05    7.8396E-09    1.7517E-01   -1.0047E+00    5.4303E+00    8.5100E-04
9.8551E+00  2.9526E-01 2.2211E+02    2.5390E-05    6.6418E-09    2.1290E-01   -1.3664E+00    6.5465E+00    8.5100E-04
9.3824E+00  3.1640E-01 2.2654E+02    4.3711E-05    5.6106E-09    2.6151E-01   -1.7160E+00    7.8175E+00    8.5100E-04
8.9092E+00  3.3862E-01 2.3091E+02    7.3218E-05    4.7121E-09    3.2100E-01   -2.0313E+00    9.2457E+00    8.5100E-04
8.4361E+00  3.6195E-01 2.3520E+02    1.1922E-04    3.9401E-09    3.8629E-01   -2.2648E+00    1.0828E+01    8.5100E-04
7.9636E+00  3.8640E-01 2.3938E+02    1.8848E-04    3.2826E-09    4.5457E-01   -2.4083E+00    1.2555E+01    8.5100E-04
7.4922E+00  4.1198E-01 2.4342E+02    2.8910E-04    2.7399E-09    5.2918E-01   -2.4859E+00    1.4409E+01    8.5100E-04
7.0226E+00  4.3870E-01 2.4730E+02    4.3003E-04    2.3046E-09    6.0350E-01   -2.4833E+00    1.6369E+01    8.5100E-04
6.5553E+00  4.6656E-01 2.5099E+02    6.2044E-04    1.9505E-09    6.6241E-01   -2.4368E+00    1.8410E+01    8.5100E-04
6.0910E+00  4.9557E-01 2.5449E+02    8.6915E-04    1.6593E-09    7.0182E-01   -2.3769E+00    2.0507E+01    8.5100E-04
5.6304E+00  5.2572E-01 2.5778E+02    1.1840E-03    1.4242E-09    7.2974E-01   -2.3191E+00    2.2639E+01    8.5100E-04
5.1740E+00  5.5700E-01 2.6087E+02    1.5718E-03    1.2274E-09    7.5184E-01   -2.2362E+00    2.4785E+01    8.5100E-04
4.7224E+00  5.8940E-01 2.6377E+02    2.0381E-03    1.0500E-09    7.6662E-01   -2.1442E+00    2.6931E+01    8.5100E-04
4.2761E+00  6.2289E-01 2.6649E+02    2.5872E-03    9.0010E-10    7.7153E-01   -2.0469E+00    2.9065E+01    8.5100E-04
3.8356E+00  6.5746E-01 2.6905E+02    3.2224E-03    7.6665E-10    7.6795E-01   -1.9075E+00    3.1181E+01    8.5100E-04
3.4014E+00  6.9308E-01 2.7146E+02    3.9464E-03    6.5051E-10    7.5982E-01   -1.7317E+00    3.3273E+01    8.5100E-04
2.9737E+00  7.2970E-01 2.7382E+02    4.8088E-03    5.5116E-10    7.5308E-01   -1.5864E+00    3.5426E+01    8.5100E-04
2.5528E+00  7.6729E-01 2.7620E+02    5.7399E-03    4.6651E-10    7.3743E-01   -1.4691E+00    3.7704E+01    8.5100E-04
2.1389E+00  8.0580E-01 2.7848E+02    6.6752E-03    3.9451E-10    7.1224E-01   -1.3885E+00    3.9980E+01    8.5100E-04
1.7324E+00  8.4517E-01 2.8065E+02    7.8285E-03    3.3347E-10    6.9674E-01   -1.4031E+00    4.2245E+01    8.5100E-04
1.3335E+00  8.8535E-01 2.8271E+02    8.9264E-03    2.8091E-10    6.7665E-01   -1.4637E+00    4.4489E+01    8.5100E-04
9.4249E-01  9.2628E-01 2.8469E+02    1.0262E-02    2.3772E-10    6.7321E-01   -1.6218E+00    4.6729E+01    8.5100E-04
5.5968E-01  9.6787E-01 2.8658E+02    1.1607E-02    2.0411E-10    6.7720E-01   -1.8658E+00    4.8936E+01    8.5100E-04
1.8534E-01  1.0101E+00 2.8838E+02    1.2948E-02    1.7770E-10    6.9312E-01   -2.0942E+00    5.1123E+01    8.5100E-04
0.0000E+00  1.0315E+00 2.8929E+02    1.3810E-02    1.8200E-10    8.0027E+00   -3.1358E+00    5.2255E+01    8.5100E-04
