     ALT          P          T          FH2O           O3           THEAT        TCOOL        PSATCO2        FCO2
6.1183E+01  3.2610E-05 1.7358E+02    5.6041E-11    4.3660E-09    4.1663E+01   -3.7145E+01    1.4667E-01    6.5206E-04
6.0289E+01  3.8508E-05 1.7377E+02    8.3052E-11    5.2511E-09    3.1292E+00   -9.9303E+00    1.4954E-01    6.6180E-04
5.9395E+01  4.5416E-05 1.7611E+02    1.2416E-10    5.8184E-09    2.7003E+00   -2.4598E+00    1.8989E-01    6.7252E-04
5.8494E+01  5.3494E-05 1.7938E+02    1.8735E-10    6.1011E-09    2.4049E+00   -1.8282E+00    2.6271E-01    6.8295E-04
5.7584E+01  6.2931E-05 1.8267E+02    2.8690E-10    6.1658E-09    2.1457E+00   -1.4500E+00    3.5959E-01    6.9327E-04
5.6667E+01  7.3939E-05 1.8546E+02    4.4110E-10    6.0646E-09    1.9175E+00   -1.5952E+00    4.6485E-01    7.0429E-04
5.5744E+01  8.6762E-05 1.8749E+02    6.8370E-10    5.8167E-09    1.7126E+00   -1.4817E+00    5.5787E-01    7.1537E-04
5.4822E+01  1.0168E-04 1.8868E+02    1.0619E-09    5.4112E-09    1.5296E+00   -1.3553E+00    6.1958E-01    7.2644E-04
5.3903E+01  1.1902E-04 1.8905E+02    1.6445E-09    4.8460E-09    1.3838E+00   -1.2565E+00    6.4021E-01    7.3747E-04
5.2992E+01  1.3913E-04 1.8873E+02    2.5388E-09    4.1356E-09    1.2624E+00   -1.2006E+00    6.2234E-01    7.4841E-04
5.2091E+01  1.6244E-04 1.8788E+02    3.8831E-09    3.3153E-09    1.1671E+00   -1.1618E+00    5.7748E-01    7.5923E-04
5.1202E+01  1.8942E-04 1.8669E+02    5.8772E-09    2.4575E-09    1.0984E+00   -1.1461E+00    5.1975E-01    7.6990E-04
5.0327E+01  2.2059E-04 1.8536E+02    8.7342E-09    1.6442E-09    1.0543E+00   -1.1336E+00    4.6082E-01    7.7940E-04
4.9466E+01  2.5658E-04 1.8403E+02    1.2666E-08    1.0137E-09    1.0336E+00   -1.1277E+00    4.0792E-01    7.8928E-04
4.8618E+01  2.9805E-04 1.8281E+02    1.7927E-08    6.3082E-10    1.0310E+00   -1.1252E+00    3.6422E-01    7.9877E-04
4.7782E+01  3.4580E-04 1.8177E+02    2.4517E-08    4.4665E-10    1.0404E+00   -1.1249E+00    3.3023E-01    8.0796E-04
4.6958E+01  4.0069E-04 1.8093E+02    3.2458E-08    3.5033E-10    1.0546E+00   -1.1249E+00    3.0504E-01    8.1590E-04
4.6145E+01  4.6371E-04 1.8030E+02    4.2050E-08    2.8115E-10    1.0688E+00   -1.1240E+00    2.8715E-01    8.2341E-04
4.5341E+01  5.3596E-04 1.7985E+02    5.3332E-08    2.2823E-10    1.0780E+00   -1.1191E+00    2.7500E-01    8.2985E-04
4.4546E+01  6.1869E-04 1.7955E+02    6.5786E-08    1.8869E-10    1.0802E+00   -1.1093E+00    2.6713E-01    8.3621E-04
4.3760E+01  7.1329E-04 1.7937E+02    7.8755E-08    1.6086E-10    1.0736E+00   -1.0940E+00    2.6229E-01    8.4163E-04
4.2981E+01  8.2132E-04 1.7925E+02    9.1557E-08    1.4154E-10    1.0597E+00   -1.0761E+00    2.5946E-01    8.4631E-04
4.2210E+01  9.4452E-04 1.7919E+02    1.0385E-07    1.2913E-10    1.0423E+00   -1.0605E+00    2.5792E-01    8.4996E-04
4.1446E+01  1.0848E-03 1.7916E+02    1.1403E-07    1.2449E-10    1.0305E+00   -1.0520E+00    2.5712E-01    8.5302E-04
4.0689E+01  1.2444E-03 1.7915E+02    1.2313E-07    1.2508E-10    1.0257E+00   -1.0539E+00    2.5674E-01    8.5603E-04
3.9939E+01  1.4257E-03 1.7914E+02    1.3061E-07    1.3113E-10    1.0258E+00   -1.0619E+00    2.5651E-01    8.5805E-04
3.9197E+01  1.6313E-03 1.7912E+02    1.3706E-07    1.4213E-10    1.0306E+00   -1.0705E+00    2.5614E-01    8.6001E-04
3.8462E+01  1.8642E-03 1.7909E+02    1.4393E-07    1.5770E-10    1.0364E+00   -1.0733E+00    2.5525E-01    8.6148E-04
3.7734E+01  2.1276E-03 1.7901E+02    1.4976E-07    1.7716E-10    1.0385E+00   -1.0668E+00    2.5331E-01    8.6200E-04
3.7014E+01  2.4253E-03 1.7886E+02    1.5690E-07    1.9936E-10    1.0355E+00   -1.0543E+00    2.4976E-01    8.6338E-04
3.6302E+01  2.7611E-03 1.7863E+02    1.6404E-07    2.2686E-10    1.0251E+00   -1.0369E+00    2.4421E-01    8.6400E-04
3.5597E+01  3.1394E-03 1.7831E+02    1.7109E-07    2.5872E-10    1.0074E+00   -1.0172E+00    2.3656E-01    8.6422E-04
3.4902E+01  3.5651E-03 1.7790E+02    1.7805E-07    2.9805E-10    9.8331E-01   -9.9633E-01    2.2708E-01    8.6500E-04
3.4215E+01  4.0433E-03 1.7741E+02    1.8495E-07    3.4362E-10    9.5072E-01   -9.7116E-01    2.1637E-01    8.6500E-04
3.3537E+01  4.5800E-03 1.7688E+02    1.9138E-07    3.9774E-10    9.0866E-01   -9.3929E-01    2.0524E-01    8.6500E-04
3.2868E+01  5.1814E-03 1.7635E+02    1.9674E-07    4.6076E-10    8.5623E-01   -8.9909E-01    1.9458E-01    8.6569E-04
3.2208E+01  5.8543E-03 1.7586E+02    2.0203E-07    5.3355E-10    7.9307E-01   -8.5015E-01    1.8521E-01    8.6600E-04
3.1556E+01  6.6063E-03 1.7546E+02    2.0594E-07    6.1619E-10    7.2258E-01   -7.9450E-01    1.7782E-01    8.6600E-04
3.0913E+01  7.4455E-03 1.7518E+02    2.0981E-07    7.0989E-10    6.5097E-01   -7.3658E-01    1.7291E-01    8.6600E-04
3.0277E+01  8.3807E-03 1.7506E+02    2.1275E-07    8.1510E-10    5.8510E-01   -6.8067E-01    1.7077E-01    8.6600E-04
2.9649E+01  9.4215E-03 1.7510E+02    2.1427E-07    9.3316E-10    5.3068E-01   -6.3058E-01    1.7147E-01    8.6600E-04
2.9027E+01  1.0578E-02 1.7529E+02    2.1600E-07    1.0646E-09    4.9013E-01   -5.7726E-01    1.7483E-01    8.6600E-04
2.8410E+01  1.1862E-02 1.7561E+02    2.1662E-07    1.2130E-09    4.6301E-01   -5.4134E-01    1.8052E-01    8.6600E-04
2.7800E+01  1.3285E-02 1.7601E+02    2.1616E-07    1.3772E-09    4.4639E-01   -5.1562E-01    1.8806E-01    8.6600E-04
2.7195E+01  1.4859E-02 1.7647E+02    2.1589E-07    1.5692E-09    4.3524E-01   -4.9663E-01    1.9696E-01    8.6600E-04
2.6595E+01  1.6600E-02 1.7695E+02    2.1374E-07    1.7798E-09    4.2454E-01   -4.8038E-01    2.0671E-01    8.6600E-04
2.6001E+01  1.8521E-02 1.7743E+02    2.1164E-07    2.0264E-09    4.1092E-01   -4.6430E-01    2.1691E-01    8.6600E-04
2.5412E+01  2.0638E-02 1.7791E+02    2.0810E-07    2.3049E-09    3.9254E-01   -4.4684E-01    2.2735E-01    8.6600E-04
2.4828E+01  2.2968E-02 1.7838E+02    2.0459E-07    2.6223E-09    3.6909E-01   -4.2785E-01    2.3807E-01    8.6600E-04
2.4250E+01  2.5529E-02 1.7885E+02    2.0208E-07    2.9776E-09    3.4123E-01   -4.0736E-01    2.4938E-01    8.6600E-04
2.3677E+01  2.8340E-02 1.7935E+02    2.0100E-07    3.3579E-09    3.1047E-01   -3.8498E-01    2.6181E-01    8.6600E-04
2.3110E+01  3.1421E-02 1.7989E+02    2.0149E-07    3.7660E-09    2.7882E-01   -3.6029E-01    2.7604E-01    8.6600E-04
2.2548E+01  3.4792E-02 1.8051E+02    2.0486E-07    4.1748E-09    2.4833E-01   -3.3339E-01    2.9280E-01    8.6600E-04
2.1991E+01  3.8477E-02 1.8120E+02    2.1189E-07    4.5880E-09    2.2096E-01   -3.0512E-01    3.1278E-01    8.6600E-04
2.1439E+01  4.2499E-02 1.8197E+02    2.2251E-07    4.9922E-09    1.9792E-01   -2.7716E-01    3.3654E-01    8.6600E-04
2.0891E+01  4.6881E-02 1.8282E+02    2.3665E-07    5.3947E-09    1.7984E-01   -2.5159E-01    3.6456E-01    8.6600E-04
2.0348E+01  5.1651E-02 1.8374E+02    2.5500E-07    5.8058E-09    1.6659E-01   -2.3048E-01    3.9721E-01    8.6600E-04
1.9809E+01  5.6834E-02 1.8473E+02    2.7704E-07    6.2511E-09    1.5759E-01   -2.1505E-01    4.3491E-01    8.6600E-04
1.9275E+01  6.2458E-02 1.8577E+02    3.0423E-07    6.7576E-09    1.5195E-01   -2.0589E-01    4.7822E-01    8.6600E-04
1.8745E+01  6.8553E-02 1.8687E+02    3.3691E-07    7.2687E-09    1.4842E-01   -2.0268E-01    5.2796E-01    8.6600E-04
1.8218E+01  7.5147E-02 1.8803E+02    3.7624E-07    7.7740E-09    1.4629E-01   -2.0443E-01    5.8532E-01    8.6600E-04
1.7696E+01  8.2272E-02 1.8926E+02    4.2516E-07    8.2747E-09    1.4510E-01   -2.0988E-01    6.5185E-01    8.6600E-04
1.7178E+01  8.9959E-02 1.9055E+02    4.8458E-07    8.7662E-09    1.4458E-01   -2.1707E-01    7.2921E-01    8.6600E-04
1.6664E+01  9.8240E-02 1.9191E+02    5.5554E-07    9.2876E-09    1.4446E-01   -2.2011E-01    8.1875E-01    8.6600E-04
1.6153E+01  1.0715E-01 1.9330E+02    4.9207E-07    9.8433E-09    1.4189E-01   -1.5235E-01    9.2017E-01    8.6600E-04
1.5646E+01  1.1672E-01 1.9470E+02    4.9322E-07    1.0419E-08    1.4008E-01   -1.5195E-01    1.0329E+00    8.6600E-04
1.5143E+01  1.2698E-01 1.9645E+02    6.3039E-07    1.1084E-08    1.4021E-01   -1.7422E-01    1.1918E+00    8.6600E-04
1.4643E+01  1.3797E-01 1.9794E+02    8.0776E-07    1.2005E-08    1.4122E-01   -1.6971E-01    1.3424E+00    8.6600E-04
1.4148E+01  1.4972E-01 1.9927E+02    1.0054E-06    1.3036E-08    1.4218E-01   -1.6820E-01    1.4909E+00    8.6600E-04
1.3656E+01  1.6227E-01 2.0068E+02    1.2622E-06    1.4181E-08    1.4336E-01   -1.6431E-01    1.6642E+00    8.6600E-04
1.3170E+01  1.7566E-01 2.0193E+02    1.5385E-06    1.5032E-08    1.4308E-01   -1.6084E-01    1.8311E+00    8.6600E-04
1.2688E+01  1.8990E-01 2.0341E+02    1.9355E-06    1.5124E-08    1.4104E-01   -1.5657E-01    2.0484E+00    8.6600E-04
1.2210E+01  2.0504E-01 2.0471E+02    2.3632E-06    1.4455E-08    1.3676E-01   -1.4520E-01    2.2580E+00    8.6600E-04
1.1737E+01  2.2111E-01 2.0654E+02    3.1015E-06    1.2831E-08    1.3251E-01   -1.4504E-01    2.5829E+00    8.6600E-04
1.1267E+01  2.3814E-01 2.0872E+02    4.2561E-06    1.0669E-08    1.3113E-01   -2.6714E-01    3.0231E+00    8.6600E-04
1.0798E+01  2.5615E-01 2.1320E+02    7.9288E-06    8.8925E-09    1.4687E-01   -6.2021E-01    4.1318E+00    8.6600E-04
1.0327E+01  2.7518E-01 2.1767E+02    1.4390E-05    7.5383E-09    1.7438E-01   -9.8699E-01    5.4344E+00    8.6600E-04
9.8555E+00  2.9526E-01 2.2213E+02    2.5441E-05    6.3908E-09    2.1230E-01   -1.3541E+00    6.5512E+00    8.6600E-04
9.3827E+00  3.1640E-01 2.2656E+02    4.3794E-05    5.3997E-09    2.6121E-01   -1.7083E+00    7.8228E+00    8.6600E-04
8.9095E+00  3.3862E-01 2.3093E+02    7.3349E-05    4.5323E-09    3.2090E-01   -2.0265E+00    9.2516E+00    8.6600E-04
8.4364E+00  3.6195E-01 2.3522E+02    1.1942E-04    3.7822E-09    3.8631E-01   -2.2616E+00    1.0835E+01    8.6600E-04
7.9638E+00  3.8640E-01 2.3940E+02    1.8878E-04    3.1501E-09    4.5468E-01   -2.4062E+00    1.2562E+01    8.6600E-04
7.4924E+00  4.1198E-01 2.4344E+02    2.8953E-04    2.6303E-09    5.2935E-01   -2.4842E+00    1.4416E+01    8.6600E-04
7.0228E+00  4.3870E-01 2.4732E+02    4.3061E-04    2.2089E-09    6.0364E-01   -2.4818E+00    1.6376E+01    8.6600E-04
6.5555E+00  4.6656E-01 2.5101E+02    6.2121E-04    1.8686E-09    6.6248E-01   -2.4355E+00    1.8418E+01    8.6600E-04
6.0912E+00  4.9557E-01 2.5450E+02    8.7012E-04    1.5925E-09    7.0186E-01   -2.3758E+00    2.0515E+01    8.6600E-04
5.6305E+00  5.2571E-01 2.5779E+02    1.1853E-03    1.3639E-09    7.2975E-01   -2.3180E+00    2.2647E+01    8.6600E-04
5.1741E+00  5.5699E-01 2.6088E+02    1.5733E-03    1.1707E-09    7.5181E-01   -2.2349E+00    2.4793E+01    8.6600E-04
4.7225E+00  5.8939E-01 2.6378E+02    2.0399E-03    1.0100E-09    7.6655E-01   -2.1428E+00    2.6939E+01    8.6600E-04
4.2762E+00  6.2289E-01 2.6650E+02    2.5892E-03    8.6192E-10    7.7143E-01   -2.0453E+00    2.9073E+01    8.6600E-04
3.8357E+00  6.5746E-01 2.6906E+02    3.2248E-03    7.3449E-10    7.6785E-01   -1.9055E+00    3.1189E+01    8.6600E-04
3.4014E+00  6.9307E-01 2.7146E+02    3.9492E-03    6.2379E-10    7.5973E-01   -1.7295E+00    3.3281E+01    8.6600E-04
2.9738E+00  7.2969E-01 2.7383E+02    4.8120E-03    5.2843E-10    7.5301E-01   -1.5843E+00    3.5434E+01    8.6600E-04
2.5529E+00  7.6728E-01 2.7621E+02    5.7430E-03    4.4761E-10    7.3735E-01   -1.4672E+00    3.7713E+01    8.6600E-04
2.1390E+00  8.0579E-01 2.7848E+02    6.6795E-03    3.7921E-10    7.1225E-01   -1.3871E+00    3.9989E+01    8.6600E-04
1.7324E+00  8.4516E-01 2.8065E+02    7.8326E-03    3.2054E-10    6.9672E-01   -1.4020E+00    4.2254E+01    8.6600E-04
1.3335E+00  8.8534E-01 2.8272E+02    8.9305E-03    2.6959E-10    6.7661E-01   -1.4629E+00    4.4498E+01    8.6600E-04
9.4250E-01  9.2626E-01 2.8470E+02    1.0268E-02    2.2799E-10    6.7325E-01   -1.6214E+00    4.6738E+01    8.6600E-04
5.5969E-01  9.6786E-01 2.8659E+02    1.1612E-02    1.9549E-10    6.7723E-01   -1.8654E+00    4.8945E+01    8.6600E-04
1.8534E-01  1.0100E+00 2.8839E+02    1.2955E-02    1.6982E-10    6.9320E-01   -2.0939E+00    5.1132E+01    8.6600E-04
0.0000E+00  1.0315E+00 2.8930E+02    1.3816E-02    1.7400E-10    8.0034E+00   -3.1328E+00    5.2264E+01    8.6600E-04
