     ALT          P          T          FH2O           O3           THEAT        TCOOL        PSATCO2        FCO2
6.2292E+01  3.2610E-05 1.7351E+02    9.2113E-11    3.9437E-09    4.1804E+01   -3.7532E+01    1.4549E-01    6.7988E-04
6.1396E+01  3.8508E-05 1.7425E+02    1.3487E-10    4.6873E-09    3.2103E+00   -9.1276E+00    1.5707E-01    6.9000E-04
6.0500E+01  4.5415E-05 1.7696E+02    2.0030E-10    5.1318E-09    2.7727E+00   -2.6391E+00    2.0697E-01    6.9981E-04
5.9594E+01  5.3493E-05 1.8047E+02    2.9949E-10    5.3241E-09    2.4606E+00   -1.5228E+00    2.9174E-01    7.1064E-04
5.8678E+01  6.2929E-05 1.8389E+02    4.5291E-10    5.3539E-09    2.1895E+00   -1.6076E+00    4.0278E-01    7.2163E-04
5.7754E+01  7.3937E-05 1.8675E+02    6.9033E-10    5.2434E-09    1.9488E+00   -1.5792E+00    5.2239E-01    7.3173E-04
5.6825E+01  8.6759E-05 1.8882E+02    1.0573E-09    5.0125E-09    1.7359E+00   -1.5233E+00    6.2732E-01    7.4288E-04
5.5896E+01  1.0168E-04 1.9003E+02    1.6227E-09    4.6595E-09    1.5472E+00   -1.3694E+00    6.9706E-01    7.5403E-04
5.4971E+01  1.1901E-04 1.9044E+02    2.4838E-09    4.1722E-09    1.3979E+00   -1.2913E+00    7.2219E-01    7.6414E-04
5.4052E+01  1.3912E-04 1.9019E+02    3.7877E-09    3.5579E-09    1.2766E+00   -1.2427E+00    7.0674E-01    7.7516E-04
5.3144E+01  1.6243E-04 1.8946E+02    5.7267E-09    2.8356E-09    1.1823E+00   -1.2167E+00    6.6357E-01    7.8507E-04
5.2248E+01  1.8940E-04 1.8845E+02    8.5646E-09    2.0808E-09    1.1167E+00   -1.2082E+00    6.0759E-01    7.9536E-04
5.1364E+01  2.2058E-04 1.8734E+02    1.2647E-08    1.3862E-09    1.0764E+00   -1.2065E+00    5.5071E-01    8.0445E-04
5.0493E+01  2.5656E-04 1.8627E+02    1.8256E-08    8.3897E-10    1.0593E+00   -1.2141E+00    5.0022E-01    8.1394E-04
4.9634E+01  2.9803E-04 1.8533E+02    2.5814E-08    5.1053E-10    1.0590E+00   -1.2248E+00    4.5933E-01    8.2255E-04
4.8786E+01  3.4577E-04 1.8457E+02    3.5571E-08    3.5451E-10    1.0700E+00   -1.2399E+00    4.2855E-01    8.3105E-04
4.7949E+01  4.0066E-04 1.8400E+02    4.8061E-08    2.7545E-10    1.0856E+00   -1.2564E+00    4.0697E-01    8.3937E-04
4.7121E+01  4.6367E-04 1.8363E+02    6.3751E-08    2.1918E-10    1.0995E+00   -1.2707E+00    3.9306E-01    8.4678E-04
4.6302E+01  5.3591E-04 1.8341E+02    8.3207E-08    1.7537E-10    1.1074E+00   -1.2794E+00    3.8513E-01    8.5321E-04
4.5491E+01  6.1863E-04 1.8331E+02    1.0654E-07    1.4238E-10    1.1070E+00   -1.2806E+00    3.8153E-01    8.5910E-04
4.4688E+01  7.1322E-04 1.8329E+02    1.3507E-07    1.1737E-10    1.0975E+00   -1.2744E+00    3.8080E-01    8.6395E-04
4.3892E+01  8.2123E-04 1.8331E+02    1.6610E-07    1.0068E-10    1.0821E+00   -1.2643E+00    3.8174E-01    8.6876E-04
4.3103E+01  9.4441E-04 1.8336E+02    2.0122E-07    8.8515E-11    1.0644E+00   -1.2560E+00    3.8348E-01    8.7269E-04
4.2321E+01  1.0847E-03 1.8342E+02    2.3916E-07    8.0686E-11    1.0535E+00   -1.2559E+00    3.8550E-01    8.7584E-04
4.1546E+01  1.2443E-03 1.8348E+02    2.8044E-07    7.6146E-11    1.0498E+00   -1.2667E+00    3.8761E-01    8.7798E-04
4.0778E+01  1.4255E-03 1.8354E+02    3.2298E-07    7.4747E-11    1.0524E+00   -1.2850E+00    3.8979E-01    8.8053E-04
4.0018E+01  1.6311E-03 1.8360E+02    3.6677E-07    7.5921E-11    1.0587E+00   -1.3026E+00    3.9202E-01    8.8206E-04
3.9264E+01  1.8639E-03 1.8366E+02    4.1216E-07    7.9586E-11    1.0651E+00   -1.3136E+00    3.9411E-01    8.8300E-04
3.8518E+01  2.1273E-03 1.8370E+02    4.5760E-07    8.5538E-11    1.0680E+00   -1.3157E+00    3.9561E-01    8.8400E-04
3.7778E+01  2.4249E-03 1.8371E+02    5.0312E-07    9.3889E-11    1.0644E+00   -1.3102E+00    3.9595E-01    8.8458E-04
3.7046E+01  2.7607E-03 1.8367E+02    5.4761E-07    1.0442E-10    1.0537E+00   -1.3003E+00    3.9462E-01    8.8500E-04
3.6322E+01  3.1389E-03 1.8358E+02    5.9083E-07    1.1707E-10    1.0359E+00   -1.2875E+00    3.9136E-01    8.8500E-04
3.5605E+01  3.5645E-03 1.8344E+02    6.3199E-07    1.3259E-10    1.0118E+00   -1.2724E+00    3.8627E-01    8.8596E-04
3.4896E+01  4.0427E-03 1.8326E+02    6.7118E-07    1.5002E-10    9.7870E-01   -1.2503E+00    3.7983E-01    8.8600E-04
3.4195E+01  4.5793E-03 1.8306E+02    7.0724E-07    1.7008E-10    9.3539E-01   -1.2188E+00    3.7282E-01    8.8600E-04
3.3502E+01  5.1805E-03 1.8287E+02    7.4062E-07    1.9269E-10    8.8076E-01   -1.1765E+00    3.6618E-01    8.8600E-04
3.2817E+01  5.8533E-03 1.8271E+02    7.7047E-07    2.1872E-10    8.1566E-01   -1.1246E+00    3.6095E-01    8.8600E-04
3.2140E+01  6.6051E-03 1.8263E+02    7.9735E-07    2.4919E-10    7.4390E-01   -1.0660E+00    3.5807E-01    8.8600E-04
3.1470E+01  7.4442E-03 1.8264E+02    8.2010E-07    2.8268E-10    6.7169E-01   -1.0049E+00    3.5836E-01    8.8600E-04
3.0807E+01  8.3792E-03 1.8275E+02    8.4023E-07    3.2151E-10    6.0591E-01   -9.4579E-01    3.6232E-01    8.8600E-04
3.0151E+01  9.4198E-03 1.8298E+02    8.5784E-07    3.6458E-10    5.5198E-01   -8.9223E-01    3.7010E-01    8.8600E-04
2.9500E+01  1.0576E-02 1.8330E+02    8.7201E-07    4.1397E-10    5.1170E-01   -8.3635E-01    3.8132E-01    8.8600E-04
2.8856E+01  1.1860E-02 1.8369E+02    8.8383E-07    4.6967E-10    4.8409E-01   -7.9329E-01    3.9520E-01    8.8600E-04
2.8218E+01  1.3282E-02 1.8410E+02    8.9236E-07    5.3337E-10    4.6583E-01   -7.6020E-01    4.1070E-01    8.8600E-04
2.7585E+01  1.4857E-02 1.8452E+02    8.9852E-07    6.0642E-10    4.5173E-01   -7.3322E-01    4.2676E-01    8.8600E-04
2.6958E+01  1.6597E-02 1.8491E+02    9.0144E-07    6.8924E-10    4.3703E-01   -7.0843E-01    4.4247E-01    8.8600E-04
2.6338E+01  1.8517E-02 1.8528E+02    9.0200E-07    7.8380E-10    4.1856E-01   -6.8336E-01    4.5730E-01    8.8600E-04
2.5723E+01  2.0634E-02 1.8561E+02    9.0013E-07    8.9173E-10    3.9493E-01   -6.5702E-01    4.7122E-01    8.8600E-04
2.5114E+01  2.2963E-02 1.8592E+02    8.9503E-07    1.0152E-09    3.6620E-01   -6.2936E-01    4.8472E-01    8.8600E-04
2.4512E+01  2.5524E-02 1.8624E+02    8.8736E-07    1.1537E-09    3.3350E-01   -6.0039E-01    4.9876E-01    8.8600E-04
2.3916E+01  2.8334E-02 1.8658E+02    8.7721E-07    1.3091E-09    2.9875E-01   -5.6951E-01    5.1457E-01    8.8600E-04
2.3327E+01  3.1414E-02 1.8698E+02    8.6454E-07    1.4837E-09    2.6429E-01   -5.3592E-01    5.3337E-01    8.8600E-04
2.2743E+01  3.4784E-02 1.8745E+02    8.4877E-07    1.6801E-09    2.3231E-01   -4.9943E-01    5.5618E-01    8.8600E-04
2.2165E+01  3.8468E-02 1.8800E+02    8.3989E-07    1.9000E-09    2.0461E-01   -4.6161E-01    5.8363E-01    8.8600E-04
2.1592E+01  4.2489E-02 1.8861E+02    8.3979E-07    2.1210E-09    1.8206E-01   -4.2449E-01    6.1592E-01    8.8600E-04
2.1025E+01  4.6870E-02 1.8928E+02    8.4524E-07    2.3608E-09    1.6488E-01   -3.9006E-01    6.5286E-01    8.8600E-04
2.0463E+01  5.1639E-02 1.8998E+02    8.5536E-07    2.6263E-09    1.5259E-01   -3.6014E-01    6.9405E-01    8.8600E-04
1.9907E+01  5.6820E-02 1.9071E+02    8.6787E-07    2.9338E-09    1.4427E-01   -3.3573E-01    7.3909E-01    8.8600E-04
1.9356E+01  6.2443E-02 1.9146E+02    8.8272E-07    3.3049E-09    1.3895E-01   -3.1698E-01    7.8787E-01    8.8600E-04
1.8810E+01  6.8536E-02 1.9223E+02    8.9982E-07    3.7332E-09    1.3570E-01   -3.0329E-01    8.4074E-01    8.8600E-04
1.8270E+01  7.5128E-02 1.9302E+02    9.2102E-07    4.2074E-09    1.3392E-01   -2.9358E-01    8.9865E-01    8.8600E-04
1.7734E+01  8.2251E-02 1.9385E+02    9.4887E-07    4.7237E-09    1.3320E-01   -2.8652E-01    9.6299E-01    8.8600E-04
1.7204E+01  8.9936E-02 1.9473E+02    9.8449E-07    5.3012E-09    1.3347E-01   -2.8048E-01    1.0353E+00    8.8600E-04
1.6680E+01  9.8214E-02 1.9565E+02    1.0271E-06    5.9350E-09    1.3423E-01   -2.7026E-01    1.1166E+00    8.8600E-04
1.6160E+01  1.0712E-01 1.9660E+02    8.5791E-07    6.6709E-09    1.3255E-01   -1.9534E-01    1.2058E+00    8.8600E-04
1.5645E+01  1.1669E-01 1.9755E+02    7.7786E-07    7.5098E-09    1.3196E-01   -1.7624E-01    1.3018E+00    8.8600E-04
1.5136E+01  1.2695E-01 1.9873E+02    8.9369E-07    8.4939E-09    1.3359E-01   -1.7456E-01    1.4292E+00    8.8600E-04
1.4631E+01  1.3793E-01 1.9970E+02    1.0521E-06    9.7011E-09    1.3604E-01   -1.5877E-01    1.5415E+00    8.8600E-04
1.4132E+01  1.4968E-01 2.0063E+02    1.2293E-06    1.1055E-08    1.3866E-01   -1.4593E-01    1.6576E+00    8.8600E-04
1.3638E+01  1.6223E-01 2.0159E+02    1.4374E-06    1.2517E-08    1.4114E-01   -1.3485E-01    1.7844E+00    8.8600E-04
1.3149E+01  1.7561E-01 2.0257E+02    1.6829E-06    1.3725E-08    1.4219E-01   -1.2248E-01    1.9233E+00    8.8600E-04
1.2666E+01  1.8985E-01 2.0362E+02    1.9829E-06    1.4128E-08    1.4036E-01   -1.1078E-01    2.0808E+00    8.8600E-04
1.2189E+01  2.0498E-01 2.0484E+02    2.3924E-06    1.3607E-08    1.3614E-01   -1.0458E-01    2.2795E+00    8.8600E-04
1.1716E+01  2.2105E-01 2.0637E+02    3.0098E-06    1.2225E-08    1.3101E-01   -8.4393E-02    2.5517E+00    8.8600E-04
1.1247E+01  2.3807E-01 2.0830E+02    3.9900E-06    1.0275E-08    1.2817E-01   -1.9691E-01    2.9343E+00    8.8600E-04
1.0779E+01  2.5608E-01 2.1277E+02    7.4451E-06    8.6697E-09    1.4203E-01   -5.4567E-01    4.0132E+00    8.8600E-04
1.0309E+01  2.7510E-01 2.1724E+02    1.3534E-05    7.3710E-09    1.6785E-01   -9.1331E-01    5.3341E+00    8.8600E-04
9.8383E+00  2.9517E-01 2.2169E+02    2.3966E-05    6.2626E-09    2.0484E-01   -1.2870E+00    6.4337E+00    8.8600E-04
9.3666E+00  3.1630E-01 2.2611E+02    4.1328E-05    5.2924E-09    2.5319E-01   -1.6486E+00    7.6868E+00    8.8600E-04
8.8945E+00  3.3852E-01 2.3048E+02    6.9362E-05    4.4333E-09    3.1233E-01   -1.9755E+00    9.0968E+00    8.8600E-04
8.4225E+00  3.6184E-01 2.3477E+02    1.1319E-04    3.6960E-09    3.7745E-01   -2.2221E+00    1.0661E+01    8.8600E-04
7.9510E+00  3.8628E-01 2.3896E+02    1.7939E-04    3.0721E-09    4.4530E-01   -2.3752E+00    1.2370E+01    8.8600E-04
7.4806E+00  4.1185E-01 2.4301E+02    2.7590E-04    2.5567E-09    5.1924E-01   -2.4620E+00    1.4209E+01    8.8600E-04
7.0119E+00  4.3856E-01 2.4690E+02    4.1156E-04    2.1388E-09    5.9406E-01   -2.4677E+00    1.6156E+01    8.8600E-04
6.5456E+00  4.6641E-01 2.5060E+02    5.9555E-04    1.8057E-09    6.5478E-01   -2.4266E+00    1.8186E+01    8.8600E-04
6.0822E+00  4.9541E-01 2.5411E+02    8.3675E-04    1.5369E-09    6.9587E-01   -2.3668E+00    2.0276E+01    8.8600E-04
5.6224E+00  5.2555E-01 2.5742E+02    1.1432E-03    1.3125E-09    7.2464E-01   -2.3118E+00    2.2403E+01    8.8600E-04
5.1667E+00  5.5682E-01 2.6054E+02    1.5218E-03    1.1273E-09    7.4739E-01   -2.2325E+00    2.4546E+01    8.8600E-04
4.7158E+00  5.8920E-01 2.6346E+02    1.9783E-03    9.6696E-10    7.6321E-01   -2.1415E+00    2.6691E+01    8.8600E-04
4.2702E+00  6.2269E-01 2.6620E+02    2.5171E-03    8.2662E-10    7.6931E-01   -2.0471E+00    2.8827E+01    8.8600E-04
3.8304E+00  6.5724E-01 2.6877E+02    3.1419E-03    7.0418E-10    7.6670E-01   -1.9159E+00    3.0944E+01    8.8600E-04
3.3968E+00  6.9284E-01 2.7119E+02    3.8553E-03    5.9820E-10    7.5904E-01   -1.7371E+00    3.3038E+01    8.8600E-04
2.9697E+00  7.2945E-01 2.7352E+02    4.6867E-03    5.0684E-10    7.5094E-01   -1.5814E+00    3.5146E+01    8.8600E-04
2.5494E+00  7.6703E-01 2.7592E+02    5.6237E-03    4.2920E-10    7.3804E-01   -1.4704E+00    3.7426E+01    8.8600E-04
2.1362E+00  8.0552E-01 2.7820E+02    6.5226E-03    3.6320E-10    7.1161E-01   -1.3803E+00    3.9695E+01    8.8600E-04
1.7302E+00  8.4488E-01 2.8038E+02    7.6834E-03    3.0632E-10    6.9830E-01   -1.3959E+00    4.1962E+01    8.8600E-04
1.3318E+00  8.8505E-01 2.8245E+02    8.7876E-03    2.5792E-10    6.7902E-01   -1.4539E+00    4.4205E+01    8.8600E-04
9.4130E-01  9.2596E-01 2.8445E+02    1.0085E-02    2.1748E-10    6.7374E-01   -1.6035E+00    4.6445E+01    8.8600E-04
5.5899E-01  9.6754E-01 2.8634E+02    1.1438E-02    1.8625E-10    6.7799E-01   -1.8485E+00    4.8652E+01    8.8600E-04
1.8511E-01  1.0097E+00 2.8815E+02    1.2730E-02    1.6203E-10    6.9207E-01   -2.0701E+00    5.0833E+01    8.8600E-04
0.0000E+00  1.0312E+00 2.8906E+02    1.3595E-02    1.6600E-10    8.0143E+00   -3.1565E+00    5.1965E+01    8.8600E-04
