     ALT          P          T          FH2O           O3           THEAT        TCOOL        PSATCO2        FCO2
6.1488E+01  3.2610E-05 1.7357E+02    6.2934E-11    4.2720E-09    4.1724E+01   -3.7395E+01    1.4641E-01    6.6352E-04
6.0593E+01  3.8508E-05 1.7402E+02    9.3127E-11    5.1300E-09    3.1641E+00   -9.7190E+00    1.5337E-01    6.7356E-04
5.9698E+01  4.5416E-05 1.7651E+02    1.3842E-10    5.6503E-09    2.7330E+00   -2.5052E+00    1.9779E-01    6.8430E-04
5.8795E+01  5.3494E-05 1.7984E+02    2.0892E-10    5.8919E-09    2.4283E+00   -1.5927E+00    2.7460E-01    6.9413E-04
5.7883E+01  6.2931E-05 1.8314E+02    3.1845E-10    5.9400E-09    2.1648E+00   -1.6155E+00    3.7575E-01    7.0508E-04
5.6963E+01  7.3938E-05 1.8594E+02    4.8881E-10    5.8279E-09    1.9321E+00   -1.5931E+00    4.8546E-01    7.1613E-04
5.6038E+01  8.6762E-05 1.8796E+02    7.5467E-10    5.5825E-09    1.7236E+00   -1.4786E+00    5.8186E-01    7.2723E-04
5.5113E+01  1.0168E-04 1.8914E+02    1.1657E-09    5.1943E-09    1.5379E+00   -1.3681E+00    6.4522E-01    7.3834E-04
5.4192E+01  1.1902E-04 1.8951E+02    1.8068E-09    4.6510E-09    1.3908E+00   -1.2767E+00    6.6607E-01    7.4940E-04
5.3279E+01  1.3913E-04 1.8918E+02    2.7672E-09    3.9646E-09    1.2689E+00   -1.2245E+00    6.4766E-01    7.6037E-04
5.2375E+01  1.6244E-04 1.8835E+02    4.2227E-09    3.1706E-09    1.1734E+00   -1.1890E+00    6.0208E-01    7.7068E-04
5.1485E+01  1.8941E-04 1.8720E+02    6.3566E-09    2.3424E-09    1.1053E+00   -1.1723E+00    5.4369E-01    7.8092E-04
5.0607E+01  2.2059E-04 1.8591E+02    9.4253E-09    1.5669E-09    1.0636E+00   -1.1643E+00    4.8422E-01    7.9138E-04
4.9743E+01  2.5657E-04 1.8463E+02    1.3634E-08    9.6464E-10    1.0438E+00   -1.1594E+00    4.3092E-01    8.0084E-04
4.8892E+01  2.9805E-04 1.8346E+02    1.9202E-08    6.0053E-10    1.0418E+00   -1.1580E+00    3.8696E-01    8.1006E-04
4.8054E+01  3.4579E-04 1.8247E+02    2.6253E-08    4.2343E-10    1.0516E+00   -1.1596E+00    3.5288E-01    8.1895E-04
4.7227E+01  4.0068E-04 1.8169E+02    3.4803E-08    3.3289E-10    1.0664E+00   -1.1617E+00    3.2775E-01    8.2724E-04
4.6410E+01  4.6370E-04 1.8110E+02    4.5211E-08    2.6796E-10    1.0801E+00   -1.1617E+00    3.1009E-01    8.3442E-04
4.5602E+01  5.3595E-04 1.8070E+02    5.7523E-08    2.1720E-10    1.0893E+00   -1.1582E+00    2.9829E-01    8.4141E-04
4.4804E+01  6.1868E-04 1.8044E+02    7.1567E-08    1.7900E-10    1.0901E+00   -1.1484E+00    2.9086E-01    8.4711E-04
4.4013E+01  7.1327E-04 1.8028E+02    8.6599E-08    1.5216E-10    1.0828E+00   -1.1337E+00    2.8649E-01    8.5286E-04
4.3230E+01  8.2130E-04 1.8019E+02    1.0244E-07    1.3354E-10    1.0682E+00   -1.1162E+00    2.8414E-01    8.5757E-04
4.2455E+01  9.4449E-04 1.8015E+02    1.1799E-07    1.2151E-10    1.0502E+00   -1.1006E+00    2.8303E-01    8.6082E-04
4.1687E+01  1.0848E-03 1.8014E+02    1.3252E-07    1.1515E-10    1.0386E+00   -1.0931E+00    2.8262E-01    8.6390E-04
4.0926E+01  1.2444E-03 1.8014E+02    1.4720E-07    1.1347E-10    1.0343E+00   -1.0966E+00    2.8257E-01    8.6695E-04
4.0172E+01  1.4256E-03 1.8014E+02    1.5987E-07    1.1597E-10    1.0350E+00   -1.1059E+00    2.8267E-01    8.6898E-04
3.9426E+01  1.6312E-03 1.8014E+02    1.7327E-07    1.2338E-10    1.0399E+00   -1.1154E+00    2.8264E-01    8.7048E-04
3.8687E+01  1.8641E-03 1.8012E+02    1.8666E-07    1.3273E-10    1.0459E+00   -1.1194E+00    2.8211E-01    8.7196E-04
3.7955E+01  2.1275E-03 1.8006E+02    2.0024E-07    1.4622E-10    1.0487E+00   -1.1152E+00    2.8055E-01    8.7343E-04
3.7230E+01  2.4252E-03 1.7994E+02    2.1393E-07    1.6255E-10    1.0449E+00   -1.1033E+00    2.7743E-01    8.7400E-04
3.6513E+01  2.7610E-03 1.7975E+02    2.2815E-07    1.8197E-10    1.0344E+00   -1.0882E+00    2.7234E-01    8.7500E-04
3.5805E+01  3.1393E-03 1.7948E+02    2.4237E-07    2.0691E-10    1.0162E+00   -1.0709E+00    2.6521E-01    8.7500E-04
3.5104E+01  3.5649E-03 1.7913E+02    2.5543E-07    2.3635E-10    9.9193E-01   -1.0527E+00    2.5633E-01    8.7600E-04
3.4413E+01  4.0432E-03 1.7872E+02    2.6876E-07    2.7107E-10    9.5882E-01   -1.0300E+00    2.4630E-01    8.7600E-04
3.3729E+01  4.5798E-03 1.7829E+02    2.8022E-07    3.1188E-10    9.1594E-01   -9.9981E-01    2.3598E-01    8.7600E-04
3.3055E+01  5.1811E-03 1.7786E+02    2.9104E-07    3.5864E-10    8.6209E-01   -9.6056E-01    2.2626E-01    8.7600E-04
3.2389E+01  5.8540E-03 1.7748E+02    3.0114E-07    4.1242E-10    7.9790E-01   -9.1242E-01    2.1801E-01    8.7600E-04
3.1731E+01  6.6060E-03 1.7720E+02    3.0948E-07    4.7277E-10    7.2694E-01   -8.5764E-01    2.1196E-01    8.7600E-04
3.1082E+01  7.4451E-03 1.7704E+02    3.1709E-07    5.4200E-10    6.5568E-01   -8.0086E-01    2.0866E-01    8.7700E-04
3.0439E+01  8.3803E-03 1.7703E+02    3.2303E-07    6.1831E-10    5.8986E-01   -7.4519E-01    2.0842E-01    8.7700E-04
2.9803E+01  9.4210E-03 1.7717E+02    3.2814E-07    7.0448E-10    5.3573E-01   -6.9534E-01    2.1131E-01    8.7700E-04
2.9174E+01  1.0578E-02 1.7744E+02    3.3210E-07    8.0114E-10    4.9554E-01   -6.4238E-01    2.1713E-01    8.7700E-04
2.8550E+01  1.1861E-02 1.7782E+02    3.3461E-07    9.0866E-10    4.6858E-01   -6.0572E-01    2.2541E-01    8.7700E-04
2.7932E+01  1.3284E-02 1.7827E+02    3.3655E-07    1.0311E-09    4.5173E-01   -5.7918E-01    2.3556E-01    8.7700E-04
2.7319E+01  1.4859E-02 1.7875E+02    3.3700E-07    1.1723E-09    4.3981E-01   -5.5882E-01    2.4694E-01    8.7700E-04
2.6711E+01  1.6599E-02 1.7923E+02    3.3600E-07    1.3298E-09    4.2792E-01   -5.4081E-01    2.5893E-01    8.7700E-04
2.6109E+01  1.8520E-02 1.7971E+02    3.3458E-07    1.5039E-09    4.1268E-01   -5.2260E-01    2.7107E-01    8.7700E-04
2.5513E+01  2.0637E-02 1.8016E+02    3.3137E-07    1.7109E-09    3.9253E-01   -5.0280E-01    2.8317E-01    8.7700E-04
2.4922E+01  2.2967E-02 1.8060E+02    3.2662E-07    1.9418E-09    3.6716E-01   -4.8136E-01    2.9534E-01    8.7700E-04
2.4337E+01  2.5528E-02 1.8104E+02    3.2115E-07    2.2121E-09    3.3754E-01   -4.5828E-01    3.0804E-01    8.7700E-04
2.3757E+01  2.8338E-02 1.8150E+02    3.1627E-07    2.5116E-09    3.0530E-01   -4.3331E-01    3.2196E-01    8.7700E-04
2.3183E+01  3.1419E-02 1.8201E+02    3.1417E-07    2.8329E-09    2.7261E-01   -4.0609E-01    3.3795E-01    8.7700E-04
2.2615E+01  3.4790E-02 1.8259E+02    3.1713E-07    3.1557E-09    2.4156E-01   -3.7677E-01    3.5684E-01    8.7700E-04
2.2051E+01  3.8475E-02 1.8325E+02    3.2384E-07    3.4946E-09    2.1405E-01   -3.4613E-01    3.7934E-01    8.7700E-04
2.1493E+01  4.2496E-02 1.8398E+02    3.3517E-07    3.8308E-09    1.9123E-01   -3.1597E-01    4.0599E-01    8.7700E-04
2.0939E+01  4.6878E-02 1.8478E+02    3.5136E-07    4.1702E-09    1.7351E-01   -2.8851E-01    4.3714E-01    8.7700E-04
2.0391E+01  5.1648E-02 1.8565E+02    3.7172E-07    4.5256E-09    1.6068E-01   -2.6564E-01    4.7304E-01    8.7700E-04
1.9847E+01  5.6830E-02 1.8657E+02    3.9668E-07    4.9175E-09    1.5205E-01   -2.4860E-01    5.1394E-01    8.7700E-04
1.9307E+01  6.2454E-02 1.8754E+02    4.2615E-07    5.3704E-09    1.4665E-01   -2.3772E-01    5.6026E-01    8.7700E-04
1.8772E+01  6.8548E-02 1.8855E+02    4.6188E-07    5.8519E-09    1.4339E-01   -2.3265E-01    6.1275E-01    8.7700E-04
1.8241E+01  7.5142E-02 1.8962E+02    5.0420E-07    6.3419E-09    1.4148E-01   -2.3227E-01    6.7256E-01    8.7700E-04
1.7715E+01  8.2266E-02 1.9074E+02    5.5630E-07    6.8377E-09    1.4056E-01   -2.3529E-01    7.4121E-01    8.7700E-04
1.7193E+01  8.9952E-02 1.9194E+02    6.1810E-07    7.3437E-09    1.4038E-01   -2.3974E-01    8.2035E-01    8.7700E-04
1.6675E+01  9.8233E-02 1.9319E+02    6.9216E-07    7.8900E-09    1.4064E-01   -2.3994E-01    9.1122E-01    8.7700E-04
1.6161E+01  1.0714E-01 1.9446E+02    6.0069E-07    8.4816E-09    1.3830E-01   -1.6965E-01    1.0133E+00    8.7700E-04
1.5652E+01  1.1671E-01 1.9575E+02    5.8426E-07    9.1051E-09    1.3679E-01   -1.6557E-01    1.1257E+00    8.7700E-04
1.5146E+01  1.2697E-01 1.9737E+02    7.2678E-07    9.8323E-09    1.3739E-01   -1.8200E-01    1.2827E+00    8.7700E-04
1.4644E+01  1.3796E-01 1.9870E+02    9.0676E-07    1.0825E-08    1.3891E-01   -1.7480E-01    1.4252E+00    8.7700E-04
1.4147E+01  1.4971E-01 1.9993E+02    1.1109E-06    1.1960E-08    1.4055E-01   -1.7047E-01    1.5701E+00    8.7700E-04
1.3654E+01  1.6226E-01 2.0119E+02    1.3598E-06    1.3207E-08    1.4232E-01   -1.6359E-01    1.7301E+00    8.7700E-04
1.3166E+01  1.7564E-01 2.0237E+02    1.6417E-06    1.4167E-08    1.4268E-01   -1.6118E-01    1.8944E+00    8.7700E-04
1.2683E+01  1.8988E-01 2.0372E+02    2.0246E-06    1.4431E-08    1.4102E-01   -1.5020E-01    2.0978E+00    8.7700E-04
1.2205E+01  2.0502E-01 2.0492E+02    2.4308E-06    1.3853E-08    1.3681E-01   -1.4482E-01    2.2927E+00    8.7700E-04
1.1732E+01  2.2109E-01 2.0678E+02    3.2049E-06    1.2402E-08    1.3290E-01   -1.3772E-01    2.6285E+00    8.7700E-04
1.1262E+01  2.3812E-01 2.0862E+02    4.1891E-06    1.0339E-08    1.3019E-01   -2.3523E-01    3.0013E+00    8.7700E-04
1.0793E+01  2.5613E-01 2.1309E+02    7.8070E-06    8.6914E-09    1.4541E-01   -5.9124E-01    4.1027E+00    8.7700E-04
1.0323E+01  2.7516E-01 2.1757E+02    1.4175E-05    7.3875E-09    1.7250E-01   -9.6085E-01    5.4099E+00    8.7700E-04
9.8509E+00  2.9523E-01 2.2202E+02    2.5069E-05    6.2645E-09    2.1024E-01   -1.3319E+00    6.5224E+00    8.7700E-04
9.3784E+00  3.1637E-01 2.2645E+02    4.3171E-05    5.2949E-09    2.5909E-01   -1.6898E+00    7.7894E+00    8.7700E-04
8.9055E+00  3.3859E-01 2.3082E+02    7.2341E-05    4.4409E-09    3.1868E-01   -2.0113E+00    9.2135E+00    8.7700E-04
8.4326E+00  3.6192E-01 2.3511E+02    1.1784E-04    3.7020E-09    3.8403E-01   -2.2501E+00    1.0792E+01    8.7700E-04
7.9604E+00  3.8636E-01 2.3929E+02    1.8641E-04    3.0809E-09    4.5229E-01   -2.3973E+00    1.2514E+01    8.7700E-04
7.4892E+00  4.1194E-01 2.4333E+02    2.8608E-04    2.5719E-09    5.2679E-01   -2.4779E+00    1.4365E+01    8.7700E-04
7.0198E+00  4.3866E-01 2.4721E+02    4.2580E-04    2.1609E-09    6.0123E-01   -2.4777E+00    1.6322E+01    8.7700E-04
6.5528E+00  4.6652E-01 2.5091E+02    6.1474E-04    1.8264E-09    6.6053E-01   -2.4327E+00    1.8361E+01    8.7700E-04
6.0887E+00  4.9552E-01 2.5440E+02    8.6173E-04    1.5544E-09    7.0033E-01   -2.3731E+00    2.0457E+01    8.7700E-04
5.6283E+00  5.2567E-01 2.5770E+02    1.1747E-03    1.3326E-09    7.2844E-01   -2.3161E+00    2.2587E+01    8.7700E-04
5.1721E+00  5.5694E-01 2.6080E+02    1.5605E-03    1.1401E-09    7.5067E-01   -2.2341E+00    2.4732E+01    8.7700E-04
4.7206E+00  5.8934E-01 2.6370E+02    2.0246E-03    9.8169E-10    7.6572E-01   -2.1423E+00    2.6878E+01    8.7700E-04
4.2745E+00  6.2283E-01 2.6643E+02    2.5715E-03    8.4003E-10    7.7093E-01   -2.0457E+00    2.9014E+01    8.7700E-04
3.8342E+00  6.5740E-01 2.6899E+02    3.2046E-03    7.1555E-10    7.6761E-01   -1.9090E+00    3.1130E+01    8.7700E-04
3.4001E+00  6.9301E-01 2.7140E+02    3.9266E-03    6.0758E-10    7.5957E-01   -1.7305E+00    3.3223E+01    8.7700E-04
2.9726E+00  7.2962E-01 2.7374E+02    4.7771E-03    5.1490E-10    7.5199E-01   -1.5797E+00    3.5354E+01    8.7700E-04
2.5519E+00  7.6721E-01 2.7613E+02    5.7101E-03    4.3625E-10    7.3719E-01   -1.4661E+00    3.7634E+01    8.7700E-04
2.1382E+00  8.0571E-01 2.7841E+02    6.6368E-03    3.6929E-10    7.1187E-01   -1.3841E+00    3.9909E+01    8.7700E-04
1.7318E+00  8.4508E-01 2.8058E+02    7.7924E-03    3.1152E-10    6.9702E-01   -1.3996E+00    4.2175E+01    8.7700E-04
1.3330E+00  8.8526E-01 2.8265E+02    8.8923E-03    2.6222E-10    6.7719E-01   -1.4601E+00    4.4420E+01    8.7700E-04
9.4216E-01  9.2618E-01 2.8463E+02    1.0219E-02    2.2159E-10    6.7335E-01   -1.6163E+00    4.6660E+01    8.7700E-04
5.5949E-01  9.6777E-01 2.8652E+02    1.1566E-02    1.8988E-10    6.7742E-01   -1.8607E+00    4.8868E+01    8.7700E-04
1.8528E-01  1.0099E+00 2.8832E+02    1.2896E-02    1.6493E-10    6.9290E-01   -2.0873E+00    5.1053E+01    8.7700E-04
0.0000E+00  1.0314E+00 2.8924E+02    1.3758E-02    1.6900E-10    8.0065E+00   -3.1383E+00    5.2185E+01    8.7700E-04
