     ALT          P          T          FH2O           O3           THEAT        TCOOL        PSATCO2        FCO2
6.1316E+01  3.2610E-05 1.7360E+02    5.8878E-11    4.3190E-09    4.1691E+01   -3.7264E+01    1.4692E-01    6.5725E-04
6.0422E+01  3.8508E-05 1.7390E+02    8.7224E-11    5.2010E-09    3.1481E+00   -9.7342E+00    1.5159E-01    6.6798E-04
5.9527E+01  4.5416E-05 1.7634E+02    1.3019E-10    5.7539E-09    2.7153E+00   -3.0941E+00    1.9437E-01    6.7772E-04
5.8625E+01  5.3494E-05 1.7965E+02    1.9607E-10    6.0154E-09    2.4173E+00   -1.5576E+00    2.6965E-01    6.8854E-04
5.7714E+01  6.2931E-05 1.8293E+02    2.9984E-10    6.0791E-09    2.1567E+00   -1.5530E+00    3.6845E-01    6.9948E-04
5.6795E+01  7.3938E-05 1.8570E+02    4.6042E-10    5.9697E-09    1.9259E+00   -1.6180E+00    4.7527E-01    7.1051E-04
5.5871E+01  8.6762E-05 1.8772E+02    7.1220E-10    5.7135E-09    1.7188E+00   -1.4921E+00    5.6930E-01    7.2159E-04
5.4948E+01  1.0168E-04 1.8889E+02    1.1048E-09    5.3066E-09    1.5342E+00   -1.3449E+00    6.3118E-01    7.3268E-04
5.4028E+01  1.1902E-04 1.8925E+02    1.7113E-09    4.7563E-09    1.3876E+00   -1.2622E+00    6.5131E-01    7.4373E-04
5.3115E+01  1.3913E-04 1.8892E+02    2.6299E-09    4.0684E-09    1.2658E+00   -1.2103E+00    6.3273E-01    7.5468E-04
5.2214E+01  1.6244E-04 1.8807E+02    4.0227E-09    3.2649E-09    1.1696E+00   -1.1748E+00    5.8727E-01    7.6459E-04
5.1324E+01  1.8941E-04 1.8689E+02    6.0676E-09    2.4048E-09    1.1013E+00   -1.1570E+00    5.2914E-01    7.7519E-04
5.0448E+01  2.2059E-04 1.8558E+02    9.0214E-09    1.6113E-09    1.0585E+00   -1.1474E+00    4.6998E-01    7.8526E-04
4.9586E+01  2.5657E-04 1.8427E+02    1.3076E-08    9.9559E-10    1.0384E+00   -1.1413E+00    4.1693E-01    7.9507E-04
4.8736E+01  2.9805E-04 1.8307E+02    1.8452E-08    6.1573E-10    1.0360E+00   -1.1394E+00    3.7317E-01    8.0439E-04
4.7900E+01  3.4580E-04 1.8205E+02    2.5142E-08    4.3747E-10    1.0450E+00   -1.1389E+00    3.3917E-01    8.1277E-04
4.7074E+01  4.0069E-04 1.8124E+02    3.3384E-08    3.4320E-10    1.0597E+00   -1.1400E+00    3.1402E-01    8.2103E-04
4.6260E+01  4.6371E-04 1.8063E+02    4.3194E-08    2.7582E-10    1.0745E+00   -1.1401E+00    2.9623E-01    8.2919E-04
4.5454E+01  5.3596E-04 1.8020E+02    5.4818E-08    2.2395E-10    1.0837E+00   -1.1357E+00    2.8422E-01    8.3580E-04
4.4658E+01  6.1869E-04 1.7991E+02    6.7968E-08    1.8509E-10    1.0854E+00   -1.1260E+00    2.7653E-01    8.4214E-04
4.3870E+01  7.1328E-04 1.7974E+02    8.1577E-08    1.5748E-10    1.0776E+00   -1.1099E+00    2.7187E-01    8.4687E-04
4.3089E+01  8.2131E-04 1.7964E+02    9.5455E-08    1.3827E-10    1.0634E+00   -1.0921E+00    2.6924E-01    8.5156E-04
4.2316E+01  9.4451E-04 1.7958E+02    1.0882E-07    1.2656E-10    1.0462E+00   -1.0768E+00    2.6786E-01    8.5547E-04
4.1551E+01  1.0848E-03 1.7956E+02    1.2084E-07    1.2073E-10    1.0345E+00   -1.0688E+00    2.6722E-01    8.5854E-04
4.0792E+01  1.2444E-03 1.7955E+02    1.3148E-07    1.2079E-10    1.0299E+00   -1.0711E+00    2.6697E-01    8.6158E-04
4.0041E+01  1.4256E-03 1.7954E+02    1.4173E-07    1.2544E-10    1.0303E+00   -1.0799E+00    2.6686E-01    8.6358E-04
3.9297E+01  1.6312E-03 1.7953E+02    1.5068E-07    1.3445E-10    1.0355E+00   -1.0891E+00    2.6663E-01    8.6578E-04
3.8560E+01  1.8641E-03 1.7951E+02    1.5953E-07    1.4752E-10    1.0411E+00   -1.0919E+00    2.6586E-01    8.6700E-04
3.7830E+01  2.1276E-03 1.7943E+02    1.6901E-07    1.6355E-10    1.0433E+00   -1.0862E+00    2.6405E-01    8.6772E-04
3.7108E+01  2.4252E-03 1.7930E+02    1.7815E-07    1.8257E-10    1.0401E+00   -1.0738E+00    2.6064E-01    8.6900E-04
3.6394E+01  2.7610E-03 1.7909E+02    1.8815E-07    2.0656E-10    1.0294E+00   -1.0572E+00    2.5523E-01    8.6960E-04
3.5688E+01  3.1393E-03 1.7878E+02    1.9808E-07    2.3527E-10    1.0117E+00   -1.0386E+00    2.4774E-01    8.7000E-04
3.4991E+01  3.5650E-03 1.7839E+02    2.0784E-07    2.6974E-10    9.8674E-01   -1.0183E+00    2.3846E-01    8.7000E-04
3.4302E+01  4.0433E-03 1.7794E+02    2.1673E-07    3.1022E-10    9.5455E-01   -9.9460E-01    2.2798E-01    8.7079E-04
3.3622E+01  4.5799E-03 1.7744E+02    2.2576E-07    3.5871E-10    9.1224E-01   -9.6381E-01    2.1715E-01    8.7100E-04
3.2950E+01  5.1813E-03 1.7696E+02    2.3297E-07    4.1381E-10    8.5875E-01   -9.2364E-01    2.0685E-01    8.7100E-04
3.2288E+01  5.8542E-03 1.7652E+02    2.4012E-07    4.7712E-10    7.9491E-01   -8.7494E-01    1.9793E-01    8.7100E-04
3.1634E+01  6.6061E-03 1.7617E+02    2.4555E-07    5.5002E-10    7.2415E-01   -8.1970E-01    1.9109E-01    8.7100E-04
3.0988E+01  7.4453E-03 1.7595E+02    2.5073E-07    6.3158E-10    6.5246E-01   -7.6215E-01    1.8685E-01    8.7100E-04
3.0349E+01  8.3805E-03 1.7587E+02    2.5514E-07    7.2305E-10    5.8668E-01   -7.0664E-01    1.8550E-01    8.7100E-04
2.9718E+01  9.4213E-03 1.7596E+02    2.5796E-07    8.2539E-10    5.3252E-01   -6.5696E-01    1.8713E-01    8.7100E-04
2.9093E+01  1.0578E-02 1.7619E+02    2.6047E-07    9.4110E-10    4.9262E-01   -6.0450E-01    1.9153E-01    8.7200E-04
2.8473E+01  1.1862E-02 1.7654E+02    2.6248E-07    1.0713E-09    4.6563E-01   -5.6846E-01    1.9833E-01    8.7200E-04
2.7859E+01  1.3284E-02 1.7696E+02    2.6300E-07    1.2140E-09    4.4891E-01   -5.4244E-01    2.0701E-01    8.7200E-04
2.7251E+01  1.4859E-02 1.7744E+02    2.6207E-07    1.3799E-09    4.3736E-01   -5.2290E-01    2.1700E-01    8.7200E-04
2.6648E+01  1.6599E-02 1.7793E+02    2.6172E-07    1.5630E-09    4.2614E-01   -5.0612E-01    2.2776E-01    8.7200E-04
2.6050E+01  1.8520E-02 1.7841E+02    2.5932E-07    1.7757E-09    4.1177E-01   -4.8912E-01    2.3885E-01    8.7200E-04
2.5458E+01  2.0637E-02 1.7888E+02    2.5641E-07    2.0235E-09    3.9258E-01   -4.7077E-01    2.5006E-01    8.7200E-04
2.4871E+01  2.2967E-02 1.7933E+02    2.5217E-07    2.3038E-09    3.6824E-01   -4.5073E-01    2.6147E-01    8.7200E-04
2.4290E+01  2.5528E-02 1.7980E+02    2.4750E-07    2.6141E-09    3.3951E-01   -4.2902E-01    2.7344E-01    8.7200E-04
2.3714E+01  2.8339E-02 1.8028E+02    2.4500E-07    2.9586E-09    3.0804E-01   -4.0555E-01    2.8656E-01    8.7200E-04
2.3144E+01  3.1420E-02 1.8081E+02    2.4534E-07    3.3230E-09    2.7588E-01   -3.7981E-01    3.0159E-01    8.7200E-04
2.2579E+01  3.4791E-02 1.8141E+02    2.4852E-07    3.6907E-09    2.4512E-01   -3.5182E-01    3.1931E-01    8.7200E-04
2.2019E+01  3.8476E-02 1.8209E+02    2.5540E-07    4.0682E-09    2.1766E-01   -3.2249E-01    3.4040E-01    8.7200E-04
2.1464E+01  4.2498E-02 1.8285E+02    2.6643E-07    4.4410E-09    1.9472E-01   -2.9357E-01    3.6545E-01    8.7200E-04
2.0914E+01  4.6880E-02 1.8368E+02    2.8159E-07    4.8166E-09    1.7682E-01   -2.6720E-01    3.9486E-01    8.7200E-04
2.0369E+01  5.1650E-02 1.8458E+02    3.0093E-07    5.1965E-09    1.6378E-01   -2.4537E-01    4.2897E-01    8.7200E-04
1.9828E+01  5.6832E-02 1.8553E+02    3.2484E-07    5.6258E-09    1.5501E-01   -2.2937E-01    4.6814E-01    8.7200E-04
1.9291E+01  6.2457E-02 1.8655E+02    3.5322E-07    6.1037E-09    1.4946E-01   -2.1959E-01    5.1286E-01    8.7200E-04
1.8758E+01  6.8551E-02 1.8761E+02    3.8693E-07    6.6044E-09    1.4609E-01   -2.1563E-01    5.6394E-01    8.7200E-04
1.8230E+01  7.5145E-02 1.8873E+02    4.2822E-07    7.1022E-09    1.4408E-01   -2.1661E-01    6.2255E-01    8.7200E-04
1.7706E+01  8.2269E-02 1.8992E+02    4.7924E-07    7.5952E-09    1.4301E-01   -2.2116E-01    6.9024E-01    8.7200E-04
1.7186E+01  8.9956E-02 1.9117E+02    5.4078E-07    8.0891E-09    1.4265E-01   -2.2732E-01    7.6867E-01    8.7200E-04
1.6670E+01  9.8237E-02 1.9248E+02    6.1374E-07    8.6219E-09    1.4273E-01   -2.2918E-01    8.5914E-01    8.7200E-04
1.6158E+01  1.0714E-01 1.9383E+02    5.3865E-07    9.1877E-09    1.4024E-01   -1.6017E-01    9.6125E-01    8.7200E-04
1.5650E+01  1.1671E-01 1.9518E+02    5.3288E-07    9.7743E-09    1.3851E-01   -1.5861E-01    1.0743E+00    8.7200E-04
1.5146E+01  1.2698E-01 1.9688E+02    6.7359E-07    1.0480E-08    1.3890E-01   -1.7850E-01    1.2333E+00    8.7200E-04
1.4645E+01  1.3797E-01 1.9829E+02    8.5297E-07    1.1422E-08    1.4014E-01   -1.7287E-01    1.3807E+00    8.7200E-04
1.4149E+01  1.4972E-01 1.9959E+02    1.0551E-06    1.2534E-08    1.4156E-01   -1.7028E-01    1.5286E+00    8.7200E-04
1.3657E+01  1.6227E-01 2.0093E+02    1.3096E-06    1.3682E-08    1.4287E-01   -1.6456E-01    1.6964E+00    8.7200E-04
1.3169E+01  1.7565E-01 2.0214E+02    1.5882E-06    1.4548E-08    1.4276E-01   -1.6231E-01    1.8617E+00    8.7200E-04
1.2687E+01  1.8989E-01 2.0358E+02    1.9843E-06    1.4722E-08    1.4092E-01   -1.5487E-01    2.0754E+00    8.7200E-04
1.2209E+01  2.0503E-01 2.0481E+02    2.3965E-06    1.4067E-08    1.3660E-01   -1.4568E-01    2.2750E+00    8.7200E-04
1.1736E+01  2.2110E-01 2.0668E+02    3.1623E-06    1.2621E-08    1.3282E-01   -1.4351E-01    2.6095E+00    8.7200E-04
1.1266E+01  2.3813E-01 2.0869E+02    4.2335E-06    1.0460E-08    1.3069E-01   -2.5272E-01    3.0160E+00    8.7200E-04
1.0797E+01  2.5614E-01 2.1316E+02    7.8879E-06    8.7779E-09    1.4628E-01   -6.0765E-01    4.1224E+00    8.7200E-04
1.0326E+01  2.7518E-01 2.1764E+02    1.4318E-05    7.4507E-09    1.7364E-01   -9.7614E-01    5.4265E+00    8.7200E-04
9.8542E+00  2.9525E-01 2.2210E+02    2.5317E-05    6.3232E-09    2.1155E-01   -1.3452E+00    6.5420E+00    8.7200E-04
9.3815E+00  3.1638E-01 2.2652E+02    4.3587E-05    5.3364E-09    2.6046E-01   -1.7012E+00    7.8121E+00    8.7200E-04
8.9084E+00  3.3861E-01 2.3089E+02    7.3015E-05    4.4767E-09    3.2015E-01   -2.0208E+00    9.2394E+00    8.7200E-04
8.4353E+00  3.6194E-01 2.3518E+02    1.1890E-04    3.7367E-09    3.8555E-01   -2.2574E+00    1.0821E+01    8.7200E-04
7.9629E+00  3.8638E-01 2.3936E+02    1.8800E-04    3.1145E-09    4.5391E-01   -2.4030E+00    1.2546E+01    8.7200E-04
7.4915E+00  4.1196E-01 2.4341E+02    2.8840E-04    2.5989E-09    5.2852E-01   -2.4820E+00    1.4400E+01    8.7200E-04
7.0219E+00  4.3868E-01 2.4728E+02    4.2904E-04    2.1779E-09    6.0286E-01   -2.4804E+00    1.6359E+01    8.7200E-04
6.5547E+00  4.6654E-01 2.5098E+02    6.1910E-04    1.8422E-09    6.6186E-01   -2.4346E+00    1.8400E+01    8.7200E-04
6.0905E+00  4.9555E-01 2.5447E+02    8.6740E-04    1.5719E-09    7.0138E-01   -2.3749E+00    2.0497E+01    8.7200E-04
5.6299E+00  5.2569E-01 2.5776E+02    1.1818E-03    1.3462E-09    7.2934E-01   -2.3174E+00    2.2628E+01    8.7200E-04
5.1735E+00  5.5697E-01 2.6085E+02    1.5692E-03    1.1586E-09    7.5145E-01   -2.2347E+00    2.4774E+01    8.7200E-04
4.7219E+00  5.8937E-01 2.6376E+02    2.0349E-03    9.9034E-10    7.6629E-01   -2.1427E+00    2.6919E+01    8.7200E-04
4.2757E+00  6.2286E-01 2.6648E+02    2.5833E-03    8.5033E-10    7.7126E-01   -2.0455E+00    2.9054E+01    8.7200E-04
3.8352E+00  6.5743E-01 2.6904E+02    3.2177E-03    7.2502E-10    7.6771E-01   -1.9061E+00    3.1168E+01    8.7200E-04
3.4010E+00  6.9304E-01 2.7144E+02    3.9403E-03    6.1537E-10    7.5954E-01   -1.7300E+00    3.3258E+01    8.7200E-04
2.9734E+00  7.2966E-01 2.7380E+02    4.8008E-03    5.2150E-10    7.5268E-01   -1.5825E+00    3.5409E+01    8.7200E-04
2.5526E+00  7.6725E-01 2.7618E+02    5.7304E-03    4.4196E-10    7.3687E-01   -1.4637E+00    3.7683E+01    8.7200E-04
2.1387E+00  8.0576E-01 2.7845E+02    6.6603E-03    3.7414E-10    7.1175E-01   -1.3845E+00    3.9953E+01    8.7200E-04
1.7322E+00  8.4513E-01 2.8062E+02    7.8149E-03    3.1559E-10    6.9663E-01   -1.4003E+00    4.2219E+01    8.7200E-04
1.3333E+00  8.8531E-01 2.8269E+02    8.9140E-03    2.6628E-10    6.7673E-01   -1.4614E+00    4.4464E+01    8.7200E-04
9.4240E-01  9.2623E-01 2.8467E+02    1.0247E-02    2.2497E-10    6.7321E-01   -1.6191E+00    4.6705E+01    8.7200E-04
5.5963E-01  9.6782E-01 2.8656E+02    1.1593E-02    1.9290E-10    6.7726E-01   -1.8633E+00    4.8912E+01    8.7200E-04
1.8532E-01  1.0100E+00 2.8836E+02    1.2930E-02    1.6793E-10    6.9304E-01   -2.0910E+00    5.1099E+01    8.7200E-04
0.0000E+00  1.0315E+00 2.8927E+02    1.3792E-02    1.7200E-10    8.0047E+00   -3.1348E+00    5.2231E+01    8.7200E-04
