     ALT          P          T          FH2O           O3           THEAT        TCOOL        PSATCO2        FCO2
6.1883E+01  3.2610E-05 1.7352E+02    7.4082E-11    4.1350E-09    4.1772E+01   -3.7490E+01    1.4573E-01    6.7313E-04
6.0988E+01  3.8508E-05 1.7407E+02    1.0945E-10    4.9241E-09    3.1903E+00   -9.8004E+00    1.5419E-01    6.8287E-04
6.0093E+01  4.5415E-05 1.7667E+02    1.6183E-10    5.3962E-09    2.7575E+00   -3.0756E+00    2.0089E-01    6.9363E-04
5.9189E+01  5.3494E-05 1.8011E+02    2.4351E-10    5.6098E-09    2.4493E+00   -1.9687E+00    2.8201E-01    7.0449E-04
5.8275E+01  6.2930E-05 1.8353E+02    3.6923E-10    5.6500E-09    2.1789E+00   -1.7257E+00    3.8968E-01    7.1447E-04
5.7353E+01  7.3937E-05 1.8640E+02    5.6483E-10    5.5358E-09    1.9428E+00   -1.5113E+00    5.0626E-01    7.2555E-04
5.6426E+01  8.6760E-05 1.8847E+02    8.6968E-10    5.2945E-09    1.7318E+00   -1.5065E+00    6.0847E-01    7.3668E-04
5.5498E+01  1.0168E-04 1.8968E+02    1.3423E-09    4.9247E-09    1.5443E+00   -1.3754E+00    6.7602E-01    7.4782E-04
5.4574E+01  1.1901E-04 1.9007E+02    2.0639E-09    4.4137E-09    1.3964E+00   -1.2974E+00    6.9936E-01    7.5892E-04
5.3658E+01  1.3913E-04 1.8978E+02    3.1493E-09    3.7633E-09    1.2737E+00   -1.2438E+00    6.8214E-01    7.6911E-04
5.2752E+01  1.6243E-04 1.8899E+02    4.7864E-09    3.0094E-09    1.1794E+00   -1.2156E+00    6.3695E-01    7.7981E-04
5.1858E+01  1.8941E-04 1.8790E+02    7.1754E-09    2.2161E-09    1.1121E+00   -1.2009E+00    5.7860E-01    7.8956E-04
5.0977E+01  2.2058E-04 1.8668E+02    1.0622E-08    1.4811E-09    1.0717E+00   -1.1958E+00    5.1910E-01    7.9996E-04
5.0109E+01  2.5656E-04 1.8548E+02    1.5370E-08    9.0909E-10    1.0533E+00   -1.1947E+00    4.6584E-01    8.0958E-04
4.9254E+01  2.9804E-04 1.8440E+02    2.1650E-08    5.6088E-10    1.0518E+00   -1.1973E+00    4.2211E-01    8.1822E-04
4.8411E+01  3.4578E-04 1.8350E+02    2.9632E-08    3.9312E-10    1.0618E+00   -1.2025E+00    3.8845E-01    8.2667E-04
4.7579E+01  4.0067E-04 1.8280E+02    3.9624E-08    3.0685E-10    1.0769E+00   -1.2091E+00    3.6398E-01    8.3502E-04
4.6757E+01  4.6368E-04 1.8230E+02    5.1941E-08    2.4697E-10    1.0909E+00   -1.2139E+00    3.4718E-01    8.4261E-04
4.5944E+01  5.3593E-04 1.8196E+02    6.6746E-08    1.9957E-10    1.0992E+00   -1.2137E+00    3.3641E-01    8.4913E-04
4.5140E+01  6.1865E-04 1.8176E+02    8.4370E-08    1.6301E-10    1.0998E+00   -1.2078E+00    3.3008E-01    8.5559E-04
4.4343E+01  7.1324E-04 1.8166E+02    1.0422E-07    1.3737E-10    1.0909E+00   -1.1947E+00    3.2683E-01    8.6049E-04
4.3554E+01  8.2126E-04 1.8162E+02    1.2609E-07    1.1924E-10    1.0757E+00   -1.1791E+00    3.2552E-01    8.6516E-04
4.2773E+01  9.4445E-04 1.8161E+02    1.4860E-07    1.0639E-10    1.0580E+00   -1.1658E+00    3.2533E-01    8.6895E-04
4.1999E+01  1.0847E-03 1.8162E+02    1.7219E-07    9.8972E-11    1.0467E+00   -1.1609E+00    3.2572E-01    8.7221E-04
4.1232E+01  1.2443E-03 1.8164E+02    1.9684E-07    9.5401E-11    1.0424E+00   -1.1665E+00    3.2639E-01    8.7449E-04
4.0472E+01  1.4255E-03 1.8167E+02    2.2154E-07    9.5328E-11    1.0438E+00   -1.1791E+00    3.2718E-01    8.7655E-04
3.9719E+01  1.6311E-03 1.8169E+02    2.4728E-07    9.8162E-11    1.0500E+00   -1.1925E+00    3.2791E-01    8.7879E-04
3.8973E+01  1.8640E-03 1.8170E+02    2.7302E-07    1.0340E-10    1.0554E+00   -1.1984E+00    3.2826E-01    8.7929E-04
3.8234E+01  2.1274E-03 1.8169E+02    2.9975E-07    1.1235E-10    1.0584E+00   -1.1972E+00    3.2775E-01    8.8077E-04
3.7503E+01  2.4250E-03 1.8163E+02    3.2621E-07    1.2332E-10    1.0545E+00   -1.1885E+00    3.2582E-01    8.8124E-04
3.6780E+01  2.7608E-03 1.8150E+02    3.5238E-07    1.3785E-10    1.0438E+00   -1.1765E+00    3.2207E-01    8.8200E-04
3.6064E+01  3.1391E-03 1.8132E+02    3.7834E-07    1.5578E-10    1.0258E+00   -1.1628E+00    3.1637E-01    8.8213E-04
3.5356E+01  3.5647E-03 1.8107E+02    4.0336E-07    1.7671E-10    1.0014E+00   -1.1478E+00    3.0897E-01    8.8300E-04
3.4657E+01  4.0429E-03 1.8078E+02    4.2736E-07    2.0130E-10    9.6816E-01   -1.1273E+00    3.0047E-01    8.8300E-04
3.3966E+01  4.5795E-03 1.8047E+02    4.4925E-07    2.2988E-10    9.2496E-01   -1.0985E+00    2.9169E-01    8.8300E-04
3.3283E+01  5.1808E-03 1.8017E+02    4.6916E-07    2.6226E-10    8.7061E-01   -1.0594E+00    2.8356E-01    8.8300E-04
3.2608E+01  5.8536E-03 1.7993E+02    4.8712E-07    2.9958E-10    8.0591E-01   -1.0105E+00    2.7698E-01    8.8300E-04
3.1941E+01  6.6055E-03 1.7977E+02    5.0371E-07    3.4182E-10    7.3478E-01   -9.5512E-01    2.7277E-01    8.8343E-04
3.1281E+01  7.4446E-03 1.7972E+02    5.1757E-07    3.8949E-10    6.6304E-01   -8.9674E-01    2.7154E-01    8.8400E-04
3.0629E+01  8.3797E-03 1.7980E+02    5.2958E-07    4.4316E-10    5.9726E-01   -8.3978E-01    2.7369E-01    8.8400E-04
2.9983E+01  9.4203E-03 1.8001E+02    5.3961E-07    5.0317E-10    5.4333E-01   -7.8859E-01    2.7930E-01    8.8400E-04
2.9343E+01  1.0577E-02 1.8034E+02    5.4798E-07    5.7027E-10    5.0324E-01   -7.3482E-01    2.8806E-01    8.8400E-04
2.8710E+01  1.1860E-02 1.8074E+02    5.5470E-07    6.4624E-10    4.7610E-01   -6.9574E-01    2.9938E-01    8.8400E-04
2.8081E+01  1.3283E-02 1.8119E+02    5.5862E-07    7.3292E-10    4.5865E-01   -6.6643E-01    3.1248E-01    8.8400E-04
2.7459E+01  1.4857E-02 1.8165E+02    5.6146E-07    8.3117E-10    4.4566E-01   -6.4306E-01    3.2651E-01    8.8400E-04
2.6841E+01  1.6598E-02 1.8210E+02    5.6270E-07    9.4394E-10    4.3234E-01   -6.2179E-01    3.4072E-01    8.8400E-04
2.6230E+01  1.8518E-02 1.8252E+02    5.6206E-07    1.0729E-09    4.1543E-01   -6.0002E-01    3.5461E-01    8.8400E-04
2.5624E+01  2.0635E-02 1.8292E+02    5.5853E-07    1.2194E-09    3.9336E-01   -5.7681E-01    3.6803E-01    8.8400E-04
2.5024E+01  2.2965E-02 1.8330E+02    5.5418E-07    1.3827E-09    3.6614E-01   -5.5220E-01    3.8128E-01    8.8400E-04
2.4431E+01  2.5525E-02 1.8368E+02    5.4764E-07    1.5728E-09    3.3478E-01   -5.2614E-01    3.9503E-01    8.8400E-04
2.3843E+01  2.8336E-02 1.8409E+02    5.3980E-07    1.7890E-09    3.0113E-01   -4.9819E-01    4.1025E-01    8.8400E-04
2.3261E+01  3.1416E-02 1.8455E+02    5.3069E-07    2.0310E-09    2.6742E-01   -4.6769E-01    4.2795E-01    8.8400E-04
2.2684E+01  3.4787E-02 1.8508E+02    5.2615E-07    2.2861E-09    2.3586E-01   -4.3499E-01    4.4909E-01    8.8400E-04
2.2113E+01  3.8471E-02 1.8568E+02    5.2955E-07    2.5493E-09    2.0820E-01   -4.0125E-01    4.7437E-01    8.8400E-04
2.1548E+01  4.2492E-02 1.8636E+02    5.3893E-07    2.8174E-09    1.8555E-01   -3.6808E-01    5.0419E-01    8.8400E-04
2.0987E+01  4.6874E-02 1.8710E+02    5.5373E-07    3.1038E-09    1.6820E-01   -3.3765E-01    5.3871E-01    8.8400E-04
2.0432E+01  5.1643E-02 1.8789E+02    5.7398E-07    3.4061E-09    1.5573E-01   -3.1189E-01    5.7788E-01    8.8400E-04
1.9881E+01  5.6825E-02 1.8872E+02    5.9753E-07    3.7512E-09    1.4732E-01   -2.9179E-01    6.2168E-01    8.8400E-04
1.9336E+01  6.2448E-02 1.8958E+02    6.2567E-07    4.1535E-09    1.4200E-01   -2.7768E-01    6.7028E-01    8.8400E-04
1.8795E+01  6.8542E-02 1.9048E+02    6.5770E-07    4.6028E-09    1.3880E-01   -2.6895E-01    7.2426E-01    8.8400E-04
1.8259E+01  7.5135E-02 1.9141E+02    6.9583E-07    5.0851E-09    1.3706E-01   -2.6456E-01    7.8466E-01    8.8400E-04
1.7728E+01  8.2258E-02 1.9240E+02    7.4274E-07    5.5869E-09    1.3631E-01   -2.6323E-01    8.5294E-01    8.8400E-04
1.7202E+01  8.9943E-02 1.9344E+02    7.9835E-07    6.1280E-09    1.3641E-01   -2.6307E-01    9.3070E-01    8.8400E-04
1.6680E+01  9.8223E-02 1.9453E+02    8.6341E-07    6.7131E-09    1.3700E-01   -2.5851E-01    1.0190E+00    8.8400E-04
1.6163E+01  1.0713E-01 1.9566E+02    7.3394E-07    7.3740E-09    1.3499E-01   -1.8582E-01    1.1171E+00    8.8400E-04
1.5651E+01  1.1670E-01 1.9678E+02    6.8888E-07    8.0910E-09    1.3391E-01   -1.7488E-01    1.2239E+00    8.8400E-04
1.5143E+01  1.2696E-01 1.9819E+02    8.2426E-07    8.9377E-09    1.3507E-01   -1.8265E-01    1.3697E+00    8.8400E-04
1.4639E+01  1.3795E-01 1.9934E+02    9.9817E-07    1.0029E-08    1.3711E-01   -1.7132E-01    1.4988E+00    8.8400E-04
1.4140E+01  1.4970E-01 2.0043E+02    1.1946E-06    1.1301E-08    1.3944E-01   -1.6216E-01    1.6316E+00    8.8400E-04
1.3647E+01  1.6225E-01 2.0152E+02    1.4256E-06    1.2646E-08    1.4160E-01   -1.5390E-01    1.7747E+00    8.8400E-04
1.3158E+01  1.7562E-01 2.0262E+02    1.6988E-06    1.3694E-08    1.4229E-01   -1.4694E-01    1.9302E+00    8.8400E-04
1.2675E+01  1.8986E-01 2.0378E+02    2.0376E-06    1.4037E-08    1.4056E-01   -1.3415E-01    2.1074E+00    8.8400E-04
1.2197E+01  2.0500E-01 2.0500E+02    2.4539E-06    1.3535E-08    1.3657E-01   -1.3307E-01    2.3066E+00    8.8400E-04
1.1723E+01  2.2107E-01 2.0671E+02    3.1672E-06    1.2171E-08    1.3226E-01   -1.1436E-01    2.6159E+00    8.8400E-04
1.1254E+01  2.3809E-01 2.0845E+02    4.0811E-06    1.0304E-08    1.2931E-01   -2.0829E-01    2.9652E+00    8.8400E-04
1.0785E+01  2.5610E-01 2.1292E+02    7.6108E-06    8.6268E-09    1.4360E-01   -5.6273E-01    4.0544E+00    8.8400E-04
1.0315E+01  2.7513E-01 2.1739E+02    1.3827E-05    7.3365E-09    1.7001E-01   -9.3236E-01    5.3691E+00    8.8400E-04
9.8443E+00  2.9520E-01 2.2184E+02    2.4471E-05    6.2267E-09    2.0735E-01   -1.3057E+00    6.4746E+00    8.8400E-04
9.3722E+00  3.1633E-01 2.2627E+02    4.2171E-05    5.2618E-09    2.5592E-01   -1.6662E+00    7.7341E+00    8.8400E-04
8.8997E+00  3.3855E-01 2.3064E+02    7.0725E-05    4.4176E-09    3.1528E-01   -1.9911E+00    9.1506E+00    8.8400E-04
8.4273E+00  3.6188E-01 2.3493E+02    1.1532E-04    3.6834E-09    3.8050E-01   -2.2344E+00    1.0721E+01    8.8400E-04
7.9555E+00  3.8632E-01 2.3911E+02    1.8260E-04    3.0579E-09    4.4852E-01   -2.3850E+00    1.2437E+01    8.8400E-04
7.4847E+00  4.1189E-01 2.4316E+02    2.8056E-04    2.5469E-09    5.2271E-01   -2.4690E+00    1.4281E+01    8.8400E-04
7.0157E+00  4.3861E-01 2.4704E+02    4.1807E-04    2.1372E-09    5.9736E-01   -2.4720E+00    1.6232E+01    8.8400E-04
6.5490E+00  4.6646E-01 2.5074E+02    6.0433E-04    1.8081E-09    6.5743E-01   -2.4291E+00    1.8267E+01    8.8400E-04
6.0853E+00  4.9546E-01 2.5425E+02    8.4818E-04    1.5387E-09    6.9791E-01   -2.3694E+00    2.0359E+01    8.8400E-04
5.6252E+00  5.2561E-01 2.5755E+02    1.1576E-03    1.3138E-09    7.2635E-01   -2.3135E+00    2.2487E+01    8.8400E-04
5.1693E+00  5.5688E-01 2.6066E+02    1.5395E-03    1.1285E-09    7.4886E-01   -2.2329E+00    2.4632E+01    8.8400E-04
4.7182E+00  5.8927E-01 2.6357E+02    1.9994E-03    9.6881E-10    7.6432E-01   -2.1414E+00    2.6777E+01    8.8400E-04
4.2723E+00  6.2275E-01 2.6630E+02    2.5419E-03    8.2826E-10    7.7000E-01   -2.0458E+00    2.8912E+01    8.8400E-04
3.8323E+00  6.5732E-01 2.6887E+02    3.1704E-03    7.0569E-10    7.6706E-01   -1.9111E+00    3.1029E+01    8.8400E-04
3.3984E+00  6.9292E-01 2.7129E+02    3.8876E-03    5.9885E-10    7.5928E-01   -1.7341E+00    3.3122E+01    8.8400E-04
2.9712E+00  7.2953E-01 2.7363E+02    4.7330E-03    5.0714E-10    7.5203E-01   -1.5838E+00    3.5253E+01    8.8400E-04
2.5507E+00  7.6711E-01 2.7602E+02    5.6678E-03    4.2942E-10    7.3805E-01   -1.4695E+00    3.7532E+01    8.8400E-04
2.1372E+00  8.0561E-01 2.7830E+02    6.5809E-03    3.6362E-10    7.1208E-01   -1.3828E+00    3.9804E+01    8.8400E-04
1.7310E+00  8.4498E-01 2.8048E+02    7.7388E-03    3.0744E-10    6.9788E-01   -1.3980E+00    4.2070E+01    8.8400E-04
1.3324E+00  8.8515E-01 2.8255E+02    8.8407E-03    2.5900E-10    6.7825E-01   -1.4571E+00    4.4314E+01    8.8400E-04
9.4174E-01  9.2606E-01 2.8454E+02    1.0153E-02    2.1852E-10    6.7366E-01   -1.6100E+00    4.6554E+01    8.8400E-04
5.5924E-01  9.6764E-01 2.8643E+02    1.1503E-02    1.8727E-10    6.7779E-01   -1.8546E+00    4.8761E+01    8.8400E-04
1.8519E-01  1.0098E+00 2.8824E+02    1.2813E-02    1.6303E-10    6.9254E-01   -2.0786E+00    5.0944E+01    8.8400E-04
0.0000E+00  1.0313E+00 2.8915E+02    1.3678E-02    1.6700E-10    8.0105E+00   -3.1470E+00    5.2076E+01    8.8400E-04
