   173.522814119861        0.740819024092664E-10
   174.066919081035        0.109450985324558E-09
   176.665249837969        0.161830895000260E-09
   180.114628746186        0.243506130552317E-09
   183.534606559008        0.369228735883039E-09
   186.401350357468        0.564825130671573E-09
   188.471071581837        0.869676413415389E-09
   189.677127337130        0.134233409744344E-08
   190.069490260279        0.206389203924050E-08
   189.781266983779        0.314926266530993E-08
   188.993300957837        0.478635490679521E-08
   187.899976277834        0.717537051793088E-08
   186.680600547133        0.106216269699924E-07
   185.480153953991        0.153703281449969E-07
   184.400561303118        0.216498729650169E-07
   183.500662504022        0.296323367224423E-07
   182.802123931115        0.396241903113715E-07
   182.298293085939        0.519405778840160E-07
   181.963679302915        0.667462466912054E-07
   181.762872657005        0.843703351416913E-07
   181.658204929270        0.104215700413454E-06
   181.615840248763        0.126091755566047E-06
   181.609723597168        0.148596803053928E-06
   181.622401612811        0.172189593891382E-06
   181.644070848600        0.196836707411303E-06
   181.669510368320        0.221538537334773E-06
   181.693067608512        0.247278696350565E-06
   181.704402006752        0.273017939318134E-06
   181.687861146119        0.299750850864959E-06
   181.625730607539        0.326209873735981E-06
   181.503642853924        0.352380010330666E-06
   181.315675993470        0.378335037614472E-06
   181.067217858098        0.403358587230743E-06
   180.775104527600        0.427357558987816E-06
   180.465642245226        0.449251044356054E-06
   180.171547364223        0.469157799276320E-06
   179.928286948888        0.487120361767403E-06
   179.769760353626        0.503705536699732E-06
   179.723299780504        0.517571116298384E-06
   179.804711652967        0.529583007891608E-06
   180.014517305127        0.539612870901709E-06
   180.335276590006        0.547975770034307E-06
   180.737168117042        0.554704594554834E-06
   181.185659541682        0.558619896217859E-06
   181.648052267241        0.561461438513534E-06
   182.098878964768        0.562704653713471E-06
   182.523623071015        0.562063555993568E-06
   182.920483705167        0.558530750628107E-06
   183.299925509642        0.554176561521075E-06
   183.681880573664        0.547637688338058E-06
   184.090927913869        0.539795263731507E-06
   184.550484655031        0.530686201431888E-06
   185.077657197860        0.526146471934593E-06
   185.680153003802        0.529545097089965E-06
   186.355910705893        0.538928717971529E-06
   187.095422306074        0.553727383740118E-06
   187.885907285785        0.573982036935916E-06
   188.715909339140        0.597531032633077E-06
   189.578991677330        0.625672401822931E-06
   190.475493789388        0.657701761040865E-06
   191.411827915501        0.695833068768612E-06
   192.397305440047        0.742735847340983E-06
   193.438781067346        0.798349372402315E-06
   194.533555462213        0.863408927175378E-06
   195.656385187956        0.733944180987846E-06
   196.784674307922        0.688879221603188E-06
   198.193472545609        0.824263887049455E-06
   199.336478176727        0.998174862927105E-06
   200.425960099154        0.119462252382142E-05
   201.517383541385        0.142558816237908E-05
   202.619526115971        0.169882730876111E-05
   203.784910697871        0.203760049880240E-05
   204.998235382214        0.245393611045525E-05
   206.713255571167        0.316723067315707E-05
   208.450754341041        0.408111941346197E-05
   212.920801286016        0.761075343712974E-05
   217.389794063350        0.138271412843705E-04
   221.843898554162        0.244706957030240E-04
   226.266089413690        0.421711891324533E-04
   230.635628428964        0.707251505445111E-04
   234.926715307064        0.115316978139606E-03
   239.110528942473        0.182602205573452E-03
   243.157908279575        0.280559180667714E-03
   247.042439595055        0.418074400978202E-03
   250.743450837730        0.604334168177897E-03
   254.247996073622        0.848181848912940E-03
   257.551313861497        0.115760774879462E-02
   260.655875563284        0.153946292313845E-02
   263.569586876015        0.199938769494107E-02
   266.303781785433        0.254188102083000E-02
   268.871463283565        0.317042655333434E-02
   271.285991150188        0.388761497608294E-02
   273.630905409837        0.473299330855205E-02
   276.024231379312        0.566780267569582E-02
   278.304171615762        0.658088057970491E-02
   280.482284704763        0.773884910528773E-02
   282.553329291417        0.884074510147287E-02
   284.542726887613        0.101530803181349E-01
   286.431696892476        0.115028955621137E-01
   288.236626669553        0.128133261712705E-01
   289.148936937167        0.136778762883055E-01
