   173.567857919874        0.629339087017823E-10
   174.015370909773        0.931266132037168E-10
   176.510237477264        0.138417166575547E-09
   179.838904599812        0.208922468529044E-09
   183.143229078953        0.318447277789165E-09
   185.935825906957        0.488813958182970E-09
   187.963521145111        0.754670694572143E-09
   189.141099245850        0.116565343128646E-08
   189.506290759167        0.180680416918755E-08
   189.184314730367        0.276716490301894E-08
   188.350990140313        0.422270758422119E-08
   187.198618409186        0.635655226600928E-08
   185.907494055859        0.942525936927655E-08
   184.625701875330        0.136340140945655E-07
   183.459305902315        0.192022854981015E-07
   182.471523079407        0.262528091258271E-07
   181.687922069936        0.348026510862261E-07
   181.104869346434        0.452109474280337E-07
   180.698952414447        0.575227971096702E-07
   180.435945609356        0.715668288724476E-07
   180.278619739543        0.865992394148815E-07
   180.192954579663        0.102444219484967E-06
   180.152105616901        0.117993157203077E-06
   180.137029101783        0.132524321784040E-06
   180.135455979833        0.147196465970082E-06
   180.138880968679        0.159873471297702E-06
   180.137895586533        0.173270492862454E-06
   180.118355704852        0.186658941971589E-06
   180.060999675422        0.200243337488273E-06
   179.944998411832        0.213926373312737E-06
   179.753715753385        0.228153016038028E-06
   179.480091742912        0.242371307431540E-06
   179.129759793809        0.255433601000347E-06
   178.721508626068        0.268763285819819E-06
   178.285334257855        0.280221396841499E-06
   177.859137068117        0.291037588083529E-06
   177.484539639504        0.301137266835614E-06
   177.201818870120        0.309480452438002E-06
   177.044274448672        0.317088918957066E-06
   177.032678622703        0.323032560930687E-06
   177.171062401842        0.328143523168070E-06
   177.443701364837        0.332103190330559E-06
   177.821049462887        0.334608643382260E-06
   178.267521229124        0.336546683016057E-06
   178.748024040320        0.337000000000000E-06
   179.233575748698        0.336001322955308E-06
   179.705437709836        0.334582813995766E-06
   180.157258914270        0.331368751007057E-06
   180.595112577258        0.326621094805225E-06
   181.035280535680        0.321149686031199E-06
   181.500045524007        0.316267674502015E-06
   182.012332125442        0.314170350884251E-06
   182.590594210256        0.317129039509439E-06
   183.245276956140        0.323844040584635E-06
   183.977832565139        0.335167313315238E-06
   184.782392481450        0.351355538941786E-06
   185.649275479207        0.371716601679694E-06
   186.569115359614        0.396680584666924E-06
   187.536325542573        0.426145639569675E-06
   188.550922636642        0.461877984238474E-06
   189.618021222569        0.504196048945919E-06
   190.744880135501        0.556302445167815E-06
   191.935801075269        0.618095349718873E-06
   193.185264969308        0.692156626093443E-06
   194.464913248564        0.600691532950212E-06
   195.750371508715        0.584257737628854E-06
   197.369626070498        0.726776573151852E-06
   198.695849827782        0.906755667147358E-06
   199.931867773898        0.111093774716459E-05
   201.185972843910        0.135975326198266E-05
   202.372551046396        0.164166822543887E-05
   203.724133701128        0.202460100750387E-05
   204.916603350172        0.243080920200311E-05
   206.779456823247        0.320488526153528E-05
   208.620394015483        0.418911961920065E-05
   213.093818229446        0.780702275538381E-05
   217.566063839296        0.141745426378177E-04
   222.023080673644        0.250689432842710E-04
   226.447388566128        0.431709803763966E-04
   230.817621758650        0.723408264610817E-04
   235.108085316323        0.117841108529309E-03
   239.289746461399        0.186406365170365E-03
   243.333371081538        0.286082034441797E-03
   247.212653217179        0.425795602522691E-03
   250.907200109235        0.614739930317657E-03
   254.404455561298        0.861731811120644E-03
   257.700072927808        0.117471131960416E-02
   260.796889695962        0.156046804550460E-02
   263.703089113329        0.202458009055228E-02
   266.430188312054        0.257148997154080E-02
   268.991291976538        0.320463316047002E-02
   271.399799302256        0.392655981154259E-02
   273.739405877977        0.477713532511658E-02
   276.128138788544        0.571012287953355E-02
   278.406538126812        0.663678179516167E-02
   280.580633289874        0.779236824262082E-02
   282.648729171315        0.889228402219487E-02
   284.634953948212        0.102191578685358E-01
   286.521156901239        0.115662905459130E-01
   288.324935463161        0.128955766530358E-01
   289.235899567796        0.137583359904173E-01
