   171.802122364201        0.117255174094101E-05
   175.159151666147        0.165011479098560E-05
   179.117554970331        0.227604600424261E-05
   182.646523159577        0.305247991450342E-05
   185.210036160942        0.395000674921678E-05
   186.695831754646        0.489648497673394E-05
   187.263023538888        0.581017499170969E-05
   187.204787518286        0.666973769041925E-05
   186.832681336512        0.745517400874364E-05
   186.405128341305        0.817147078624614E-05
   186.096770346755        0.881410758070955E-05
   185.997827275787        0.938259132780177E-05
   186.132029765630        0.986479784143607E-05
   186.482399931402        0.103444398017567E-04
   187.010443297644        0.107072703408334E-04
   187.670477954657        0.109810605332159E-04
   188.420449461919        0.112442585069342E-04
   189.225017003243        0.114522934233340E-04
   190.053866660342        0.116308005025226E-04
   190.878597574449        0.117077482843019E-04
   191.672817809980        0.118830043210753E-04
   192.412236700893        0.119566455306626E-04
   193.077228894883        0.120287484920785E-04
   193.656402178582        0.121000000000000E-04
   194.147201615697        0.121681225069866E-04
   194.552219767549        0.122000000000000E-04
   194.873533669493        0.122000000000000E-04
   195.108850953700        0.122652239353941E-04
   195.251477455667        0.123000000000000E-04
   195.294369491391        0.123000000000000E-04
   195.236035765659        0.123000000000000E-04
   195.084994574677        0.123000000000000E-04
   194.860844054436        0.123000000000000E-04
   194.592062886261        0.123000000000000E-04
   194.312010423390        0.123000000000000E-04
   194.054607618346        0.123000000000000E-04
   193.850334131218        0.123000000000000E-04
   193.722564487597        0.123000000000000E-04
   193.684412858306        0.123000000000000E-04
   193.736709321086        0.123000000000000E-04
   193.867687138506        0.123000000000000E-04
   194.053477364375        0.122037670035781E-04
   194.263640586279        0.122000000000000E-04
   194.469727144434        0.122000000000000E-04
   194.651032119598        0.121874088368230E-04
   194.796775070211        0.121000000000000E-04
   194.906778828973        0.121000000000000E-04
   194.990047728234        0.120000000000000E-04
   195.062641364661        0.119542668202069E-04
   195.144229625307        0.119000000000000E-04
   195.253527524971        0.118972374361059E-04
   195.403137898005        0.117709518473034E-04
   195.596740188469        0.117000000000000E-04
   195.828723450811        0.116232429015105E-04
   196.086082457034        0.115017995562768E-04
   196.352640469065        0.113817932540135E-04
   196.614100071261        0.112633701561022E-04
   196.862166751942        0.111465382944185E-04
   197.096348950176        0.110312904375669E-04
   197.322825077967        0.109176198237223E-04
   197.550626232667        0.107109918377871E-04
   197.788098557945        0.105949384365699E-04
   198.039890354577        0.104716391226575E-04
   198.306817643201        0.102783856862706E-04
   198.584093423716        0.101447186689429E-04
   198.875657376811        0.995526729171589E-05
   199.202146392798        0.981133376630783E-05
   199.591207707417        0.967681301271848E-05
   200.053092543981        0.955359572988362E-05
   200.563222651179        0.456640077590365E-05
   201.084805215054        0.131804812264485E-05
   201.717387681580        0.146352553372257E-05
   202.614065932170        0.168934584784729E-05
   204.520391081751        0.225813661239559E-05
   208.376811693717        0.396209247772118E-05
   212.451742329071        0.701376389636898E-05
   216.904925143529        0.127624864104948E-04
   221.346355463003        0.226302368365446E-04
   225.758864197358        0.390865437122940E-04
   230.121298917408        0.657114129654976E-04
   234.408670484512        0.107429847164069E-03
   238.593167110033        0.170623952530092E-03
   242.646193750409        0.263028782937338E-03
   246.541227215149        0.393365457330927E-03
   250.256846370012        0.570764987368961E-03
   253.779043416131        0.804136738954175E-03
   257.101896580055        0.110163966649901E-02
   260.226802648370        0.147036036882676E-02
   263.160794950031        0.191620435784308E-02
   265.914581465978        0.244393805039740E-02
   268.500773114847        0.305730041762497E-02
   270.932523133185        0.375911962595303E-02
   273.243846178340        0.456686969876072E-02
   275.653270945773        0.550841918256151E-02
   277.939267404371        0.640400423724165E-02
   280.131463643126        0.754236474937216E-02
   282.212660861530        0.865348869569294E-02
   284.211681976214        0.991579521669194E-02
   286.110002019922        0.112787310666054E-01
   287.919835034601        0.125803144845392E-01
   288.836391447291        0.133999555662813E-01
