   173.718116871464        0.494886960629131E-10
   173.555945772621        0.736202356297788E-10
   175.675988799248        0.110267635994290E-09
   178.824807553495        0.167006145811046E-09
   182.069158138687        0.255887234001106E-09
   184.870796729273        0.395432348982841E-09
   186.951781791595        0.614467251193518E-09
   188.199293286353        0.956464911130400E-09
   188.628474896026        0.149272342750087E-08
   188.347974816224        0.231620185219362E-08
   187.524276598502        0.355998837507380E-08
   186.347259130015        0.541041554507931E-08
   185.000335381991        0.810273681573059E-08
   183.638658657807        0.118692241607380E-07
   182.376996945405        0.168699680562242E-07
   181.286966707582        0.231358349689789E-07
   180.401252941789        0.308462330309694E-07
   179.721597002679        0.400780489001571E-07
   179.228177739739        0.509364868015885E-07
   178.888778209728        0.628159110652974E-07
   178.666881114397        0.748707173320624E-07
   178.528150737696        0.867729209148612E-07
   178.444557505777        0.969034501835642E-07
   178.395165512627        0.105214935585788E-06
   178.365205268917        0.110675509906977E-06
   178.343521845671        0.115108304280063E-06
   178.317952339045        0.117531912357869E-06
   178.271299542518        0.118996870127317E-06
   178.180715511235        0.120445055792559E-06
   178.021045893745        0.121879696084702E-06
   177.770663161747        0.124593507433952E-06
   177.417222385624        0.126699419669020E-06
   176.961635986740        0.129168525530355E-06
   176.419411098324        0.131899453937703E-06
   175.819474109860        0.133799423821087E-06
   175.201379904590        0.136129527047553E-06
   174.611240561728        0.137440608146120E-06
   174.096538390565        0.138734506773156E-06
   173.699968769529        0.139011826583248E-06
   173.453132073692        0.140000000000000E-06
   173.371113531621        0.139480701663834E-06
   173.448087425670        0.139000000000000E-06
   173.662460478640        0.138029572125375E-06
   173.983673877889        0.136821213893480E-06
   174.378101169536        0.135246521674553E-06
   174.814751064909        0.132874463902462E-06
   175.269991700705        0.130524775260075E-06
   175.730663195339        0.128197305377589E-06
   176.195297507685        0.126890284987881E-06
   176.673150317190        0.125000000000000E-06
   177.181216220335        0.125328984919817E-06
   177.739736945666        0.126899581378874E-06
   178.367341102710        0.130238511410618E-06
   179.077178582177        0.135961829896477E-06
   179.875017403699        0.144020114672512E-06
   180.759661677459        0.155198960323397E-06
   181.725279648824        0.169777211458666E-06
   182.764620391837        0.187688223317655E-06
   183.872143287645        0.209968775822775E-06
   185.046013461989        0.236761385952443E-06
   186.288192495348        0.270939675982008E-06
   187.602153922849        0.312673520611977E-06
   188.988338758155        0.364160903809993E-06
   190.437782533553        0.427634093789143E-06
   191.919313921651        0.387225305941902E-06
   193.406994964500        0.399712914691566E-06
   195.273049144635        0.521785000254877E-06
   196.882897500400        0.683895182991873E-06
   198.359261912964        0.872896312285851E-06
   199.826531168275        0.110723998586085E-05
   201.300562646927        0.139959560022273E-05
   202.707649228906        0.174399457255863E-05
   204.369754149664        0.224747825337232E-05
   205.980600417852        0.286118127714167E-05
   208.678269314685        0.422970653210005E-05
   213.153187558536        0.788093938912268E-05
   217.627254239215        0.143063144908471E-04
   222.086321773935        0.252985063062199E-04
   226.512568680115        0.435598347143720E-04
   230.884091339841        0.729764938409627E-04
   235.175029373373        0.118841337694500E-03
   239.356610295342        0.187925273901444E-03
   243.399522054842        0.288303826542270E-03
   247.277455920003        0.428923874448584E-03
   250.970093183372        0.618982607184492E-03
   254.465003283432        0.867285268757782E-03
   257.757973733755        0.118174606208403E-02
   260.851938095137        0.156911458461792E-02
   263.755095641481        0.203490860258985E-02
   266.478856111908        0.258347044347495E-02
   269.036023995001        0.321804926628543E-02
   271.439366320085        0.394081948777663E-02
   273.796833542005        0.480080464109281E-02
   276.170691530360        0.572796960760067E-02
   278.448666511066        0.666024647301936E-02
   280.621297764491        0.781487438399192E-02
   282.688341150487        0.891393989717026E-02
   284.673341905885        0.102467645011549E-01
   286.558532421759        0.115926842753847E-01
   288.361923642715        0.129297004876640E-01
   289.272399934520        0.137916425951518E-01
