   173.439084758360        0.187302402289205E-09
   174.270354606492        0.272782210845592E-09
   177.055738220436        0.402647218694143E-09
   180.555880762882        0.600559440403272E-09
   183.885283218905        0.904204363889195E-09
   186.566462633227        0.136336295870974E-08
   188.388384559421        0.205389960510738E-08
   189.336348038046        0.309540791073156E-08
   189.537655878542        0.464266413859267E-08
   189.208079997662        0.692071930133275E-08
   188.591953419925        0.102350479543888E-07
   187.909754583094        0.150862362689484E-07
   187.323697632359        0.219291144154496E-07
   186.926228620430        0.314110453292564E-07
   186.747224203656        0.442770303815898E-07
   186.771803337531        0.613500697769548E-07
   186.960498471975        0.837570921892840E-07
   187.265695530076        0.113097798534243E-06
   187.641806887240        0.151240887591389E-06
   188.049691032105        0.199230873667538E-06
   188.457943558517        0.258226029790856E-06
   188.843355383537        0.329370103316108E-06
   189.191587378345        0.411401935086502E-06
   189.497371359692        0.502582900254352E-06
   189.764287625369        0.602968336851199E-06
   190.001762234601        0.709157311790719E-06
   190.218883876763        0.819884650098267E-06
   190.417870024589        0.931250776444445E-06
   190.591084986328        0.103996810842514E-05
   190.723368660897        0.115038383999449E-05
   190.797392674625        0.124880006978656E-05
   190.800624541292        0.134585668291078E-05
   190.730795247528        0.143696178130212E-05
   190.598359168014        0.152616403454764E-05
   190.425559946906        0.160039375564928E-05
   190.243444011306        0.167319500044042E-05
   190.087037050383        0.173646179024499E-05
   189.989317987215        0.179872017727081E-05
   189.974957046600        0.184158134451092E-05
   190.055542294800        0.188373161881113E-05
   190.227211721994        0.192362776159663E-05
   190.470043850344        0.195113076702773E-05
   190.753616587256        0.197838383027256E-05
   191.045686738788        0.199267008706350E-05
   191.319405691100        0.200600879556483E-05
   191.557884942971        0.201921095086925E-05
   191.756183885802        0.202000000000000E-05
   191.921281735009        0.201482033746391E-05
   192.070199494718        0.201000000000000E-05
   192.226112745581        0.199890659964218E-05
   192.412941550699        0.197698595726641E-05
   192.649749804290        0.195931732752396E-05
   192.946220473472        0.192743737152237E-05
   193.300827264309        0.190090684198112E-05
   193.701951738077        0.186417008913373E-05
   194.131529098702        0.181707774728143E-05
   194.570212185684        0.177056222329418E-05
   195.002363224187        0.172462252015558E-05
   195.419576934501        0.167154658225172E-05
   195.822335225587        0.160666757467445E-05
   196.220182493195        0.154037903956358E-05
   196.630304836708        0.148474308154198E-05
   197.072458018453        0.141996069185105E-05
   197.564633243320        0.135603828461238E-05
   198.092134882622        0.109615682579914E-05
   198.644168280978        0.998479104286717E-06
   199.203572991950        0.956675553694023E-06
   199.797842835081        0.106301541468820E-05
   200.402176714047        0.118112953602615E-05
   201.040304698524        0.131653900717272E-05
   201.713407808827        0.147251652843675E-05
   202.535328680124        0.168109798383212E-05
   203.567752087534        0.197615827281697E-05
   205.129228463146        0.250370459718413E-05
   208.081629411275        0.385163449682433E-05
   212.538922933620        0.718818603209198E-05
   216.995950877415        0.130705786234932E-04
   221.439373190016        0.231548697591474E-04
   225.852734695766        0.399509068206378E-04
   230.215919651860        0.670961930929048E-04
   234.503927935792        0.109585051017846E-03
   238.688525762618        0.173871357477086E-03
   242.740827422805        0.267753203302658E-03
   246.634262942283        0.399994190533280E-03
   250.347568090349        0.579739266207369E-03
   253.866892138667        0.815873327972093E-03
   257.186451449189        0.111649040767945E-02
   260.307761446210        0.148857596852393E-02
   263.237953707972        0.193790598716889E-02
   265.987810136714        0.246909679023913E-02
   268.569995738773        0.308572426884928E-02
   270.997715217598        0.379045068977487E-02
   273.329325535460        0.461084572183369E-02
   275.733637321982        0.554997515113709E-02
   278.015655507689        0.644267792982224E-02
   280.203614552432        0.758764149727038E-02
   282.281837595632        0.869437621544958E-02
   284.278635148893        0.996399870878748E-02
   286.175181935764        0.113210013036332E-01
   287.984030767967        0.126162660819567E-01
   288.900248607645        0.134471974853599E-01
