   173.496035833684        0.110476841693889E-09
   174.282472367703        0.162035167116610E-09
   177.039903103448        0.239682844965688E-09
   180.566266855746        0.357441486007319E-09
   183.993775303718        0.538182615794819E-09
   186.839899010533        0.817997681678825E-09
   188.886264131497        0.125063725820834E-08
   190.081839914430        0.190937147424667E-08
   190.491246507157        0.291374731796691E-08
   190.260191689358        0.442718627185734E-08
   189.577894462089        0.668424812493375E-08
   188.641649480863        0.997014142762998E-08
   187.626918784113        0.146696265372641E-07
   186.668874210794        0.212748103032258E-07
   185.855653912706        0.301096841936366E-07
   185.230721651158        0.416009417183880E-07
   184.801292113847        0.564618491348970E-07
   184.549028181908        0.756484500438783E-07
   184.440338886946        0.994369013445310E-07
   184.435354244124        0.129138742249966E-06
   184.495149728089        0.165324348545895E-06
   184.587093366254        0.206170564565856E-06
   184.688441601122        0.252548204531111E-06
   184.787219271294        0.304525435137671E-06
   184.881089692986        0.360137485011084E-06
   184.973758102640        0.419486564702280E-06
   185.068739721411        0.480133112463894E-06
   185.163755979312        0.541987738555183E-06
   185.248905982340        0.604242672767859E-06
   185.309109578709        0.666186516386040E-06
   185.329069572453        0.725867523859164E-06
   185.298492734320        0.784047646705718E-06
   185.215607628771        0.839054407234552E-06
   185.088414502615        0.890823718325052E-06
   184.934229073121        0.938557576765572E-06
   184.778126183728        0.983155876388411E-06
   184.650220894317        0.102556968761889E-05
   184.581388181445        0.105993420047770E-05
   184.597805630823        0.109078932144615E-05
   184.715283804508        0.111790998234885E-05
   184.934887355950        0.113740953634326E-05
   185.240304049005        0.116072616079500E-05
   185.602833035496        0.117390370106583E-05
   185.989597093742        0.118696532768436E-05
   186.370730875421        0.119000000000000E-05
   186.724928155755        0.120000000000000E-05
   187.042722148769        0.120000000000000E-05
   187.327584418077        0.120000000000000E-05
   187.594708719548        0.119000000000000E-05
   187.867612867444        0.118735171614333E-05
   188.172622323951        0.117520378166916E-05
   188.532624274309        0.116319076395387E-05
   188.961727272541        0.114260740185130E-05
   189.462527160661        0.111954931466984E-05
   190.026831103040        0.110790229789173E-05
   190.639131999915        0.109637645717010E-05
   191.281756288595        0.109000000000000E-05
   191.940125168111        0.109000000000000E-05
   192.606548844322        0.108251674905984E-05
   193.281935360432        0.108000000000000E-05
   193.974824384770        0.108000000000000E-05
   194.697853382158        0.109026203990210E-05
   195.462037470648        0.110189176839008E-05
   196.269576722151        0.112452715057802E-05
   197.101164092530        0.930605311476615E-06
   197.937573943786        0.826048163161812E-06
   198.957653404351        0.924235190655210E-06
   199.811387498295        0.106942762289956E-05
   200.652438433722        0.123169187722939E-05
   201.525010855023        0.142183336211339E-05
   202.423254834846        0.164375893176221E-05
   203.409398238781        0.192089282290065E-05
   204.604183608766        0.230902119024570E-05
   206.067613557338        0.287720979582583E-05
   208.211201847178        0.393377294034385E-05
   212.676657526290        0.734290600111153E-05
   217.141512521328        0.133533918767718E-04
   221.592213396157        0.236561717359456E-04
   226.012134387133        0.408120677049702E-04
   230.381016589949        0.685288956416585E-04
   234.673318921831        0.111886075645903E-03
   238.860502293975        0.177431815743793E-03
   242.913499329569        0.273053517113661E-03
   246.805744411137        0.407582904078193E-03
   250.516179918761        0.590199799380196E-03
   254.031322831731        0.829788414455502E-03
   257.345838726898        0.113441471215007E-02
   260.461690273535        0.151102301564098E-02
   263.386393374994        0.196534935749315E-02
   266.131020220728        0.250198084156887E-02
   268.708424228351        0.312447750863191E-02
   271.131900496187        0.383549428660139E-02
   273.459916058528        0.466396630697059E-02
   275.861516477072        0.560202010432624E-02
   278.144230988647        0.649478495204472E-02
   280.329531349983        0.765606757380385E-02
   282.405944595059        0.876134544537272E-02
   284.400650993270        0.100513770471823E-01
   286.294429608708        0.114055448789758E-01
   288.101246206830        0.126983008093091E-01
   289.015948787264        0.135544466694846E-01
