   173.811527919834        0.476402715416241E-10
   173.629986145587        0.709710268084170E-10
   175.695410119010        0.106212781191172E-09
   178.784002475624        0.161153806141967E-09
   181.972761866352        0.246808461954045E-09
   184.738806648441        0.381843377839968E-09
   186.803661819064        0.593678593640346E-09
   188.054197440125        0.927654710951597E-09
   188.500811534577        0.144459923688861E-08
   188.244820509181        0.224577899264839E-08
   187.445578732654        0.346293965947548E-08
   186.287515373977        0.527153680146016E-08
   184.951282990523        0.791104814057404E-08
   183.591398570775        0.116193004044296E-07
   182.323661294381        0.165798284853318E-07
   181.221865831415        0.227657267578620E-07
   180.321168704510        0.304788271104559E-07
   179.625514322649        0.396633787565176E-07
   179.116723206514        0.505381489001441E-07
   178.763581275682        0.624634918627479E-07
   178.530014413361        0.745888049496776E-07
   178.381702245263        0.863368130061035E-07
   178.290401490277        0.965307632563657E-07
   178.234875103864        0.104762376729486E-06
   178.200058832123        0.110088540652177E-06
   178.174507018251        0.113377660495621E-06
   178.145866407441        0.115000000000000E-06
   178.096883768754        0.116000000000000E-06
   178.004613889448        0.116575634319333E-06
   177.843563975474        0.117009028932254E-06
   177.591471190033        0.118424666151133E-06
   177.235147271546        0.119825244188145E-06
   176.774535291347        0.121208080166942E-06
   176.224202485331        0.123143547201660E-06
   175.612353265512        0.124920075636764E-06
   174.978038840220        0.126000000000000E-06
   174.367157345771        0.126556898219007E-06
   173.827382588097        0.127000000000000E-06
   173.402102246549        0.127000000000000E-06
   173.124065681921        0.127000000000000E-06
   173.009897537807        0.127000000000000E-06
   173.055433640176        0.126145798672477E-06
   173.240572452083        0.124858802589056E-06
   173.535838154803        0.122724676366650E-06
   173.908265598510        0.121060620801295E-06
   174.327101258227        0.118696565710530E-06
   174.768518097471        0.116355080889729E-06
   175.218807012754        0.114035944037598E-06
   175.675758943929        0.112867698682242E-06
   176.147867383140        0.111728146434381E-06
   176.651469191958        0.111398404581941E-06
   177.206419827145        0.113030623687061E-06
   177.831331547233        0.115867042818334E-06
   178.539693329325        0.120596412308086E-06
   179.337880912153        0.128458699023974E-06
   180.225382028563        0.138884091827597E-06
   181.196867314303        0.151541529635470E-06
   182.245313920086        0.168497823239482E-06
   183.365041226338        0.189774607407428E-06
   184.553693526996        0.214643667143357E-06
   185.812424929827        0.246876704720714E-06
   187.143797017673        0.286702089690003E-06
   188.547428542248        0.335930646346255E-06
   190.013714727209        0.395666662646984E-06
   191.511158147630        0.360491089355065E-06
   193.014441741383        0.374763502792597E-06
   194.941818112899        0.493773259249945E-06
   196.523496011037        0.644906541578026E-06
   198.094216104401        0.836139166117686E-06
   199.515666285587        0.105387648520636E-05
   201.097330329020        0.135512271822704E-05
   202.444386453485        0.167432035948539E-05
   204.216408367063        0.219442169307066E-05
   205.772762403426        0.277285054256740E-05
   208.557843255049        0.415346922563463E-05
   213.030713152659        0.774272494415065E-05
   217.503010015262        0.140625710185847E-04
   221.960725310738        0.248808040077269E-04
   226.386202885168        0.428652649437184E-04
   230.757717459559        0.718579065099108E-04
   235.049577172744        0.117100257100142E-03
   239.233136215393        0.185311430390567E-03
   243.279108549061        0.284524104427572E-03
   247.161093621221        0.423660708673753E-03
   250.858575916705        0.611917917579681E-03
   254.358869515837        0.858123975142556E-03
   257.657510080025        0.117023495889725E-02
   260.757240421073        0.155505723104630E-02
   263.666175938972        0.201818320460261E-02
   266.395793291227        0.256406569003876E-02
   268.959181823779        0.319614677883317E-02
   271.369742759229        0.391698022921111E-02
   273.711147315779        0.476638113332693E-02
   276.101452149761        0.569996544517010E-02
   278.380597458038        0.662324608571838E-02
   280.556005424349        0.777948685274287E-02
   282.625099618614        0.887987222392793E-02
   284.612368723931        0.102031179129999E-01
   286.499439208489        0.115507736777803E-01
   288.303681708014        0.128753327385083E-01
   289.215059481820        0.137384159933559E-01
