     ALT          P          T          FH2O           O3           THEAT        TCOOL        PSATCO2        FCO2
7.3776E+01  3.2610E-05 2.2296E+02    5.0741E-06    8.6604E-08    3.6677E+01   -6.9790E+01    6.7771E+00    2.1400E-04
7.2646E+01  3.8505E-05 2.2433E+02    5.3104E-06    1.1055E-07    5.1867E+00   -4.5397E+01    7.1632E+00    2.1400E-04
7.1519E+01  4.5410E-05 2.2577E+02    5.5166E-06    1.4314E-07    2.5213E+00   -2.8888E+01    7.5841E+00    2.1400E-04
7.0394E+01  5.3485E-05 2.2727E+02    5.7068E-06    1.8230E-07    2.4300E+00   -1.8360E+01    8.0449E+00    2.1400E-04
6.9270E+01  6.2917E-05 2.2884E+02    5.8671E-06    2.2615E-07    2.6123E+00   -1.2130E+01    8.5465E+00    2.1400E-04
6.8147E+01  7.3918E-05 2.3045E+02    6.0122E-06    2.7097E-07    2.8199E+00   -8.6924E+00    9.0879E+00    2.1400E-04
6.7026E+01  8.6734E-05 2.3210E+02    6.1468E-06    3.1723E-07    3.0354E+00   -6.9169E+00    9.6674E+00    2.1400E-04
6.5905E+01  1.0164E-04 2.3378E+02    6.2644E-06    3.6667E-07    3.2685E+00   -6.0528E+00    1.0283E+01    2.1400E-04
6.4786E+01  1.1897E-04 2.3547E+02    6.3670E-06    4.2209E-07    3.5433E+00   -5.6935E+00    1.0932E+01    2.1400E-04
6.3669E+01  1.3907E-04 2.3716E+02    6.4664E-06    4.8271E-07    3.8463E+00   -5.5905E+00    1.1613E+01    2.1400E-04
6.2553E+01  1.6236E-04 2.3885E+02    6.5457E-06    5.5137E-07    4.1870E+00   -5.6080E+00    1.2323E+01    2.1400E-04
6.1438E+01  1.8931E-04 2.4052E+02    6.6187E-06    6.2716E-07    4.5588E+00   -5.6911E+00    1.3060E+01    2.1400E-04
6.0326E+01  2.2046E-04 2.4219E+02    6.6854E-06    7.1091E-07    4.9595E+00   -5.8111E+00    1.3822E+01    2.1400E-04
5.9215E+01  2.5641E-04 2.4384E+02    6.7514E-06    8.0302E-07    5.3843E+00   -5.9578E+00    1.4610E+01    2.1400E-04
5.8107E+01  2.9784E-04 2.4547E+02    6.8057E-06    9.0446E-07    5.8276E+00   -6.1204E+00    1.5422E+01    2.1400E-04
5.7001E+01  3.4554E-04 2.4710E+02    6.8499E-06    1.0141E-06    6.2744E+00   -6.2956E+00    1.6260E+01    2.1400E-04
5.5897E+01  4.0037E-04 2.4870E+02    6.8941E-06    1.1350E-06    6.7272E+00   -6.4838E+00    1.7123E+01    2.1400E-04
5.4797E+01  4.6332E-04 2.5030E+02    6.9291E-06    1.2742E-06    7.1966E+00   -6.6754E+00    1.8012E+01    2.1400E-04
5.3699E+01  5.3549E-04 2.5188E+02    6.9610E-06    1.4270E-06    7.6448E+00   -6.8531E+00    1.8929E+01    2.1400E-04
5.2604E+01  6.1812E-04 2.5346E+02    6.9929E-06    1.5929E-06    8.0484E+00   -7.0285E+00    1.9873E+01    2.1400E-04
5.1513E+01  7.1260E-04 2.5502E+02    7.0147E-06    1.7821E-06    8.4200E+00   -7.1965E+00    2.0846E+01    2.1400E-04
5.0425E+01  8.2049E-04 2.5658E+02    7.0265E-06    1.9944E-06    8.7342E+00   -7.3551E+00    2.1848E+01    2.1400E-04
4.9340E+01  9.4352E-04 2.5814E+02    7.0400E-06    2.2297E-06    8.9644E+00   -7.5099E+00    2.2881E+01    2.1400E-04
4.8259E+01  1.0836E-03 2.5968E+02    7.0400E-06    2.4877E-06    9.0971E+00   -7.7575E+00    2.3944E+01    2.1400E-04
4.7182E+01  1.2430E-03 2.6131E+02    7.0400E-06    2.7672E-06    9.1083E+00   -8.0842E+00    2.5099E+01    2.1400E-04
4.6109E+01  1.4240E-03 2.6273E+02    7.0372E-06    3.0615E-06    8.9716E+00   -8.3205E+00    2.6146E+01    2.1400E-04
4.5042E+01  1.6293E-03 2.6359E+02    7.0158E-06    3.3858E-06    8.7204E+00   -8.3438E+00    2.6792E+01    2.1400E-04
4.3983E+01  1.8618E-03 2.6371E+02    6.9846E-06    3.7348E-06    8.3530E+00   -8.1364E+00    2.6886E+01    2.1400E-04
4.2935E+01  2.1248E-03 2.6310E+02    6.9474E-06    4.0864E-06    7.8644E+00   -7.7441E+00    2.6422E+01    2.1400E-04
4.1901E+01  2.4220E-03 2.6184E+02    6.8990E-06    4.4211E-06    7.2863E+00   -7.2348E+00    2.5486E+01    2.1400E-04
4.0883E+01  2.7572E-03 2.6006E+02    6.8380E-06    4.7223E-06    6.6672E+00   -6.6694E+00    2.4209E+01    2.1400E-04
3.9884E+01  3.1349E-03 2.5791E+02    6.7707E-06    4.9677E-06    6.0492E+00   -6.0913E+00    2.2725E+01    2.1400E-04
3.8903E+01  3.5598E-03 2.5550E+02    6.7022E-06    5.1793E-06    5.4875E+00   -5.5365E+00    2.1148E+01    2.1400E-04
3.7941E+01  4.0373E-03 2.5293E+02    6.6153E-06    5.3393E-06    4.9825E+00   -5.0227E+00    1.9554E+01    2.1400E-04
3.6999E+01  4.5729E-03 2.5027E+02    6.5299E-06    5.4700E-06    4.5448E+00   -4.5673E+00    1.7994E+01    2.1400E-04
3.6077E+01  5.1732E-03 2.4754E+02    6.4392E-06    5.5672E-06    4.1615E+00   -4.1670E+00    1.6498E+01    2.1400E-04
3.5175E+01  5.8448E-03 2.4480E+02    6.3425E-06    5.6560E-06    3.8283E+00   -3.8223E+00    1.5083E+01    2.1400E-04
3.4292E+01  6.5953E-03 2.4206E+02    6.2450E-06    5.7175E-06    3.5241E+00   -3.5184E+00    1.3764E+01    2.1400E-04
3.3429E+01  7.4329E-03 2.3938E+02    6.1413E-06    5.7529E-06    3.2415E+00   -3.2410E+00    1.2555E+01    2.1400E-04
3.2584E+01  8.3662E-03 2.3679E+02    6.0499E-06    5.7667E-06    2.9772E+00   -2.9809E+00    1.1463E+01    2.1400E-04
3.1757E+01  9.4049E-03 2.3434E+02    5.9508E-06    5.7403E-06    2.7227E+00   -2.7333E+00    1.0495E+01    2.1400E-04
3.0947E+01  1.0559E-02 2.3207E+02    5.8535E-06    5.6635E-06    2.4760E+00   -2.5253E+00    9.6544E+00    2.1400E-04
3.0154E+01  1.1840E-02 2.3000E+02    5.7484E-06    5.5406E-06    2.2406E+00   -2.2777E+00    8.9347E+00    2.1400E-04
2.9376E+01  1.3260E-02 2.2815E+02    5.6551E-06    5.3700E-06    2.0195E+00   -2.0461E+00    8.3233E+00    2.1400E-04
2.8614E+01  1.4831E-02 2.2650E+02    5.5635E-06    5.1657E-06    1.8172E+00   -1.8332E+00    7.8039E+00    2.1400E-04
2.7865E+01  1.6568E-02 2.2501E+02    5.4737E-06    4.9184E-06    1.6327E+00   -1.6406E+00    7.3599E+00    2.1400E-04
2.7129E+01  1.8484E-02 2.2367E+02    5.3854E-06    4.6432E-06    1.4686E+00   -1.4694E+00    6.9756E+00    2.1400E-04
2.6406E+01  2.0597E-02 2.2245E+02    5.2986E-06    4.3544E-06    1.3254E+00   -1.3200E+00    6.6374E+00    2.1400E-04
2.5696E+01  2.2921E-02 2.2131E+02    5.2134E-06    4.0454E-06    1.1991E+00   -1.1911E+00    6.3343E+00    2.1400E-04
2.4998E+01  2.5476E-02 2.2024E+02    5.1296E-06    3.7371E-06    1.0890E+00   -1.0798E+00    6.0580E+00    2.1400E-04
2.4311E+01  2.8280E-02 2.1921E+02    5.0472E-06    3.4271E-06    9.9077E-01   -9.8231E-01    5.8025E+00    2.1400E-04
2.3636E+01  3.1354E-02 2.1822E+02    4.9662E-06    3.1282E-06    9.0256E-01   -8.9454E-01    5.5641E+00    2.1400E-04
2.2972E+01  3.4717E-02 2.1727E+02    4.8865E-06    2.8355E-06    8.2071E-01   -8.1388E-01    5.3407E+00    2.1400E-04
2.2320E+01  3.8393E-02 2.1634E+02    4.8083E-06    2.5581E-06    7.4433E-01   -7.3830E-01    5.1060E+00    2.1400E-04
2.1678E+01  4.2404E-02 2.1546E+02    4.7313E-06    2.2883E-06    6.7118E-01   -6.6801E-01    4.8133E+00    2.1400E-04
2.1047E+01  4.6776E-02 2.1461E+02    4.6555E-06    2.0306E-06    6.0155E-01   -6.0278E-01    4.5490E+00    2.1400E-04
2.0427E+01  5.1533E-02 2.1383E+02    4.5876E-06    1.7949E-06    5.3694E-01   -5.4140E-01    4.3135E+00    2.1400E-04
1.9817E+01  5.6703E-02 2.1311E+02    4.5180E-06    1.5729E-06    4.7664E-01   -4.8351E-01    4.1066E+00    2.1400E-04
1.9218E+01  6.2312E-02 2.1246E+02    4.4560E-06    1.3681E-06    4.2132E-01   -4.2864E-01    3.9272E+00    2.1400E-04
1.8628E+01  6.8390E-02 2.1188E+02    4.3877E-06    1.1713E-06    3.7033E-01   -3.7789E-01    3.7737E+00    2.1400E-04
1.8047E+01  7.4967E-02 2.1137E+02    4.3337E-06    9.9849E-07    3.2604E-01   -3.3013E-01    3.6433E+00    2.1400E-04
1.7476E+01  8.2072E-02 2.1093E+02    4.2825E-06    8.4008E-07    2.8719E-01   -2.8796E-01    3.5332E+00    2.1400E-04
1.6915E+01  8.9738E-02 2.1055E+02    4.2331E-06    6.9876E-07    2.5381E-01   -2.5276E-01    3.4406E+00    2.1400E-04
1.6362E+01  9.7996E-02 2.1023E+02    4.1966E-06    5.7293E-07    2.2535E-01   -2.2639E-01    3.3631E+00    2.1400E-04
1.5818E+01  1.0688E-01 2.0995E+02    4.1553E-06    4.6227E-07    2.0005E-01   -1.7991E-01    3.2980E+00    2.1400E-04
1.5282E+01  1.1642E-01 2.0972E+02    4.1219E-06    3.6891E-07    1.7880E-01   -1.6299E-01    3.2444E+00    2.1400E-04
1.4755E+01  1.2665E-01 2.0954E+02    4.1002E-06    2.9161E-07    1.6140E-01   -1.5211E-01    3.2037E+00    2.1400E-04
1.4237E+01  1.3761E-01 2.0943E+02    4.0797E-06    2.2833E-07    1.4713E-01   -1.4572E-01    3.1794E+00    2.1400E-04
1.3726E+01  1.4933E-01 2.0941E+02    4.0690E-06    1.7468E-07    1.3521E-01   -1.4352E-01    3.1751E+00    2.1400E-04
1.3223E+01  1.6185E-01 2.0950E+02    4.0495E-06    1.3325E-07    1.2578E-01   -1.4124E-01    3.1950E+00    2.1400E-04
1.2728E+01  1.7519E-01 2.0970E+02    4.0400E-06    1.0511E-07    1.1894E-01   -1.3565E-01    3.2406E+00    2.1400E-04
1.2241E+01  1.8939E-01 2.1001E+02    4.0441E-06    8.7190E-08    1.1424E-01   -1.2614E-01    3.3127E+00    2.1400E-04
1.1760E+01  2.0449E-01 2.1043E+02    4.2556E-06    7.3064E-08    1.1170E-01   -1.2279E-01    3.4117E+00    2.1400E-04
1.1287E+01  2.2051E-01 2.1091E+02    5.1698E-06    6.2726E-08    1.1312E-01   -1.3020E-01    3.5277E+00    2.1400E-04
1.0820E+01  2.3748E-01 2.1148E+02    5.8434E-06    5.6798E-08    1.1526E-01   -1.0654E-01    3.6705E+00    2.1400E-04
1.0360E+01  2.5544E-01 2.1208E+02    6.6992E-06    5.3089E-08    1.1639E-01   -6.2622E-02    3.8277E+00    2.1400E-04
9.9056E+00  2.7441E-01 2.1350E+02    8.1495E-06    5.0284E-08    1.2192E-01   -1.1791E-01    4.2194E+00    2.1400E-04
9.4547E+00  2.9443E-01 2.1659E+02    1.2329E-05    4.7847E-08    1.3978E-01   -3.7319E-01    5.1857E+00    2.1400E-04
9.0044E+00  3.1550E-01 2.2093E+02    2.1618E-05    4.5554E-08    1.7628E-01   -7.8692E-01    6.2344E+00    2.1400E-04
8.5535E+00  3.3765E-01 2.2525E+02    3.6968E-05    4.3300E-08    2.2692E-01   -1.2115E+00    7.4283E+00    2.1400E-04
8.1026E+00  3.6091E-01 2.2952E+02    6.1624E-05    4.1077E-08    2.8883E-01   -1.6029E+00    8.7712E+00    2.1400E-04
7.6520E+00  3.8527E-01 2.3372E+02    1.0005E-04    3.8917E-08    3.5671E-01   -1.9091E+00    1.0262E+01    2.1400E-04
7.2023E+00  4.1077E-01 2.3784E+02    1.5809E-04    3.6774E-08    4.2766E-01   -2.1177E+00    1.1895E+01    2.1400E-04
6.7538E+00  4.3740E-01 2.4184E+02    2.4289E-04    3.4717E-08    5.0412E-01   -2.2544E+00    1.3658E+01    2.1400E-04
6.3072E+00  4.6518E-01 2.4569E+02    3.6267E-04    3.2655E-08    5.8201E-01   -2.3091E+00    1.5533E+01    2.1400E-04
5.8630E+00  4.9409E-01 2.4939E+02    5.2626E-04    3.0684E-08    6.4769E-01   -2.3146E+00    1.7500E+01    2.1400E-04
5.4218E+00  5.2414E-01 2.5290E+02    7.4245E-04    2.8737E-08    6.9428E-01   -2.2963E+00    1.9535E+01    2.1400E-04
4.9842E+00  5.5532E-01 2.5623E+02    1.0195E-03    2.6863E-08    7.2769E-01   -2.2781E+00    2.1615E+01    2.1400E-04
4.5507E+00  5.8760E-01 2.5936E+02    1.3646E-03    2.5083E-08    7.5458E-01   -2.2351E+00    2.3722E+01    2.1400E-04
4.1218E+00  6.2099E-01 2.6231E+02    1.7839E-03    2.3370E-08    7.7486E-01   -2.1717E+00    2.5837E+01    2.1400E-04
3.6981E+00  6.5544E-01 2.6509E+02    2.2824E-03    2.1706E-08    7.8573E-01   -2.1049E+00    2.7948E+01    2.1400E-04
3.2801E+00  6.9093E-01 2.6770E+02    2.8638E-03    2.0204E-08    7.8736E-01   -2.0109E+00    3.0046E+01    2.1400E-04
2.8681E+00  7.2743E-01 2.7015E+02    3.5309E-03    1.8788E-08    7.8278E-01   -1.8627E+00    3.2122E+01    2.1400E-04
2.4627E+00  7.6489E-01 2.7245E+02    4.2854E-03    1.7522E-08    7.7503E-01   -1.7125E+00    3.4171E+01    2.1400E-04
2.0639E+00  8.0327E-01 2.7482E+02    5.2010E-03    1.6404E-08    7.7020E-01   -1.6186E+00    3.6373E+01    2.1400E-04
1.6720E+00  8.4251E-01 2.7711E+02    6.0986E-03    1.5423E-08    7.5043E-01   -1.5315E+00    3.8600E+01    2.1400E-04
1.2872E+00  8.8255E-01 2.7930E+02    7.1232E-03    1.4579E-08    7.3452E-01   -1.5236E+00    4.0830E+01    2.1400E-04
9.0998E-01  9.2333E-01 2.8138E+02    8.2348E-03    1.3882E-08    7.2264E-01   -1.5903E+00    4.3032E+01    2.1400E-04
5.4049E-01  9.6478E-01 2.8336E+02    9.3369E-03    1.3345E-08    7.1631E-01   -1.7755E+00    4.5217E+01    2.1400E-04
1.7901E-01  1.0068E+00 2.8526E+02    1.0698E-02    1.2917E-08    7.3676E-01   -2.0303E+00    4.7379E+01    2.1400E-04
0.0000E+00  1.0282E+00 2.8620E+02    1.1379E-02    1.3000E-08    7.9173E+00   -3.5354E+00    4.8490E+01    2.1400E-04
