     ALT          P          T          FH2O           O3           THEAT        TCOOL        PSATCO2        FCO2
6.3070E+01  3.2610E-05 1.8288E+02    2.4882E-07    2.5538E-08    3.5554E+01   -2.8505E+01    3.6648E-01    2.1734E-04
6.2157E+01  3.8506E-05 1.7216E+02    3.3560E-07    1.9252E-08    4.3637E+00   -1.1071E+01    1.2632E-01    2.1916E-04
6.1296E+01  4.5411E-05 1.6581E+02    4.3927E-07    9.3998E-09    1.4505E+00   -3.9647E+00    6.2883E-02    2.2089E-04
6.0463E+01  5.3487E-05 1.6308E+02    5.6313E-07    3.5269E-09    1.0812E+00   -1.0821E+00    4.5797E-02    2.2200E-04
5.9646E+01  6.2919E-05 1.6260E+02    6.9567E-07    2.6000E-09    9.9831E-01   -3.3935E-01    4.3245E-02    2.2318E-04
5.8835E+01  7.3922E-05 1.6327E+02    8.3432E-07    2.7303E-09    9.4384E-01   -3.3494E-01    4.6795E-02    2.2400E-04
5.8026E+01  8.6740E-05 1.6441E+02    9.8434E-07    2.7400E-09    8.9258E-01   -4.9959E-01    5.3476E-02    2.2500E-04
5.7217E+01  1.0165E-04 1.6566E+02    1.1541E-06    2.7721E-09    8.4366E-01   -6.2684E-01    6.1777E-02    2.2600E-04
5.6410E+01  1.1898E-04 1.6684E+02    1.3213E-06    2.8724E-09    7.9836E-01   -6.7483E-01    7.0654E-02    2.2600E-04
5.5603E+01  1.3908E-04 1.6787E+02    1.4989E-06    3.0246E-09    7.5942E-01   -6.7962E-01    7.9291E-02    2.2700E-04
5.4799E+01  1.6237E-04 1.6872E+02    1.6849E-06    3.2426E-09    7.2283E-01   -6.6878E-01    8.7110E-02    2.2700E-04
5.3998E+01  1.8933E-04 1.6939E+02    1.8620E-06    3.5247E-09    6.9169E-01   -6.5481E-01    9.3821E-02    2.2748E-04
5.3201E+01  2.2048E-04 1.6993E+02    2.0387E-06    3.8795E-09    6.6548E-01   -6.4508E-01    9.9451E-02    2.2800E-04
5.2408E+01  2.5644E-04 1.7037E+02    2.2220E-06    4.3257E-09    6.4360E-01   -6.4160E-01    1.0432E-01    2.2800E-04
5.1621E+01  2.9789E-04 1.7077E+02    2.3855E-06    4.8693E-09    6.2698E-01   -6.3889E-01    1.0895E-01    2.2800E-04
5.0838E+01  3.4559E-04 1.7119E+02    2.5579E-06    5.5201E-09    6.1656E-01   -6.4151E-01    1.1399E-01    2.2800E-04
5.0060E+01  4.0044E-04 1.7169E+02    2.7155E-06    6.3087E-09    6.1214E-01   -6.4552E-01    1.2016E-01    2.2800E-04
4.9286E+01  4.6340E-04 1.7230E+02    2.8706E-06    7.2580E-09    6.1383E-01   -6.5324E-01    1.2822E-01    2.2800E-04
4.8516E+01  5.3558E-04 1.7307E+02    3.0288E-06    8.4132E-09    6.2149E-01   -6.6606E-01    1.3898E-01    2.2800E-04
4.7750E+01  6.1823E-04 1.7402E+02    3.2177E-06    9.7536E-09    6.3469E-01   -6.8677E-01    1.5339E-01    2.2800E-04
4.6985E+01  7.1274E-04 1.7516E+02    3.4211E-06    1.1400E-08    6.5252E-01   -7.1067E-01    1.7252E-01    2.2800E-04
4.6222E+01  8.2065E-04 1.7650E+02    3.6151E-06    1.3457E-08    6.7366E-01   -7.3238E-01    1.9758E-01    2.2800E-04
4.5460E+01  9.4372E-04 1.7802E+02    3.8074E-06    1.5839E-08    6.9639E-01   -7.5090E-01    2.2985E-01    2.2800E-04
4.4699E+01  1.0839E-03 1.7969E+02    3.9899E-06    1.8565E-08    7.2204E-01   -7.6582E-01    2.7057E-01    2.2800E-04
4.3937E+01  1.2433E-03 1.8146E+02    4.1574E-06    2.1510E-08    7.4703E-01   -7.7767E-01    3.2082E-01    2.2800E-04
4.3174E+01  1.4243E-03 1.8330E+02    4.3141E-06    2.4475E-08    7.6688E-01   -7.8618E-01    3.8141E-01    2.2800E-04
4.2412E+01  1.6297E-03 1.8517E+02    4.4667E-06    2.7522E-08    7.8190E-01   -7.9385E-01    4.5282E-01    2.2800E-04
4.1649E+01  1.8623E-03 1.8702E+02    4.6176E-06    3.0739E-08    7.9400E-01   -8.0309E-01    5.3528E-01    2.2800E-04
4.0886E+01  2.1254E-03 1.8885E+02    4.7622E-06    3.4320E-08    8.0655E-01   -8.1604E-01    6.2877E-01    2.2800E-04
4.0123E+01  2.4226E-03 1.9062E+02    4.8924E-06    3.8531E-08    8.2317E-01   -8.3440E-01    7.3317E-01    2.2800E-04
3.9360E+01  2.7580E-03 1.9233E+02    5.0220E-06    4.3416E-08    8.4576E-01   -8.5938E-01    8.4821E-01    2.2800E-04
3.8599E+01  3.1358E-03 1.9398E+02    5.1409E-06    4.9150E-08    8.7477E-01   -8.8943E-01    9.7349E-01    2.2800E-04
3.7839E+01  3.5609E-03 1.9556E+02    5.2555E-06    5.5945E-08    9.0955E-01   -9.2263E-01    1.1083E+00    2.2800E-04
3.7081E+01  4.0385E-03 1.9706E+02    5.3635E-06    6.3999E-08    9.4843E-01   -9.5716E-01    1.2516E+00    2.2800E-04
3.6325E+01  4.5743E-03 1.9849E+02    5.4610E-06    7.3386E-08    9.8947E-01   -9.9279E-01    1.4019E+00    2.2800E-04
3.5572E+01  5.1748E-03 1.9983E+02    5.5614E-06    8.4574E-08    1.0330E+00   -1.0314E+00    1.5576E+00    2.2800E-04
3.4821E+01  5.8467E-03 2.0109E+02    5.6429E-06    9.7928E-08    1.0797E+00   -1.0733E+00    1.7175E+00    2.2800E-04
3.4074E+01  6.5975E-03 2.0228E+02    5.7276E-06    1.1410E-07    1.1294E+00   -1.1227E+00    1.8813E+00    2.2800E-04
3.3331E+01  7.4354E-03 2.0342E+02    5.8020E-06    1.3283E-07    1.1787E+00   -1.1794E+00    2.0506E+00    2.2800E-04
3.2591E+01  8.3691E-03 2.0453E+02    5.8627E-06    1.5623E-07    1.2308E+00   -1.2424E+00    2.2285E+00    2.2800E-04
3.1856E+01  9.4082E-03 2.0565E+02    5.9216E-06    1.8439E-07    1.2811E+00   -1.3093E+00    2.4200E+00    2.2800E-04
3.1125E+01  1.0563E-02 2.0679E+02    5.9676E-06    2.1853E-07    1.3274E+00   -1.3702E+00    2.6301E+00    2.2800E-04
3.0398E+01  1.1845E-02 2.0796E+02    6.0042E-06    2.6192E-07    1.3729E+00   -1.4181E+00    2.8619E+00    2.2800E-04
2.9674E+01  1.3265E-02 2.0914E+02    6.0331E-06    3.1797E-07    1.4191E+00   -1.4640E+00    3.1143E+00    2.2800E-04
2.8956E+01  1.4837E-02 2.1030E+02    6.0559E-06    3.9343E-07    1.4693E+00   -1.5031E+00    3.3801E+00    2.2800E-04
2.8241E+01  1.6574E-02 2.1138E+02    6.0600E-06    4.9383E-07    1.5164E+00   -1.5290E+00    3.6448E+00    2.2800E-04
2.7532E+01  1.8491E-02 2.1231E+02    6.0556E-06    6.2920E-07    1.5542E+00   -1.5360E+00    3.8865E+00    2.2800E-04
2.6828E+01  2.0605E-02 2.1302E+02    6.0415E-06    8.0112E-07    1.5628E+00   -1.5188E+00    4.0810E+00    2.2800E-04
2.6130E+01  2.2930E-02 2.1346E+02    6.0127E-06    9.9327E-07    1.5237E+00   -1.4750E+00    4.2080E+00    2.2800E-04
2.5440E+01  2.5487E-02 2.1364E+02    5.9712E-06    1.1795E-06    1.4435E+00   -1.4065E+00    4.2577E+00    2.2800E-04
2.4758E+01  2.8292E-02 2.1355E+02    5.9204E-06    1.3486E-06    1.3474E+00   -1.3181E+00    4.2311E+00    2.2800E-04
2.4086E+01  3.1367E-02 2.1322E+02    5.8532E-06    1.4598E-06    1.2327E+00   -1.2152E+00    4.1389E+00    2.2800E-04
2.3422E+01  3.4732E-02 2.1272E+02    5.7869E-06    1.5198E-06    1.1135E+00   -1.1051E+00    3.9984E+00    2.2800E-04
2.2769E+01  3.8409E-02 2.1209E+02    5.7119E-06    1.5300E-06    9.9291E-01   -9.9369E-01    3.8293E+00    2.2800E-04
2.2127E+01  4.2423E-02 2.1140E+02    5.6222E-06    1.4998E-06    8.7562E-01   -8.8578E-01    3.6513E+00    2.2800E-04
2.1494E+01  4.6797E-02 2.1072E+02    5.5336E-06    1.4439E-06    7.6710E-01   -7.8549E-01    3.4811E+00    2.2800E-04
2.0872E+01  5.1556E-02 2.1009E+02    5.4465E-06    1.3740E-06    6.7011E-01   -6.9443E-01    3.3314E+00    2.2800E-04
2.0260E+01  5.6728E-02 2.0957E+02    5.3510E-06    1.2909E-06    5.8379E-01   -6.1288E-01    3.2109E+00    2.2800E-04
1.9657E+01  6.2341E-02 2.0918E+02    5.2544E-06    1.2061E-06    5.0984E-01   -5.3995E-01    3.1241E+00    2.2800E-04
1.9063E+01  6.8422E-02 2.0895E+02    5.1594E-06    1.1228E-06    4.4737E-01   -4.7470E-01    3.0720E+00    2.2800E-04
1.8478E+01  7.5002E-02 2.0886E+02    5.0658E-06    1.0408E-06    3.9478E-01   -4.1654E-01    3.0527E+00    2.2800E-04
1.7901E+01  8.2112E-02 2.0890E+02    4.9805E-06    9.6444E-07    3.5135E-01   -3.6457E-01    3.0621E+00    2.2800E-04
1.7332E+01  8.9782E-02 2.0905E+02    4.8925E-06    8.8919E-07    3.1461E-01   -3.1829E-01    3.0940E+00    2.2800E-04
1.6770E+01  9.8044E-02 2.0926E+02    4.8124E-06    8.1226E-07    2.8263E-01   -2.7749E-01    3.1408E+00    2.2800E-04
1.6216E+01  1.0693E-01 2.0949E+02    4.7456E-06    7.2980E-07    2.5244E-01   -2.1809E-01    3.1937E+00    2.2800E-04
1.5670E+01  1.1648E-01 2.0972E+02    4.6800E-06    6.4143E-07    2.2412E-01   -1.8512E-01    3.2453E+00    2.2800E-04
1.5131E+01  1.2672E-01 2.0992E+02    4.6202E-06    5.5132E-07    1.9805E-01   -1.5874E-01    3.2915E+00    2.2800E-04
1.4600E+01  1.3768E-01 2.1009E+02    4.5778E-06    4.6167E-07    1.7413E-01   -1.3926E-01    3.3321E+00    2.2800E-04
1.4077E+01  1.4941E-01 2.1026E+02    4.5359E-06    3.7404E-07    1.5221E-01   -1.2663E-01    3.3705E+00    2.2800E-04
1.3561E+01  1.6193E-01 2.1044E+02    4.5023E-06    2.9151E-07    1.3263E-01   -1.2075E-01    3.4131E+00    2.2800E-04
1.3053E+01  1.7528E-01 2.1066E+02    4.4820E-06    2.2298E-07    1.1673E-01   -1.1696E-01    3.4674E+00    2.2800E-04
1.2552E+01  1.8949E-01 2.1096E+02    4.4740E-06    1.7394E-07    1.0522E-01   -1.0999E-01    3.5397E+00    2.2800E-04
1.2059E+01  2.0460E-01 2.1133E+02    4.5854E-06    1.3781E-07    9.7319E-02   -1.0334E-01    3.6339E+00    2.2800E-04
1.1574E+01  2.2062E-01 2.1179E+02    5.0743E-06    1.0945E-07    9.3159E-02   -1.0317E-01    3.7507E+00    2.2800E-04
1.1095E+01  2.3761E-01 2.1230E+02    6.2440E-06    8.9426E-08    9.3594E-02   -9.8607E-02    3.8863E+00    2.2800E-04
1.0623E+01  2.5558E-01 2.1283E+02    7.4029E-06    7.7873E-08    9.5349E-02   -1.7952E-02    4.0305E+00    2.2800E-04
1.0158E+01  2.7457E-01 2.1357E+02    8.2183E-06    7.0418E-08    9.7897E-02   -7.9737E-02    4.2388E+00    2.2800E-04
9.6965E+00  2.9459E-01 2.1777E+02    1.4375E-05    6.4350E-08    1.2245E-01   -4.5986E-01    5.4577E+00    2.2800E-04
9.2339E+00  3.1567E-01 2.2214E+02    2.5128E-05    5.9012E-08    1.6250E-01   -8.7961E-01    6.5530E+00    2.2800E-04
8.7709E+00  3.3784E-01 2.2647E+02    4.2820E-05    5.3917E-08    2.1627E-01   -1.3068E+00    7.7971E+00    2.2800E-04
8.3078E+00  3.6111E-01 2.3076E+02    7.1088E-05    4.9073E-08    2.8035E-01   -1.6866E+00    9.1926E+00    2.2800E-04
7.8451E+00  3.8550E-01 2.3497E+02    1.1487E-04    4.4325E-08    3.4915E-01   -1.9699E+00    1.0737E+01    2.2800E-04
7.3833E+00  4.1101E-01 2.3908E+02    1.8052E-04    3.9899E-08    4.2156E-01   -2.1610E+00    1.2421E+01    2.2800E-04
6.9229E+00  4.3766E-01 2.4306E+02    2.7565E-04    3.5692E-08    4.9954E-01   -2.2767E+00    1.4232E+01    2.2800E-04
6.4644E+00  4.6545E-01 2.4688E+02    4.0883E-04    3.1793E-08    5.7528E-01   -2.3116E+00    1.6149E+01    2.2800E-04
6.0086E+00  4.9438E-01 2.5054E+02    5.8900E-04    2.8200E-08    6.3517E-01   -2.3076E+00    1.8150E+01    2.2800E-04
5.5559E+00  5.2445E-01 2.5401E+02    8.2491E-04    2.4923E-08    6.7660E-01   -2.2852E+00    2.0212E+01    2.2800E-04
5.1069E+00  5.5565E-01 2.5729E+02    1.1245E-03    2.1966E-08    7.0735E-01   -2.2592E+00    2.2312E+01    2.2800E-04
4.6623E+00  5.8796E-01 2.6037E+02    1.4948E-03    1.9277E-08    7.3223E-01   -2.2035E+00    2.4431E+01    2.2800E-04
4.2226E+00  6.2136E-01 2.6328E+02    1.9415E-03    1.6858E-08    7.4956E-01   -2.1358E+00    2.6554E+01    2.2800E-04
3.7883E+00  6.5584E-01 2.6600E+02    2.4691E-03    1.4771E-08    7.5703E-01   -2.0610E+00    2.8669E+01    2.2800E-04
3.3598E+00  6.9135E-01 2.6856E+02    3.0811E-03    1.2934E-08    7.5601E-01   -1.9493E+00    3.0766E+01    2.2800E-04
2.9377E+00  7.2788E-01 2.7097E+02    3.7801E-03    1.1409E-08    7.4987E-01   -1.7873E+00    3.2841E+01    2.2800E-04
2.5223E+00  7.6536E-01 2.7326E+02    4.5831E-03    1.0084E-08    7.4208E-01   -1.6457E+00    3.4906E+01    2.2800E-04
2.1137E+00  8.0376E-01 2.7564E+02    5.5155E-03    8.9493E-09    7.3260E-01   -1.5577E+00    3.7157E+01    2.2800E-04
1.7123E+00  8.4303E-01 2.7790E+02    6.4016E-03    8.0266E-09    7.0873E-01   -1.4784E+00    3.9390E+01    2.2800E-04
1.3182E+00  8.8310E-01 2.8006E+02    7.5212E-03    7.2990E-09    6.9745E-01   -1.5034E+00    4.1624E+01    2.2800E-04
9.3182E-01  9.2391E-01 2.8211E+02    8.6188E-03    6.7461E-09    6.8402E-01   -1.5793E+00    4.3830E+01    2.2800E-04
5.5343E-01  9.6538E-01 2.8408E+02    9.8433E-03    6.3333E-09    6.8411E-01   -1.7946E+00    4.6028E+01    2.2800E-04
1.8329E-01  1.0075E+00 2.8595E+02    1.1187E-02    6.0136E-09    7.0224E-01   -2.0375E+00    4.8191E+01    2.2800E-04
0.0000E+00  1.0288E+00 2.8689E+02    1.1861E-02    6.0700E-09    7.9958E+00   -3.4603E+00    4.9305E+01    2.2800E-04
