     ALT          P          T          FH2O           O3           THEAT        TCOOL        PSATCO2        FCO2
6.3313E+01  3.2610E-05 1.8306E+02    2.8830E-07    2.2649E-08    3.5510E+01   -2.8696E+01    3.7301E-01    2.1672E-04
6.2399E+01  3.8506E-05 1.7260E+02    3.8733E-07    1.6165E-08    4.3548E+00   -1.1514E+01    1.3227E-01    2.1800E-04
6.1535E+01  4.5411E-05 1.6650E+02    5.0734E-07    7.4797E-09    1.4392E+00   -4.0271E+00    6.7993E-02    2.1928E-04
6.0698E+01  5.3487E-05 1.6401E+02    6.5005E-07    2.7147E-09    1.0762E+00   -1.1734E+00    5.1054E-02    2.2096E-04
5.9876E+01  6.2920E-05 1.6376E+02    7.9863E-07    2.3083E-09    9.9551E-01   -4.1757E-01    4.9564E-02    2.2161E-04
5.9058E+01  7.3923E-05 1.6465E+02    9.5928E-07    2.3875E-09    9.4420E-01   -4.2894E-01    5.4996E-02    2.2300E-04
5.8242E+01  8.6740E-05 1.6601E+02    1.1371E-06    2.3800E-09    8.9396E-01   -6.1231E-01    6.4311E-02    2.2389E-04
5.7425E+01  1.0165E-04 1.6748E+02    1.3220E-06    2.4058E-09    8.4525E-01   -7.5034E-01    7.5882E-02    2.2453E-04
5.6608E+01  1.1898E-04 1.6886E+02    1.5213E-06    2.4801E-09    8.0241E-01   -8.0880E-01    8.8463E-02    2.2500E-04
5.5791E+01  1.3908E-04 1.7007E+02    1.7347E-06    2.6028E-09    7.6284E-01   -8.2101E-01    1.0095E-01    2.2500E-04
5.4976E+01  1.6237E-04 1.7106E+02    1.9474E-06    2.7877E-09    7.2974E-01   -8.1303E-01    1.1242E-01    2.2600E-04
5.4164E+01  1.8933E-04 1.7185E+02    2.1605E-06    3.0346E-09    6.9906E-01   -8.0040E-01    1.2225E-01    2.2600E-04
5.3355E+01  2.2049E-04 1.7245E+02    2.3715E-06    3.3477E-09    6.7433E-01   -7.8984E-01    1.3025E-01    2.2671E-04
5.2550E+01  2.5644E-04 1.7291E+02    2.5718E-06    3.7394E-09    6.5351E-01   -7.8064E-01    1.3665E-01    2.2700E-04
5.1751E+01  2.9789E-04 1.7328E+02    2.7813E-06    4.2283E-09    6.3762E-01   -7.7659E-01    1.4208E-01    2.2700E-04
5.0957E+01  3.4560E-04 1.7363E+02    2.9731E-06    4.8333E-09    6.2720E-01   -7.7249E-01    1.4741E-01    2.2700E-04
5.0168E+01  4.0044E-04 1.7403E+02    3.1626E-06    5.5702E-09    6.2271E-01   -7.7096E-01    1.5362E-01    2.2700E-04
4.9384E+01  4.6341E-04 1.7453E+02    3.3425E-06    6.4721E-09    6.2403E-01   -7.7127E-01    1.6178E-01    2.2700E-04
4.8604E+01  5.3559E-04 1.7518E+02    3.5179E-06    7.5825E-09    6.3094E-01   -7.7400E-01    1.7295E-01    2.2700E-04
4.7828E+01  6.1824E-04 1.7602E+02    3.6812E-06    8.9498E-09    6.4269E-01   -7.7765E-01    1.8825E-01    2.2700E-04
4.7055E+01  7.1275E-04 1.7705E+02    3.8363E-06    1.0623E-08    6.5852E-01   -7.8194E-01    2.0884E-01    2.2700E-04
4.6285E+01  8.2067E-04 1.7828E+02    3.9820E-06    1.2670E-08    6.7751E-01   -7.8597E-01    2.3589E-01    2.2700E-04
4.5515E+01  9.4374E-04 1.7969E+02    4.1307E-06    1.5149E-08    6.9867E-01   -7.8976E-01    2.7060E-01    2.2700E-04
4.4746E+01  1.0839E-03 1.8124E+02    4.2596E-06    1.7791E-08    7.2192E-01   -7.9244E-01    3.1405E-01    2.2700E-04
4.3978E+01  1.2433E-03 1.8289E+02    4.3873E-06    2.0642E-08    7.4478E-01   -7.9651E-01    3.6714E-01    2.2700E-04
4.3210E+01  1.4243E-03 1.8462E+02    4.5058E-06    2.3534E-08    7.6284E-01   -7.9996E-01    4.3053E-01    2.2700E-04
4.2442E+01  1.6297E-03 1.8637E+02    4.6226E-06    2.6504E-08    7.7635E-01   -8.0439E-01    5.0463E-01    2.2700E-04
4.1675E+01  1.8623E-03 1.8811E+02    4.7303E-06    2.9730E-08    7.8753E-01   -8.1111E-01    5.8965E-01    2.2700E-04
4.0907E+01  2.1255E-03 1.8984E+02    4.8378E-06    3.3391E-08    7.9982E-01   -8.2267E-01    6.8569E-01    2.2700E-04
4.0141E+01  2.4227E-03 1.9153E+02    4.9331E-06    3.7639E-08    8.1625E-01   -8.4029E-01    7.9275E-01    2.2700E-04
3.9375E+01  2.7581E-03 1.9318E+02    5.0251E-06    4.2607E-08    8.3896E-01   -8.6506E-01    9.1077E-01    2.2700E-04
3.8610E+01  3.1359E-03 1.9478E+02    5.1141E-06    4.8453E-08    8.6840E-01   -8.9580E-01    1.0395E+00    2.2700E-04
3.7847E+01  3.5610E-03 1.9632E+02    5.1905E-06    5.5277E-08    9.0323E-01   -9.3000E-01    1.1785E+00    2.2700E-04
3.7086E+01  4.0386E-03 1.9779E+02    5.2733E-06    6.3410E-08    9.4261E-01   -9.6630E-01    1.3267E+00    2.2700E-04
3.6327E+01  4.5745E-03 1.9920E+02    5.3426E-06    7.2904E-08    9.8432E-01   -1.0036E+00    1.4827E+00    2.2700E-04
3.5571E+01  5.1750E-03 2.0053E+02    5.4046E-06    8.4211E-08    1.0288E+00   -1.0429E+00    1.6448E+00    2.2700E-04
3.4818E+01  5.8469E-03 2.0179E+02    5.4649E-06    9.7571E-08    1.0758E+00   -1.0865E+00    1.8117E+00    2.2700E-04
3.4069E+01  6.5977E-03 2.0298E+02    5.5212E-06    1.1334E-07    1.1245E+00   -1.1372E+00    1.9831E+00    2.2700E-04
3.3323E+01  7.4356E-03 2.0412E+02    5.5660E-06    1.3305E-07    1.1775E+00   -1.1953E+00    2.1600E+00    2.2700E-04
3.2581E+01  8.3694E-03 2.0523E+02    5.6070E-06    1.5611E-07    1.2289E+00   -1.2596E+00    2.3459E+00    2.2700E-04
3.1843E+01  9.4085E-03 2.0634E+02    5.6366E-06    1.8442E-07    1.2800E+00   -1.3276E+00    2.5454E+00    2.2700E-04
3.1109E+01  1.0563E-02 2.0747E+02    5.6630E-06    2.1970E-07    1.3300E+00   -1.3902E+00    2.7634E+00    2.2700E-04
3.0380E+01  1.1845E-02 2.0863E+02    5.6776E-06    2.6362E-07    1.3768E+00   -1.4384E+00    3.0025E+00    2.2700E-04
2.9654E+01  1.3265E-02 2.0979E+02    5.6800E-06    3.2052E-07    1.4242E+00   -1.4841E+00    3.2612E+00    2.2700E-04
2.8933E+01  1.4837E-02 2.1092E+02    5.6800E-06    3.9652E-07    1.4741E+00   -1.5225E+00    3.5316E+00    2.2700E-04
2.8217E+01  1.6575E-02 2.1197E+02    5.6683E-06    4.9834E-07    1.5219E+00   -1.5474E+00    3.7979E+00    2.2700E-04
2.7505E+01  1.8492E-02 2.1286E+02    5.6398E-06    6.3631E-07    1.5607E+00   -1.5521E+00    4.0375E+00    2.2700E-04
2.6800E+01  2.0606E-02 2.1352E+02    5.6023E-06    8.1128E-07    1.5694E+00   -1.5320E+00    4.2248E+00    2.2700E-04
2.6101E+01  2.2931E-02 2.1392E+02    5.5571E-06    1.0087E-06    1.5313E+00   -1.4849E+00    4.3394E+00    2.2700E-04
2.5409E+01  2.5488E-02 2.1403E+02    5.4947E-06    1.2001E-06    1.4507E+00   -1.4121E+00    4.3719E+00    2.2700E-04
2.4726E+01  2.8293E-02 2.1387E+02    5.4257E-06    1.3662E-06    1.3494E+00   -1.3193E+00    4.3248E+00    2.2700E-04
2.4053E+01  3.1368E-02 2.1347E+02    5.3406E-06    1.4748E-06    1.2323E+00   -1.2122E+00    4.2108E+00    2.2700E-04
2.3389E+01  3.4733E-02 2.1290E+02    5.2552E-06    1.5398E-06    1.1152E+00   -1.0980E+00    4.0482E+00    2.2700E-04
2.2735E+01  3.8411E-02 2.1220E+02    5.1563E-06    1.5589E-06    9.9737E-01   -9.8189E-01    3.8575E+00    2.2700E-04
2.2092E+01  4.2425E-02 2.1143E+02    5.0628E-06    1.5263E-06    8.7837E-01   -8.7017E-01    3.6585E+00    2.2700E-04
2.1460E+01  4.6799E-02 2.1067E+02    4.9556E-06    1.4697E-06    7.6857E-01   -7.6565E-01    3.4685E+00    2.2700E-04
2.0838E+01  5.1559E-02 2.0996E+02    4.8522E-06    1.3906E-06    6.6887E-01   -6.7131E-01    3.3006E+00    2.2700E-04
2.0226E+01  5.6731E-02 2.0936E+02    4.7438E-06    1.3143E-06    5.8414E-01   -5.8588E-01    3.1629E+00    2.2700E-04
1.9624E+01  6.2344E-02 2.0889E+02    4.6353E-06    1.2206E-06    5.0821E-01   -5.1084E-01    3.0599E+00    2.2700E-04
1.9031E+01  6.8426E-02 2.0858E+02    4.5287E-06    1.1375E-06    4.4590E-01   -4.4307E-01    2.9921E+00    2.2700E-04
1.8447E+01  7.5006E-02 2.0841E+02    4.4237E-06    1.0558E-06    3.9361E-01   -3.8248E-01    2.9574E+00    2.2700E-04
1.7871E+01  8.2116E-02 2.0838E+02    4.3280E-06    9.7856E-07    3.5017E-01   -3.2849E-01    2.9510E+00    2.2700E-04
1.7304E+01  8.9786E-02 2.0846E+02    4.2373E-06    9.0208E-07    3.1331E-01   -2.8077E-01    2.9667E+00    2.2700E-04
1.6744E+01  9.8049E-02 2.0860E+02    4.1482E-06    8.2292E-07    2.8096E-01   -2.3872E-01    2.9970E+00    2.2700E-04
1.6192E+01  1.0694E-01 2.0877E+02    4.0709E-06    7.3706E-07    2.5026E-01   -1.7792E-01    3.0333E+00    2.2700E-04
1.5647E+01  1.1649E-01 2.0893E+02    3.9992E-06    6.4765E-07    2.2184E-01   -1.4476E-01    3.0686E+00    2.2700E-04
1.5111E+01  1.2673E-01 2.0907E+02    3.9455E-06    5.5550E-07    1.9559E-01   -1.1914E-01    3.0994E+00    2.2700E-04
1.4582E+01  1.3769E-01 2.0919E+02    3.8962E-06    4.6393E-07    1.7147E-01   -1.0046E-01    3.1263E+00    2.2700E-04
1.4061E+01  1.4942E-01 2.0931E+02    3.8546E-06    3.7538E-07    1.4947E-01   -8.9210E-02    3.1530E+00    2.2700E-04
1.3547E+01  1.6194E-01 2.0946E+02    3.8177E-06    2.9191E-07    1.2982E-01   -8.4819E-02    3.1857E+00    2.2700E-04
1.3042E+01  1.7529E-01 2.0966E+02    3.7916E-06    2.2327E-07    1.1397E-01   -8.2143E-02    3.2314E+00    2.2700E-04
1.2544E+01  1.8950E-01 2.0994E+02    3.7883E-06    1.7429E-07    1.0257E-01   -7.6451E-02    3.2962E+00    2.2700E-04
1.2053E+01  2.0461E-01 2.1031E+02    3.9155E-06    1.3802E-07    9.5036E-02   -7.3310E-02    3.3837E+00    2.2700E-04
1.1570E+01  2.2064E-01 2.1077E+02    4.9278E-06    1.0940E-07    9.3184E-02   -8.9245E-02    3.4948E+00    2.2700E-04
1.1093E+01  2.3762E-01 2.1130E+02    5.6451E-06    8.9634E-08    9.1955E-02   -5.4466E-02    3.6242E+00    2.2700E-04
1.0624E+01  2.5560E-01 2.1183E+02    6.4587E-06    7.8091E-08    9.2600E-02   -8.5778E-04    3.7616E+00    2.2700E-04
1.0160E+01  2.7458E-01 2.1344E+02    8.0697E-06    7.0570E-08    9.8865E-02   -1.3329E-01    4.1999E+00    2.2700E-04
9.6984E+00  2.9461E-01 2.1782E+02    1.4474E-05    6.4483E-08    1.2555E-01   -5.2444E-01    5.4702E+00    2.2700E-04
9.2358E+00  3.1569E-01 2.2219E+02    2.5304E-05    5.9052E-08    1.6654E-01   -9.3885E-01    6.5683E+00    2.2700E-04
8.7726E+00  3.3786E-01 2.2653E+02    4.3112E-05    5.3951E-08    2.2068E-01   -1.3559E+00    7.8147E+00    2.2700E-04
8.3094E+00  3.6113E-01 2.3082E+02    7.1560E-05    4.9014E-08    2.8471E-01   -1.7232E+00    9.2127E+00    2.2700E-04
7.8466E+00  3.8552E-01 2.3503E+02    1.1561E-04    4.4335E-08    3.5309E-01   -1.9947E+00    1.0759E+01    2.2700E-04
7.3846E+00  4.1103E-01 2.3913E+02    1.8164E-04    3.9848E-08    4.2487E-01   -2.1768E+00    1.2447E+01    2.2700E-04
6.9241E+00  4.3769E-01 2.4311E+02    2.7729E-04    3.5681E-08    5.0235E-01   -2.2867E+00    1.4260E+01    2.2700E-04
6.4655E+00  4.6548E-01 2.4694E+02    4.1114E-04    3.1811E-08    5.7761E-01   -2.3180E+00    1.6179E+01    2.2700E-04
6.0096E+00  4.9441E-01 2.5060E+02    5.9215E-04    2.8215E-08    6.3697E-01   -2.3119E+00    1.8182E+01    2.2700E-04
5.5568E+00  5.2448E-01 2.5406E+02    8.2904E-04    2.4935E-08    6.7796E-01   -2.2888E+00    2.0245E+01    2.2700E-04
5.1077E+00  5.5568E-01 2.5734E+02    1.1298E-03    2.1976E-08    7.0842E-01   -2.2619E+00    2.2346E+01    2.2700E-04
4.6630E+00  5.8799E-01 2.6042E+02    1.5013E-03    1.9286E-08    7.3309E-01   -2.2055E+00    2.4466E+01    2.2700E-04
4.2232E+00  6.2140E-01 2.6332E+02    1.9494E-03    1.6865E-08    7.5021E-01   -2.1375E+00    2.6589E+01    2.2700E-04
3.7888E+00  6.5588E-01 2.6604E+02    2.4785E-03    1.4776E-08    7.5749E-01   -2.0623E+00    2.8704E+01    2.2700E-04
3.3603E+00  6.9140E-01 2.6860E+02    3.0921E-03    1.2938E-08    7.5632E-01   -1.9498E+00    3.0802E+01    2.2700E-04
2.9381E+00  7.2792E-01 2.7101E+02    3.7927E-03    1.1412E-08    7.5007E-01   -1.7872E+00    3.2877E+01    2.2700E-04
2.5226E+00  7.6541E-01 2.7330E+02    4.5980E-03    1.0096E-08    7.4221E-01   -1.6454E+00    3.4942E+01    2.2700E-04
2.1140E+00  8.0382E-01 2.7568E+02    5.5296E-03    8.9709E-09    7.3236E-01   -1.5570E+00    3.7193E+01    2.2700E-04
1.7125E+00  8.4308E-01 2.7793E+02    6.4153E-03    8.0476E-09    7.0833E-01   -1.4783E+00    3.9427E+01    2.2700E-04
1.3184E+00  8.8316E-01 2.8010E+02    7.5391E-03    7.3197E-09    6.9728E-01   -1.5048E+00    4.1661E+01    2.2700E-04
9.3194E-01  9.2397E-01 2.8215E+02    8.6362E-03    6.7664E-09    6.8378E-01   -1.5809E+00    4.3867E+01    2.2700E-04
5.5350E-01  9.6545E-01 2.8412E+02    9.8662E-03    6.3535E-09    6.8414E-01   -1.7976E+00    4.6066E+01    2.2700E-04
1.8331E-01  1.0075E+00 2.8598E+02    1.1209E-02    6.0336E-09    7.0217E-01   -2.0400E+00    4.8229E+01    2.2700E-04
0.0000E+00  1.0289E+00 2.8692E+02    1.1883E-02    6.0900E-09    7.9940E+00   -3.4584E+00    4.9343E+01    2.2700E-04
