     ALT          P          T          FH2O           O3           THEAT        TCOOL        PSATCO2        FCO2
6.3773E+01  3.2610E-05 1.8423E+02    1.9143E-07    3.0620E-08    3.5272E+01   -2.8451E+01    4.1548E-01    2.1000E-04
6.2851E+01  3.8506E-05 1.7417E+02    2.5822E-07    2.3699E-08    4.5253E+00   -1.1409E+01    1.5587E-01    2.1161E-04
6.1977E+01  4.5412E-05 1.6851E+02    3.3969E-07    1.2813E-08    1.4763E+00   -4.0791E+00    8.5157E-02    2.1336E-04
6.1129E+01  5.3488E-05 1.6649E+02    4.4010E-07    4.8557E-09    1.0690E+00   -1.1959E+00    6.7936E-02    2.1500E-04
6.0292E+01  6.2921E-05 1.6673E+02    5.5272E-07    2.7047E-09    9.7714E-01   -4.4716E-01    6.9778E-02    2.1575E-04
5.9458E+01  7.3925E-05 1.6812E+02    6.7460E-07    2.6300E-09    9.2407E-01   -4.7282E-01    8.1496E-02    2.1642E-04
5.8622E+01  8.6744E-05 1.6996E+02    8.0967E-07    2.5858E-09    8.7732E-01   -6.5520E-01    9.9832E-02    2.1800E-04
5.7785E+01  1.0166E-04 1.7190E+02    9.6000E-07    2.5342E-09    8.2841E-01   -8.0494E-01    1.2285E-01    2.1800E-04
5.6944E+01  1.1898E-04 1.7371E+02    1.1225E-06    2.5444E-09    7.8866E-01   -8.7306E-01    1.4865E-01    2.1900E-04
5.6103E+01  1.3909E-04 1.7530E+02    1.2973E-06    2.6123E-09    7.5261E-01   -8.8680E-01    1.7505E-01    2.2000E-04
5.5262E+01  1.6238E-04 1.7661E+02    1.4670E-06    2.7485E-09    7.1803E-01   -8.7644E-01    1.9971E-01    2.2000E-04
5.4422E+01  1.8934E-04 1.7760E+02    1.6515E-06    2.9431E-09    6.8916E-01   -8.6791E-01    2.2060E-01    2.2057E-04
5.3586E+01  2.2050E-04 1.7831E+02    1.8275E-06    3.2075E-09    6.6418E-01   -8.6110E-01    2.3651E-01    2.2100E-04
5.2754E+01  2.5646E-04 1.7876E+02    2.0126E-06    3.5551E-09    6.4303E-01   -8.6157E-01    2.4731E-01    2.2100E-04
5.1927E+01  2.9792E-04 1.7903E+02    2.1856E-06    4.0022E-09    6.2659E-01   -8.6239E-01    2.5389E-01    2.2100E-04
5.1107E+01  3.4563E-04 1.7919E+02    2.3554E-06    4.5550E-09    6.1534E-01   -8.6372E-01    2.5784E-01    2.2100E-04
5.0293E+01  4.0048E-04 1.7932E+02    2.5198E-06    5.2342E-09    6.0946E-01   -8.6425E-01    2.6103E-01    2.2100E-04
4.9485E+01  4.6345E-04 1.7949E+02    2.6771E-06    6.0743E-09    6.0900E-01   -8.6382E-01    2.6536E-01    2.2100E-04
4.8684E+01  5.3565E-04 1.7976E+02    2.8327E-06    7.1028E-09    6.1379E-01   -8.6369E-01    2.7254E-01    2.2100E-04
4.7888E+01  6.1831E-04 1.8019E+02    2.9695E-06    8.3831E-09    6.2315E-01   -8.6174E-01    2.8411E-01    2.2100E-04
4.7098E+01  7.1283E-04 1.8081E+02    3.1069E-06    9.9974E-09    6.3694E-01   -8.6122E-01    3.0146E-01    2.2100E-04
4.6311E+01  8.2077E-04 1.8163E+02    3.2337E-06    1.1993E-08    6.5412E-01   -8.6000E-01    3.2586E-01    2.2100E-04
4.5528E+01  9.4385E-04 1.8264E+02    3.3496E-06    1.4421E-08    6.7371E-01   -8.5728E-01    3.5849E-01    2.2100E-04
4.4747E+01  1.0840E-03 1.8383E+02    3.4646E-06    1.7327E-08    6.9775E-01   -8.5520E-01    4.0034E-01    2.2100E-04
4.3968E+01  1.2435E-03 1.8515E+02    3.5678E-06    2.0561E-08    7.2254E-01   -8.5239E-01    4.5222E-01    2.2100E-04
4.3191E+01  1.4245E-03 1.8658E+02    3.6714E-06    2.4008E-08    7.4395E-01   -8.4831E-01    5.1465E-01    2.2100E-04
4.2415E+01  1.6299E-03 1.8808E+02    3.7649E-06    2.7504E-08    7.6097E-01   -8.4353E-01    5.8786E-01    2.2100E-04
4.1641E+01  1.8626E-03 1.8961E+02    3.8551E-06    3.1265E-08    7.7592E-01   -8.4116E-01    6.7189E-01    2.2100E-04
4.0867E+01  2.1258E-03 1.9114E+02    3.9411E-06    3.5475E-08    7.9193E-01   -8.4405E-01    7.6670E-01    2.2100E-04
4.0095E+01  2.4231E-03 1.9266E+02    4.0199E-06    4.0188E-08    8.1161E-01   -8.5449E-01    8.7223E-01    2.2100E-04
3.9325E+01  2.7585E-03 1.9417E+02    4.0971E-06    4.5681E-08    8.3764E-01   -8.7344E-01    9.8855E-01    2.2100E-04
3.8556E+01  3.1364E-03 1.9564E+02    4.1640E-06    5.2120E-08    8.7053E-01   -8.9910E-01    1.1157E+00    2.2100E-04
3.7790E+01  3.5616E-03 1.9708E+02    4.2306E-06    5.9685E-08    9.0951E-01   -9.2926E-01    1.2537E+00    2.2100E-04
3.7026E+01  4.0393E-03 1.9849E+02    4.2918E-06    6.8561E-08    9.5286E-01   -9.6148E-01    1.4019E+00    2.2100E-04
3.6264E+01  4.5753E-03 1.9984E+02    4.3427E-06    7.9010E-08    9.9918E-01   -9.9531E-01    1.5593E+00    2.2100E-04
3.5505E+01  5.1759E-03 2.0114E+02    4.3975E-06    9.1295E-08    1.0485E+00   -1.0314E+00    1.7245E+00    2.2100E-04
3.4750E+01  5.8480E-03 2.0238E+02    4.4429E-06    1.0601E-07    1.1006E+00   -1.0734E+00    1.8960E+00    2.2100E-04
3.3998E+01  6.5990E-03 2.0357E+02    4.4820E-06    1.2364E-07    1.1551E+00   -1.1235E+00    2.0732E+00    2.2100E-04
3.3249E+01  7.4371E-03 2.0471E+02    4.5219E-06    1.4446E-07    1.2102E+00   -1.1825E+00    2.2571E+00    2.2100E-04
3.2505E+01  8.3711E-03 2.0582E+02    4.5458E-06    1.6983E-07    1.2663E+00   -1.2488E+00    2.4504E+00    2.2100E-04
3.1765E+01  9.4104E-03 2.0693E+02    4.5706E-06    2.0150E-07    1.3235E+00   -1.3205E+00    2.6573E+00    2.2100E-04
3.1028E+01  1.0566E-02 2.0805E+02    4.5800E-06    2.4007E-07    1.3763E+00   -1.3885E+00    2.8819E+00    2.2100E-04
3.0297E+01  1.1848E-02 2.0919E+02    4.5900E-06    2.8891E-07    1.4274E+00   -1.4419E+00    3.1258E+00    2.2100E-04
2.9569E+01  1.3268E-02 2.1032E+02    4.5855E-06    3.5456E-07    1.4831E+00   -1.4916E+00    3.3854E+00    2.2100E-04
2.8846E+01  1.4841E-02 2.1140E+02    4.5710E-06    4.4271E-07    1.5398E+00   -1.5312E+00    3.6497E+00    2.2100E-04
2.8128E+01  1.6578E-02 2.1235E+02    4.5533E-06    5.6293E-07    1.5931E+00   -1.5541E+00    3.8996E+00    2.2100E-04
2.7415E+01  1.8496E-02 2.1312E+02    4.5173E-06    7.2546E-07    1.6309E+00   -1.5524E+00    4.1094E+00    2.2100E-04
2.6708E+01  2.0610E-02 2.1362E+02    4.4733E-06    9.2762E-07    1.6291E+00   -1.5216E+00    4.2538E+00    2.2100E-04
2.6009E+01  2.2937E-02 2.1383E+02    4.4174E-06    1.1475E-06    1.5760E+00   -1.4604E+00    4.3150E+00    2.2100E-04
2.5318E+01  2.5494E-02 2.1374E+02    4.3528E-06    1.3611E-06    1.4874E+00   -1.3722E+00    4.2880E+00    2.2100E-04
2.4636E+01  2.8300E-02 2.1337E+02    4.2716E-06    1.5198E-06    1.3703E+00   -1.2629E+00    4.1810E+00    2.2100E-04
2.3964E+01  3.1376E-02 2.1276E+02    4.1912E-06    1.6349E-06    1.2512E+00   -1.1416E+00    4.0107E+00    2.2100E-04
2.3302E+01  3.4742E-02 2.1197E+02    4.1024E-06    1.6889E-06    1.1260E+00   -1.0146E+00    3.7985E+00    2.2100E-04
2.2652E+01  3.8421E-02 2.1107E+02    4.0089E-06    1.6847E-06    9.9831E-01   -8.8903E-01    3.5669E+00    2.2100E-04
2.2012E+01  4.2436E-02 2.1011E+02    3.9068E-06    1.6430E-06    8.7696E-01   -7.6971E-01    3.3362E+00    2.2100E-04
2.1384E+01  4.6811E-02 2.0918E+02    3.8067E-06    1.5645E-06    7.6319E-01   -6.6132E-01    3.1225E+00    2.2100E-04
2.0766E+01  5.1573E-02 2.0832E+02    3.7084E-06    1.4784E-06    6.6408E-01   -5.6461E-01    2.9372E+00    2.2100E-04
2.0159E+01  5.6747E-02 2.0759E+02    3.6091E-06    1.3788E-06    5.7651E-01   -4.8022E-01    2.7867E+00    2.2100E-04
1.9562E+01  6.2361E-02 2.0701E+02    3.5062E-06    1.2758E-06    5.0120E-01   -4.0668E-01    2.6735E+00    2.2100E-04
1.8974E+01  6.8445E-02 2.0661E+02    3.4066E-06    1.1821E-06    4.3898E-01   -3.4157E-01    2.5967E+00    2.2100E-04
1.8395E+01  7.5027E-02 2.0638E+02    3.3104E-06    1.0900E-06    3.8648E-01   -2.8442E-01    2.5530E+00    2.2100E-04
1.7825E+01  8.2139E-02 2.0630E+02    3.2196E-06    1.0047E-06    3.4295E-01   -2.3373E-01    2.5375E+00    2.2100E-04
1.7263E+01  8.9812E-02 2.0633E+02    3.1400E-06    9.2004E-07    3.0583E-01   -1.8982E-01    2.5439E+00    2.2100E-04
1.6709E+01  9.8078E-02 2.0644E+02    3.0626E-06    8.3307E-07    2.7316E-01   -1.5176E-01    2.5650E+00    2.2100E-04
1.6162E+01  1.0697E-01 2.0659E+02    2.9883E-06    7.4256E-07    2.4256E-01   -9.1833E-02    2.5929E+00    2.2100E-04
1.5623E+01  1.1652E-01 2.0674E+02    2.9265E-06    6.4865E-07    2.1428E-01   -6.3624E-02    2.6214E+00    2.2100E-04
1.5092E+01  1.2676E-01 2.0688E+02    2.8769E-06    5.5332E-07    1.8823E-01   -4.3060E-02    2.6480E+00    2.2100E-04
1.4568E+01  1.3773E-01 2.0701E+02    2.8351E-06    4.6083E-07    1.6458E-01   -2.9180E-02    2.6730E+00    2.2100E-04
1.4052E+01  1.4946E-01 2.0715E+02    2.7980E-06    3.7127E-07    1.4295E-01   -2.2885E-02    2.6999E+00    2.2100E-04
1.3544E+01  1.6199E-01 2.0732E+02    2.7717E-06    2.8773E-07    1.2373E-01   -2.3134E-02    2.7341E+00    2.2100E-04
1.3043E+01  1.7534E-01 2.0756E+02    2.7518E-06    2.1979E-07    1.0836E-01   -2.3433E-02    2.7808E+00    2.2100E-04
1.2550E+01  1.8956E-01 2.0788E+02    2.7712E-06    1.7111E-07    9.7628E-02   -2.3290E-02    2.8467E+00    2.2100E-04
1.2064E+01  2.0467E-01 2.0832E+02    3.4747E-06    1.3547E-07    9.3150E-02   -4.2577E-02    2.9365E+00    2.2100E-04
1.1585E+01  2.2071E-01 2.0883E+02    3.9815E-06    1.0751E-07    8.9645E-02   -2.8226E-02    3.0472E+00    2.2100E-04
1.1113E+01  2.3770E-01 2.0937E+02    4.5675E-06    8.7608E-08    8.7944E-02    2.4712E-02    3.1664E+00    2.2100E-04
1.0647E+01  2.5568E-01 2.1043E+02    5.3211E-06    7.6037E-08    8.9460E-02   -2.5183E-02    3.4124E+00    2.2100E-04
1.0184E+01  2.7467E-01 2.1397E+02    8.6625E-06    6.8590E-08    1.0487E-01   -3.0150E-01    4.3543E+00    2.2100E-04
9.7206E+00  2.9470E-01 2.1836E+02    1.5512E-05    6.2534E-08    1.3535E-01   -6.8315E-01    5.5978E+00    2.2100E-04
9.2566E+00  3.1580E-01 2.2274E+02    2.7079E-05    5.7243E-08    1.7899E-01   -1.0891E+00    6.7175E+00    2.2100E-04
8.7921E+00  3.3798E-01 2.2709E+02    4.6064E-05    5.2198E-08    2.3493E-01   -1.4847E+00    7.9874E+00    2.2100E-04
8.3275E+00  3.6125E-01 2.3138E+02    7.6309E-05    4.7412E-08    2.9966E-01   -1.8240E+00    9.4092E+00    2.2100E-04
7.8634E+00  3.8565E-01 2.3559E+02    1.2300E-04    4.2892E-08    3.6776E-01   -2.0675E+00    1.0980E+01    2.2100E-04
7.4001E+00  4.1118E-01 2.3969E+02    1.9272E-04    3.8568E-08    4.3929E-01   -2.2295E+00    1.2690E+01    2.2100E-04
6.9383E+00  4.3784E-01 2.4366E+02    2.9334E-04    3.4495E-08    5.1658E-01   -2.3225E+00    1.4523E+01    2.2100E-04
6.4785E+00  4.6564E-01 2.4747E+02    4.3356E-04    3.0753E-08    5.9027E-01   -2.3426E+00    1.6460E+01    2.2100E-04
6.0214E+00  4.9459E-01 2.5111E+02    6.2236E-04    2.7272E-08    6.4693E-01   -2.3296E+00    1.8478E+01    2.2100E-04
5.5675E+00  5.2467E-01 2.5456E+02    8.6842E-04    2.4103E-08    6.8577E-01   -2.3057E+00    2.0552E+01    2.2100E-04
5.1174E+00  5.5588E-01 2.5781E+02    1.1796E-03    2.1279E-08    7.1505E-01   -2.2744E+00    2.2660E+01    2.2100E-04
4.6717E+00  5.8820E-01 2.6087E+02    1.5626E-03    1.8682E-08    7.3870E-01   -2.2136E+00    2.4785E+01    2.2100E-04
4.2310E+00  6.2162E-01 2.6375E+02    2.0231E-03    1.6414E-08    7.5448E-01   -2.1442E+00    2.6911E+01    2.2100E-04
3.7957E+00  6.5612E-01 2.6645E+02    2.5653E-03    1.4313E-08    7.6029E-01   -2.0648E+00    2.9027E+01    2.2100E-04
3.3663E+00  6.9165E-01 2.6898E+02    3.1928E-03    1.2624E-08    7.5806E-01   -1.9428E+00    3.1125E+01    2.2100E-04
2.9434E+00  7.2819E-01 2.7137E+02    3.9077E-03    1.1133E-08    7.5127E-01   -1.7818E+00    3.3198E+01    2.2100E-04
2.5271E+00  7.6569E-01 2.7369E+02    4.7490E-03    9.8308E-09    7.4474E-01   -1.6499E+00    3.5307E+01    2.2100E-04
2.1177E+00  8.0411E-01 2.7605E+02    5.6737E-03    8.7388E-09    7.3129E-01   -1.5539E+00    3.7559E+01    2.2100E-04
1.7154E+00  8.4340E-01 2.7830E+02    6.5774E-03    7.8566E-09    7.0708E-01   -1.4833E+00    3.9801E+01    2.2100E-04
1.3206E+00  8.8348E-01 2.8045E+02    7.7234E-03    7.1505E-09    6.9610E-01   -1.5165E+00    4.2034E+01    2.2100E-04
9.3350E-01  9.2431E-01 2.8249E+02    8.8142E-03    6.6184E-09    6.8177E-01   -1.5954E+00    4.4243E+01    2.2100E-04
5.5442E-01  9.6581E-01 2.8445E+02    1.0099E-02    6.2225E-09    6.8471E-01   -1.8249E+00    4.6444E+01    2.2100E-04
1.8361E-01  1.0079E+00 2.8630E+02    1.1434E-02    5.9164E-09    7.0171E-01   -2.0628E+00    4.8608E+01    2.2100E-04
0.0000E+00  1.0293E+00 2.8724E+02    1.2105E-02    5.9700E-09    7.9804E+00   -3.4355E+00    4.9724E+01    2.2100E-04
