     ALT          P          T          FH2O           O3           THEAT        TCOOL        PSATCO2        FCO2
6.3057E+01  3.2610E-05 1.8295E+02    2.2489E-07    2.7653E-08    3.5569E+01   -2.8434E+01    3.6889E-01    2.1738E-04
6.2144E+01  3.8506E-05 1.7227E+02    3.0306E-07    2.1206E-08    4.3729E+00   -1.1362E+01    1.2773E-01    2.1921E-04
6.1281E+01  4.5411E-05 1.6597E+02    3.9795E-07    1.0821E-08    1.4575E+00   -3.8591E+00    6.4051E-02    2.2093E-04
6.0448E+01  5.3487E-05 1.6330E+02    5.1158E-07    4.0071E-09    1.0830E+00   -1.1068E+00    4.6976E-02    2.2200E-04
5.9630E+01  6.2920E-05 1.6287E+02    6.3447E-07    2.7388E-09    9.9816E-01   -3.3782E-01    4.4627E-02    2.2324E-04
5.8817E+01  7.3922E-05 1.6357E+02    7.6331E-07    2.8517E-09    9.4309E-01   -3.3436E-01    4.8516E-02    2.2400E-04
5.8006E+01  8.6740E-05 1.6475E+02    9.0484E-07    2.8552E-09    8.9158E-01   -4.9481E-01    5.5625E-02    2.2500E-04
5.7196E+01  1.0165E-04 1.6602E+02    1.0599E-06    2.8841E-09    8.4253E-01   -6.1953E-01    6.4385E-02    2.2600E-04
5.6387E+01  1.1898E-04 1.6721E+02    1.2213E-06    2.9703E-09    7.9870E-01   -6.6581E-01    7.3683E-02    2.2672E-04
5.5579E+01  1.3908E-04 1.6824E+02    1.3861E-06    3.1299E-09    7.5786E-01   -6.6691E-01    8.2623E-02    2.2700E-04
5.4773E+01  1.6237E-04 1.6907E+02    1.5546E-06    3.3426E-09    7.2273E-01   -6.5250E-01    9.0551E-02    2.2795E-04
5.3970E+01  1.8933E-04 1.6971E+02    1.7245E-06    3.6392E-09    6.9030E-01   -6.3747E-01    9.7129E-02    2.2800E-04
5.3172E+01  2.2049E-04 1.7020E+02    1.8946E-06    3.9991E-09    6.6260E-01   -6.2800E-01    1.0239E-01    2.2800E-04
5.2378E+01  2.5644E-04 1.7058E+02    2.0604E-06    4.4559E-09    6.4045E-01   -6.2322E-01    1.0668E-01    2.2800E-04
5.1590E+01  2.9789E-04 1.7091E+02    2.2208E-06    5.0116E-09    6.2558E-01   -6.2176E-01    1.1056E-01    2.2900E-04
5.0806E+01  3.4560E-04 1.7125E+02    2.3776E-06    5.6833E-09    6.1481E-01   -6.2296E-01    1.1472E-01    2.2900E-04
5.0028E+01  4.0044E-04 1.7167E+02    2.5287E-06    6.5015E-09    6.1011E-01   -6.2666E-01    1.1988E-01    2.2900E-04
4.9255E+01  4.6340E-04 1.7220E+02    2.6781E-06    7.4769E-09    6.1159E-01   -6.3359E-01    1.2679E-01    2.2900E-04
4.8486E+01  5.3559E-04 1.7288E+02    2.8164E-06    8.6612E-09    6.1881E-01   -6.4296E-01    1.3622E-01    2.2900E-04
4.7720E+01  6.1824E-04 1.7374E+02    2.9765E-06    1.0053E-08    6.3162E-01   -6.5984E-01    1.4906E-01    2.2900E-04
4.6957E+01  7.1274E-04 1.7480E+02    3.1858E-06    1.1723E-08    6.4972E-01   -6.8568E-01    1.6631E-01    2.2900E-04
4.6196E+01  8.2066E-04 1.7607E+02    3.4038E-06    1.3743E-08    6.7135E-01   -7.1183E-01    1.8917E-01    2.2900E-04
4.5436E+01  9.4373E-04 1.7753E+02    3.6162E-06    1.6134E-08    6.9480E-01   -7.3370E-01    2.1896E-01    2.2900E-04
4.4676E+01  1.0839E-03 1.7916E+02    3.8166E-06    1.8969E-08    7.2164E-01   -7.5077E-01    2.5700E-01    2.2900E-04
4.3917E+01  1.2433E-03 1.8091E+02    3.9988E-06    2.1999E-08    7.4772E-01   -7.6380E-01    3.0447E-01    2.2900E-04
4.3157E+01  1.4243E-03 1.8275E+02    4.1797E-06    2.5067E-08    7.6887E-01   -7.7372E-01    3.6235E-01    2.2900E-04
4.2396E+01  1.6297E-03 1.8463E+02    4.3469E-06    2.8189E-08    7.8484E-01   -7.8188E-01    4.3128E-01    2.2900E-04
4.1635E+01  1.8623E-03 1.8652E+02    4.5145E-06    3.1402E-08    7.9746E-01   -7.9203E-01    5.1161E-01    2.2900E-04
4.0874E+01  2.1254E-03 1.8838E+02    4.6745E-06    3.4977E-08    8.1042E-01   -8.0631E-01    6.0342E-01    2.2900E-04
4.0113E+01  2.4227E-03 1.9019E+02    4.8241E-06    3.9187E-08    8.2742E-01   -8.2648E-01    7.0660E-01    2.2900E-04
3.9352E+01  2.7580E-03 1.9194E+02    4.9611E-06    4.3991E-08    8.4985E-01   -8.5292E-01    8.2088E-01    2.2900E-04
3.8593E+01  3.1358E-03 1.9363E+02    5.0979E-06    4.9772E-08    8.7926E-01   -8.8471E-01    9.4577E-01    2.2900E-04
3.7834E+01  3.5609E-03 1.9525E+02    5.2263E-06    5.6488E-08    9.1377E-01   -9.1915E-01    1.0805E+00    2.2900E-04
3.7077E+01  4.0385E-03 1.9678E+02    5.3474E-06    6.4437E-08    9.5217E-01   -9.5453E-01    1.2237E+00    2.2900E-04
3.6322E+01  4.5744E-03 1.9823E+02    5.4597E-06    7.3815E-08    9.9307E-01   -9.9076E-01    1.3739E+00    2.2900E-04
3.5569E+01  5.1749E-03 1.9959E+02    5.5651E-06    8.4958E-08    1.0362E+00   -1.0295E+00    1.5292E+00    2.2900E-04
3.4820E+01  5.8468E-03 2.0087E+02    5.6701E-06    9.8232E-08    1.0822E+00   -1.0723E+00    1.6885E+00    2.2900E-04
3.4074E+01  6.5976E-03 2.0207E+02    5.7610E-06    1.1408E-07    1.1304E+00   -1.1215E+00    1.8514E+00    2.2900E-04
3.3331E+01  7.4355E-03 2.0322E+02    5.8418E-06    1.3279E-07    1.1793E+00   -1.1781E+00    2.0194E+00    2.2900E-04
3.2592E+01  8.3692E-03 2.0434E+02    5.9157E-06    1.5616E-07    1.2312E+00   -1.2412E+00    2.1958E+00    2.2900E-04
3.1858E+01  9.4083E-03 2.0545E+02    5.9814E-06    1.8426E-07    1.2812E+00   -1.3081E+00    2.3854E+00    2.2900E-04
3.1127E+01  1.0563E-02 2.0659E+02    6.0398E-06    2.1856E-07    1.3279E+00   -1.3689E+00    2.5933E+00    2.2900E-04
3.0401E+01  1.1845E-02 2.0776E+02    6.0910E-06    2.6195E-07    1.3734E+00   -1.4167E+00    2.8226E+00    2.2900E-04
2.9678E+01  1.3265E-02 2.0895E+02    6.1329E-06    3.1850E-07    1.4207E+00   -1.4623E+00    3.0720E+00    2.2900E-04
2.8960E+01  1.4837E-02 2.1011E+02    6.1558E-06    3.9318E-07    1.4688E+00   -1.5006E+00    3.3348E+00    2.2900E-04
2.8246E+01  1.6574E-02 2.1119E+02    6.1701E-06    4.9273E-07    1.5145E+00   -1.5263E+00    3.5965E+00    2.2900E-04
2.7537E+01  1.8492E-02 2.1212E+02    6.1800E-06    6.2802E-07    1.5527E+00   -1.5334E+00    3.8360E+00    2.2900E-04
2.6834E+01  2.0605E-02 2.1283E+02    6.1717E-06    7.9916E-07    1.5614E+00   -1.5160E+00    4.0292E+00    2.2900E-04
2.6137E+01  2.2931E-02 2.1328E+02    6.1454E-06    9.9178E-07    1.5236E+00   -1.4721E+00    4.1559E+00    2.2900E-04
2.5448E+01  2.5487E-02 2.1346E+02    6.1118E-06    1.1771E-06    1.4433E+00   -1.4036E+00    4.2064E+00    2.2900E-04
2.4766E+01  2.8293E-02 2.1337E+02    6.0709E-06    1.3462E-06    1.3471E+00   -1.3156E+00    4.1816E+00    2.2900E-04
2.4094E+01  3.1367E-02 2.1306E+02    6.0174E-06    1.4486E-06    1.2283E+00   -1.2137E+00    4.0928E+00    2.2900E-04
2.3431E+01  3.4733E-02 2.1257E+02    5.9580E-06    1.5091E-06    1.1107E+00   -1.1049E+00    3.9570E+00    2.2900E-04
2.2779E+01  3.8410E-02 2.1195E+02    5.8833E-06    1.5294E-06    9.9486E-01   -9.9406E-01    3.7934E+00    2.2900E-04
2.2136E+01  4.2424E-02 2.1128E+02    5.8061E-06    1.5007E-06    8.7810E-01   -8.8714E-01    3.6209E+00    2.2900E-04
2.1504E+01  4.6798E-02 2.1061E+02    5.7253E-06    1.4451E-06    7.6908E-01   -7.8765E-01    3.4558E+00    2.2900E-04
2.0882E+01  5.1557E-02 2.1001E+02    5.6382E-06    1.3680E-06    6.6994E-01   -6.9760E-01    3.3112E+00    2.2900E-04
2.0270E+01  5.6730E-02 2.0950E+02    5.5526E-06    1.2922E-06    5.8546E-01   -6.1632E-01    3.1955E+00    2.2900E-04
1.9667E+01  6.2342E-02 2.0913E+02    5.4665E-06    1.2079E-06    5.1164E-01   -5.4397E-01    3.1133E+00    2.2900E-04
1.9074E+01  6.8424E-02 2.0892E+02    5.3750E-06    1.1246E-06    4.4900E-01   -4.7903E-01    3.0657E+00    2.2900E-04
1.8489E+01  7.5004E-02 2.0885E+02    5.2878E-06    1.0426E-06    3.9624E-01   -4.2127E-01    3.0510E+00    2.2900E-04
1.7912E+01  8.2114E-02 2.0892E+02    5.2023E-06    9.6323E-07    3.5213E-01   -3.7006E-01    3.0652E+00    2.2900E-04
1.7342E+01  8.9784E-02 2.0908E+02    5.1226E-06    8.8762E-07    3.1528E-01   -3.2470E-01    3.1023E+00    2.2900E-04
1.6781E+01  9.8046E-02 2.0932E+02    5.0440E-06    8.0992E-07    2.8317E-01   -2.8476E-01    3.1551E+00    2.2900E-04
1.6227E+01  1.0693E-01 2.0959E+02    4.9770E-06    7.2783E-07    2.5305E-01   -2.2601E-01    3.2148E+00    2.2900E-04
1.5680E+01  1.1648E-01 2.0985E+02    4.9128E-06    6.4040E-07    2.2487E-01   -1.9376E-01    3.2740E+00    2.2900E-04
1.5141E+01  1.2672E-01 2.1008E+02    4.8589E-06    5.5022E-07    1.9883E-01   -1.6835E-01    3.3284E+00    2.2900E-04
1.4609E+01  1.3769E-01 2.1029E+02    4.8086E-06    4.6078E-07    1.7491E-01   -1.4933E-01    3.3776E+00    2.2900E-04
1.4085E+01  1.4941E-01 2.1048E+02    4.7700E-06    3.7366E-07    1.5308E-01   -1.3725E-01    3.4245E+00    2.2900E-04
1.3569E+01  1.6194E-01 2.1069E+02    4.7427E-06    2.9132E-07    1.3355E-01   -1.3186E-01    3.4752E+00    2.2900E-04
1.3061E+01  1.7529E-01 2.1095E+02    4.7224E-06    2.2290E-07    1.1766E-01   -1.2807E-01    3.5367E+00    2.2900E-04
1.2559E+01  1.8950E-01 2.1126E+02    4.7138E-06    1.7352E-07    1.0607E-01   -1.2103E-01    3.6153E+00    2.2900E-04
1.2066E+01  2.0460E-01 2.1165E+02    4.8292E-06    1.3722E-07    9.8149E-02   -1.1428E-01    3.7149E+00    2.2900E-04
1.1579E+01  2.2063E-01 2.1212E+02    5.3468E-06    1.0896E-07    9.4086E-02   -1.1439E-01    3.8362E+00    2.2900E-04
1.1100E+01  2.3762E-01 2.1264E+02    6.5479E-06    8.9187E-08    9.4608E-02   -1.1023E-01    3.9761E+00    2.2900E-04
1.0627E+01  2.5559E-01 2.1317E+02    7.7474E-06    7.7634E-08    9.6434E-02   -3.2640E-02    4.1246E+00    2.2900E-04
1.0162E+01  2.7457E-01 2.1390E+02    8.5878E-06    7.0175E-08    9.8910E-02   -8.3190E-02    4.3343E+00    2.2900E-04
9.6993E+00  2.9460E-01 2.1786E+02    1.4547E-05    6.4167E-08    1.2227E-01   -4.4270E-01    5.4792E+00    2.2900E-04
9.2366E+00  3.1568E-01 2.2223E+02    2.5419E-05    5.8740E-08    1.6222E-01   -8.6734E-01    6.5780E+00    2.2900E-04
8.7733E+00  3.3785E-01 2.2657E+02    4.3299E-05    5.3734E-08    2.1618E-01   -1.2987E+00    7.8257E+00    2.2900E-04
8.3100E+00  3.6112E-01 2.3085E+02    7.1854E-05    4.8802E-08    2.8048E-01   -1.6824E+00    9.2249E+00    2.2900E-04
7.8471E+00  3.8551E-01 2.3506E+02    1.1606E-04    4.4124E-08    3.4960E-01   -1.9684E+00    1.0773E+01    2.2900E-04
7.3851E+00  4.1102E-01 2.3917E+02    1.8229E-04    3.9713E-08    4.2244E-01   -2.1617E+00    1.2461E+01    2.2900E-04
6.9245E+00  4.3767E-01 2.4315E+02    2.7820E-04    3.5572E-08    5.0080E-01   -2.2778E+00    1.4274E+01    2.2900E-04
6.4659E+00  4.6546E-01 2.4697E+02    4.1236E-04    3.1703E-08    5.7655E-01   -2.3126E+00    1.6194E+01    2.2900E-04
6.0099E+00  4.9440E-01 2.5062E+02    5.9375E-04    2.8108E-08    6.3621E-01   -2.3084E+00    1.8197E+01    2.2900E-04
5.5571E+00  5.2447E-01 2.5409E+02    8.3107E-04    2.4830E-08    6.7745E-01   -2.2864E+00    2.0260E+01    2.2900E-04
5.1080E+00  5.5566E-01 2.5736E+02    1.1323E-03    2.1871E-08    7.0812E-01   -2.2599E+00    2.2361E+01    2.2900E-04
4.6633E+00  5.8797E-01 2.6044E+02    1.5043E-03    1.9201E-08    7.3291E-01   -2.2036E+00    2.4481E+01    2.2900E-04
4.2234E+00  6.2138E-01 2.6334E+02    1.9529E-03    1.6862E-08    7.5009E-01   -2.1357E+00    2.6604E+01    2.2900E-04
3.7890E+00  6.5586E-01 2.6606E+02    2.4825E-03    1.4774E-08    7.5736E-01   -2.0604E+00    2.8719E+01    2.2900E-04
3.3605E+00  6.9138E-01 2.6862E+02    3.0966E-03    1.2936E-08    7.5619E-01   -1.9477E+00    3.0816E+01    2.2900E-04
2.9382E+00  7.2790E-01 2.7102E+02    3.7977E-03    1.1345E-08    7.4993E-01   -1.7850E+00    3.2890E+01    2.2900E-04
2.5227E+00  7.6539E-01 2.7331E+02    4.6036E-03    1.0009E-08    7.4207E-01   -1.6432E+00    3.4955E+01    2.2900E-04
2.1141E+00  8.0379E-01 2.7569E+02    5.5349E-03    8.9029E-09    7.3212E-01   -1.5549E+00    3.7206E+01    2.2900E-04
1.7126E+00  8.4306E-01 2.7794E+02    6.4203E-03    7.9870E-09    7.0806E-01   -1.4766E+00    3.9439E+01    2.2900E-04
1.3184E+00  8.8313E-01 2.8011E+02    7.5454E-03    7.2593E-09    6.9709E-01   -1.5036E+00    4.1673E+01    2.2900E-04
9.3197E-01  9.2394E-01 2.8216E+02    8.6421E-03    6.7062E-09    6.8359E-01   -1.5800E+00    4.3879E+01    2.2900E-04
5.5352E-01  9.6541E-01 2.8413E+02    9.8738E-03    6.2975E-09    6.8404E-01   -1.7971E+00    4.6077E+01    2.2900E-04
1.8332E-01  1.0075E+00 2.8599E+02    1.1216E-02    5.9848E-09    7.0205E-01   -2.0394E+00    4.8240E+01    2.2900E-04
0.0000E+00  1.0289E+00 2.8693E+02    1.1890E-02    6.0400E-09    7.9943E+00   -3.4562E+00    4.9354E+01    2.2900E-04
