     ALT          P          T          FH2O           O3           THEAT        TCOOL        PSATCO2        FCO2
6.3672E+01  3.2610E-05 1.8393E+02    2.1289E-07    2.8400E-08    3.5345E+01   -2.8369E+01    4.0424E-01    2.1197E-04
6.2752E+01  3.8506E-05 1.7380E+02    2.8640E-07    2.1743E-08    4.4770E+00   -1.1530E+01    1.4991E-01    2.1381E-04
6.1880E+01  4.5412E-05 1.6805E+02    3.7641E-07    1.1278E-08    1.4635E+00   -4.0583E+00    8.0918E-02    2.1500E-04
6.1035E+01  5.3488E-05 1.6593E+02    4.8527E-07    4.2373E-09    1.0691E+00   -1.2273E+00    6.3729E-02    2.1626E-04
6.0201E+01  6.2921E-05 1.6605E+02    6.0751E-07    2.5355E-09    9.8373E-01   -4.4164E-01    6.4622E-02    2.1793E-04
5.9371E+01  7.3924E-05 1.6732E+02    7.3736E-07    2.5660E-09    9.3056E-01   -4.6020E-01    7.4550E-02    2.1860E-04
5.8540E+01  8.6743E-05 1.6904E+02    8.8205E-07    2.5219E-09    8.8056E-01   -6.4961E-01    9.0292E-02    2.1927E-04
5.7707E+01  1.0166E-04 1.7086E+02    1.0442E-06    2.4906E-09    8.3335E-01   -7.9250E-01    1.0997E-01    2.2000E-04
5.6872E+01  1.1898E-04 1.7257E+02    1.2114E-06    2.5187E-09    7.9301E-01   -8.5621E-01    1.3185E-01    2.2100E-04
5.6037E+01  1.3909E-04 1.7406E+02    1.3928E-06    2.6043E-09    7.5490E-01   -8.6901E-01    1.5403E-01    2.2131E-04
5.5202E+01  1.6238E-04 1.7528E+02    1.5787E-06    2.7490E-09    7.2165E-01   -8.6188E-01    1.7459E-01    2.2200E-04
5.4369E+01  1.8934E-04 1.7621E+02    1.7627E-06    2.9593E-09    6.9119E-01   -8.5038E-01    1.9197E-01    2.2200E-04
5.3539E+01  2.2050E-04 1.7688E+02    1.9568E-06    3.2368E-09    6.6618E-01   -8.4565E-01    2.0529E-01    2.2234E-04
5.2714E+01  2.5646E-04 1.7732E+02    2.1405E-06    3.5913E-09    6.4621E-01   -8.4258E-01    2.1458E-01    2.2300E-04
5.1894E+01  2.9791E-04 1.7761E+02    2.3218E-06    4.0548E-09    6.2992E-01   -8.4155E-01    2.2067E-01    2.2300E-04
5.1080E+01  3.4562E-04 1.7780E+02    2.4994E-06    4.6159E-09    6.1881E-01   -8.4140E-01    2.2493E-01    2.2300E-04
5.0272E+01  4.0047E-04 1.7798E+02    2.6717E-06    5.3154E-09    6.1328E-01   -8.4093E-01    2.2898E-01    2.2300E-04
4.9471E+01  4.6344E-04 1.7822E+02    2.8336E-06    6.1720E-09    6.1320E-01   -8.3954E-01    2.3443E-01    2.2300E-04
4.8675E+01  5.3563E-04 1.7858E+02    2.9927E-06    7.2253E-09    6.1848E-01   -8.3900E-01    2.4281E-01    2.2300E-04
4.7885E+01  6.1829E-04 1.7910E+02    3.1358E-06    8.5268E-09    6.2842E-01   -8.3772E-01    2.5551E-01    2.2300E-04
4.7099E+01  7.1281E-04 1.7981E+02    3.2750E-06    1.0163E-08    6.4271E-01   -8.3759E-01    2.7383E-01    2.2300E-04
4.6316E+01  8.2074E-04 1.8072E+02    3.4098E-06    1.2148E-08    6.6034E-01   -8.3785E-01    2.9903E-01    2.2300E-04
4.5537E+01  9.4382E-04 1.8183E+02    3.5362E-06    1.4649E-08    6.8069E-01   -8.3682E-01    3.3230E-01    2.2300E-04
4.4759E+01  1.0840E-03 1.8311E+02    3.6511E-06    1.7531E-08    7.0473E-01   -8.3530E-01    3.7470E-01    2.2300E-04
4.3984E+01  1.2434E-03 1.8453E+02    3.7600E-06    2.0678E-08    7.2910E-01   -8.3412E-01    4.2708E-01    2.2300E-04
4.3209E+01  1.4245E-03 1.8604E+02    3.8676E-06    2.3959E-08    7.4957E-01   -8.3205E-01    4.9004E-01    2.2300E-04
4.2435E+01  1.6299E-03 1.8761E+02    3.9674E-06    2.7341E-08    7.6581E-01   -8.2994E-01    5.6391E-01    2.2300E-04
4.1662E+01  1.8625E-03 1.8921E+02    4.0636E-06    3.0954E-08    7.7973E-01   -8.3044E-01    6.4884E-01    2.2300E-04
4.0891E+01  2.1257E-03 1.9080E+02    4.1487E-06    3.4897E-08    7.9414E-01   -8.3598E-01    7.4486E-01    2.2300E-04
4.0120E+01  2.4230E-03 1.9238E+02    4.2359E-06    3.9522E-08    8.1319E-01   -8.4948E-01    8.5200E-01    2.2300E-04
3.9351E+01  2.7584E-03 1.9394E+02    4.3129E-06    4.4875E-08    8.3835E-01   -8.7086E-01    9.7033E-01    2.2300E-04
3.8583E+01  3.1362E-03 1.9546E+02    4.3897E-06    5.1097E-08    8.7016E-01   -8.9909E-01    1.0998E+00    2.2300E-04
3.7817E+01  3.5614E-03 1.9695E+02    4.4571E-06    5.8429E-08    9.0786E-01   -9.3116E-01    1.2403E+00    2.2300E-04
3.7054E+01  4.0391E-03 1.9839E+02    4.5182E-06    6.7063E-08    9.4989E-01   -9.6515E-01    1.3911E+00    2.2300E-04
3.6292E+01  4.5750E-03 1.9977E+02    4.5792E-06    7.7159E-08    9.9464E-01   -1.0009E+00    1.5509E+00    2.2300E-04
3.5534E+01  5.1756E-03 2.0110E+02    4.6349E-06    8.9175E-08    1.0426E+00   -1.0384E+00    1.7182E+00    2.2300E-04
3.4779E+01  5.8477E-03 2.0235E+02    4.6903E-06    1.0309E-07    1.0917E+00   -1.0817E+00    1.8915E+00    2.2300E-04
3.4027E+01  6.5986E-03 2.0355E+02    4.7302E-06    1.2049E-07    1.1458E+00   -1.1325E+00    2.0700E+00    2.2300E-04
3.3278E+01  7.4366E-03 2.0469E+02    4.7702E-06    1.4114E-07    1.2010E+00   -1.1916E+00    2.2546E+00    2.2300E-04
3.2534E+01  8.3705E-03 2.0581E+02    4.7999E-06    1.6572E-07    1.2551E+00   -1.2576E+00    2.4483E+00    2.2300E-04
3.1794E+01  9.4098E-03 2.0692E+02    4.8198E-06    1.9552E-07    1.3077E+00   -1.3281E+00    2.6553E+00    2.2300E-04
3.1058E+01  1.0565E-02 2.0805E+02    4.8345E-06    2.3361E-07    1.3614E+00   -1.3949E+00    2.8803E+00    2.2300E-04
3.0326E+01  1.1847E-02 2.0919E+02    4.8491E-06    2.8090E-07    1.4115E+00   -1.4469E+00    3.1250E+00    2.2300E-04
2.9599E+01  1.3267E-02 2.1032E+02    4.8463E-06    3.4395E-07    1.4649E+00   -1.4952E+00    3.3864E+00    2.2300E-04
2.8876E+01  1.4840E-02 2.1142E+02    4.8319E-06    4.2759E-07    1.5182E+00   -1.5340E+00    3.6544E+00    2.2300E-04
2.8157E+01  1.6577E-02 2.1240E+02    4.8150E-06    5.4204E-07    1.5701E+00   -1.5572E+00    3.9108E+00    2.2300E-04
2.7444E+01  1.8495E-02 2.1319E+02    4.7865E-06    6.9520E-07    1.6066E+00   -1.5576E+00    4.1309E+00    2.2300E-04
2.6738E+01  2.0609E-02 2.1375E+02    4.7464E-06    8.8879E-07    1.6090E+00   -1.5302E+00    4.2891E+00    2.2300E-04
2.6038E+01  2.2935E-02 2.1401E+02    4.6855E-06    1.1007E-06    1.5605E+00   -1.4730E+00    4.3665E+00    2.2300E-04
2.5346E+01  2.5492E-02 2.1397E+02    4.6252E-06    1.3095E-06    1.4762E+00   -1.3898E+00    4.3564E+00    2.2300E-04
2.4663E+01  2.8298E-02 2.1366E+02    4.5459E-06    1.4706E-06    1.3635E+00   -1.2853E+00    4.2651E+00    2.2300E-04
2.3990E+01  3.1374E-02 2.1311E+02    4.4652E-06    1.5801E-06    1.2433E+00   -1.1681E+00    4.1086E+00    2.2300E-04
2.3328E+01  3.4739E-02 2.1238E+02    4.3769E-06    1.6370E-06    1.1209E+00   -1.0448E+00    3.9075E+00    2.2300E-04
2.2676E+01  3.8418E-02 2.1153E+02    4.2837E-06    1.6459E-06    9.9856E-01   -9.2144E-01    3.6838E+00    2.2300E-04
2.2035E+01  4.2432E-02 2.1062E+02    4.1813E-06    1.6058E-06    8.7746E-01   -8.0346E-01    3.4578E+00    2.2300E-04
2.1405E+01  4.6807E-02 2.0972E+02    4.0808E-06    1.5355E-06    7.6512E-01   -6.9514E-01    3.2461E+00    2.2300E-04
2.0786E+01  5.1568E-02 2.0890E+02    3.9724E-06    1.4519E-06    6.6558E-01   -5.9766E-01    3.0610E+00    2.2300E-04
2.0177E+01  5.6742E-02 2.0819E+02    3.8730E-06    1.3547E-06    5.7762E-01   -5.1248E-01    2.9095E+00    2.2300E-04
1.9578E+01  6.2356E-02 2.0763E+02    3.7693E-06    1.2589E-06    5.0315E-01   -4.3725E-01    2.7950E+00    2.2300E-04
1.8989E+01  6.8439E-02 2.0724E+02    3.6697E-06    1.1706E-06    4.4141E-01   -3.7030E-01    2.7170E+00    2.2300E-04
1.8408E+01  7.5021E-02 2.0701E+02    3.5727E-06    1.0823E-06    3.8909E-01   -3.1134E-01    2.6724E+00    2.2300E-04
1.7837E+01  8.2132E-02 2.0692E+02    3.4816E-06    9.9908E-07    3.4547E-01   -2.5913E-01    2.6562E+00    2.2300E-04
1.7273E+01  8.9804E-02 2.0696E+02    3.3918E-06    9.1658E-07    3.0827E-01   -2.1336E-01    2.6623E+00    2.2300E-04
1.6717E+01  9.8069E-02 2.0706E+02    3.3139E-06    8.3178E-07    2.7563E-01   -1.7397E-01    2.6834E+00    2.2300E-04
1.6169E+01  1.0696E-01 2.0721E+02    3.2392E-06    7.4301E-07    2.4505E-01   -1.1361E-01    2.7114E+00    2.2300E-04
1.5628E+01  1.1651E-01 2.0735E+02    3.1771E-06    6.4990E-07    2.1662E-01   -8.4225E-02    2.7398E+00    2.2300E-04
1.5095E+01  1.2675E-01 2.0748E+02    3.1239E-06    5.5495E-07    1.9039E-01   -6.2181E-02    2.7657E+00    2.2300E-04
1.4570E+01  1.3772E-01 2.0760E+02    3.0753E-06    4.6255E-07    1.6653E-01   -4.6760E-02    2.7896E+00    2.2300E-04
1.4053E+01  1.4945E-01 2.0773E+02    3.0380E-06    3.7330E-07    1.4480E-01   -3.8839E-02    2.8147E+00    2.2300E-04
1.3544E+01  1.6198E-01 2.0788E+02    3.0117E-06    2.8952E-07    1.2544E-01   -3.7803E-02    2.8467E+00    2.2300E-04
1.3042E+01  1.7533E-01 2.0811E+02    2.9917E-06    2.2146E-07    1.0995E-01   -3.8409E-02    2.8939E+00    2.2300E-04
1.2547E+01  1.8954E-01 2.0842E+02    3.0040E-06    1.7229E-07    9.8992E-02   -3.6850E-02    2.9576E+00    2.2300E-04
1.2060E+01  2.0465E-01 2.0882E+02    3.6562E-06    1.3610E-07    9.4039E-02   -5.2983E-02    3.0446E+00    2.2300E-04
1.1579E+01  2.2069E-01 2.0933E+02    4.2421E-06    1.0816E-07    9.0796E-02   -4.9685E-02    3.1577E+00    2.2300E-04
1.1106E+01  2.3768E-01 2.0988E+02    4.9048E-06    8.8346E-08    8.9364E-02    8.6811E-03    3.2816E+00    2.2300E-04
1.0639E+01  2.5565E-01 2.1060E+02    5.4429E-06    7.6763E-08    8.9542E-02   -4.5370E-03    3.4515E+00    2.2300E-04
1.0177E+01  2.7465E-01 2.1380E+02    8.4663E-06    6.9272E-08    1.0300E-01   -2.5659E-01    4.3038E+00    2.2300E-04
9.7139E+00  2.9467E-01 2.1819E+02    1.5169E-05    6.3230E-08    1.3248E-01   -6.3898E-01    5.5563E+00    2.2300E-04
9.2503E+00  3.1577E-01 2.2257E+02    2.6495E-05    5.7861E-08    1.7536E-01   -1.0477E+00    6.6692E+00    2.2300E-04
8.7862E+00  3.3794E-01 2.2691E+02    4.5098E-05    5.2824E-08    2.3080E-01   -1.4493E+00    7.9317E+00    2.2300E-04
8.3220E+00  3.6122E-01 2.3120E+02    7.4758E-05    4.7962E-08    2.9532E-01   -1.7962E+00    9.3460E+00    2.2300E-04
7.8583E+00  3.8561E-01 2.3541E+02    1.2059E-04    4.3356E-08    3.6345E-01   -2.0473E+00    1.0909E+01    2.2300E-04
7.3954E+00  4.1113E-01 2.3951E+02    1.8912E-04    3.9018E-08    4.3498E-01   -2.2145E+00    1.2612E+01    2.2300E-04
6.9340E+00  4.3779E-01 2.4349E+02    2.8814E-04    3.4887E-08    5.1226E-01   -2.3123E+00    1.4439E+01    2.2300E-04
6.4746E+00  4.6559E-01 2.4730E+02    4.2631E-04    3.1059E-08    5.8642E-01   -2.3355E+00    1.6370E+01    2.2300E-04
6.0179E+00  4.9453E-01 2.5095E+02    6.1261E-04    2.7591E-08    6.4391E-01   -2.3245E+00    1.8383E+01    2.2300E-04
5.5643E+00  5.2461E-01 2.5440E+02    8.5572E-04    2.4398E-08    6.8339E-01   -2.3006E+00    2.0454E+01    2.2300E-04
5.1145E+00  5.5582E-01 2.5766E+02    1.1635E-03    2.1458E-08    7.1299E-01   -2.2706E+00    2.2560E+01    2.2300E-04
4.6691E+00  5.8814E-01 2.6073E+02    1.5428E-03    1.8847E-08    7.3694E-01   -2.2110E+00    2.4683E+01    2.2300E-04
4.2287E+00  6.2156E-01 2.6361E+02    1.9992E-03    1.6504E-08    7.5313E-01   -2.1418E+00    2.6808E+01    2.2300E-04
3.7937E+00  6.5604E-01 2.6632E+02    2.5371E-03    1.4494E-08    7.5938E-01   -2.0635E+00    2.8923E+01    2.2300E-04
3.3646E+00  6.9157E-01 2.6886E+02    3.1599E-03    1.2737E-08    7.5744E-01   -1.9434E+00    3.1020E+01    2.2300E-04
2.9419E+00  7.2811E-01 2.7125E+02    3.8699E-03    1.1227E-08    7.5087E-01   -1.7838E+00    3.3093E+01    2.2300E-04
2.5258E+00  7.6560E-01 2.7358E+02    4.7054E-03    9.9215E-09    7.4461E-01   -1.6524E+00    3.5202E+01    2.2300E-04
2.1166E+00  8.0402E-01 2.7594E+02    5.6316E-03    8.8200E-09    7.3197E-01   -1.5558E+00    3.7451E+01    2.2300E-04
1.7146E+00  8.4330E-01 2.7819E+02    6.5200E-03    7.9239E-09    7.0698E-01   -1.4802E+00    3.9689E+01    2.2300E-04
1.3200E+00  8.8338E-01 2.8034E+02    7.6680E-03    7.2104E-09    6.9667E-01   -1.5135E+00    4.1922E+01    2.2300E-04
9.3305E-01  9.2421E-01 2.8238E+02    8.7602E-03    6.6712E-09    6.8256E-01   -1.5913E+00    4.4128E+01    2.2300E-04
5.5415E-01  9.6570E-01 2.8435E+02    1.0028E-02    6.2682E-09    6.8466E-01   -1.8167E+00    4.6329E+01    2.2300E-04
1.8352E-01  1.0078E+00 2.8621E+02    1.1365E-02    5.9551E-09    7.0193E-01   -2.0559E+00    4.8492E+01    2.2300E-04
0.0000E+00  1.0292E+00 2.8714E+02    1.2037E-02    6.0100E-09    7.9845E+00   -3.4425E+00    4.9607E+01    2.2300E-04
