     ALT          P          T          FH2O           O3           THEAT        TCOOL        PSATCO2        FCO2
6.3056E+01  3.2610E-05 1.8289E+02    2.2091E-07    2.7951E-08    3.5570E+01   -2.8488E+01    3.6684E-01    2.1739E-04
6.2143E+01  3.8506E-05 1.7226E+02    2.9794E-07    2.1499E-08    4.3749E+00   -1.1697E+01    1.2771E-01    2.1921E-04
6.1281E+01  4.5411E-05 1.6604E+02    3.9118E-07    1.1014E-08    1.4588E+00   -3.8851E+00    6.4512E-02    2.2094E-04
6.0447E+01  5.3487E-05 1.6341E+02    5.0328E-07    4.0959E-09    1.0857E+00   -1.1472E+00    4.7588E-02    2.2260E-04
5.9628E+01  6.2920E-05 1.6301E+02    6.2465E-07    2.7568E-09    9.9830E-01   -3.4182E-01    4.5372E-02    2.2324E-04
5.8815E+01  7.3923E-05 1.6373E+02    7.5206E-07    2.8621E-09    9.4309E-01   -3.3653E-01    4.9429E-02    2.2400E-04
5.8003E+01  8.6740E-05 1.6492E+02    8.9219E-07    2.8651E-09    8.9288E-01   -5.0032E-01    5.6750E-02    2.2549E-04
5.7192E+01  1.0165E-04 1.6620E+02    1.0410E-06    2.8845E-09    8.4223E-01   -6.2175E-01    6.5751E-02    2.2600E-04
5.6382E+01  1.1898E-04 1.6740E+02    1.2026E-06    2.9713E-09    7.9833E-01   -6.6956E-01    7.5287E-02    2.2673E-04
5.5573E+01  1.3908E-04 1.6843E+02    1.3678E-06    3.1318E-09    7.5754E-01   -6.7103E-01    8.4426E-02    2.2700E-04
5.4766E+01  1.6238E-04 1.6926E+02    1.5364E-06    3.3451E-09    7.2248E-01   -6.5623E-01    9.2476E-02    2.2797E-04
5.3963E+01  1.8933E-04 1.6989E+02    1.7065E-06    3.6331E-09    6.9004E-01   -6.4110E-01    9.9078E-02    2.2800E-04
5.3163E+01  2.2049E-04 1.7036E+02    1.8767E-06    4.0048E-09    6.6292E-01   -6.3162E-01    1.0425E-01    2.2817E-04
5.2369E+01  2.5645E-04 1.7072E+02    2.0429E-06    4.4633E-09    6.4216E-01   -6.2669E-01    1.0835E-01    2.2900E-04
5.1580E+01  2.9789E-04 1.7103E+02    2.2032E-06    5.0213E-09    6.2532E-01   -6.2462E-01    1.1196E-01    2.2900E-04
5.0796E+01  3.4560E-04 1.7134E+02    2.3602E-06    5.6953E-09    6.1434E-01   -6.2533E-01    1.1579E-01    2.2900E-04
5.0018E+01  4.0044E-04 1.7172E+02    2.5056E-06    6.5109E-09    6.0948E-01   -6.2730E-01    1.2058E-01    2.2900E-04
4.9244E+01  4.6341E-04 1.7222E+02    2.6507E-06    7.4957E-09    6.1088E-01   -6.3276E-01    1.2707E-01    2.2900E-04
4.8475E+01  5.3559E-04 1.7286E+02    2.7888E-06    8.6941E-09    6.1810E-01   -6.4119E-01    1.3604E-01    2.2900E-04
4.7709E+01  6.1825E-04 1.7369E+02    2.9399E-06    1.0081E-08    6.3070E-01   -6.5601E-01    1.4835E-01    2.2900E-04
4.6946E+01  7.1275E-04 1.7472E+02    3.1496E-06    1.1809E-08    6.4905E-01   -6.8125E-01    1.6500E-01    2.2900E-04
4.6186E+01  8.2067E-04 1.7596E+02    3.3672E-06    1.3790E-08    6.7055E-01   -7.0685E-01    1.8717E-01    2.2900E-04
4.5426E+01  9.4374E-04 1.7740E+02    3.5796E-06    1.6274E-08    6.9448E-01   -7.2838E-01    2.1616E-01    2.2900E-04
4.4667E+01  1.0839E-03 1.7901E+02    3.7892E-06    1.9111E-08    7.2161E-01   -7.4606E-01    2.5330E-01    2.2900E-04
4.3908E+01  1.2433E-03 1.8075E+02    3.9780E-06    2.2141E-08    7.4788E-01   -7.5919E-01    2.9980E-01    2.2900E-04
4.3149E+01  1.4244E-03 1.8258E+02    4.1637E-06    2.5205E-08    7.6917E-01   -7.6900E-01    3.5665E-01    2.2900E-04
4.2389E+01  1.6297E-03 1.8446E+02    4.3388E-06    2.8324E-08    7.8536E-01   -7.7725E-01    4.2456E-01    2.2900E-04
4.1629E+01  1.8623E-03 1.8635E+02    4.5061E-06    3.1614E-08    7.9840E-01   -7.8711E-01    5.0389E-01    2.2900E-04
4.0869E+01  2.1255E-03 1.8821E+02    4.6659E-06    3.5186E-08    8.1137E-01   -8.0141E-01    5.9476E-01    2.2900E-04
4.0108E+01  2.4227E-03 1.9003E+02    4.8180E-06    3.9323E-08    8.2812E-01   -8.2197E-01    6.9707E-01    2.2900E-04
3.9348E+01  2.7581E-03 1.9179E+02    4.9621E-06    4.4206E-08    8.5094E-01   -8.4899E-01    8.1055E-01    2.2900E-04
3.8589E+01  3.1359E-03 1.9349E+02    5.0987E-06    4.9910E-08    8.8002E-01   -8.8103E-01    9.3470E-01    2.2900E-04
3.7831E+01  3.5610E-03 1.9511E+02    5.2353E-06    5.6626E-08    9.1457E-01   -9.1595E-01    1.0687E+00    2.2900E-04
3.7074E+01  4.0386E-03 1.9666E+02    5.3579E-06    6.4576E-08    9.5296E-01   -9.5148E-01    1.2112E+00    2.2900E-04
3.6320E+01  4.5745E-03 1.9811E+02    5.4701E-06    7.3954E-08    9.9381E-01   -9.8781E-01    1.3607E+00    2.2900E-04
3.5568E+01  5.1750E-03 1.9948E+02    5.5854E-06    8.5097E-08    1.0369E+00   -1.0269E+00    1.5154E+00    2.2900E-04
3.4818E+01  5.8469E-03 2.0076E+02    5.6903E-06    9.8283E-08    1.0824E+00   -1.0698E+00    1.6739E+00    2.2900E-04
3.4073E+01  6.5978E-03 2.0196E+02    5.7812E-06    1.1411E-07    1.1305E+00   -1.1189E+00    1.8360E+00    2.2900E-04
3.3330E+01  7.4357E-03 2.0311E+02    5.8703E-06    1.3282E-07    1.1795E+00   -1.1757E+00    2.0032E+00    2.2900E-04
3.2592E+01  8.3694E-03 2.0423E+02    5.9457E-06    1.5647E-07    1.2324E+00   -1.2387E+00    2.1786E+00    2.2900E-04
3.1858E+01  9.4086E-03 2.0535E+02    6.0192E-06    1.8450E-07    1.2821E+00   -1.3057E+00    2.3672E+00    2.2900E-04
3.1128E+01  1.0563E-02 2.0649E+02    6.0773E-06    2.1854E-07    1.3278E+00   -1.3662E+00    2.5740E+00    2.2900E-04
3.0401E+01  1.1845E-02 2.0766E+02    6.1279E-06    2.6189E-07    1.3731E+00   -1.4138E+00    2.8020E+00    2.2900E-04
2.9679E+01  1.3265E-02 2.0885E+02    6.1642E-06    3.1839E-07    1.4202E+00   -1.4592E+00    3.0504E+00    2.2900E-04
2.8961E+01  1.4837E-02 2.1001E+02    6.1958E-06    3.9299E-07    1.4684E+00   -1.4980E+00    3.3123E+00    2.2900E-04
2.8248E+01  1.6575E-02 2.1109E+02    6.2200E-06    4.9340E-07    1.5157E+00   -1.5242E+00    3.5734E+00    2.2900E-04
2.7539E+01  1.8492E-02 2.1203E+02    6.2200E-06    6.2851E-07    1.5534E+00   -1.5311E+00    3.8126E+00    2.2900E-04
2.6836E+01  2.0606E-02 2.1275E+02    6.2200E-06    7.9944E-07    1.5615E+00   -1.5143E+00    4.0059E+00    2.2900E-04
2.6140E+01  2.2932E-02 2.1320E+02    6.1956E-06    9.9179E-07    1.5238E+00   -1.4708E+00    4.1334E+00    2.2900E-04
2.5451E+01  2.5488E-02 2.1338E+02    6.1680E-06    1.1820E-06    1.4467E+00   -1.4029E+00    4.1848E+00    2.2900E-04
2.4770E+01  2.8294E-02 2.1330E+02    6.1215E-06    1.3457E-06    1.3469E+00   -1.3146E+00    4.1612E+00    2.2900E-04
2.4098E+01  3.1368E-02 2.1299E+02    6.0746E-06    1.4551E-06    1.2316E+00   -1.2127E+00    4.0735E+00    2.2900E-04
2.3435E+01  3.4734E-02 2.1250E+02    6.0084E-06    1.5151E-06    1.1131E+00   -1.1033E+00    3.9385E+00    2.2900E-04
2.2783E+01  3.8411E-02 2.1189E+02    5.9432E-06    1.5300E-06    9.9467E-01   -9.9267E-01    3.7757E+00    2.2900E-04
2.2140E+01  4.2425E-02 2.1122E+02    5.8667E-06    1.5011E-06    8.7781E-01   -8.8574E-01    3.6041E+00    2.2900E-04
2.1509E+01  4.6799E-02 2.1055E+02    5.7860E-06    1.4455E-06    7.6899E-01   -7.8631E-01    3.4403E+00    2.2900E-04
2.0887E+01  5.1559E-02 2.0995E+02    5.7062E-06    1.3687E-06    6.7005E-01   -6.9671E-01    3.2971E+00    2.2900E-04
2.0275E+01  5.6732E-02 2.0945E+02    5.6233E-06    1.2928E-06    5.8563E-01   -6.1574E-01    3.1830E+00    2.2900E-04
1.9672E+01  6.2344E-02 2.0909E+02    5.5289E-06    1.2087E-06    5.1186E-01   -5.4329E-01    3.1025E+00    2.2900E-04
1.9079E+01  6.8426E-02 2.0888E+02    5.4423E-06    1.1254E-06    4.4928E-01   -4.7873E-01    3.0566E+00    2.2900E-04
1.8494E+01  7.5007E-02 2.0882E+02    5.3538E-06    1.0434E-06    3.9652E-01   -4.2117E-01    3.0437E+00    2.2900E-04
1.7917E+01  8.2117E-02 2.0889E+02    5.2731E-06    9.6332E-07    3.5228E-01   -3.7049E-01    3.0597E+00    2.2900E-04
1.7348E+01  8.9787E-02 2.0907E+02    5.1934E-06    8.8654E-07    3.1523E-01   -3.2564E-01    3.0990E+00    2.2900E-04
1.6786E+01  9.8050E-02 2.0932E+02    5.1148E-06    8.0963E-07    2.8327E-01   -2.8591E-01    3.1542E+00    2.2900E-04
1.6232E+01  1.0694E-01 2.0960E+02    5.0477E-06    7.2678E-07    2.5303E-01   -2.2764E-01    3.2167E+00    2.2900E-04
1.5685E+01  1.1649E-01 2.0987E+02    4.9834E-06    6.3953E-07    2.2491E-01   -1.9578E-01    3.2789E+00    2.2900E-04
1.5146E+01  1.2673E-01 2.1011E+02    4.9316E-06    5.5019E-07    1.9905E-01   -1.7056E-01    3.3366E+00    2.2900E-04
1.4614E+01  1.3769E-01 2.1034E+02    4.8890E-06    4.6071E-07    1.7517E-01   -1.5209E-01    3.3890E+00    2.2900E-04
1.4090E+01  1.4942E-01 2.1055E+02    4.8503E-06    3.7355E-07    1.5333E-01   -1.4028E-01    3.4394E+00    2.2900E-04
1.3574E+01  1.6194E-01 2.1077E+02    4.8193E-06    2.9109E-07    1.3377E-01   -1.3500E-01    3.4934E+00    2.2900E-04
1.3065E+01  1.7529E-01 2.1103E+02    4.7925E-06    2.2288E-07    1.1789E-01   -1.3107E-01    3.5582E+00    2.2900E-04
1.2564E+01  1.8950E-01 2.1136E+02    4.7912E-06    1.7389E-07    1.0641E-01   -1.2417E-01    3.6397E+00    2.2900E-04
1.2070E+01  2.0461E-01 2.1176E+02    4.9202E-06    1.3750E-07    9.8527E-02   -1.1773E-01    3.7416E+00    2.2900E-04
1.1583E+01  2.2064E-01 2.1222E+02    5.4424E-06    1.0904E-07    9.4435E-02   -1.1758E-01    3.8647E+00    2.2900E-04
1.1103E+01  2.3763E-01 2.1275E+02    6.6514E-06    8.8990E-08    9.4912E-02   -1.1247E-01    4.0059E+00    2.2900E-04
1.0630E+01  2.5560E-01 2.1328E+02    7.8616E-06    7.7417E-08    9.6766E-02   -3.8012E-02    4.1554E+00    2.2900E-04
1.0165E+01  2.7459E-01 2.1406E+02    8.7688E-06    7.0016E-08    9.9476E-02   -8.8631E-02    4.3804E+00    2.2900E-04
9.7019E+00  2.9461E-01 2.1794E+02    1.4696E-05    6.4011E-08    1.2259E-01   -4.4163E-01    5.4979E+00    2.2900E-04
9.2390E+00  3.1570E-01 2.2231E+02    2.5673E-05    5.8666E-08    1.6269E-01   -8.6847E-01    6.5997E+00    2.2900E-04
8.7756E+00  3.3787E-01 2.2665E+02    4.3718E-05    5.3563E-08    2.1686E-01   -1.3013E+00    7.8506E+00    2.2900E-04
8.3122E+00  3.6114E-01 2.3093E+02    7.2523E-05    4.8713E-08    2.8136E-01   -1.6856E+00    9.2530E+00    2.2900E-04
7.8491E+00  3.8552E-01 2.3514E+02    1.1709E-04    4.4044E-08    3.5064E-01   -1.9716E+00    1.0804E+01    2.2900E-04
7.3870E+00  4.1104E-01 2.3925E+02    1.8383E-04    3.9630E-08    4.2371E-01   -2.1649E+00    1.2495E+01    2.2900E-04
6.9262E+00  4.3769E-01 2.4322E+02    2.8042E-04    3.5487E-08    5.0224E-01   -2.2803E+00    1.4312E+01    2.2900E-04
6.4675E+00  4.6548E-01 2.4705E+02    4.1546E-04    3.1616E-08    5.7790E-01   -2.3143E+00    1.6234E+01    2.2900E-04
6.0113E+00  4.9442E-01 2.5069E+02    5.9789E-04    2.8019E-08    6.3728E-01   -2.3096E+00    1.8238E+01    2.2900E-04
5.5583E+00  5.2449E-01 2.5416E+02    8.3643E-04    2.4738E-08    6.7829E-01   -2.2877E+00    2.0303E+01    2.2900E-04
5.1091E+00  5.5569E-01 2.5743E+02    1.1390E-03    2.1778E-08    7.0885E-01   -2.2606E+00    2.2404E+01    2.2900E-04
4.6643E+00  5.8800E-01 2.6051E+02    1.5126E-03    1.9107E-08    7.3353E-01   -2.2037E+00    2.4525E+01    2.2900E-04
4.2244E+00  6.2141E-01 2.6340E+02    1.9627E-03    1.6767E-08    7.5052E-01   -2.1355E+00    2.6648E+01    2.2900E-04
3.7898E+00  6.5589E-01 2.6612E+02    2.4939E-03    1.4677E-08    7.5761E-01   -2.0594E+00    2.8762E+01    2.2900E-04
3.3612E+00  6.9141E-01 2.6867E+02    3.1097E-03    1.2838E-08    7.5628E-01   -1.9443E+00    3.0859E+01    2.2900E-04
2.9389E+00  7.2793E-01 2.7107E+02    3.8126E-03    1.1313E-08    7.5005E-01   -1.7841E+00    3.2932E+01    2.2900E-04
2.5233E+00  7.6542E-01 2.7338E+02    4.6298E-03    9.9914E-09    7.4315E-01   -1.6478E+00    3.5018E+01    2.2900E-04
2.1146E+00  8.0383E-01 2.7575E+02    5.5597E-03    8.8640E-09    7.3241E-01   -1.5556E+00    3.7268E+01    2.2900E-04
1.7129E+00  8.4309E-01 2.7801E+02    6.4440E-03    7.9477E-09    7.0787E-01   -1.4768E+00    3.9501E+01    2.2900E-04
1.3187E+00  8.8317E-01 2.8017E+02    7.5760E-03    7.2197E-09    6.9712E-01   -1.5056E+00    4.1734E+01    2.2900E-04
9.3216E-01  9.2398E-01 2.8221E+02    8.6715E-03    6.6730E-09    6.8343E-01   -1.5822E+00    4.3940E+01    2.2900E-04
5.5363E-01  9.6546E-01 2.8418E+02    9.9119E-03    6.2676E-09    6.8424E-01   -1.8012E+00    4.6139E+01    2.2900E-04
1.8335E-01  1.0075E+00 2.8604E+02    1.1253E-02    5.9549E-09    7.0204E-01   -2.0427E+00    4.8302E+01    2.2900E-04
0.0000E+00  1.0289E+00 2.8698E+02    1.1926E-02    6.0100E-09    7.9925E+00   -3.4520E+00    4.9416E+01    2.2900E-04
