     ALT          P          T          FH2O           O3           THEAT        TCOOL        PSATCO2        FCO2
6.3063E+01  3.2610E-05 1.8279E+02    2.4000E-07    2.6261E-08    3.5559E+01   -2.8765E+01    3.6354E-01    2.1736E-04
6.2151E+01  3.8506E-05 1.7213E+02    3.2438E-07    1.9903E-08    4.3673E+00   -1.1508E+01    1.2594E-01    2.1919E-04
6.1289E+01  4.5411E-05 1.6584E+02    4.2495E-07    9.8890E-09    1.4529E+00   -3.9725E+00    6.3071E-02    2.2091E-04
6.0457E+01  5.3487E-05 1.6314E+02    5.4477E-07    3.6891E-09    1.0818E+00   -1.0908E+00    4.6093E-02    2.2200E-04
5.9639E+01  6.2919E-05 1.6267E+02    6.7406E-07    2.6505E-09    9.9824E-01   -3.4334E-01    4.3584E-02    2.2321E-04
5.8828E+01  7.3922E-05 1.6334E+02    8.0890E-07    2.7714E-09    9.4350E-01   -3.3235E-01    4.7175E-02    2.2400E-04
5.8018E+01  8.6740E-05 1.6448E+02    9.5645E-07    2.7845E-09    8.9216E-01   -4.9540E-01    5.3903E-02    2.2500E-04
5.7210E+01  1.0165E-04 1.6572E+02    1.1163E-06    2.8132E-09    8.4301E-01   -6.1826E-01    6.2246E-02    2.2600E-04
5.6402E+01  1.1898E-04 1.6690E+02    1.2838E-06    2.9142E-09    7.9770E-01   -6.6686E-01    7.1149E-02    2.2600E-04
5.5595E+01  1.3908E-04 1.6792E+02    1.4614E-06    3.0676E-09    7.5875E-01   -6.7221E-01    7.9786E-02    2.2700E-04
5.4790E+01  1.6237E-04 1.6877E+02    1.6389E-06    3.2860E-09    7.2208E-01   -6.5998E-01    8.7571E-02    2.2700E-04
5.3989E+01  1.8933E-04 1.6943E+02    1.8146E-06    3.5743E-09    6.9192E-01   -6.4636E-01    9.4205E-02    2.2800E-04
5.3192E+01  2.2048E-04 1.6995E+02    1.9905E-06    3.9357E-09    6.6456E-01   -6.3699E-01    9.9719E-02    2.2800E-04
5.2399E+01  2.5644E-04 1.7038E+02    2.1578E-06    4.3827E-09    6.4223E-01   -6.3131E-01    1.0443E-01    2.2800E-04
5.1612E+01  2.9789E-04 1.7077E+02    2.3254E-06    4.9279E-09    6.2567E-01   -6.3023E-01    1.0888E-01    2.2800E-04
5.0829E+01  3.4559E-04 1.7117E+02    2.4903E-06    5.5881E-09    6.1515E-01   -6.3246E-01    1.1371E-01    2.2800E-04
5.0051E+01  4.0044E-04 1.7165E+02    2.6476E-06    6.3807E-09    6.1071E-01   -6.3693E-01    1.1964E-01    2.2800E-04
4.9278E+01  4.6340E-04 1.7224E+02    2.7934E-06    7.3408E-09    6.1227E-01   -6.4367E-01    1.2741E-01    2.2800E-04
4.8508E+01  5.3558E-04 1.7299E+02    2.9509E-06    8.4989E-09    6.1991E-01   -6.5667E-01    1.3783E-01    2.2800E-04
4.7742E+01  6.1823E-04 1.7392E+02    3.1301E-06    9.8507E-09    6.3303E-01   -6.7671E-01    1.5180E-01    2.2800E-04
4.6978E+01  7.1274E-04 1.7504E+02    3.3434E-06    1.1520E-08    6.5119E-01   -7.0270E-01    1.7041E-01    2.2800E-04
4.6215E+01  8.2065E-04 1.7636E+02    3.5471E-06    1.3484E-08    6.7221E-01   -7.2634E-01    1.9487E-01    2.2800E-04
4.5454E+01  9.4372E-04 1.7787E+02    3.7448E-06    1.5963E-08    6.9557E-01   -7.4592E-01    2.2646E-01    2.2800E-04
4.4693E+01  1.0839E-03 1.7953E+02    3.9312E-06    1.8687E-08    7.2143E-01   -7.6145E-01    2.6647E-01    2.2800E-04
4.3932E+01  1.2433E-03 1.8130E+02    4.0986E-06    2.1632E-08    7.4658E-01   -7.7348E-01    3.1601E-01    2.2800E-04
4.3170E+01  1.4243E-03 1.8315E+02    4.2665E-06    2.4693E-08    7.6722E-01   -7.8296E-01    3.7592E-01    2.2800E-04
4.2408E+01  1.6297E-03 1.8502E+02    4.4274E-06    2.7737E-08    7.8254E-01   -7.9108E-01    4.4674E-01    2.2800E-04
4.1646E+01  1.8623E-03 1.8689E+02    4.5801E-06    3.0953E-08    7.9474E-01   -8.0030E-01    5.2872E-01    2.2800E-04
4.0883E+01  2.1254E-03 1.8872E+02    4.7254E-06    3.4533E-08    8.0735E-01   -8.1338E-01    6.2188E-01    2.2800E-04
4.0121E+01  2.4226E-03 1.9050E+02    4.8628E-06    3.8742E-08    8.2411E-01   -8.3233E-01    7.2606E-01    2.2800E-04
3.9359E+01  2.7580E-03 1.9223E+02    5.0000E-06    4.3626E-08    8.4680E-01   -8.5788E-01    8.4102E-01    2.2800E-04
3.8598E+01  3.1358E-03 1.9389E+02    5.1240E-06    4.9331E-08    8.7574E-01   -8.8826E-01    9.6632E-01    2.2800E-04
3.7838E+01  3.5609E-03 1.9548E+02    5.2374E-06    5.6132E-08    9.1046E-01   -9.2154E-01    1.1012E+00    2.2800E-04
3.7080E+01  4.0385E-03 1.9699E+02    5.3536E-06    6.4103E-08    9.4907E-01   -9.5642E-01    1.2446E+00    2.2800E-04
3.6325E+01  4.5743E-03 1.9842E+02    5.4594E-06    7.3571E-08    9.9047E-01   -9.9226E-01    1.3950E+00    2.2800E-04
3.5571E+01  5.1748E-03 1.9977E+02    5.5549E-06    8.4737E-08    1.0338E+00   -1.0306E+00    1.5507E+00    2.2800E-04
3.4821E+01  5.8467E-03 2.0104E+02    5.6514E-06    9.8020E-08    1.0802E+00   -1.0729E+00    1.7106E+00    2.2800E-04
3.4074E+01  6.5975E-03 2.0223E+02    5.7310E-06    1.1408E-07    1.1293E+00   -1.1219E+00    1.8743E+00    2.2800E-04
3.3331E+01  7.4354E-03 2.0337E+02    5.8119E-06    1.3281E-07    1.1786E+00   -1.1788E+00    2.0433E+00    2.2800E-04
3.2592E+01  8.3691E-03 2.0449E+02    5.8727E-06    1.5620E-07    1.2306E+00   -1.2417E+00    2.2210E+00    2.2800E-04
3.1857E+01  9.4082E-03 2.0560E+02    5.9315E-06    1.8434E-07    1.2809E+00   -1.3086E+00    2.4121E+00    2.2800E-04
3.1126E+01  1.0563E-02 2.0674E+02    5.9875E-06    2.1869E-07    1.3279E+00   -1.3698E+00    2.6218E+00    2.2800E-04
3.0399E+01  1.1845E-02 2.0791E+02    6.0241E-06    2.6214E-07    1.3736E+00   -1.4175E+00    2.8530E+00    2.2800E-04
2.9676E+01  1.3265E-02 2.0910E+02    6.0615E-06    3.1868E-07    1.4208E+00   -1.4635E+00    3.1046E+00    2.2800E-04
2.8957E+01  1.4837E-02 2.1025E+02    6.0759E-06    3.9321E-07    1.4686E+00   -1.5020E+00    3.3695E+00    2.2800E-04
2.8243E+01  1.6574E-02 2.1133E+02    6.0900E-06    4.9348E-07    1.5155E+00   -1.5282E+00    3.6333E+00    2.2800E-04
2.7533E+01  1.8491E-02 2.1226E+02    6.0856E-06    6.2872E-07    1.5533E+00   -1.5350E+00    3.8745E+00    2.2800E-04
2.6830E+01  2.0605E-02 2.1297E+02    6.0716E-06    8.0047E-07    1.5620E+00   -1.5176E+00    4.0685E+00    2.2800E-04
2.6132E+01  2.2931E-02 2.1342E+02    6.0452E-06    9.9259E-07    1.5232E+00   -1.4738E+00    4.1953E+00    2.2800E-04
2.5442E+01  2.5487E-02 2.1359E+02    6.0114E-06    1.1788E-06    1.4434E+00   -1.4055E+00    4.2449E+00    2.2800E-04
2.4761E+01  2.8292E-02 2.1350E+02    5.9607E-06    1.3479E-06    1.3468E+00   -1.3170E+00    4.2186E+00    2.2800E-04
2.4088E+01  3.1367E-02 2.1318E+02    5.9035E-06    1.4495E-06    1.2278E+00   -1.2147E+00    4.1275E+00    2.2800E-04
2.3425E+01  3.4732E-02 2.1268E+02    5.8306E-06    1.5161E-06    1.1125E+00   -1.1049E+00    3.9886E+00    2.2800E-04
2.2772E+01  3.8409E-02 2.1206E+02    5.7523E-06    1.5300E-06    9.9385E-01   -9.9361E-01    3.8214E+00    2.2800E-04
2.2129E+01  4.2423E-02 2.1138E+02    5.6751E-06    1.5000E-06    8.7661E-01   -8.8650E-01    3.6451E+00    2.2800E-04
2.1497E+01  4.6797E-02 2.1070E+02    5.5941E-06    1.4442E-06    7.6799E-01   -7.8670E-01    3.4764E+00    2.2800E-04
2.0875E+01  5.1556E-02 2.1008E+02    5.4994E-06    1.3744E-06    6.7085E-01   -6.9547E-01    3.3281E+00    2.2800E-04
2.0262E+01  5.6729E-02 2.0956E+02    5.4113E-06    1.2913E-06    5.8446E-01   -6.1428E-01    3.2089E+00    2.2800E-04
1.9660E+01  6.2341E-02 2.0918E+02    5.3150E-06    1.2066E-06    5.1044E-01   -5.4146E-01    3.1232E+00    2.2800E-04
1.9066E+01  6.8423E-02 2.0895E+02    5.2199E-06    1.1233E-06    4.4790E-01   -4.7626E-01    3.0723E+00    2.2800E-04
1.8481E+01  7.5003E-02 2.0887E+02    5.1263E-06    1.0413E-06    3.9524E-01   -4.1815E-01    3.0543E+00    2.2800E-04
1.7903E+01  8.2112E-02 2.0891E+02    5.0410E-06    9.6414E-07    3.5161E-01   -3.6642E-01    3.0649E+00    2.2800E-04
1.7334E+01  8.9782E-02 2.0907E+02    4.9614E-06    8.8860E-07    3.1482E-01   -3.2067E-01    3.0982E+00    2.2800E-04
1.6773E+01  9.8044E-02 2.0928E+02    4.8828E-06    8.1167E-07    2.8282E-01   -2.8006E-01    3.1466E+00    2.2800E-04
1.6219E+01  1.0693E-01 2.0953E+02    4.8059E-06    7.2837E-07    2.5243E-01   -2.2061E-01    3.2012E+00    2.2800E-04
1.5672E+01  1.1648E-01 2.0976E+02    4.7419E-06    6.4092E-07    2.2427E-01   -1.8768E-01    3.2548E+00    2.2800E-04
1.5133E+01  1.2672E-01 2.0997E+02    4.6881E-06    5.5078E-07    1.9823E-01   -1.6171E-01    3.3032E+00    2.2800E-04
1.4602E+01  1.3768E-01 2.1015E+02    4.6380E-06    4.6144E-07    1.7433E-01   -1.4209E-01    3.3461E+00    2.2800E-04
1.4079E+01  1.4941E-01 2.1033E+02    4.5996E-06    3.7402E-07    1.5245E-01   -1.2970E-01    3.3868E+00    2.2800E-04
1.3563E+01  1.6193E-01 2.1051E+02    4.5686E-06    2.9127E-07    1.3284E-01   -1.2412E-01    3.4317E+00    2.2800E-04
1.3055E+01  1.7528E-01 2.1075E+02    4.5461E-06    2.2319E-07    1.1700E-01   -1.2010E-01    3.4879E+00    2.2800E-04
1.2554E+01  1.8949E-01 2.1105E+02    4.5439E-06    1.7407E-07    1.0550E-01   -1.1327E-01    3.5619E+00    2.2800E-04
1.2061E+01  2.0460E-01 2.1143E+02    4.6548E-06    1.3790E-07    9.7590E-02   -1.0654E-01    3.6575E+00    2.2800E-04
1.1575E+01  2.2063E-01 2.1188E+02    5.1490E-06    1.0946E-07    9.3426E-02   -1.0651E-01    3.7754E+00    2.2800E-04
1.1096E+01  2.3761E-01 2.1240E+02    6.3296E-06    8.9347E-08    9.3868E-02   -1.0278E-01    3.9122E+00    2.2800E-04
1.0624E+01  2.5558E-01 2.1293E+02    7.5016E-06    7.7781E-08    9.5635E-02   -2.1481E-02    4.0576E+00    2.2800E-04
1.0159E+01  2.7457E-01 2.1364E+02    8.2917E-06    7.0342E-08    9.8036E-02   -7.8536E-02    4.2579E+00    2.2800E-04
9.6969E+00  2.9459E-01 2.1778E+02    1.4399E-05    6.4353E-08    1.2229E-01   -4.5412E-01    5.4607E+00    2.2800E-04
9.2343E+00  3.1568E-01 2.2215E+02    2.5168E-05    5.9015E-08    1.6229E-01   -8.7491E-01    6.5565E+00    2.2800E-04
8.7712E+00  3.3784E-01 2.2649E+02    4.2886E-05    5.3919E-08    2.1607E-01   -1.3032E+00    7.8011E+00    2.2800E-04
8.3081E+00  3.6111E-01 2.3077E+02    7.1194E-05    4.8985E-08    2.8017E-01   -1.6843E+00    9.1971E+00    2.2800E-04
7.8454E+00  3.8550E-01 2.3498E+02    1.1504E-04    4.4310E-08    3.4905E-01   -1.9685E+00    1.0742E+01    2.2800E-04
7.3835E+00  4.1101E-01 2.3909E+02    1.8076E-04    3.9825E-08    4.2155E-01   -2.1604E+00    1.2427E+01    2.2800E-04
6.9231E+00  4.3766E-01 2.4307E+02    2.7600E-04    3.5661E-08    4.9962E-01   -2.2764E+00    1.4238E+01    2.2800E-04
6.4646E+00  4.6545E-01 2.4690E+02    4.0931E-04    3.1794E-08    5.7539E-01   -2.3114E+00    1.6155E+01    2.2800E-04
6.0087E+00  4.9438E-01 2.5055E+02    5.8965E-04    2.8201E-08    6.3527E-01   -2.3075E+00    1.8157E+01    2.2800E-04
5.5560E+00  5.2445E-01 2.5402E+02    8.2575E-04    2.4924E-08    6.7669E-01   -2.2853E+00    2.0218E+01    2.2800E-04
5.1071E+00  5.5565E-01 2.5730E+02    1.1256E-03    2.1966E-08    7.0743E-01   -2.2592E+00    2.2319E+01    2.2800E-04
4.6624E+00  5.8796E-01 2.6038E+02    1.4961E-03    1.9278E-08    7.3231E-01   -2.2035E+00    2.4438E+01    2.2800E-04
4.2227E+00  6.2136E-01 2.6328E+02    1.9430E-03    1.6859E-08    7.4962E-01   -2.1357E+00    2.6561E+01    2.2800E-04
3.7884E+00  6.5584E-01 2.6601E+02    2.4709E-03    1.4771E-08    7.5707E-01   -2.0610E+00    2.8676E+01    2.2800E-04
3.3599E+00  6.9136E-01 2.6857E+02    3.0832E-03    1.2934E-08    7.5603E-01   -1.9491E+00    3.0773E+01    2.2800E-04
2.9378E+00  7.2788E-01 2.7098E+02    3.7825E-03    1.1409E-08    7.4987E-01   -1.7870E+00    3.2847E+01    2.2800E-04
2.5223E+00  7.6536E-01 2.7326E+02    4.5859E-03    1.0079E-08    7.4208E-01   -1.6454E+00    3.4913E+01    2.2800E-04
2.1138E+00  8.0377E-01 2.7564E+02    5.5181E-03    8.9424E-09    7.3254E-01   -1.5573E+00    3.7164E+01    2.2800E-04
1.7123E+00  8.4303E-01 2.7790E+02    6.4041E-03    8.0258E-09    7.0864E-01   -1.4782E+00    3.9397E+01    2.2800E-04
1.3182E+00  8.8310E-01 2.8007E+02    7.5244E-03    7.2903E-09    6.9740E-01   -1.5035E+00    4.1631E+01    2.2800E-04
9.3184E-01  9.2391E-01 2.8212E+02    8.6219E-03    6.7361E-09    6.8396E-01   -1.5794E+00    4.3836E+01    2.2800E-04
5.5344E-01  9.6539E-01 2.8409E+02    9.8473E-03    6.3274E-09    6.8410E-01   -1.7949E+00    4.6035E+01    2.2800E-04
1.8329E-01  1.0075E+00 2.8596E+02    1.1190E-02    6.0148E-09    7.0222E-01   -2.0378E+00    4.8198E+01    2.2800E-04
0.0000E+00  1.0288E+00 2.8689E+02    1.1865E-02    6.0700E-09    7.9956E+00   -3.4598E+00    4.9312E+01    2.2800E-04
