     ALT          P          T          FH2O           O3           THEAT        TCOOL        PSATCO2        FCO2
6.3099E+01  3.2610E-05 1.8287E+02    2.7901E-07    2.3269E-08    3.5538E+01   -2.8809E+01    3.6634E-01    2.1724E-04
6.2186E+01  3.8506E-05 1.7216E+02    3.7503E-07    1.7171E-08    4.3541E+00   -1.1588E+01    1.2628E-01    2.1907E-04
6.1325E+01  4.5411E-05 1.6582E+02    4.9090E-07    7.9311E-09    1.4435E+00   -4.0279E+00    6.2930E-02    2.2079E-04
6.0493E+01  5.3487E-05 1.6309E+02    6.2726E-07    3.0536E-09    1.0799E+00   -1.1443E+00    4.5815E-02    2.2200E-04
5.9675E+01  6.2919E-05 1.6260E+02    7.7197E-07    2.4491E-09    9.9902E-01   -3.5707E-01    4.3227E-02    2.2309E-04
5.8864E+01  7.3922E-05 1.6326E+02    9.2335E-07    2.5614E-09    9.4522E-01   -3.5051E-01    4.6756E-02    2.2400E-04
5.8055E+01  8.6740E-05 1.6440E+02    1.0857E-06    2.5733E-09    8.9431E-01   -5.2451E-01    5.3454E-02    2.2500E-04
5.7246E+01  1.0165E-04 1.6567E+02    1.2647E-06    2.6181E-09    8.4563E-01   -6.5716E-01    6.1829E-02    2.2595E-04
5.6439E+01  1.1898E-04 1.6687E+02    1.4573E-06    2.7154E-09    8.0108E-01   -7.1252E-01    7.0856E-02    2.2600E-04
5.5632E+01  1.3908E-04 1.6792E+02    1.6517E-06    2.8619E-09    7.6259E-01   -7.2087E-01    7.9733E-02    2.2700E-04
5.4828E+01  1.6237E-04 1.6880E+02    1.8450E-06    3.0711E-09    7.2621E-01   -7.0959E-01    8.7869E-02    2.2700E-04
5.4026E+01  1.8933E-04 1.6950E+02    2.0413E-06    3.3490E-09    6.9541E-01   -6.9681E-01    9.4949E-02    2.2740E-04
5.3228E+01  2.2048E-04 1.7007E+02    2.2400E-06    3.6900E-09    6.6986E-01   -6.8774E-01    1.0097E-01    2.2800E-04
5.2435E+01  2.5644E-04 1.7054E+02    2.4300E-06    4.1184E-09    6.4814E-01   -6.8132E-01    1.0623E-01    2.2800E-04
5.1647E+01  2.9789E-04 1.7097E+02    2.6183E-06    4.6421E-09    6.3197E-01   -6.7881E-01    1.1125E-01    2.2800E-04
5.0863E+01  3.4559E-04 1.7141E+02    2.7982E-06    5.2815E-09    6.2168E-01   -6.7886E-01    1.1670E-01    2.2800E-04
5.0084E+01  4.0044E-04 1.7193E+02    2.9725E-06    6.0525E-09    6.1748E-01   -6.8201E-01    1.2333E-01    2.2800E-04
4.9309E+01  4.6340E-04 1.7257E+02    3.1350E-06    6.9829E-09    6.1918E-01   -6.8782E-01    1.3195E-01    2.2800E-04
4.8538E+01  5.3558E-04 1.7337E+02    3.3071E-06    8.1180E-09    6.2690E-01   -6.9942E-01    1.4344E-01    2.2800E-04
4.7770E+01  6.1823E-04 1.7435E+02    3.4921E-06    9.4677E-09    6.3990E-01   -7.1610E-01    1.5878E-01    2.2800E-04
4.7004E+01  7.1274E-04 1.7553E+02    3.6859E-06    1.1148E-08    6.5745E-01   -7.3489E-01    1.7907E-01    2.2800E-04
4.6239E+01  8.2065E-04 1.7689E+02    3.8601E-06    1.3202E-08    6.7788E-01   -7.5074E-01    2.0552E-01    2.2800E-04
4.5475E+01  9.4372E-04 1.7843E+02    4.0380E-06    1.5579E-08    6.9992E-01   -7.6456E-01    2.3935E-01    2.2800E-04
4.4712E+01  1.0839E-03 1.8010E+02    4.1960E-06    1.8304E-08    7.2465E-01   -7.7508E-01    2.8171E-01    2.2800E-04
4.3948E+01  1.2433E-03 1.8187E+02    4.3487E-06    2.1099E-08    7.4824E-01   -7.8478E-01    3.3357E-01    2.2800E-04
4.3184E+01  1.4243E-03 1.8370E+02    4.5007E-06    2.4020E-08    7.6727E-01   -7.9266E-01    3.9560E-01    2.2800E-04
4.2420E+01  1.6297E-03 1.8554E+02    4.6383E-06    2.6920E-08    7.8095E-01   -7.9932E-01    4.6822E-01    2.2800E-04
4.1655E+01  1.8623E-03 1.8736E+02    4.7743E-06    3.0086E-08    7.9219E-01   -8.0770E-01    5.5159E-01    2.2800E-04
4.0891E+01  2.1254E-03 1.8915E+02    4.8967E-06    3.3657E-08    8.0411E-01   -8.1958E-01    6.4570E-01    2.2800E-04
4.0127E+01  2.4226E-03 1.9089E+02    5.0191E-06    3.7822E-08    8.2030E-01   -8.3754E-01    7.5045E-01    2.2800E-04
3.9364E+01  2.7580E-03 1.9257E+02    5.1337E-06    4.2786E-08    8.4299E-01   -8.6183E-01    8.6564E-01    2.2800E-04
3.8602E+01  3.1358E-03 1.9419E+02    5.2404E-06    4.8495E-08    8.7178E-01   -8.9151E-01    9.9092E-01    2.2800E-04
3.7841E+01  3.5609E-03 1.9575E+02    5.3470E-06    5.5303E-08    9.0651E-01   -9.2473E-01    1.1257E+00    2.2800E-04
3.7082E+01  4.0384E-03 1.9723E+02    5.4400E-06    6.3281E-08    9.4503E-01   -9.5926E-01    1.2688E+00    2.2800E-04
3.6325E+01  4.5743E-03 1.9864E+02    5.5309E-06    7.2759E-08    9.8650E-01   -9.9524E-01    1.4190E+00    2.2800E-04
3.5571E+01  5.1748E-03 1.9997E+02    5.6114E-06    8.3938E-08    1.0300E+00   -1.0338E+00    1.5747E+00    2.2800E-04
3.4820E+01  5.8467E-03 2.0122E+02    5.6930E-06    9.7239E-08    1.0767E+00   -1.0761E+00    1.7347E+00    2.2800E-04
3.4073E+01  6.5975E-03 2.0240E+02    5.7577E-06    1.1312E-07    1.1254E+00   -1.1253E+00    1.8989E+00    2.2800E-04
3.3329E+01  7.4354E-03 2.0354E+02    5.8237E-06    1.3188E-07    1.1751E+00   -1.1823E+00    2.0688E+00    2.2800E-04
3.2589E+01  8.3691E-03 2.0465E+02    5.8797E-06    1.5531E-07    1.2279E+00   -1.2456E+00    2.2476E+00    2.2800E-04
3.1854E+01  9.4082E-03 2.0576E+02    5.9239E-06    1.8351E-07    1.2788E+00   -1.3125E+00    2.4403E+00    2.2800E-04
3.1122E+01  1.0563E-02 2.0690E+02    5.9652E-06    2.1771E-07    1.3258E+00   -1.3737E+00    2.6518E+00    2.2800E-04
3.0394E+01  1.1844E-02 2.0807E+02    5.9943E-06    2.6118E-07    1.3721E+00   -1.4215E+00    2.8851E+00    2.2800E-04
2.9671E+01  1.3265E-02 2.0925E+02    6.0116E-06    3.1737E-07    1.4189E+00   -1.4672E+00    3.1390E+00    2.2800E-04
2.8952E+01  1.4837E-02 2.1041E+02    6.0260E-06    3.9189E-07    1.4674E+00   -1.5063E+00    3.4064E+00    2.2800E-04
2.8237E+01  1.6574E-02 2.1149E+02    6.0200E-06    4.9170E-07    1.5142E+00   -1.5322E+00    3.6724E+00    2.2800E-04
2.7527E+01  1.8491E-02 2.1241E+02    6.0109E-06    6.2686E-07    1.5528E+00   -1.5393E+00    3.9154E+00    2.2800E-04
2.6823E+01  2.0605E-02 2.1312E+02    5.9828E-06    7.9898E-07    1.5627E+00   -1.5218E+00    4.1102E+00    2.2800E-04
2.6125E+01  2.2930E-02 2.1356E+02    5.9523E-06    9.9198E-07    1.5250E+00   -1.4779E+00    4.2366E+00    2.2800E-04
2.5434E+01  2.5487E-02 2.1373E+02    5.9044E-06    1.1814E-06    1.4461E+00   -1.4087E+00    4.2843E+00    2.2800E-04
2.4752E+01  2.8292E-02 2.1363E+02    5.8398E-06    1.3403E-06    1.3428E+00   -1.3193E+00    4.2550E+00    2.2800E-04
2.4079E+01  3.1367E-02 2.1330E+02    5.7724E-06    1.4507E-06    1.2286E+00   -1.2165E+00    4.1603E+00    2.2800E-04
2.3416E+01  3.4732E-02 2.1279E+02    5.6993E-06    1.5170E-06    1.1131E+00   -1.1063E+00    4.0172E+00    2.2800E-04
2.2763E+01  3.8409E-02 2.1215E+02    5.6111E-06    1.5300E-06    9.9373E-01   -9.9417E-01    3.8453E+00    2.2800E-04
2.2120E+01  4.2423E-02 2.1145E+02    5.5210E-06    1.5018E-06    8.7690E-01   -8.8570E-01    3.6640E+00    2.2800E-04
2.1487E+01  4.6797E-02 2.1076E+02    5.4270E-06    1.4476E-06    7.6835E-01   -7.8443E-01    3.4902E+00    2.2800E-04
2.0865E+01  5.1556E-02 2.1011E+02    5.3275E-06    1.3730E-06    6.6965E-01   -6.9252E-01    3.3368E+00    2.2800E-04
2.0252E+01  5.6728E-02 2.0958E+02    5.2296E-06    1.2897E-06    5.8312E-01   -6.1042E-01    3.2126E+00    2.2800E-04
1.9650E+01  6.2341E-02 2.0918E+02    5.1309E-06    1.2049E-06    5.0912E-01   -5.3703E-01    3.1222E+00    2.2800E-04
1.9056E+01  6.8422E-02 2.0892E+02    5.0280E-06    1.1216E-06    4.4674E-01   -4.7107E-01    3.0667E+00    2.2800E-04
1.8471E+01  7.5002E-02 2.0882E+02    4.9287E-06    1.0455E-06    3.9537E-01   -4.1132E-01    3.0440E+00    2.2800E-04
1.7894E+01  8.2112E-02 2.0884E+02    4.8322E-06    9.6903E-07    3.5184E-01   -3.5824E-01    3.0495E+00    2.2800E-04
1.7325E+01  8.9781E-02 2.0897E+02    4.7498E-06    8.9218E-07    3.1470E-01   -3.1189E-01    3.0771E+00    2.2800E-04
1.6764E+01  9.8044E-02 2.0916E+02    4.6615E-06    8.1430E-07    2.8243E-01   -2.7047E-01    3.1193E+00    2.2800E-04
1.6210E+01  1.0693E-01 2.0938E+02    4.5847E-06    7.3164E-07    2.5213E-01   -2.1024E-01    3.1675E+00    2.2800E-04
1.5664E+01  1.1648E-01 2.0959E+02    4.5210E-06    6.4331E-07    2.2383E-01   -1.7707E-01    3.2143E+00    2.2800E-04
1.5126E+01  1.2672E-01 2.0977E+02    4.4672E-06    5.5300E-07    1.9775E-01   -1.5075E-01    3.2558E+00    2.2800E-04
1.4595E+01  1.3768E-01 2.0992E+02    4.4173E-06    4.6273E-07    1.7369E-01   -1.3107E-01    3.2918E+00    2.2800E-04
1.4072E+01  1.4941E-01 2.1007E+02    4.3755E-06    3.7481E-07    1.5172E-01   -1.1854E-01    3.3260E+00    2.2800E-04
1.3557E+01  1.6193E-01 2.1023E+02    4.3422E-06    2.9185E-07    1.3207E-01   -1.1292E-01    3.3647E+00    2.2800E-04
1.3049E+01  1.7528E-01 2.1045E+02    4.3219E-06    2.2357E-07    1.1623E-01   -1.0905E-01    3.4152E+00    2.2800E-04
1.2549E+01  1.8949E-01 2.1073E+02    4.3140E-06    1.7470E-07    1.0475E-01   -1.0194E-01    3.4837E+00    2.2800E-04
1.2057E+01  2.0459E-01 2.1110E+02    4.4267E-06    1.3821E-07    9.7045E-02   -9.7510E-02    3.5743E+00    2.2800E-04
1.1572E+01  2.2062E-01 2.1155E+02    5.4979E-06    1.0944E-07    9.5189E-02   -1.1509E-01    3.6886E+00    2.2800E-04
1.1093E+01  2.3761E-01 2.1207E+02    6.2798E-06    8.9592E-08    9.4076E-02   -9.3747E-02    3.8229E+00    2.2800E-04
1.0622E+01  2.5558E-01 2.1260E+02    7.1713E-06    7.8034E-08    9.4591E-02   -8.7966E-03    3.9659E+00    2.2800E-04
1.0158E+01  2.7457E-01 2.1348E+02    8.1142E-06    7.0535E-08    9.7650E-02   -8.3748E-02    4.2115E+00    2.2800E-04
9.6961E+00  2.9459E-01 2.1776E+02    1.4349E-05    6.4537E-08    1.2272E-01   -4.6910E-01    5.4544E+00    2.2800E-04
9.2336E+00  3.1567E-01 2.2212E+02    2.5083E-05    5.9111E-08    1.6285E-01   -8.8686E-01    6.5491E+00    2.2800E-04
8.7706E+00  3.3784E-01 2.2646E+02    4.2746E-05    5.4016E-08    2.1661E-01   -1.3122E+00    7.7927E+00    2.2800E-04
8.3075E+00  3.6111E-01 2.3074E+02    7.0970E-05    4.9172E-08    2.8063E-01   -1.6903E+00    9.1876E+00    2.2800E-04
7.8448E+00  3.8550E-01 2.3495E+02    1.1469E-04    4.4425E-08    3.4934E-01   -1.9722E+00    1.0731E+01    2.2800E-04
7.3830E+00  4.1101E-01 2.3906E+02    1.8025E-04    3.9923E-08    4.2161E-01   -2.1621E+00    1.2415E+01    2.2800E-04
6.9226E+00  4.3766E-01 2.4304E+02    2.7526E-04    3.5760E-08    4.9950E-01   -2.2773E+00    1.4226E+01    2.2800E-04
6.4642E+00  4.6545E-01 2.4687E+02    4.0829E-04    3.1893E-08    5.7520E-01   -2.3119E+00    1.6142E+01    2.2800E-04
6.0084E+00  4.9438E-01 2.5053E+02    5.8829E-04    2.8300E-08    6.3511E-01   -2.3078E+00    1.8143E+01    2.2800E-04
5.5557E+00  5.2445E-01 2.5400E+02    8.2398E-04    2.4981E-08    6.7654E-01   -2.2853E+00    2.0205E+01    2.2800E-04
5.1068E+00  5.5565E-01 2.5728E+02    1.1234E-03    2.1966E-08    7.0728E-01   -2.2593E+00    2.2304E+01    2.2800E-04
4.6622E+00  5.8796E-01 2.6036E+02    1.4934E-03    1.9297E-08    7.3216E-01   -2.2036E+00    2.4424E+01    2.2800E-04
4.2225E+00  6.2136E-01 2.6327E+02    1.9398E-03    1.6958E-08    7.4952E-01   -2.1359E+00    2.6547E+01    2.2800E-04
3.7882E+00  6.5584E-01 2.6599E+02    2.4671E-03    1.4871E-08    7.5701E-01   -2.0612E+00    2.8661E+01    2.2800E-04
3.3598E+00  6.9135E-01 2.6855E+02    3.0789E-03    1.3034E-08    7.5601E-01   -1.9496E+00    3.0759E+01    2.2800E-04
2.9376E+00  7.2788E-01 2.7096E+02    3.7776E-03    1.1443E-08    7.4987E-01   -1.7877E+00    3.2834E+01    2.2800E-04
2.5222E+00  7.6536E-01 2.7325E+02    4.5802E-03    1.0094E-08    7.4209E-01   -1.6460E+00    3.4899E+01    2.2800E-04
2.1137E+00  8.0376E-01 2.7563E+02    5.5126E-03    8.9693E-09    7.3268E-01   -1.5581E+00    3.7150E+01    2.2800E-04
1.7122E+00  8.4303E-01 2.7789E+02    6.3989E-03    8.0466E-09    7.0883E-01   -1.4786E+00    3.9383E+01    2.2800E-04
1.3182E+00  8.8310E-01 2.8005E+02    7.5177E-03    7.3190E-09    6.9751E-01   -1.5034E+00    4.1617E+01    2.2800E-04
9.3180E-01  9.2391E-01 2.8211E+02    8.6154E-03    6.7595E-09    6.8408E-01   -1.5791E+00    4.3823E+01    2.2800E-04
5.5342E-01  9.6538E-01 2.8408E+02    9.8389E-03    6.3474E-09    6.8412E-01   -1.7942E+00    4.6021E+01    2.2800E-04
1.8328E-01  1.0075E+00 2.8594E+02    1.1182E-02    6.0348E-09    7.0227E-01   -2.0372E+00    4.8184E+01    2.2800E-04
0.0000E+00  1.0288E+00 2.8688E+02    1.1857E-02    6.0900E-09    7.9959E+00   -3.4608E+00    4.9298E+01    2.2800E-04
