   183.931090509615        0.212892662749220E-06
   173.795018438038        0.286401083598829E-06
   168.051418890269        0.376411834327639E-06
   165.930300260601        0.485274462856152E-06
   166.052403135971        0.607505088966471E-06
   167.317072729053        0.737359042806311E-06
   169.043905009810        0.882049885558464E-06
   170.859782260124        0.104420565324945E-05
   172.566294997066        0.121142808910760E-05
   174.056746318250        0.139282046313995E-05
   175.277503274946        0.157873454126783E-05
   176.213275174339        0.176270512212722E-05
   176.881281347870        0.195680524537411E-05
   177.324873007568        0.214051744090748E-05
   177.606469262492        0.232177096898785E-05
   177.799503380377        0.249943569428294E-05
   177.979926172385        0.267171355342253E-05
   178.218637601128        0.283363246510230E-05
   178.575866272629        0.299270318149760E-05
   179.096924275166        0.313580434151240E-05
   179.809890151357        0.327500935036773E-05
   180.724776133839        0.340982933726134E-05
   181.833751080031        0.353616205836910E-05
   183.113130322805        0.365112286333212E-05
   184.528217608171        0.375999082019485E-05
   186.039685463103        0.386761734800840E-05
   187.609473691463        0.396742154357501E-05
   189.205169267414        0.406362923650330E-05
   190.802272851114        0.414869424552060E-05
   192.384231192336        0.423586641503101E-05
   193.940690110474        0.431291900499086E-05
   195.464769652498        0.438972999907937E-05
   196.950148296392        0.445713878813100E-05
   198.389309036780        0.451823645393098E-05
   199.773802509514        0.457920193852226E-05
   201.095893707609        0.463490200527277E-05
   202.352182939580        0.469025723078736E-05
   203.546336496727        0.473024315209825E-05
   204.690980831766        0.477018440151799E-05
   205.807101907536        0.479994624788714E-05
   206.919190061626        0.481978176223643E-05
   208.045422141467        0.483449950525025E-05
   209.187367240029        0.484913706009423E-05
   210.324852249843        0.484630968113344E-05
   211.415109623927        0.483185006551660E-05
   212.395627515271        0.481496867271767E-05
   213.194163774082        0.478645867728445E-05
   213.745505832953        0.474640530782624E-05
   214.008876152910        0.468553271475704E-05
   213.974805944187        0.462517651323146E-05
   213.663148043260        0.454589279787155E-05
   213.114752741084        0.446522621055910E-05
   212.383362491168        0.437688946903216E-05
   211.530549142570        0.428372119866472E-05
   210.622344316225        0.418133991255693E-05
   209.724447216670        0.408083981004432E-05
   208.896278047002        0.397243218321103E-05
   208.186331694901        0.387302813278968E-05
   207.627804310201        0.376932588309566E-05
   207.235718727243        0.366967955241635E-05
   207.007255119242        0.357274824094606E-05
   206.923868471609        0.348159170474414E-05
   206.955226228008        0.339175664851925E-05
   207.064077912063        0.331390496681207E-05
   207.207318363600        0.323915933116844E-05
   207.351501602548        0.317706969416867E-05
   207.481768944483        0.312393448929657E-05
   207.600777028703        0.307527382739855E-05
   207.725165306510        0.303801504001356E-05
   207.882087611054        0.301169031390489E-05
   208.111129094227        0.299166477643067E-05
   208.415003623309        0.300400391600397E-05
   208.821209933465        0.365619674813782E-05
   209.333917902419        0.424208621564137E-05
   209.878224708032        0.490478151795088E-05
   210.596524954017        0.544292730509244E-05
   213.795892445413        0.846634662787327E-05
   218.190069469449        0.151687625390031E-04
   222.567074580058        0.264950040866510E-04
   226.909871244216        0.450981871217281E-04
   231.197983763298        0.747579698520831E-04
   235.407743897252        0.120589459945599E-03
   239.513058373494        0.189119807420067E-03
   243.486852210307        0.288136623845995E-03
   247.304469942731        0.426305761097583E-03
   250.946378934340        0.612605980135941E-03
   254.399963823803        0.855720903732698E-03
   257.660022623132        0.116353874496858E-02
   260.728027557877        0.154284886874401E-02
   263.610602969597        0.199923768094726E-02
   266.317763044327        0.253712574750625E-02
   268.861311318958        0.315987129177830E-02
   271.253596725927        0.386987971271480E-02
   273.575345811684        0.470536163009449E-02
   275.941326089985        0.563161911170008E-02
   278.190776549151        0.652003031479115E-02
   280.342210765701        0.766801104098681E-02
   282.384998380948        0.876021271262820E-02
   284.345606659941        0.100280761247971E-01
   286.205142841558        0.113649256997000E-01
   287.138760682434        0.120367554891759E-01
