   182.921358352359        0.227170716387247E-06
   172.228353521715        0.305945640165217E-06
   165.941917871771        0.401696311083353E-06
   163.271315452122        0.515353029914817E-06
   162.831343307320        0.639431453697539E-06
   163.528512530062        0.768990274433867E-06
   164.690884843938        0.910909059635330E-06
   165.957106439781        0.106941374422952E-05
   167.145074184974        0.123072992429782E-05
   168.169221203814        0.139543227281118E-05
   169.000098224358        0.156391518032296E-05
   169.644905670660        0.173906361124444E-05
   170.136405181943        0.190507795013575E-05
   170.524298104097        0.207218409819526E-05
   170.866815792301        0.223274399471753E-05
   171.223349373522        0.238797628482805E-05
   171.648981540974        0.254196226261815E-05
   172.190721918523        0.268734914059485E-05
   172.885802432823        0.283051642476760E-05
   173.761767131868        0.299567644431602E-05
   174.836279904007        0.320879123776947E-05
   176.114081615101        0.342255236943626E-05
   177.584176267747        0.362905743380243E-05
   179.219508491457        0.382571303662492E-05
   180.980812646207        0.400797665896908E-05
   182.823429799245        0.418898679505834E-05
   184.704059796381        0.435634036795801E-05
   186.585777541179        0.452178234275940E-05
   188.440588933319        0.467410520744482E-05
   190.249409843037        0.482380491982452E-05
   192.000029948432        0.496083781916165E-05
   193.684338440170        0.509460534367777E-05
   195.295716250263        0.522435337055331E-05
   196.827761544691        0.533724351587279E-05
   198.274932269722        0.544964548313477E-05
   199.634577974584        0.555499427328100E-05
   200.909380036531        0.566002292858949E-05
   202.109902066975        0.575100491395605E-05
   203.255847326986        0.583181937961331E-05
   204.373722892880        0.590569815801648E-05
   205.492098007980        0.597136536306427E-05
   206.633115143433        0.602737733198312E-05
   207.802474515199        0.607098137526655E-05
   208.985074158143        0.611290099710846E-05
   210.143931156242        0.613582023308630E-05
   211.222313532792        0.615010268714494E-05
   212.151061470304        0.616000000000000E-05
   212.863958960187        0.615164413091801E-05
   213.315659686317        0.612540262032709E-05
   213.491468649782        0.609171306146659E-05
   213.404050747895        0.605084059586251E-05
   213.088852010909        0.599411290786756E-05
   212.595651711363        0.592782524568829E-05
   211.981674027282        0.586258278333368E-05
   211.308601135388        0.578359922497229E-05
   210.638172718819        0.569505392183866E-05
   210.026937456861        0.560798489041689E-05
   209.520419393739        0.552234023563385E-05
   209.149700688913        0.543616171512356E-05
   208.929577172775        0.534473227725290E-05
   208.858410980544        0.525746013758251E-05
   208.919731959075        0.517202295556918E-05
   209.085329330483        0.509236686598030E-05
   209.319292236946        0.501378875129540E-05
   209.579782621113        0.493730143301581E-05
   209.833093426100        0.488113756231747E-05
   210.061580861041        0.482096840436568E-05
   210.264565499349        0.477844749113513E-05
   210.456649189429        0.473991433124954E-05
   210.663193540031        0.470894860792659E-05
   210.911766087170        0.468615215315394E-05
   211.229244482876        0.468386138811866E-05
   211.607416139026        0.479988452213211E-05
   212.060202652113        0.531267441069221E-05
   212.593668483387        0.651211672887177E-05
   213.151676954851        0.773174817980843E-05
   213.829963816700        0.850774033910638E-05
   217.839550517033        0.145025118032080E-04
   222.206309135728        0.253436849370622E-04
   226.542149100672        0.431758435515183E-04
   230.826576496861        0.716565070246419E-04
   235.035661485189        0.115753019420457E-03
   239.143096698168        0.181830958453052E-03
   243.122140653996        0.277538392764659E-03
   246.948186744986        0.411449802657348E-03
   250.601345897568        0.592518533018642E-03
   254.068319914183        0.829467772270699E-03
   257.343090755836        0.113027382116150E-02
   260.426391130865        0.150184394273514E-02
   263.324265623587        0.194989364848035E-02
   266.046315523286        0.247896878956774E-02
   268.604073416768        0.309253918609504E-02
   271.009724523053        0.379310265279842E-02
   273.295854873431        0.459821910349167E-02
   275.675114124879        0.552978004958027E-02
   277.931642639704        0.641537219650373E-02
   280.094597298080        0.753903088643308E-02
   282.145944041744        0.863596975502274E-02
   284.113812422378        0.986572110084052E-02
   285.980897353642        0.112082178739522E-01
   286.917361300792        0.118822159427976E-01
