   182.832430157738        0.229997283110694E-06
   172.187131674198        0.309931123087800E-06
   165.919821894463        0.406453387236681E-06
   163.244670709503        0.521626215215564E-06
   162.794833789385        0.647098873593954E-06
   163.482508280931        0.778239338197599E-06
   164.635285097654        0.920822432837774E-06
   165.892101021575        0.107875852337240E-05
   167.072257902681        0.123995171062995E-05
   168.091597769285        0.140450692006593E-05
   168.921936451585        0.158222102479296E-05
   169.570621857352        0.175275526909562E-05
   170.069955302846        0.192391965515146E-05
   170.468857621862        0.209104641024142E-05
   170.824666925846        0.225147545768442E-05
   171.196171762888        0.241540601563120E-05
   171.637540905384        0.256076546610326E-05
   172.194993253884        0.270625284079923E-05
   172.905575237362        0.285934161685309E-05
   173.796629615115        0.302410961473327E-05
   174.885328157900        0.323726298808171E-05
   176.175850045638        0.345113632590849E-05
   177.656496046779        0.365781647351165E-05
   179.299582760672        0.384588671772337E-05
   181.065616450669        0.403064783295643E-05
   182.909996006594        0.420823224884218E-05
   184.789657061486        0.437567327473303E-05
   186.668130277332        0.453126504704629E-05
   188.518084970601        0.468366038286296E-05
   190.321132805919        0.483347212807384E-05
   192.065619439805        0.497055979021745E-05
   193.743736999091        0.509743782529213E-05
   195.349229495583        0.522594259292856E-05
   196.876108360013        0.534374510839568E-05
   198.319067725859        0.544956543904233E-05
   199.675493058453        0.555494023891063E-05
   200.947941004022        0.565142820721204E-05
   202.146743029011        0.574099700599466E-05
   203.291420269318        0.582182744862720E-05
   204.408383564516        0.589572009159730E-05
   205.526148302321        0.596139381764062E-05
   206.666811367927        0.601740652003923E-05
   207.835990496715        0.606101842371235E-05
   209.018411848473        0.609293076776868E-05
   210.177019291974        0.612167137920049E-05
   211.255093189667        0.614000000000000E-05
   212.183406955682        0.614000000000000E-05
   212.895738187672        0.613161935349069E-05
   213.346859460952        0.610534838186248E-05
   213.522199624964        0.607162522623847E-05
   213.434367424759        0.602099492085359E-05
   213.118569333633        0.596716423966683E-05
   212.623853936532        0.590116853297740E-05
   212.007678300732        0.583240028529467E-05
   211.332342942810        0.575333163288959E-05
   210.659726495210        0.566982339271501E-05
   210.045683291592        0.558021874059686E-05
   209.535783067989        0.549205380457500E-05
   209.161540688208        0.540582520935703E-05
   208.937945504277        0.531076565874192E-05
   208.863366547107        0.522249602838509E-05
   208.921226030728        0.513481231229575E-05
   209.083053287066        0.505207150972486E-05
   209.312711370740        0.497349770462828E-05
   209.568255899647        0.490651096822739E-05
   209.816158566993        0.484242042588992E-05
   210.039301654630        0.478850775478813E-05
   210.237232451133        0.474123117863992E-05
   210.424110749404        0.470640301271724E-05
   210.624659760006        0.467257197242565E-05
   210.867217738074        0.465223880118975E-05
   211.175189465672        0.464388892611219E-05
   211.560951304105        0.476060633576775E-05
   212.023064768680        0.526845552219950E-05
   212.543072135037        0.646139778838355E-05
   213.078724146834        0.765144245092917E-05
   213.777592299233        0.844824391710500E-05
   217.819118618967        0.144643807443540E-04
   222.185659223102        0.252789624756298E-04
   226.521376947281        0.430691400483006E-04
   230.805805205546        0.714859499252561E-04
   235.015038878916        0.115489210271779E-03
   239.122787151780        0.181436789967855E-03
   243.102311602072        0.276970142199037E-03
   246.928992438606        0.410659561380369E-03
   250.582912598574        0.591457520462919E-03
   254.050736158369        0.828089695505865E-03
   257.326403896224        0.112853738832845E-02
   260.410609561532        0.149971397780944E-02
   263.309366971576        0.194734112901716E-02
   266.032256183186        0.247597014711180E-02
   268.590797232491        0.308907529858450E-02
   270.997169585730        0.378915783883687E-02
   273.283959736693        0.459363383612867E-02
   275.663801780995        0.552542260112179E-02
   277.920755551607        0.641118184656662E-02
   280.084206490332        0.753357896548573E-02
   282.135923500196        0.863071709058376E-02
   284.104091644176        0.985886099218672E-02
   285.971514089693        0.112016029218749E-01
   286.908115752263        0.118757017101991E-01
