   182.911675860812        0.223938459556077E-06
   172.271615108663        0.301958961715723E-06
   166.009535991699        0.396078238174650E-06
   163.352617361033        0.508174833004331E-06
   162.924759099575        0.630666021269543E-06
   163.633955205378        0.759569606869349E-06
   164.806937377935        0.900163872102311E-06
   166.080865947036        0.105028722410182E-05
   167.273589863957        0.121177905676615E-05
   168.299921616453        0.138344957398177E-05
   169.129429194993        0.154527692928207E-05
   169.768590280768        0.172066584065329E-05
   170.250089086611        0.188678468315846E-05
   170.623552667910        0.205389509677504E-05
   170.947366423263        0.221157843560856E-05
   171.281768505847        0.236849335716692E-05
   171.683048490341        0.251950157194439E-05
   172.199573969423        0.266898620022565E-05
   172.869575753314        0.280720292299464E-05
   173.721237999189        0.296763909239298E-05
   174.772851231987        0.317704683046504E-05
   176.030163270196        0.339490147799523E-05
   177.483334623015        0.360734614456736E-05
   179.106120099324        0.380747963424665E-05
   180.859461677159        0.398962062466409E-05
   182.698346757304        0.417216180956197E-05
   184.578910337414        0.434756453536031E-05
   186.463505891982        0.451275898366290E-05
   188.323364792945        0.467244948667957E-05
   190.138585693966        0.481718048022121E-05
   191.896241313149        0.496142889030898E-05
   193.587598281115        0.509816577561056E-05
   195.205495022548        0.522648712294138E-05
   196.743196588125        0.534756467743323E-05
   198.194907038965        0.545987978504284E-05
   199.557967451199        0.557518282023941E-05
   200.835150689802        0.567158106047897E-05
   202.037137010725        0.576109659207396E-05
   203.183851382249        0.585023542889619E-05
   204.302048258908        0.592572081939779E-05
   205.420506410983        0.599136266975560E-05
   206.561569282583        0.604980721032807E-05
   207.731192561295        0.610094888136635E-05
   208.914518431813        0.614286945420669E-05
   210.074791347716        0.616579959681224E-05
   211.155532614697        0.618999999999999E-05
   212.087568848846        0.618999999999999E-05
   212.804300173472        0.618167843078898E-05
   213.259963928195        0.616547981886001E-05
   213.438961433555        0.613184099075673E-05
   213.354079251711        0.609097999476969E-05
   213.040364358868        0.603436545501802E-05
   212.547462097052        0.596809522537337E-05
   211.933627664104        0.590286865848614E-05
   211.261572540637        0.582631585423278E-05
   210.593552275239        0.574549796298769E-05
   209.986170676612        0.565844476541086E-05
   209.484713773483        0.557281288664141E-05
   209.119889016520        0.548672195941606E-05
   208.906115612803        0.539523035825743E-05
   208.841494072144        0.530803541455289E-05
   208.909514151448        0.522252837448666E-05
   209.082084818901        0.514287154340476E-05
   209.323463949973        0.506428971722111E-05
   209.591984309700        0.499718816741041E-05
   209.853913982975        0.493297215001663E-05
   210.091451450567        0.488124169431300E-05
   210.303696515183        0.483871142361875E-05
   210.504828611030        0.480010369628399E-05
   210.719700193520        0.476912829420676E-05
   210.975970244400        0.474241174358768E-05
   211.295203214142        0.473761339078124E-05
   211.687562976941        0.485847937772643E-05
   212.150506076724        0.537474357406641E-05
   212.666521750357        0.657604273306396E-05
   213.196844288050        0.777350511673152E-05
   213.958705399865        0.865566092394864E-05
   217.880342003577        0.145788719493745E-04
   222.247535295228        0.254732778026134E-04
   226.583609827776        0.433894153696338E-04
   230.868017572564        0.719976829021376E-04
   235.076774586439        0.116280236844349E-03
   239.183531579214        0.182617484415481E-03
   243.161528858652        0.278669438521581E-03
   246.986171427699        0.413016412468163E-03
   250.637609181429        0.594608915777917E-03
   254.102600615908        0.832157535524119E-03
   257.375190556104        0.113361677846728E-02
   260.456171202376        0.150586471872036E-02
   263.351633975264        0.195458191615971E-02
   266.071215426356        0.248427549971036E-02
   268.626478310303        0.309837566632698E-02
   271.029641785751        0.379934433441751E-02
   273.336989834821        0.461411278470861E-02
   275.712780295370        0.554432819782051E-02
   277.966454231600        0.642881006296523E-02
   280.126562096327        0.755584131087658E-02
   282.175744635884        0.865162873254091E-02
   284.142014312346        0.988566120045427E-02
   286.007753827745        0.112271903652853E-01
   286.943732595955        0.119008375306967E-01
