   182.883582937659        0.219522165499041E-06
   172.285271413137        0.295883047170451E-06
   166.074654455658        0.389116664922957E-06
   163.462608316167        0.499649915074561E-06
   163.068338257897        0.620628117210737E-06
   163.801876577986        0.748093398812436E-06
   164.992756283959        0.887293909352239E-06
   166.280473653562        0.104115772826567E-05
   167.483079260014        0.120293944223066E-05
   168.513806150734        0.136481028364723E-05
   169.341331822390        0.153663973009922E-05
   169.971467064277        0.170271123761652E-05
   170.436522221979        0.186732925068536E-05
   170.786629461739        0.203375794551126E-05
   171.081670482388        0.219398920805231E-05
   171.383680970700        0.235109759362861E-05
   171.750396531230        0.249648331405791E-05
   172.231324763805        0.264151035335727E-05
   172.865746260777        0.277964232692603E-05
   173.682582754497        0.293022495973691E-05
   174.700799899901        0.313097886329504E-05
   175.927471700386        0.335837252697106E-05
   177.354139099009        0.357070975982072E-05
   178.955735218729        0.378014383446572E-05
   180.693883038546        0.396893664555557E-05
   182.523485267239        0.415442749023485E-05
   184.399905914834        0.432947318576095E-05
   186.284560923217        0.450429855606486E-05
   188.147664058067        0.466397163751475E-05
   189.968357746605        0.481838478681046E-05
   191.732810030708        0.496238130456680E-05
   193.431507704221        0.510577464872778E-05
   195.056682504668        0.523547878268814E-05
   196.601229391901        0.535807155795393E-05
   198.059303218303        0.547883656405578E-05
   199.428236642167        0.559545908027929E-05
   200.710858873178        0.570036995306140E-05
   201.917759186223        0.579120274300708E-05
   203.068047848837        0.588028001714033E-05
   204.188413105914        0.595570823486726E-05
   205.308259351861        0.602913532747300E-05
   206.450597152536        0.608972126644658E-05
   207.621529821382        0.614085686245913E-05
   208.806716484634        0.618279048473296E-05
   209.969911535885        0.621149905252064E-05
   211.054441954254        0.624000000000000E-05
   211.990874911682        0.624000000000000E-05
   212.712409506081        0.624000000000000E-05
   213.172478813276        0.621563590022059E-05
   213.354828478296        0.618806622799000E-05
   213.272641083030        0.615124939695848E-05
   212.960975335190        0.609788245027339E-05
   212.469371978639        0.603859985774607E-05
   211.856585587819        0.597339803390772E-05
   211.185805525113        0.589698724450643E-05
   210.519515638165        0.581631543779546E-05
   209.914448342496        0.572929369345774E-05
   209.416110380555        0.564369054955324E-05
   209.055745549308        0.555930704549794E-05
   208.848589565931        0.547275054377510E-05
   208.792644900819        0.538425782152665E-05
   208.871036288132        0.530350342824759E-05
   209.055477447085        0.522385573232171E-05
   209.310104471331        0.514527732542608E-05
   209.592948974256        0.507804405355822E-05
   209.869985943365        0.501367988468712E-05
   210.123237675289        0.496180009614816E-05
   210.351478757265        0.491925910781727E-05
   210.568381679495        0.488050362769815E-05
   210.798162239154        0.484951519628842E-05
   211.067793970138        0.482633206185319E-05
   211.398161038861        0.482737794203477E-05
   211.798896495590        0.494863285541892E-05
   212.267450107165        0.547066016015901E-05
   212.786898835166        0.668735698936615E-05
   213.320052110010        0.790286626837693E-05
   214.129898834107        0.885569393626028E-05
   218.000133729519        0.148051097286048E-04
   222.368602397054        0.258571085426155E-04
   226.705440170677        0.440221508594515E-04
   230.989935207298        0.730092958516596E-04
   235.197953271658        0.117845766511020E-03
   239.303041245955        0.184958444827181E-03
   243.278416951501        0.282047851648506E-03
   247.099566204638        0.417721409778558E-03
   250.746818890651        0.600939141410390E-03
   254.207180902627        0.840404800808507E-03
   257.474964923895        0.114405592344499E-02
   260.551207746903        0.151875181299089E-02
   263.442194612004        0.197015971698642E-02
   266.157693373261        0.250278271848891E-02
   268.709335456234        0.312005576237533E-02
   271.109351620240        0.382444960118491E-02
   273.414011956033        0.464372555209798E-02
   275.787577449999        0.557305352934005E-02
   278.039952311257        0.645700661369350E-02
   280.198042397912        0.759324473101735E-02
   282.245755164931        0.868821945173869E-02
   284.210670693059        0.993399473571562E-02
   286.074413597624        0.112740538419450E-01
   287.009521480220        0.119470548839376E-01
