   182.875321904346        0.248820223846488E-06
   172.160374754276        0.335599209888338E-06
   165.813143285795        0.439272473246875E-06
   163.084122685044        0.563134304391204E-06
   162.600554579021        0.695670154997690E-06
   163.266846721310        0.834318180821296E-06
   164.406895310946        0.984335132832177E-06
   165.658024087023        0.115406920145237E-05
   166.839739711619        0.132128324251536E-05
   167.868827219632        0.149893611010705E-05
   168.717726056659        0.168492579114957E-05
   169.393879135304        0.186203197004606E-05
   169.928615216653        0.203872833466618E-05
   170.369561896008        0.222199743675618E-05
   170.772396722206        0.238550874587925E-05
   171.194374365874        0.255785118378205E-05
   171.688783080171        0.271546824248644E-05
   172.301327520117        0.287055961360588E-05
   173.068438511056        0.302877301379395E-05
   174.016604364947        0.321769273704394E-05
   175.160398967628        0.342107846860571E-05
   176.499644454324        0.361511559599651E-05
   178.018428598756        0.380740854806621E-05
   179.686298341757        0.398985722997332E-05
   181.462699261490        0.415743076767687E-05
   183.303706024491        0.431408789602108E-05
   185.168496423930        0.446666736315304E-05
   187.023782392675        0.461755217628644E-05
   188.845452508404        0.476218479829067E-05
   190.617762370463        0.489241443303017E-05
   192.331252255664        0.502199027936124E-05
   193.979959856281        0.514088094140387E-05
   195.558898037933        0.525553803952764E-05
   197.062827225462        0.536351411991869E-05
   198.486916298249        0.546095511657628E-05
   199.828734727828        0.556136297661471E-05
   201.090461909665        0.564290064279244E-05
   202.281626846313        0.572760113258021E-05
   203.420943119794        0.580197405403923E-05
   204.534108941368        0.586274009224006E-05
   205.649118321608        0.592159012149234E-05
   206.787926701684        0.596758200535042E-05
   207.956230538059        0.600415192373506E-05
   209.138985869204        0.603308540651576E-05
   210.298602228843        0.605592433897517E-05
   211.377276745654        0.606000000000000E-05
   212.305208287374        0.605558601514647E-05
   213.016086436548        0.604150592732892E-05
   213.464985390963        0.601265166850968E-05
   213.637347005453        0.597123495408296E-05
   213.545252893460        0.592044564076470E-05
   213.222361512192        0.585321985336492E-05
   212.717784528218        0.578689374426267E-05
   212.090272565805        0.571194090392689E-05
   211.403046959658        0.562219485139897E-05
   210.718360123472        0.553361778120339E-05
   210.092194799698        0.544652630419631E-05
   209.570060082900        0.535099137201708E-05
   209.183285907677        0.525444467151570E-05
   208.946710260589        0.515938658943086E-05
   208.858481185504        0.506575005408479E-05
   208.901541883468        0.498054337180115E-05
   209.046950549313        0.489246087807926E-05
   209.258380376118        0.481236946314770E-05
   209.494050627667        0.474556226873430E-05
   209.720617783283        0.467998499476734E-05
   209.920931459652        0.462023675432857E-05
   210.094883229756        0.457775703873890E-05
   210.257946564059        0.453589950888991E-05
   210.436953384604        0.450234230369138E-05
   210.662138391445        0.448203247260632E-05
   210.957491291541        0.447397932437855E-05
   211.334477240572        0.458544910384553E-05
   211.790021614991        0.507433922422952E-05
   212.304273708187        0.624396609608486E-05
   212.834304829598        0.740289101616975E-05
   213.572032801565        0.821831042428668E-05
   217.771195097994        0.143752605264483E-04
   222.137224616064        0.251276724378004E-04
   226.472685983764        0.428198360128498E-04
   230.757174804823        0.710878693014821E-04
   234.966837060198        0.114874390526208E-03
   239.075409631012        0.180519763796439E-03
   243.056148861514        0.275650504154627E-03
   246.884394819041        0.408827548908271E-03
   250.540162322796        0.589001712431503E-03
   254.010030682791        0.824905035087281E-03
   257.287848237346        0.112453121359219E-02
   260.374216223478        0.149480818045580E-02
   263.275076132144        0.194147207074221E-02
   265.999958716545        0.246908688972690E-02
   268.560355391085        0.308113714969591E-02
   270.968432989990        0.378013191787736E-02
   273.256782196445        0.458314436603810E-02
   275.637999946434        0.551546820047308E-02
   277.895962642290        0.640162128713211E-02
   280.060578068459        0.752116048943251E-02
   282.113166802639        0.861876451416312E-02
   284.082041350848        0.984327277793629E-02
   285.950251347509        0.111865828769607E-01
   286.887182500492        0.118609205473692E-01
