   184.537372996787        0.170029462180971E-06
   174.615483894374        0.229489723303843E-06
   169.083806042769        0.302870172922103E-06
   167.174567334395        0.392886966043663E-06
   167.520428212491        0.497011168506481E-06
   169.020722152762        0.609434543733593E-06
   170.987898120622        0.734768066248964E-06
   173.041245786852        0.874498578325520E-06
   174.974377109985        0.102726974186277E-05
   176.670912641464        0.118572015281534E-05
   178.066890166327        0.135638047233425E-05
   179.137365889144        0.152715976289070E-05
   179.891802173935        0.169794571337765E-05
   180.370067914731        0.186764777238805E-05
   180.635691077299        0.203579855158276E-05
   180.766658873284        0.220318363947780E-05
   180.845189506161        0.236027279284939E-05
   180.949007671951        0.250797055006822E-05
   181.145286987089        0.265485434582543E-05
   181.486236485567        0.279255625089967E-05
   182.006384886719        0.292092879023146E-05
   182.721609088497        0.303895383949762E-05
   183.629877311382        0.315985244017956E-05
   184.712686911664        0.326052324847845E-05
   185.939249220319        0.336341593790647E-05
   187.272236157562        0.345753020820970E-05
   188.673761291625        0.354285524196709E-05
   190.110653942399        0.363079861960432E-05
   191.557451895464        0.370863969498650E-05
   192.997215404787        0.378610615625335E-05
   194.420189218315        0.385346681566249E-05
   195.821043627588        0.392437513005941E-05
   197.195547609786        0.398436401114255E-05
   198.538231964025        0.403697314930008E-05
   199.842145281860        0.408791490567112E-05
   201.100131286550        0.414143389695004E-05
   202.308057658213        0.417672024361588E-05
   203.468574780267        0.421452057439296E-05
   204.592253130977        0.424440052890366E-05
   205.696768244984        0.427411317668238E-05
   206.802687437718        0.429183320207548E-05
   207.924441971473        0.430000000000000E-05
   209.059083749046        0.430000000000000E-05
   210.180585803134        0.429434946912842E-05
   211.239429711705        0.427992485197549E-05
   212.166955806660        0.426118387382468E-05
   212.887320623798        0.422414116023737E-05
   213.336804629360        0.417917727964485E-05
   213.480065683694        0.411681126192882E-05
   213.315744277633        0.404809509336891E-05
   212.871126133193        0.397624444408813E-05
   212.192246813894        0.389613013450213E-05
   211.337781159284        0.380693702014681E-05
   210.375376505747        0.371303592326137E-05
   209.376198850391        0.361760755227436E-05
   208.408280639547        0.352191646952889E-05
   207.531450636183        0.341399828748888E-05
   206.791881692496        0.331756555225142E-05
   206.219270802162        0.322278944246717E-05
   205.825663247229        0.312956321166919E-05
   205.604987638523        0.303778636392983E-05
   205.535362491406        0.294737144889423E-05
   205.583462095714        0.286842682296360E-05
   205.709352182453        0.279258940510454E-05
   205.867525433728        0.272744641907006E-05
   206.026046170693        0.266603402977650E-05
   206.174539072380        0.261663766427799E-05
   206.320995347071        0.257879601692367E-05
   206.477261553948        0.254805788871061E-05
   206.668191651606        0.251777177938167E-05
   206.915155231193        0.249598620717635E-05
   207.267113345517        0.253137425281654E-05
   207.707620152454        0.320138474480748E-05
   208.273112271226        0.367950119977710E-05
   208.884756586334        0.427178718392287E-05
   210.310408149700        0.523018421692912E-05
   214.182543757758        0.891399372991847E-05
   218.582980592962        0.159506965103488E-04
   222.965447031247        0.278248257379743E-04
   227.312364524096        0.472966338602941E-04
   231.602481875910        0.782825904699141E-04
   235.811233689257        0.126053910585964E-03
   239.911896709256        0.197292916258855E-03
   243.877606856343        0.299925293605041E-03
   247.684022146205        0.442703669738980E-03
   251.312149249980        0.634624645852873E-03
   254.750145713230        0.884325190675586E-03
   257.993658502457        0.119960193575801E-02
   261.044939169563        0.158713415617655E-02
   263.911229263745        0.205240227872617E-02
   266.602966568322        0.259973803928329E-02
   269.132198866943        0.323243143611779E-02
   271.511376645193        0.395283701431862E-02
   273.846343497075        0.480938453817553E-02
   276.201192359257        0.573121880249189E-02
   278.447471422581        0.665427539742773E-02
   280.588973661801        0.779685562110820E-02
   282.624360982151        0.888499220341447E-02
   284.577477594134        0.101909015464607E-01
   286.429767861903        0.115223907254415E-01
   287.360432498844        0.121920109636508E-01
