   183.106543408965        0.304484722712946E-06
   172.451473287895        0.409166262624087E-06
   166.230541031389        0.535250777899556E-06
   163.650833258407        0.684095438187602E-06
   163.318091481607        0.838096523793501E-06
   164.130714736202        0.100341800198687E-05
   165.414579435660        0.118198041354797E-05
   166.808441469163        0.138322051543109E-05
   168.129891382924        0.158601455351523E-05
   169.290033330577        0.179901738918202E-05
   170.252807115077        0.201557193421576E-05
   171.017436559057        0.223200121739370E-05
   171.609813182646        0.245005662482811E-05
   172.075334636052        0.266120677219828E-05
   172.471741993074        0.286980019528360E-05
   172.861958389034        0.306560631118603E-05
   173.307899659299        0.325944764048785E-05
   173.864905503308        0.344022874149635E-05
   174.577356216831        0.362174577755891E-05
   175.474981993891        0.379257405789668E-05
   176.570344939267        0.394865122607744E-05
   177.858542817718        0.410304543692341E-05
   179.318678982813        0.424207612833529E-05
   180.917359924860        0.438065954757811E-05
   182.614368532187        0.451332994914468E-05
   184.368971355335        0.463634048713696E-05
   186.145120699849        0.475297700472372E-05
   187.914420816748        0.486051465921920E-05
   189.656832671902        0.496789879592721E-05
   191.359440766803        0.507309145555497E-05
   193.014045342213        0.516498041934409E-05
   194.614750165737        0.525672275941308E-05
   196.156004676836        0.534025394030622E-05
   197.631729413125        0.541634562434369E-05
   199.035945446006        0.549224312782486E-05
   200.364551945840        0.555427267375789E-05
   201.617938150862        0.561453146980909E-05
   202.803973608746        0.567448466729059E-05
   203.939665767652        0.572563106341816E-05
   205.049498403594        0.576013885533140E-05
   206.160419612466        0.579627904180828E-05
   207.293388776087        0.582281433251771E-05
   208.452916148257        0.583740548136350E-05
   209.622901961658        0.584191340305662E-05
   210.765656285202        0.584366161853226E-05
   211.823686468821        0.582933302953218E-05
   212.727085469067        0.580529563901813E-05
   213.408969239588        0.577198094842540E-05
   213.823437896471        0.571801828239695E-05
   213.955659409358        0.566270263597084E-05
   213.819185040698        0.558761063613629E-05
   213.449722479817        0.551224487086799E-05
   212.896777316697        0.541932624661973E-05
   212.217973811093        0.532791201108659E-05
   211.476302238217        0.523143072105210E-05
   210.734727041097        0.512341953289302E-05
   210.050191955746        0.502396433957426E-05
   209.469043398988        0.491564218003828E-05
   209.023061225375        0.480713733794803E-05
   208.727165494309        0.470036934206529E-05
   208.579487903298        0.459524142797583E-05
   208.563380908987        0.449166649893704E-05
   208.650590890539        0.439851822800810E-05
   208.805352399728        0.431901148244232E-05
   208.986114372941        0.423297032045049E-05
   209.159745887266        0.416761432737319E-05
   209.309901872284        0.410600788466400E-05
   209.438364362742        0.405649949661335E-05
   209.562657409798        0.401481031459734E-05
   209.710154741142        0.398188512484754E-05
   209.910493611318        0.396166166326632E-05
   210.188222834879        0.395412059497202E-05
   210.557465046476        0.406795735126938E-05
   211.018753640273        0.511439123067406E-05
   211.545583484396        0.584888172661718E-05
   212.089221673282        0.669054697599276E-05
   213.401062297387        0.803115089731057E-05
   217.788243267959        0.144065076035771E-04
   222.155504413141        0.251839859514844E-04
   226.491254782436        0.429135869608171E-04
   230.776078733309        0.712404440940359E-04
   234.986063160440        0.115116166788665E-03
   239.094869433595        0.180891081177737E-03
   243.075682012274        0.276200875002832E-03
   246.903798571028        0.409612944734724E-03
   250.559239302057        0.590081043726730E-03
   254.028632163772        0.826337539190456E-03
   257.305886257228        0.112637485180816E-02
   260.391641023242        0.149711690727405E-02
   263.291865718565        0.194429427618988E-02
   266.016113960224        0.247246530779151E-02
   268.575893957765        0.308510933930745E-02
   270.983383421313        0.378473090925002E-02
   273.271175406621        0.458858587272847E-02
   275.651893163297        0.552069216302975E-02
   277.909519921499        0.640669210699113E-02
   280.073679314719        0.752786246018349E-02
   282.125946178327        0.862526711659383E-02
   284.094566552411        0.985188895903111E-02
   285.962451232804        0.111949310028180E-01
   286.899291968816        0.118691858413620E-01
