   182.912658227437        0.234173588807388E-06
   172.232006020484        0.315835350837560E-06
   165.920941770960        0.413953521298260E-06
   163.211955227324        0.531198895908656E-06
   162.737759632734        0.657699974561770E-06
   163.408195662939        0.790316567565109E-06
   164.550158058589        0.935393216766832E-06
   165.801334391957        0.109777031645501E-05
   166.980352335841        0.125884034961103E-05
   168.002748482333        0.143029163332795E-05
   168.839374907047        0.160080206864725E-05
   169.496925381328        0.177650945810208E-05
   170.007435750919        0.195133540881491E-05
   170.419368744588        0.211652464724096E-05
   170.789583444409        0.227990562256059E-05
   171.176479731261        0.244392698288049E-05
   171.634194123717        0.259932125840525E-05
   172.208754659783        0.274494211621706E-05
   172.936706443857        0.289269719475040E-05
   173.845241333930        0.307227014805134E-05
   174.951081507160        0.328548830905380E-05
   176.257078844762        0.348883485383672E-05
   177.750168164245        0.368639570340724E-05
   179.401932590096        0.388351096479303E-05
   181.172599015129        0.405967948750256E-05
   183.017622356998        0.422739346136693E-05
   184.894491015774        0.439494075949365E-05
   186.767619128314        0.455070538526087E-05
   188.610593065313        0.470318710993137E-05
   190.405777366232        0.484312449782431E-05
   192.142175843110        0.498027599008476E-05
   193.812525930675        0.510420769362002E-05
   195.410951843645        0.522578898455344E-05
   196.931689091631        0.534364688690599E-05
   198.369496182203        0.544949792844534E-05
   199.721774439148        0.555135608504848E-05
   200.991041789337        0.564997817560999E-05
   202.187520898289        0.573751453875784E-05
   203.330577953380        0.581185069783261E-05
   204.446495669963        0.588575854862505E-05
   205.563680725477        0.595143659168536E-05
   206.704066700776        0.599744708065190E-05
   207.873146393944        0.604106745381180E-05
   209.055574100212        0.607296886368826E-05
   210.214209168871        0.610171491729700E-05
   211.292151380350        0.611014705511533E-05
   212.220068799085        0.611566366120868E-05
   212.931661841453        0.610158962280904E-05
   213.381687041021        0.607528370002065E-05
   213.555612600115        0.604152091479593E-05
   213.466089368449        0.599084698362826E-05
   213.148341089702        0.593374921189486E-05
   212.651408054825        0.586744373013436E-05
   212.032707557987        0.579262080399287E-05
   211.354574477968        0.571545359302071E-05
   210.678997953213        0.563445646801548E-05
   210.061940567604        0.554737489099592E-05
   209.548960857581        0.545196536238945E-05
   209.171509677760        0.536543589149330E-05
   208.944508122219        0.527037447178160E-05
   208.866202004511        0.517672830245213E-05
   208.919837781739        0.509138550756168E-05
   209.076853940358        0.501173592254478E-05
   209.301093386387        0.493316835765583E-05
   209.550778489469        0.486623180951209E-05
   209.792616681407        0.480062593429338E-05
   210.009439608352        0.474064074387196E-05
   210.200835320728        0.469813530141447E-05
   210.381311902132        0.465969398595873E-05
   210.576188392604        0.462874364911347E-05
   210.814237784761        0.460217393420287E-05
   211.118829839973        0.459783068534302E-05
   211.501867176349        0.471406061285434E-05
   211.961331824869        0.521032555207984E-05
   212.478566740496        0.639969871383643E-05
   213.011404872887        0.758220066046709E-05
   213.710382714468        0.837242963486650E-05
   217.800356801789        0.144294413297725E-04
   222.166697138142        0.252196526263634E-04
   226.502308051317        0.429713796951053E-04
   230.786747695371        0.713297602898702E-04
   234.996132389266        0.115247786077036E-03
   239.104184483344        0.181076353496793E-03
   243.084166101614        0.276450946588084E-03
   246.911443667332        0.409938098882492E-03
   250.566073966588        0.590489550917220E-03
   254.034687110462        0.826833356917509E-03
   257.311186818205        0.112695552991228E-02
   260.396230862684        0.149777510186090E-02
   263.295804783778        0.194501939582064E-02
   266.019469231567        0.247324470982706E-02
   268.578732857490        0.308592936022419E-02
   270.985769986094        0.378557771162717E-02
   273.273168202224        0.458947205248160E-02
   275.653547055784        0.552147027018537E-02
   277.910893367185        0.640738338239586E-02
   280.074800044176        0.752864050969248E-02
   282.126857514225        0.862596138708983E-02
   284.095301343493        0.985265366877887E-02
   285.963032802753        0.111956194962777E-01
   286.899761923638        0.118698111976339E-01
