   182.840737866591        0.304459943068761E-06
   172.129732310969        0.410240801585267E-06
   165.829773540113        0.536518947116346E-06
   163.137051216415        0.683411394106188E-06
   162.681272737376        0.839129429547903E-06
   163.373598098614        0.100037237276694E-05
   164.542583011540        0.117891372256891E-05
   165.828592085450        0.137404698842641E-05
   167.052645599290        0.157280636345261E-05
   168.130715351389        0.178420863477417E-05
   169.031830856782        0.199384445533211E-05
   169.759006170229        0.220315581445521E-05
   170.339430047222        0.241215384718203E-05
   170.817825278496        0.261877067178579E-05
   171.249767749396        0.282409561428750E-05
   171.694516861780        0.301279953349636E-05
   172.209252692266        0.320068736993217E-05
   172.844295932106        0.337942801798750E-05
   173.639356572642        0.355964475238667E-05
   174.620484718343        0.373857844288473E-05
   175.797738508131        0.390843115858876E-05
   177.164413306858        0.407755903069815E-05
   178.698040903643        0.423076608047316E-05
   180.363789314105        0.438377372189510E-05
   182.120270091553        0.452143918884175E-05
   183.926132345438        0.465840594893688E-05
   185.745220864736        0.478722652312215E-05
   187.549483882898        0.491184171980485E-05
   189.319349385060        0.502601356218191E-05
   191.042457345427        0.513618871327755E-05
   192.711349206711        0.524321467937493E-05
   194.320844059637        0.533721163072606E-05
   195.866086085939        0.542863961280869E-05
   197.341853967150        0.551979918597572E-05
   198.743146570289        0.560228460497356E-05
   200.067083075534        0.567774897711892E-05
   201.315327676092        0.574436507873629E-05
   202.496953484097        0.580421795009376E-05
   203.629337927390        0.586379997670681E-05
   204.737524803166        0.590978528548530E-05
   205.849472783209        0.595398350900500E-05
   206.986084010851        0.598528819752758E-05
   208.152085466373        0.600721221377892E-05
   209.331976339739        0.602000000000000E-05
   210.488273345420        0.602000000000000E-05
   211.563431691428        0.601959323900352E-05
   212.487376912298        0.600075934362898E-05
   213.192926160245        0.597257092560169E-05
   213.633929432295        0.592194856490266E-05
   213.794604930548        0.587398410371463E-05
   213.688150080356        0.580911381709976E-05
   213.349916933403        0.572823591341597E-05
   212.829158903673        0.564860025683517E-05
   212.183899432480        0.556028990471160E-05
   211.476217684793        0.546017086739819E-05
   210.768238493976        0.536607599229188E-05
   210.117155166778        0.525860947484014E-05
   209.568994752157        0.515850919808325E-05
   209.155056737564        0.504990029736892E-05
   208.890086999520        0.494300928050143E-05
   208.772193285532        0.484356835947953E-05
   208.784502294570        0.474401259769657E-05
   208.898452132263        0.465045618462792E-05
   209.078258468893        0.457070981918374E-05
   209.282706754832        0.449323584073959E-05
   209.478995279386        0.442061460277494E-05
   209.650604291380        0.436682620979058E-05
   209.797977191413        0.431706469652501E-05
   209.936862392408        0.427528566362460E-05
   210.094221475589        0.423810684858494E-05
   210.300607522146        0.421180874989765E-05
   210.580927608749        0.420406951578634E-05
   210.948589101257        0.431725479286870E-05
   211.404521313194        0.539231032342450E-05
   211.925799466868        0.616154475570801E-05
   212.464280598715        0.704126274301359E-05
   213.421888741266        0.805393381462781E-05
   217.757929080816        0.143505592382603E-04
   222.123821322041        0.250857422158801E-04
   226.459264819318        0.427509923642646E-04
   230.743869434372        0.709787148925616E-04
   234.953784060052        0.114707460349154E-03
   239.062734869474        0.180273663753919E-03
   243.043956126153        0.275300652550097E-03
   246.872761369558        0.408347554083226E-03
   250.529142370612        0.588365395781819E-03
   253.999661162610        0.824088886054515E-03
   257.278147522999        0.112351626506502E-02
   260.365175389338        0.149357982292202E-02
   263.266666160947        0.194001972035531E-02
   265.992137969067        0.246740327666155E-02
   268.553075875410        0.307921750414197E-02
   270.961644877078        0.377797321257580E-02
   273.250438503130        0.458066036070612E-02
   275.632046250962        0.551312865913825E-02
   277.890304239173        0.639939012824829E-02
   280.055240230292        0.751829754112104E-02
   282.108074817957        0.861602440757907E-02
   284.077150622616        0.983974067111098E-02
   285.945572403919        0.111831931178063E-01
   286.882605844307        0.118575995457845E-01
