     ALT          P          T          FH2O           O3           THEAT        TCOOL        PSATCO2        FCO2
7.3630E+01  3.2610E-05 2.1988E+02    4.7582E-06    5.6816E-08    3.6042E+01   -6.3447E+01    5.9675E+00    2.0700E-04
7.2512E+01  3.8505E-05 2.2122E+02    5.0119E-06    7.0524E-08    5.0448E+00   -4.1951E+01    6.3107E+00    2.0700E-04
7.1395E+01  4.5410E-05 2.2262E+02    5.2505E-06    8.9647E-08    2.1832E+00   -2.7080E+01    6.6844E+00    2.0700E-04
7.0281E+01  5.3485E-05 2.2409E+02    5.4642E-06    1.1520E-07    1.9884E+00   -1.7422E+01    7.0927E+00    2.0700E-04
6.9168E+01  6.2916E-05 2.2561E+02    5.6529E-06    1.4849E-07    2.1098E+00   -1.1569E+01    7.5362E+00    2.0700E-04
6.8056E+01  7.3918E-05 2.2717E+02    5.8169E-06    1.8574E-07    2.2770E+00   -8.2576E+00    8.0141E+00    2.0700E-04
6.6946E+01  8.6734E-05 2.2877E+02    5.9723E-06    2.2574E-07    2.4603E+00   -6.5027E+00    8.5249E+00    2.0700E-04
6.5837E+01  1.0164E-04 2.3039E+02    6.1012E-06    2.6755E-07    2.6545E+00   -5.6253E+00    9.0670E+00    2.0700E-04
6.4730E+01  1.1897E-04 2.3202E+02    6.2219E-06    3.1179E-07    2.8725E+00   -5.2359E+00    9.6384E+00    2.0700E-04
6.3624E+01  1.3906E-04 2.3366E+02    6.3325E-06    3.5963E-07    3.1107E+00   -5.0961E+00    1.0238E+01    2.0700E-04
6.2520E+01  1.6235E-04 2.3529E+02    6.4284E-06    4.1330E-07    3.3786E+00   -5.0789E+00    1.0863E+01    2.0700E-04
6.1417E+01  1.8931E-04 2.3691E+02    6.5166E-06    4.7343E-07    3.6779E+00   -5.1245E+00    1.1512E+01    2.0700E-04
6.0316E+01  2.2045E-04 2.3853E+02    6.5946E-06    5.4060E-07    4.0079E+00   -5.2035E+00    1.2186E+01    2.0700E-04
5.9218E+01  2.5640E-04 2.4013E+02    6.6619E-06    6.1522E-07    4.3654E+00   -5.3031E+00    1.2882E+01    2.0700E-04
5.8122E+01  2.9784E-04 2.4171E+02    6.7251E-06    6.9702E-07    4.7432E+00   -5.4201E+00    1.3601E+01    2.0700E-04
5.7028E+01  3.4554E-04 2.4329E+02    6.7789E-06    7.8678E-07    5.1369E+00   -5.5499E+00    1.4343E+01    2.0700E-04
5.5937E+01  4.0037E-04 2.4485E+02    6.8325E-06    8.8573E-07    5.5406E+00   -5.6920E+00    1.5109E+01    2.0700E-04
5.4848E+01  4.6331E-04 2.4640E+02    6.8760E-06    9.9054E-07    5.9350E+00   -5.8385E+00    1.5898E+01    2.0700E-04
5.3763E+01  5.3548E-04 2.4794E+02    6.9097E-06    1.1184E-06    6.3669E+00   -5.9911E+00    1.6712E+01    2.0700E-04
5.2681E+01  6.1811E-04 2.4948E+02    6.9514E-06    1.2494E-06    6.7492E+00   -6.1414E+00    1.7551E+01    2.0700E-04
5.1602E+01  7.1258E-04 2.5100E+02    6.9759E-06    1.4003E-06    7.1205E+00   -6.2729E+00    1.8417E+01    2.0700E-04
5.0526E+01  8.2047E-04 2.5252E+02    7.0045E-06    1.5696E-06    7.4582E+00   -6.3931E+00    1.9308E+01    2.0700E-04
4.9454E+01  9.4350E-04 2.5403E+02    7.0200E-06    1.7626E-06    7.7516E+00   -6.5066E+00    2.0227E+01    2.0700E-04
4.8386E+01  1.0836E-03 2.5554E+02    7.0300E-06    1.9723E-06    7.9678E+00   -6.6594E+00    2.1173E+01    2.0700E-04
4.7322E+01  1.2430E-03 2.5704E+02    7.0400E-06    2.2124E-06    8.1174E+00   -6.8885E+00    2.2148E+01    2.0700E-04
4.6261E+01  1.4239E-03 2.5861E+02    7.0400E-06    2.4673E-06    8.1405E+00   -7.1793E+00    2.3204E+01    2.0700E-04
4.5204E+01  1.6292E-03 2.6000E+02    7.0300E-06    2.7533E-06    8.0626E+00   -7.4158E+00    2.4169E+01    2.0700E-04
4.4154E+01  1.8617E-03 2.6085E+02    7.0181E-06    3.0602E-06    7.8603E+00   -7.4752E+00    2.4769E+01    2.0700E-04
4.3111E+01  2.1248E-03 2.6097E+02    6.9844E-06    3.3964E-06    7.5547E+00   -7.3301E+00    2.4854E+01    2.0700E-04
4.2080E+01  2.4219E-03 2.6035E+02    6.9498E-06    3.7437E-06    7.1406E+00   -7.0148E+00    2.4412E+01    2.0700E-04
4.1063E+01  2.7571E-03 2.5908E+02    6.8987E-06    4.0692E-06    6.6276E+00   -6.5790E+00    2.3526E+01    2.0700E-04
4.0062E+01  3.1348E-03 2.5730E+02    6.8387E-06    4.3622E-06    6.0725E+00   -6.0784E+00    2.2317E+01    2.0700E-04
3.9078E+01  3.5597E-03 2.5513E+02    6.7697E-06    4.6109E-06    5.5218E+00   -5.5566E+00    2.0913E+01    2.0700E-04
3.8114E+01  4.0371E-03 2.5271E+02    6.6991E-06    4.8044E-06    5.0054E+00   -5.0486E+00    1.9419E+01    2.0700E-04
3.7169E+01  4.5728E-03 2.5012E+02    6.6135E-06    4.9614E-06    4.5497E+00   -4.5818E+00    1.7909E+01    2.0700E-04
3.6243E+01  5.1730E-03 2.4742E+02    6.5293E-06    5.0807E-06    4.1504E+00   -4.1642E+00    1.6434E+01    2.0700E-04
3.5337E+01  5.8446E-03 2.4469E+02    6.4387E-06    5.1630E-06    3.7965E+00   -3.8023E+00    1.5027E+01    2.0700E-04
3.4451E+01  6.5951E-03 2.4195E+02    6.3400E-06    5.2339E-06    3.4870E+00   -3.4885E+00    1.3710E+01    2.0700E-04
3.3584E+01  7.4326E-03 2.3926E+02    6.2400E-06    5.2867E-06    3.2067E+00   -3.2081E+00    1.2500E+01    2.0700E-04
3.2736E+01  8.3659E-03 2.3665E+02    6.1482E-06    5.3100E-06    2.9436E+00   -2.9491E+00    1.1407E+01    2.0700E-04
3.1906E+01  9.4045E-03 2.3419E+02    6.0486E-06    5.3031E-06    2.6936E+00   -2.7056E+00    1.0438E+01    2.0700E-04
3.1093E+01  1.0559E-02 2.3191E+02    5.9511E-06    5.2574E-06    2.4535E+00   -2.5020E+00    9.5969E+00    2.0700E-04
3.0297E+01  1.1840E-02 2.2983E+02    5.8556E-06    5.1756E-06    2.2254E+00   -2.2616E+00    8.8774E+00    2.0700E-04
2.9516E+01  1.3259E-02 2.2797E+02    5.7619E-06    5.0577E-06    2.0114E+00   -2.0367E+00    8.2669E+00    2.0700E-04
2.8751E+01  1.4831E-02 2.2632E+02    5.6701E-06    4.9001E-06    1.8128E+00   -1.8291E+00    7.7495E+00    2.0700E-04
2.7999E+01  1.6567E-02 2.2484E+02    5.5747E-06    4.7092E-06    1.6322E+00   -1.6403E+00    7.3090E+00    2.0700E-04
2.7261E+01  1.8483E-02 2.2351E+02    5.4813E-06    4.4834E-06    1.4700E+00   -1.4722E+00    6.9302E+00    2.0700E-04
2.6536E+01  2.0596E-02 2.2231E+02    5.3942E-06    4.2418E-06    1.3285E+00   -1.3254E+00    6.5998E+00    2.0700E-04
2.5823E+01  2.2920E-02 2.2121E+02    5.3086E-06    3.9855E-06    1.2052E+00   -1.1986E+00    6.3065E+00    2.0700E-04
2.5121E+01  2.5475E-02 2.2017E+02    5.2244E-06    3.7173E-06    1.0969E+00   -1.0892E+00    6.0417E+00    2.0700E-04
2.4432E+01  2.8279E-02 2.1920E+02    5.1417E-06    3.4477E-06    1.0015E+00   -9.9354E-01    5.7991E+00    2.0700E-04
2.3754E+01  3.1352E-02 2.1827E+02    5.0604E-06    3.1813E-06    9.1563E-01   -9.0757E-01    5.5742E+00    2.0700E-04
2.3087E+01  3.4715E-02 2.1737E+02    4.9803E-06    2.9130E-06    8.3553E-01   -8.2854E-01    5.3644E+00    2.0700E-04
2.2431E+01  3.8391E-02 2.1651E+02    4.9016E-06    2.6505E-06    7.6000E-01   -7.5455E-01    5.1622E+00    2.0700E-04
2.1786E+01  4.2402E-02 2.1568E+02    4.8243E-06    2.3937E-06    6.8790E-01   -6.8504E-01    4.8870E+00    2.0700E-04
2.1152E+01  4.6773E-02 2.1490E+02    4.7481E-06    2.1511E-06    6.1973E-01   -6.1925E-01    4.6379E+00    2.0700E-04
2.0528E+01  5.1530E-02 2.1417E+02    4.6732E-06    1.9131E-06    5.5411E-01   -5.5785E-01    4.4149E+00    2.0700E-04
1.9915E+01  5.6700E-02 2.1350E+02    4.5996E-06    1.6870E-06    4.9248E-01   -4.9976E-01    4.2180E+00    2.0700E-04
1.9311E+01  6.2309E-02 2.1289E+02    4.5360E-06    1.4796E-06    4.3616E-01   -4.4374E-01    4.0463E+00    2.0700E-04
1.8717E+01  6.8387E-02 2.1235E+02    4.4666E-06    1.2787E-06    3.8382E-01   -3.9092E-01    3.8982E+00    2.0700E-04
1.8133E+01  7.4963E-02 2.1187E+02    4.4082E-06    1.0930E-06    3.3698E-01   -3.4170E-01    3.7709E+00    2.0700E-04
1.7558E+01  8.2068E-02 2.1144E+02    4.3546E-06    9.2456E-07    2.9593E-01   -2.9686E-01    3.6617E+00    2.0700E-04
1.6992E+01  8.9733E-02 2.1107E+02    4.3041E-06    7.7118E-07    2.6019E-01   -2.5874E-01    3.5674E+00    2.0700E-04
1.6436E+01  9.7991E-02 2.1074E+02    4.2611E-06    6.3357E-07    2.2945E-01   -2.2895E-01    3.4857E+00    2.0700E-04
1.5888E+01  1.0687E-01 2.1044E+02    4.2210E-06    5.1233E-07    2.0216E-01   -1.8073E-01    3.4139E+00    2.0700E-04
1.5349E+01  1.1641E-01 2.1018E+02    4.1859E-06    4.0795E-07    1.7901E-01   -1.6170E-01    3.3513E+00    2.0700E-04
1.4819E+01  1.2665E-01 2.0996E+02    4.1627E-06    3.2086E-07    1.5996E-01   -1.4945E-01    3.2997E+00    2.0700E-04
1.4297E+01  1.3761E-01 2.0980E+02    4.1418E-06    2.5047E-07    1.4448E-01   -1.4172E-01    3.2628E+00    2.0700E-04
1.3783E+01  1.4932E-01 2.0972E+02    4.1213E-06    1.9034E-07    1.3147E-01   -1.3878E-01    3.2451E+00    2.0700E-04
1.3278E+01  1.6184E-01 2.0975E+02    4.1105E-06    1.4319E-07    1.2119E-01   -1.3717E-01    3.2514E+00    2.0700E-04
1.2780E+01  1.7518E-01 2.0989E+02    4.1006E-06    1.1163E-07    1.1381E-01   -1.3188E-01    3.2844E+00    2.0700E-04
1.2290E+01  1.8938E-01 2.1016E+02    4.0908E-06    9.1061E-08    1.0867E-01   -1.2309E-01    3.3468E+00    2.0700E-04
1.1807E+01  2.0447E-01 2.1053E+02    4.2757E-06    7.5436E-08    1.0583E-01   -1.1903E-01    3.4356E+00    2.0700E-04
1.1331E+01  2.2049E-01 2.1101E+02    5.2145E-06    6.3940E-08    1.0713E-01   -1.3003E-01    3.5531E+00    2.0700E-04
1.0862E+01  2.3747E-01 2.1153E+02    6.1677E-06    5.7170E-08    1.0826E-01   -1.0378E-01    3.6831E+00    2.0700E-04
1.0400E+01  2.5543E-01 2.1213E+02    6.7232E-06    5.3038E-08    1.1032E-01   -5.7121E-02    3.8393E+00    2.0700E-04
9.9438E+00  2.7440E-01 2.1334E+02    7.9745E-06    5.0041E-08    1.1511E-01   -1.0069E-01    4.1731E+00    2.0700E-04
9.4913E+00  2.9441E-01 2.1643E+02    1.2089E-05    4.7483E-08    1.3276E-01   -3.5726E-01    5.1371E+00    2.0700E-04
9.0393E+00  3.1548E-01 2.2078E+02    2.1211E-05    4.5085E-08    1.6885E-01   -7.6734E-01    6.1953E+00    2.0700E-04
8.5868E+00  3.3763E-01 2.2509E+02    3.6299E-05    4.2733E-08    2.1907E-01   -1.1899E+00    7.3836E+00    2.0700E-04
8.1342E+00  3.6088E-01 2.2937E+02    6.0552E-05    4.0407E-08    2.8063E-01   -1.5814E+00    8.7207E+00    2.0700E-04
7.6820E+00  3.8525E-01 2.3357E+02    9.8388E-05    3.8164E-08    3.4830E-01   -1.8892E+00    1.0206E+01    2.0700E-04
7.2305E+00  4.1075E-01 2.3769E+02    1.5558E-04    3.6007E-08    4.1905E-01   -2.0995E+00    1.1834E+01    2.0700E-04
6.7804E+00  4.3738E-01 2.4169E+02    2.3925E-04    3.3935E-08    4.9525E-01   -2.2379E+00    1.3591E+01    2.0700E-04
6.3321E+00  4.6515E-01 2.4555E+02    3.5757E-04    3.1866E-08    5.7315E-01   -2.2947E+00    1.5462E+01    2.0700E-04
5.8863E+00  4.9406E-01 2.4925E+02    5.1934E-04    2.9884E-08    6.3912E-01   -2.3014E+00    1.7425E+01    2.0700E-04
5.4434E+00  5.2410E-01 2.5277E+02    7.3335E-04    2.7993E-08    6.8610E-01   -2.2845E+00    1.9457E+01    2.0700E-04
5.0040E+00  5.5528E-01 2.5610E+02    1.0079E-03    2.6146E-08    7.1976E-01   -2.2673E+00    2.1535E+01    2.0700E-04
4.5688E+00  5.8757E-01 2.5925E+02    1.3502E-03    2.4356E-08    7.4684E-01   -2.2258E+00    2.3640E+01    2.0700E-04
4.1383E+00  6.2095E-01 2.6220E+02    1.7665E-03    2.2661E-08    7.6739E-01   -2.1636E+00    2.5755E+01    2.0700E-04
3.7130E+00  6.5540E-01 2.6498E+02    2.2617E-03    2.1069E-08    7.7860E-01   -2.0979E+00    2.7866E+01    2.0700E-04
3.2933E+00  6.9089E-01 2.6760E+02    2.8396E-03    1.9641E-08    7.8055E-01   -2.0057E+00    2.9963E+01    2.0700E-04
2.8797E+00  7.2738E-01 2.7005E+02    3.5029E-03    1.8226E-08    7.7623E-01   -1.8593E+00    3.2039E+01    2.0700E-04
2.4726E+00  7.6484E-01 2.7236E+02    4.2536E-03    1.7009E-08    7.6875E-01   -1.7104E+00    3.4088E+01    2.0700E-04
2.0722E+00  8.0321E-01 2.7473E+02    5.1674E-03    1.5925E-08    7.6446E-01   -1.6174E+00    3.6290E+01    2.0700E-04
1.6787E+00  8.4245E-01 2.7702E+02    6.0660E-03    1.4938E-08    7.4523E-01   -1.5298E+00    3.8516E+01    2.0700E-04
1.2924E+00  8.8249E-01 2.7922E+02    7.0799E-03    1.4090E-08    7.2886E-01   -1.5188E+00    4.0745E+01    2.0700E-04
9.1365E-01  9.2326E-01 2.8130E+02    8.1928E-03    1.3457E-08    7.1737E-01   -1.5850E+00    4.2946E+01    2.0700E-04
5.4267E-01  9.6471E-01 2.8328E+02    9.2808E-03    1.2905E-08    7.1050E-01   -1.7664E+00    4.5128E+01    2.0700E-04
1.7973E-01  1.0067E+00 2.8518E+02    1.0644E-02    1.2405E-08    7.3135E-01   -2.0215E+00    4.7289E+01    2.0700E-04
0.0000E+00  1.0281E+00 2.8613E+02    1.1325E-02    1.2500E-08    7.9291E+00   -3.5395E+00    4.8399E+01    2.0700E-04
