     ALT          P          T          FH2O           O3           THEAT        TCOOL        PSATCO2        FCO2
7.3113E+01  3.2610E-05 2.3424E+02    4.2653E-06    3.7093E-07    4.0084E+01   -9.5422E+01    1.0458E+01    2.4000E-04
7.1952E+01  3.8507E-05 2.3576E+02    4.3714E-06    4.4280E-07    6.8398E+00   -5.8188E+01    1.1048E+01    2.4000E-04
7.0794E+01  4.5412E-05 2.3735E+02    4.4738E-06    5.1350E-07    4.7600E+00   -3.4788E+01    1.1693E+01    2.4000E-04
6.9637E+01  5.3489E-05 2.3903E+02    4.5564E-06    5.8659E-07    4.9279E+00   -2.0978E+01    1.2401E+01    2.4000E-04
6.8480E+01  6.2922E-05 2.4078E+02    4.6292E-06    6.6605E-07    5.3029E+00   -1.3432E+01    1.3173E+01    2.4000E-04
6.7325E+01  7.3926E-05 2.4258E+02    4.6985E-06    7.5418E-07    5.7301E+00   -9.6290E+00    1.4007E+01    2.4000E-04
6.6171E+01  8.6745E-05 2.4443E+02    4.7619E-06    8.5089E-07    6.1978E+00   -7.8809E+00    1.4900E+01    2.4000E-04
6.5017E+01  1.0166E-04 2.4630E+02    4.8181E-06    9.5822E-07    6.7112E+00   -7.2031E+00    1.5846E+01    2.4000E-04
6.3864E+01  1.1899E-04 2.4819E+02    4.8642E-06    1.0723E-06    7.2649E+00   -7.0998E+00    1.6842E+01    2.4000E-04
6.2712E+01  1.3909E-04 2.5007E+02    4.9103E-06    1.2005E-06    7.8702E+00   -7.2802E+00    1.7881E+01    2.4000E-04
6.1561E+01  1.6239E-04 2.5194E+02    4.9463E-06    1.3469E-06    8.5316E+00   -7.5715E+00    1.8960E+01    2.4000E-04
6.0412E+01  1.8935E-04 2.5379E+02    4.9812E-06    1.4980E-06    9.1808E+00   -7.9407E+00    2.0075E+01    2.4000E-04
5.9264E+01  2.2051E-04 2.5562E+02    5.0041E-06    1.6685E-06    9.8567E+00   -8.3572E+00    2.1222E+01    2.4000E-04
5.8118E+01  2.5648E-04 2.5742E+02    5.0271E-06    1.8530E-06    1.0522E+01   -8.8102E+00    2.2403E+01    2.4000E-04
5.6974E+01  2.9793E-04 2.5921E+02    5.0499E-06    2.0595E-06    1.1182E+01   -9.2911E+00    2.3615E+01    2.4000E-04
5.5832E+01  3.4565E-04 2.6097E+02    5.0628E-06    2.2902E-06    1.1814E+01   -9.7845E+00    2.4860E+01    2.4000E-04
5.4692E+01  4.0050E-04 2.6272E+02    5.0756E-06    2.5409E-06    1.2372E+01   -1.0281E+01    2.6140E+01    2.4000E-04
5.3555E+01  4.6348E-04 2.6446E+02    5.0800E-06    2.8178E-06    1.2842E+01   -1.0768E+01    2.7457E+01    2.4000E-04
5.2421E+01  5.3568E-04 2.6618E+02    5.0800E-06    3.1139E-06    1.3174E+01   -1.1233E+01    2.8813E+01    2.4000E-04
5.1290E+01  6.1835E-04 2.6789E+02    5.0800E-06    3.4338E-06    1.3355E+01   -1.1718E+01    3.0210E+01    2.4000E-04
5.0162E+01  7.1288E-04 2.6967E+02    5.0738E-06    3.7624E-06    1.3338E+01   -1.2197E+01    3.1713E+01    2.4000E-04
4.9038E+01  8.2082E-04 2.7128E+02    5.0600E-06    4.1189E-06    1.3167E+01   -1.2491E+01    3.3118E+01    2.4000E-04
4.7918E+01  9.4392E-04 2.7237E+02    5.0289E-06    4.4994E-06    1.2832E+01   -1.2434E+01    3.4099E+01    2.4000E-04
4.6805E+01  1.0841E-03 2.7279E+02    5.0033E-06    4.9125E-06    1.2356E+01   -1.2121E+01    3.4474E+01    2.4000E-04
4.5703E+01  1.2436E-03 2.7250E+02    4.9593E-06    5.3261E-06    1.1701E+01   -1.1557E+01    3.4213E+01    2.4000E-04
4.4614E+01  1.4247E-03 2.7157E+02    4.9087E-06    5.7343E-06    1.0906E+01   -1.0787E+01    3.3378E+01    2.4000E-04
4.3540E+01  1.6301E-03 2.7009E+02    4.8444E-06    6.1149E-06    1.0020E+01   -9.9101E+00    3.2074E+01    2.4000E-04
4.2483E+01  1.8627E-03 2.6816E+02    4.7811E-06    6.4540E-06    9.1140E+00   -9.0195E+00    3.0433E+01    2.4000E-04
4.1445E+01  2.1260E-03 2.6590E+02    4.6986E-06    6.7544E-06    8.2538E+00   -8.1726E+00    2.8586E+01    2.4000E-04
4.0426E+01  2.4233E-03 2.6340E+02    4.6167E-06    7.0072E-06    7.4705E+00   -7.4000E+00    2.6648E+01    2.4000E-04
3.9427E+01  2.7588E-03 2.6075E+02    4.5177E-06    7.2257E-06    6.7857E+00   -6.7066E+00    2.4702E+01    2.4000E-04
3.8448E+01  3.1367E-03 2.5802E+02    4.4196E-06    7.4106E-06    6.1925E+00   -6.0880E+00    2.2799E+01    2.4000E-04
3.7489E+01  3.5619E-03 2.5521E+02    4.3241E-06    7.5633E-06    5.6765E+00   -5.5362E+00    2.0960E+01    2.4000E-04
3.6551E+01  4.0397E-03 2.5233E+02    4.2207E-06    7.7027E-06    5.2275E+00   -5.0453E+00    1.9192E+01    2.4000E-04
3.5633E+01  4.5758E-03 2.4938E+02    4.1133E-06    7.8166E-06    4.8239E+00   -4.6054E+00    1.7497E+01    2.4000E-04
3.4735E+01  5.1764E-03 2.4637E+02    3.9962E-06    7.9157E-06    4.4576E+00   -4.2042E+00    1.5879E+01    2.4000E-04
3.3858E+01  5.8486E-03 2.4330E+02    3.8904E-06    7.9814E-06    4.1132E+00   -3.8340E+00    1.4347E+01    2.4000E-04
3.3001E+01  6.5997E-03 2.4020E+02    3.7798E-06    7.9900E-06    3.7805E+00   -3.4819E+00    1.2915E+01    2.4000E-04
3.2164E+01  7.4379E-03 2.3712E+02    3.6752E-06    7.9352E-06    3.4591E+00   -3.1415E+00    1.1599E+01    2.4000E-04
3.1346E+01  8.3720E-03 2.3412E+02    3.5720E-06    7.8052E-06    3.1479E+00   -2.8108E+00    1.0410E+01    2.4000E-04
3.0548E+01  9.4115E-03 2.3123E+02    3.4684E-06    7.5720E-06    2.8435E+00   -2.4947E+00    9.3564E+00    2.4000E-04
2.9768E+01  1.0567E-02 2.2852E+02    3.3735E-06    7.2509E-06    2.5525E+00   -2.2254E+00    8.4416E+00    2.4000E-04
2.9005E+01  1.1849E-02 2.2601E+02    3.2755E-06    6.8518E-06    2.2788E+00   -1.9191E+00    7.6580E+00    2.4000E-04
2.8259E+01  1.3270E-02 2.2373E+02    3.1871E-06    6.3982E-06    2.0272E+00   -1.6401E+00    6.9901E+00    2.4000E-04
2.7528E+01  1.4842E-02 2.2164E+02    3.1072E-06    5.9017E-06    1.7984E+00   -1.3925E+00    6.4199E+00    2.4000E-04
2.6812E+01  1.6581E-02 2.1973E+02    3.0259E-06    5.3840E-06    1.5940E+00   -1.1782E+00    5.9298E+00    2.4000E-04
2.6111E+01  1.8499E-02 2.1797E+02    2.9427E-06    4.8689E-06    1.4152E+00   -9.9726E-01    5.5047E+00    2.4000E-04
2.5423E+01  2.0613E-02 2.1635E+02    2.8693E-06    4.3756E-06    1.2611E+00   -8.4844E-01    5.1071E+00    2.4000E-04
2.4748E+01  2.2940E-02 2.1483E+02    2.7927E-06    3.9002E-06    1.1273E+00   -7.2825E-01    4.6162E+00    2.4000E-04
2.4086E+01  2.5497E-02 2.1342E+02    2.7272E-06    3.4660E-06    1.0127E+00   -6.3157E-01    4.1947E+00    2.4000E-04
2.3436E+01  2.8304E-02 2.1210E+02    2.6554E-06    3.0651E-06    9.1227E-01   -5.5249E-01    3.8311E+00    2.4000E-04
2.2797E+01  3.1380E-02 2.1086E+02    2.5898E-06    2.6988E-06    8.2273E-01   -4.8669E-01    3.5169E+00    2.4000E-04
2.2171E+01  3.4747E-02 2.0972E+02    2.5276E-06    2.3687E-06    7.4195E-01   -4.3005E-01    3.2455E+00    2.4000E-04
2.1555E+01  3.8426E-02 2.0867E+02    2.4666E-06    2.0796E-06    6.6903E-01   -3.7918E-01    3.0118E+00    2.4000E-04
2.0950E+01  4.2442E-02 2.0771E+02    2.4066E-06    1.8174E-06    6.0115E-01   -3.3400E-01    2.8116E+00    2.4000E-04
2.0356E+01  4.6818E-02 2.0685E+02    2.3476E-06    1.5791E-06    5.3776E-01   -2.9384E-01    2.6417E+00    2.4000E-04
1.9771E+01  5.1580E-02 2.0609E+02    2.2996E-06    1.3687E-06    4.7982E-01   -2.5686E-01    2.4991E+00    2.4000E-04
1.9196E+01  5.6755E-02 2.0543E+02    2.2440E-06    1.1846E-06    4.2739E-01   -2.2085E-01    2.3812E+00    2.4000E-04
1.8631E+01  6.2371E-02 2.0487E+02    2.1990E-06    1.0105E-06    3.7902E-01   -1.8910E-01    2.2855E+00    2.4000E-04
1.8075E+01  6.8455E-02 2.0442E+02    2.1547E-06    8.6197E-07    3.3704E-01   -1.5797E-01    2.2095E+00    2.4000E-04
1.7527E+01  7.5039E-02 2.0406E+02    2.1158E-06    7.2810E-07    3.0037E-01   -1.3071E-01    2.1511E+00    2.4000E-04
1.6988E+01  8.2152E-02 2.0379E+02    2.0836E-06    6.0966E-07    2.6892E-01   -1.0880E-01    2.1082E+00    2.4000E-04
1.6457E+01  8.9826E-02 2.0361E+02    2.0519E-06    5.0413E-07    2.4210E-01   -9.3990E-02    2.0794E+00    2.4000E-04
1.5933E+01  9.8094E-02 2.0351E+02    2.0207E-06    4.1208E-07    2.1956E-01   -8.6070E-02    2.0637E+00    2.4000E-04
1.5418E+01  1.0699E-01 2.0348E+02    1.9966E-06    3.3413E-07    1.9990E-01   -4.6505E-02    2.0596E+00    2.4000E-04
1.4910E+01  1.1654E-01 2.0352E+02    1.9832E-06    2.6899E-07    1.8348E-01   -4.4927E-02    2.0664E+00    2.4000E-04
1.4410E+01  1.2678E-01 2.0364E+02    1.9664E-06    2.1513E-07    1.6987E-01   -4.5730E-02    2.0849E+00    2.4000E-04
1.3917E+01  1.3776E-01 2.0384E+02    1.9534E-06    1.7038E-07    1.5849E-01   -4.7882E-02    2.1160E+00    2.4000E-04
1.3430E+01  1.4949E-01 2.0413E+02    1.9437E-06    1.3389E-07    1.4910E-01   -4.9683E-02    2.1624E+00    2.4000E-04
1.2951E+01  1.6202E-01 2.0450E+02    1.9400E-06    1.0792E-07    1.4205E-01   -4.7868E-02    2.2236E+00    2.4000E-04
1.2478E+01  1.7538E-01 2.0497E+02    2.2203E-06    9.0515E-08    1.3844E-01   -5.2038E-02    2.3009E+00    2.4000E-04
1.2011E+01  1.8959E-01 2.0550E+02    2.4726E-06    7.7900E-08    1.3582E-01   -3.8346E-02    2.3931E+00    2.4000E-04
1.1551E+01  2.0471E-01 2.0605E+02    2.8031E-06    6.8165E-08    1.3426E-01   -6.7867E-03    2.4921E+00    2.4000E-04
1.1097E+01  2.2075E-01 2.0695E+02    3.2103E-06    6.1214E-08    1.3406E-01   -5.3252E-02    2.6605E+00    2.4000E-04
1.0648E+01  2.3774E-01 2.0930E+02    4.5104E-06    5.6988E-08    1.3912E-01   -9.4970E-02    3.1491E+00    2.4000E-04
1.0202E+01  2.5573E-01 2.1062E+02    5.4554E-06    5.4107E-08    1.4321E-01   -1.3291E-01    3.4561E+00    2.4000E-04
9.7580E+00  2.7472E-01 2.1439E+02    9.1691E-06    5.1800E-08    1.6175E-01   -4.3638E-01    4.4818E+00    2.4000E-04
9.3139E+00  2.9476E-01 2.1878E+02    1.6361E-05    4.9653E-08    1.9460E-01   -8.2732E-01    5.6978E+00    2.4000E-04
8.8690E+00  3.1586E-01 2.2315E+02    2.8466E-05    4.7509E-08    2.3974E-01   -1.2309E+00    6.8294E+00    2.4000E-04
8.4237E+00  3.3804E-01 2.2748E+02    4.8268E-05    4.5301E-08    2.9649E-01   -1.6179E+00    8.1113E+00    2.4000E-04
7.9783E+00  3.6132E-01 2.3176E+02    7.9710E-05    4.3122E-08    3.6184E-01   -1.9492E+00    9.5448E+00    2.4000E-04
7.5334E+00  3.8572E-01 2.3596E+02    1.2808E-04    4.0982E-08    4.3039E-01   -2.1852E+00    1.1126E+01    2.4000E-04
7.0894E+00  4.1125E-01 2.4004E+02    2.0008E-04    3.8849E-08    5.0229E-01   -2.3406E+00    1.2845E+01    2.4000E-04
6.6468E+00  4.3792E-01 2.4400E+02    3.0361E-04    3.6725E-08    5.8018E-01   -2.4288E+00    1.4687E+01    2.4000E-04
6.2062E+00  4.6573E-01 2.4779E+02    4.4741E-04    3.4622E-08    6.5463E-01   -2.4441E+00    1.6629E+01    2.4000E-04
5.7682E+00  4.9468E-01 2.5141E+02    6.4045E-04    3.2606E-08    7.1175E-01   -2.4252E+00    1.8650E+01    2.4000E-04
5.3333E+00  5.2477E-01 2.5483E+02    8.9132E-04    3.0594E-08    7.5054E-01   -2.3983E+00    2.0726E+01    2.4000E-04
4.9021E+00  5.5599E-01 2.5807E+02    1.2078E-03    2.8601E-08    7.7942E-01   -2.3648E+00    2.2834E+01    2.4000E-04
4.4751E+00  5.8832E-01 2.6111E+02    1.5965E-03    2.6629E-08    8.0261E-01   -2.3011E+00    2.4958E+01    2.4000E-04
4.0529E+00  6.2175E-01 2.6397E+02    2.0629E-03    2.4766E-08    8.1797E-01   -2.2281E+00    2.7082E+01    2.4000E-04
3.6359E+00  6.5625E-01 2.6666E+02    2.6114E-03    2.3041E-08    8.2330E-01   -2.1460E+00    2.9196E+01    2.4000E-04
3.2247E+00  6.9179E-01 2.6918E+02    3.2452E-03    2.1415E-08    8.2035E-01   -2.0198E+00    3.1290E+01    2.4000E-04
2.8195E+00  7.2833E-01 2.7155E+02    3.9668E-03    1.9949E-08    8.1287E-01   -1.8582E+00    3.3361E+01    2.4000E-04
2.4208E+00  7.6585E-01 2.7389E+02    4.8243E-03    1.8570E-08    8.0661E-01   -1.7277E+00    3.5491E+01    2.4000E-04
2.0286E+00  8.0427E-01 2.7624E+02    5.7448E-03    1.7371E-08    7.9118E-01   -1.6217E+00    3.7740E+01    2.4000E-04
1.6433E+00  8.4357E-01 2.7848E+02    6.6718E-03    1.6339E-08    7.6720E-01   -1.5496E+00    3.9985E+01    2.4000E-04
1.2651E+00  8.8367E-01 2.8062E+02    7.8130E-03    1.5437E-08    7.5414E-01   -1.5757E+00    4.2217E+01    2.4000E-04
8.9425E-01  9.2450E-01 2.8265E+02    8.9001E-03    1.4683E-08    7.3788E-01   -1.6521E+00    4.4426E+01    2.4000E-04
5.3111E-01  9.6601E-01 2.8461E+02    1.0210E-02    1.4090E-08    7.4077E-01   -1.8904E+00    4.6627E+01    2.4000E-04
1.7589E-01  1.0081E+00 2.8646E+02    1.1541E-02    1.3599E-08    7.5642E-01   -2.1314E+00    4.8791E+01    2.4000E-04
0.0000E+00  1.0295E+00 2.8739E+02    1.2211E-02    1.3700E-08    7.8459E+00   -3.4608E+00    4.9908E+01    2.4000E-04
