     ALT          P          T          FH2O           O3           THEAT        TCOOL        PSATCO2        FCO2
7.3423E+01  3.2610E-05 2.3373E+02    5.0025E-06    3.5532E-07    4.0001E+01   -9.4981E+01    1.0266E+01    2.4000E-04
7.2266E+01  3.8506E-05 2.3524E+02    5.1215E-06    4.2368E-07    6.7515E+00   -5.8185E+01    1.0845E+01    2.4000E-04
7.1110E+01  4.5411E-05 2.3683E+02    5.2368E-06    4.9188E-07    4.6535E+00   -3.5005E+01    1.1479E+01    2.4000E-04
6.9956E+01  5.3487E-05 2.3850E+02    5.3358E-06    5.6244E-07    4.8074E+00   -2.1330E+01    1.2176E+01    2.4000E-04
6.8803E+01  6.2919E-05 2.4025E+02    5.4281E-06    6.4028E-07    5.1736E+00   -1.3835E+01    1.2936E+01    2.4000E-04
6.7651E+01  7.3922E-05 2.4205E+02    5.5077E-06    7.2609E-07    5.5895E+00   -1.0028E+01    1.3759E+01    2.4000E-04
6.6500E+01  8.6740E-05 2.4390E+02    5.5768E-06    8.2085E-07    6.0479E+00   -8.2629E+00    1.4639E+01    2.4000E-04
6.5349E+01  1.0165E-04 2.4577E+02    5.6373E-06    9.2643E-07    6.5542E+00   -7.5552E+00    1.5574E+01    2.4000E-04
6.4199E+01  1.1898E-04 2.4766E+02    5.6933E-06    1.0396E-06    7.1061E+00   -7.4184E+00    1.6557E+01    2.4000E-04
6.3051E+01  1.3908E-04 2.4954E+02    5.7392E-06    1.1674E-06    7.7097E+00   -7.5560E+00    1.7584E+01    2.4000E-04
6.1903E+01  1.6237E-04 2.5141E+02    5.7852E-06    1.3053E-06    8.3374E+00   -7.8083E+00    1.8651E+01    2.4000E-04
6.0756E+01  1.8933E-04 2.5326E+02    5.8305E-06    1.4536E-06    8.9763E+00   -8.1301E+00    1.9754E+01    2.4000E-04
5.9611E+01  2.2048E-04 2.5509E+02    5.8569E-06    1.6171E-06    9.6337E+00   -8.4914E+00    2.0890E+01    2.4000E-04
5.8468E+01  2.5644E-04 2.5690E+02    5.8863E-06    1.8063E-06    1.0330E+01   -8.8945E+00    2.2058E+01    2.4000E-04
5.7327E+01  2.9788E-04 2.5869E+02    5.9091E-06    2.0113E-06    1.0999E+01   -9.3197E+00    2.3259E+01    2.4000E-04
5.6188E+01  3.4559E-04 2.6046E+02    5.9319E-06    2.2309E-06    1.1610E+01   -9.7581E+00    2.4492E+01    2.4000E-04
5.5051E+01  4.0043E-04 2.6221E+02    5.9447E-06    2.4855E-06    1.2202E+01   -1.0204E+01    2.5760E+01    2.4000E-04
5.3917E+01  4.6339E-04 2.6395E+02    5.9600E-06    2.7580E-06    1.2686E+01   -1.0643E+01    2.7064E+01    2.4000E-04
5.2786E+01  5.3558E-04 2.6567E+02    5.9700E-06    3.0601E-06    1.3064E+01   -1.1066E+01    2.8406E+01    2.4000E-04
5.1658E+01  6.1823E-04 2.6738E+02    5.9700E-06    3.3781E-06    1.3269E+01   -1.1481E+01    2.9788E+01    2.4000E-04
5.0532E+01  7.1273E-04 2.6912E+02    5.9600E-06    3.7157E-06    1.3296E+01   -1.1916E+01    3.1243E+01    2.4000E-04
4.9410E+01  8.2065E-04 2.7083E+02    5.9525E-06    4.0601E-06    1.3117E+01   -1.2252E+01    3.2718E+01    2.4000E-04
4.8293E+01  9.4371E-04 2.7212E+02    5.9301E-06    4.4384E-06    1.2792E+01   -1.2283E+01    3.3872E+01    2.4000E-04
4.7181E+01  1.0839E-03 2.7275E+02    5.9079E-06    4.8279E-06    1.2292E+01   -1.2035E+01    3.4439E+01    2.4000E-04
4.6080E+01  1.2433E-03 2.7266E+02    5.8716E-06    5.2244E-06    1.1632E+01   -1.1521E+01    3.4358E+01    2.4000E-04
4.4990E+01  1.4243E-03 2.7191E+02    5.8281E-06    5.6167E-06    1.0842E+01   -1.0785E+01    3.3679E+01    2.4000E-04
4.3915E+01  1.6296E-03 2.7059E+02    5.7751E-06    5.9865E-06    9.9688E+00   -9.9340E+00    3.2507E+01    2.4000E-04
4.2856E+01  1.8622E-03 2.6881E+02    5.7141E-06    6.3193E-06    9.0744E+00   -9.0622E+00    3.0975E+01    2.4000E-04
4.1816E+01  2.1254E-03 2.6668E+02    5.6422E-06    6.6027E-06    8.2135E+00   -8.2300E+00    2.9216E+01    2.4000E-04
4.0794E+01  2.4226E-03 2.6432E+02    5.5605E-06    6.8585E-06    7.4411E+00   -7.4716E+00    2.7349E+01    2.4000E-04
3.9792E+01  2.7580E-03 2.6180E+02    5.4803E-06    7.0591E-06    6.7498E+00   -6.7889E+00    2.5461E+01    2.4000E-04
3.8809E+01  3.1358E-03 2.5920E+02    5.3922E-06    7.2265E-06    6.1502E+00   -6.1788E+00    2.3606E+01    2.4000E-04
3.7846E+01  3.5608E-03 2.5653E+02    5.2959E-06    7.3528E-06    5.6247E+00   -5.6338E+00    2.1810E+01    2.4000E-04
3.6903E+01  4.0384E-03 2.5380E+02    5.1940E-06    7.4583E-06    5.1660E+00   -5.1510E+00    2.0083E+01    2.4000E-04
3.5980E+01  4.5743E-03 2.5102E+02    5.0932E-06    7.5383E-06    4.7554E+00   -4.7244E+00    1.8428E+01    2.4000E-04
3.5077E+01  5.1747E-03 2.4820E+02    4.9848E-06    7.5884E-06    4.3796E+00   -4.3411E+00    1.6852E+01    2.4000E-04
3.4193E+01  5.8466E-03 2.4536E+02    4.8788E-06    7.6081E-06    4.0304E+00   -3.9918E+00    1.5363E+01    2.4000E-04
3.3329E+01  6.5974E-03 2.4252E+02    4.7752E-06    7.5817E-06    3.6982E+00   -3.6654E+00    1.3976E+01    2.4000E-04
3.2483E+01  7.4353E-03 2.3972E+02    4.6677E-06    7.4877E-06    3.3768E+00   -3.3520E+00    1.2703E+01    2.4000E-04
3.1657E+01  8.3690E-03 2.3702E+02    4.5646E-06    7.3367E-06    3.0703E+00   -3.0492E+00    1.1554E+01    2.4000E-04
3.0848E+01  9.4080E-03 2.3445E+02    4.4677E-06    7.1092E-06    2.7755E+00   -2.7600E+00    1.0536E+01    2.4000E-04
3.0057E+01  1.0563E-02 2.3206E+02    4.3628E-06    6.8044E-06    2.4937E+00   -2.5181E+00    9.6504E+00    2.4000E-04
2.9282E+01  1.1844E-02 2.2987E+02    4.2700E-06    6.4401E-06    2.2302E+00   -2.2333E+00    8.8895E+00    2.4000E-04
2.8523E+01  1.3265E-02 2.2788E+02    4.1737E-06    6.0239E-06    1.9870E+00   -1.9698E+00    8.2368E+00    2.4000E-04
2.7779E+01  1.4837E-02 2.2607E+02    4.0798E-06    5.5791E-06    1.7673E+00   -1.7311E+00    7.6732E+00    2.4000E-04
2.7049E+01  1.6574E-02 2.2439E+02    3.9922E-06    5.1053E-06    1.5696E+00   -1.5189E+00    7.1800E+00    2.4000E-04
2.6332E+01  1.8491E-02 2.2283E+02    3.9154E-06    4.6347E-06    1.3968E+00   -1.3342E+00    6.7412E+00    2.4000E-04
2.5629E+01  2.0604E-02 2.2135E+02    3.8322E-06    4.1729E-06    1.2465E+00   -1.1750E+00    6.3442E+00    2.4000E-04
2.4939E+01  2.2930E-02 2.1993E+02    3.7495E-06    3.7385E-06    1.1175E+00   -1.0388E+00    5.9797E+00    2.4000E-04
2.4261E+01  2.5486E-02 2.1855E+02    3.6687E-06    3.3221E-06    1.0042E+00   -9.2282E-01    5.6418E+00    2.4000E-04
2.3596E+01  2.8292E-02 2.1721E+02    3.5987E-06    2.9416E-06    9.0540E-01   -8.2253E-01    5.3273E+00    2.4000E-04
2.2943E+01  3.1366E-02 2.1591E+02    3.5271E-06    2.5963E-06    8.1763E-01   -7.3335E-01    4.9598E+00    2.4000E-04
2.2302E+01  3.4731E-02 2.1465E+02    3.4538E-06    2.2845E-06    7.3810E-01   -6.5279E-01    4.5588E+00    2.4000E-04
2.1672E+01  3.8409E-02 2.1344E+02    3.3903E-06    1.9977E-06    6.6424E-01   -5.8077E-01    4.2014E+00    2.4000E-04
2.1054E+01  4.2422E-02 2.1230E+02    3.3243E-06    1.7465E-06    5.9684E-01   -5.1463E-01    3.8863E+00    2.4000E-04
2.0447E+01  4.6796E-02 2.1125E+02    3.2581E-06    1.5229E-06    5.3471E-01   -4.5418E-01    3.6118E+00    2.4000E-04
1.9851E+01  5.1555E-02 2.1028E+02    3.1986E-06    1.3180E-06    4.7697E-01   -3.9983E-01    3.3760E+00    2.4000E-04
1.9265E+01  5.6727E-02 2.0942E+02    3.1402E-06    1.1407E-06    4.2516E-01   -3.4854E-01    3.1765E+00    2.4000E-04
1.8689E+01  6.2340E-02 2.0866E+02    3.0928E-06    9.7499E-07    3.7784E-01   -3.0275E-01    3.0102E+00    2.4000E-04
1.8123E+01  6.8421E-02 2.0801E+02    3.0390E-06    8.2970E-07    3.3633E-01   -2.6004E-01    2.8738E+00    2.4000E-04
1.7566E+01  7.5001E-02 2.0747E+02    2.9984E-06    7.0108E-07    3.0048E-01   -2.2266E-01    2.7640E+00    2.4000E-04
1.7018E+01  8.2110E-02 2.0704E+02    2.9609E-06    5.8720E-07    2.6982E-01   -1.9209E-01    2.6778E+00    2.4000E-04
1.6479E+01  8.9780E-02 2.0670E+02    2.9234E-06    4.8624E-07    2.4377E-01   -1.7004E-01    2.6126E+00    2.4000E-04
1.5949E+01  9.8042E-02 2.0645E+02    2.8916E-06    3.9790E-07    2.2187E-01   -1.5669E-01    2.5666E+00    2.4000E-04
1.5427E+01  1.0693E-01 2.0629E+02    2.8669E-06    3.2299E-07    2.0266E-01   -1.1530E-01    2.5371E+00    2.4000E-04
1.4912E+01  1.1648E-01 2.0622E+02    2.8464E-06    2.6021E-07    1.8648E-01   -1.0855E-01    2.5228E+00    2.4000E-04
1.4406E+01  1.2672E-01 2.0622E+02    2.8262E-06    2.0869E-07    1.7310E-01   -1.0517E-01    2.5240E+00    2.4000E-04
1.3907E+01  1.3768E-01 2.0632E+02    2.8131E-06    1.6577E-07    1.6189E-01   -1.0460E-01    2.5423E+00    2.4000E-04
1.3415E+01  1.4941E-01 2.0652E+02    2.8033E-06    1.3030E-07    1.5256E-01   -1.0460E-01    2.5795E+00    2.4000E-04
1.2930E+01  1.6193E-01 2.0682E+02    2.7936E-06    1.0540E-07    1.4539E-01   -1.0121E-01    2.6367E+00    2.4000E-04
1.2452E+01  1.7528E-01 2.0722E+02    2.8195E-06    8.8726E-08    1.4032E-01   -9.6166E-02    2.7139E+00    2.4000E-04
1.1981E+01  1.8949E-01 2.0770E+02    3.2837E-06    7.6393E-08    1.3857E-01   -1.0179E-01    2.8092E+00    2.4000E-04
1.1516E+01  2.0459E-01 2.0822E+02    3.6737E-06    6.6907E-08    1.3721E-01   -8.1809E-02    2.9170E+00    2.4000E-04
1.1058E+01  2.2062E-01 2.0876E+02    4.1570E-06    6.0376E-08    1.3684E-01   -6.9656E-02    3.0306E+00    2.4000E-04
1.0606E+01  2.3761E-01 2.0994E+02    4.9399E-06    5.6390E-08    1.3858E-01   -1.0314E-01    3.2965E+00    2.4000E-04
1.0159E+01  2.5558E-01 2.1167E+02    6.3114E-06    5.3641E-08    1.4327E-01   -1.0372E-01    3.7196E+00    2.4000E-04
9.7154E+00  2.7456E-01 2.1331E+02    7.9362E-06    5.1355E-08    1.5038E-01   -2.1299E-01    4.1644E+00    2.4000E-04
9.2738E+00  2.9458E-01 2.1768E+02    1.4210E-05    4.9234E-08    1.7796E-01   -6.1039E-01    5.4367E+00    2.4000E-04
8.8314E+00  3.1567E-01 2.2203E+02    2.4809E-05    4.7187E-08    2.1928E-01   -1.0249E+00    6.5254E+00    2.4000E-04
8.3886E+00  3.3783E-01 2.2635E+02    4.2221E-05    4.5072E-08    2.7318E-01   -1.4369E+00    7.7611E+00    2.4000E-04
7.9458E+00  3.6110E-01 2.3063E+02    7.0022E-05    4.2942E-08    3.3701E-01   -1.8015E+00    9.1472E+00    2.4000E-04
7.5033E+00  3.8549E-01 2.3482E+02    1.1307E-04    4.0815E-08    4.0532E-01   -2.0737E+00    1.0682E+01    2.4000E-04
7.0617E+00  4.1100E-01 2.3892E+02    1.7761E-04    3.8694E-08    4.7649E-01   -2.2544E+00    1.2356E+01    2.4000E-04
6.6214E+00  4.3765E-01 2.4290E+02    2.7118E-04    3.6608E-08    5.5358E-01   -2.3675E+00    1.4157E+01    2.4000E-04
6.1831E+00  4.6544E-01 2.4672E+02    4.0225E-04    3.4595E-08    6.3031E-01   -2.4014E+00    1.6065E+01    2.4000E-04
5.7472E+00  4.9437E-01 2.5038E+02    5.7972E-04    3.2598E-08    6.9237E-01   -2.3944E+00    1.8057E+01    2.4000E-04
5.3143E+00  5.2444E-01 2.5385E+02    8.1232E-04    3.0596E-08    7.3525E-01   -2.3679E+00    2.0112E+01    2.4000E-04
4.8850E+00  5.5563E-01 2.5713E+02    1.1081E-03    2.8612E-08    7.6631E-01   -2.3427E+00    2.2206E+01    2.4000E-04
4.4598E+00  5.8794E-01 2.6022E+02    1.4739E-03    2.6709E-08    7.9136E-01   -2.2888E+00    2.4321E+01    2.4000E-04
4.0393E+00  6.2135E-01 2.6312E+02    1.9157E-03    2.4899E-08    8.0933E-01   -2.2193E+00    2.6440E+01    2.4000E-04
3.6239E+00  6.5582E-01 2.6585E+02    2.4380E-03    2.3184E-08    8.1752E-01   -2.1450E+00    2.8552E+01    2.4000E-04
3.2141E+00  6.9134E-01 2.6842E+02    3.0444E-03    2.1562E-08    8.1680E-01   -2.0368E+00    3.0648E+01    2.4000E-04
2.8104E+00  7.2786E-01 2.7083E+02    3.7374E-03    2.0024E-08    8.1044E-01   -1.8756E+00    3.2721E+01    2.4000E-04
2.4130E+00  7.6534E-01 2.7313E+02    4.5265E-03    1.8709E-08    8.0184E-01   -1.7297E+00    3.4785E+01    2.4000E-04
2.0222E+00  8.0374E-01 2.7551E+02    5.4661E-03    1.7503E-08    7.9416E-01   -1.6393E+00    3.7034E+01    2.4000E-04
1.6382E+00  8.4301E-01 2.7777E+02    6.3532E-03    1.6425E-08    7.7010E-01   -1.5487E+00    3.9264E+01    2.4000E-04
1.2612E+00  8.8308E-01 2.7994E+02    7.4573E-03    1.5527E-08    7.5734E-01   -1.5617E+00    4.1497E+01    2.4000E-04
8.9154E-01  9.2389E-01 2.8200E+02    8.5564E-03    1.4777E-08    7.4278E-01   -1.6313E+00    4.3701E+01    2.4000E-04
5.2952E-01  9.6536E-01 2.8397E+02    9.7609E-03    1.4187E-08    7.4057E-01   -1.8433E+00    4.5897E+01    2.4000E-04
1.7538E-01  1.0074E+00 2.8584E+02    1.1106E-02    1.3699E-08    7.5823E-01   -2.0925E+00    4.8059E+01    2.4000E-04
0.0000E+00  1.0288E+00 2.8678E+02    1.1782E-02    1.3800E-08    7.8726E+00   -3.5094E+00    4.9173E+01    2.4000E-04
