     ALT          P          T          FH2O           O3           THEAT        TCOOL        PSATCO2        FCO2
7.2518E+01  3.2610E-05 2.3388E+02    3.8639E-06    3.7516E-07    4.0029E+01   -9.3933E+01    1.0319E+01    2.3800E-04
7.1360E+01  3.8507E-05 2.3539E+02    3.9672E-06    4.4691E-07    6.8833E+00   -5.7418E+01    1.0901E+01    2.3800E-04
7.0202E+01  4.5413E-05 2.3697E+02    4.0505E-06    5.1841E-07    4.7715E+00   -3.4390E+01    1.1537E+01    2.3800E-04
6.9047E+01  5.3490E-05 2.3864E+02    4.1337E-06    5.9177E-07    4.9353E+00   -2.0715E+01    1.2234E+01    2.3800E-04
6.7892E+01  6.2924E-05 2.4038E+02    4.2101E-06    6.7089E-07    5.3090E+00   -1.3200E+01    1.2994E+01    2.3800E-04
6.6738E+01  7.3929E-05 2.4217E+02    4.2698E-06    7.5880E-07    5.7350E+00   -9.3923E+00    1.3814E+01    2.3800E-04
6.5585E+01  8.6749E-05 2.4401E+02    4.3264E-06    8.5479E-07    6.1993E+00   -7.6312E+00    1.4691E+01    2.3800E-04
6.4433E+01  1.0166E-04 2.4586E+02    4.3728E-06    9.6151E-07    6.7109E+00   -6.9489E+00    1.5620E+01    2.3800E-04
6.3282E+01  1.1899E-04 2.4773E+02    4.4192E-06    1.0781E-06    7.2762E+00   -6.8515E+00    1.6597E+01    2.3800E-04
6.2132E+01  1.3910E-04 2.4960E+02    4.4628E-06    1.2066E-06    7.8809E+00   -7.0408E+00    1.7617E+01    2.3800E-04
6.0983E+01  1.6240E-04 2.5145E+02    4.4960E-06    1.3456E-06    8.5075E+00   -7.3485E+00    1.8675E+01    2.3800E-04
5.9835E+01  1.8937E-04 2.5329E+02    4.5283E-06    1.4938E-06    9.1386E+00   -7.7310E+00    1.9768E+01    2.3800E-04
5.8689E+01  2.2053E-04 2.5510E+02    4.5523E-06    1.6577E-06    9.7863E+00   -8.1632E+00    2.0893E+01    2.3800E-04
5.7545E+01  2.5650E-04 2.5689E+02    4.5700E-06    1.8423E-06    1.0451E+01   -8.6332E+00    2.2050E+01    2.3800E-04
5.6403E+01  2.9796E-04 2.5866E+02    4.5884E-06    2.0452E-06    1.1097E+01   -9.1320E+00    2.3238E+01    2.3800E-04
5.5263E+01  3.4568E-04 2.6041E+02    4.6000E-06    2.2650E-06    1.1690E+01   -9.6430E+00    2.4459E+01    2.3800E-04
5.4126E+01  4.0055E-04 2.6215E+02    4.6100E-06    2.5072E-06    1.2223E+01   -1.0160E+01    2.5713E+01    2.3800E-04
5.2991E+01  4.6353E-04 2.6387E+02    4.6100E-06    2.7764E-06    1.2677E+01   -1.0671E+01    2.7003E+01    2.3800E-04
5.1859E+01  5.3575E-04 2.6558E+02    4.6100E-06    3.0612E-06    1.2985E+01   -1.1164E+01    2.8331E+01    2.3800E-04
5.0730E+01  6.1843E-04 2.6728E+02    4.6000E-06    3.3569E-06    1.3117E+01   -1.1677E+01    2.9703E+01    2.3800E-04
4.9604E+01  7.1298E-04 2.6905E+02    4.5844E-06    3.6679E-06    1.3086E+01   -1.2163E+01    3.1178E+01    2.3800E-04
4.8482E+01  8.2094E-04 2.7056E+02    4.5617E-06    4.0117E-06    1.2930E+01   -1.2423E+01    3.2478E+01    2.3800E-04
4.7365E+01  9.4406E-04 2.7150E+02    4.5284E-06    4.3945E-06    1.2653E+01   -1.2342E+01    3.3315E+01    2.3800E-04
4.6256E+01  1.0843E-03 2.7179E+02    4.4838E-06    4.8241E-06    1.2267E+01   -1.2039E+01    3.3575E+01    2.3800E-04
4.5158E+01  1.2438E-03 2.7142E+02    4.4346E-06    5.3068E-06    1.1769E+01   -1.1532E+01    3.3243E+01    2.3800E-04
4.4073E+01  1.4249E-03 2.7042E+02    4.3696E-06    5.8190E-06    1.1132E+01   -1.0826E+01    3.2356E+01    2.3800E-04
4.3003E+01  1.6304E-03 2.6882E+02    4.2878E-06    6.3505E-06    1.0396E+01   -9.9999E+00    3.0988E+01    2.3800E-04
4.1951E+01  1.8631E-03 2.6671E+02    4.2047E-06    6.8800E-06    9.6064E+00   -9.1253E+00    2.9240E+01    2.3800E-04
4.0919E+01  2.1264E-03 2.6417E+02    4.1146E-06    7.3867E-06    8.8171E+00   -8.2514E+00    2.7234E+01    2.3800E-04
3.9907E+01  2.4238E-03 2.6129E+02    4.0158E-06    7.8527E-06    8.0702E+00   -7.4107E+00    2.5090E+01    2.3800E-04
3.8916E+01  2.7593E-03 2.5817E+02    3.9116E-06    8.2687E-06    7.3915E+00   -6.6216E+00    2.2906E+01    2.3800E-04
3.7948E+01  3.1373E-03 2.5488E+02    3.8093E-06    8.6314E-06    6.7861E+00   -5.8928E+00    2.0753E+01    2.3800E-04
3.7002E+01  3.5627E-03 2.5145E+02    3.7000E-06    8.9445E-06    6.2458E+00   -5.2262E+00    1.8676E+01    2.3800E-04
3.6078E+01  4.0406E-03 2.4792E+02    3.5936E-06    9.1952E-06    5.7508E+00   -4.6166E+00    1.6698E+01    2.3800E-04
3.5177E+01  4.5768E-03 2.4431E+02    3.4801E-06    9.3899E-06    5.2901E+00   -4.0667E+00    1.4839E+01    2.3800E-04
3.4299E+01  5.1776E-03 2.4064E+02    3.3721E-06    9.4940E-06    4.8449E+00   -3.5744E+00    1.3113E+01    2.3800E-04
3.3443E+01  5.8500E-03 2.3698E+02    3.2706E-06    9.5071E-06    4.4158E+00   -3.1348E+00    1.1539E+01    2.3800E-04
3.2608E+01  6.6013E-03 2.3337E+02    3.1655E-06    9.4064E-06    4.0005E+00   -2.7405E+00    1.0130E+01    2.3800E-04
3.1796E+01  7.4397E-03 2.2989E+02    3.0710E-06    9.1930E-06    3.6045E+00   -2.3869E+00    8.8973E+00    2.3800E-04
3.1003E+01  8.3741E-03 2.2661E+02    2.9697E-06    8.8685E-06    3.2309E+00   -2.0700E+00    7.8398E+00    2.3800E-04
3.0231E+01  9.4139E-03 2.2359E+02    2.8801E-06    8.4249E-06    2.8793E+00   -1.7913E+00    6.9509E+00    2.3800E-04
2.9476E+01  1.0570E-02 2.2086E+02    2.7927E-06    7.9065E-06    2.5569E+00   -1.5607E+00    6.2175E+00    2.3800E-04
2.8738E+01  1.1852E-02 2.1846E+02    2.7107E-06    7.3259E-06    2.2629E+00   -1.3143E+00    5.6193E+00    2.3800E-04
2.8017E+01  1.3273E-02 2.1635E+02    2.6327E-06    6.7296E-06    2.0011E+00   -1.1009E+00    5.1079E+00    2.3800E-04
2.7310E+01  1.4847E-02 2.1451E+02    2.5601E-06    6.1141E-06    1.7666E+00   -9.2062E-01    4.5172E+00    2.3800E-04
2.6616E+01  1.6585E-02 2.1290E+02    2.4840E-06    5.5082E-06    1.5603E+00   -7.7180E-01    4.0499E+00    2.3800E-04
2.5936E+01  1.8504E-02 2.1149E+02    2.4175E-06    4.9330E-06    1.3822E+00   -6.5232E-01    3.6740E+00    2.3800E-04
2.5267E+01  2.0619E-02 2.1024E+02    2.3520E-06    4.3961E-06    1.2297E+00   -5.5849E-01    3.3663E+00    2.3800E-04
2.4610E+01  2.2947E-02 2.0912E+02    2.2875E-06    3.9002E-06    1.0994E+00   -4.8617E-01    3.1101E+00    2.3800E-04
2.3965E+01  2.5505E-02 2.0811E+02    2.2240E-06    3.4530E-06    9.8822E-01   -4.3007E-01    2.8937E+00    2.3800E-04
2.3330E+01  2.8313E-02 2.0719E+02    2.1616E-06    3.0403E-06    8.9056E-01   -3.8626E-01    2.7087E+00    2.3800E-04
2.2706E+01  3.1390E-02 2.0636E+02    2.1020E-06    2.6740E-06    8.0482E-01   -3.4944E-01    2.5491E+00    2.3800E-04
2.2092E+01  3.4758E-02 2.0560E+02    2.0492E-06    2.3493E-06    7.2799E-01   -3.1680E-01    2.4109E+00    2.3800E-04
2.1487E+01  3.8439E-02 2.0491E+02    1.9956E-06    2.0572E-06    6.5719E-01   -2.8690E-01    2.2909E+00    2.3800E-04
2.0893E+01  4.2455E-02 2.0428E+02    1.9406E-06    1.7951E-06    5.9145E-01   -2.5882E-01    2.1871E+00    2.3800E-04
2.0307E+01  4.6833E-02 2.0373E+02    1.8922E-06    1.5698E-06    5.3153E-01   -2.3071E-01    2.0981E+00    2.3800E-04
1.9731E+01  5.1597E-02 2.0324E+02    1.8464E-06    1.3640E-06    4.7530E-01   -2.0401E-01    2.0227E+00    2.3800E-04
1.9163E+01  5.6774E-02 2.0282E+02    1.8013E-06    1.1736E-06    4.2268E-01   -1.7891E-01    1.9601E+00    2.3800E-04
1.8605E+01  6.2391E-02 2.0248E+02    1.7569E-06    1.0033E-06    3.7507E-01   -1.5395E-01    1.9098E+00    2.3800E-04
1.8054E+01  6.8478E-02 2.0221E+02    1.7173E-06    8.5647E-07    3.3349E-01   -1.2827E-01    1.8708E+00    2.3800E-04
1.7512E+01  7.5065E-02 2.0201E+02    1.6850E-06    7.2392E-07    2.9704E-01   -1.0495E-01    1.8423E+00    2.3800E-04
1.6978E+01  8.2181E-02 2.0187E+02    1.6531E-06    6.0630E-07    2.6564E-01   -8.5130E-02    1.8234E+00    2.3800E-04
1.6451E+01  8.9858E-02 2.0180E+02    1.6217E-06    5.0144E-07    2.3884E-01   -7.1007E-02    1.8136E+00    2.3800E-04
1.5932E+01  9.8128E-02 2.0179E+02    1.5971E-06    4.1021E-07    2.1642E-01   -6.2873E-02    1.8125E+00    2.3800E-04
1.5421E+01  1.0703E-01 2.0184E+02    1.5768E-06    3.3283E-07    1.9689E-01   -2.0726E-02    1.8193E+00    2.3800E-04
1.4917E+01  1.1658E-01 2.0195E+02    1.5567E-06    2.6805E-07    1.8056E-01   -1.7433E-02    1.8338E+00    2.3800E-04
1.4420E+01  1.2683E-01 2.0211E+02    1.5435E-06    2.1510E-07    1.6719E-01   -1.6937E-02    1.8573E+00    2.3800E-04
1.3930E+01  1.3781E-01 2.0236E+02    1.5337E-06    1.7008E-07    1.5592E-01   -1.8712E-02    1.8919E+00    2.3800E-04
1.3447E+01  1.4955E-01 2.0268E+02    1.5241E-06    1.3392E-07    1.4666E-01   -1.9766E-02    1.9394E+00    2.3800E-04
1.2971E+01  1.6208E-01 2.0309E+02    1.5307E-06    1.0812E-07    1.3975E-01   -1.6948E-02    1.9998E+00    2.3800E-04
1.2501E+01  1.7544E-01 2.0356E+02    1.7865E-06    9.0718E-08    1.3617E-01   -1.6299E-02    2.0726E+00    2.3800E-04
1.2037E+01  1.8967E-01 2.0409E+02    2.0029E-06    7.8190E-08    1.3348E-01    1.5404E-02    2.1555E+00    2.3800E-04
1.1580E+01  2.0479E-01 2.0462E+02    2.2761E-06    6.8463E-08    1.3189E-01    2.9482E-02    2.2434E+00    2.3800E-04
1.1128E+01  2.2083E-01 2.0621E+02    2.8864E-06    6.1397E-08    1.3333E-01   -4.8332E-02    2.5214E+00    2.3800E-04
1.0680E+01  2.3784E-01 2.0877E+02    4.1884E-06    5.7055E-08    1.3934E-01   -1.0729E-01    3.0338E+00    2.3800E-04
1.0234E+01  2.5583E-01 2.1078E+02    5.5779E-06    5.4207E-08    1.4673E-01   -2.1693E-01    3.4960E+00    2.3800E-04
9.7889E+00  2.7483E-01 2.1517E+02    1.0164E-05    5.1791E-08    1.7074E-01   -5.8163E-01    4.7228E+00    2.3800E-04
9.3429E+00  2.9488E-01 2.1957E+02    1.8090E-05    4.9610E-08    2.0664E-01   -9.6834E-01    5.8912E+00    2.3800E-04
8.8962E+00  3.1598E-01 2.2395E+02    3.1391E-05    4.7457E-08    2.5399E-01   -1.3594E+00    7.0540E+00    2.3800E-04
8.4490E+00  3.3818E-01 2.2829E+02    5.3075E-05    4.5303E-08    3.1240E-01   -1.7292E+00    8.3689E+00    2.3800E-04
8.0019E+00  3.6147E-01 2.3257E+02    8.7365E-05    4.3150E-08    3.7862E-01   -2.0395E+00    9.8363E+00    2.3800E-04
7.5552E+00  3.8588E-01 2.3676E+02    1.3987E-04    4.1002E-08    4.4742E-01   -2.2539E+00    1.1451E+01    2.3800E-04
7.1094E+00  4.1143E-01 2.4084E+02    2.1759E-04    3.8859E-08    5.2020E-01   -2.3951E+00    1.3202E+01    2.3800E-04
6.6652E+00  4.3810E-01 2.4477E+02    3.2870E-04    3.6727E-08    5.9859E-01   -2.4668E+00    1.5071E+01    2.3800E-04
6.2230E+00  4.6593E-01 2.4854E+02    4.8207E-04    3.4611E-08    6.7098E-01   -2.4716E+00    1.7037E+01    2.3800E-04
5.7834E+00  4.9489E-01 2.5213E+02    6.8667E-04    3.2582E-08    7.2454E-01   -2.4456E+00    1.9076E+01    2.3800E-04
5.3470E+00  5.2499E-01 2.5553E+02    9.5097E-04    3.0563E-08    7.6076E-01   -2.4184E+00    2.1165E+01    2.3800E-04
4.9144E+00  5.5623E-01 2.5873E+02    1.2825E-03    2.8563E-08    7.8829E-01   -2.3782E+00    2.3283E+01    2.3800E-04
4.4862E+00  5.8857E-01 2.6174E+02    1.6877E-03    2.6640E-08    8.1012E-01   -2.3089E+00    2.5411E+01    2.3800E-04
4.0627E+00  6.2202E-01 2.6456E+02    2.1719E-03    2.4812E-08    8.2356E-01   -2.2340E+00    2.7538E+01    2.3800E-04
3.6446E+00  6.5653E-01 2.6722E+02    2.7391E-03    2.3081E-08    8.2693E-01   -2.1453E+00    2.9651E+01    2.3800E-04
3.2323E+00  6.9209E-01 2.6971E+02    3.3924E-03    2.1447E-08    8.2252E-01   -2.0062E+00    3.1744E+01    2.3800E-04
2.8261E+00  7.2866E-01 2.7206E+02    4.1342E-03    1.9975E-08    8.1411E-01   -1.8447E+00    3.3813E+01    2.3800E-04
2.4264E+00  7.6619E-01 2.7442E+02    5.0280E-03    1.8658E-08    8.0799E-01   -1.7236E+00    3.5989E+01    2.3800E-04
2.0333E+00  8.0463E-01 2.7675E+02    5.9397E-03    1.7440E-08    7.8868E-01   -1.6129E+00    3.8240E+01    2.3800E-04
1.6470E+00  8.4395E-01 2.7898E+02    6.9315E-03    1.6350E-08    7.6758E-01   -1.5605E+00    4.0495E+01    2.3800E-04
1.2679E+00  8.8406E-01 2.8110E+02    8.0622E-03    1.5444E-08    7.5142E-01   -1.5863E+00    4.2728E+01    2.3800E-04
8.9621E-01  9.2492E-01 2.8312E+02    9.1418E-03    1.4759E-08    7.3417E-01   -1.6678E+00    4.4941E+01    2.3800E-04
5.3226E-01  9.6645E-01 2.8505E+02    1.0524E-02    1.4192E-08    7.4055E-01   -1.9233E+00    4.7142E+01    2.3800E-04
1.7627E-01  1.0086E+00 2.8689E+02    1.1844E-02    1.3700E-08    7.5508E-01   -2.1590E+00    4.9308E+01    2.3800E-04
0.0000E+00  1.0300E+00 2.8782E+02    1.2510E-02    1.3800E-08    7.8258E+00   -3.4267E+00    5.0428E+01    2.3800E-04
