     ALT          P          T          FH2O           O3           THEAT        TCOOL        PSATCO2        FCO2
7.3425E+01  3.2610E-05 2.3296E+02    5.9053E-06    3.3988E-07    3.9852E+01   -9.3641E+01    9.9801E+00    2.3800E-04
7.2273E+01  3.8506E-05 2.3447E+02    6.0572E-06    4.0560E-07    6.7051E+00   -5.7943E+01    1.0544E+01    2.3800E-04
7.1122E+01  4.5410E-05 2.3604E+02    6.1927E-06    4.7025E-07    4.5489E+00   -3.5301E+01    1.1161E+01    2.3800E-04
6.9972E+01  5.3486E-05 2.3771E+02    6.3077E-06    5.3899E-07    4.6860E+00   -2.1814E+01    1.1841E+01    2.3800E-04
6.8823E+01  6.2918E-05 2.3945E+02    6.4126E-06    6.1487E-07    5.0421E+00   -1.4374E+01    1.2583E+01    2.3800E-04
6.7676E+01  7.3920E-05 2.4125E+02    6.5059E-06    6.9865E-07    5.4487E+00   -1.0550E+01    1.3386E+01    2.3800E-04
6.6529E+01  8.6736E-05 2.4309E+02    6.5833E-06    7.9173E-07    5.8994E+00   -8.7422E+00    1.4247E+01    2.3800E-04
6.5382E+01  1.0165E-04 2.4496E+02    6.6620E-06    8.9430E-07    6.3957E+00   -7.9792E+00    1.5161E+01    2.3800E-04
6.4237E+01  1.1897E-04 2.4684E+02    6.7208E-06    1.0113E-06    6.9626E+00   -7.7845E+00    1.6124E+01    2.3800E-04
6.3092E+01  1.3907E-04 2.4872E+02    6.7863E-06    1.1286E-06    7.5245E+00   -7.8652E+00    1.7130E+01    2.3800E-04
6.1949E+01  1.6236E-04 2.5058E+02    6.8320E-06    1.2658E-06    8.1492E+00   -8.0665E+00    1.8175E+01    2.3800E-04
6.0806E+01  1.8932E-04 2.5244E+02    6.8777E-06    1.4119E-06    8.7852E+00   -8.3197E+00    1.9257E+01    2.3800E-04
5.9665E+01  2.2047E-04 2.5427E+02    6.9217E-06    1.5732E-06    9.4404E+00   -8.6215E+00    2.0372E+01    2.3800E-04
5.8526E+01  2.5642E-04 2.5608E+02    6.9545E-06    1.7553E-06    1.0118E+01   -8.9565E+00    2.1519E+01    2.3800E-04
5.7389E+01  2.9786E-04 2.5786E+02    6.9872E-06    1.9545E-06    1.0780E+01   -9.3185E+00    2.2697E+01    2.3800E-04
5.6254E+01  3.4556E-04 2.5963E+02    7.0099E-06    2.1791E-06    1.1429E+01   -9.6977E+00    2.3908E+01    2.3800E-04
5.5122E+01  4.0039E-04 2.6138E+02    7.0326E-06    2.4302E-06    1.2035E+01   -1.0088E+01    2.5152E+01    2.3800E-04
5.3992E+01  4.6335E-04 2.6311E+02    7.0452E-06    2.7064E-06    1.2556E+01   -1.0473E+01    2.6431E+01    2.3800E-04
5.2864E+01  5.3552E-04 2.6483E+02    7.0577E-06    3.0074E-06    1.2958E+01   -1.0848E+01    2.7747E+01    2.3800E-04
5.1740E+01  6.1816E-04 2.6654E+02    7.0600E-06    3.3329E-06    1.3209E+01   -1.1203E+01    2.9102E+01    2.3800E-04
5.0619E+01  7.1265E-04 2.6824E+02    7.0600E-06    3.6713E-06    1.3260E+01   -1.1604E+01    3.0497E+01    2.3800E-04
4.9501E+01  8.2054E-04 2.7003E+02    7.0550E-06    4.0189E-06    1.3104E+01   -1.1999E+01    3.2024E+01    2.3800E-04
4.8387E+01  9.4359E-04 2.7152E+02    7.0427E-06    4.3930E-06    1.2785E+01   -1.2128E+01    3.3327E+01    2.3800E-04
4.7278E+01  1.0837E-03 2.7233E+02    7.0206E-06    4.7799E-06    1.2292E+01   -1.1960E+01    3.4057E+01    2.3800E-04
4.6178E+01  1.2431E-03 2.7239E+02    6.9886E-06    5.1757E-06    1.1641E+01   -1.1499E+01    3.4112E+01    2.3800E-04
4.5090E+01  1.4241E-03 2.7175E+02    6.9503E-06    5.5672E-06    1.0856E+01   -1.0791E+01    3.3535E+01    2.3800E-04
4.4015E+01  1.6294E-03 2.7051E+02    6.9006E-06    5.9346E-06    9.9830E+00   -9.9533E+00    3.2434E+01    2.3800E-04
4.2958E+01  1.8620E-03 2.6878E+02    6.8424E-06    6.2674E-06    9.0900E+00   -9.0867E+00    3.0948E+01    2.3800E-04
4.1917E+01  2.1250E-03 2.6668E+02    6.7733E-06    6.5663E-06    8.2399E+00   -8.2595E+00    2.9217E+01    2.3800E-04
4.0896E+01  2.4222E-03 2.6434E+02    6.7016E-06    6.8178E-06    7.4598E+00   -7.5019E+00    2.7365E+01    2.3800E-04
3.9894E+01  2.7575E-03 2.6183E+02    6.6215E-06    7.0311E-06    6.7717E+00   -6.8216E+00    2.5483E+01    2.3800E-04
3.8912E+01  3.1352E-03 2.5923E+02    6.5329E-06    7.2041E-06    6.1707E+00   -6.2125E+00    2.3630E+01    2.3800E-04
3.7949E+01  3.5602E-03 2.5656E+02    6.4398E-06    7.3421E-06    5.6468E+00   -5.6688E+00    2.1835E+01    2.3800E-04
3.7006E+01  4.0377E-03 2.5384E+02    6.3456E-06    7.4544E-06    5.1869E+00   -5.1863E+00    2.0109E+01    2.3800E-04
3.6083E+01  4.5734E-03 2.5107E+02    6.2433E-06    7.5333E-06    4.7725E+00   -4.7585E+00    1.8456E+01    2.3800E-04
3.5180E+01  5.1737E-03 2.4826E+02    6.1415E-06    7.5928E-06    4.3972E+00   -4.3758E+00    1.6882E+01    2.3800E-04
3.4296E+01  5.8455E-03 2.4543E+02    6.0355E-06    7.6100E-06    4.0448E+00   -4.0267E+00    1.5398E+01    2.3800E-04
3.3432E+01  6.5961E-03 2.4261E+02    5.9317E-06    7.5873E-06    3.7120E+00   -3.7018E+00    1.4018E+01    2.3800E-04
3.2587E+01  7.4337E-03 2.3983E+02    5.8203E-06    7.5037E-06    3.3919E+00   -3.3906E+00    1.2753E+01    2.3800E-04
3.1760E+01  8.3672E-03 2.3716E+02    5.7211E-06    7.3519E-06    3.0838E+00   -3.0905E+00    1.1614E+01    2.3800E-04
3.0951E+01  9.4060E-03 2.3463E+02    5.6140E-06    7.1238E-06    2.7874E+00   -2.8034E+00    1.0608E+01    2.3800E-04
3.0160E+01  1.0560E-02 2.3229E+02    5.5190E-06    6.8194E-06    2.5049E+00   -2.5633E+00    9.7356E+00    2.3800E-04
2.9384E+01  1.1842E-02 2.3017E+02    5.4186E-06    6.4559E-06    2.2408E+00   -2.2815E+00    8.9896E+00    2.3800E-04
2.8624E+01  1.3262E-02 2.2824E+02    5.3248E-06    6.0354E-06    1.9962E+00   -2.0217E+00    8.3534E+00    2.3800E-04
2.7879E+01  1.4833E-02 2.2651E+02    5.2353E-06    5.5880E-06    1.7757E+00   -1.7872E+00    7.8075E+00    2.3800E-04
2.7148E+01  1.6570E-02 2.2492E+02    5.1476E-06    5.1203E-06    1.5788E+00   -1.5793E+00    7.3332E+00    2.3800E-04
2.6430E+01  1.8487E-02 2.2345E+02    5.0614E-06    4.6456E-06    1.4049E+00   -1.3982E+00    6.9139E+00    2.3800E-04
2.5725E+01  2.0599E-02 2.2208E+02    4.9769E-06    4.1828E-06    1.2541E+00   -1.2431E+00    6.5364E+00    2.3800E-04
2.5032E+01  2.2924E-02 2.2076E+02    4.8937E-06    3.7414E-06    1.1238E+00   -1.1112E+00    6.1910E+00    2.3800E-04
2.4352E+01  2.5480E-02 2.1949E+02    4.8121E-06    3.3287E-06    1.0109E+00   -9.9875E-01    5.8713E+00    2.3800E-04
2.3684E+01  2.8284E-02 2.1826E+02    4.7420E-06    2.9425E-06    9.1114E-01   -9.0219E-01    5.5736E+00    2.3800E-04
2.3028E+01  3.1358E-02 2.1707E+02    4.6632E-06    2.5955E-06    8.2301E-01   -8.1595E-01    5.2962E+00    2.3800E-04
2.2383E+01  3.4722E-02 2.1592E+02    4.5932E-06    2.2812E-06    7.4319E-01   -7.3829E-01    4.9656E+00    2.3800E-04
2.1750E+01  3.8398E-02 2.1482E+02    4.5199E-06    1.9997E-06    6.7002E-01   -6.6731E-01    4.6134E+00    2.3800E-04
2.1128E+01  4.2411E-02 2.1379E+02    4.4552E-06    1.7440E-06    6.0202E-01   -6.0322E-01    4.3006E+00    2.3800E-04
2.0517E+01  4.6783E-02 2.1282E+02    4.3865E-06    1.5231E-06    5.4023E-01   -5.4340E-01    4.0264E+00    2.3800E-04
1.9916E+01  5.1541E-02 2.1194E+02    4.3265E-06    1.3208E-06    4.8279E-01   -4.8912E-01    3.7896E+00    2.3800E-04
1.9326E+01  5.6711E-02 2.1115E+02    4.2675E-06    1.1413E-06    4.3062E-01   -4.3831E-01    3.5885E+00    2.3800E-04
1.8745E+01  6.2322E-02 2.1047E+02    4.2095E-06    9.7753E-07    3.8333E-01   -3.9125E-01    3.4208E+00    2.3800E-04
1.8175E+01  6.8401E-02 2.0989E+02    4.1539E-06    8.3220E-07    3.4170E-01   -3.4742E-01    3.2835E+00    2.3800E-04
1.7613E+01  7.4979E-02 2.0940E+02    4.1089E-06    7.0412E-07    3.0581E-01   -3.0804E-01    3.1735E+00    2.3800E-04
1.7060E+01  8.2086E-02 2.0902E+02    4.0685E-06    5.9055E-07    2.7512E-01   -2.7488E-01    3.0877E+00    2.3800E-04
1.6516E+01  8.9753E-02 2.0872E+02    4.0312E-06    4.8977E-07    2.4904E-01   -2.4974E-01    3.0236E+00    2.3800E-04
1.5981E+01  9.8013E-02 2.0852E+02    3.9938E-06    4.0162E-07    2.2708E-01   -2.3262E-01    2.9792E+00    2.3800E-04
1.5453E+01  1.0690E-01 2.0839E+02    3.9681E-06    3.2591E-07    2.0761E-01   -1.9024E-01    2.9515E+00    2.3800E-04
1.4934E+01  1.1644E-01 2.0833E+02    3.9473E-06    2.6253E-07    1.9120E-01   -1.7939E-01    2.9390E+00    2.3800E-04
1.4422E+01  1.2668E-01 2.0834E+02    3.9269E-06    2.1103E-07    1.7772E-01   -1.7191E-01    2.9419E+00    2.3800E-04
1.3918E+01  1.3764E-01 2.0844E+02    3.9134E-06    1.6771E-07    1.6639E-01   -1.6767E-01    2.9619E+00    2.3800E-04
1.3422E+01  1.4936E-01 2.0862E+02    3.9034E-06    1.3172E-07    1.5691E-01   -1.6470E-01    3.0008E+00    2.3800E-04
1.2932E+01  1.6188E-01 2.0889E+02    3.8936E-06    1.0623E-07    1.4957E-01   -1.5918E-01    3.0605E+00    2.3800E-04
1.2450E+01  1.7522E-01 2.0926E+02    3.9020E-06    8.9166E-08    1.4411E-01   -1.5052E-01    3.1408E+00    2.3800E-04
1.1975E+01  1.8942E-01 2.0971E+02    4.0299E-06    7.6608E-08    1.4054E-01   -1.4426E-01    3.2421E+00    2.3800E-04
1.1506E+01  2.0452E-01 2.1021E+02    4.7320E-06    6.6944E-08    1.4036E-01   -1.4981E-01    3.3596E+00    2.3800E-04
1.1043E+01  2.2055E-01 2.1077E+02    5.2895E-06    6.0337E-08    1.4099E-01   -1.2924E-01    3.4927E+00    2.3800E-04
1.0588E+01  2.3753E-01 2.1134E+02    5.9974E-06    5.6373E-08    1.4099E-01   -1.2771E-01    3.6342E+00    2.3800E-04
1.0138E+01  2.5549E-01 2.1281E+02    7.3699E-06    5.3704E-08    1.4473E-01   -1.2272E-01    4.0227E+00    2.3800E-04
9.6928E+00  2.7447E-01 2.1392E+02    8.6193E-06    5.1419E-08    1.4892E-01   -1.4429E-01    4.3413E+00    2.3800E-04
9.2514E+00  2.9448E-01 2.1710E+02    1.3176E-05    4.9306E-08    1.6742E-01   -4.2023E-01    5.3017E+00    2.3800E-04
8.8104E+00  3.1556E-01 2.2144E+02    2.3037E-05    4.7271E-08    2.0500E-01   -8.4832E-01    6.3671E+00    2.3800E-04
8.3690E+00  3.3772E-01 2.2575E+02    3.9284E-05    4.5159E-08    2.5681E-01   -1.2828E+00    7.5786E+00    2.3800E-04
7.9275E+00  3.6098E-01 2.3002E+02    6.5295E-05    4.3036E-08    3.1972E-01   -1.6782E+00    8.9394E+00    2.3800E-04
7.4863E+00  3.8535E-01 2.3422E+02    1.0570E-04    4.0916E-08    3.8827E-01   -1.9830E+00    1.0448E+01    2.3800E-04
7.0461E+00  4.1085E-01 2.3832E+02    1.6649E-04    3.8845E-08    4.5992E-01   -2.1890E+00    1.2098E+01    2.3800E-04
6.6071E+00  4.3749E-01 2.4230E+02    2.5497E-04    3.6827E-08    5.3721E-01   -2.3216E+00    1.3876E+01    2.3800E-04
6.1700E+00  4.6527E-01 2.4614E+02    3.7948E-04    3.4821E-08    6.1529E-01   -2.3707E+00    1.5763E+01    2.3800E-04
5.7352E+00  4.9419E-01 2.4982E+02    5.4885E-04    3.2829E-08    6.8021E-01   -2.3724E+00    1.7740E+01    2.3800E-04
5.3035E+00  5.2425E-01 2.5331E+02    7.7184E-04    3.0838E-08    7.2578E-01   -2.3489E+00    1.9782E+01    2.3800E-04
4.8752E+00  5.5543E-01 2.5661E+02    1.0566E-03    2.8859E-08    7.5843E-01   -2.3280E+00    2.1867E+01    2.3800E-04
4.4511E+00  5.8773E-01 2.5973E+02    1.4102E-03    2.6963E-08    7.8461E-01   -2.2805E+00    2.3975E+01    2.3800E-04
4.0315E+00  6.2112E-01 2.6266E+02    1.8388E-03    2.5161E-08    8.0400E-01   -2.2136E+00    2.6091E+01    2.3800E-04
3.6171E+00  6.5558E-01 2.6541E+02    2.3470E-03    2.3451E-08    8.1385E-01   -2.1431E+00    2.8202E+01    2.3800E-04
3.2081E+00  6.9108E-01 2.6800E+02    2.9387E-03    2.1834E-08    8.1448E-01   -2.0438E+00    3.0298E+01    2.3800E-04
2.8052E+00  7.2758E-01 2.7043E+02    3.6163E-03    2.0301E-08    8.0900E-01   -1.8883E+00    3.2372E+01    2.3800E-04
2.4086E+00  7.6505E-01 2.7273E+02    4.3819E-03    1.8993E-08    8.0042E-01   -1.7372E+00    3.4419E+01    2.3800E-04
2.0186E+00  8.0344E-01 2.7511E+02    5.3104E-03    1.7790E-08    7.9480E-01   -1.6457E+00    3.6644E+01    2.3800E-04
1.6353E+00  8.4269E-01 2.7738E+02    6.2034E-03    1.6717E-08    7.7307E-01   -1.5544E+00    3.8872E+01    2.3800E-04
1.2590E+00  8.8274E-01 2.7956E+02    7.2610E-03    1.5821E-08    7.5826E-01   -1.5532E+00    4.1104E+01    2.3800E-04
8.8999E-01  9.2353E-01 2.8163E+02    8.3672E-03    1.5073E-08    7.4488E-01   -1.6198E+00    4.3306E+01    2.3800E-04
5.2861E-01  9.6499E-01 2.8361E+02    9.5119E-03    1.4440E-08    7.3985E-01   -1.8168E+00    4.5496E+01    2.3800E-04
1.7508E-01  1.0070E+00 2.8550E+02    1.0866E-02    1.3884E-08    7.5892E-01   -2.0708E+00    4.7658E+01    2.3800E-04
0.0000E+00  1.0284E+00 2.8644E+02    1.1546E-02    1.4000E-08    7.8849E+00   -3.5359E+00    4.8770E+01    2.3800E-04
