     ALT          P          T          FH2O           O3           THEAT        TCOOL        PSATCO2        FCO2
7.3425E+01  3.2610E-05 2.3296E+02    5.9153E-06    3.3991E-07    3.9852E+01   -9.3625E+01    9.9774E+00    2.3800E-04
7.2272E+01  3.8506E-05 2.3446E+02    6.0673E-06    4.0468E-07    6.7009E+00   -5.7913E+01    1.0541E+01    2.3800E-04
7.1121E+01  4.5410E-05 2.3604E+02    6.1953E-06    4.7027E-07    4.5486E+00   -3.5297E+01    1.1158E+01    2.3800E-04
6.9972E+01  5.3486E-05 2.3770E+02    6.3178E-06    5.3902E-07    4.6863E+00   -2.1823E+01    1.1838E+01    2.3800E-04
6.8823E+01  6.2918E-05 2.3944E+02    6.4226E-06    6.1489E-07    5.0425E+00   -1.4381E+01    1.2580E+01    2.3800E-04
6.7675E+01  7.3920E-05 2.4124E+02    6.5145E-06    6.9867E-07    5.4489E+00   -1.0557E+01    1.3383E+01    2.3800E-04
6.6528E+01  8.6736E-05 2.4308E+02    6.5933E-06    7.9133E-07    5.8974E+00   -8.7471E+00    1.4243E+01    2.3800E-04
6.5382E+01  1.0165E-04 2.4495E+02    6.6721E-06    8.9360E-07    6.3882E+00   -7.9838E+00    1.5157E+01    2.3800E-04
6.4236E+01  1.1897E-04 2.4683E+02    6.7308E-06    1.0015E-06    6.9177E+00   -7.7839E+00    1.6119E+01    2.3800E-04
6.3092E+01  1.3907E-04 2.4871E+02    6.7895E-06    1.1286E-06    7.5206E+00   -7.8640E+00    1.7125E+01    2.3800E-04
6.1948E+01  1.6236E-04 2.5058E+02    6.8421E-06    1.2658E-06    8.1502E+00   -8.0691E+00    1.8171E+01    2.3800E-04
6.0806E+01  1.8932E-04 2.5243E+02    6.8877E-06    1.4119E-06    8.7863E+00   -8.3217E+00    1.9252E+01    2.3800E-04
5.9665E+01  2.2047E-04 2.5426E+02    6.9317E-06    1.5732E-06    9.4414E+00   -8.6234E+00    2.0367E+01    2.3800E-04
5.8526E+01  2.5642E-04 2.5607E+02    6.9645E-06    1.7553E-06    1.0119E+01   -8.9580E+00    2.1514E+01    2.3800E-04
5.7389E+01  2.9786E-04 2.5786E+02    6.9972E-06    1.9545E-06    1.0781E+01   -9.3194E+00    2.2692E+01    2.3800E-04
5.6254E+01  3.4556E-04 2.5962E+02    7.0199E-06    2.1791E-06    1.1430E+01   -9.6979E+00    2.3902E+01    2.3800E-04
5.5122E+01  4.0040E-04 2.6137E+02    7.0426E-06    2.4302E-06    1.2036E+01   -1.0087E+01    2.5147E+01    2.3800E-04
5.3992E+01  4.6335E-04 2.6310E+02    7.0552E-06    2.7064E-06    1.2557E+01   -1.0472E+01    2.6426E+01    2.3800E-04
5.2865E+01  5.3552E-04 2.6482E+02    7.0677E-06    3.0074E-06    1.2959E+01   -1.0847E+01    2.7741E+01    2.3800E-04
5.1740E+01  6.1816E-04 2.6653E+02    7.0700E-06    3.3329E-06    1.3210E+01   -1.1201E+01    2.9095E+01    2.3800E-04
5.0619E+01  7.1265E-04 2.6823E+02    7.0700E-06    3.6712E-06    1.3261E+01   -1.1602E+01    3.0491E+01    2.3800E-04
4.9501E+01  8.2054E-04 2.7003E+02    7.0650E-06    4.0189E-06    1.3105E+01   -1.1997E+01    3.2018E+01    2.3800E-04
4.8387E+01  9.4359E-04 2.7151E+02    7.0527E-06    4.3929E-06    1.2786E+01   -1.2127E+01    3.3322E+01    2.3800E-04
4.7278E+01  1.0837E-03 2.7232E+02    7.0306E-06    4.7798E-06    1.2293E+01   -1.1959E+01    3.4053E+01    2.3800E-04
4.6178E+01  1.2431E-03 2.7239E+02    6.9986E-06    5.1756E-06    1.1642E+01   -1.1499E+01    3.4109E+01    2.3800E-04
4.5090E+01  1.4241E-03 2.7175E+02    6.9604E-06    5.5671E-06    1.0856E+01   -1.0791E+01    3.3533E+01    2.3800E-04
4.4016E+01  1.6294E-03 2.7050E+02    6.9106E-06    5.9345E-06    9.9833E+00   -9.9536E+00    3.2432E+01    2.3800E-04
4.2958E+01  1.8620E-03 2.6877E+02    6.8524E-06    6.2673E-06    9.0903E+00   -9.0876E+00    3.0947E+01    2.3800E-04
4.1918E+01  2.1250E-03 2.6668E+02    6.7834E-06    6.5662E-06    8.2407E+00   -8.2607E+00    2.9217E+01    2.3800E-04
4.0896E+01  2.4222E-03 2.6434E+02    6.7117E-06    6.8247E-06    7.4653E+00   -7.5042E+00    2.7364E+01    2.3800E-04
3.9894E+01  2.7575E-03 2.6183E+02    6.6315E-06    7.0310E-06    6.7717E+00   -6.8220E+00    2.5482E+01    2.3800E-04
3.8912E+01  3.1352E-03 2.5923E+02    6.5429E-06    7.2040E-06    6.1703E+00   -6.2125E+00    2.3628E+01    2.3800E-04
3.7950E+01  3.5602E-03 2.5656E+02    6.4499E-06    7.3420E-06    5.6465E+00   -5.6686E+00    2.1833E+01    2.3800E-04
3.7007E+01  4.0377E-03 2.5384E+02    6.3556E-06    7.4543E-06    5.1867E+00   -5.1860E+00    2.0106E+01    2.3800E-04
3.6084E+01  4.5734E-03 2.5107E+02    6.2533E-06    7.5333E-06    4.7723E+00   -4.7583E+00    1.8453E+01    2.3800E-04
3.5181E+01  5.1737E-03 2.4825E+02    6.1516E-06    7.5928E-06    4.3971E+00   -4.3757E+00    1.6879E+01    2.3800E-04
3.4297E+01  5.8455E-03 2.4542E+02    6.0455E-06    7.6100E-06    4.0447E+00   -4.0266E+00    1.5396E+01    2.3800E-04
3.3433E+01  6.5961E-03 2.4260E+02    5.9418E-06    7.5873E-06    3.7119E+00   -3.7017E+00    1.4015E+01    2.3800E-04
3.2587E+01  7.4337E-03 2.3983E+02    5.8303E-06    7.5038E-06    3.3919E+00   -3.3906E+00    1.2751E+01    2.3800E-04
3.1761E+01  8.3672E-03 2.3716E+02    5.7312E-06    7.3520E-06    3.0838E+00   -3.0905E+00    1.1612E+01    2.3800E-04
3.0952E+01  9.4060E-03 2.3463E+02    5.6241E-06    7.1240E-06    2.7875E+00   -2.8034E+00    1.0606E+01    2.3800E-04
3.0160E+01  1.0560E-02 2.3229E+02    5.5291E-06    6.8197E-06    2.5050E+00   -2.5634E+00    9.7337E+00    2.3800E-04
2.9385E+01  1.1842E-02 2.3016E+02    5.4287E-06    6.4562E-06    2.2409E+00   -2.2816E+00    8.9878E+00    2.3800E-04
2.8625E+01  1.3262E-02 2.2824E+02    5.3349E-06    6.0358E-06    1.9963E+00   -2.0217E+00    8.3517E+00    2.3800E-04
2.7880E+01  1.4833E-02 2.2650E+02    5.2454E-06    5.5884E-06    1.7758E+00   -1.7873E+00    7.8060E+00    2.3800E-04
2.7148E+01  1.6570E-02 2.2492E+02    5.1577E-06    5.1207E-06    1.5789E+00   -1.5794E+00    7.3317E+00    2.3800E-04
2.6430E+01  1.8487E-02 2.2345E+02    5.0715E-06    4.6460E-06    1.4050E+00   -1.3983E+00    6.9125E+00    2.3800E-04
2.5725E+01  2.0599E-02 2.2207E+02    4.9870E-06    4.1832E-06    1.2542E+00   -1.2431E+00    6.5351E+00    2.3800E-04
2.5033E+01  2.2924E-02 2.2076E+02    4.9038E-06    3.7418E-06    1.1239E+00   -1.1113E+00    6.1899E+00    2.3800E-04
2.4353E+01  2.5480E-02 2.1949E+02    4.8222E-06    3.3292E-06    1.0110E+00   -9.9879E-01    5.8703E+00    2.3800E-04
2.3685E+01  2.8284E-02 2.1826E+02    4.7520E-06    2.9429E-06    9.1125E-01   -9.0222E-01    5.5726E+00    2.3800E-04
2.3028E+01  3.1358E-02 2.1707E+02    4.6732E-06    2.5959E-06    8.2312E-01   -8.1598E-01    5.2953E+00    2.3800E-04
2.2384E+01  3.4722E-02 2.1592E+02    4.6033E-06    2.2815E-06    7.4329E-01   -7.3832E-01    4.9644E+00    2.3800E-04
2.1751E+01  3.8399E-02 2.1482E+02    4.5300E-06    2.0000E-06    6.7012E-01   -6.6735E-01    4.6124E+00    2.3800E-04
2.1129E+01  4.2411E-02 2.1378E+02    4.4653E-06    1.7443E-06    6.0211E-01   -6.0328E-01    4.2998E+00    2.3800E-04
2.0517E+01  4.6783E-02 2.1282E+02    4.3966E-06    1.5234E-06    5.4032E-01   -5.4348E-01    4.0258E+00    2.3800E-04
1.9917E+01  5.1541E-02 2.1194E+02    4.3366E-06    1.3211E-06    4.8288E-01   -4.8923E-01    3.7892E+00    2.3800E-04
1.9327E+01  5.6712E-02 2.1115E+02    4.2775E-06    1.1416E-06    4.3070E-01   -4.3845E-01    3.5884E+00    2.3800E-04
1.8746E+01  6.2322E-02 2.1047E+02    4.2195E-06    9.7774E-07    3.8340E-01   -3.9143E-01    3.4209E+00    2.3800E-04
1.8175E+01  6.8401E-02 2.0989E+02    4.1639E-06    8.3239E-07    3.4177E-01   -3.4765E-01    3.2839E+00    2.3800E-04
1.7614E+01  7.4979E-02 2.0941E+02    4.1190E-06    7.0429E-07    3.0588E-01   -3.0831E-01    3.1742E+00    2.3800E-04
1.7061E+01  8.2086E-02 2.0902E+02    4.0786E-06    5.9070E-07    2.7518E-01   -2.7517E-01    3.0888E+00    2.3800E-04
1.6517E+01  8.9753E-02 2.0873E+02    4.0413E-06    4.8990E-07    2.4910E-01   -2.5005E-01    3.0250E+00    2.3800E-04
1.5981E+01  9.8013E-02 2.0852E+02    4.0038E-06    4.0173E-07    2.2714E-01   -2.3296E-01    2.9808E+00    2.3800E-04
1.5454E+01  1.0690E-01 2.0840E+02    3.9781E-06    3.2600E-07    2.0766E-01   -1.9063E-01    2.9535E+00    2.3800E-04
1.4935E+01  1.1644E-01 2.0834E+02    3.9574E-06    2.6260E-07    1.9125E-01   -1.7984E-01    2.9414E+00    2.3800E-04
1.4423E+01  1.2668E-01 2.0835E+02    3.9369E-06    2.1108E-07    1.7777E-01   -1.7244E-01    2.9448E+00    2.3800E-04
1.3919E+01  1.3764E-01 2.0845E+02    3.9234E-06    1.6775E-07    1.6643E-01   -1.6811E-01    2.9649E+00    2.3800E-04
1.3422E+01  1.4936E-01 2.0863E+02    3.9134E-06    1.3175E-07    1.5696E-01   -1.6515E-01    3.0041E+00    2.3800E-04
1.2933E+01  1.6188E-01 2.0891E+02    3.9036E-06    1.0625E-07    1.4961E-01   -1.5954E-01    3.0638E+00    2.3800E-04
1.2451E+01  1.7522E-01 2.0928E+02    3.9120E-06    8.9179E-08    1.4415E-01   -1.5107E-01    3.1449E+00    2.3800E-04
1.1975E+01  1.8943E-01 2.0972E+02    4.0451E-06    7.6618E-08    1.4061E-01   -1.4426E-01    3.2450E+00    2.3800E-04
1.1506E+01  2.0452E-01 2.1024E+02    4.7456E-06    6.6951E-08    1.4031E-01   -1.4931E-01    3.3653E+00    2.3800E-04
1.1044E+01  2.2055E-01 2.1078E+02    5.5157E-06    6.0340E-08    1.4010E-01   -1.2385E-01    3.4952E+00    2.3800E-04
1.0588E+01  2.3753E-01 2.1137E+02    6.0170E-06    5.6375E-08    1.4104E-01   -1.2847E-01    3.6422E+00    2.3800E-04
1.0138E+01  2.5549E-01 2.1281E+02    7.3746E-06    5.3705E-08    1.4479E-01   -1.2366E-01    4.0240E+00    2.3800E-04
9.6930E+00  2.7447E-01 2.1394E+02    8.6435E-06    5.1420E-08    1.4904E-01   -1.4607E-01    4.3475E+00    2.3800E-04
9.2516E+00  2.9448E-01 2.1710E+02    1.3186E-05    4.9306E-08    1.6749E-01   -4.2051E-01    5.3030E+00    2.3800E-04
8.8106E+00  3.1556E-01 2.2144E+02    2.3054E-05    4.7272E-08    2.0508E-01   -8.4893E-01    6.3686E+00    2.3800E-04
8.3691E+00  3.3772E-01 2.2576E+02    3.9312E-05    4.5160E-08    2.5691E-01   -1.2835E+00    7.5803E+00    2.3800E-04
7.9276E+00  3.6098E-01 2.3002E+02    6.5339E-05    4.3037E-08    3.1983E-01   -1.6789E+00    8.9414E+00    2.3800E-04
7.4865E+00  3.8535E-01 2.3422E+02    1.0576E-04    4.0917E-08    3.8839E-01   -1.9835E+00    1.0450E+01    2.3800E-04
7.0462E+00  4.1086E-01 2.3833E+02    1.6659E-04    3.8845E-08    4.6005E-01   -2.1893E+00    1.2100E+01    2.3800E-04
6.6072E+00  4.3749E-01 2.4231E+02    2.5512E-04    3.6828E-08    5.3734E-01   -2.3219E+00    1.3878E+01    2.3800E-04
6.1700E+00  4.6527E-01 2.4615E+02    3.7969E-04    3.4821E-08    6.1541E-01   -2.3709E+00    1.5766E+01    2.3800E-04
5.7353E+00  4.9419E-01 2.4982E+02    5.4913E-04    3.2830E-08    6.8031E-01   -2.3725E+00    1.7743E+01    2.3800E-04
5.3035E+00  5.2425E-01 2.5331E+02    7.7220E-04    3.0838E-08    7.2585E-01   -2.3490E+00    1.9785E+01    2.3800E-04
4.8753E+00  5.5543E-01 2.5662E+02    1.0570E-03    2.8859E-08    7.5849E-01   -2.3281E+00    2.1870E+01    2.3800E-04
4.4511E+00  5.8773E-01 2.5973E+02    1.4108E-03    2.6963E-08    7.8466E-01   -2.2805E+00    2.3978E+01    2.3800E-04
4.0316E+00  6.2112E-01 2.6266E+02    1.8395E-03    2.5161E-08    8.0405E-01   -2.2136E+00    2.6094E+01    2.3800E-04
3.6171E+00  6.5558E-01 2.6542E+02    2.3478E-03    2.3451E-08    8.1388E-01   -2.1431E+00    2.8205E+01    2.3800E-04
3.2082E+00  6.9108E-01 2.6800E+02    2.9396E-03    2.1834E-08    8.1450E-01   -2.0438E+00    3.0301E+01    2.3800E-04
2.8052E+00  7.2759E-01 2.7044E+02    3.6174E-03    2.0301E-08    8.0901E-01   -1.8882E+00    3.2375E+01    2.3800E-04
2.4086E+00  7.6506E-01 2.7273E+02    4.3831E-03    1.8993E-08    8.0042E-01   -1.7371E+00    3.4422E+01    2.3800E-04
2.0186E+00  8.0344E-01 2.7511E+02    5.3116E-03    1.7790E-08    7.9478E-01   -1.6456E+00    3.6647E+01    2.3800E-04
1.6353E+00  8.4269E-01 2.7738E+02    6.2046E-03    1.6717E-08    7.7303E-01   -1.5543E+00    3.8875E+01    2.3800E-04
1.2590E+00  8.8274E-01 2.7957E+02    7.2625E-03    1.5821E-08    7.5824E-01   -1.5532E+00    4.1107E+01    2.3800E-04
8.9000E-01  9.2353E-01 2.8164E+02    8.3687E-03    1.5073E-08    7.4486E-01   -1.6199E+00    4.3309E+01    2.3800E-04
5.2862E-01  9.6499E-01 2.8361E+02    9.5138E-03    1.4440E-08    7.3985E-01   -1.8170E+00    4.5499E+01    2.3800E-04
1.7508E-01  1.0070E+00 2.8550E+02    1.0868E-02    1.3884E-08    7.5891E-01   -2.0709E+00    4.7661E+01    2.3800E-04
0.0000E+00  1.0284E+00 2.8644E+02    1.1548E-02    1.4000E-08    7.8848E+00   -3.5357E+00    4.8773E+01    2.3800E-04
