     ALT          P          T          FH2O           O3           THEAT        TCOOL        PSATCO2        FCO2
7.3443E+01  3.2610E-05 2.3311E+02    5.7427E-06    3.4244E-07    3.9864E+01   -9.3797E+01    1.0035E+01    2.3800E-04
7.2289E+01  3.8506E-05 2.3462E+02    5.8851E-06    4.0766E-07    6.7130E+00   -5.7966E+01    1.0601E+01    2.3800E-04
7.1137E+01  4.5410E-05 2.3620E+02    6.0211E-06    4.7354E-07    4.5637E+00   -3.5271E+01    1.1222E+01    2.3800E-04
6.9987E+01  5.3486E-05 2.3786E+02    6.1310E-06    5.4305E-07    4.7051E+00   -2.1757E+01    1.1905E+01    2.3800E-04
6.8837E+01  6.2918E-05 2.3960E+02    6.2329E-06    6.1888E-07    5.0613E+00   -1.4289E+01    1.2651E+01    2.3800E-04
6.7689E+01  7.3920E-05 2.4140E+02    6.3236E-06    7.0264E-07    5.4675E+00   -1.0472E+01    1.3458E+01    2.3800E-04
6.6541E+01  8.6736E-05 2.4324E+02    6.4025E-06    7.9569E-07    5.9183E+00   -8.6637E+00    1.4322E+01    2.3800E-04
6.5394E+01  1.0165E-04 2.4511E+02    6.4714E-06    8.9923E-07    6.4161E+00   -7.9059E+00    1.5240E+01    2.3800E-04
6.4247E+01  1.1897E-04 2.4699E+02    6.5401E-06    1.0103E-06    6.9603E+00   -7.7236E+00    1.6207E+01    2.3800E-04
6.3102E+01  1.3907E-04 2.4887E+02    6.5959E-06    1.1375E-06    7.5625E+00   -7.8121E+00    1.7217E+01    2.3800E-04
6.1957E+01  1.6236E-04 2.5074E+02    6.6417E-06    1.2705E-06    8.1739E+00   -8.0210E+00    1.8267E+01    2.3800E-04
6.0814E+01  1.8932E-04 2.5260E+02    6.6874E-06    1.4209E-06    8.8256E+00   -8.2869E+00    1.9353E+01    2.3800E-04
5.9673E+01  2.2047E-04 2.5443E+02    6.7316E-06    1.5822E-06    9.4809E+00   -8.6015E+00    2.0472E+01    2.3800E-04
5.8533E+01  2.5642E-04 2.5624E+02    6.7644E-06    1.7645E-06    1.0156E+01   -8.9471E+00    2.1623E+01    2.3800E-04
5.7395E+01  2.9786E-04 2.5803E+02    6.7871E-06    1.9637E-06    1.0815E+01   -9.3158E+00    2.2806E+01    2.3800E-04
5.6259E+01  3.4556E-04 2.5979E+02    6.8198E-06    2.1884E-06    1.1461E+01   -9.7094E+00    2.4021E+01    2.3800E-04
5.5126E+01  4.0040E-04 2.6154E+02    6.8325E-06    2.4396E-06    1.2064E+01   -1.0106E+01    2.5271E+01    2.3800E-04
5.3995E+01  4.6335E-04 2.6328E+02    6.8500E-06    2.7160E-06    1.2581E+01   -1.0502E+01    2.6555E+01    2.3800E-04
5.2867E+01  5.3552E-04 2.6500E+02    6.8600E-06    3.0172E-06    1.2976E+01   -1.0884E+01    2.7876E+01    2.3800E-04
5.1742E+01  6.1816E-04 2.6671E+02    6.8600E-06    3.3330E-06    1.3197E+01   -1.1245E+01    2.9236E+01    2.3800E-04
5.0620E+01  7.1265E-04 2.6841E+02    6.8600E-06    3.6791E-06    1.3267E+01   -1.1657E+01    3.0643E+01    2.3800E-04
4.9501E+01  8.2055E-04 2.7019E+02    6.8550E-06    4.0296E-06    1.3115E+01   -1.2041E+01    3.2160E+01    2.3800E-04
4.8386E+01  9.4359E-04 2.7164E+02    6.8427E-06    4.3940E-06    1.2772E+01   -1.2147E+01    3.3437E+01    2.3800E-04
4.7276E+01  1.0837E-03 2.7242E+02    6.8205E-06    4.7812E-06    1.2279E+01   -1.1965E+01    3.4139E+01    2.3800E-04
4.6176E+01  1.2431E-03 2.7246E+02    6.7869E-06    5.1786E-06    1.1632E+01   -1.1497E+01    3.4175E+01    2.3800E-04
4.5087E+01  1.4241E-03 2.7180E+02    6.7434E-06    5.5688E-06    1.0847E+01   -1.0785E+01    3.3584E+01    2.3800E-04
4.4013E+01  1.6294E-03 2.7055E+02    6.6956E-06    5.9409E-06    9.9803E+00   -9.9482E+00    3.2475E+01    2.3800E-04
4.2955E+01  1.8620E-03 2.6882E+02    6.6421E-06    6.2689E-06    9.0832E+00   -9.0815E+00    3.0984E+01    2.3800E-04
4.1914E+01  2.1250E-03 2.6672E+02    6.5697E-06    6.5677E-06    8.2340E+00   -8.2544E+00    2.9251E+01    2.3800E-04
4.0893E+01  2.4222E-03 2.6438E+02    6.4984E-06    6.8190E-06    7.4551E+00   -7.4974E+00    2.7398E+01    2.3800E-04
3.9890E+01  2.7575E-03 2.6188E+02    6.4137E-06    7.0323E-06    6.7678E+00   -6.8167E+00    2.5516E+01    2.3800E-04
3.8908E+01  3.1352E-03 2.5928E+02    6.3255E-06    7.2019E-06    6.1656E+00   -6.2073E+00    2.3663E+01    2.3800E-04
3.7945E+01  3.5602E-03 2.5662E+02    6.2392E-06    7.3369E-06    5.6408E+00   -5.6639E+00    2.1869E+01    2.3800E-04
3.7002E+01  4.0377E-03 2.5390E+02    6.1349E-06    7.4450E-06    5.1802E+00   -5.1807E+00    2.0142E+01    2.3800E-04
3.6079E+01  4.5735E-03 2.5113E+02    6.0391E-06    7.5304E-06    4.7693E+00   -4.7542E+00    1.8489E+01    2.3800E-04
3.5175E+01  5.1738E-03 2.4832E+02    5.9306E-06    7.5831E-06    4.3920E+00   -4.3707E+00    1.6915E+01    2.3800E-04
3.4291E+01  5.8455E-03 2.4549E+02    5.8246E-06    7.6000E-06    4.0398E+00   -4.0215E+00    1.5430E+01    2.3800E-04
3.3426E+01  6.5961E-03 2.4267E+02    5.7208E-06    7.5704E-06    3.7055E+00   -3.6963E+00    1.4048E+01    2.3800E-04
3.2581E+01  7.4338E-03 2.3990E+02    5.6193E-06    7.4858E-06    3.3861E+00   -3.3861E+00    1.2782E+01    2.3800E-04
3.1754E+01  8.3673E-03 2.3723E+02    5.5101E-06    7.3402E-06    3.0803E+00   -3.0860E+00    1.1642E+01    2.3800E-04
3.0945E+01  9.4061E-03 2.3470E+02    5.4129E-06    7.1109E-06    2.7841E+00   -2.7994E+00    1.0634E+01    2.3800E-04
3.0153E+01  1.0561E-02 2.3236E+02    5.3079E-06    6.8053E-06    2.5015E+00   -2.5591E+00    9.7594E+00    2.3800E-04
2.9377E+01  1.1842E-02 2.3023E+02    5.2148E-06    6.4412E-06    2.2374E+00   -2.2778E+00    9.0111E+00    2.3800E-04
2.8617E+01  1.3262E-02 2.2830E+02    5.1236E-06    6.0197E-06    1.9927E+00   -2.0181E+00    8.3725E+00    2.3800E-04
2.7871E+01  1.4833E-02 2.2656E+02    5.0341E-06    5.5719E-06    1.7722E+00   -1.7835E+00    7.8246E+00    2.3800E-04
2.7140E+01  1.6570E-02 2.2497E+02    4.9364E-06    5.1034E-06    1.5750E+00   -1.5751E+00    7.3482E+00    2.3800E-04
2.6422E+01  1.8487E-02 2.2350E+02    4.8502E-06    4.6287E-06    1.4014E+00   -1.3942E+00    6.9270E+00    2.3800E-04
2.5716E+01  2.0600E-02 2.2212E+02    4.7756E-06    4.1757E-06    1.2522E+00   -1.2394E+00    6.5477E+00    2.3800E-04
2.5024E+01  2.2925E-02 2.2080E+02    4.6924E-06    3.7299E-06    1.1213E+00   -1.1077E+00    6.2004E+00    2.3800E-04
2.4343E+01  2.5480E-02 2.1952E+02    4.6108E-06    3.3206E-06    1.0089E+00   -9.9506E-01    5.8787E+00    2.3800E-04
2.3675E+01  2.8285E-02 2.1829E+02    4.5322E-06    2.9363E-06    9.0938E-01   -8.9775E-01    5.5789E+00    2.3800E-04
2.3019E+01  3.1358E-02 2.1709E+02    4.4618E-06    2.5899E-06    8.2137E-01   -8.1160E-01    5.2992E+00    2.3800E-04
2.2374E+01  3.4722E-02 2.1593E+02    4.3921E-06    2.2760E-06    7.4157E-01   -7.3365E-01    4.9666E+00    2.3800E-04
2.1741E+01  3.8399E-02 2.1482E+02    4.3188E-06    1.9947E-06    6.6843E-01   -6.6229E-01    4.6108E+00    2.3800E-04
2.1119E+01  4.2411E-02 2.1376E+02    4.2538E-06    1.7399E-06    6.0057E-01   -5.9770E-01    4.2944E+00    2.3800E-04
2.0508E+01  4.6783E-02 2.1278E+02    4.1854E-06    1.5191E-06    5.3877E-01   -5.3741E-01    4.0166E+00    2.3800E-04
1.9907E+01  5.1542E-02 2.1189E+02    4.1254E-06    1.3174E-06    4.8142E-01   -4.8253E-01    3.7761E+00    2.3800E-04
1.9317E+01  5.6712E-02 2.1108E+02    4.0664E-06    1.1383E-06    4.2931E-01   -4.3109E-01    3.5712E+00    2.3800E-04
1.8737E+01  6.2323E-02 2.1038E+02    4.0084E-06    9.7468E-07    3.8206E-01   -3.8339E-01    3.3995E+00    2.3800E-04
1.8166E+01  6.8402E-02 2.0978E+02    3.9531E-06    8.2955E-07    3.4046E-01   -3.3897E-01    3.2580E+00    2.3800E-04
1.7605E+01  7.4980E-02 2.0927E+02    3.9082E-06    7.0099E-07    3.0451E-01   -2.9926E-01    3.1436E+00    2.3800E-04
1.7052E+01  8.2087E-02 2.0886E+02    3.8680E-06    5.8774E-07    2.7387E-01   -2.6570E-01    3.0534E+00    2.3800E-04
1.6509E+01  8.9754E-02 2.0854E+02    3.8305E-06    4.8723E-07    2.4785E-01   -2.4025E-01    2.9848E+00    2.3800E-04
1.5974E+01  9.8014E-02 2.0831E+02    3.7933E-06    3.9938E-07    2.2595E-01   -2.2289E-01    2.9358E+00    2.3800E-04
1.5447E+01  1.0690E-01 2.0816E+02    3.7678E-06    3.2457E-07    2.0664E-01   -1.7981E-01    2.9036E+00    2.3800E-04
1.4928E+01  1.1644E-01 2.0808E+02    3.7471E-06    2.6177E-07    1.9035E-01   -1.6864E-01    2.8866E+00    2.3800E-04
1.4417E+01  1.2668E-01 2.0807E+02    3.7266E-06    2.0976E-07    1.7680E-01   -1.6156E-01    2.8851E+00    2.3800E-04
1.3914E+01  1.3764E-01 2.0815E+02    3.7132E-06    1.6628E-07    1.6545E-01   -1.5766E-01    2.9011E+00    2.3800E-04
1.3418E+01  1.4936E-01 2.0831E+02    3.7033E-06    1.3114E-07    1.5610E-01   -1.5453E-01    2.9364E+00    2.3800E-04
1.2929E+01  1.6188E-01 2.0858E+02    3.6936E-06    1.0586E-07    1.4880E-01   -1.4923E-01    2.9930E+00    2.3800E-04
1.2447E+01  1.7522E-01 2.0894E+02    3.7021E-06    8.8844E-08    1.4336E-01   -1.4099E-01    3.0708E+00    2.3800E-04
1.1972E+01  1.8943E-01 2.0939E+02    3.8253E-06    7.6418E-08    1.3980E-01   -1.3475E-01    3.1695E+00    2.3800E-04
1.1504E+01  2.0453E-01 2.0989E+02    4.5121E-06    6.6874E-08    1.3963E-01   -1.3972E-01    3.2840E+00    2.3800E-04
1.1043E+01  2.2055E-01 2.1043E+02    5.0482E-06    6.0332E-08    1.4020E-01   -1.1485E-01    3.4124E+00    2.3800E-04
1.0588E+01  2.3753E-01 2.1099E+02    5.7199E-06    5.6342E-08    1.4016E-01   -1.2392E-01    3.5484E+00    2.3800E-04
1.0138E+01  2.5549E-01 2.1266E+02    7.2244E-06    5.3608E-08    1.4451E-01   -1.1724E-01    3.9823E+00    2.3800E-04
9.6936E+00  2.7447E-01 2.1357E+02    8.2230E-06    5.1337E-08    1.4789E-01   -1.3508E-01    4.2392E+00    2.3800E-04
9.2525E+00  2.9449E-01 2.1710E+02    1.3181E-05    4.9314E-08    1.6835E-01   -4.4711E-01    5.3024E+00    2.3800E-04
8.8115E+00  3.1556E-01 2.2144E+02    2.3048E-05    4.7279E-08    2.0639E-01   -8.7078E-01    6.3680E+00    2.3800E-04
8.3700E+00  3.3772E-01 2.2575E+02    3.9304E-05    4.5167E-08    2.5831E-01   -1.3012E+00    7.5798E+00    2.3800E-04
7.9285E+00  3.6098E-01 2.3002E+02    6.5330E-05    4.3043E-08    3.2118E-01   -1.6920E+00    8.9410E+00    2.3800E-04
7.4873E+00  3.8536E-01 2.3422E+02    1.0576E-04    4.0923E-08    3.8958E-01   -1.9924E+00    1.0450E+01    2.3800E-04
7.0469E+00  4.1086E-01 2.3833E+02    1.6659E-04    3.8851E-08    4.6099E-01   -2.1949E+00    1.2100E+01    2.3800E-04
6.6079E+00  4.3750E-01 2.4231E+02    2.5515E-04    3.6803E-08    5.3805E-01   -2.3253E+00    1.3879E+01    2.3800E-04
6.1707E+00  4.6528E-01 2.4615E+02    3.7974E-04    3.4726E-08    6.1597E-01   -2.3731E+00    1.5767E+01    2.3800E-04
5.7360E+00  4.9420E-01 2.4982E+02    5.4923E-04    3.2734E-08    6.8075E-01   -2.3741E+00    1.7744E+01    2.3800E-04
5.3041E+00  5.2425E-01 2.5332E+02    7.7238E-04    3.0742E-08    7.2620E-01   -2.3501E+00    1.9786E+01    2.3800E-04
4.8759E+00  5.5544E-01 2.5662E+02    1.0573E-03    2.8839E-08    7.5877E-01   -2.3290E+00    2.1872E+01    2.3800E-04
4.4516E+00  5.8774E-01 2.5973E+02    1.4112E-03    2.6967E-08    7.8489E-01   -2.2812E+00    2.3981E+01    2.3800E-04
4.0320E+00  6.2113E-01 2.6267E+02    1.8400E-03    2.5118E-08    8.0423E-01   -2.2142E+00    2.6097E+01    2.3800E-04
3.6175E+00  6.5559E-01 2.6542E+02    2.3485E-03    2.3353E-08    8.1403E-01   -2.1435E+00    2.8208E+01    2.3800E-04
3.2085E+00  6.9109E-01 2.6801E+02    2.9405E-03    2.1745E-08    8.1462E-01   -2.0441E+00    3.0304E+01    2.3800E-04
2.8055E+00  7.2760E-01 2.7044E+02    3.6185E-03    2.0293E-08    8.0912E-01   -1.8884E+00    3.2378E+01    2.3800E-04
2.4089E+00  7.6507E-01 2.7273E+02    4.3844E-03    1.8924E-08    8.0050E-01   -1.7372E+00    3.4426E+01    2.3800E-04
2.0188E+00  8.0345E-01 2.7511E+02    5.3130E-03    1.7739E-08    7.9483E-01   -1.6456E+00    3.6651E+01    2.3800E-04
1.6355E+00  8.4270E-01 2.7739E+02    6.2060E-03    1.6693E-08    7.7305E-01   -1.5544E+00    3.8879E+01    2.3800E-04
1.2591E+00  8.8275E-01 2.7957E+02    7.2645E-03    1.5723E-08    7.5827E-01   -1.5534E+00    4.1111E+01    2.3800E-04
8.9010E-01  9.2354E-01 2.8164E+02    8.3707E-03    1.5047E-08    7.4488E-01   -1.6202E+00    4.3313E+01    2.3800E-04
5.2868E-01  9.6500E-01 2.8362E+02    9.5166E-03    1.4440E-08    7.3991E-01   -1.8175E+00    4.5504E+01    2.3800E-04
1.7510E-01  1.0071E+00 2.8550E+02    1.0871E-02    1.3884E-08    7.5895E-01   -2.0714E+00    4.7666E+01    2.3800E-04
0.0000E+00  1.0284E+00 2.8645E+02    1.1550E-02    1.4000E-08    7.8849E+00   -3.5355E+00    4.8778E+01    2.3800E-04
