     ALT          P          T          FH2O           O3           THEAT        TCOOL        PSATCO2        FCO2
7.3439E+01  3.2610E-05 2.3305E+02    5.8031E-06    3.4102E-07    3.9857E+01   -9.3716E+01    1.0011E+01    2.3800E-04
7.2286E+01  3.8506E-05 2.3455E+02    5.9555E-06    4.0682E-07    6.7096E+00   -5.7924E+01    1.0577E+01    2.3800E-04
7.1134E+01  4.5410E-05 2.3613E+02    6.0814E-06    4.7246E-07    4.5587E+00   -3.5284E+01    1.1196E+01    2.3800E-04
6.9984E+01  5.3486E-05 2.3780E+02    6.1964E-06    5.4118E-07    4.6963E+00   -2.1766E+01    1.1877E+01    2.3800E-04
6.8835E+01  6.2918E-05 2.3954E+02    6.3031E-06    6.1701E-07    5.0522E+00   -1.4323E+01    1.2622E+01    2.3800E-04
6.7686E+01  7.3920E-05 2.4134E+02    6.3937E-06    7.0075E-07    5.4585E+00   -1.0500E+01    1.3427E+01    2.3800E-04
6.6539E+01  8.6736E-05 2.4318E+02    6.4726E-06    7.9378E-07    5.9089E+00   -8.6934E+00    1.4290E+01    2.3800E-04
6.5392E+01  1.0165E-04 2.4505E+02    6.5414E-06    8.9661E-07    6.4047E+00   -7.9314E+00    1.5206E+01    2.3800E-04
6.4246E+01  1.1897E-04 2.4693E+02    6.6102E-06    1.0103E-06    6.9598E+00   -7.7453E+00    1.6171E+01    2.3800E-04
6.3101E+01  1.3907E-04 2.4881E+02    6.6659E-06    1.1346E-06    7.5489E+00   -7.8296E+00    1.7179E+01    2.3800E-04
6.1957E+01  1.6236E-04 2.5068E+02    6.7217E-06    1.2648E-06    8.1452E+00   -8.0390E+00    1.8227E+01    2.3800E-04
6.0814E+01  1.8932E-04 2.5253E+02    6.7587E-06    1.4121E-06    8.7864E+00   -8.2943E+00    1.9311E+01    2.3800E-04
5.9672E+01  2.2047E-04 2.5436E+02    6.8015E-06    1.5806E-06    9.4710E+00   -8.6062E+00    2.0428E+01    2.3800E-04
5.8533E+01  2.5642E-04 2.5617E+02    6.8343E-06    1.7585E-06    1.0134E+01   -8.9469E+00    2.1578E+01    2.3800E-04
5.7395E+01  2.9786E-04 2.5796E+02    6.8671E-06    1.9634E-06    1.0817E+01   -9.3180E+00    2.2758E+01    2.3800E-04
5.6260E+01  3.4556E-04 2.5972E+02    6.8898E-06    2.1881E-06    1.1464E+01   -9.7033E+00    2.3972E+01    2.3800E-04
5.5127E+01  4.0040E-04 2.6147E+02    6.9100E-06    2.4368E-06    1.2056E+01   -1.0097E+01    2.5219E+01    2.3800E-04
5.3996E+01  4.6335E-04 2.6320E+02    6.9251E-06    2.7104E-06    1.2563E+01   -1.0487E+01    2.6501E+01    2.3800E-04
5.2868E+01  5.3552E-04 2.6492E+02    6.9376E-06    3.0064E-06    1.2947E+01   -1.0864E+01    2.7819E+01    2.3800E-04
5.1744E+01  6.1816E-04 2.6663E+02    6.9400E-06    3.3321E-06    1.3198E+01   -1.1226E+01    2.9177E+01    2.3800E-04
5.0622E+01  7.1265E-04 2.6834E+02    6.9400E-06    3.6706E-06    1.3252E+01   -1.1631E+01    3.0579E+01    2.3800E-04
4.9503E+01  8.2055E-04 2.7012E+02    6.9300E-06    4.0233E-06    1.3108E+01   -1.2020E+01    3.2100E+01    2.3800E-04
4.8389E+01  9.4359E-04 2.7159E+02    6.9200E-06    4.3927E-06    1.2778E+01   -1.2138E+01    3.3390E+01    2.3800E-04
4.7280E+01  1.0837E-03 2.7238E+02    6.9006E-06    4.7797E-06    1.2286E+01   -1.1964E+01    3.4105E+01    2.3800E-04
4.6179E+01  1.2431E-03 2.7243E+02    6.8671E-06    5.1756E-06    1.1636E+01   -1.1499E+01    3.4151E+01    2.3800E-04
4.5091E+01  1.4241E-03 2.7179E+02    6.8236E-06    5.5673E-06    1.0852E+01   -1.0789E+01    3.3568E+01    2.3800E-04
4.4016E+01  1.6294E-03 2.7054E+02    6.7759E-06    5.9394E-06    9.9849E+00   -9.9527E+00    3.2463E+01    2.3800E-04
4.2958E+01  1.8620E-03 2.6881E+02    6.7124E-06    6.2676E-06    9.0869E+00   -9.0843E+00    3.0974E+01    2.3800E-04
4.1918E+01  2.1250E-03 2.6671E+02    6.6500E-06    6.5665E-06    8.2371E+00   -8.2581E+00    2.9242E+01    2.3800E-04
4.0896E+01  2.4222E-03 2.6437E+02    6.5715E-06    6.8180E-06    7.4576E+00   -7.4999E+00    2.7389E+01    2.3800E-04
3.9894E+01  2.7575E-03 2.6187E+02    6.4914E-06    7.0314E-06    6.7700E+00   -6.8193E+00    2.5507E+01    2.3800E-04
3.8911E+01  3.1352E-03 2.5927E+02    6.4059E-06    7.2043E-06    6.1690E+00   -6.2102E+00    2.3654E+01    2.3800E-04
3.7949E+01  3.5602E-03 2.5660E+02    6.3097E-06    7.3363E-06    5.6420E+00   -5.6653E+00    2.1859E+01    2.3800E-04
3.7006E+01  4.0377E-03 2.5388E+02    6.2154E-06    7.4445E-06    5.1814E+00   -5.1827E+00    2.0132E+01    2.3800E-04
3.6082E+01  4.5734E-03 2.5111E+02    6.1196E-06    7.5335E-06    4.7716E+00   -4.7568E+00    1.8479E+01    2.3800E-04
3.5179E+01  5.1737E-03 2.4830E+02    6.0112E-06    7.5829E-06    4.3932E+00   -4.3733E+00    1.6906E+01    2.3800E-04
3.4295E+01  5.8455E-03 2.4547E+02    5.9052E-06    7.6091E-06    4.0440E+00   -4.0249E+00    1.5422E+01    2.3800E-04
3.3430E+01  6.5961E-03 2.4265E+02    5.8014E-06    7.5807E-06    3.7096E+00   -3.6995E+00    1.4040E+01    2.3800E-04
3.2585E+01  7.4337E-03 2.3988E+02    5.6965E-06    7.4932E-06    3.3886E+00   -3.3885E+00    1.2774E+01    2.3800E-04
3.1758E+01  8.3672E-03 2.3721E+02    5.5907E-06    7.3412E-06    3.0807E+00   -3.0880E+00    1.1634E+01    2.3800E-04
3.0949E+01  9.4060E-03 2.3468E+02    5.4936E-06    7.1126E-06    2.7848E+00   -2.8015E+00    1.0627E+01    2.3800E-04
3.0157E+01  1.0560E-02 2.3234E+02    5.3886E-06    6.8157E-06    2.5039E+00   -2.5615E+00    9.7531E+00    2.3800E-04
2.9381E+01  1.1842E-02 2.3021E+02    5.2955E-06    6.4438E-06    2.2383E+00   -2.2801E+00    9.0057E+00    2.3800E-04
2.8621E+01  1.3262E-02 2.2829E+02    5.1942E-06    6.0301E-06    1.9949E+00   -2.0197E+00    8.3681E+00    2.3800E-04
2.7876E+01  1.4833E-02 2.2655E+02    5.1048E-06    5.5828E-06    1.7744E+00   -1.7850E+00    7.8208E+00    2.3800E-04
2.7144E+01  1.6570E-02 2.2496E+02    5.0170E-06    5.1070E-06    1.5759E+00   -1.5771E+00    7.3450E+00    2.3800E-04
2.6426E+01  1.8487E-02 2.2349E+02    4.9308E-06    4.6322E-06    1.4022E+00   -1.3962E+00    6.9245E+00    2.3800E-04
2.5721E+01  2.0599E-02 2.2211E+02    4.8462E-06    4.1793E-06    1.2530E+00   -1.2408E+00    6.5458E+00    2.3800E-04
2.5028E+01  2.2924E-02 2.2079E+02    4.7676E-06    3.7333E-06    1.1221E+00   -1.1094E+00    6.1994E+00    2.3800E-04
2.4348E+01  2.5480E-02 2.1952E+02    4.6914E-06    3.3237E-06    1.0097E+00   -9.9723E-01    5.8786E+00    2.3800E-04
2.3680E+01  2.8284E-02 2.1829E+02    4.6113E-06    2.9393E-06    9.1019E-01   -8.9999E-01    5.5798E+00    2.3800E-04
2.3023E+01  3.1358E-02 2.1709E+02    4.5371E-06    2.5926E-06    8.2211E-01   -8.1378E-01    5.3010E+00    2.3800E-04
2.2378E+01  3.4722E-02 2.1594E+02    4.4651E-06    2.2784E-06    7.4228E-01   -7.3590E-01    4.9709E+00    2.3800E-04
2.1745E+01  3.8399E-02 2.1483E+02    4.3992E-06    1.9970E-06    6.6915E-01   -6.6501E-01    4.6163E+00    2.3800E-04
2.1123E+01  4.2411E-02 2.1379E+02    4.3271E-06    1.7418E-06    6.0119E-01   -6.0031E-01    4.3012E+00    2.3800E-04
2.0512E+01  4.6783E-02 2.1281E+02    4.2659E-06    1.5209E-06    5.3941E-01   -5.4050E-01    4.0246E+00    2.3800E-04
1.9911E+01  5.1541E-02 2.1192E+02    4.2059E-06    1.3189E-06    4.8202E-01   -4.8585E-01    3.7854E+00    2.3800E-04
1.9321E+01  5.6712E-02 2.1113E+02    4.1469E-06    1.1396E-06    4.2987E-01   -4.3461E-01    3.5818E+00    2.3800E-04
1.8741E+01  6.2322E-02 2.1043E+02    4.0889E-06    9.7591E-07    3.8260E-01   -3.8712E-01    3.4114E+00    2.3800E-04
1.8170E+01  6.8402E-02 2.0983E+02    4.0334E-06    8.3060E-07    3.4097E-01   -3.4292E-01    3.2714E+00    2.3800E-04
1.7608E+01  7.4979E-02 2.0934E+02    3.9885E-06    7.0220E-07    3.0504E-01   -3.0329E-01    3.1585E+00    2.3800E-04
1.7056E+01  8.2086E-02 2.0894E+02    3.9443E-06    5.8906E-07    2.7439E-01   -2.6957E-01    3.0698E+00    2.3800E-04
1.6512E+01  8.9753E-02 2.0863E+02    3.9056E-06    4.8838E-07    2.4833E-01   -2.4414E-01    3.0027E+00    2.3800E-04
1.5977E+01  9.8013E-02 2.0840E+02    3.8735E-06    4.0028E-07    2.2641E-01   -2.2707E-01    2.9551E+00    2.3800E-04
1.5450E+01  1.0690E-01 2.0826E+02    3.8479E-06    3.2496E-07    2.0702E-01   -1.8426E-01    2.9242E+00    2.3800E-04
1.4930E+01  1.1644E-01 2.0818E+02    3.8272E-06    2.6207E-07    1.9071E-01   -1.7302E-01    2.9084E+00    2.3800E-04
1.4419E+01  1.2668E-01 2.0818E+02    3.8067E-06    2.0997E-07    1.7713E-01   -1.6582E-01    2.9082E+00    2.3800E-04
1.3916E+01  1.3764E-01 2.0826E+02    3.7866E-06    1.6644E-07    1.6573E-01   -1.6152E-01    2.9253E+00    2.3800E-04
1.3419E+01  1.4936E-01 2.0843E+02    3.7734E-06    1.3124E-07    1.5636E-01   -1.5821E-01    2.9618E+00    2.3800E-04
1.2930E+01  1.6188E-01 2.0870E+02    3.7700E-06    1.0599E-07    1.4910E-01   -1.5308E-01    3.0194E+00    2.3800E-04
1.2448E+01  1.7522E-01 2.0907E+02    3.7760E-06    8.8974E-08    1.4364E-01   -1.4470E-01    3.0981E+00    2.3800E-04
1.1973E+01  1.8943E-01 2.0951E+02    3.9005E-06    7.6475E-08    1.4007E-01   -1.3847E-01    3.1977E+00    2.3800E-04
1.1505E+01  2.0452E-01 2.1001E+02    4.5942E-06    6.6880E-08    1.3990E-01   -1.4360E-01    3.3130E+00    2.3800E-04
1.1043E+01  2.2055E-01 2.1056E+02    5.1368E-06    6.0332E-08    1.4049E-01   -1.1983E-01    3.4421E+00    2.3800E-04
1.0588E+01  2.3753E-01 2.1112E+02    5.8175E-06    5.6340E-08    1.4044E-01   -1.2509E-01    3.5789E+00    2.3800E-04
1.0138E+01  2.5549E-01 2.1271E+02    7.2791E-06    5.3629E-08    1.4459E-01   -1.1974E-01    3.9975E+00    2.3800E-04
9.6932E+00  2.7447E-01 2.1370E+02    8.3647E-06    5.1422E-08    1.4825E-01   -1.3792E-01    4.2759E+00    2.3800E-04
9.2520E+00  2.9448E-01 2.1708E+02    1.3152E-05    4.9310E-08    1.6787E-01   -4.3520E-01    5.2985E+00    2.3800E-04
8.8110E+00  3.1556E-01 2.2142E+02    2.2998E-05    4.7275E-08    2.0568E-01   -8.6048E-01    6.3635E+00    2.3800E-04
8.3695E+00  3.3772E-01 2.2574E+02    3.9221E-05    4.5163E-08    2.5751E-01   -1.2925E+00    7.5746E+00    2.3800E-04
7.9280E+00  3.6098E-01 2.3000E+02    6.5198E-05    4.3040E-08    3.2037E-01   -1.6852E+00    8.9351E+00    2.3800E-04
7.4869E+00  3.8535E-01 2.3420E+02    1.0555E-04    4.0920E-08    3.8881E-01   -1.9876E+00    1.0444E+01    2.3800E-04
7.0466E+00  4.1086E-01 2.3831E+02    1.6628E-04    3.8848E-08    4.6030E-01   -2.1917E+00    1.2093E+01    2.3800E-04
6.6076E+00  4.3749E-01 2.4229E+02    2.5469E-04    3.6801E-08    5.3742E-01   -2.3232E+00    1.3871E+01    2.3800E-04
6.1704E+00  4.6527E-01 2.4613E+02    3.7910E-04    3.4724E-08    6.1541E-01   -2.3717E+00    1.5758E+01    2.3800E-04
5.7357E+00  4.9419E-01 2.4981E+02    5.4835E-04    3.2735E-08    6.8031E-01   -2.3731E+00    1.7735E+01    2.3800E-04
5.3039E+00  5.2425E-01 2.5330E+02    7.7121E-04    3.0830E-08    7.2587E-01   -2.3494E+00    1.9776E+01    2.3800E-04
4.8756E+00  5.5543E-01 2.5660E+02    1.0558E-03    2.8861E-08    7.5850E-01   -2.3284E+00    2.1862E+01    2.3800E-04
4.4514E+00  5.8773E-01 2.5972E+02    1.4093E-03    2.6965E-08    7.8466E-01   -2.2808E+00    2.3970E+01    2.3800E-04
4.0319E+00  6.2112E-01 2.6265E+02    1.8378E-03    2.5162E-08    8.0406E-01   -2.2139E+00    2.6087E+01    2.3800E-04
3.6174E+00  6.5558E-01 2.6541E+02    2.3459E-03    2.3453E-08    8.1391E-01   -2.1434E+00    2.8197E+01    2.3800E-04
3.2084E+00  6.9108E-01 2.6799E+02    2.9374E-03    2.1836E-08    8.1455E-01   -2.0441E+00    3.0293E+01    2.3800E-04
2.8054E+00  7.2759E-01 2.7043E+02    3.6149E-03    2.0302E-08    8.0907E-01   -1.8886E+00    3.2368E+01    2.3800E-04
2.4088E+00  7.6506E-01 2.7272E+02    4.3803E-03    1.8924E-08    8.0048E-01   -1.7375E+00    3.4415E+01    2.3800E-04
2.0187E+00  8.0344E-01 2.7510E+02    5.3089E-03    1.7739E-08    7.9489E-01   -1.6460E+00    3.6641E+01    2.3800E-04
1.6354E+00  8.4269E-01 2.7738E+02    6.2020E-03    1.6717E-08    7.7316E-01   -1.5546E+00    3.8868E+01    2.3800E-04
1.2591E+00  8.8274E-01 2.7956E+02    7.2592E-03    1.5821E-08    7.5833E-01   -1.5533E+00    4.1100E+01    2.3800E-04
8.9007E-01  9.2353E-01 2.8163E+02    8.3656E-03    1.5074E-08    7.4496E-01   -1.6199E+00    4.3303E+01    2.3800E-04
5.2866E-01  9.6499E-01 2.8361E+02    9.5099E-03    1.4440E-08    7.3990E-01   -1.8167E+00    4.5493E+01    2.3800E-04
1.7509E-01  1.0070E+00 2.8549E+02    1.0864E-02    1.3884E-08    7.5898E-01   -2.0708E+00    4.7655E+01    2.3800E-04
0.0000E+00  1.0284E+00 2.8644E+02    1.1544E-02    1.4000E-08    7.8851E+00   -3.5361E+00    4.8767E+01    2.3800E-04
