   232.957220230116        0.591533909698289E-05
   234.458960998697        0.606725240769813E-05
   236.037130178078        0.619533842028073E-05
   237.700785893573        0.631775234130401E-05
   239.439924147349        0.642264293329660E-05
   241.238565405647        0.651445895432980E-05
   243.079881588354        0.659327231045851E-05
   244.947789028165        0.667205329332025E-05
   246.827710974552        0.673079494475418E-05
   248.707232652935        0.678945880738013E-05
   250.576617184713        0.684205029632105E-05
   252.429049542235        0.688774586164613E-05
   254.260555040476        0.693168943854889E-05
   256.069626162064        0.696447042571061E-05
   257.856650790110        0.699721354839929E-05
   259.623262877553        0.701991424330977E-05
   261.371733672295        0.704256452689590E-05
   263.104491843923        0.705516391983686E-05
   264.823814424418        0.706770870096156E-05
   266.531682303533        0.707000000000000E-05
   268.231574493092        0.707000000000000E-05
   270.026693011820        0.706501890994118E-05
   271.510983073269        0.705273055664531E-05
   272.323322589569        0.703055806900607E-05
   272.385797223308        0.699855820741728E-05
   271.746518416570        0.696036308693119E-05
   270.503534376520        0.691061157775960E-05
   268.774798800911        0.685243748394955E-05
   266.681817161764        0.678336631329958E-05
   264.336829534263        0.671165886139942E-05
   261.831753286817        0.663150054598516E-05
   259.228866963164        0.654291413199239E-05
   256.560535997777        0.644987625900399E-05
   253.838322164840        0.635559808497672E-05
   251.066928025177        0.625330256082009E-05
   248.254947967617        0.615158438491778E-05
   245.421930172665        0.604554806265556E-05
   242.599707678025        0.594178160792422E-05
   239.829364380962        0.583034742903463E-05
   237.156622548679        0.573120075513889E-05
   234.627630668154        0.562407362195714E-05
   232.288200369868        0.552910534441486E-05
   230.160361078252        0.542871024957853E-05
   228.239057879495        0.533486022944302E-05
   226.501625046569        0.524542502783411E-05
   224.916312921764        0.515767299666678E-05
   223.449462204611        0.507149315184282E-05
   222.070557346541        0.498695333549466E-05
   220.755396563629        0.490378582903051E-05
   219.487628370851        0.482219702306884E-05
   218.259097687836        0.475204266071659E-05
   217.068392330540        0.467324180475349E-05
   215.919443238655        0.460326689496903E-05
   214.820333877215        0.452999936239186E-05
   213.782264109182        0.446527875951195E-05
   212.817497551601        0.439660687711994E-05
   211.937920130158        0.433655450563381E-05
   211.153235509869        0.427754660439412E-05
   210.469529544178        0.421953845348323E-05
   209.888477410081        0.416394028346403E-05
   209.407841316589        0.411899881185249E-05
   209.023294207115        0.407859375554490E-05
   208.730277763146        0.404125960771170E-05
   208.524432474500        0.400382048841865E-05
   208.395750451472        0.397812530887969E-05
   208.338362426147        0.395735015122772E-05
   208.354313791957        0.393688667919585E-05
   208.449500774980        0.392336641981427E-05
   208.633512553633        0.391343463385897E-05
   208.909355474314        0.390364672612533E-05
   209.276733624795        0.391198396768740E-05
   209.719304189224        0.404509343785570E-05
   210.235945576040        0.474561550812221E-05
   210.776445901295        0.551567742970988E-05
   211.367231672863        0.601703912973897E-05
   212.810770052211        0.737455289433217E-05
   213.944814901459        0.864353042588984E-05
   217.102092735948        0.131857840666048E-04
   221.442951896540        0.230539142300984E-04
   225.756530357150        0.393116610328981E-04
   230.023598018630        0.653385423642061E-04
   234.221574335792        0.105764229807126E-03
   238.325343472363        0.166588806473371E-03
   242.308878963555        0.255121644985016E-03
   246.147529907140        0.379688412803489E-03
   249.820509130672        0.549129876318225E-03
   253.312963965052        0.772203840303808E-03
   256.617093427020        0.105704895820587E-02
   259.731879180878        0.141081291732755E-02
   262.661862283137        0.183947728355976E-02
   265.415500533222        0.234784141402927E-02
   268.003551383683        0.293959628876525E-02
   270.437740487764        0.361742414874160E-02
   272.729798576170        0.438308119788847E-02
   275.108305988502        0.531161343125934E-02
   277.383545777101        0.620461136786555E-02
   279.567216563081        0.726251637168790E-02
   281.635598477076        0.836868491797811E-02
   283.614893136200        0.951384187185074E-02
   285.498272391074        0.108682415771363E-01
   286.441967823953        0.115475526889695E-01
