   233.733029530814        0.500248545136089E-05
   235.244482451777        0.512145012906685E-05
   236.831466830044        0.523675071891327E-05
   238.502933329156        0.533577322411881E-05
   240.248928205797        0.542807994861189E-05
   242.053521669024        0.550770612106839E-05
   243.899901282481        0.557681220579693E-05
   245.771983895699        0.563726079018968E-05
   247.655206799401        0.569327166804905E-05
   249.537206329982        0.573924250641474E-05
   251.408348348903        0.578517602980508E-05
   253.261976807004        0.583053051583103E-05
   255.094327215822        0.585687305798531E-05
   256.904140537350        0.588631282322548E-05
   258.692073576961        0.590914890498346E-05
   260.460030543803        0.593193887830183E-05
   262.210537213339        0.594468037516663E-05
   263.946248177258        0.596000000000000E-05
   265.669629642956        0.597000000000000E-05
   267.382810708733        0.597000000000000E-05
   269.124017104906        0.596000000000000E-05
   270.828997265415        0.595245489278954E-05
   272.123991013719        0.593009409471993E-05
   272.748437224958        0.590786404464627E-05
   272.659418541355        0.587164620743746E-05
   271.909255486654        0.582806044792844E-05
   270.588734329473        0.577506224913038E-05
   268.807246435019        0.571408793868513E-05
   266.681173671644        0.564221985460056E-05
   264.317769565277        0.556050467777045E-05
   261.803561193246        0.548034291503095E-05
   259.196280024462        0.539219098765602E-05
   256.525394429569        0.529592792536294E-05
   253.800412850822        0.519396169024916E-05
   251.024095940711        0.509319592241622E-05
   248.203776160629        0.498481877787385E-05
   245.357683664454        0.487883792294624E-05
   242.516529663033        0.477518960911229E-05
   239.720873456599        0.466769528910847E-05
   237.015558006088        0.456464531609409E-05
   234.445717361281        0.446772461477539E-05
   232.056651642180        0.436280299641622E-05
   229.870115668992        0.427002687024648E-05
   227.880629659539        0.417372708269480E-05
   226.065271140938        0.407983427775336E-05
   224.392880310745        0.399223862161689E-05
   222.830882906299        0.391539868966552E-05
   221.350082265971        0.383217907815206E-05
   219.927630100922        0.374949036001465E-05
   218.549053179886        0.366868828124033E-05
   217.208126828048        0.359865543286101E-05
   215.905379592400        0.352706075476324E-05
   214.646640764459        0.345377141802163E-05
   213.442119975013        0.339030863379882E-05
   212.304432928901        0.332431390954037E-05
   211.246733612656        0.325806547345626E-05
   210.281396991572        0.319862173955725E-05
   209.417828014085        0.314023771713936E-05
   208.661665888618        0.309275334871082E-05
   208.014232048258        0.303901365706595E-05
   207.473329185633        0.299843968474077E-05
   207.035149385082        0.296085168311227E-05
   206.696016392022        0.292338560866363E-05
   206.452321455925        0.289162440843608E-05
   206.294086926774        0.286690912039482E-05
   206.216316180542        0.284637674155770E-05
   206.222860931758        0.282615169122895E-05
   206.321796637006        0.281311634259417E-05
   206.520712261107        0.280329803374297E-05
   206.822322778129        0.279362052583099E-05
   207.220412005624        0.281947293791559E-05
   207.697823468848        0.328370695017620E-05
   208.221787280007        0.367367781347770E-05
   208.756518045997        0.415704284602027E-05
   209.942659088080        0.493986817993973E-05
   211.670066933186        0.631138143217111E-05
   213.312305786881        0.793615781958290E-05
   217.681511281683        0.142098055791429E-04
   222.034381997821        0.248090423940705E-04
   226.354818226812        0.422213794014030E-04
   230.625880295845        0.700222378029117E-04
   234.824280030031        0.113071503545590E-03
   238.924011257871        0.177613825339891E-03
   242.898472083784        0.271179461650706E-03
   246.722993506152        0.402248234432870E-03
   250.377426980217        0.579720121914756E-03
   253.848057622057        0.812315612683794E-03
   257.128339465924        0.110805431101765E-02
   260.218414642768        0.147391410895978E-02
   263.123778929849        0.191569063365775E-02
   265.853597557597        0.243800834486533E-02
   268.419090940356        0.304440808541668E-02
   270.832242473733        0.373744999425797E-02
   273.125546457306        0.452647434526756E-02
   275.510718807425        0.546609232068492E-02
   277.771330869494        0.635323862017366E-02
   279.939813761139        0.745730131708664E-02
   281.995248149668        0.855637575775970E-02
   283.966308758041        0.976092825729491E-02
   285.837728330830        0.111064889705853E-01
   286.776757265669        0.117823074997527E-01
