   233.625120236230        0.512012781103681E-05
   235.135214521897        0.524902354490591E-05
   236.720955347275        0.536174233228797E-05
   238.391306833552        0.546405231932145E-05
   240.136307919878        0.555630409488881E-05
   241.940021102237        0.563634280053225E-05
   243.785630437913        0.570540912581444E-05
   245.657051435110        0.577444491488275E-05
   247.539718923673        0.582342869490000E-05
   249.421262935194        0.587823265038796E-05
   251.292037443509        0.592414041126377E-05
   253.145368253727        0.596000241721931E-05
   254.977466817017        0.599579007691753E-05
   256.787045309432        0.602575877517835E-05
   258.574728754235        0.604858256079543E-05
   260.342388489382        0.607136131754393E-05
   262.092518091880        0.608409074209210E-05
   263.827742049160        0.610000000000000E-05
   265.550499613926        0.610939273774052E-05
   267.262896881469        0.610999999999999E-05
   268.998508407373        0.610554020030579E-05
   270.714864451909        0.609310276146219E-05
   272.036386691135        0.608075110209612E-05
   272.690576442830        0.604852884921442E-05
   272.628066029993        0.601649445096368E-05
   271.897312203835        0.597409994276035E-05
   270.590085183507        0.591960591101568E-05
   268.817668385971        0.585610374128058E-05
   266.698048876384        0.579367758747749E-05
   264.340782981004        0.571317528902268E-05
   261.832693639868        0.562374974389805E-05
   259.231793578943        0.553549703671309E-05
   256.567226348919        0.544921781994235E-05
   253.848080620593        0.534491619011939E-05
   251.077361699236        0.524710129655209E-05
   248.262654215820        0.513870106494727E-05
   245.423160992404        0.503269323118439E-05
   242.590831080259        0.492896793440736E-05
   239.806205186107        0.481749914425431E-05
   237.114091665088        0.471834952455843E-05
   234.559566812448        0.461321176607110E-05
   232.187739619219        0.451636135540187E-05
   230.019990215943        0.441404904169810E-05
   228.050850228373        0.432230902624598E-05
   226.257742787399        0.423309121019702E-05
   224.609322529848        0.414540990034062E-05
   223.072177157495        0.405949736456332E-05
   221.616340285797        0.397759487781825E-05
   220.218539927246        0.390225054285974E-05
   218.863818625846        0.382103703420304E-05
   217.544994768391        0.374427527385112E-05
   216.261912726833        0.367273143794329E-05
   215.020409905019        0.360489240282424E-05
   213.830139389764        0.353192685612476E-05
   212.703256789870        0.347008089790345E-05
   211.652883304548        0.340938293561325E-05
   210.691158014281        0.334979102856704E-05
   209.828203067948        0.329126217156222E-05
   209.070248371851        0.323493195309561E-05
   208.419050598061        0.318962935417313E-05
   207.872730510971        0.314508471250271E-05
   207.427571386412        0.310126908856518E-05
   207.079929397782        0.306362904627927E-05
   206.826463615470        0.303180218340844E-05
   206.657858301240        0.300698564564931E-05
   206.569614266627        0.298641378738259E-05
   206.563172917630        0.296615161959288E-05
   206.652666297890        0.295309876358633E-05
   206.841908516303        0.294326406712803E-05
   207.132224818224        0.293357072810233E-05
   207.502661540863        0.295980522364387E-05
   207.978266441986        0.343886295860814E-05
   208.491402685368        0.398015340532948E-05
   209.107706929665        0.436430105203744E-05
   209.966444595078        0.495661488993380E-05
   211.898478926613        0.651207705395960E-05
   213.199329803529        0.781676569074728E-05
   217.566425858831        0.140006821699064E-04
   221.915648917734        0.244469728285846E-04
   226.234499961241        0.416205389801917E-04
   230.504798873693        0.690561981435134E-04
   234.703196042126        0.111566732941765E-03
   238.803850879413        0.175347892633398E-03
   242.780261671437        0.267886454577786E-03
   246.607755654658        0.397633099719357E-03
   250.266063663044        0.573479232189023E-03
   253.741256202174        0.804157979210869E-03
   257.026530064726        0.109771812128133E-02
   260.121784743317        0.146117655802959E-02
   263.032323904652        0.190037190014623E-02
   265.767172105239        0.241996987956822E-02
   268.337456190787        0.302354759575663E-02
   270.755104096500        0.371369502018069E-02
   273.031923578591        0.449209443610842E-02
   275.421939912366        0.543196215108943E-02
   277.686139268491        0.632052953281336E-02
   279.858434501947        0.741469569181532E-02
   281.916990896813        0.851546407299279E-02
   283.890292173163        0.970740514450274E-02
   285.764469036770        0.110549862897953E-01
   286.704657427785        0.117316610275836E-01
