   233.392557105420        0.540238874957583E-05
   234.899735118782        0.553588680946038E-05
   236.482840189885        0.566125338955991E-05
   238.150870864511        0.576649263868451E-05
   239.893852930120        0.586333672917787E-05
   241.695837518305        0.594538836856253E-05
   243.540008874063        0.602302488170915E-05
   245.410287345076        0.609197436407031E-05
   247.292107338981        0.615088472203007E-05
   249.173085070355        0.620647977222903E-05
   251.043542284641        0.625233188595221E-05
   252.896752620937        0.629813829833102E-05
   254.728857295932        0.633193999323411E-05
   256.538484835800        0.636477531173886E-05
   258.326169564282        0.638757253762412E-05
   260.093691852211        0.641032661118950E-05
   261.843460058551        0.643000000000000E-05
   263.578023687354        0.644000000000000E-05
   265.299759992075        0.644999999999999E-05
   267.010727345829        0.645000000000000E-05
   268.732934539818        0.645000000000000E-05
   270.479403871154        0.644428988397184E-05
   271.865451329440        0.642195792271272E-05
   272.583016566959        0.639975154339077E-05
   272.570059644236        0.636772594485651E-05
   271.875884820834        0.632780969854540E-05
   270.595694758838        0.627331913468843E-05
   268.843180291422        0.621981429741830E-05
   266.737471606536        0.614738125313535E-05
   264.389133385236        0.606809807574753E-05
   261.886686864449        0.598791008961702E-05
   259.289955183833        0.590160854263654E-05
   256.629269489296        0.580530880033129E-05
   253.914218063609        0.571098595344120E-05
   251.148145578156        0.560864325134388E-05
   248.339615100140        0.550593122047111E-05
   245.508392251622        0.539989187667268E-05
   242.686579941875        0.529605484577317E-05
   239.915187008075        0.518455294418863E-05
   237.239232969793        0.508535966799116E-05
   234.704169414939        0.498123301923499E-05
   232.355291960550        0.488318369181450E-05
   230.214363879882        0.478181770641668E-05
   228.276068347006        0.468889713160336E-05
   226.517711549220        0.459949295134140E-05
   224.907628432583        0.451170601885447E-05
   223.411965240633        0.442557716721025E-05
   222.000215993983        0.434103366555437E-05
   220.648478855397        0.426329661310230E-05
   219.340794199168        0.418645283295081E-05
   218.069287359240        0.410862220548004E-05
   216.832742368740        0.403765825832526E-05
   215.635179028693        0.396047779041831E-05
   214.484858455447        0.389466887993906E-05
   213.393264071856        0.382345133004829E-05
   212.373130117884        0.376248132699558E-05
   211.436946112258        0.370261364210722E-05
   210.594944087556        0.364380793850580E-05
   209.853295605155        0.358677831364339E-05
   209.213663768968        0.354126345651042E-05
   208.674124268040        0.349650955226185E-05
   208.231190319747        0.345248880481352E-05
   207.881711763276        0.341439270517105E-05
   207.623093422892        0.338242062698562E-05
   207.447236315818        0.335730388871950E-05
   207.350058339332        0.333664225416705E-05
   207.332941386141        0.331629398146473E-05
   207.404583891201        0.330312834340154E-05
   207.573027980803        0.328650159935084E-05
   207.838754478558        0.328000000000000E-05
   208.201935795035        0.329211701570862E-05
   208.656710718597        0.341437488671591E-05
   209.175394232201        0.406486247632183E-05
   209.710439318348        0.475427063153973E-05
   210.400258812507        0.526510974566716E-05
   212.268945099950        0.685053196992347E-05
   213.130494903875        0.774572930331562E-05
   217.295915679275        0.135201088059442E-04
   221.639899346668        0.236245625593828E-04
   225.956156310388        0.402602038645263E-04
   230.225163915272        0.668711246366307E-04
   234.423981757516        0.108165528806853E-03
   238.527127554428        0.170228276963429E-03
   242.508307024821        0.260446426038924E-03
   246.342816946375        0.387201604343676E-03
   250.010091152770        0.559360219526841E-03
   253.495693582180        0.785675515624908E-03
   256.792231930983        0.107425153762984E-02
   259.899067610077        0.143218196499206E-02
   262.821070036131        0.186538828399096E-02
   265.566946669757        0.237861284666905E-02
   268.147622100117        0.297549748225862E-02
   270.574917349561        0.365868412723673E-02
   272.860603743373        0.442989625181033E-02
   275.258767832644        0.536933598549667E-02
   277.528796209324        0.626023747442409E-02
   279.707317978826        0.733571211939311E-02
   281.771048313988        0.843931812970690E-02
   283.747692245562        0.960716140402830E-02
   285.626684567562        0.109583040751388E-01
   286.568734382278        0.116363739122623E-01
