     ALT          P          T          FH2O           O3           THEAT        TCOOL        PSATCO2        FCO2
6.8370E+01  3.2610E-05 2.0135E+02    1.1332E-05    3.9297E-07    3.8631E+01   -4.5247E+01    1.7517E+00    2.1600E-04
6.7349E+01  3.8507E-05 2.0291E+02    1.1500E-05    4.3871E-07    7.2153E+00   -3.1354E+01    1.9724E+00    2.1600E-04
6.6328E+01  4.5413E-05 2.0450E+02    1.1600E-05    4.8745E-07    4.6008E+00   -2.1404E+01    2.2229E+00    2.1600E-04
6.5307E+01  5.3490E-05 2.0613E+02    1.1700E-05    5.3876E-07    4.5626E+00   -1.4736E+01    2.5073E+00    2.1600E-04
6.4286E+01  6.2924E-05 2.0779E+02    1.1800E-05    5.9357E-07    4.7943E+00   -1.0539E+01    2.8284E+00    2.1600E-04
6.3266E+01  7.3929E-05 2.0947E+02    1.1900E-05    6.5153E-07    5.0591E+00   -8.0321E+00    3.1887E+00    2.1600E-04
6.2245E+01  8.6749E-05 2.1116E+02    1.2000E-05    7.1210E-07    5.3341E+00   -6.5858E+00    3.5902E+00    2.1600E-04
6.1225E+01  1.0166E-04 2.1285E+02    1.2100E-05    7.7490E-07    5.6153E+00   -5.7588E+00    4.0351E+00    2.1600E-04
6.0205E+01  1.1899E-04 2.1454E+02    1.2102E-05    8.3985E-07    5.9071E+00   -5.2844E+00    4.5254E+00    2.1600E-04
5.9186E+01  1.3910E-04 2.1622E+02    1.2200E-05    9.0881E-07    6.2108E+00   -5.0289E+00    5.0630E+00    2.1600E-04
5.8167E+01  1.6240E-04 2.1788E+02    1.2200E-05    9.7971E-07    6.5115E+00   -4.8570E+00    5.4831E+00    2.1600E-04
5.7149E+01  1.8936E-04 2.1953E+02    1.2300E-05    1.0558E-06    6.8185E+00   -4.7642E+00    5.8803E+00    2.1600E-04
5.6132E+01  2.2053E-04 2.2116E+02    1.2300E-05    1.1296E-06    7.0961E+00   -4.6892E+00    6.2944E+00    2.1600E-04
5.5117E+01  2.5650E-04 2.2277E+02    1.2400E-05    1.2159E-06    7.4058E+00   -4.6619E+00    6.7250E+00    2.1600E-04
5.4103E+01  2.9795E-04 2.2437E+02    1.2400E-05    1.3205E-06    7.7714E+00   -4.6452E+00    7.1720E+00    2.1600E-04
5.3091E+01  3.4568E-04 2.2594E+02    1.2400E-05    1.4644E-06    8.2513E+00   -4.6631E+00    7.6354E+00    2.1600E-04
5.2081E+01  4.0054E-04 2.2750E+02    1.2500E-05    1.6136E-06    8.6973E+00   -4.7209E+00    8.1151E+00    2.1600E-04
5.1073E+01  4.6352E-04 2.2904E+02    1.2500E-05    1.7870E-06    9.1430E+00   -4.7895E+00    8.6114E+00    2.1600E-04
5.0067E+01  5.3574E-04 2.3056E+02    1.2500E-05    1.9787E-06    9.5621E+00   -4.8849E+00    9.1245E+00    2.1600E-04
4.9064E+01  6.1842E-04 2.3207E+02    1.2500E-05    2.2334E-06    1.0073E+01   -5.0191E+00    9.6546E+00    2.1600E-04
4.8063E+01  7.1296E-04 2.3356E+02    1.2500E-05    2.5539E-06    1.0621E+01   -5.1938E+00    1.0202E+01    2.1600E-04
4.7065E+01  8.2092E-04 2.3504E+02    1.2500E-05    2.9118E-06    1.1052E+01   -5.4216E+00    1.0767E+01    2.1600E-04
4.6070E+01  9.4404E-04 2.3655E+02    1.2500E-05    3.3062E-06    1.1312E+01   -5.7508E+00    1.1365E+01    2.1600E-04
4.5079E+01  1.0843E-03 2.3809E+02    1.2500E-05    3.7301E-06    1.1360E+01   -6.0966E+00    1.2001E+01    2.1600E-04
4.4091E+01  1.2437E-03 2.3899E+02    1.2400E-05    4.1566E-06    1.1129E+01   -6.1656E+00    1.2383E+01    2.1600E-04
4.3111E+01  1.4249E-03 2.3875E+02    1.2400E-05    4.5778E-06    1.0637E+01   -5.8591E+00    1.2281E+01    2.1600E-04
4.2144E+01  1.6303E-03 2.3739E+02    1.2334E-05    4.9535E-06    9.9036E+00   -5.2633E+00    1.1706E+01    2.1600E-04
4.1194E+01  1.8630E-03 2.3515E+02    1.2300E-05    5.2872E-06    9.0487E+00   -4.5524E+00    1.0807E+01    2.1600E-04
4.0263E+01  2.1263E-03 2.3236E+02    1.2214E-05    5.5571E-06    8.1523E+00   -3.8621E+00    9.7599E+00    2.1600E-04
3.9352E+01  2.4237E-03 2.2933E+02    1.2200E-05    5.7720E-06    7.3018E+00   -3.2784E+00    8.7096E+00    2.1600E-04
3.8463E+01  2.7592E-03 2.2631E+02    1.2100E-05    5.9298E-06    6.5353E+00   -2.8188E+00    7.7476E+00    2.1600E-04
3.7593E+01  3.1372E-03 2.2346E+02    1.2046E-05    6.0526E-06    5.8786E+00   -2.4748E+00    6.9150E+00    2.1600E-04
3.6743E+01  3.5625E-03 2.2086E+02    1.1993E-05    6.1437E-06    5.3211E+00   -2.2189E+00    6.2173E+00    2.1600E-04
3.5911E+01  4.0404E-03 2.1854E+02    1.1900E-05    6.2136E-06    4.8473E+00   -2.0255E+00    5.6396E+00    2.1600E-04
3.5095E+01  4.5766E-03 2.1646E+02    1.1800E-05    6.2609E-06    4.4357E+00   -1.8775E+00    5.1471E+00    2.1600E-04
3.4295E+01  5.1774E-03 2.1459E+02    1.1743E-05    6.2757E-06    4.0663E+00   -1.7636E+00    4.5402E+00    2.1600E-04
3.3511E+01  5.8497E-03 2.1286E+02    1.1696E-05    6.2683E-06    3.7306E+00   -1.6722E+00    4.0375E+00    2.1600E-04
3.2740E+01  6.6010E-03 2.1125E+02    1.1550E-05    6.1953E-06    3.4063E+00   -1.5906E+00    3.6133E+00    2.1600E-04
3.1984E+01  7.4394E-03 2.0976E+02    1.1500E-05    6.0667E-06    3.0971E+00   -1.5179E+00    3.2533E+00    2.1600E-04
3.1240E+01  8.3737E-03 2.0838E+02    1.1400E-05    5.8864E-06    2.8043E+00   -1.4473E+00    2.9499E+00    2.1600E-04
3.0510E+01  9.4135E-03 2.0714E+02    1.1324E-05    5.6755E-06    2.5335E+00   -1.3790E+00    2.6986E+00    2.1600E-04
2.9791E+01  1.0569E-02 2.0606E+02    1.1200E-05    5.4406E-06    2.2838E+00   -1.2997E+00    2.4946E+00    2.1600E-04
2.9084E+01  1.1852E-02 2.0514E+02    1.1147E-05    5.1788E-06    2.0534E+00   -1.1994E+00    2.3314E+00    2.1600E-04
2.8388E+01  1.3273E-02 2.0437E+02    1.1100E-05    4.9119E-06    1.8455E+00   -1.1032E+00    2.2022E+00    2.1600E-04
2.7701E+01  1.4846E-02 2.0374E+02    1.0977E-05    4.6377E-06    1.6579E+00   -1.0099E+00    2.1002E+00    2.1600E-04
2.7025E+01  1.6584E-02 2.0322E+02    1.0900E-05    4.3448E-06    1.4883E+00   -9.2417E-01    2.0198E+00    2.1600E-04
2.6358E+01  1.8503E-02 2.0279E+02    1.0812E-05    4.0565E-06    1.3401E+00   -8.4539E-01    1.9559E+00    2.1600E-04
2.5700E+01  2.0618E-02 2.0244E+02    1.0782E-05    3.7686E-06    1.2113E+00   -7.7605E-01    1.9046E+00    2.1600E-04
2.5051E+01  2.2946E-02 2.0215E+02    1.0654E-05    3.4774E-06    1.0982E+00   -7.1344E-01    1.8622E+00    2.1600E-04
2.4411E+01  2.5504E-02 2.0189E+02    1.0600E-05    3.1913E-06    9.9995E-01   -6.6142E-01    1.8260E+00    2.1600E-04
2.3779E+01  2.8311E-02 2.0166E+02    1.0502E-05    2.9144E-06    9.1352E-01   -6.1621E-01    1.7939E+00    2.1600E-04
2.3156E+01  3.1388E-02 2.0144E+02    1.0478E-05    2.6531E-06    8.3685E-01   -5.7816E-01    1.7645E+00    2.1600E-04
2.2541E+01  3.4756E-02 2.0124E+02    1.0356E-05    2.4003E-06    7.6541E-01   -5.4193E-01    1.7367E+00    2.1600E-04
2.1934E+01  3.8437E-02 2.0104E+02    1.0300E-05    2.1590E-06    6.9821E-01   -5.0987E-01    1.7103E+00    2.1600E-04
2.1336E+01  4.2453E-02 2.0085E+02    1.0216E-05    1.9300E-06    6.3410E-01   -4.7894E-01    1.6854E+00    2.1600E-04
2.0746E+01  4.6831E-02 2.0067E+02    1.0199E-05    1.7179E-06    5.7364E-01   -4.4961E-01    1.6625E+00    2.1600E-04
2.0164E+01  5.1594E-02 2.0051E+02    1.0083E-05    1.5212E-06    5.1609E-01   -4.1722E-01    1.6420E+00    2.1600E-04
1.9590E+01  5.6771E-02 2.0037E+02    9.9937E-06    1.3371E-06    4.6181E-01   -3.8503E-01    1.6249E+00    2.1600E-04
1.9024E+01  6.2388E-02 2.0027E+02    9.9531E-06    1.1605E-06    4.1086E-01   -3.5456E-01    1.6117E+00    2.1600E-04
1.8466E+01  6.8475E-02 2.0020E+02    9.8863E-06    1.0020E-06    3.6504E-01   -3.2197E-01    1.6032E+00    2.1600E-04
1.7916E+01  7.5061E-02 2.0017E+02    9.8269E-06    8.5902E-07    3.2456E-01   -2.8861E-01    1.5994E+00    2.1600E-04
1.7373E+01  8.2176E-02 2.0017E+02    9.7727E-06    7.2915E-07    2.8920E-01   -2.5594E-01    1.5996E+00    2.1600E-04
1.6839E+01  8.9853E-02 2.0019E+02    9.7274E-06    6.1261E-07    2.5885E-01   -2.2495E-01    1.6026E+00    2.1600E-04
1.6311E+01  9.8123E-02 2.0023E+02    9.6766E-06    5.0802E-07    2.3294E-01   -1.9595E-01    1.6071E+00    2.1600E-04
1.5791E+01  1.0702E-01 2.0027E+02    9.6428E-06    4.1560E-07    2.0979E-01   -1.3087E-01    1.6115E+00    2.1600E-04
1.5279E+01  1.1657E-01 2.0030E+02    9.6029E-06    3.3787E-07    1.9043E-01   -1.0194E-01    1.6163E+00    2.1600E-04
1.4775E+01  1.2682E-01 2.0037E+02    9.5813E-06    2.7174E-07    1.7442E-01   -7.6609E-02    1.6249E+00    2.1600E-04
1.4277E+01  1.3780E-01 2.0051E+02    9.5521E-06    2.1652E-07    1.6116E-01   -5.3659E-02    1.6423E+00    2.1600E-04
1.3787E+01  1.4954E-01 2.0076E+02    9.5319E-06    1.6994E-07    1.5011E-01   -3.0881E-02    1.6741E+00    2.1600E-04
1.3304E+01  1.6207E-01 2.0114E+02    9.5213E-06    1.3157E-07    1.3919E-01    8.2801E-03    1.7237E+00    2.1600E-04
1.2827E+01  1.7543E-01 2.0160E+02    4.6867E-06    1.0537E-07    1.1494E-01    1.0259E-01    1.7856E+00    2.1600E-04
1.2357E+01  1.8966E-01 2.0214E+02    2.8406E-06    8.7389E-08    9.8322E-02    1.8593E-01    1.8612E+00    2.1600E-04
1.1893E+01  2.0477E-01 2.0271E+02    1.7182E-06    7.3843E-08    9.4931E-02    2.1533E-01    1.9439E+00    2.1600E-04
1.1434E+01  2.2082E-01 2.0482E+02    2.3606E-06    6.3514E-08    9.5442E-02    1.2415E-01    2.2769E+00    2.1600E-04
1.0976E+01  2.3782E-01 2.0864E+02    4.1138E-06    5.6498E-08    1.0153E-01   -2.7354E-02    3.0062E+00    2.1600E-04
1.0518E+01  2.5581E-01 2.1228E+02    6.8476E-06    5.2153E-08    1.1278E-01   -1.8167E-01    3.8785E+00    2.1600E-04
1.0059E+01  2.7482E-01 2.1616E+02    1.1577E-05    4.9169E-08    1.3256E-01   -4.3851E-01    5.0443E+00    2.1600E-04
9.6006E+00  2.9486E-01 2.2058E+02    2.0559E-05    4.6663E-08    1.6721E-01   -8.2401E-01    6.1455E+00    2.1600E-04
9.1409E+00  3.1596E-01 2.2498E+02    3.5578E-05    4.4390E-08    2.1712E-01   -1.2499E+00    7.3503E+00    2.1600E-04
8.6808E+00  3.3815E-01 2.2933E+02    5.9955E-05    4.2254E-08    2.8055E-01   -1.6624E+00    8.7094E+00    2.1600E-04
8.2207E+00  3.6145E-01 2.3362E+02    9.8295E-05    4.0043E-08    3.5188E-01   -1.9999E+00    1.0221E+01    2.1600E-04
7.7611E+00  3.8586E-01 2.3780E+02    1.5663E-04    3.8009E-08    4.2659E-01   -2.2311E+00    1.1880E+01    2.1600E-04
7.3026E+00  4.1140E-01 2.4186E+02    2.4237E-04    3.5977E-08    5.0630E-01   -2.3818E+00    1.3670E+01    2.1600E-04
6.8457E+00  4.3808E-01 2.4577E+02    3.6398E-04    3.3952E-08    5.8850E-01   -2.4458E+00    1.5575E+01    2.1600E-04
6.3909E+00  4.6590E-01 2.4951E+02    5.3046E-04    3.2082E-08    6.5937E-01   -2.4485E+00    1.7570E+01    2.1600E-04
5.9390E+00  4.9486E-01 2.5306E+02    7.5074E-04    3.0202E-08    7.0956E-01   -2.4205E+00    1.9631E+01    2.1600E-04
5.4904E+00  5.2496E-01 2.5641E+02    1.0331E-03    2.8362E-08    7.4416E-01   -2.3954E+00    2.1735E+01    2.1600E-04
5.0458E+00  5.5619E-01 2.5957E+02    1.3847E-03    2.6578E-08    7.7122E-01   -2.3473E+00    2.3862E+01    2.1600E-04
4.6058E+00  5.8853E-01 2.6253E+02    1.8117E-03    2.4844E-08    7.9181E-01   -2.2746E+00    2.5996E+01    2.1600E-04
4.1708E+00  6.2197E-01 2.6531E+02    2.3190E-03    2.3209E-08    8.0298E-01   -2.1994E+00    2.8123E+01    2.1600E-04
3.7414E+00  6.5649E-01 2.6792E+02    2.9105E-03    2.1669E-08    8.0422E-01   -2.1015E+00    3.0234E+01    2.1600E-04
3.3180E+00  6.9204E-01 2.7038E+02    3.5891E-03    2.0134E-08    7.9852E-01   -1.9459E+00    3.2324E+01    2.1600E-04
2.9009E+00  7.2861E-01 2.7269E+02    4.3568E-03    1.8767E-08    7.8931E-01   -1.7891E+00    3.4388E+01    2.1600E-04
2.4905E+00  7.6613E-01 2.7510E+02    5.2923E-03    1.7502E-08    7.8304E-01   -1.6858E+00    3.6636E+01    2.1600E-04
2.0869E+00  8.0458E-01 2.7740E+02    6.1935E-03    1.6361E-08    7.5981E-01   -1.5744E+00    3.8889E+01    2.1600E-04
1.6903E+00  8.4389E-01 2.7961E+02    7.2650E-03    1.5362E-08    7.4252E-01   -1.5490E+00    4.1149E+01    2.1600E-04
1.3012E+00  8.8400E-01 2.8170E+02    8.3831E-03    1.4507E-08    7.2442E-01   -1.5820E+00    4.3381E+01    2.1600E-04
9.1972E-01  9.2486E-01 2.8371E+02    9.5588E-03    1.3797E-08    7.1251E-01   -1.6900E+00    4.5607E+01    2.1600E-04
5.4620E-01  9.6638E-01 2.8562E+02    1.0931E-02    1.3251E-08    7.1774E-01   -1.9384E+00    4.7806E+01    2.1600E-04
1.8088E-01  1.0085E+00 2.8744E+02    1.2240E-02    1.2819E-08    7.3169E-01   -2.1645E+00    4.9974E+01    2.1600E-04
0.0000E+00  1.0299E+00 2.8836E+02    1.2951E-02    1.2900E-08    7.8461E+00   -3.3575E+00    5.1098E+01    2.1600E-04
