     ALT          P          T          FH2O           O3           THEAT        TCOOL        PSATCO2        FCO2
7.3407E+01  3.2610E-05 2.2406E+02    3.4925E-06    9.8897E-08    3.6854E+01   -7.1126E+01    7.0855E+00    2.1700E-04
7.2271E+01  3.8507E-05 2.2545E+02    3.6570E-06    1.2613E-07    5.1669E+00   -4.5499E+01    7.4885E+00    2.1700E-04
7.1137E+01  4.5412E-05 2.2689E+02    3.8030E-06    1.6103E-07    2.5820E+00   -2.8292E+01    7.9270E+00    2.1700E-04
7.0005E+01  5.3489E-05 2.2841E+02    3.9389E-06    2.0463E-07    2.5277E+00   -1.7469E+01    8.4061E+00    2.1700E-04
6.8874E+01  6.2922E-05 2.2998E+02    4.0521E-06    2.5318E-07    2.7366E+00   -1.1140E+01    8.9266E+00    2.1700E-04
6.7744E+01  7.3926E-05 2.3160E+02    4.1600E-06    3.0331E-07    2.9722E+00   -7.7128E+00    9.4875E+00    2.1700E-04
6.6616E+01  8.6745E-05 2.3325E+02    4.2502E-06    3.5500E-07    3.2158E+00   -5.9835E+00    1.0087E+01    2.1700E-04
6.5489E+01  1.0166E-04 2.3493E+02    4.3403E-06    4.0923E-07    3.4734E+00   -5.2052E+00    1.0723E+01    2.1700E-04
6.4364E+01  1.1899E-04 2.3662E+02    4.4103E-06    4.6811E-07    3.7662E+00   -4.9251E+00    1.1392E+01    2.1700E-04
6.3240E+01  1.3909E-04 2.3831E+02    4.4801E-06    5.3349E-07    4.0917E+00   -4.9063E+00    1.2093E+01    2.1700E-04
6.2117E+01  1.6239E-04 2.3999E+02    4.5425E-06    6.0635E-07    4.4524E+00   -5.0164E+00    1.2822E+01    2.1700E-04
6.0996E+01  1.8935E-04 2.4167E+02    4.5898E-06    6.8769E-07    4.8477E+00   -5.1899E+00    1.3579E+01    2.1700E-04
5.9877E+01  2.2051E-04 2.4333E+02    4.6423E-06    7.7641E-07    5.2677E+00   -5.4082E+00    1.4361E+01    2.1700E-04
5.8760E+01  2.5647E-04 2.4497E+02    4.6792E-06    8.7393E-07    5.7099E+00   -5.6482E+00    1.5168E+01    2.1700E-04
5.7645E+01  2.9792E-04 2.4660E+02    4.7169E-06    9.8120E-07    6.1680E+00   -5.9111E+00    1.6000E+01    2.1700E-04
5.6533E+01  3.4564E-04 2.4821E+02    4.7491E-06    1.0955E-06    6.6226E+00   -6.1870E+00    1.6857E+01    2.1700E-04
5.5423E+01  4.0049E-04 2.4981E+02    4.7813E-06    1.2277E-06    7.1001E+00   -6.4749E+00    1.7739E+01    2.1700E-04
5.4317E+01  4.6347E-04 2.5141E+02    4.8034E-06    1.3703E-06    7.5582E+00   -6.7446E+00    1.8649E+01    2.1700E-04
5.3213E+01  5.3567E-04 2.5299E+02    4.8255E-06    1.5280E-06    7.9901E+00   -7.0104E+00    1.9587E+01    2.1700E-04
5.2112E+01  6.1834E-04 2.5456E+02    4.8375E-06    1.6995E-06    8.3763E+00   -7.2638E+00    2.0553E+01    2.1700E-04
5.1015E+01  7.1286E-04 2.5613E+02    4.8500E-06    1.9040E-06    8.7526E+00   -7.5096E+00    2.1550E+01    2.1700E-04
4.9921E+01  8.2080E-04 2.5768E+02    4.8600E-06    2.1226E-06    9.0311E+00   -7.7354E+00    2.2577E+01    2.1700E-04
4.8831E+01  9.4390E-04 2.5924E+02    4.8569E-06    2.3562E-06    9.1975E+00   -7.9627E+00    2.3635E+01    2.1700E-04
4.7744E+01  1.0841E-03 2.6084E+02    4.8500E-06    2.6215E-06    9.2890E+00   -8.2737E+00    2.4760E+01    2.1700E-04
4.6661E+01  1.2435E-03 2.6235E+02    4.8336E-06    2.9030E-06    9.2504E+00   -8.5580E+00    2.5866E+01    2.1700E-04
4.5584E+01  1.4246E-03 2.6346E+02    4.8120E-06    3.2190E-06    9.1059E+00   -8.6694E+00    2.6690E+01    2.1700E-04
4.4513E+01  1.6300E-03 2.6390E+02    4.7813E-06    3.5688E-06    8.8463E+00   -8.5527E+00    2.7032E+01    2.1700E-04
4.3452E+01  1.8627E-03 2.6363E+02    4.7389E-06    3.9394E-06    8.4550E+00   -8.2273E+00    2.6825E+01    2.1700E-04
4.2404E+01  2.1259E-03 2.6267E+02    4.6857E-06    4.3042E-06    7.9330E+00   -7.7484E+00    2.6101E+01    2.1700E-04
4.1372E+01  2.4232E-03 2.6111E+02    4.6239E-06    4.6522E-06    7.3320E+00   -7.1822E+00    2.4957E+01    2.1700E-04
4.0357E+01  2.7587E-03 2.5908E+02    4.5508E-06    4.9616E-06    6.6986E+00   -6.5785E+00    2.3522E+01    2.1700E-04
3.9360E+01  3.1366E-03 2.5669E+02    4.4714E-06    5.2234E-06    6.0823E+00   -5.9749E+00    2.1920E+01    2.1700E-04
3.8383E+01  3.5618E-03 2.5407E+02    4.3820E-06    5.4358E-06    5.5170E+00   -5.3980E+00    2.0250E+01    2.1700E-04
3.7426E+01  4.0396E-03 2.5129E+02    4.2868E-06    5.6150E-06    5.0230E+00   -4.8691E+00    1.8582E+01    2.1700E-04
3.6490E+01  4.5756E-03 2.4840E+02    4.1937E-06    5.7640E-06    4.5949E+00   -4.3944E+00    1.6955E+01    2.1700E-04
3.5575E+01  5.1763E-03 2.4542E+02    4.0928E-06    5.8920E-06    4.2230E+00   -3.9766E+00    1.5395E+01    2.1700E-04
3.4680E+01  5.8484E-03 2.4240E+02    3.9887E-06    6.0111E-06    3.8966E+00   -3.6104E+00    1.3919E+01    2.1700E-04
3.3805E+01  6.5995E-03 2.3935E+02    3.8847E-06    6.1126E-06    3.5992E+00   -3.2816E+00    1.2541E+01    2.1700E-04
3.2951E+01  7.4377E-03 2.3633E+02    3.7833E-06    6.1878E-06    3.3197E+00   -2.9766E+00    1.1275E+01    2.1700E-04
3.2117E+01  8.3717E-03 2.3337E+02    3.6842E-06    6.2259E-06    3.0512E+00   -2.6871E+00    1.0131E+01    2.1700E-04
3.1302E+01  9.4112E-03 2.3054E+02    3.5855E-06    6.2138E-06    2.7897E+00   -2.4118E+00    9.1160E+00    2.1700E-04
3.0505E+01  1.0566E-02 2.2787E+02    3.4832E-06    6.1432E-06    2.5352E+00   -2.1768E+00    8.2346E+00    2.1700E-04
2.9726E+01  1.1848E-02 2.2542E+02    3.3909E-06    6.0050E-06    2.2895E+00   -1.9075E+00    7.4810E+00    2.1700E-04
2.8964E+01  1.3269E-02 2.2320E+02    3.3007E-06    5.8066E-06    2.0580E+00   -1.6578E+00    6.8424E+00    2.1700E-04
2.8217E+01  1.4842E-02 2.2119E+02    3.2123E-06    5.5536E-06    1.8442E+00   -1.4318E+00    6.3031E+00    2.1700E-04
2.7486E+01  1.6580E-02 2.1939E+02    3.1257E-06    5.2644E-06    1.6521E+00   -1.2323E+00    5.8464E+00    2.1700E-04
2.6768E+01  1.8498E-02 2.1777E+02    3.0507E-06    4.9324E-06    1.4796E+00   -1.0610E+00    5.4572E+00    2.1700E-04
2.6064E+01  2.0612E-02 2.1630E+02    2.9672E-06    4.5924E-06    1.3302E+00   -9.1617E-01    5.0921E+00    2.1700E-04
2.5373E+01  2.2939E-02 2.1496E+02    2.8945E-06    4.2430E-06    1.2000E+00   -7.9671E-01    4.6569E+00    2.1700E-04
2.4695E+01  2.5496E-02 2.1373E+02    2.8174E-06    3.8930E-06    1.0860E+00   -6.9796E-01    4.2852E+00    2.1700E-04
2.4028E+01  2.8303E-02 2.1259E+02    2.7456E-06    3.5494E-06    9.8503E-01   -6.1579E-01    3.9641E+00    2.1700E-04
2.3372E+01  3.1379E-02 2.1153E+02    2.6766E-06    3.2134E-06    8.9358E-01   -5.4544E-01    3.6843E+00    2.1700E-04
2.2728E+01  3.4745E-02 2.1054E+02    2.6028E-06    2.9045E-06    8.1126E-01   -4.8183E-01    3.4391E+00    2.1700E-04
2.2095E+01  3.8425E-02 2.0963E+02    2.5400E-06    2.6020E-06    7.3315E-01   -4.2503E-01    3.2236E+00    2.1700E-04
2.1473E+01  4.2440E-02 2.0877E+02    2.4720E-06    2.3188E-06    6.5981E-01   -3.7236E-01    3.0346E+00    2.1700E-04
2.0861E+01  4.6816E-02 2.0799E+02    2.4077E-06    2.0612E-06    5.9167E-01   -3.2279E-01    2.8696E+00    2.1700E-04
2.0259E+01  5.1578E-02 2.0729E+02    2.3484E-06    1.8121E-06    5.2648E-01   -2.7774E-01    2.7268E+00    2.1700E-04
1.9667E+01  5.6752E-02 2.0665E+02    2.2992E-06    1.5871E-06    4.6660E-01   -2.3485E-01    2.6046E+00    2.1700E-04
1.9085E+01  6.2368E-02 2.0610E+02    2.2413E-06    1.3742E-06    4.1093E-01   -1.9433E-01    2.5014E+00    2.1700E-04
1.8512E+01  6.8452E-02 2.0562E+02    2.1895E-06    1.1801E-06    3.6075E-01   -1.5622E-01    2.4154E+00    2.1700E-04
1.7948E+01  7.5035E-02 2.0522E+02    2.1446E-06    1.0026E-06    3.1622E-01   -1.2177E-01    2.3449E+00    2.1700E-04
1.7393E+01  8.2148E-02 2.0489E+02    2.1005E-06    8.4549E-07    2.7775E-01   -9.1351E-02    2.2880E+00    2.1700E-04
1.6846E+01  8.9822E-02 2.0462E+02    2.0652E-06    7.0310E-07    2.4444E-01   -6.8557E-02    2.2433E+00    2.1700E-04
1.6308E+01  9.8088E-02 2.0442E+02    2.0331E-06    5.7627E-07    2.1594E-01   -5.3898E-02    2.2094E+00    2.1700E-04
1.5778E+01  1.0698E-01 2.0427E+02    2.0015E-06    4.6573E-07    1.9094E-01   -1.2174E-02    2.1845E+00    2.1700E-04
1.5257E+01  1.1653E-01 2.0417E+02    1.9802E-06    3.7291E-07    1.7009E-01   -7.6506E-03    2.1682E+00    2.1700E-04
1.4743E+01  1.2678E-01 2.0413E+02    1.9598E-06    2.9515E-07    1.5289E-01   -7.5278E-03    2.1619E+00    2.1700E-04
1.4237E+01  1.3775E-01 2.0417E+02    1.9398E-06    2.3177E-07    1.3882E-01   -1.0265E-02    2.1687E+00    2.1700E-04
1.3738E+01  1.4948E-01 2.0431E+02    1.9299E-06    1.7835E-07    1.2711E-01   -1.5934E-02    2.1915E+00    2.1700E-04
1.3247E+01  1.6201E-01 2.0457E+02    1.9201E-06    1.3629E-07    1.1781E-01   -2.0297E-02    2.2338E+00    2.1700E-04
1.2763E+01  1.7537E-01 2.0493E+02    1.9200E-06    1.0810E-07    1.1137E-01   -1.9564E-02    2.2954E+00    2.1700E-04
1.2286E+01  1.8958E-01 2.0541E+02    2.3271E-06    8.9306E-08    1.0912E-01   -2.5255E-02    2.3770E+00    2.1700E-04
1.1815E+01  2.0470E-01 2.0591E+02    2.7511E-06    7.5163E-08    1.0744E-01    8.3940E-03    2.4672E+00    2.1700E-04
1.1351E+01  2.2073E-01 2.0648E+02    3.0044E-06    6.4606E-08    1.0708E-01   -1.4232E-02    2.5725E+00    2.1700E-04
1.0892E+01  2.3773E-01 2.0861E+02    4.0992E-06    5.8026E-08    1.1141E-01   -5.4341E-02    3.0001E+00    2.1700E-04
1.0436E+01  2.5571E-01 2.1019E+02    5.1408E-06    5.3886E-08    1.1672E-01   -1.2367E-01    3.3535E+00    2.1700E-04
9.9827E+00  2.7471E-01 2.1415E+02    8.8761E-06    5.0852E-08    1.3633E-01   -4.3257E-01    4.4086E+00    2.1700E-04
9.5286E+00  2.9474E-01 2.1854E+02    1.5870E-05    4.8252E-08    1.6930E-01   -8.1126E-01    5.6405E+00    2.1700E-04
9.0736E+00  3.1584E-01 2.2292E+02    2.7665E-05    4.5825E-08    2.1433E-01   -1.2038E+00    6.7654E+00    2.1700E-04
8.6182E+00  3.3802E-01 2.2726E+02    4.7000E-05    4.3480E-08    2.7082E-01   -1.5811E+00    8.0406E+00    2.1700E-04
8.1627E+00  3.6130E-01 2.3154E+02    7.7762E-05    4.1202E-08    3.3583E-01   -1.9047E+00    9.4678E+00    2.1700E-04
7.7076E+00  3.8570E-01 2.3575E+02    1.2518E-04    3.8935E-08    4.0397E-01   -2.1359E+00    1.1043E+01    2.1700E-04
7.2535E+00  4.1123E-01 2.3985E+02    1.9590E-04    3.6755E-08    4.7541E-01   -2.2888E+00    1.2758E+01    2.1700E-04
6.8007E+00  4.3789E-01 2.4381E+02    2.9780E-04    3.4572E-08    5.5282E-01   -2.3764E+00    1.4595E+01    2.1700E-04
6.3500E+00  4.6570E-01 2.4761E+02    4.3960E-04    3.2478E-08    6.2687E-01   -2.3927E+00    1.6535E+01    2.1700E-04
5.9019E+00  4.9465E-01 2.5124E+02    6.3028E-04    3.0409E-08    6.8377E-01   -2.3768E+00    1.8554E+01    2.1700E-04
5.4569E+00  5.2474E-01 2.5468E+02    8.7849E-04    2.8414E-08    7.2263E-01   -2.3518E+00    2.0629E+01    2.1700E-04
5.0158E+00  5.5595E-01 2.5792E+02    1.1920E-03    2.6516E-08    7.5178E-01   -2.3203E+00    2.2738E+01    2.1700E-04
4.5789E+00  5.8828E-01 2.6098E+02    1.5776E-03    2.4680E-08    7.7529E-01   -2.2591E+00    2.4862E+01    2.1700E-04
4.1469E+00  6.2171E-01 2.6385E+02    2.0407E-03    2.2910E-08    7.9095E-01   -2.1889E+00    2.6988E+01    2.1700E-04
3.7203E+00  6.5620E-01 2.6654E+02    2.5858E-03    2.1302E-08    7.9665E-01   -2.1094E+00    2.9103E+01    2.1700E-04
3.2994E+00  6.9174E-01 2.6907E+02    3.2161E-03    1.9782E-08    7.9416E-01   -1.9871E+00    3.1199E+01    2.1700E-04
2.8849E+00  7.2829E-01 2.7145E+02    3.9339E-03    1.8352E-08    7.8705E-01   -1.8248E+00    3.3271E+01    2.1700E-04
2.4769E+00  7.6580E-01 2.7377E+02    4.7782E-03    1.7071E-08    7.8020E-01   -1.6911E+00    3.5379E+01    2.1700E-04
2.0756E+00  8.0422E-01 2.7612E+02    5.7012E-03    1.5939E-08    7.6604E-01   -1.5921E+00    3.7629E+01    2.1700E-04
1.6814E+00  8.4351E-01 2.7837E+02    6.6138E-03    1.4962E-08    7.4198E-01   -1.5205E+00    3.9872E+01    2.1700E-04
1.2944E+00  8.8361E-01 2.8052E+02    7.7577E-03    1.4188E-08    7.3020E-01   -1.5503E+00    4.2105E+01    2.1700E-04
9.1496E-01  9.2444E-01 2.8255E+02    8.8469E-03    1.3492E-08    7.1505E-01   -1.6276E+00    4.4313E+01    2.1700E-04
5.4341E-01  9.6594E-01 2.8451E+02    1.0141E-02    1.2949E-08    7.1789E-01   -1.8604E+00    4.6514E+01    2.1700E-04
1.7997E-01  1.0080E+00 2.8636E+02    1.1474E-02    1.2518E-08    7.3428E-01   -2.0994E+00    4.8678E+01    2.1700E-04
0.0000E+00  1.0294E+00 2.8729E+02    1.2144E-02    1.2600E-08    7.8728E+00   -3.4479E+00    4.9795E+01    2.1700E-04
