     ALT          P          T          FH2O           O3           THEAT        TCOOL        PSATCO2        FCO2
7.3793E+01  3.2610E-05 2.2320E+02    4.8009E-06    8.8449E-08    3.6725E+01   -7.0186E+01    6.8421E+00    2.1500E-04
7.2663E+01  3.8506E-05 2.2457E+02    5.0253E-06    1.1312E-07    5.1732E+00   -4.5487E+01    7.2318E+00    2.1500E-04
7.1534E+01  4.5410E-05 2.2601E+02    5.2184E-06    1.4564E-07    2.5285E+00   -2.8786E+01    7.6565E+00    2.1500E-04
7.0408E+01  5.3485E-05 2.2752E+02    5.3945E-06    1.8575E-07    2.4457E+00   -1.8198E+01    8.1213E+00    2.1500E-04
6.9283E+01  6.2917E-05 2.2908E+02    5.5553E-06    2.2961E-07    2.6293E+00   -1.1956E+01    8.6270E+00    2.1500E-04
6.8159E+01  7.3919E-05 2.3070E+02    5.6908E-06    2.7570E-07    2.8427E+00   -8.5243E+00    9.1728E+00    2.1500E-04
6.7036E+01  8.6735E-05 2.3235E+02    5.8156E-06    3.2281E-07    3.0627E+00   -6.7561E+00    9.7568E+00    2.1500E-04
6.5915E+01  1.0164E-04 2.3403E+02    5.9268E-06    3.7327E-07    3.3004E+00   -5.9125E+00    1.0377E+01    2.1500E-04
6.4794E+01  1.1897E-04 2.3572E+02    6.0264E-06    4.2863E-07    3.5754E+00   -5.5703E+00    1.1031E+01    2.1500E-04
6.3676E+01  1.3907E-04 2.3741E+02    6.1160E-06    4.9037E-07    3.8832E+00   -5.4819E+00    1.1717E+01    2.1500E-04
6.2558E+01  1.6236E-04 2.3910E+02    6.1953E-06    5.5946E-07    4.2260E+00   -5.5188E+00    1.2431E+01    2.1500E-04
6.1443E+01  1.8931E-04 2.4078E+02    6.2685E-06    6.3594E-07    4.6008E+00   -5.6203E+00    1.3173E+01    2.1500E-04
6.0329E+01  2.2046E-04 2.4244E+02    6.3269E-06    7.2078E-07    5.0058E+00   -5.7550E+00    1.3940E+01    2.1500E-04
5.9217E+01  2.5641E-04 2.4409E+02    6.3820E-06    8.1392E-07    5.4339E+00   -5.9153E+00    1.4733E+01    2.1500E-04
5.8108E+01  2.9785E-04 2.4573E+02    6.4357E-06    9.1555E-07    5.8761E+00   -6.0958E+00    1.5550E+01    2.1500E-04
5.7001E+01  3.4555E-04 2.4735E+02    6.4800E-06    1.0248E-06    6.3214E+00   -6.2884E+00    1.6393E+01    2.1500E-04
5.5896E+01  4.0038E-04 2.4895E+02    6.5242E-06    1.1524E-06    6.7957E+00   -6.4948E+00    1.7261E+01    2.1500E-04
5.4794E+01  4.6333E-04 2.5055E+02    6.5583E-06    1.2848E-06    7.2353E+00   -6.6947E+00    1.8155E+01    2.1500E-04
5.3695E+01  5.3550E-04 2.5213E+02    6.5823E-06    1.4378E-06    7.6783E+00   -6.8831E+00    1.9077E+01    2.1500E-04
5.2600E+01  6.1813E-04 2.5371E+02    6.6131E-06    1.6070E-06    8.0899E+00   -7.0713E+00    2.0027E+01    2.1500E-04
5.1507E+01  7.1261E-04 2.5528E+02    6.6300E-06    1.7985E-06    8.4645E+00   -7.2492E+00    2.1006E+01    2.1500E-04
5.0418E+01  8.2050E-04 2.5684E+02    6.6467E-06    2.0130E-06    8.7792E+00   -7.4177E+00    2.2014E+01    2.1500E-04
4.9332E+01  9.4354E-04 2.5839E+02    6.6584E-06    2.2506E-06    9.0081E+00   -7.5788E+00    2.3053E+01    2.1500E-04
4.8251E+01  1.0837E-03 2.5994E+02    6.6600E-06    2.5107E-06    9.1348E+00   -7.8351E+00    2.4123E+01    2.1500E-04
4.7172E+01  1.2430E-03 2.6157E+02    6.6584E-06    2.7823E-06    9.1187E+00   -8.1612E+00    2.5291E+01    2.1500E-04
4.6098E+01  1.4240E-03 2.6297E+02    6.6469E-06    3.0829E-06    8.9871E+00   -8.3828E+00    2.6327E+01    2.1500E-04
4.5030E+01  1.6293E-03 2.6378E+02    6.6255E-06    3.4052E-06    8.7253E+00   -8.3814E+00    2.6939E+01    2.1500E-04
4.3970E+01  1.8618E-03 2.6386E+02    6.5943E-06    3.7501E-06    8.3460E+00   -8.1515E+00    2.6996E+01    2.1500E-04
4.2922E+01  2.1249E-03 2.6320E+02    6.5567E-06    4.1023E-06    7.8553E+00   -7.7452E+00    2.6501E+01    2.1500E-04
4.1888E+01  2.4221E-03 2.6192E+02    6.5053E-06    4.4296E-06    7.2687E+00   -7.2268E+00    2.5544E+01    2.1500E-04
4.0870E+01  2.7573E-03 2.6013E+02    6.4469E-06    4.7274E-06    6.6504E+00   -6.6591E+00    2.4256E+01    2.1500E-04
3.9870E+01  3.1350E-03 2.5797E+02    6.3769E-06    4.9821E-06    6.0434E+00   -6.0827E+00    2.2768E+01    2.1500E-04
3.8889E+01  3.5599E-03 2.5556E+02    6.3007E-06    5.1830E-06    5.4763E+00   -5.5263E+00    2.1189E+01    2.1500E-04
3.7927E+01  4.0374E-03 2.5300E+02    6.2172E-06    5.3423E-06    4.9734E+00   -5.0136E+00    1.9596E+01    2.1500E-04
3.6985E+01  4.5731E-03 2.5034E+02    6.1329E-06    5.4723E-06    4.5378E+00   -4.5594E+00    1.8037E+01    2.1500E-04
3.6062E+01  5.1733E-03 2.4762E+02    6.0407E-06    5.5692E-06    4.1554E+00   -4.1598E+00    1.6540E+01    2.1500E-04
3.5160E+01  5.8450E-03 2.4488E+02    5.9405E-06    5.6476E-06    3.8189E+00   -3.8143E+00    1.5124E+01    2.1500E-04
3.4277E+01  6.5955E-03 2.4215E+02    5.8426E-06    5.7087E-06    3.5159E+00   -3.5104E+00    1.3804E+01    2.1500E-04
3.3413E+01  7.4331E-03 2.3947E+02    5.7489E-06    5.7437E-06    3.2341E+00   -3.2335E+00    1.2592E+01    2.1500E-04
3.2567E+01  8.3665E-03 2.3688E+02    5.6474E-06    5.7462E-06    2.9671E+00   -2.9722E+00    1.1499E+01    2.1500E-04
3.1740E+01  9.4052E-03 2.3443E+02    5.5482E-06    5.7188E-06    2.7133E+00   -2.7246E+00    1.0529E+01    2.1500E-04
3.0930E+01  1.0560E-02 2.3216E+02    5.4509E-06    5.6410E-06    2.4677E+00   -2.5174E+00    9.6864E+00    2.1500E-04
3.0137E+01  1.1841E-02 2.3009E+02    5.3557E-06    5.5262E-06    2.2353E+00   -2.2708E+00    8.9646E+00    2.1500E-04
2.9359E+01  1.3260E-02 2.2824E+02    5.2545E-06    5.3547E-06    2.0142E+00   -2.0390E+00    8.3507E+00    2.1500E-04
2.8596E+01  1.4832E-02 2.2658E+02    5.1608E-06    5.1417E-06    1.8105E+00   -1.8258E+00    7.8287E+00    2.1500E-04
2.7847E+01  1.6568E-02 2.2509E+02    5.0709E-06    4.9007E-06    1.6275E+00   -1.6330E+00    7.3817E+00    2.1500E-04
2.7111E+01  1.8485E-02 2.2374E+02    4.9826E-06    4.6244E-06    1.4636E+00   -1.4620E+00    6.9944E+00    2.1500E-04
2.6388E+01  2.0597E-02 2.2251E+02    4.8959E-06    4.3349E-06    1.3206E+00   -1.3126E+00    6.6530E+00    2.1500E-04
2.5677E+01  2.2922E-02 2.2136E+02    4.8106E-06    4.0351E-06    1.1960E+00   -1.1835E+00    6.3466E+00    2.1500E-04
2.4979E+01  2.5477E-02 2.2027E+02    4.7268E-06    3.7270E-06    1.0860E+00   -1.0717E+00    6.0666E+00    2.1500E-04
2.4292E+01  2.8281E-02 2.1923E+02    4.6445E-06    3.4167E-06    9.8777E-01   -9.7376E-01    5.8073E+00    2.1500E-04
2.3617E+01  3.1355E-02 2.1823E+02    4.5634E-06    3.1179E-06    8.9952E-01   -8.8545E-01    5.5650E+00    2.1500E-04
2.2953E+01  3.4718E-02 2.1725E+02    4.4838E-06    2.8254E-06    8.1764E-01   -8.0416E-01    5.3376E+00    2.1500E-04
2.2301E+01  3.8394E-02 2.1631E+02    4.4146E-06    2.5488E-06    7.4133E-01   -7.2830E-01    5.0951E+00    2.1500E-04
2.1660E+01  4.2406E-02 2.1540E+02    4.3386E-06    2.2807E-06    6.6842E-01   -6.5719E-01    4.7966E+00    2.1500E-04
2.1029E+01  4.6778E-02 2.1454E+02    4.2629E-06    2.0274E-06    5.9934E-01   -5.9070E-01    4.5267E+00    2.1500E-04
2.0409E+01  5.1535E-02 2.1373E+02    4.1954E-06    1.7868E-06    5.3401E-01   -5.2912E-01    4.2855E+00    2.1500E-04
1.9800E+01  5.6705E-02 2.1299E+02    4.1254E-06    1.5656E-06    4.7374E-01   -4.7045E-01    4.0728E+00    2.1500E-04
1.9200E+01  6.2315E-02 2.1231E+02    4.0635E-06    1.3619E-06    4.1874E-01   -4.1452E-01    3.8873E+00    2.1500E-04
1.8611E+01  6.8393E-02 2.1170E+02    3.9957E-06    1.1720E-06    3.6870E-01   -3.6152E-01    3.7270E+00    2.1500E-04
1.8031E+01  7.4970E-02 2.1116E+02    3.9422E-06    9.9383E-07    3.2377E-01   -3.1386E-01    3.5891E+00    2.1500E-04
1.7461E+01  8.2076E-02 2.1068E+02    3.8907E-06    8.3731E-07    2.8517E-01   -2.7051E-01    3.4708E+00    2.1500E-04
1.6899E+01  8.9742E-02 2.1025E+02    3.8417E-06    6.9593E-07    2.5184E-01   -2.3459E-01    3.3694E+00    2.1500E-04
1.6347E+01  9.8000E-02 2.0988E+02    3.8057E-06    5.6969E-07    2.2337E-01   -2.0790E-01    3.2826E+00    2.1500E-04
1.5804E+01  1.0688E-01 2.0956E+02    3.7731E-06    4.6041E-07    1.9837E-01   -1.6054E-01    3.2079E+00    2.1500E-04
1.5270E+01  1.1643E-01 2.0928E+02    3.7411E-06    3.6778E-07    1.7727E-01   -1.4315E-01    3.1448E+00    2.1500E-04
1.4744E+01  1.2666E-01 2.0905E+02    3.7098E-06    2.8997E-07    1.5979E-01   -1.3203E-01    3.0950E+00    2.1500E-04
1.4227E+01  1.3762E-01 2.0890E+02    3.6990E-06    2.2705E-07    1.4562E-01   -1.2597E-01    3.0624E+00    2.1500E-04
1.3718E+01  1.4934E-01 2.0885E+02    3.6793E-06    1.7381E-07    1.3375E-01   -1.2348E-01    3.0506E+00    2.1500E-04
1.3216E+01  1.6186E-01 2.0891E+02    3.6693E-06    1.3277E-07    1.2443E-01   -1.2127E-01    3.0633E+00    2.1500E-04
1.2723E+01  1.7520E-01 2.0909E+02    3.6600E-06    1.0487E-07    1.1763E-01   -1.1613E-01    3.1037E+00    2.1500E-04
1.2236E+01  1.8940E-01 2.0941E+02    3.6659E-06    8.6963E-08    1.1296E-01   -1.0869E-01    3.1749E+00    2.1500E-04
1.1757E+01  2.0450E-01 2.0980E+02    3.8766E-06    7.2998E-08    1.1047E-01   -1.0219E-01    3.2642E+00    2.1500E-04
1.1285E+01  2.2052E-01 2.1033E+02    4.7439E-06    6.2804E-08    1.1176E-01   -1.1013E-01    3.3873E+00    2.1500E-04
1.0820E+01  2.3749E-01 2.1091E+02    5.6711E-06    5.6820E-08    1.1302E-01   -9.2117E-02    3.5277E+00    2.1500E-04
1.0361E+01  2.5546E-01 2.1167E+02    6.3152E-06    5.3182E-08    1.1560E-01   -3.9625E-02    3.7197E+00    2.1500E-04
9.9075E+00  2.7443E-01 2.1287E+02    7.4804E-06    5.0402E-08    1.2037E-01   -1.0815E-01    4.0404E+00    2.1500E-04
9.4572E+00  2.9444E-01 2.1666E+02    1.2452E-05    4.7907E-08    1.4211E-01   -4.3128E-01    5.2029E+00    2.1500E-04
9.0067E+00  3.1551E-01 2.2101E+02    2.1828E-05    4.5572E-08    1.7971E-01   -8.3768E-01    6.2544E+00    2.1500E-04
8.5557E+00  3.3767E-01 2.2532E+02    3.7318E-05    4.3316E-08    2.3079E-01   -1.2550E+00    7.4514E+00    2.1500E-04
8.1046E+00  3.6092E-01 2.2960E+02    6.2189E-05    4.1092E-08    2.9282E-01   -1.6368E+00    8.7976E+00    2.1500E-04
7.6539E+00  3.8530E-01 2.3380E+02    1.0094E-04    3.8931E-08    3.6047E-01   -1.9331E+00    1.0292E+01    2.1500E-04
7.2040E+00  4.1079E-01 2.3792E+02    1.5944E-04    3.6776E-08    4.3100E-01   -2.1337E+00    1.1928E+01    2.1500E-04
6.7554E+00  4.3743E-01 2.4192E+02    2.4487E-04    3.4628E-08    5.0709E-01   -2.2649E+00    1.3694E+01    2.1500E-04
6.3087E+00  4.6520E-01 2.4577E+02    3.6549E-04    3.2654E-08    5.8461E-01   -2.3158E+00    1.5573E+01    2.1500E-04
5.8643E+00  4.9412E-01 2.4946E+02    5.3011E-04    3.0692E-08    6.4978E-01   -2.3193E+00    1.7541E+01    2.1500E-04
5.4230E+00  5.2417E-01 2.5297E+02    7.4753E-04    2.8745E-08    6.9588E-01   -2.2996E+00    1.9578E+01    2.1500E-04
4.9852E+00  5.5535E-01 2.5630E+02    1.0260E-03    2.6870E-08    7.2898E-01   -2.2807E+00    2.1660E+01    2.1500E-04
4.5516E+00  5.8764E-01 2.5943E+02    1.3727E-03    2.5047E-08    7.5564E-01   -2.2366E+00    2.3767E+01    2.1500E-04
4.1226E+00  6.2102E-01 2.6238E+02    1.7938E-03    2.3302E-08    7.7569E-01   -2.1728E+00    2.5883E+01    2.1500E-04
3.6989E+00  6.5548E-01 2.6515E+02    2.2942E-03    2.1710E-08    7.8633E-01   -2.1055E+00    2.7995E+01    2.1500E-04
3.2807E+00  6.9097E-01 2.6775E+02    2.8776E-03    2.0207E-08    7.8776E-01   -2.0105E+00    3.0092E+01    2.1500E-04
2.8687E+00  7.2747E-01 2.7020E+02    3.5467E-03    1.8791E-08    7.8304E-01   -1.8612E+00    3.2168E+01    2.1500E-04
2.4631E+00  7.6494E-01 2.7251E+02    4.3034E-03    1.7524E-08    7.7513E-01   -1.7105E+00    3.4218E+01    2.1500E-04
2.0642E+00  8.0331E-01 2.7487E+02    5.2199E-03    1.6405E-08    7.6998E-01   -1.6164E+00    3.6420E+01    2.1500E-04
1.6723E+00  8.4255E-01 2.7716E+02    6.1167E-03    1.5424E-08    7.4995E-01   -1.5299E+00    3.8647E+01    2.1500E-04
1.2875E+00  8.8260E-01 2.7935E+02    7.1473E-03    1.4580E-08    7.3433E-01   -1.5240E+00    4.0878E+01    2.1500E-04
9.1014E-01  9.2338E-01 2.8142E+02    8.2580E-03    1.3882E-08    7.2231E-01   -1.5912E+00    4.3080E+01    2.1500E-04
5.4058E-01  9.6483E-01 2.8341E+02    9.3677E-03    1.3302E-08    7.1635E-01   -1.7784E+00    4.5266E+01    2.1500E-04
1.7904E-01  1.0069E+00 2.8530E+02    1.0728E-02    1.2804E-08    7.3662E-01   -2.0325E+00    4.7428E+01    2.1500E-04
0.0000E+00  1.0283E+00 2.8625E+02    1.1409E-02    1.2900E-08    7.9160E+00   -3.5318E+00    4.8540E+01    2.1500E-04
