     ALT          P          T          FH2O           O3           THEAT        TCOOL        PSATCO2        FCO2
7.3797E+01  3.2610E-05 2.2346E+02    4.4722E-06    9.0557E-08    3.6775E+01   -7.0612E+01    6.9156E+00    2.1600E-04
7.2665E+01  3.8506E-05 2.2484E+02    4.6749E-06    1.1551E-07    5.1570E+00   -4.5547E+01    7.3092E+00    2.1600E-04
7.1535E+01  4.5410E-05 2.2628E+02    4.8613E-06    1.4897E-07    2.5384E+00   -2.8670E+01    7.7382E+00    2.1600E-04
7.0407E+01  5.3486E-05 2.2779E+02    5.0293E-06    1.8921E-07    2.4614E+00   -1.8010E+01    8.2074E+00    2.1600E-04
6.9280E+01  6.2918E-05 2.2936E+02    5.1772E-06    2.3418E-07    2.6507E+00   -1.1743E+01    8.7178E+00    2.1600E-04
6.8154E+01  7.3920E-05 2.3098E+02    5.3027E-06    2.8133E-07    2.8694E+00   -8.3094E+00    9.2684E+00    2.1600E-04
6.7030E+01  8.6736E-05 2.3263E+02    5.4230E-06    3.2897E-07    3.0925E+00   -6.5651E+00    9.8575E+00    2.1600E-04
6.5907E+01  1.0165E-04 2.3431E+02    5.5254E-06    3.8084E-07    3.3369E+00   -5.7393E+00    1.0483E+01    2.1600E-04
6.4785E+01  1.1897E-04 2.3600E+02    5.6181E-06    4.3673E-07    3.6149E+00   -5.4157E+00    1.1142E+01    2.1600E-04
6.3665E+01  1.3907E-04 2.3769E+02    5.6977E-06    4.9950E-07    3.9272E+00   -5.3458E+00    1.1833E+01    2.1600E-04
6.2546E+01  1.6236E-04 2.3938E+02    5.7730E-06    5.6904E-07    4.2724E+00   -5.4015E+00    1.2552E+01    2.1600E-04
6.1429E+01  1.8932E-04 2.4106E+02    5.8400E-06    6.4681E-07    4.6524E+00   -5.5224E+00    1.3299E+01    2.1600E-04
6.0314E+01  2.2047E-04 2.4272E+02    5.8980E-06    7.3197E-07    5.0582E+00   -5.6785E+00    1.4072E+01    2.1600E-04
5.9200E+01  2.5642E-04 2.4437E+02    5.9525E-06    8.2556E-07    5.4872E+00   -5.8604E+00    1.4870E+01    2.1600E-04
5.8089E+01  2.9786E-04 2.4600E+02    5.9970E-06    9.2882E-07    5.9342E+00   -6.0592E+00    1.5692E+01    2.1600E-04
5.6981E+01  3.4556E-04 2.4762E+02    6.0413E-06    1.0381E-06    6.3772E+00   -6.2721E+00    1.6540E+01    2.1600E-04
5.5875E+01  4.0040E-04 2.4923E+02    6.0778E-06    1.1665E-06    6.8511E+00   -6.4956E+00    1.7414E+01    2.1600E-04
5.4772E+01  4.6335E-04 2.5083E+02    6.1099E-06    1.2992E-06    7.2884E+00   -6.7101E+00    1.8314E+01    2.1600E-04
5.3671E+01  5.3552E-04 2.5241E+02    6.1419E-06    1.4548E-06    7.7381E+00   -6.9192E+00    1.9241E+01    2.1600E-04
5.2574E+01  6.1816E-04 2.5399E+02    6.1638E-06    1.6302E-06    8.1656E+00   -7.1218E+00    2.0197E+01    2.1600E-04
5.1480E+01  7.1265E-04 2.5555E+02    6.1800E-06    1.8210E-06    8.5289E+00   -7.3109E+00    2.1182E+01    2.1600E-04
5.0390E+01  8.2055E-04 2.5711E+02    6.1900E-06    2.0349E-06    8.8300E+00   -7.4871E+00    2.2196E+01    2.1600E-04
4.9303E+01  9.4360E-04 2.5867E+02    6.2000E-06    2.2720E-06    9.0462E+00   -7.6553E+00    2.3241E+01    2.1600E-04
4.8219E+01  1.0837E-03 2.6021E+02    6.2000E-06    2.5313E-06    9.1605E+00   -7.9214E+00    2.4317E+01    2.1600E-04
4.7140E+01  1.2431E-03 2.6185E+02    6.1974E-06    2.8027E-06    9.1343E+00   -8.2506E+00    2.5498E+01    2.1600E-04
4.6064E+01  1.4241E-03 2.6323E+02    6.1859E-06    3.1003E-06    8.9893E+00   -8.4535E+00    2.6518E+01    2.1600E-04
4.4995E+01  1.6294E-03 2.6398E+02    6.1645E-06    3.4266E-06    8.7292E+00   -8.4263E+00    2.7087E+01    2.1600E-04
4.3934E+01  1.8620E-03 2.6399E+02    6.1266E-06    3.7728E-06    8.3466E+00   -8.1726E+00    2.7099E+01    2.1600E-04
4.2885E+01  2.1251E-03 2.6329E+02    6.0870E-06    4.1221E-06    7.8487E+00   -7.7501E+00    2.6567E+01    2.1600E-04
4.1851E+01  2.4222E-03 2.6197E+02    6.0349E-06    4.4534E-06    7.2655E+00   -7.2237E+00    2.5583E+01    2.1600E-04
4.0832E+01  2.7575E-03 2.6015E+02    5.9738E-06    4.7519E-06    6.6467E+00   -6.6507E+00    2.4276E+01    2.1600E-04
3.9832E+01  3.1353E-03 2.5798E+02    5.9051E-06    4.9959E-06    6.0313E+00   -6.0696E+00    2.2776E+01    2.1600E-04
3.8851E+01  3.5602E-03 2.5557E+02    5.8265E-06    5.1951E-06    5.4655E+00   -5.5119E+00    2.1191E+01    2.1600E-04
3.7889E+01  4.0377E-03 2.5300E+02    5.7420E-06    5.3531E-06    4.9646E+00   -4.9992E+00    1.9594E+01    2.1600E-04
3.6946E+01  4.5735E-03 2.5033E+02    5.6577E-06    5.4786E-06    4.5288E+00   -4.5451E+00    1.8032E+01    2.1600E-04
3.6024E+01  5.1738E-03 2.4761E+02    5.5655E-06    5.5744E-06    4.1479E+00   -4.1463E+00    1.6533E+01    2.1600E-04
3.5121E+01  5.8455E-03 2.4486E+02    5.4652E-06    5.6517E-06    3.8124E+00   -3.8014E+00    1.5115E+01    2.1600E-04
3.4238E+01  6.5962E-03 2.4213E+02    5.3663E-06    5.7112E-06    3.5099E+00   -3.4974E+00    1.3792E+01    2.1600E-04
3.3374E+01  7.4338E-03 2.3944E+02    5.2626E-06    5.7458E-06    3.2287E+00   -3.2193E+00    1.2578E+01    2.1600E-04
3.2529E+01  8.3673E-03 2.3683E+02    5.1712E-06    5.7452E-06    2.9612E+00   -2.9576E+00    1.1480E+01    2.1600E-04
3.1701E+01  9.4061E-03 2.3437E+02    5.0720E-06    5.7147E-06    2.7073E+00   -2.7090E+00    1.0506E+01    2.1600E-04
3.0892E+01  1.0561E-02 2.3208E+02    4.9748E-06    5.6424E-06    2.4635E+00   -2.5017E+00    9.6583E+00    2.1600E-04
3.0098E+01  1.1842E-02 2.2999E+02    4.8696E-06    5.5194E-06    2.2295E+00   -2.2535E+00    8.9310E+00    2.1600E-04
2.9321E+01  1.3262E-02 2.2811E+02    4.7764E-06    5.3527E-06    2.0100E+00   -2.0212E+00    8.3113E+00    2.1600E-04
2.8558E+01  1.4833E-02 2.2643E+02    4.6848E-06    5.1425E-06    1.8073E+00   -1.8071E+00    7.7828E+00    2.1600E-04
2.7809E+01  1.6570E-02 2.2491E+02    4.5951E-06    4.9034E-06    1.6250E+00   -1.6131E+00    7.3290E+00    2.1600E-04
2.7074E+01  1.8487E-02 2.2353E+02    4.5068E-06    4.6260E-06    1.4610E+00   -1.4406E+00    6.9342E+00    2.1600E-04
2.6352E+01  2.0600E-02 2.2226E+02    4.4202E-06    4.3354E-06    1.3180E+00   -1.2897E+00    6.5851E+00    2.1600E-04
2.5642E+01  2.2925E-02 2.2107E+02    4.3351E-06    4.0345E-06    1.1934E+00   -1.1588E+00    6.2707E+00    2.1600E-04
2.4944E+01  2.5480E-02 2.1994E+02    4.2514E-06    3.7275E-06    1.0837E+00   -1.0455E+00    5.9829E+00    2.1600E-04
2.4258E+01  2.8285E-02 2.1886E+02    4.1693E-06    3.4174E-06    9.8555E-01   -9.4605E-01    5.7160E+00    2.1600E-04
2.3584E+01  3.1359E-02 2.1781E+02    4.0884E-06    3.1194E-06    8.9746E-01   -8.5616E-01    5.4664E+00    2.1600E-04
2.2922E+01  3.4723E-02 2.1679E+02    4.0090E-06    2.8281E-06    8.1580E-01   -7.7331E-01    5.2322E+00    2.1600E-04
2.2271E+01  3.8399E-02 2.1581E+02    3.9408E-06    2.5534E-06    7.3980E-01   -6.9603E-01    4.9270E+00    2.1600E-04
2.1631E+01  4.2411E-02 2.1486E+02    3.8642E-06    2.2832E-06    6.6657E-01   -6.2388E-01    4.6239E+00    2.1600E-04
2.1002E+01  4.6784E-02 2.1395E+02    3.7888E-06    2.0294E-06    5.9747E-01   -5.5632E-01    4.3503E+00    2.1600E-04
2.0383E+01  5.1542E-02 2.1311E+02    3.7223E-06    1.7951E-06    5.3317E-01   -4.9282E-01    4.1061E+00    2.1600E-04
1.9776E+01  5.6713E-02 2.1232E+02    3.6616E-06    1.5756E-06    4.7319E-01   -4.3310E-01    3.8905E+00    2.1600E-04
1.9178E+01  6.2323E-02 2.1160E+02    3.5919E-06    1.3630E-06    4.1687E-01   -3.7738E-01    3.7024E+00    2.1600E-04
1.8590E+01  6.8403E-02 2.1096E+02    3.5332E-06    1.1741E-06    3.6698E-01   -3.2423E-01    3.5396E+00    2.1600E-04
1.8013E+01  7.4981E-02 2.1038E+02    3.4804E-06    9.9607E-07    3.2212E-01   -2.7648E-01    3.3997E+00    2.1600E-04
1.7444E+01  8.2087E-02 2.0987E+02    3.4288E-06    8.3807E-07    2.8335E-01   -2.3380E-01    3.2797E+00    2.1600E-04
1.6885E+01  8.9755E-02 2.0942E+02    3.3804E-06    6.9707E-07    2.5011E-01   -1.9862E-01    3.1771E+00    2.1600E-04
1.6335E+01  9.8015E-02 2.0903E+02    3.3449E-06    5.7094E-07    2.2169E-01   -1.7317E-01    3.0898E+00    2.1600E-04
1.5794E+01  1.0690E-01 2.0869E+02    3.3124E-06    4.6052E-07    1.9656E-01   -1.2690E-01    3.0154E+00    2.1600E-04
1.5262E+01  1.1644E-01 2.0840E+02    3.2806E-06    3.6747E-07    1.7545E-01   -1.1218E-01    2.9535E+00    2.1600E-04
1.4738E+01  1.2668E-01 2.0817E+02    3.2595E-06    2.9015E-07    1.5813E-01   -1.0358E-01    2.9057E+00    2.1600E-04
1.4223E+01  1.3764E-01 2.0802E+02    3.2389E-06    2.2764E-07    1.4401E-01   -9.8761E-02    2.8750E+00    2.1600E-04
1.3716E+01  1.4936E-01 2.0797E+02    3.2193E-06    1.7463E-07    1.3218E-01   -9.7468E-02    2.8643E+00    2.1600E-04
1.3217E+01  1.6188E-01 2.0805E+02    3.2093E-06    1.3285E-07    1.2279E-01   -9.8416E-02    2.8807E+00    2.1600E-04
1.2725E+01  1.7522E-01 2.0824E+02    3.2005E-06    1.0502E-07    1.1602E-01   -9.3622E-02    2.9205E+00    2.1600E-04
1.2241E+01  1.8943E-01 2.0855E+02    3.2136E-06    8.7240E-08    1.1164E-01   -8.5731E-02    2.9869E+00    2.1600E-04
1.1763E+01  2.0453E-01 2.0895E+02    3.8959E-06    7.3303E-08    1.1148E-01   -9.6455E-02    3.0734E+00    2.1600E-04
1.1293E+01  2.2055E-01 2.0951E+02    4.4141E-06    6.3007E-08    1.1223E-01   -9.3947E-02    3.1978E+00    2.1600E-04
1.0829E+01  2.3753E-01 2.1013E+02    5.0965E-06    5.7041E-08    1.1256E-01   -7.5766E-02    3.3412E+00    2.1600E-04
1.0371E+01  2.5550E-01 2.1122E+02    5.9381E-06    5.3297E-08    1.1484E-01   -3.2842E-02    3.6058E+00    2.1600E-04
9.9188E+00  2.7447E-01 2.1264E+02    7.2516E-06    5.0480E-08    1.2085E-01   -1.3344E-01    3.9777E+00    2.1600E-04
9.4683E+00  2.9449E-01 2.1694E+02    1.2913E-05    4.7978E-08    1.4623E-01   -5.0549E-01    5.2664E+00    2.1600E-04
9.0171E+00  3.1557E-01 2.2129E+02    2.2616E-05    4.5634E-08    1.8543E-01   -9.0761E-01    6.3284E+00    2.1600E-04
8.5655E+00  3.3772E-01 2.2561E+02    3.8628E-05    4.3375E-08    2.3753E-01   -1.3175E+00    7.5368E+00    2.1600E-04
8.1137E+00  3.6098E-01 2.2989E+02    6.4306E-05    4.1116E-08    3.0009E-01   -1.6880E+00    8.8950E+00    2.1600E-04
7.6623E+00  3.8536E-01 2.3409E+02    1.0426E-04    3.8880E-08    3.6777E-01   -1.9717E+00    1.0402E+01    2.1600E-04
7.2118E+00  4.1086E-01 2.3821E+02    1.6446E-04    3.6729E-08    4.3824E-01   -2.1621E+00    1.2050E+01    2.1600E-04
6.7626E+00  4.3750E-01 2.4220E+02    2.5221E-04    3.4665E-08    5.1441E-01   -2.2853E+00    1.3827E+01    2.1600E-04
6.3152E+00  4.6528E-01 2.4605E+02    3.7585E-04    3.2599E-08    5.9145E-01   -2.3296E+00    1.5715E+01    2.1600E-04
5.8703E+00  4.9420E-01 2.4973E+02    5.4422E-04    3.0622E-08    6.5539E-01   -2.3301E+00    1.7692E+01    2.1600E-04
5.4284E+00  5.2426E-01 2.5323E+02    7.6612E-04    2.8672E-08    7.0026E-01   -2.3078E+00    1.9734E+01    2.1600E-04
4.9901E+00  5.5544E-01 2.5654E+02    1.0497E-03    2.6793E-08    7.3264E-01   -2.2874E+00    2.1821E+01    2.1600E-04
4.5560E+00  5.8774E-01 2.5966E+02    1.4022E-03    2.4969E-08    7.5881E-01   -2.2405E+00    2.3931E+01    2.1600E-04
4.1265E+00  6.2113E-01 2.6260E+02    1.8295E-03    2.3220E-08    7.7821E-01   -2.1754E+00    2.6049E+01    2.1600E-04
3.7023E+00  6.5559E-01 2.6536E+02    2.3366E-03    2.1615E-08    7.8808E-01   -2.1065E+00    2.8162E+01    2.1600E-04
3.2837E+00  6.9110E-01 2.6795E+02    2.9270E-03    2.0026E-08    7.8886E-01   -2.0079E+00    3.0259E+01    2.1600E-04
2.8713E+00  7.2760E-01 2.7039E+02    3.6034E-03    1.8678E-08    7.8368E-01   -1.8537E+00    3.2335E+01    2.1600E-04
2.4653E+00  7.6507E-01 2.7269E+02    4.3677E-03    1.7432E-08    7.7541E-01   -1.7047E+00    3.4384E+01    2.1600E-04
2.0661E+00  8.0346E-01 2.7507E+02    5.2963E-03    1.6311E-08    7.7012E-01   -1.6159E+00    3.6610E+01    2.1600E-04
1.6737E+00  8.4271E-01 2.7735E+02    6.1903E-03    1.5328E-08    7.4887E-01   -1.5282E+00    3.8838E+01    2.1600E-04
1.2886E+00  8.8276E-01 2.7953E+02    7.2442E-03    1.4483E-08    7.3422E-01   -1.5288E+00    4.1071E+01    2.1600E-04
9.1093E-01  9.2355E-01 2.8160E+02    8.3513E-03    1.3784E-08    7.2151E-01   -1.5971E+00    4.3274E+01    2.1600E-04
5.4104E-01  9.6501E-01 2.8358E+02    9.4912E-03    1.3203E-08    7.1694E-01   -1.7918E+00    4.5464E+01    2.1600E-04
1.7919E-01  1.0071E+00 2.8547E+02    1.0847E-02    1.2704E-08    7.3644E-01   -2.0433E+00    4.7626E+01    2.1600E-04
0.0000E+00  1.0284E+00 2.8641E+02    1.1526E-02    1.2800E-08    7.9097E+00   -3.5186E+00    4.8738E+01    2.1600E-04
