     ALT          P          T          FH2O           O3           THEAT        TCOOL        PSATCO2        FCO2
7.3779E+01  3.2610E-05 2.2299E+02    5.0533E-06    8.6739E-08    3.6678E+01   -6.9813E+01    6.7850E+00    2.1400E-04
7.2650E+01  3.8505E-05 2.2436E+02    5.2796E-06    1.1146E-07    5.1903E+00   -4.5402E+01    7.1716E+00    2.1400E-04
7.1522E+01  4.5410E-05 2.2580E+02    5.4906E-06    1.4303E-07    2.5207E+00   -2.8875E+01    7.5929E+00    2.1400E-04
7.0397E+01  5.3485E-05 2.2730E+02    5.6762E-06    1.8249E-07    2.4301E+00   -1.8365E+01    8.0543E+00    2.1400E-04
6.9273E+01  6.2917E-05 2.2887E+02    5.8367E-06    2.2601E-07    2.6111E+00   -1.2123E+01    8.5564E+00    2.1400E-04
6.8150E+01  7.3918E-05 2.3048E+02    5.9819E-06    2.7104E-07    2.8199E+00   -8.6792E+00    9.0983E+00    2.1400E-04
6.7028E+01  8.6734E-05 2.3213E+02    6.1164E-06    3.1811E-07    3.0393E+00   -6.9014E+00    9.6784E+00    2.1400E-04
6.5908E+01  1.0164E-04 2.3381E+02    6.2341E-06    3.6754E-07    3.2728E+00   -6.0430E+00    1.0295E+01    2.1400E-04
6.4789E+01  1.1897E-04 2.3550E+02    6.3368E-06    4.2288E-07    3.5471E+00   -5.6847E+00    1.0945E+01    2.1400E-04
6.3671E+01  1.3907E-04 2.3719E+02    6.4262E-06    4.8357E-07    3.8502E+00   -5.5776E+00    1.1626E+01    2.1400E-04
6.2555E+01  1.6236E-04 2.3888E+02    6.5116E-06    5.5223E-07    4.1910E+00   -5.6002E+00    1.2336E+01    2.1400E-04
6.1440E+01  1.8931E-04 2.4056E+02    6.5885E-06    6.2801E-07    4.5627E+00   -5.6862E+00    1.3074E+01    2.1400E-04
6.0328E+01  2.2046E-04 2.4222E+02    6.6553E-06    7.1176E-07    4.9633E+00   -5.8079E+00    1.3837E+01    2.1400E-04
5.9217E+01  2.5641E-04 2.4387E+02    6.7120E-06    8.0387E-07    5.3878E+00   -5.9519E+00    1.4625E+01    2.1400E-04
5.8108E+01  2.9784E-04 2.4551E+02    6.7656E-06    9.0531E-07    5.8307E+00   -6.1164E+00    1.5439E+01    2.1400E-04
5.7002E+01  3.4554E-04 2.4713E+02    6.8148E-06    1.0144E-06    6.2780E+00   -6.2950E+00    1.6277E+01    2.1400E-04
5.5899E+01  4.0037E-04 2.4873E+02    6.8540E-06    1.1418E-06    6.7543E+00   -6.4858E+00    1.7141E+01    2.1400E-04
5.4798E+01  4.6332E-04 2.5033E+02    6.8981E-06    1.2741E-06    7.1968E+00   -6.6784E+00    1.8031E+01    2.1400E-04
5.3700E+01  5.3549E-04 2.5192E+02    6.9220E-06    1.4268E-06    7.6418E+00   -6.8547E+00    1.8948E+01    2.1400E-04
5.2605E+01  6.1812E-04 2.5349E+02    6.9529E-06    1.5927E-06    8.0455E+00   -7.0310E+00    1.9893E+01    2.1400E-04
5.1513E+01  7.1260E-04 2.5506E+02    6.9747E-06    1.7820E-06    8.4173E+00   -7.2004E+00    2.0867E+01    2.1400E-04
5.0425E+01  8.2049E-04 2.5662E+02    6.9900E-06    1.9943E-06    8.7317E+00   -7.3608E+00    2.1870E+01    2.1400E-04
4.9341E+01  9.4352E-04 2.5817E+02    7.0000E-06    2.2296E-06    8.9622E+00   -7.5160E+00    2.2903E+01    2.1400E-04
4.8260E+01  1.0836E-03 2.5972E+02    7.0100E-06    2.4876E-06    9.0956E+00   -7.7663E+00    2.3968E+01    2.1400E-04
4.7182E+01  1.2430E-03 2.6134E+02    7.0086E-06    2.7685E-06    9.1115E+00   -8.0939E+00    2.5124E+01    2.1400E-04
4.6109E+01  1.4240E-03 2.6277E+02    6.9972E-06    3.0688E-06    8.9873E+00   -8.3298E+00    2.6172E+01    2.1400E-04
4.5041E+01  1.6293E-03 2.6362E+02    6.9758E-06    3.3958E-06    8.7366E+00   -8.3509E+00    2.6814E+01    2.1400E-04
4.3982E+01  1.8618E-03 2.6374E+02    6.9493E-06    3.7349E-06    8.3493E+00   -8.1376E+00    2.6903E+01    2.1400E-04
4.2934E+01  2.1248E-03 2.6312E+02    6.9074E-06    4.0865E-06    7.8599E+00   -7.7426E+00    2.6435E+01    2.1400E-04
4.1901E+01  2.4220E-03 2.6185E+02    6.8590E-06    4.4213E-06    7.2827E+00   -7.2325E+00    2.5496E+01    2.1400E-04
4.0883E+01  2.7572E-03 2.6007E+02    6.7980E-06    4.7224E-06    6.6645E+00   -6.6671E+00    2.4217E+01    2.1400E-04
3.9883E+01  3.1349E-03 2.5792E+02    6.7380E-06    4.9678E-06    6.0473E+00   -6.0900E+00    2.2733E+01    2.1400E-04
3.8902E+01  3.5598E-03 2.5551E+02    6.6621E-06    5.1794E-06    5.4860E+00   -5.5351E+00    2.1156E+01    2.1400E-04
3.7941E+01  4.0372E-03 2.5295E+02    6.5790E-06    5.3394E-06    4.9814E+00   -5.0218E+00    1.9563E+01    2.1400E-04
3.6999E+01  4.5729E-03 2.5028E+02    6.4948E-06    5.4701E-06    4.5440E+00   -4.5668E+00    1.8003E+01    2.1400E-04
3.6077E+01  5.1732E-03 2.4756E+02    6.4026E-06    5.5673E-06    4.1608E+00   -4.1666E+00    1.6506E+01    2.1400E-04
3.5174E+01  5.8448E-03 2.4482E+02    6.3024E-06    5.6546E-06    3.8270E+00   -3.8215E+00    1.5091E+01    2.1400E-04
3.4291E+01  6.5953E-03 2.4208E+02    6.2049E-06    5.7167E-06    3.5233E+00   -3.5175E+00    1.3772E+01    2.1400E-04
3.3428E+01  7.4329E-03 2.3940E+02    6.1077E-06    5.7529E-06    3.2410E+00   -3.2403E+00    1.2562E+01    2.1400E-04
3.2583E+01  8.3662E-03 2.3681E+02    6.0098E-06    5.7600E-06    2.9744E+00   -2.9795E+00    1.1470E+01    2.1400E-04
3.1756E+01  9.4049E-03 2.3436E+02    5.9106E-06    5.7303E-06    2.7194E+00   -2.7319E+00    1.0502E+01    2.1400E-04
3.0946E+01  1.0559E-02 2.3209E+02    5.8134E-06    5.6634E-06    2.4758E+00   -2.5247E+00    9.6610E+00    2.1400E-04
3.0153E+01  1.1840E-02 2.3002E+02    5.7162E-06    5.5403E-06    2.2407E+00   -2.2777E+00    8.9412E+00    2.1400E-04
2.9375E+01  1.3260E-02 2.2817E+02    5.6149E-06    5.3697E-06    2.0192E+00   -2.0457E+00    8.3295E+00    2.1400E-04
2.8612E+01  1.4831E-02 2.2651E+02    5.5233E-06    5.1581E-06    1.8155E+00   -1.8327E+00    7.8100E+00    2.1400E-04
2.7863E+01  1.6568E-02 2.2503E+02    5.4335E-06    4.9178E-06    1.6324E+00   -1.6402E+00    7.3657E+00    2.1400E-04
2.7128E+01  1.8484E-02 2.2369E+02    5.3452E-06    4.6400E-06    1.4679E+00   -1.4692E+00    6.9812E+00    2.1400E-04
2.6405E+01  2.0596E-02 2.2247E+02    5.2584E-06    4.3507E-06    1.3247E+00   -1.3198E+00    6.6429E+00    2.1400E-04
2.5694E+01  2.2921E-02 2.2133E+02    5.1732E-06    4.0446E-06    1.1988E+00   -1.1909E+00    6.3396E+00    2.1400E-04
2.4996E+01  2.5476E-02 2.2026E+02    5.0893E-06    3.7363E-06    1.0887E+00   -1.0796E+00    6.0630E+00    2.1400E-04
2.4309E+01  2.8280E-02 2.1923E+02    5.0070E-06    3.4262E-06    9.9053E-01   -9.8215E-01    5.8073E+00    2.1400E-04
2.3634E+01  3.1353E-02 2.1824E+02    4.9259E-06    3.1273E-06    9.0232E-01   -8.9437E-01    5.5686E+00    2.1400E-04
2.2970E+01  3.4717E-02 2.1728E+02    4.8463E-06    2.8346E-06    8.2044E-01   -8.1360E-01    5.3448E+00    2.1400E-04
2.2318E+01  3.8393E-02 2.1636E+02    4.7680E-06    2.5572E-06    7.4405E-01   -7.3795E-01    5.1115E+00    2.1400E-04
2.1676E+01  4.2404E-02 2.1547E+02    4.6910E-06    2.2874E-06    6.7089E-01   -6.6760E-01    4.8180E+00    2.1400E-04
2.1045E+01  4.6776E-02 2.1463E+02    4.6194E-06    2.0298E-06    6.0128E-01   -6.0248E-01    4.5529E+00    2.1400E-04
2.0425E+01  5.1533E-02 2.1384E+02    4.5508E-06    1.7940E-06    5.3667E-01   -5.4097E-01    4.3166E+00    2.1400E-04
1.9815E+01  5.6702E-02 2.1312E+02    4.4777E-06    1.5721E-06    4.7636E-01   -4.8281E-01    4.1088E+00    2.1400E-04
1.9216E+01  6.2312E-02 2.1246E+02    4.4165E-06    1.3673E-06    4.2107E-01   -4.2793E-01    3.9285E+00    2.1400E-04
1.8626E+01  6.8390E-02 2.1188E+02    4.3574E-06    1.1706E-06    3.7012E-01   -3.7750E-01    3.7740E+00    2.1400E-04
1.8045E+01  7.4967E-02 2.1137E+02    4.2994E-06    9.9782E-07    3.2581E-01   -3.2944E-01    3.6426E+00    2.1400E-04
1.7474E+01  8.2072E-02 2.1092E+02    4.2423E-06    8.3949E-07    2.8694E-01   -2.8684E-01    3.5315E+00    2.1400E-04
1.6913E+01  8.9738E-02 2.1054E+02    4.1929E-06    6.9824E-07    2.5357E-01   -2.5147E-01    3.4376E+00    2.1400E-04
1.6360E+01  9.7996E-02 2.1021E+02    4.1565E-06    5.7248E-07    2.2512E-01   -2.2500E-01    3.3588E+00    2.1400E-04
1.5816E+01  1.0688E-01 2.0992E+02    4.1239E-06    4.6189E-07    1.9989E-01   -1.7877E-01    3.2923E+00    2.1400E-04
1.5280E+01  1.1642E-01 2.0969E+02    4.0918E-06    3.6860E-07    1.7866E-01   -1.6174E-01    3.2373E+00    2.1400E-04
1.4753E+01  1.2665E-01 2.0950E+02    4.0602E-06    2.9137E-07    1.6122E-01   -1.5032E-01    3.1953E+00    2.1400E-04
1.4235E+01  1.3761E-01 2.0939E+02    4.0397E-06    2.2812E-07    1.4695E-01   -1.4381E-01    3.1697E+00    2.1400E-04
1.3725E+01  1.4933E-01 2.0936E+02    4.0295E-06    1.7452E-07    1.3505E-01   -1.4162E-01    3.1642E+00    2.1400E-04
1.3222E+01  1.6185E-01 2.0945E+02    4.0194E-06    1.3315E-07    1.2567E-01   -1.3968E-01    3.1830E+00    2.1400E-04
1.2727E+01  1.7519E-01 2.0964E+02    4.0095E-06    1.0506E-07    1.1883E-01   -1.3406E-01    3.2279E+00    2.1400E-04
1.2240E+01  1.8939E-01 2.0995E+02    4.0046E-06    8.7153E-08    1.1409E-01   -1.2427E-01    3.2994E+00    2.1400E-04
1.1759E+01  2.0448E-01 2.1037E+02    4.2160E-06    7.3037E-08    1.1155E-01   -1.2108E-01    3.3980E+00    2.1400E-04
1.1286E+01  2.2050E-01 2.1085E+02    5.1278E-06    6.2709E-08    1.1298E-01   -1.2872E-01    3.5138E+00    2.1400E-04
1.0819E+01  2.3748E-01 2.1143E+02    5.8000E-06    5.6790E-08    1.1513E-01   -1.0586E-01    3.6570E+00    2.1400E-04
1.0359E+01  2.5544E-01 2.1204E+02    6.6556E-06    5.3085E-08    1.1625E-01   -5.9710E-02    3.8149E+00    2.1400E-04
9.9051E+00  2.7441E-01 2.1343E+02    8.0643E-06    5.0281E-08    1.2166E-01   -1.1545E-01    4.1970E+00    2.1400E-04
9.4543E+00  2.9442E-01 2.1657E+02    1.2308E-05    4.7845E-08    1.3984E-01   -3.7686E-01    5.1828E+00    2.1400E-04
9.0040E+00  3.1550E-01 2.2092E+02    2.1583E-05    4.5553E-08    1.7637E-01   -7.8961E-01    6.2310E+00    2.1400E-04
8.5532E+00  3.3765E-01 2.2523E+02    3.6911E-05    4.3298E-08    2.2699E-01   -1.2135E+00    7.4244E+00    2.1400E-04
8.1023E+00  3.6090E-01 2.2950E+02    6.1531E-05    4.1076E-08    2.8887E-01   -1.6042E+00    8.7668E+00    2.1400E-04
7.6518E+00  3.8527E-01 2.3371E+02    9.9908E-05    3.8916E-08    3.5671E-01   -1.9098E+00    1.0257E+01    2.1400E-04
7.2020E+00  4.1077E-01 2.3783E+02    1.5787E-04    3.6773E-08    4.2759E-01   -2.1179E+00    1.1890E+01    2.1400E-04
6.7536E+00  4.3740E-01 2.4182E+02    2.4257E-04    3.4716E-08    5.0398E-01   -2.2544E+00    1.3652E+01    2.1400E-04
6.3070E+00  4.6518E-01 2.4568E+02    3.6223E-04    3.2654E-08    5.8184E-01   -2.3091E+00    1.5527E+01    2.1400E-04
5.8629E+00  4.9409E-01 2.4937E+02    5.2567E-04    3.0683E-08    6.4754E-01   -2.3145E+00    1.7494E+01    2.1400E-04
5.4217E+00  5.2414E-01 2.5289E+02    7.4167E-04    2.8737E-08    6.9416E-01   -2.2961E+00    1.9528E+01    2.1400E-04
4.9841E+00  5.5531E-01 2.5622E+02    1.0185E-03    2.6863E-08    7.2759E-01   -2.2780E+00    2.1608E+01    2.1400E-04
4.5506E+00  5.8760E-01 2.5935E+02    1.3634E-03    2.5083E-08    7.5448E-01   -2.2350E+00    2.3715E+01    2.1400E-04
4.1217E+00  6.2099E-01 2.6231E+02    1.7825E-03    2.3370E-08    7.7478E-01   -2.1717E+00    2.5830E+01    2.1400E-04
3.6980E+00  6.5544E-01 2.6508E+02    2.2807E-03    2.1706E-08    7.8568E-01   -2.1049E+00    2.7941E+01    2.1400E-04
3.2800E+00  6.9093E-01 2.6769E+02    2.8618E-03    2.0204E-08    7.8733E-01   -2.0110E+00    3.0039E+01    2.1400E-04
2.8681E+00  7.2743E-01 2.7014E+02    3.5286E-03    1.8788E-08    7.8277E-01   -1.8629E+00    3.2115E+01    2.1400E-04
2.4626E+00  7.6489E-01 2.7245E+02    4.2828E-03    1.7522E-08    7.7503E-01   -1.7128E+00    3.4164E+01    2.1400E-04
2.0638E+00  8.0326E-01 2.7481E+02    5.1983E-03    1.6404E-08    7.7024E-01   -1.6190E+00    3.6366E+01    2.1400E-04
1.6719E+00  8.4250E-01 2.7710E+02    6.0960E-03    1.5423E-08    7.5051E-01   -1.5317E+00    3.8593E+01    2.1400E-04
1.2872E+00  8.8254E-01 2.7930E+02    7.1198E-03    1.4579E-08    7.3455E-01   -1.5235E+00    4.0824E+01    2.1400E-04
9.0996E-01  9.2332E-01 2.8137E+02    8.2315E-03    1.3882E-08    7.2270E-01   -1.5901E+00    4.3025E+01    2.1400E-04
5.4047E-01  9.6477E-01 2.8336E+02    9.3326E-03    1.3345E-08    7.1631E-01   -1.7751E+00    4.5210E+01    2.1400E-04
1.7901E-01  1.0068E+00 2.8525E+02    1.0694E-02    1.2917E-08    7.3679E-01   -2.0299E+00    4.7372E+01    2.1400E-04
0.0000E+00  1.0282E+00 2.8620E+02    1.1375E-02    1.3000E-08    7.9176E+00   -3.5359E+00    4.8483E+01    2.1400E-04
