     ALT          P          T          FH2O           O3           THEAT        TCOOL        PSATCO2        FCO2
7.2027E+01  3.2610E-05 2.2327E+02    2.8467E-06    1.6195E-07    3.6939E+01   -6.7699E+01    6.8623E+00    2.1100E-04
7.0896E+01  3.8507E-05 2.2465E+02    2.9592E-06    2.0562E-07    5.7283E+00   -4.3761E+01    7.2531E+00    2.1100E-04
6.9767E+01  4.5414E-05 2.2608E+02    3.0612E-06    2.6169E-07    3.1349E+00   -2.7443E+01    7.6786E+00    2.1100E-04
6.8640E+01  5.3491E-05 2.2759E+02    3.1525E-06    3.2808E-07    3.1825E+00   -1.6980E+01    8.1441E+00    2.1100E-04
6.7514E+01  6.2926E-05 2.2915E+02    3.2340E-06    4.0050E-07    3.5227E+00   -1.0778E+01    8.6501E+00    2.1100E-04
6.6389E+01  7.3931E-05 2.3077E+02    3.3142E-06    4.7387E-07    3.8883E+00   -7.3620E+00    9.1959E+00    2.1100E-04
6.5266E+01  8.6752E-05 2.3242E+02    3.3753E-06    5.4841E-07    4.2569E+00   -5.6174E+00    9.7795E+00    2.1100E-04
6.4144E+01  1.0167E-04 2.3409E+02    3.4343E-06    6.2542E-07    4.6362E+00   -4.8192E+00    1.0399E+01    2.1100E-04
6.3023E+01  1.1900E-04 2.3577E+02    3.4850E-06    7.0987E-07    5.0589E+00   -4.5503E+00    1.1052E+01    2.1100E-04
6.1904E+01  1.3911E-04 2.3746E+02    3.5358E-06    8.0285E-07    5.5192E+00   -4.5545E+00    1.1736E+01    2.1100E-04
6.0786E+01  1.6241E-04 2.3914E+02    3.5765E-06    9.0712E-07    6.0231E+00   -4.7002E+00    1.2448E+01    2.1100E-04
5.9670E+01  1.8938E-04 2.4081E+02    3.6071E-06    1.0210E-06    6.5587E+00   -4.9205E+00    1.3187E+01    2.1100E-04
5.8555E+01  2.2054E-04 2.4246E+02    3.6439E-06    1.1529E-06    7.1472E+00   -5.1975E+00    1.3951E+01    2.1100E-04
5.7443E+01  2.5652E-04 2.4411E+02    3.6683E-06    1.2926E-06    7.7371E+00   -5.5043E+00    1.4740E+01    2.1100E-04
5.6333E+01  2.9798E-04 2.4573E+02    3.6944E-06    1.4547E-06    8.3663E+00   -5.8431E+00    1.5553E+01    2.1100E-04
5.5226E+01  3.4571E-04 2.4734E+02    3.7146E-06    1.6354E-06    9.0023E+00   -6.2021E+00    1.6390E+01    2.1100E-04
5.4121E+01  4.0058E-04 2.4894E+02    3.7300E-06    1.8419E-06    9.6412E+00   -6.5760E+00    1.7252E+01    2.1100E-04
5.3019E+01  4.6357E-04 2.5052E+02    3.7449E-06    2.0730E-06    1.0251E+01   -6.9545E+00    1.8140E+01    2.1100E-04
5.1920E+01  5.3579E-04 2.5210E+02    3.7500E-06    2.3440E-06    1.0850E+01   -7.3169E+00    1.9055E+01    2.1100E-04
5.0824E+01  6.1849E-04 2.5366E+02    3.7500E-06    2.6645E-06    1.1423E+01   -7.6763E+00    1.9997E+01    2.1100E-04
4.9731E+01  7.1305E-04 2.5522E+02    3.7500E-06    3.0391E-06    1.1931E+01   -8.0293E+00    2.0967E+01    2.1100E-04
4.8642E+01  8.2103E-04 2.5676E+02    3.7450E-06    3.4871E-06    1.2364E+01   -8.3798E+00    2.1966E+01    2.1100E-04
4.7556E+01  9.4416E-04 2.5831E+02    3.7300E-06    4.0029E-06    1.2644E+01   -8.7842E+00    2.3001E+01    2.1100E-04
4.6474E+01  1.0844E-03 2.5996E+02    3.7054E-06    4.6293E-06    1.2808E+01   -9.3012E+00    2.4138E+01    2.1100E-04
4.5396E+01  1.2439E-03 2.6123E+02    3.6712E-06    5.3980E-06    1.2828E+01   -9.6821E+00    2.5042E+01    2.1100E-04
4.4325E+01  1.4251E-03 2.6163E+02    3.6321E-06    6.3472E-06    1.2669E+01   -9.7223E+00    2.5335E+01    2.1100E-04
4.3265E+01  1.6306E-03 2.6096E+02    3.5802E-06    7.4337E-06    1.2229E+01   -9.3622E+00    2.4847E+01    2.1100E-04
4.2220E+01  1.8633E-03 2.5920E+02    3.5133E-06    8.5034E-06    1.1438E+01   -8.6373E+00    2.3608E+01    2.1100E-04
4.1194E+01  2.1266E-03 2.5650E+02    3.4467E-06    9.4010E-06    1.0397E+01   -7.6683E+00    2.1795E+01    2.1100E-04
4.0190E+01  2.4241E-03 2.5310E+02    3.3739E-06    9.9751E-06    9.2465E+00   -6.5956E+00    1.9654E+01    2.1100E-04
3.9210E+01  2.7597E-03 2.4924E+02    3.2928E-06    1.0335E-05    8.1927E+00   -5.5573E+00    1.7417E+01    2.1100E-04
3.8255E+01  3.1378E-03 2.4514E+02    3.2091E-06    1.0400E-05    7.2152E+00   -4.6132E+00    1.5253E+01    2.1100E-04
3.7326E+01  3.5632E-03 2.4099E+02    3.1254E-06    1.0289E-05    6.3570E+00   -3.8147E+00    1.3271E+01    2.1100E-04
3.6422E+01  4.0412E-03 2.3693E+02    3.0434E-06    1.0122E-05    5.6315E+00   -3.1656E+00    1.1518E+01    2.1100E-04
3.5542E+01  4.5775E-03 2.3303E+02    2.9597E-06    9.8427E-06    4.9859E+00   -2.6478E+00    1.0004E+01    2.1100E-04
3.4685E+01  5.1784E-03 2.2935E+02    2.8799E-06    9.5296E-06    4.4272E+00   -2.2472E+00    8.7168E+00    2.1100E-04
3.3850E+01  5.8509E-03 2.2594E+02    2.7914E-06    9.1784E-06    3.9396E+00   -1.9412E+00    7.6348E+00    2.1100E-04
3.3036E+01  6.6024E-03 2.2280E+02    2.7146E-06    8.8127E-06    3.5174E+00   -1.7075E+00    6.7327E+00    2.1100E-04
3.2242E+01  7.4410E-03 2.1995E+02    2.6389E-06    8.4344E-06    3.1502E+00   -1.5237E+00    5.9859E+00    2.1100E-04
3.1465E+01  8.3755E-03 2.1740E+02    2.5648E-06    8.0405E-06    2.8275E+00   -1.3728E+00    5.3721E+00    2.1100E-04
3.0706E+01  9.4156E-03 2.1516E+02    2.4917E-06    7.6197E-06    2.5396E+00   -1.2448E+00    4.7173E+00    2.1100E-04
2.9962E+01  1.0571E-02 2.1321E+02    2.4201E-06    7.1906E-06    2.2828E+00   -1.1344E+00    4.1348E+00    2.1100E-04
2.9232E+01  1.1854E-02 2.1154E+02    2.3493E-06    6.7368E-06    2.0493E+00   -1.0008E+00    3.6874E+00    2.1100E-04
2.8516E+01  1.3276E-02 2.1014E+02    2.2879E-06    6.2842E-06    1.8398E+00   -8.7929E-01    3.3417E+00    2.1100E-04
2.7812E+01  1.4849E-02 2.0895E+02    2.2231E-06    5.8320E-06    1.6515E+00   -7.7030E-01    3.0722E+00    2.1100E-04
2.7120E+01  1.6588E-02 2.0794E+02    2.1637E-06    5.3797E-06    1.4823E+00   -6.7469E-01    2.8596E+00    2.1100E-04
2.6440E+01  1.8508E-02 2.0710E+02    2.1058E-06    4.9367E-06    1.3324E+00   -5.9234E-01    2.6895E+00    2.1100E-04
2.5769E+01  2.0623E-02 2.0637E+02    2.0515E-06    4.5163E-06    1.2020E+00   -5.2266E-01    2.5512E+00    2.1100E-04
2.5109E+01  2.2951E-02 2.0574E+02    1.9913E-06    4.1179E-06    1.0889E+00   -4.6416E-01    2.4364E+00    2.1100E-04
2.4459E+01  2.5510E-02 2.0519E+02    1.9402E-06    3.7423E-06    9.9047E-01   -4.1579E-01    2.3388E+00    2.1100E-04
2.3818E+01  2.8319E-02 2.0468E+02    1.8898E-06    3.3884E-06    9.0329E-01   -3.7482E-01    2.2536E+00    2.1100E-04
2.3186E+01  3.1397E-02 2.0422E+02    1.8399E-06    3.0527E-06    8.2405E-01   -3.3893E-01    2.1777E+00    2.1100E-04
2.2564E+01  3.4765E-02 2.0379E+02    1.7907E-06    2.7424E-06    7.5136E-01   -3.0545E-01    2.1089E+00    2.1100E-04
2.1951E+01  3.8447E-02 2.0339E+02    1.7423E-06    2.4518E-06    6.8288E-01   -2.7347E-01    2.0461E+00    2.1100E-04
2.1346E+01  4.2465E-02 2.0301E+02    1.6945E-06    2.1841E-06    6.1811E-01   -2.4210E-01    1.9887E+00    2.1100E-04
2.0751E+01  4.6844E-02 2.0266E+02    1.6481E-06    1.9364E-06    5.5642E-01   -2.1151E-01    1.9368E+00    2.1100E-04
2.0164E+01  5.1609E-02 2.0235E+02    1.6108E-06    1.7050E-06    4.9749E-01   -1.8251E-01    1.8909E+00    2.1100E-04
1.9586E+01  5.6787E-02 2.0207E+02    1.5687E-06    1.4903E-06    4.4181E-01   -1.5403E-01    1.8514E+00    2.1100E-04
1.9016E+01  6.2406E-02 2.0184E+02    1.5297E-06    1.2917E-06    3.9006E-01   -1.2629E-01    1.8186E+00    2.1100E-04
1.8455E+01  6.8495E-02 2.0165E+02    1.4914E-06    1.1085E-06    3.4280E-01   -9.9357E-02    1.7925E+00    2.1100E-04
1.7902E+01  7.5083E-02 2.0150E+02    1.4584E-06    9.4471E-07    3.0097E-01   -7.3143E-02    1.7727E+00    2.1100E-04
1.7357E+01  8.2201E-02 2.0140E+02    1.4260E-06    7.9713E-07    2.6437E-01   -4.9268E-02    1.7586E+00    2.1100E-04
1.6819E+01  8.9880E-02 2.0133E+02    1.4026E-06    6.6403E-07    2.3274E-01   -3.0568E-02    1.7500E+00    2.1100E-04
1.6290E+01  9.8153E-02 2.0131E+02    1.3816E-06    5.4506E-07    2.0570E-01   -1.7781E-02    1.7463E+00    2.1100E-04
1.5768E+01  1.0705E-01 2.0131E+02    1.3608E-06    4.4260E-07    1.8214E-01    2.7466E-02    1.7466E+00    2.1100E-04
1.5254E+01  1.1661E-01 2.0134E+02    1.3403E-06    3.5435E-07    1.6228E-01    3.2608E-02    1.7511E+00    2.1100E-04
1.4747E+01  1.2686E-01 2.0142E+02    1.3202E-06    2.8160E-07    1.4609E-01    3.4440E-02    1.7616E+00    2.1100E-04
1.4248E+01  1.3784E-01 2.0157E+02    1.3102E-06    2.2185E-07    1.3286E-01    3.2489E-02    1.7819E+00    2.1100E-04
1.3756E+01  1.4959E-01 2.0181E+02    1.3004E-06    1.7165E-07    1.2189E-01    2.8677E-02    1.8148E+00    2.1100E-04
1.3270E+01  1.6212E-01 2.0216E+02    1.3000E-06    1.3252E-07    1.1341E-01    2.4986E-02    1.8641E+00    2.1100E-04
1.2792E+01  1.7549E-01 2.0260E+02    1.5434E-06    1.0591E-07    1.0899E-01    1.9795E-02    1.9267E+00    2.1100E-04
1.2320E+01  1.8972E-01 2.0312E+02    1.7381E-06    8.7743E-08    1.0635E-01    4.3064E-02    2.0042E+00    2.1100E-04
1.1855E+01  2.0484E-01 2.0367E+02    1.9884E-06    7.4178E-08    1.0420E-01    7.0611E-02    2.0892E+00    2.1100E-04
1.1395E+01  2.2089E-01 2.0521E+02    2.5050E-06    6.3823E-08    1.0545E-01   -8.4229E-03    2.3421E+00    2.1100E-04
1.0937E+01  2.3790E-01 2.0834E+02    3.9557E-06    5.7019E-08    1.1348E-01   -1.3575E-01    2.9419E+00    2.1100E-04
1.0481E+01  2.5590E-01 2.1112E+02    5.8681E-06    5.2795E-08    1.2507E-01   -2.9897E-01    3.5809E+00    2.1100E-04
1.0026E+01  2.7491E-01 2.1555E+02    1.0712E-05    4.9796E-08    1.5149E-01   -6.5600E-01    4.8423E+00    2.1100E-04
9.5687E+00  2.9496E-01 2.1996E+02    1.9059E-05    4.7240E-08    1.8928E-01   -1.0323E+00    5.9878E+00    2.1100E-04
9.1109E+00  3.1608E-01 2.2435E+02    3.3044E-05    4.4880E-08    2.3804E-01   -1.4070E+00    7.1675E+00    2.1100E-04
8.6527E+00  3.3828E-01 2.2870E+02    5.5800E-05    4.2603E-08    2.9744E-01   -1.7584E+00    8.4999E+00    2.1100E-04
8.1945E+00  3.6158E-01 2.3298E+02    9.1711E-05    4.0401E-08    3.6393E-01   -2.0486E+00    9.9854E+00    2.1100E-04
7.7368E+00  3.8600E-01 2.3717E+02    1.4657E-04    3.8204E-08    4.3261E-01   -2.2454E+00    1.1618E+01    2.1100E-04
7.2801E+00  4.1155E-01 2.4124E+02    2.2754E-04    3.6091E-08    5.0577E-01   -2.3755E+00    1.3385E+01    2.1100E-04
6.8249E+00  4.3824E-01 2.4517E+02    3.4294E-04    3.3987E-08    5.8389E-01   -2.4355E+00    1.5269E+01    2.1100E-04
6.3719E+00  4.6607E-01 2.4893E+02    5.0170E-04    3.1968E-08    6.5401E-01   -2.4356E+00    1.7247E+01    2.1100E-04
5.9215E+00  4.9504E-01 2.5250E+02    7.1277E-04    3.0044E-08    7.0466E-01   -2.4083E+00    1.9296E+01    2.1100E-04
5.4746E+00  5.2515E-01 2.5588E+02    9.8454E-04    2.8104E-08    7.3923E-01   -2.3829E+00    2.1392E+01    2.1100E-04
5.0315E+00  5.5640E-01 2.5906E+02    1.3244E-03    2.6238E-08    7.6611E-01   -2.3399E+00    2.3515E+01    2.1100E-04
4.5928E+00  5.8876E-01 2.6206E+02    1.7387E-03    2.4481E-08    7.8718E-01   -2.2703E+00    2.5646E+01    2.1100E-04
4.1592E+00  6.2221E-01 2.6486E+02    2.2325E-03    2.2766E-08    7.9945E-01   -2.1972E+00    2.7773E+01    2.1100E-04
3.7311E+00  6.5674E-01 2.6750E+02    2.8097E-03    2.1149E-08    8.0181E-01   -2.1059E+00    2.9887E+01    2.1100E-04
3.3089E+00  6.9231E-01 2.6998E+02    3.4735E-03    1.9620E-08    7.9690E-01   -1.9612E+00    3.1979E+01    2.1100E-04
2.8930E+00  7.2889E-01 2.7232E+02    4.2258E-03    1.8256E-08    7.8827E-01   -1.8018E+00    3.4046E+01    2.1100E-04
2.4838E+00  7.6643E-01 2.7469E+02    5.1355E-03    1.7050E-08    7.8204E-01   -1.6882E+00    3.6246E+01    2.1100E-04
2.0813E+00  8.0489E-01 2.7701E+02    6.0426E-03    1.5992E-08    7.6129E-01   -1.5802E+00    3.8498E+01    2.1100E-04
1.6859E+00  8.4422E-01 2.7923E+02    7.0660E-03    1.5059E-08    7.4204E-01   -1.5414E+00    4.0756E+01    2.1100E-04
1.2978E+00  8.8435E-01 2.8134E+02    8.1907E-03    1.4205E-08    7.2538E-01   -1.5716E+00    4.2988E+01    2.1100E-04
9.1732E-01  9.2522E-01 2.8335E+02    9.3046E-03    1.3564E-08    7.1070E-01   -1.6641E+00    4.5207E+01    2.1100E-04
5.4478E-01  9.6676E-01 2.8528E+02    1.0685E-02    1.3051E-08    7.1711E-01   -1.9159E+00    4.7406E+01    2.1100E-04
1.8041E-01  1.0089E+00 2.8711E+02    1.1999E-02    1.2619E-08    7.3139E-01   -2.1446E+00    4.9573E+01    2.1100E-04
0.0000E+00  1.0303E+00 2.8803E+02    1.2661E-02    1.2700E-08    7.8367E+00   -3.3886E+00    5.0694E+01    2.1100E-04
