     ALT          P          T          FH2O           O3           THEAT        TCOOL        PSATCO2        FCO2
7.3778E+01  3.2610E-05 2.2298E+02    5.0629E-06    8.6661E-08    3.6677E+01   -6.9808E+01    6.7829E+00    2.1400E-04
7.2649E+01  3.8505E-05 2.2436E+02    5.2899E-06    1.1149E-07    5.1907E+00   -4.5405E+01    7.1693E+00    2.1400E-04
7.1522E+01  4.5410E-05 2.2579E+02    5.5008E-06    1.4306E-07    2.5211E+00   -2.8885E+01    7.5905E+00    2.1400E-04
7.0396E+01  5.3485E-05 2.2729E+02    5.6864E-06    1.8253E-07    2.4306E+00   -1.8368E+01    8.0517E+00    2.1400E-04
6.9272E+01  6.2917E-05 2.2886E+02    5.8468E-06    2.2605E-07    2.6116E+00   -1.2122E+01    8.5537E+00    2.1400E-04
6.8149E+01  7.3918E-05 2.3048E+02    5.9920E-06    2.7108E-07    2.8201E+00   -8.6861E+00    9.0955E+00    2.1400E-04
6.7028E+01  8.6734E-05 2.3213E+02    6.1265E-06    3.1757E-07    3.0370E+00   -6.9058E+00    9.6754E+00    2.1400E-04
6.5907E+01  1.0164E-04 2.3380E+02    6.2442E-06    3.6758E-07    3.2726E+00   -6.0463E+00    1.0291E+01    2.1400E-04
6.4788E+01  1.1897E-04 2.3549E+02    6.3469E-06    4.2200E-07    3.5432E+00   -5.6857E+00    1.0941E+01    2.1400E-04
6.3671E+01  1.3907E-04 2.3718E+02    6.4363E-06    4.8346E-07    3.8493E+00   -5.5801E+00    1.1622E+01    2.1400E-04
6.2554E+01  1.6236E-04 2.3887E+02    6.5256E-06    5.5165E-07    4.1886E+00   -5.6046E+00    1.2333E+01    2.1400E-04
6.1440E+01  1.8931E-04 2.4055E+02    6.5986E-06    6.2805E-07    4.5630E+00   -5.6887E+00    1.3070E+01    2.1400E-04
6.0327E+01  2.2046E-04 2.4221E+02    6.6653E-06    7.1181E-07    4.9638E+00   -5.8092E+00    1.3833E+01    2.1400E-04
5.9216E+01  2.5641E-04 2.4386E+02    6.7220E-06    8.0385E-07    5.3880E+00   -5.9531E+00    1.4621E+01    2.1400E-04
5.8108E+01  2.9784E-04 2.4550E+02    6.7757E-06    9.0536E-07    5.8312E+00   -6.1170E+00    1.5434E+01    2.1400E-04
5.7002E+01  3.4554E-04 2.4712E+02    6.8299E-06    1.0145E-06    6.2786E+00   -6.2971E+00    1.6272E+01    2.1400E-04
5.5898E+01  4.0037E-04 2.4873E+02    6.8670E-06    1.1418E-06    6.7549E+00   -6.4865E+00    1.7136E+01    2.1400E-04
5.4798E+01  4.6332E-04 2.5032E+02    6.9081E-06    1.2742E-06    7.1972E+00   -6.6781E+00    1.8026E+01    2.1400E-04
5.3700E+01  5.3549E-04 2.5191E+02    6.9410E-06    1.4269E-06    7.6424E+00   -6.8562E+00    1.8943E+01    2.1400E-04
5.2605E+01  6.1812E-04 2.5348E+02    6.9629E-06    1.5928E-06    8.0459E+00   -7.0295E+00    1.9888E+01    2.1400E-04
5.1513E+01  7.1260E-04 2.5505E+02    6.9847E-06    1.7820E-06    8.4177E+00   -7.1985E+00    2.0861E+01    2.1400E-04
5.0425E+01  8.2049E-04 2.5661E+02    7.0000E-06    1.9944E-06    8.7320E+00   -7.3589E+00    2.1864E+01    2.1400E-04
4.9341E+01  9.4352E-04 2.5816E+02    7.0100E-06    2.2297E-06    8.9625E+00   -7.5140E+00    2.2897E+01    2.1400E-04
4.8260E+01  1.0836E-03 2.5971E+02    7.0200E-06    2.4876E-06    9.0958E+00   -7.7643E+00    2.3962E+01    2.1400E-04
4.7182E+01  1.2430E-03 2.6133E+02    7.0186E-06    2.7685E-06    9.1117E+00   -8.0916E+00    2.5118E+01    2.1400E-04
4.6109E+01  1.4240E-03 2.6276E+02    7.0072E-06    3.0688E-06    8.9862E+00   -8.3272E+00    2.6164E+01    2.1400E-04
4.5042E+01  1.6293E-03 2.6361E+02    6.9858E-06    3.3899E-06    8.7259E+00   -8.3470E+00    2.6807E+01    2.1400E-04
4.3982E+01  1.8618E-03 2.6373E+02    6.9593E-06    3.7348E-06    8.3498E+00   -8.1366E+00    2.6897E+01    2.1400E-04
4.2935E+01  2.1248E-03 2.6311E+02    6.9174E-06    4.0865E-06    7.8612E+00   -7.7425E+00    2.6431E+01    2.1400E-04
4.1901E+01  2.4220E-03 2.6185E+02    6.8690E-06    4.4212E-06    7.2838E+00   -7.2329E+00    2.5493E+01    2.1400E-04
4.0883E+01  2.7572E-03 2.6007E+02    6.8180E-06    4.7224E-06    6.6657E+00   -6.6687E+00    2.4214E+01    2.1400E-04
3.9883E+01  3.1349E-03 2.5791E+02    6.7480E-06    4.9705E-06    6.0501E+00   -6.0910E+00    2.2731E+01    2.1400E-04
3.8902E+01  3.5598E-03 2.5551E+02    6.6721E-06    5.1794E-06    5.4863E+00   -5.5353E+00    2.1153E+01    2.1400E-04
3.7941E+01  4.0372E-03 2.5294E+02    6.5890E-06    5.3394E-06    4.9815E+00   -5.0218E+00    1.9560E+01    2.1400E-04
3.6999E+01  4.5729E-03 2.5028E+02    6.5048E-06    5.4701E-06    4.5441E+00   -4.5667E+00    1.8000E+01    2.1400E-04
3.6077E+01  5.1732E-03 2.4755E+02    6.4126E-06    5.5673E-06    4.1609E+00   -4.1664E+00    1.6503E+01    2.1400E-04
3.5175E+01  5.8448E-03 2.4481E+02    6.3124E-06    5.6560E-06    3.8278E+00   -3.8215E+00    1.5088E+01    2.1400E-04
3.4292E+01  6.5953E-03 2.4208E+02    6.2149E-06    5.7175E-06    3.5237E+00   -3.5175E+00    1.3769E+01    2.1400E-04
3.3428E+01  7.4329E-03 2.3939E+02    6.1212E-06    5.7529E-06    3.2410E+00   -3.2406E+00    1.2559E+01    2.1400E-04
3.2583E+01  8.3662E-03 2.3680E+02    6.0198E-06    5.7600E-06    2.9747E+00   -2.9797E+00    1.1468E+01    2.1400E-04
3.1756E+01  9.4049E-03 2.3435E+02    5.9207E-06    5.7402E-06    2.7224E+00   -2.7325E+00    1.0500E+01    2.1400E-04
3.0946E+01  1.0559E-02 2.3208E+02    5.8234E-06    5.6634E-06    2.4759E+00   -2.5248E+00    9.6589E+00    2.1400E-04
3.0153E+01  1.1840E-02 2.3002E+02    5.7283E-06    5.5404E-06    2.2405E+00   -2.2778E+00    8.9391E+00    2.1400E-04
2.9376E+01  1.3260E-02 2.2816E+02    5.6274E-06    5.3698E-06    2.0193E+00   -2.0459E+00    8.3276E+00    2.1400E-04
2.8613E+01  1.4831E-02 2.2651E+02    5.5334E-06    5.1654E-06    1.8170E+00   -1.8328E+00    7.8081E+00    2.1400E-04
2.7864E+01  1.6568E-02 2.2503E+02    5.4435E-06    4.9180E-06    1.6325E+00   -1.6401E+00    7.3638E+00    2.1400E-04
2.7128E+01  1.8484E-02 2.2369E+02    5.3553E-06    4.6403E-06    1.4679E+00   -1.4691E+00    6.9793E+00    2.1400E-04
2.6406E+01  2.0596E-02 2.2246E+02    5.2685E-06    4.3510E-06    1.3247E+00   -1.3197E+00    6.6410E+00    2.1400E-04
2.5695E+01  2.2921E-02 2.2133E+02    5.1833E-06    4.0449E-06    1.1988E+00   -1.1908E+00    6.3378E+00    2.1400E-04
2.4997E+01  2.5476E-02 2.2025E+02    5.0994E-06    3.7366E-06    1.0888E+00   -1.0795E+00    6.0614E+00    2.1400E-04
2.4310E+01  2.8280E-02 2.1923E+02    5.0171E-06    3.4265E-06    9.9058E-01   -9.8207E-01    5.8058E+00    2.1400E-04
2.3635E+01  3.1353E-02 2.1824E+02    4.9360E-06    3.1276E-06    9.0238E-01   -8.9432E-01    5.5672E+00    2.1400E-04
2.2971E+01  3.4717E-02 2.1728E+02    4.8564E-06    2.8349E-06    8.2051E-01   -8.1358E-01    5.3435E+00    2.1400E-04
2.2319E+01  3.8393E-02 2.1635E+02    4.7781E-06    2.5575E-06    7.4412E-01   -7.3796E-01    5.1099E+00    2.1400E-04
2.1677E+01  4.2404E-02 2.1547E+02    4.7011E-06    2.2878E-06    6.7097E-01   -6.6763E-01    4.8166E+00    2.1400E-04
2.1046E+01  4.6776E-02 2.1462E+02    4.6295E-06    2.0301E-06    6.0136E-01   -6.0254E-01    4.5518E+00    2.1400E-04
2.0426E+01  5.1533E-02 2.1384E+02    4.5609E-06    1.7944E-06    5.3676E-01   -5.4107E-01    4.3158E+00    2.1400E-04
1.9816E+01  5.6702E-02 2.1311E+02    4.4878E-06    1.5724E-06    4.7644E-01   -4.8293E-01    4.1083E+00    2.1400E-04
1.9216E+01  6.2312E-02 2.1246E+02    4.4265E-06    1.3676E-06    4.2112E-01   -4.2806E-01    3.9283E+00    2.1400E-04
1.8626E+01  6.8390E-02 2.1188E+02    4.3675E-06    1.1708E-06    3.7019E-01   -3.7766E-01    3.7741E+00    2.1400E-04
1.8046E+01  7.4967E-02 2.1137E+02    4.3095E-06    9.9807E-07    3.2589E-01   -3.2966E-01    3.6431E+00    2.1400E-04
1.7475E+01  8.2072E-02 2.1093E+02    4.2579E-06    8.3971E-07    2.8705E-01   -2.8739E-01    3.5323E+00    2.1400E-04
1.6913E+01  8.9738E-02 2.1054E+02    4.2130E-06    6.9843E-07    2.5369E-01   -2.5226E-01    3.4389E+00    2.1400E-04
1.6360E+01  9.7996E-02 2.1022E+02    4.1687E-06    5.7265E-07    2.2520E-01   -2.2548E-01    3.3606E+00    2.1400E-04
1.5816E+01  1.0688E-01 2.0993E+02    4.1339E-06    4.6203E-07    1.9994E-01   -1.7916E-01    3.2946E+00    2.1400E-04
1.5281E+01  1.1642E-01 2.0970E+02    4.1018E-06    3.6872E-07    1.7871E-01   -1.6223E-01    3.2401E+00    2.1400E-04
1.4754E+01  1.2665E-01 2.0952E+02    4.0801E-06    2.9146E-07    1.6132E-01   -1.5127E-01    3.1986E+00    2.1400E-04
1.4236E+01  1.3761E-01 2.0940E+02    4.0594E-06    2.2820E-07    1.4704E-01   -1.4473E-01    3.1735E+00    2.1400E-04
1.3725E+01  1.4933E-01 2.0938E+02    4.0395E-06    1.7458E-07    1.3509E-01   -1.4228E-01    3.1687E+00    2.1400E-04
1.3223E+01  1.6185E-01 2.0947E+02    4.0294E-06    1.3319E-07    1.2571E-01   -1.4014E-01    3.1876E+00    2.1400E-04
1.2728E+01  1.7519E-01 2.0967E+02    4.0195E-06    1.0507E-07    1.1886E-01   -1.3483E-01    3.2335E+00    2.1400E-04
1.2240E+01  1.8939E-01 2.0998E+02    4.0143E-06    8.7166E-08    1.1412E-01   -1.2484E-01    3.3048E+00    2.1400E-04
1.1759E+01  2.0448E-01 2.1039E+02    4.2161E-06    7.3046E-08    1.1154E-01   -1.2064E-01    3.4025E+00    2.1400E-04
1.1286E+01  2.2051E-01 2.1089E+02    5.1384E-06    6.2715E-08    1.1301E-01   -1.2974E-01    3.5240E+00    2.1400E-04
1.0819E+01  2.3748E-01 2.1142E+02    6.0712E-06    5.6793E-08    1.1525E-01   -1.0699E-01    3.6553E+00    2.1400E-04
1.0359E+01  2.5544E-01 2.1207E+02    6.6665E-06    5.3086E-08    1.1629E-01   -6.0317E-02    3.8230E+00    2.1400E-04
9.9052E+00  2.7441E-01 2.1346E+02    8.0966E-06    5.0282E-08    1.2176E-01   -1.1653E-01    4.2055E+00    2.1400E-04
9.4544E+00  2.9442E-01 2.1658E+02    1.2314E-05    4.7846E-08    1.3982E-01   -3.7541E-01    5.1836E+00    2.1400E-04
9.0041E+00  3.1550E-01 2.2092E+02    2.1592E-05    4.5553E-08    1.7633E-01   -7.8853E-01    6.2319E+00    2.1400E-04
8.5533E+00  3.3765E-01 2.2524E+02    3.6926E-05    4.3299E-08    2.2696E-01   -1.2126E+00    7.4254E+00    2.1400E-04
8.1024E+00  3.6090E-01 2.2951E+02    6.1555E-05    4.1076E-08    2.8884E-01   -1.6036E+00    8.7680E+00    2.1400E-04
7.6518E+00  3.8527E-01 2.3371E+02    9.9946E-05    3.8916E-08    3.5669E-01   -1.9094E+00    1.0259E+01    2.1400E-04
7.2021E+00  4.1077E-01 2.3783E+02    1.5793E-04    3.6773E-08    4.2759E-01   -2.1178E+00    1.1891E+01    2.1400E-04
6.7537E+00  4.3740E-01 2.4183E+02    2.4265E-04    3.4716E-08    5.0400E-01   -2.2543E+00    1.3654E+01    2.1400E-04
6.3071E+00  4.6518E-01 2.4568E+02    3.6235E-04    3.2654E-08    5.8188E-01   -2.3090E+00    1.5529E+01    2.1400E-04
5.8629E+00  4.9409E-01 2.4938E+02    5.2582E-04    3.0683E-08    6.4757E-01   -2.3145E+00    1.7495E+01    2.1400E-04
5.4217E+00  5.2414E-01 2.5289E+02    7.4187E-04    2.8737E-08    6.9419E-01   -2.2962E+00    1.9530E+01    2.1400E-04
4.9841E+00  5.5531E-01 2.5622E+02    1.0187E-03    2.6863E-08    7.2761E-01   -2.2780E+00    2.1610E+01    2.1400E-04
4.5506E+00  5.8760E-01 2.5936E+02    1.3637E-03    2.5083E-08    7.5450E-01   -2.2350E+00    2.3716E+01    2.1400E-04
4.1217E+00  6.2099E-01 2.6231E+02    1.7828E-03    2.3370E-08    7.7480E-01   -2.1717E+00    2.5832E+01    2.1400E-04
3.6981E+00  6.5544E-01 2.6508E+02    2.2811E-03    2.1706E-08    7.8569E-01   -2.1049E+00    2.7943E+01    2.1400E-04
3.2800E+00  6.9093E-01 2.6769E+02    2.8623E-03    2.0204E-08    7.8734E-01   -2.0110E+00    3.0040E+01    2.1400E-04
2.8681E+00  7.2743E-01 2.7014E+02    3.5292E-03    1.8788E-08    7.8277E-01   -1.8629E+00    3.2116E+01    2.1400E-04
2.4626E+00  7.6489E-01 2.7245E+02    4.2835E-03    1.7522E-08    7.7503E-01   -1.7127E+00    3.4166E+01    2.1400E-04
2.0638E+00  8.0326E-01 2.7482E+02    5.1990E-03    1.6404E-08    7.7023E-01   -1.6189E+00    3.6368E+01    2.1400E-04
1.6719E+00  8.4250E-01 2.7710E+02    6.0966E-03    1.5423E-08    7.5049E-01   -1.5317E+00    3.8595E+01    2.1400E-04
1.2872E+00  8.8255E-01 2.7930E+02    7.1207E-03    1.4579E-08    7.3454E-01   -1.5235E+00    4.0825E+01    2.1400E-04
9.0997E-01  9.2333E-01 2.8138E+02    8.2324E-03    1.3882E-08    7.2268E-01   -1.5902E+00    4.3027E+01    2.1400E-04
5.4048E-01  9.6477E-01 2.8336E+02    9.3337E-03    1.3345E-08    7.1631E-01   -1.7752E+00    4.5212E+01    2.1400E-04
1.7901E-01  1.0068E+00 2.8525E+02    1.0695E-02    1.2917E-08    7.3678E-01   -2.0300E+00    4.7374E+01    2.1400E-04
0.0000E+00  1.0282E+00 2.8620E+02    1.1376E-02    1.3000E-08    7.9175E+00   -3.5358E+00    4.8485E+01    2.1400E-04
