     ALT          P          T          FH2O           O3           THEAT        TCOOL        PSATCO2        FCO2
7.3176E+01  3.2610E-05 2.2399E+02    3.3175E-06    1.0166E-07    3.6867E+01   -7.0919E+01    7.0648E+00    2.1700E-04
7.2040E+01  3.8507E-05 2.2537E+02    3.4741E-06    1.2918E-07    5.1790E+00   -4.5295E+01    7.4666E+00    2.1700E-04
7.0906E+01  4.5413E-05 2.2682E+02    3.6099E-06    1.6477E-07    2.5982E+00   -2.8131E+01    7.9037E+00    2.1700E-04
6.9774E+01  5.3489E-05 2.2833E+02    3.7380E-06    2.0980E-07    2.5514E+00   -1.7321E+01    8.3811E+00    2.1700E-04
6.8644E+01  6.2923E-05 2.2990E+02    3.8510E-06    2.5941E-07    2.7663E+00   -1.1011E+01    8.8996E+00    2.1700E-04
6.7514E+01  7.3927E-05 2.3152E+02    3.9509E-06    3.1015E-07    3.0053E+00   -7.5861E+00    9.4582E+00    2.1700E-04
6.6386E+01  8.6747E-05 2.3317E+02    4.0410E-06    3.6244E-07    3.2525E+00   -5.8723E+00    1.0055E+01    2.1700E-04
6.5260E+01  1.0166E-04 2.3484E+02    4.1210E-06    4.1804E-07    3.5167E+00   -5.0917E+00    1.0688E+01    2.1700E-04
6.4134E+01  1.1899E-04 2.3652E+02    4.1907E-06    4.7765E-07    3.8138E+00   -4.8240E+00    1.1354E+01    2.1700E-04
6.3011E+01  1.3910E-04 2.3821E+02    4.2553E-06    5.4437E-07    4.1458E+00   -4.8102E+00    1.2052E+01    2.1700E-04
6.1888E+01  1.6239E-04 2.3989E+02    4.3101E-06    6.1853E-07    4.5122E+00   -4.9268E+00    1.2777E+01    2.1700E-04
6.0768E+01  1.8936E-04 2.4156E+02    4.3649E-06    7.0013E-07    4.9092E+00   -5.1150E+00    1.3530E+01    2.1700E-04
5.9649E+01  2.2052E-04 2.4322E+02    4.4096E-06    7.9109E-07    5.3380E+00   -5.3409E+00    1.4308E+01    2.1700E-04
5.8532E+01  2.5648E-04 2.4486E+02    4.4442E-06    8.8978E-07    5.7850E+00   -5.5922E+00    1.5111E+01    2.1700E-04
5.7418E+01  2.9794E-04 2.4648E+02    4.4843E-06    9.9958E-07    6.2534E+00   -5.8698E+00    1.5938E+01    2.1700E-04
5.6306E+01  3.4566E-04 2.4809E+02    4.5165E-06    1.1188E-06    6.7253E+00   -6.1598E+00    1.6790E+01    2.1700E-04
5.5197E+01  4.0052E-04 2.4969E+02    4.5387E-06    1.2518E-06    7.2016E+00   -6.4564E+00    1.7668E+01    2.1700E-04
5.4091E+01  4.6350E-04 2.5127E+02    4.5607E-06    1.3951E-06    7.6535E+00   -6.7411E+00    1.8573E+01    2.1700E-04
5.2987E+01  5.3570E-04 2.5285E+02    4.5828E-06    1.5518E-06    8.0747E+00   -7.0199E+00    1.9505E+01    2.1700E-04
5.1887E+01  6.1838E-04 2.5442E+02    4.5947E-06    1.7320E-06    8.4804E+00   -7.2894E+00    2.0466E+01    2.1700E-04
5.0790E+01  7.1291E-04 2.5598E+02    4.6000E-06    1.9357E-06    8.8416E+00   -7.5453E+00    2.1457E+01    2.1700E-04
4.9697E+01  8.2086E-04 2.5754E+02    4.6100E-06    2.1542E-06    9.1083E+00   -7.7850E+00    2.2478E+01    2.1700E-04
4.8607E+01  9.4397E-04 2.5909E+02    4.6098E-06    2.4024E-06    9.2990E+00   -8.0385E+00    2.3531E+01    2.1700E-04
4.7521E+01  1.0842E-03 2.6070E+02    4.5981E-06    2.6640E-06    9.3654E+00   -8.3625E+00    2.4661E+01    2.1700E-04
4.6438E+01  1.2436E-03 2.6217E+02    4.5765E-06    2.9580E-06    9.3347E+00   -8.6381E+00    2.5732E+01    2.1700E-04
4.5361E+01  1.4247E-03 2.6318E+02    4.5550E-06    3.2787E-06    9.1789E+00   -8.7223E+00    2.6482E+01    2.1700E-04
4.4292E+01  1.6302E-03 2.6352E+02    4.5174E-06    3.6426E-06    8.9195E+00   -8.5778E+00    2.6736E+01    2.1700E-04
4.3233E+01  1.8629E-03 2.6313E+02    4.4751E-06    4.0204E-06    8.5161E+00   -8.2290E+00    2.6443E+01    2.1700E-04
4.2187E+01  2.1261E-03 2.6205E+02    4.4152E-06    4.4084E-06    8.0020E+00   -7.7349E+00    2.5642E+01    2.1700E-04
4.1157E+01  2.4235E-03 2.6037E+02    4.3448E-06    4.7790E-06    7.4054E+00   -7.1553E+00    2.4431E+01    2.1700E-04
4.0145E+01  2.7590E-03 2.5822E+02    4.2643E-06    5.1224E-06    6.7848E+00   -6.5398E+00    2.2934E+01    2.1700E-04
3.9152E+01  3.1369E-03 2.5569E+02    4.1855E-06    5.4292E-06    6.1857E+00   -5.9237E+00    2.1272E+01    2.1700E-04
3.8179E+01  3.5622E-03 2.5291E+02    4.0904E-06    5.6825E-06    5.6300E+00   -5.3283E+00    1.9543E+01    2.1700E-04
3.7227E+01  4.0400E-03 2.4995E+02    3.9963E-06    5.9104E-06    5.1471E+00   -4.7779E+00    1.7816E+01    2.1700E-04
3.6296E+01  4.5761E-03 2.4685E+02    3.8945E-06    6.1107E-06    4.7280E+00   -4.2745E+00    1.6132E+01    2.1700E-04
3.5386E+01  5.1769E-03 2.4365E+02    3.7920E-06    6.2867E-06    4.3587E+00   -3.8288E+00    1.4520E+01    2.1700E-04
3.4498E+01  5.8491E-03 2.4039E+02    3.6874E-06    6.4434E-06    4.0269E+00   -3.4341E+00    1.3000E+01    2.1700E-04
3.3631E+01  6.6003E-03 2.3711E+02    3.5854E-06    6.5645E-06    3.7155E+00   -3.0789E+00    1.1593E+01    2.1700E-04
3.2785E+01  7.4386E-03 2.3386E+02    3.4860E-06    6.6419E-06    3.4173E+00   -2.7530E+00    1.0314E+01    2.1700E-04
3.1960E+01  8.3727E-03 2.3071E+02    3.3892E-06    6.6697E-06    3.1290E+00   -2.4502E+00    9.1770E+00    2.1700E-04
3.1154E+01  9.4124E-03 2.2772E+02    3.2945E-06    6.6205E-06    2.8448E+00   -2.1698E+00    8.1866E+00    2.1700E-04
3.0367E+01  1.0568E-02 2.2496E+02    3.2023E-06    6.4958E-06    2.5696E+00   -1.9338E+00    7.3434E+00    2.1700E-04
2.9598E+01  1.1850E-02 2.2245E+02    3.1119E-06    6.3047E-06    2.3090E+00   -1.6730E+00    6.6380E+00    2.1700E-04
2.8846E+01  1.3271E-02 2.2022E+02    3.0236E-06    6.0485E-06    2.0661E+00   -1.4374E+00    6.0534E+00    2.1700E-04
2.8109E+01  1.4844E-02 2.1825E+02    2.9368E-06    5.7423E-06    1.8448E+00   -1.2294E+00    5.5704E+00    2.1700E-04
2.7387E+01  1.6582E-02 2.1652E+02    2.8616E-06    5.3980E-06    1.6465E+00   -1.0507E+00    5.1650E+00    2.1700E-04
2.6679E+01  1.8501E-02 2.1499E+02    2.7783E-06    5.0276E-06    1.4714E+00   -8.9982E-01    4.6649E+00    2.1700E-04
2.5984E+01  2.0615E-02 2.1363E+02    2.7036E-06    4.6448E-06    1.3187E+00   -7.7598E-01    4.2569E+00    2.1700E-04
2.5301E+01  2.2942E-02 2.1242E+02    2.6264E-06    4.2692E-06    1.1877E+00   -6.7527E-01    3.9182E+00    2.1700E-04
2.4630E+01  2.5500E-02 2.1133E+02    2.5601E-06    3.9011E-06    1.0739E+00   -5.9403E-01    3.6322E+00    2.1700E-04
2.3970E+01  2.8307E-02 2.1033E+02    2.4880E-06    3.5426E-06    9.7330E-01   -5.2670E-01    3.3870E+00    2.1700E-04
2.3322E+01  3.1384E-02 2.0941E+02    2.4211E-06    3.2055E-06    8.8380E-01   -4.6866E-01    3.1742E+00    2.1700E-04
2.2684E+01  3.4751E-02 2.0856E+02    2.3579E-06    2.8882E-06    8.0202E-01   -4.1655E-01    2.9877E+00    2.1700E-04
2.2056E+01  3.8431E-02 2.0777E+02    2.2958E-06    2.5819E-06    7.2468E-01   -3.6919E-01    2.8236E+00    2.1700E-04
2.1439E+01  4.2447E-02 2.0704E+02    2.2347E-06    2.2960E-06    6.5207E-01   -3.2497E-01    2.6794E+00    2.1700E-04
2.0832E+01  4.6823E-02 2.0638E+02    2.1746E-06    2.0388E-06    5.8501E-01   -2.8211E-01    2.5531E+00    2.1700E-04
2.0235E+01  5.1586E-02 2.0578E+02    2.1163E-06    1.8008E-06    5.2199E-01   -2.4110E-01    2.4433E+00    2.1700E-04
1.9647E+01  5.6762E-02 2.0525E+02    2.0670E-06    1.5688E-06    4.6164E-01   -2.0399E-01    2.3493E+00    2.1700E-04
1.9068E+01  6.2378E-02 2.0478E+02    2.0136E-06    1.3583E-06    4.0654E-01   -1.6775E-01    2.2700E+00    2.1700E-04
1.8498E+01  6.8464E-02 2.0439E+02    1.9684E-06    1.1655E-06    3.5684E-01   -1.3354E-01    2.2045E+00    2.1700E-04
1.7938E+01  7.5048E-02 2.0406E+02    1.9238E-06    9.9168E-07    3.1295E-01   -1.0153E-01    2.1514E+00    2.1700E-04
1.7385E+01  8.2162E-02 2.0380E+02    1.8799E-06    8.3665E-07    2.7484E-01   -7.3160E-02    2.1095E+00    2.1700E-04
1.6842E+01  8.9837E-02 2.0359E+02    1.8450E-06    6.9599E-07    2.4184E-01   -5.1839E-02    2.0774E+00    2.1700E-04
1.6306E+01  9.8106E-02 2.0345E+02    1.8131E-06    5.7092E-07    2.1367E-01   -3.8002E-02    2.0543E+00    2.1700E-04
1.5779E+01  1.0700E-01 2.0334E+02    1.7816E-06    4.6194E-07    1.8892E-01    4.1504E-03    2.0387E+00    2.1700E-04
1.5259E+01  1.1655E-01 2.0329E+02    1.7604E-06    3.6949E-07    1.6821E-01    7.7456E-03    2.0305E+00    2.1700E-04
1.4747E+01  1.2680E-01 2.0330E+02    1.7400E-06    2.9299E-07    1.5125E-01    7.2118E-03    2.0317E+00    2.1700E-04
1.4243E+01  1.3777E-01 2.0338E+02    1.7300E-06    2.2976E-07    1.3734E-01    3.1725E-03    2.0447E+00    2.1700E-04
1.3746E+01  1.4951E-01 2.0356E+02    1.7201E-06    1.7731E-07    1.2581E-01   -2.7160E-03    2.0728E+00    2.1700E-04
1.3257E+01  1.6204E-01 2.0386E+02    1.7103E-06    1.3518E-07    1.1667E-01   -8.3940E-03    2.1193E+00    2.1700E-04
1.2774E+01  1.7540E-01 2.0425E+02    1.8799E-06    1.0775E-07    1.1136E-01   -1.3808E-02    2.1817E+00    2.1700E-04
1.2298E+01  1.8962E-01 2.0474E+02    2.1685E-06    8.9299E-08    1.0859E-01   -1.0372E-02    2.2634E+00    2.1700E-04
1.1829E+01  2.0474E-01 2.0527E+02    2.5077E-06    7.5208E-08    1.0658E-01    3.4893E-02    2.3540E+00    2.1700E-04
1.1366E+01  2.2078E-01 2.0589E+02    2.7568E-06    6.4653E-08    1.0622E-01   -3.6556E-03    2.4630E+00    2.1700E-04
1.0908E+01  2.3778E-01 2.0856E+02    4.0651E-06    5.7946E-08    1.1211E-01   -7.7387E-02    2.9878E+00    2.1700E-04
1.0452E+01  2.5576E-01 2.1030E+02    5.2181E-06    5.3781E-08    1.1844E-01   -1.6068E-01    3.3794E+00    2.1700E-04
9.9979E+00  2.7476E-01 2.1453E+02    9.3374E-06    5.0756E-08    1.4040E-01   -4.9718E-01    4.5237E+00    2.1700E-04
9.5429E+00  2.9480E-01 2.1893E+02    1.6674E-05    4.8140E-08    1.7483E-01   -8.7559E-01    5.7339E+00    2.1700E-04
9.0870E+00  3.1590E-01 2.2331E+02    2.9028E-05    4.5705E-08    2.2096E-01   -1.2636E+00    6.8739E+00    2.1700E-04
8.6306E+00  3.3809E-01 2.2766E+02    4.9246E-05    4.3352E-08    2.7830E-01   -1.6335E+00    8.1652E+00    2.1700E-04
8.1743E+00  3.6138E-01 2.3194E+02    8.1346E-05    4.1069E-08    3.4376E-01   -1.9476E+00    9.6089E+00    2.1700E-04
7.7183E+00  3.8578E-01 2.3614E+02    1.3072E-04    3.8795E-08    4.1204E-01   -2.1687E+00    1.1201E+01    2.1700E-04
7.2633E+00  4.1131E-01 2.4024E+02    2.0415E-04    3.6607E-08    4.8391E-01   -2.3149E+00    1.2930E+01    2.1700E-04
6.8098E+00  4.3799E-01 2.4419E+02    3.0965E-04    3.4419E-08    5.6161E-01   -2.3947E+00    1.4781E+01    2.1700E-04
6.3583E+00  4.6580E-01 2.4798E+02    4.5602E-04    3.2398E-08    6.3472E-01   -2.4059E+00    1.6733E+01    2.1700E-04
5.9094E+00  4.9476E-01 2.5160E+02    6.5223E-04    3.0347E-08    6.8991E-01   -2.3864E+00    1.8761E+01    2.1700E-04
5.4637E+00  5.2485E-01 2.5502E+02    9.0687E-04    2.8348E-08    7.2750E-01   -2.3612E+00    2.0842E+01    2.1700E-04
5.0219E+00  5.5607E-01 2.5825E+02    1.2276E-03    2.6445E-08    7.5598E-01   -2.3264E+00    2.2955E+01    2.1700E-04
4.5844E+00  5.8841E-01 2.6128E+02    1.6211E-03    2.4606E-08    7.7881E-01   -2.2622E+00    2.5082E+01    2.1700E-04
4.1518E+00  6.2184E-01 2.6413E+02    2.0926E-03    2.2832E-08    7.9352E-01   -2.1908E+00    2.7208E+01    2.1700E-04
3.7246E+00  6.5635E-01 2.6681E+02    2.6464E-03    2.1220E-08    7.9824E-01   -2.1077E+00    2.9322E+01    2.1700E-04
3.3032E+00  6.9190E-01 2.6933E+02    3.2857E-03    1.9696E-08    7.9501E-01   -1.9774E+00    3.1417E+01    2.1700E-04
2.8882E+00  7.2845E-01 2.7170E+02    4.0128E-03    1.8265E-08    7.8757E-01   -1.8185E+00    3.3487E+01    2.1700E-04
2.4797E+00  7.6597E-01 2.7404E+02    4.8853E-03    1.7036E-08    7.8205E-01   -1.6955E+00    3.5640E+01    2.1700E-04
2.0780E+00  8.0440E-01 2.7639E+02    5.8028E-03    1.5946E-08    7.6558E-01   -1.5901E+00    3.7889E+01    2.1700E-04
1.6832E+00  8.4370E-01 2.7863E+02    6.7489E-03    1.4952E-08    7.4279E-01   -1.5274E+00    4.0136E+01    2.1700E-04
1.2958E+00  8.8381E-01 2.8076E+02    7.8865E-03    1.4100E-08    7.2916E-01   -1.5558E+00    4.2368E+01    2.1700E-04
9.1594E-01  9.2465E-01 2.8279E+02    8.9708E-03    1.3462E-08    7.1333E-01   -1.6351E+00    4.4576E+01    2.1700E-04
5.4398E-01  9.6616E-01 2.8474E+02    1.0302E-02    1.2908E-08    7.1790E-01   -1.8767E+00    4.6777E+01    2.1700E-04
1.8015E-01  1.0083E+00 2.8658E+02    1.1629E-02    1.2405E-08    7.3364E-01   -2.1126E+00    4.8941E+01    2.1700E-04
0.0000E+00  1.0297E+00 2.8751E+02    1.2297E-02    1.2500E-08    7.8632E+00   -3.4298E+00    5.0059E+01    2.1700E-04
