     ALT          P          T          FH2O           O3           THEAT        TCOOL        PSATCO2        FCO2
7.3768E+01  3.2610E-05 2.2372E+02    4.1732E-06    9.2669E-08    3.6782E+01   -7.0777E+01    6.9878E+00    2.1600E-04
7.2635E+01  3.8506E-05 2.2510E+02    4.3642E-06    1.1809E-07    5.1626E+00   -4.5579E+01    7.3855E+00    2.1600E-04
7.1503E+01  4.5411E-05 2.2654E+02    4.5396E-06    1.5242E-07    2.5504E+00   -2.8601E+01    7.8185E+00    2.1600E-04
7.0373E+01  5.3486E-05 2.2805E+02    4.6979E-06    1.9360E-07    2.4790E+00   -1.7872E+01    8.2922E+00    2.1600E-04
6.9245E+01  6.2919E-05 2.2963E+02    4.8351E-06    2.3974E-07    2.6742E+00   -1.1583E+01    8.8072E+00    2.1600E-04
6.8118E+01  7.3921E-05 2.3125E+02    4.9570E-06    2.8699E-07    2.8944E+00   -8.1432E+00    9.3625E+00    2.1600E-04
6.6992E+01  8.6738E-05 2.3290E+02    5.0696E-06    3.3587E-07    3.1234E+00   -6.4058E+00    9.9565E+00    2.1600E-04
6.5867E+01  1.0165E-04 2.3458E+02    5.1637E-06    3.8813E-07    3.3700E+00   -5.5872E+00    1.0587E+01    2.1600E-04
6.4744E+01  1.1897E-04 2.3627E+02    5.2527E-06    4.4437E-07    3.6499E+00   -5.2780E+00    1.1251E+01    2.1600E-04
6.3622E+01  1.3908E-04 2.3796E+02    5.3300E-06    5.0784E-07    3.9660E+00   -5.2219E+00    1.1947E+01    2.1600E-04
6.2502E+01  1.6237E-04 2.3965E+02    5.3973E-06    5.7878E-07    4.3175E+00   -5.2925E+00    1.2672E+01    2.1600E-04
6.1383E+01  1.8932E-04 2.4133E+02    5.4644E-06    6.5696E-07    4.6995E+00   -5.4319E+00    1.3424E+01    2.1600E-04
6.0267E+01  2.2048E-04 2.4299E+02    5.5210E-06    7.4298E-07    5.1089E+00   -5.6063E+00    1.4202E+01    2.1600E-04
5.9152E+01  2.5643E-04 2.4464E+02    5.5656E-06    8.3829E-07    5.5443E+00   -5.8034E+00    1.5005E+01    2.1600E-04
5.8039E+01  2.9788E-04 2.4628E+02    5.6101E-06    9.4190E-07    5.9930E+00   -6.0214E+00    1.5833E+01    2.1600E-04
5.6929E+01  3.4558E-04 2.4790E+02    5.6545E-06    1.0560E-06    6.4507E+00   -6.2548E+00    1.6686E+01    2.1600E-04
5.5822E+01  4.0042E-04 2.4950E+02    5.6888E-06    1.1770E-06    6.8945E+00   -6.4925E+00    1.7565E+01    2.1600E-04
5.4717E+01  4.6338E-04 2.5110E+02    5.7115E-06    1.3203E-06    7.3668E+00   -6.7212E+00    1.8471E+01    2.1600E-04
5.3615E+01  5.3556E-04 2.5268E+02    5.7435E-06    1.4744E-06    7.8051E+00   -6.9460E+00    1.9405E+01    2.1600E-04
5.2517E+01  6.1820E-04 2.5426E+02    5.7600E-06    1.6437E-06    8.2016E+00   -7.1594E+00    2.0367E+01    2.1600E-04
5.1422E+01  7.1270E-04 2.5583E+02    5.7774E-06    1.8365E-06    8.5639E+00   -7.3633E+00    2.1358E+01    2.1600E-04
5.0330E+01  8.2061E-04 2.5739E+02    5.7893E-06    2.0526E-06    8.8657E+00   -7.5530E+00    2.2380E+01    2.1600E-04
4.9241E+01  9.4367E-04 2.5894E+02    5.7900E-06    2.2914E-06    9.0773E+00   -7.7345E+00    2.3432E+01    2.1600E-04
4.8157E+01  1.0838E-03 2.6050E+02    5.7900E-06    2.5451E-06    9.1699E+00   -8.0081E+00    2.4524E+01    2.1600E-04
4.7076E+01  1.2432E-03 2.6212E+02    5.7856E-06    2.8205E-06    9.1467E+00   -8.3267E+00    2.5692E+01    2.1600E-04
4.5999E+01  1.4242E-03 2.6343E+02    5.7741E-06    3.1221E-06    9.0056E+00   -8.5082E+00    2.6674E+01    2.1600E-04
4.4929E+01  1.6296E-03 2.6412E+02    5.7453E-06    3.4565E-06    8.7527E+00   -8.4594E+00    2.7198E+01    2.1600E-04
4.3867E+01  1.8621E-03 2.6408E+02    5.7129E-06    3.8049E-06    8.3638E+00   -8.1882E+00    2.7165E+01    2.1600E-04
4.2818E+01  2.1253E-03 2.6333E+02    5.6709E-06    4.1520E-06    7.8542E+00   -7.7512E+00    2.6594E+01    2.1600E-04
4.1783E+01  2.4225E-03 2.6197E+02    5.6193E-06    4.4834E-06    7.2655E+00   -7.2163E+00    2.5581E+01    2.1600E-04
4.0765E+01  2.7578E-03 2.6012E+02    5.5482E-06    4.7776E-06    6.6407E+00   -6.6364E+00    2.4252E+01    2.1600E-04
3.9764E+01  3.1356E-03 2.5792E+02    5.4776E-06    5.0259E-06    6.0290E+00   -6.0531E+00    2.2737E+01    2.1600E-04
3.8783E+01  3.5606E-03 2.5549E+02    5.3992E-06    5.2217E-06    5.4615E+00   -5.4931E+00    2.1140E+01    2.1600E-04
3.7821E+01  4.0381E-03 2.5290E+02    5.3128E-06    5.3755E-06    4.9590E+00   -4.9785E+00    1.9534E+01    2.1600E-04
3.6879E+01  4.5740E-03 2.5021E+02    5.2286E-06    5.4996E-06    4.5239E+00   -4.5236E+00    1.7965E+01    2.1600E-04
3.5957E+01  5.1744E-03 2.4747E+02    5.1297E-06    5.5935E-06    4.1433E+00   -4.1233E+00    1.6459E+01    2.1600E-04
3.5055E+01  5.8462E-03 2.4470E+02    5.0315E-06    5.6689E-06    3.8078E+00   -3.7778E+00    1.5035E+01    2.1600E-04
3.4172E+01  6.5969E-03 2.4194E+02    4.9356E-06    5.7271E-06    3.5058E+00   -3.4734E+00    1.3706E+01    2.1600E-04
3.3308E+01  7.4347E-03 2.3922E+02    4.8321E-06    5.7693E-06    3.2280E+00   -3.1950E+00    1.2485E+01    2.1600E-04
3.2464E+01  8.3683E-03 2.3659E+02    4.7308E-06    5.7700E-06    2.9610E+00   -2.9314E+00    1.1381E+01    2.1600E-04
3.1637E+01  9.4073E-03 2.3409E+02    4.6317E-06    5.7409E-06    2.7076E+00   -2.6811E+00    1.0400E+01    2.1600E-04
3.0828E+01  1.0562E-02 2.3176E+02    4.5348E-06    5.6740E-06    2.4650E+00   -2.4725E+00    9.5432E+00    2.1600E-04
3.0036E+01  1.1843E-02 2.2962E+02    4.4398E-06    5.5446E-06    2.2294E+00   -2.2224E+00    8.8068E+00    2.1600E-04
2.9260E+01  1.3264E-02 2.2769E+02    4.3468E-06    5.3830E-06    2.0111E+00   -1.9878E+00    8.1774E+00    2.1600E-04
2.8498E+01  1.4835E-02 2.2595E+02    4.2497E-06    5.1734E-06    1.8084E+00   -1.7705E+00    7.6388E+00    2.1600E-04
2.7751E+01  1.6572E-02 2.2437E+02    4.1560E-06    4.9279E-06    1.6249E+00   -1.5733E+00    7.1746E+00    2.1600E-04
2.7017E+01  1.8490E-02 2.2293E+02    4.0681E-06    4.6528E-06    1.4614E+00   -1.3978E+00    6.7694E+00    2.1600E-04
2.6297E+01  2.0603E-02 2.2160E+02    3.9819E-06    4.3564E-06    1.3175E+00   -1.2442E+00    6.4102E+00    2.1600E-04
2.5589E+01  2.2928E-02 2.2035E+02    3.9009E-06    4.0547E-06    1.1930E+00   -1.1112E+00    6.0863E+00    2.1600E-04
2.4894E+01  2.5484E-02 2.1916E+02    3.8238E-06    3.7497E-06    1.0839E+00   -9.9585E-01    5.7899E+00    2.1600E-04
2.4210E+01  2.8289E-02 2.1802E+02    3.7420E-06    3.4400E-06    9.8601E-01   -8.9438E-01    5.5153E+00    2.1600E-04
2.3539E+01  3.1363E-02 2.1691E+02    3.6616E-06    3.1393E-06    8.9763E-01   -8.0297E-01    5.2594E+00    2.1600E-04
2.2879E+01  3.4728E-02 2.1584E+02    3.5826E-06    2.8452E-06    8.1554E-01   -7.1923E-01    4.9382E+00    2.1600E-04
2.2231E+01  3.8405E-02 2.1481E+02    3.5151E-06    2.5622E-06    7.3845E-01   -6.4208E-01    4.6081E+00    2.1600E-04
2.1594E+01  4.2418E-02 2.1382E+02    3.4387E-06    2.2938E-06    6.6560E-01   -5.6987E-01    4.3099E+00    2.1600E-04
2.0968E+01  4.6791E-02 2.1288E+02    3.3699E-06    2.0375E-06    5.9637E-01   -5.0337E-01    4.0431E+00    2.1600E-04
2.0352E+01  5.1550E-02 2.1201E+02    3.3002E-06    1.8013E-06    5.3197E-01   -4.4084E-01    3.8069E+00    2.1600E-04
1.9747E+01  5.6722E-02 2.1120E+02    3.2383E-06    1.5835E-06    4.7233E-01   -3.8195E-01    3.6000E+00    2.1600E-04
1.9153E+01  6.2333E-02 2.1047E+02    3.1789E-06    1.3708E-06    4.1612E-01   -3.2825E-01    3.4209E+00    2.1600E-04
1.8568E+01  6.8414E-02 2.0982E+02    3.1206E-06    1.1757E-06    3.6543E-01   -2.7808E-01    3.2673E+00    2.1600E-04
1.7994E+01  7.4993E-02 2.0924E+02    3.0633E-06    9.9969E-07    3.2082E-01   -2.3174E-01    3.1364E+00    2.1600E-04
1.7428E+01  8.2101E-02 2.0873E+02    3.0136E-06    8.4189E-07    2.8214E-01   -1.9121E-01    3.0253E+00    2.1600E-04
1.6872E+01  8.9770E-02 2.0829E+02    2.9769E-06    7.0000E-07    2.4883E-01   -1.5915E-01    2.9316E+00    2.1600E-04
1.6325E+01  9.8032E-02 2.0791E+02    2.9355E-06    5.7365E-07    2.2031E-01   -1.3595E-01    2.8533E+00    2.1600E-04
1.5787E+01  1.0692E-01 2.0759E+02    2.9020E-06    4.6307E-07    1.9516E-01   -9.0892E-02    2.7881E+00    2.1600E-04
1.5257E+01  1.1646E-01 2.0733E+02    2.8703E-06    3.6969E-07    1.7403E-01   -7.9218E-02    2.7354E+00    2.1600E-04
1.4736E+01  1.2670E-01 2.0713E+02    2.8494E-06    2.9184E-07    1.5666E-01   -7.3549E-02    2.6967E+00    2.1600E-04
1.4223E+01  1.3767E-01 2.0702E+02    2.8295E-06    2.2866E-07    1.4248E-01   -7.1599E-02    2.6748E+00    2.1600E-04
1.3718E+01  1.4939E-01 2.0701E+02    2.8194E-06    1.7504E-07    1.3066E-01   -7.3640E-02    2.6735E+00    2.1600E-04
1.3221E+01  1.6191E-01 2.0713E+02    2.8095E-06    1.3423E-07    1.2143E-01   -7.4796E-02    2.6957E+00    2.1600E-04
1.2731E+01  1.7526E-01 2.0737E+02    2.8013E-06    1.0632E-07    1.1469E-01   -7.2299E-02    2.7441E+00    2.1600E-04
1.2249E+01  1.8946E-01 2.0773E+02    2.8398E-06    8.7778E-08    1.1036E-01   -6.7429E-02    2.8163E+00    2.1600E-04
1.1773E+01  2.0457E-01 2.0819E+02    3.4798E-06    7.3834E-08    1.1005E-01   -7.6791E-02    2.9107E+00    2.1600E-04
1.1304E+01  2.2059E-01 2.0872E+02    3.9455E-06    6.3404E-08    1.0974E-01   -4.8527E-02    3.0229E+00    2.1600E-04
1.0842E+01  2.3758E-01 2.0927E+02    4.5016E-06    5.7328E-08    1.1066E-01   -4.1823E-02    3.1427E+00    2.1600E-04
1.0386E+01  2.5555E-01 2.1092E+02    5.6953E-06    5.3524E-08    1.1521E-01   -6.4759E-02    3.5308E+00    2.1600E-04
9.9332E+00  2.7453E-01 2.1293E+02    7.5359E-06    5.0615E-08    1.2418E-01   -2.0385E-01    4.0564E+00    2.1600E-04
9.4820E+00  2.9455E-01 2.1730E+02    1.3526E-05    4.8118E-08    1.5166E-01   -5.8437E-01    5.3484E+00    2.1600E-04
9.0300E+00  3.1563E-01 2.2166E+02    2.3673E-05    4.5765E-08    1.9247E-01   -9.8638E-01    6.4251E+00    2.1600E-04
8.5774E+00  3.3779E-01 2.2598E+02    4.0387E-05    4.3445E-08    2.4573E-01   -1.3882E+00    7.6484E+00    2.1600E-04
8.1249E+00  3.6106E-01 2.3026E+02    6.7140E-05    4.1183E-08    3.0891E-01   -1.7459E+00    9.0220E+00    2.1600E-04
7.6726E+00  3.8544E-01 2.3447E+02    1.0868E-04    3.8939E-08    3.7664E-01   -2.0151E+00    1.0544E+01    2.1600E-04
7.2213E+00  4.1095E-01 2.3858E+02    1.7114E-04    3.6776E-08    4.4714E-01   -2.1946E+00    1.2208E+01    2.1600E-04
6.7712E+00  4.3759E-01 2.4256E+02    2.6196E-04    3.4615E-08    5.2348E-01   -2.3087E+00    1.3999E+01    2.1600E-04
6.3231E+00  4.6538E-01 2.4640E+02    3.8956E-04    3.2541E-08    5.9991E-01   -2.3455E+00    1.5899E+01    2.1600E-04
5.8775E+00  4.9431E-01 2.5007E+02    5.6283E-04    3.0558E-08    6.6225E-01   -2.3426E+00    1.7886E+01    2.1600E-04
5.4349E+00  5.2437E-01 2.5356E+02    7.9055E-04    2.8605E-08    7.0562E-01   -2.3179E+00    1.9936E+01    2.1600E-04
4.9959E+00  5.5556E-01 2.5686E+02    1.0808E-03    2.6722E-08    7.3717E-01   -2.2955E+00    2.2028E+01    2.1600E-04
4.5612E+00  5.8787E-01 2.5997E+02    1.4407E-03    2.4894E-08    7.6272E-01   -2.2451E+00    2.4142E+01    2.1600E-04
4.1312E+00  6.2127E-01 2.6289E+02    1.8761E-03    2.3141E-08    7.8129E-01   -2.1788E+00    2.6262E+01    2.1600E-04
3.7064E+00  6.5574E-01 2.6563E+02    2.3917E-03    2.1533E-08    7.9019E-01   -2.1079E+00    2.8375E+01    2.1600E-04
3.2873E+00  6.9125E-01 2.6821E+02    2.9910E-03    1.9941E-08    7.9018E-01   -2.0049E+00    3.0473E+01    2.1600E-04
2.8744E+00  7.2776E-01 2.7064E+02    3.6769E-03    1.8589E-08    7.8444E-01   -1.8450E+00    3.2548E+01    2.1600E-04
2.4680E+00  7.6524E-01 2.7292E+02    4.4508E-03    1.7341E-08    7.7566E-01   -1.6975E+00    3.4596E+01    2.1600E-04
2.0683E+00  8.0364E-01 2.7532E+02    5.3908E-03    1.6217E-08    7.6977E-01   -1.6139E+00    3.6846E+01    2.1600E-04
1.6755E+00  8.4289E-01 2.7758E+02    6.2812E-03    1.5232E-08    7.4717E-01   -1.5258E+00    3.9076E+01    2.1600E-04
1.2899E+00  8.8296E-01 2.7976E+02    7.3635E-03    1.4386E-08    7.3376E-01   -1.5348E+00    4.1309E+01    2.1600E-04
9.1186E-01  9.2376E-01 2.8182E+02    8.4662E-03    1.3686E-08    7.2034E-01   -1.6047E+00    4.3513E+01    2.1600E-04
5.4159E-01  9.6523E-01 2.8380E+02    9.6428E-03    1.3104E-08    7.1748E-01   -1.8085E+00    4.5707E+01    2.1600E-04
1.7937E-01  1.0073E+00 2.8568E+02    1.0993E-02    1.2604E-08    7.3613E-01   -2.0569E+00    4.7869E+01    2.1600E-04
0.0000E+00  1.0287E+00 2.8662E+02    1.1670E-02    1.2700E-08    7.9016E+00   -3.5027E+00    4.8982E+01    2.1600E-04
