     ALT          P          T          FH2O           O3           THEAT        TCOOL        PSATCO2        FCO2
7.3785E+01  3.2610E-05 2.2304E+02    5.0019E-06    8.7019E-08    3.6678E+01   -6.9842E+01    6.7985E+00    2.1400E-04
7.2655E+01  3.8505E-05 2.2441E+02    5.2367E-06    1.1131E-07    5.1889E+00   -4.5423E+01    7.1858E+00    2.1400E-04
7.1528E+01  4.5410E-05 2.2585E+02    5.4396E-06    1.4385E-07    2.5235E+00   -2.8869E+01    7.6080E+00    2.1400E-04
7.0402E+01  5.3485E-05 2.2735E+02    5.6254E-06    1.8297E-07    2.4320E+00   -1.8337E+01    8.0701E+00    2.1400E-04
6.9277E+01  6.2917E-05 2.2892E+02    5.7860E-06    2.2681E-07    2.6144E+00   -1.2105E+01    8.5731E+00    2.1400E-04
6.8154E+01  7.3918E-05 2.3054E+02    5.9313E-06    2.7185E-07    2.8234E+00   -8.6613E+00    9.1160E+00    2.1400E-04
6.7032E+01  8.6734E-05 2.3219E+02    6.0616E-06    3.1892E-07    3.0427E+00   -6.8807E+00    9.6971E+00    2.1400E-04
6.5912E+01  1.0164E-04 2.3386E+02    6.1737E-06    3.6835E-07    3.2760E+00   -6.0190E+00    1.0314E+01    2.1400E-04
6.4792E+01  1.1897E-04 2.3555E+02    6.2765E-06    4.2368E-07    3.5502E+00   -5.6628E+00    1.0965E+01    2.1400E-04
6.3675E+01  1.3907E-04 2.3724E+02    6.3745E-06    4.8436E-07    3.8536E+00   -5.5638E+00    1.1648E+01    2.1400E-04
6.2558E+01  1.6236E-04 2.3893E+02    6.4553E-06    5.5339E-07    4.1963E+00   -5.5872E+00    1.2359E+01    2.1400E-04
6.1443E+01  1.8931E-04 2.4061E+02    6.5284E-06    6.2979E-07    4.5709E+00   -5.6749E+00    1.3098E+01    2.1400E-04
6.0330E+01  2.2046E-04 2.4227E+02    6.5951E-06    7.1355E-07    4.9716E+00   -5.7988E+00    1.3862E+01    2.1400E-04
5.9219E+01  2.5641E-04 2.4393E+02    6.6518E-06    8.0566E-07    5.3958E+00   -5.9461E+00    1.4652E+01    2.1400E-04
5.8110E+01  2.9784E-04 2.4556E+02    6.7056E-06    9.0711E-07    5.8400E+00   -6.1131E+00    1.5466E+01    2.1400E-04
5.7004E+01  3.4554E-04 2.4718E+02    6.7498E-06    1.0201E-06    6.3009E+00   -6.2942E+00    1.6305E+01    2.1400E-04
5.5900E+01  4.0037E-04 2.4879E+02    6.7940E-06    1.1416E-06    6.7532E+00   -6.4868E+00    1.7170E+01    2.1400E-04
5.4799E+01  4.6332E-04 2.5038E+02    6.8290E-06    1.2739E-06    7.1930E+00   -6.6786E+00    1.8062E+01    2.1400E-04
5.3701E+01  5.3549E-04 2.5197E+02    6.8610E-06    1.4267E-06    7.6394E+00   -6.8598E+00    1.8980E+01    2.1400E-04
5.2606E+01  6.1812E-04 2.5355E+02    6.8929E-06    1.5954E-06    8.0540E+00   -7.0398E+00    1.9926E+01    2.1400E-04
5.1514E+01  7.1260E-04 2.5511E+02    6.9147E-06    1.7865E-06    8.4325E+00   -7.2115E+00    2.0901E+01    2.1400E-04
5.0426E+01  8.2049E-04 2.5667E+02    6.9265E-06    2.0007E-06    8.7515E+00   -7.3731E+00    2.1906E+01    2.1400E-04
4.9341E+01  9.4352E-04 2.5823E+02    6.9382E-06    2.2377E-06    8.9848E+00   -7.5300E+00    2.2941E+01    2.1400E-04
4.8260E+01  1.0836E-03 2.5977E+02    6.9400E-06    2.4975E-06    9.1164E+00   -7.7806E+00    2.4007E+01    2.1400E-04
4.7182E+01  1.2430E-03 2.6140E+02    6.9400E-06    2.7687E-06    9.1049E+00   -8.1053E+00    2.5166E+01    2.1400E-04
4.6109E+01  1.4240E-03 2.6282E+02    6.9300E-06    3.0691E-06    8.9792E+00   -8.3387E+00    2.6211E+01    2.1400E-04
4.5041E+01  1.6293E-03 2.6366E+02    6.9158E-06    3.3962E-06    8.7307E+00   -8.3566E+00    2.6847E+01    2.1400E-04
4.3981E+01  1.8618E-03 2.6377E+02    6.8846E-06    3.7405E-06    8.3518E+00   -8.1401E+00    2.6929E+01    2.1400E-04
4.2933E+01  2.1248E-03 2.6314E+02    6.8473E-06    4.0870E-06    7.8548E+00   -7.7414E+00    2.6454E+01    2.1400E-04
4.1900E+01  2.4220E-03 2.6187E+02    6.7960E-06    4.4217E-06    7.2780E+00   -7.2299E+00    2.5512E+01    2.1400E-04
4.0882E+01  2.7572E-03 2.6009E+02    6.7379E-06    4.7229E-06    6.6608E+00   -6.6647E+00    2.4231E+01    2.1400E-04
3.9882E+01  3.1349E-03 2.5794E+02    6.6679E-06    4.9682E-06    6.0444E+00   -6.0872E+00    2.2746E+01    2.1400E-04
3.8901E+01  3.5598E-03 2.5553E+02    6.5920E-06    5.1798E-06    5.4838E+00   -5.5327E+00    2.1169E+01    2.1400E-04
3.7939E+01  4.0372E-03 2.5297E+02    6.5150E-06    5.3397E-06    4.9798E+00   -5.0200E+00    1.9576E+01    2.1400E-04
3.6997E+01  4.5729E-03 2.5030E+02    6.4246E-06    5.4703E-06    4.5427E+00   -4.5645E+00    1.8015E+01    2.1400E-04
3.6075E+01  5.1732E-03 2.4758E+02    6.3324E-06    5.5675E-06    4.1593E+00   -4.1639E+00    1.6518E+01    2.1400E-04
3.5173E+01  5.8448E-03 2.4484E+02    6.2406E-06    5.6462E-06    3.8220E+00   -3.8187E+00    1.5102E+01    2.1400E-04
3.4290E+01  6.5953E-03 2.4211E+02    6.1439E-06    5.7077E-06    3.5190E+00   -3.5152E+00    1.3783E+01    2.1400E-04
3.3426E+01  7.4329E-03 2.3942E+02    6.0409E-06    5.7530E-06    3.2405E+00   -3.2388E+00    1.2573E+01    2.1400E-04
3.2581E+01  8.3662E-03 2.3684E+02    5.9395E-06    5.7566E-06    2.9732E+00   -2.9779E+00    1.1481E+01    2.1400E-04
3.1754E+01  9.4049E-03 2.3438E+02    5.8403E-06    5.7301E-06    2.7189E+00   -2.7305E+00    1.0513E+01    2.1400E-04
3.0944E+01  1.0559E-02 2.3211E+02    5.7431E-06    5.6531E-06    2.4729E+00   -2.5232E+00    9.6712E+00    2.1400E-04
3.0151E+01  1.1840E-02 2.3005E+02    5.6479E-06    5.5398E-06    2.2404E+00   -2.2768E+00    8.9509E+00    2.1400E-04
2.9373E+01  1.3260E-02 2.2820E+02    5.5546E-06    5.3690E-06    2.0192E+00   -2.0454E+00    8.3388E+00    2.1400E-04
2.8610E+01  1.4831E-02 2.2654E+02    5.4630E-06    5.1572E-06    1.8153E+00   -1.8325E+00    7.8186E+00    2.1400E-04
2.7861E+01  1.6568E-02 2.2506E+02    5.3731E-06    4.9168E-06    1.6322E+00   -1.6398E+00    7.3738E+00    2.1400E-04
2.7125E+01  1.8484E-02 2.2372E+02    5.2748E-06    4.6388E-06    1.4674E+00   -1.4683E+00    6.9887E+00    2.1400E-04
2.6402E+01  2.0597E-02 2.2250E+02    5.1881E-06    4.3424E-06    1.3230E+00   -1.3189E+00    6.6498E+00    2.1400E-04
2.5692E+01  2.2921E-02 2.2136E+02    5.1028E-06    4.0432E-06    1.1983E+00   -1.1900E+00    6.3461E+00    2.1400E-04
2.4993E+01  2.5476E-02 2.2028E+02    5.0190E-06    3.7349E-06    1.0883E+00   -1.0787E+00    6.0690E+00    2.1400E-04
2.4307E+01  2.8280E-02 2.1925E+02    4.9366E-06    3.4247E-06    9.9005E-01   -9.8109E-01    5.8126E+00    2.1400E-04
2.3631E+01  3.1354E-02 2.1826E+02    4.8555E-06    3.1258E-06    9.0182E-01   -8.9311E-01    5.5731E+00    2.1400E-04
2.2968E+01  3.4717E-02 2.1730E+02    4.7759E-06    2.8331E-06    8.1977E-01   -8.1223E-01    5.3485E+00    2.1400E-04
2.2315E+01  3.8393E-02 2.1637E+02    4.6976E-06    2.5470E-06    7.4216E-01   -7.3723E-01    5.1160E+00    2.1400E-04
2.1673E+01  4.2404E-02 2.1548E+02    4.6306E-06    2.2859E-06    6.7031E-01   -6.6668E-01    4.8213E+00    2.1400E-04
2.1042E+01  4.6776E-02 2.1464E+02    4.5548E-06    2.0284E-06    6.0083E-01   -6.0124E-01    4.5553E+00    2.1400E-04
2.0422E+01  5.1533E-02 2.1384E+02    4.4804E-06    1.7927E-06    5.3619E-01   -5.3939E-01    4.3179E+00    2.1400E-04
1.9812E+01  5.6702E-02 2.1312E+02    4.4161E-06    1.5709E-06    4.7593E-01   -4.8148E-01    4.1090E+00    2.1400E-04
1.9213E+01  6.2312E-02 2.1246E+02    4.3461E-06    1.3660E-06    4.2060E-01   -4.2609E-01    3.9274E+00    2.1400E-04
1.8623E+01  6.8390E-02 2.1187E+02    4.2871E-06    1.1695E-06    3.6967E-01   -3.7543E-01    3.7714E+00    2.1400E-04
1.8042E+01  7.4967E-02 2.1135E+02    4.2290E-06    9.9684E-07    3.2538E-01   -3.2721E-01    3.6384E+00    2.1400E-04
1.7472E+01  8.2072E-02 2.1090E+02    4.1776E-06    8.3863E-07    2.8657E-01   -2.8471E-01    3.5255E+00    2.1400E-04
1.6910E+01  8.9738E-02 2.1051E+02    4.1326E-06    6.9749E-07    2.5324E-01   -2.4935E-01    3.4298E+00    2.1400E-04
1.6357E+01  9.7996E-02 2.1017E+02    4.0884E-06    5.7184E-07    2.2477E-01   -2.2233E-01    3.3490E+00    2.1400E-04
1.5813E+01  1.0688E-01 2.0987E+02    4.0537E-06    4.6135E-07    1.9954E-01   -1.7575E-01    3.2805E+00    2.1400E-04
1.5278E+01  1.1642E-01 2.0962E+02    4.0216E-06    3.6818E-07    1.7834E-01   -1.5861E-01    3.2234E+00    2.1400E-04
1.4751E+01  1.2665E-01 2.0943E+02    4.0000E-06    2.9104E-07    1.6097E-01   -1.4747E-01    3.1793E+00    2.1400E-04
1.4233E+01  1.3761E-01 2.0931E+02    3.9793E-06    2.2785E-07    1.4670E-01   -1.4082E-01    3.1518E+00    2.1400E-04
1.3723E+01  1.4933E-01 2.0928E+02    3.9594E-06    1.7433E-07    1.3477E-01   -1.3814E-01    3.1446E+00    2.1400E-04
1.3220E+01  1.6185E-01 2.0935E+02    3.9494E-06    1.3304E-07    1.2540E-01   -1.3615E-01    3.1619E+00    2.1400E-04
1.2726E+01  1.7519E-01 2.0955E+02    3.9400E-06    1.0500E-07    1.1858E-01   -1.3063E-01    3.2055E+00    2.1400E-04
1.2238E+01  1.8939E-01 2.0986E+02    3.9452E-06    8.7114E-08    1.1389E-01   -1.2135E-01    3.2762E+00    2.1400E-04
1.1758E+01  2.0449E-01 2.1028E+02    4.1564E-06    7.3012E-08    1.1136E-01   -1.1848E-01    3.3746E+00    2.1400E-04
1.1285E+01  2.2051E-01 2.1076E+02    5.0602E-06    6.2696E-08    1.1278E-01   -1.2634E-01    3.4905E+00    2.1400E-04
1.0819E+01  2.3748E-01 2.1134E+02    5.7295E-06    5.6785E-08    1.1493E-01   -1.0473E-01    3.6347E+00    2.1400E-04
1.0359E+01  2.5544E-01 2.1196E+02    6.5859E-06    5.3163E-08    1.1607E-01   -5.4755E-02    3.7944E+00    2.1400E-04
9.9049E+00  2.7441E-01 2.1330E+02    7.9296E-06    5.0311E-08    1.2127E-01   -1.1203E-01    4.1614E+00    2.1400E-04
9.4543E+00  2.9443E-01 2.1657E+02    1.2306E-05    4.7846E-08    1.4009E-01   -3.8514E-01    5.1825E+00    2.1400E-04
9.0040E+00  3.1550E-01 2.2091E+02    2.1578E-05    4.5553E-08    1.7677E-01   -7.9643E-01    6.2306E+00    2.1400E-04
8.5532E+00  3.3765E-01 2.2523E+02    3.6904E-05    4.3299E-08    2.2742E-01   -1.2191E+00    7.4240E+00    2.1400E-04
8.1023E+00  3.6090E-01 2.2950E+02    6.1520E-05    4.1077E-08    2.8928E-01   -1.6083E+00    8.7663E+00    2.1400E-04
7.6517E+00  3.8527E-01 2.3371E+02    9.9892E-05    3.8917E-08    3.5706E-01   -1.9126E+00    1.0257E+01    2.1400E-04
7.2020E+00  4.1077E-01 2.3783E+02    1.5785E-04    3.6773E-08    4.2786E-01   -2.1196E+00    1.1889E+01    2.1400E-04
6.7536E+00  4.3740E-01 2.4182E+02    2.4254E-04    3.4716E-08    5.0417E-01   -2.2554E+00    1.3652E+01    2.1400E-04
6.3070E+00  4.6518E-01 2.4568E+02    3.6219E-04    3.2655E-08    5.8198E-01   -2.3097E+00    1.5527E+01    2.1400E-04
5.8629E+00  4.9409E-01 2.4937E+02    5.2561E-04    3.0683E-08    6.4765E-01   -2.3149E+00    1.7493E+01    2.1400E-04
5.4217E+00  5.2414E-01 2.5289E+02    7.4160E-04    2.8737E-08    6.9424E-01   -2.2964E+00    1.9528E+01    2.1400E-04
4.9841E+00  5.5531E-01 2.5622E+02    1.0184E-03    2.6863E-08    7.2764E-01   -2.2782E+00    2.1608E+01    2.1400E-04
4.5506E+00  5.8760E-01 2.5935E+02    1.3633E-03    2.5083E-08    7.5452E-01   -2.2352E+00    2.3714E+01    2.1400E-04
4.1217E+00  6.2099E-01 2.6231E+02    1.7824E-03    2.3370E-08    7.7481E-01   -2.1719E+00    2.5830E+01    2.1400E-04
3.6980E+00  6.5544E-01 2.6508E+02    2.2806E-03    2.1706E-08    7.8570E-01   -2.1050E+00    2.7941E+01    2.1400E-04
3.2800E+00  6.9093E-01 2.6769E+02    2.8617E-03    2.0204E-08    7.8735E-01   -2.0111E+00    3.0038E+01    2.1400E-04
2.8681E+00  7.2743E-01 2.7014E+02    3.5285E-03    1.8788E-08    7.8279E-01   -1.8630E+00    3.2114E+01    2.1400E-04
2.4626E+00  7.6489E-01 2.7245E+02    4.2827E-03    1.7522E-08    7.7505E-01   -1.7129E+00    3.4164E+01    2.1400E-04
2.0638E+00  8.0327E-01 2.7481E+02    5.1982E-03    1.6404E-08    7.7026E-01   -1.6190E+00    3.6366E+01    2.1400E-04
1.6719E+00  8.4250E-01 2.7710E+02    6.0959E-03    1.5423E-08    7.5053E-01   -1.5318E+00    3.8593E+01    2.1400E-04
1.2872E+00  8.8255E-01 2.7930E+02    7.1197E-03    1.4579E-08    7.3456E-01   -1.5235E+00    4.0823E+01    2.1400E-04
9.0996E-01  9.2333E-01 2.8137E+02    8.2314E-03    1.3882E-08    7.2270E-01   -1.5902E+00    4.3025E+01    2.1400E-04
5.4047E-01  9.6478E-01 2.8336E+02    9.3325E-03    1.3345E-08    7.1632E-01   -1.7751E+00    4.5210E+01    2.1400E-04
1.7901E-01  1.0068E+00 2.8525E+02    1.0694E-02    1.2917E-08    7.3680E-01   -2.0300E+00    4.7372E+01    2.1400E-04
0.0000E+00  1.0282E+00 2.8620E+02    1.1375E-02    1.3000E-08    7.9177E+00   -3.5360E+00    4.8483E+01    2.1400E-04
