   223.674460491958        0.310331837489502E-05
   225.055409239902        0.325584069778857E-05
   226.494902486903        0.339151458371574E-05
   227.999899335285        0.350577958873032E-05
   229.562891727179        0.361474738444060E-05
   231.171936036232        0.370478533185124E-05
   232.814532118468        0.379474732474254E-05
   234.478776217933        0.386458468740924E-05
   236.153878719646        0.393715616805446E-05
   237.830612311876        0.399793846543623E-05
   239.501674334382        0.404671828157576E-05
   241.161865878598        0.410140226952547E-05
   242.808045900340        0.413600071635732E-05
   244.438880057688        0.417526382951946E-05
   246.054445423367        0.420748072937390E-05
   247.655772609117        0.423964966594609E-05
   249.244407083052        0.426176269599470E-05
   250.822053797482        0.428381967432139E-05
   252.390339496651        0.430000000000000E-05
   253.950694270468        0.431000000000000E-05
   255.504327541772        0.431962517283717E-05
   257.052260186491        0.432000000000000E-05
   258.595375109677        0.431000000000000E-05
   260.207321157757        0.429518335669838E-05
   261.647705374291        0.427360833709604E-05
   262.584349293088        0.424433727897576E-05
   262.832069051696        0.420189803962947E-05
   262.320742119163        0.414009779014848E-05
   261.052486706105        0.407797467356920E-05
   259.093109928802        0.399759750777569E-05
   256.557030364730        0.391895183488014E-05
   253.579232019713        0.382340540431402E-05
   250.289741083117        0.373038104807823E-05
   246.794732535471        0.363382058544290E-05
   243.176459311795        0.353180378290899E-05
   239.504400505883        0.343533132177438E-05
   235.845376563633        0.333501365909335E-05
   232.268179243425        0.323721808742699E-05
   228.841784849338        0.314190034382246E-05
   225.631085544893        0.304851927809299E-05
   222.691113243755        0.295785134449843E-05
   220.063719072708        0.287794151139100E-05
   217.762732731542        0.279048427278597E-05
   215.774670824560        0.270863042100104E-05
   214.068952849392        0.263826342592574E-05
   212.606535319059        0.255900156082933E-05
   211.346731525747        0.249082746661139E-05
   210.251223406291        0.241458856839709E-05
   209.286467369051        0.234769912544426E-05
   208.424994290551        0.228257269429269E-05
   207.645315515505        0.221849376947260E-05
   206.931546686510        0.216532406354989E-05
   206.272893395317        0.210295987039538E-05
   205.663074857247        0.204157166933791E-05
   205.099523627717        0.198892750057066E-05
   204.583067961611        0.193163564407263E-05
   204.116799985891        0.188285703544398E-05
   203.704834888304        0.182797243555813E-05
   203.350061768963        0.178234389220802E-05
   203.052876552850        0.173739611428161E-05
   202.811734342508        0.169985442488474E-05
   202.623968435825        0.165948033644540E-05
   202.486939067260        0.162487523034837E-05
   202.398701357972        0.160206722340243E-05
   202.352171058862        0.157176999598339E-05
   202.347360227625        0.155060355726833E-05
   202.395910472111        0.154016204768439E-05
   202.517715872799        0.152033607497343E-05
   202.734719790106        0.151031848563054E-05
   203.069754183223        0.150060718382732E-05
   203.436010019219        0.173711478262771E-05
   203.978188317435        0.196194840774004E-05
   204.601119114095        0.227993296672194E-05
   205.516477516418        0.261125737901666E-05
   208.373908803108        0.396034680332435E-05
   210.565342141834        0.541545601457934E-05
   214.982811063927        0.991163630364537E-05
   219.389009156416        0.176738105157344E-04
   223.774802712991        0.307199779513150E-04
   228.122066866963        0.520239138185927E-04
   232.408336486322        0.857678908003989E-04
   236.607851521214        0.137520820989539E-03
   240.693046121733        0.214252599643270E-03
   244.636935986039        0.324113123249650E-03
   248.415952177714        0.475972875777552E-03
   252.012452947413        0.678817858421483E-03
   255.416185787728        0.941155643486918E-03
   258.624381469089        0.127057527110074E-02
   261.640665894483        0.167352135736659E-02
   264.473313714421        0.215525238004334E-02
   267.133433242886        0.271991291189626E-02
   269.633429491489        0.337064649463288E-02
   271.985875156776        0.410969772519351E-02
   274.348019874100        0.500173000568566E-02
   276.680570937480        0.591470928091067E-02
   278.915256588559        0.689857331747620E-02
   281.037395102709        0.803062184532527E-02
   283.058242619731        0.911076996215430E-02
   284.994766594737        0.104834099947853E-01
   286.833928384437        0.118051565460954E-01
   287.759685069619        0.124710735835932E-01
