   223.107907705635        0.493065982082153E-05
   224.482606387295        0.515572761829356E-05
   225.919040855140        0.535443050455403E-05
   227.424558693057        0.553467557458568E-05
   228.991377773809        0.569541102206247E-05
   230.607172275110        0.584087134215785E-05
   232.259116368551        0.597127737248144E-05
   233.935035596716        0.608339054521793E-05
   235.623889618486        0.618632242199650E-05
   237.316192085818        0.627579287949897E-05
   239.004356450255        0.635513523734095E-05
   240.682868493760        0.642827507956284E-05
   242.348242148328        0.649509059685057E-05
   243.998776650314        0.655178341337893E-05
   245.634173913745        0.660555506508571E-05
   247.255094927451        0.664982720033393E-05
   248.862734372621        0.669399862340212E-05
   250.458475827313        0.672806204542994E-05
   252.043661423012        0.676100294722853E-05
   253.619478239657        0.678291157405289E-05
   255.186938101585        0.680475582923349E-05
   256.746913977158        0.682000000000000E-05
   258.300196075184        0.682999999999999E-05
   259.847540287715        0.684000000000000E-05
   261.476536677267        0.683856734783778E-05
   262.889419584140        0.682708801561378E-05
   263.719425872470        0.680572454810578E-05
   263.813811297845        0.677453144879137E-05
   263.178164148967        0.673713134848367E-05
   261.903021183793        0.668864720175559E-05
   260.119146849876        0.662757730378020E-05
   257.965093497210        0.656009486123155E-05
   255.560815642218        0.648159722913349E-05
   252.996300967737        0.640465223474861E-05
   250.333175577244        0.631409535222623E-05
   247.613040973478        0.622186883959280E-05
   244.869849238649        0.612994572431761E-05
   242.138550487936        0.603333247791095E-05
   239.457883067954        0.593027327659796E-05
   236.869579232717        0.582883951287587E-05
   234.416587122382        0.572964571409805E-05
   232.143934057677        0.563238875671225E-05
   230.078212884755        0.553720050609568E-05
   228.222966426450        0.544385776825883E-05
   226.564959539012        0.535227627220387E-05
   225.080345754121        0.526239790589283E-05
   223.739665620158        0.517142930378478E-05
   222.512553567628        0.507733244855233E-05
   221.371182709918        0.499209292429935E-05
   220.293005888899        0.490821735194776E-05
   219.261526790114        0.482586425195499E-05
   218.266133077818        0.474480186276353E-05
   217.301971604261        0.467094836572073E-05
   216.369245277798        0.459686398644526E-05
   215.472742846004        0.451985843000545E-05
   214.620755054380        0.444412613875133E-05
   213.822804245046        0.437644619158608E-05
   213.087464607326        0.430660204154489E-05
   212.420594599368        0.424465691987643E-05
   211.824519165182        0.417654639880601E-05
   211.297334726251        0.412283156301619E-05
   210.834041856950        0.407145910243075E-05
   210.428612106431        0.402227066115601E-05
   210.075956099843        0.398607254180680E-05
   209.768462507059        0.394461820042107E-05
   209.505650625914        0.392092524787581E-05
   209.297990633721        0.388987825477937E-05
   209.163308941429        0.386958218285038E-05
   209.120197509875        0.385877614938062E-05
   209.190652916949        0.384000000000000E-05
   209.379608021743        0.383947207697082E-05
   209.684713486688        0.383561165565897E-05
   210.105444867375        0.404670970219827E-05
   210.612127552880        0.494040763109856E-05
   211.141338610144        0.584338630140718E-05
   211.865378953249        0.648610140509402E-05
   213.112729132577        0.772998118185968E-05
   216.593400870621        0.123419975910517E-04
   220.936433082477        0.216402541296690E-04
   225.253753833144        0.370066837454163E-04
   229.526689081310        0.616870016827990E-04
   233.733173534885        0.100154190692789E-03
   237.848457055438        0.158245061473388E-03
   241.846618083882        0.243124609130276E-03
   245.702780919446        0.363021400431160E-03
   249.395613563650        0.526747182845777E-03
   252.909484011549        0.743102267908312E-03
   256.235701622148        0.102032188890008E-02
   259.372422771133        0.136567852411303E-02
   262.323531414156        0.178528103067063E-02
   265.097034649033        0.228404085341816E-02
   267.703432847930        0.286573789016594E-02
   270.154348981961        0.353311979296618E-02
   272.461520179309        0.428798875737782E-02
   274.828337161325        0.520373116572680E-02
   277.115036420305        0.610124478759397E-02
   279.308679964037        0.712681494859720E-02
   281.386867629320        0.823827470572725E-02
   283.370929786630        0.934159567783926E-02
   285.263136895639        0.107024238740411E-01
   286.209653134949        0.113838183019085E-01
