   223.269342249788        0.284666805458953E-05
   224.645970053673        0.295921377814173E-05
   226.083225788041        0.306116372123606E-05
   227.588318178355        0.315247767660309E-05
   229.153548158511        0.323401907810088E-05
   230.766702144555        0.331417213211527E-05
   232.415038669753        0.337531823832787E-05
   234.086439418953        0.343430542118442E-05
   235.769902752023        0.348504650623052E-05
   237.455972662029        0.353576666917562E-05
   239.137091263636        0.357645867273438E-05
   240.807776744422        0.360711474179992E-05
   242.464583731126        0.364386665154228E-05
   244.105863766713        0.366828647737945E-05
   245.731384112317        0.369439607912206E-05
   247.341883041961        0.371461113941417E-05
   248.938640477475        0.373000000000000E-05
   250.523126423650        0.374492189674999E-05
   252.096761638849        0.375000000000000E-05
   253.660793789725        0.375000000000000E-05
   255.216266987808        0.375000000000000E-05
   256.764049357339        0.374503212655505E-05
   258.313744405185        0.373000000000000E-05
   259.958942772242        0.370535080612592E-05
   261.227905494989        0.367124324467380E-05
   261.630639715257        0.363211235325046E-05
   260.957246810575        0.358022049298165E-05
   259.200286148059        0.351327891447624E-05
   256.502954468627        0.344666000189540E-05
   253.098521437992        0.337391305489322E-05
   249.235906752275        0.329280161869660E-05
   245.139778663294        0.320914586145235E-05
   240.993120136733        0.312543790554603E-05
   236.926950319089        0.304335376437076E-05
   233.028910596742        0.295967174843668E-05
   229.354589334388        0.287989170987828E-05
   225.938015708043        0.279143441656985E-05
   222.799801683317        0.271456529933491E-05
   219.952288446491        0.263894245276586E-05
   217.402788956856        0.256477615013756E-05
   215.155175702917        0.249173337207829E-05
   213.207963516357        0.242009473069304E-05
   211.544652357105        0.234934616668758E-05
   210.136032529002        0.228789203756156E-05
   208.947657706670        0.222308243113149E-05
   207.944953446569        0.216373401521528E-05
   207.095592605696        0.210577435968543E-05
   206.369909051281        0.205149505966282E-05
   205.741068504311        0.199131464029484E-05
   205.185748002086        0.194017769820961E-05
   204.684908301313        0.188977595371226E-05
   204.224412975514        0.183989305081492E-05
   203.794911561111        0.179073034623817E-05
   203.391659235777        0.174227685246151E-05
   203.014003435860        0.169452202779085E-05
   202.664613237968        0.164805012823977E-05
   202.348479355661        0.161084089270051E-05
   202.071121845653        0.156874444027529E-05
   201.836785764085        0.152974482496974E-05
   201.647385622082        0.149140385251985E-05
   201.502158120328        0.145844742863371E-05
   201.398701799298        0.142595502761960E-05
   201.334383296648        0.140262132841005E-05
   201.307186148417        0.138156317860928E-05
   201.309243490967        0.136080526469450E-05
   201.342486416185        0.134034689503174E-05
   201.420656771350        0.132018599503106E-05
   201.570078599177        0.131015934019019E-05
   201.809279808385        0.130036780195050E-05
   202.160902814822        0.130000000000000E-05
   202.595409578373        0.154340623637643E-05
   203.117379753975        0.173812486338608E-05
   203.669526601076        0.198840306231116E-05
   205.205033290813        0.250499444015519E-05
   208.340622254628        0.395572474302748E-05
   211.123065436834        0.586805324489576E-05
   215.545912514942        0.107119812994203E-04
   219.959771420271        0.190593213996918E-04
   224.349374369998        0.330443250381019E-04
   228.696312409766        0.557998879815505E-04
   232.978826863766        0.917112748822494E-04
   237.170589731247        0.146567301488593E-03
   241.243607754148        0.227543876541292E-03
   245.170925853346        0.342942960342888E-03
   248.929532767884        0.501699938916077E-03
   252.502782702980        0.712768117252490E-03
   255.881631011784        0.984540703396440E-03
   259.064467792870        0.132444188227225E-02
   262.055856015917        0.173873323693929E-02
   264.864739635087        0.223249889783559E-02
   267.502641151077        0.280973252852446E-02
   269.982169250111        0.347345370517712E-02
   272.315947398031        0.422580703935798E-02
   274.687342984021        0.513547016751307E-02
   277.005321099616        0.604255221030338E-02
   279.229643236461        0.706598611450995E-02
   281.339170917519        0.819071961251689E-02
   283.354981295249        0.930457261197864E-02
   285.280082462520        0.106846168470815E-01
   287.110407745167        0.119986461451767E-01
   288.032699039845        0.126612758290682E-01
