   223.350117382937        0.462019293398119E-05
   224.727702420276        0.483482718145450E-05
   226.166703025935        0.502387039035175E-05
   227.674427715656        0.519758255234267E-05
   229.243112464738        0.534602666527848E-05
   230.860450410731        0.548101170545506E-05
   232.513622752974        0.560154790895485E-05
   234.190455559473        0.570706040255110E-05
   235.879911241293        0.580678750783282E-05
   237.572515492016        0.589478577110304E-05
   239.260707341364        0.596583945828837E-05
   240.939012899683        0.603889415470821E-05
   242.603999464342        0.609579994160251E-05
   244.254028505226        0.615172019393788E-05
   245.888867268523        0.619614368434314E-05
   247.509238894283        0.624047372178474E-05
   249.116391344648        0.628470271203816E-05
   250.711748408640        0.631882336020739E-05
   252.296677269486        0.634141085354723E-05
   253.872375377728        0.636334724701405E-05
   255.439853879209        0.638521907165176E-05
   256.999981840842        0.640000000000000E-05
   258.553555945478        0.641000000000000E-05
   260.101369886544        0.641000000000000E-05
   261.739688078658        0.640799570768273E-05
   263.129856198140        0.639649050929155E-05
   263.911854006801        0.637510506719887E-05
   263.957223620662        0.634389506642924E-05
   263.280865680479        0.630583400440474E-05
   261.975543487729        0.625445293243196E-05
   260.172176206647        0.618744337808025E-05
   258.006947641066        0.611742085923318E-05
   255.597663748804        0.604890570362096E-05
   253.032178253994        0.596194371348613E-05
   250.369915124993        0.587068783731982E-05
   247.650604092084        0.577843875937815E-05
   244.906981422131        0.568580034897781E-05
   242.173273723660        0.558986530280926E-05
   239.488590191621        0.548611196582171E-05
   236.895085068891        0.538465114865190E-05
   234.435721529539        0.528543830676153E-05
   232.155314008118        0.518820199068892E-05
   230.079650335139        0.509299776325357E-05
   228.211605424738        0.499969138164557E-05
   226.537869721817        0.490810159093727E-05
   225.034789575280        0.481827528418317E-05
   223.673221991064        0.472997779648215E-05
   222.422991774888        0.464328543317398E-05
   221.256927020894        0.455807564964878E-05
   220.152869493649        0.447428560436617E-05
   219.094275917689        0.439203942869486E-05
   218.070616611468        0.431103404316792E-05
   217.077224463558        0.423147705753896E-05
   216.114461850898        0.415335980282901E-05
   215.187334023898        0.407871825371944E-05
   214.304205829683        0.401086969848004E-05
   213.474325368413        0.393663174801861E-05
   212.705832609467        0.387308307393269E-05
   212.004229261771        0.380325165523662E-05
   211.372144679216        0.374440409585034E-05
   210.808548174997        0.369125341534293E-05
   210.309077269714        0.363966045514023E-05
   209.868435907089        0.359097895562635E-05
   209.482342319598        0.355521701577794E-05
   209.143467528977        0.352272777167672E-05
   208.852297949350        0.349076424029648E-05
   208.619873838102        0.346954039211490E-05
   208.464635949931        0.344890488777826E-05
   208.406917179968        0.342929951397964E-05
   208.461363842916        0.341930414235984E-05
   208.638238129194        0.341000000000000E-05
   208.944828062238        0.341523428130356E-05
   209.373999699081        0.412239944841922E-05
   209.883891972647        0.465226565028003E-05
   210.413561325854        0.528321609624358E-05
   211.500961528863        0.616969841119894E-05
   212.664108037479        0.727369756943338E-05
   216.788903469545        0.126593956005010E-04
   221.134716651576        0.221824711807825E-04
   225.454277510406        0.379083598379294E-04
   229.728636741012        0.631440862471723E-04
   233.935404268971        0.102437340578062E-03
   238.049510712093        0.161706060372074E-03
   242.044809926191        0.248190428857298E-03
   245.896391629797        0.370173990256679E-03
   249.583125026513        0.536493410867996E-03
   253.089754121984        0.755941888713988E-03
   256.407981410660        0.103671645487711E-02
   259.536342223203        0.138603093045099E-02
   262.479049120303        0.180992774784636E-02
   265.244359681095        0.231325359042873E-02
   267.842943053642        0.289973065476807E-02
   270.286520744931        0.357205785726534E-02
   272.586875759209        0.433199746817194E-02
   274.973006817227        0.525930837772245E-02
   277.253842814198        0.615448132087140E-02
   279.442398706145        0.719677008954595E-02
   281.515382592166        0.830538601144720E-02
   283.496952277936        0.943026685986925E-02
   285.384384758667        0.107875756144050E-01
   286.328908376250        0.114674882681904E-01
