   223.143400134868        0.485040527325452E-05
   224.518511053984        0.507558017924115E-05
   225.955271850001        0.527435029173103E-05
   227.461018431724        0.544783067736635E-05
   229.027970259726        0.560608945604185E-05
   230.643801473797        0.575092943717260E-05
   232.295682059058        0.587561738959991E-05
   233.971431848891        0.598681071561208E-05
   235.660006751296        0.608643970611629E-05
   237.351921408604        0.617593505724559E-05
   239.039596613585        0.626148275153772E-05
   240.717532134928        0.632841981261941E-05
   242.382261571210        0.639525421630722E-05
   244.032107553398        0.645131083271948E-05
   245.666796641354        0.650568816463150E-05
   247.287013268189        0.654997224545187E-05
   248.893972427928        0.658707931662027E-05
   250.489073798000        0.662823063552530E-05
   252.073671257569        0.665218412437213E-05
   253.648959980726        0.668300705939108E-05
   255.215957562304        0.670000000000000E-05
   256.775542183692        0.671663925356762E-05
   258.328510770243        0.672835116780611E-05
   259.875629616391        0.672999999999999E-05
   261.505753363973        0.672844435444302E-05
   262.914927403265        0.671695980969686E-05
   263.738650407265        0.669559215670907E-05
   263.826961872842        0.666878878949034E-05
   263.184505321457        0.662685783651689E-05
   261.903047976382        0.657823533212620E-05
   260.115087351823        0.651716557046461E-05
   257.958569862298        0.644954706520136E-05
   255.553290305764        0.637105030964727E-05
   252.989050428360        0.629410545551983E-05
   250.326468221878        0.620341078884599E-05
   247.606778862664        0.611118217955138E-05
   244.863932751870        0.601911788905369E-05
   242.132904600510        0.592264562372281E-05
   239.452766002747        0.581944390066124E-05
   236.865732466121        0.571800497818891E-05
   234.414988432343        0.561880682322375E-05
   232.144931095348        0.552155100835936E-05
   230.081178650040        0.542635584884468E-05
   228.226739848404        0.533301469646238E-05
   226.568555253379        0.524142534348700E-05
   225.082763227161        0.515155014874277E-05
   223.740027518931        0.505323972659211E-05
   222.509964514210        0.496648441280451E-05
   221.364748671975        0.488124296735262E-05
   220.281981002861        0.479737610375831E-05
   219.245392738200        0.471503648315919E-05
   218.244643024365        0.463397711141072E-05
   217.275125469914        0.456027487677848E-05
   216.337167974626        0.448607594752696E-05
   215.435431452243        0.440908067763163E-05
   214.577883766086        0.433337073782606E-05
   213.774164305464        0.426583826419445E-05
   213.032939212675        0.419590142321307E-05
   212.359655077044        0.413397647775154E-05
   211.755684775236        0.406600587181775E-05
   211.219033005649        0.401242238863664E-05
   210.745058809397        0.396097852299755E-05
   210.328090326322        0.391191367242463E-05
   209.963205384256        0.387582684447119E-05
   209.643427215374        0.384324536468454E-05
   209.368751649570        0.381118902884056E-05
   209.149671563195        0.378976361508261E-05
   209.005191395144        0.376906695719612E-05
   208.956123287309        0.374935014109724E-05
   209.018600690346        0.373932494285684E-05
   209.204171008592        0.372945277462820E-05
   209.521621449203        0.372581719319297E-05
   209.917828172380        0.393671704941002E-05
   210.439451298429        0.481705969489490E-05
   211.010016099444        0.574900820495831E-05
   211.739334114833        0.637514378993071E-05
   212.953702172222        0.756546182718588E-05
   216.633198873424        0.124060487306015E-04
   220.976709590573        0.217494642896747E-04
   225.294426032610        0.371880788590094E-04
   229.567618552472        0.619799930570191E-04
   233.774151176719        0.100613338349045E-03
   237.889199643434        0.158941400069793E-03
   241.886786988073        0.244144422249834E-03
   245.742026903668        0.364462183721410E-03
   249.433634754403        0.528711996329188E-03
   252.946064103897        0.745693978499860E-03
   256.270698394962        0.102363652682245E-02
   259.405769492400        0.136980147729542E-02
   262.355227073931        0.179028565367820E-02
   265.127128298719        0.228998895205732E-02
   267.732006864275        0.287268120544814E-02
   270.181504345270        0.354110169218312E-02
   272.487365131976        0.429704563307187E-02
   274.853003221392        0.521320266323323E-02
   277.138788977189        0.611034979855585E-02
   279.331716331925        0.713886212569339E-02
   281.409073891477        0.824986627339204E-02
   283.392800921069        0.935698045039510E-02
   285.284243188519        0.107172425219936E-01
   286.230476485247        0.113984243093535E-01
