   224.036732117507        0.365437132581137E-05
   225.422503596823        0.382912549024703E-05
   226.868515509638        0.397785837279461E-05
   228.381932523500        0.411597365119588E-05
   229.955065551859        0.423905864341401E-05
   231.575695615643        0.435161909585583E-05
   233.231054158834        0.445182517860003E-05
   234.908994564370        0.453195363230193E-05
   236.598510582657        0.461400456228206E-05
   238.290185317515        0.468145323132004E-05
   239.976554993276        0.474585949362322E-05
   241.652287811207        0.480068582132633E-05
   243.314135099903        0.484544106531291E-05
   244.960674706266        0.489011671796854E-05
   246.591908729092        0.493234533762129E-05
   248.208798323420        0.496458391994465E-05
   249.812818409758        0.499677044436348E-05
   251.405597067591        0.501890136129435E-05
   252.988674169044        0.504097137546927E-05
   254.563380672628        0.505999999999999E-05
   256.130813608264        0.507000000000000E-05
   257.691868667956        0.508000000000000E-05
   259.247293550698        0.508000000000000E-05
   260.834457412839        0.507000000000000E-05
   262.380049858388        0.506000000000000E-05
   263.542553297056        0.504647086095555E-05
   264.064084754412        0.501506134925617E-05
   263.867779935997        0.497770015957556E-05
   262.981960821622        0.492579606542627E-05
   261.497188646203        0.486675051196631E-05
   259.537291418469        0.479584870984635E-05
   257.231800221963        0.471808351166583E-05
   254.690936632597        0.463241954233228E-05
   251.995374712197        0.454341792941625E-05
   249.197458215568        0.444776600099627E-05
   246.330701735039        0.434792463557191E-05
   243.423070355959        0.425059281197142E-05
   240.505663690290        0.414569922773511E-05
   237.615272907733        0.404314846497016E-05
   234.794267126164        0.394306018610194E-05
   232.088106337648        0.384532681282968E-05
   229.545537160453        0.373967967047758E-05
   227.197883684683        0.364632435232095E-05
   225.053913568635        0.355478676954987E-05
   223.106477854471        0.346532025570567E-05
   221.337943194040        0.337746032985354E-05
   219.725090129197        0.329150678966426E-05
   218.243939925861        0.320692580158698E-05
   216.872568987988        0.313171094637575E-05
   215.592615713773        0.305263840508203E-05
   214.390862088807        0.297714426567464E-05
   213.258992513817        0.290397351466279E-05
   212.192828049143        0.283678875852258E-05
   211.191643094605        0.276396264057800E-05
   210.257710504582        0.269604392563702E-05
   209.395137985747        0.263057996207295E-05
   208.608425265546        0.257048678013314E-05
   207.901452576544        0.251123734174360E-05
   207.276769964928        0.245297117179568E-05
   206.734399547561        0.240055176761596E-05
   206.271252915106        0.235544623551059E-05
   205.881783163280        0.231105576521560E-05
   205.560233500957        0.227552975862439E-05
   205.302640070426        0.223433966569075E-05
   205.101541088676        0.220148750969376E-05
   204.956856891517        0.218013259736526E-05
   204.876443677447        0.215958433353134E-05
   204.876373852834        0.213967412440247E-05
   204.972920358526        0.212970674653926E-05
   205.190737929960        0.211988540030755E-05
   205.525610760502        0.211020403256098E-05
   205.986543460427        0.253934132780703E-05
   206.488698166267        0.299181800237184E-05
   207.082366236408        0.327446426016120E-05
   208.669787712861        0.413196967997325E-05
   210.237808994827        0.517883131335246E-05
   213.822186394331        0.849579853367337E-05
   218.209465262214        0.152058763739006E-04
   222.580273900019        0.265368871173930E-04
   226.917601755237        0.451372760387448E-04
   231.200848506188        0.747784859639629E-04
   235.406094162406        0.120560911688628E-03
   239.507113540948        0.188989422183565E-03
   243.477234159811        0.287834518867290E-03
   247.291904026294        0.425745912471946E-03
   250.931578594908        0.611690578532520E-03
   254.383601536390        0.854348986132167E-03
   257.642709415448        0.116161658998717E-02
   260.710301935355        0.154030044768054E-02
   263.592926103922        0.199601345804951E-02
   266.300516988256        0.253320839365097E-02
   268.844799208237        0.315527752491968E-02
   271.238044324473        0.386465799470333E-02
   273.536580901769        0.469005407958771E-02
   275.904586457048        0.561702926774406E-02
   278.154919965119        0.650069183752747E-02
   280.308194089965        0.764956449971206E-02
   282.352342058940        0.874241021583739E-02
   284.314040643269        0.100050185007991E-01
   286.174530207660        0.113424562444798E-01
   287.108765197743        0.120146811745310E-01
