   223.133272882829        0.489131115681317E-05
   224.508267555782        0.511626151576273E-05
   225.944943996165        0.531925898541492E-05
   227.450643697005        0.549828797195587E-05
   229.017590284003        0.565585311521488E-05
   230.633466037448        0.580125290377686E-05
   232.285452499742        0.592590883522501E-05
   233.961381506048        0.604371983663155E-05
   235.650218158171        0.613659013469433E-05
   237.342480893493        0.623455024580071E-05
   239.030587420537        0.631156237162606E-05
   240.709027372485        0.638848315166083E-05
   242.374318263970        0.644686951566294E-05
   244.024762778015        0.651133120963986E-05
   245.660066237357        0.655569781068746E-05
   247.280893036702        0.660498748408055E-05
   248.888441230483        0.664414373307505E-05
   250.484097669057        0.667910470814251E-05
   252.069207608134        0.671107630325572E-05
   253.644961160943        0.673298530806333E-05
   255.212373348702        0.675482990347156E-05
   256.772321031666        0.677660703614393E-05
   258.325599839712        0.678000000000000E-05
   259.872973658587        0.679000000000000E-05
   261.502844443694        0.678849221560175E-05
   262.913468717422        0.677701271988167E-05
   263.739393183695        0.675564923994242E-05
   263.830480197473        0.672445632836305E-05
   263.192165797783        0.668698203431605E-05
   261.914721478517        0.663842561369348E-05
   260.129240850151        0.657735878624682E-05
   257.973502958362        0.650980806714372E-05
   255.567777618418        0.643131485137192E-05
   253.002492603209        0.635437392333396E-05
   250.338776432860        0.626375193733279E-05
   247.618182788303        0.617152941213464E-05
   244.874797628626        0.607954255931345E-05
   242.143527292666        0.598300287449947E-05
   239.462995987626        0.587988101302813E-05
   236.874823595366        0.577845008583309E-05
   234.421876736119        0.567925882294791E-05
   232.149146605261        0.558200606628636E-05
   230.083207349765        0.548681754949890E-05
   228.227582546114        0.539347768811807E-05
   226.569041173961        0.530189431903541E-05
   225.083696820757        0.521201852404906E-05
   223.742040536815        0.512098416764969E-05
   222.513678332487        0.502695424276628E-05
   221.370780525718        0.494171424750243E-05
   220.290819946490        0.485784280392121E-05
   219.257335112702        0.477549591767077E-05
   218.259764578630        0.469443509567932E-05
   217.293306345618        0.462064895639226E-05
   216.358193927765        0.454651364743201E-05
   215.459221776577        0.446951256070327E-05
   214.604641474065        0.439378987263602E-05
   213.803902784845        0.432617515110831E-05
   213.065489330749        0.425628892834273E-05
   212.395159001315        0.419435185267218E-05
   211.795153074235        0.412630302554035E-05
   211.263516931135        0.407264646329319E-05
   210.795232261006        0.402124065580010E-05
   210.384440513716        0.397210762593596E-05
   210.026154081004        0.393595984173530E-05
   209.712779168202        0.389448185917546E-05
   209.444615637937        0.387086445376790E-05
   209.231718219975        0.383982513291243E-05
   209.092001268516        0.381955983225923E-05
   209.046901953720        0.380937079512302E-05
   209.112184571808        0.379934035056211E-05
   209.297516082715        0.378946288502761E-05
   209.611867213982        0.378571493471042E-05
   210.012579181334        0.399672427812675E-05
   210.532659125982        0.488352738381596E-05
   211.097262602190        0.581677504972533E-05
   211.797438455474        0.642608541048152E-05
   213.035539488755        0.764972012011370E-05
   216.610033050321        0.123687168025901E-04
   220.953266289704        0.216858158217333E-04
   225.270756078477        0.370823790627217E-04
   229.543804997329        0.618093131813829E-04
   233.750317288530        0.100345957828519E-03
   237.865510228098        0.158536036074541E-03
   241.863437383778        0.243550925621701E-03
   245.719217695414        0.363623861391466E-03
   249.411539406522        0.527568897158798E-03
   252.924807410697        0.744186273446419E-03
   256.250361931254        0.102170830892530E-02
   259.386390948737        0.136740294761666E-02
   262.336806061577        0.178737391317049E-02
   265.109635534056        0.228652771680045E-02
   267.715393930359        0.286863995441226E-02
   270.165712252854        0.353645470697774E-02
   272.472330918681        0.429177122469027E-02
   274.838650337270        0.520768668945682E-02
   277.124963830287        0.610504478258414E-02
   279.318307892499        0.713184363797866E-02
   281.396149050717        0.824311219965617E-02
   283.380067584289        0.934801508597460E-02
   285.271950583806        0.107086022620779E-01
   286.218345745406        0.113899051813254E-01
