   223.000365706133        0.504265783985446E-05
   224.373778015661        0.526913798011475E-05
   225.809028341394        0.547568831838908E-05
   227.313476047350        0.565887813808540E-05
   228.879332006474        0.582635540234068E-05
   230.494262782023        0.597160623783391E-05
   232.145438683566        0.610183475893820E-05
   233.820683749865        0.621389212483339E-05
   235.508956039372        0.632584497402775E-05
   237.200765505858        0.641610248502588E-05
   238.888518563156        0.649540104721742E-05
   240.566690175250        0.656844136123160E-05
   242.231780016905        0.663522392815276E-05
   243.882070647433        0.670125660812214E-05
   245.517246366910        0.675560047615914E-05
   247.137951240221        0.679985131266281E-05
   248.745365113509        0.684400154989699E-05
   250.340859634744        0.687804390451167E-05
   251.925767876492        0.691098349858277E-05
   253.501269709217        0.693288184766825E-05
   255.068369581150        0.695471589606984E-05
   256.627930035537        0.697648258251780E-05
   258.180724385135        0.698817893483267E-05
   259.727481855688        0.699000000000000E-05
   261.351765500088        0.699000000000000E-05
   262.774913510451        0.697717801924835E-05
   263.627033911233        0.695582280677511E-05
   263.743859804236        0.692926877661967E-05
   263.125264826151        0.689735094472222E-05
   261.860175819144        0.684599559306487E-05
   260.080543820565        0.678792944282584E-05
   257.927278411804        0.671793736648545E-05
   255.522107694399        0.664209242818736E-05
   252.956016933508        0.655894112968719E-05
   250.291025212060        0.647474640533750E-05
   247.569287629811        0.638253611598675E-05
   244.824429601913        0.629076649170690E-05
   242.090929516196        0.618482896820649E-05
   239.407991497003        0.609112943039852E-05
   236.818361540059        0.598971854109938E-05
   234.365788446313        0.589054061382087E-05
   232.095029802613        0.579330462256149E-05
   230.031825558757        0.569813765856999E-05
   228.179093499645        0.560480580188965E-05
   226.523464382032        0.550324436300793E-05
   225.040880522922        0.541337398122489E-05
   223.702259539696        0.532508836522921E-05
   222.477786919607        0.523833347878677E-05
   221.339836599065        0.515310916759227E-05
   220.265630461287        0.506923791585009E-05
   219.238664106586        0.498688378869088E-05
   218.248478325622        0.490583393822088E-05
   217.290237195808        0.482615181331965E-05
   216.364087183317        0.474788579323946E-05
   215.474838732098        0.467241124079353E-05
   214.630972840007        0.460514265201197E-05
   213.842154840177        0.453072125247564E-05
   213.117093404937        0.446632491279550E-05
   212.461705643121        0.439636025865553E-05
   211.878498081731        0.433733362372641E-05
   211.365778568568        0.427928634789659E-05
   210.918721251159        0.422776425617781E-05
   210.531365178805        0.418282779939779E-05
   210.198270099018        0.413861377223268E-05
   209.911385123202        0.410383449165931E-05
   209.669560072461        0.407172314573494E-05
   209.482441001434        0.405008185179554E-05
   209.365869119753        0.402934376766762E-05
   209.340128578143        0.400946641112603E-05
   209.421548726552        0.399941852212788E-05
   209.617317014881        0.398952321935265E-05
   209.932376766944        0.398480809961711E-05
   210.337069835052        0.419616047176462E-05
   210.843241981834        0.510550956120090E-05
   211.384533030631        0.604725098050797E-05
   212.019475822144        0.662413013043345E-05
   213.390553029327        0.802522972304204E-05
   216.569892040607        0.123043791918143E-04
   220.912637220198        0.215760973880177E-04
   225.229677994765        0.368999091463544E-04
   229.502375460923        0.615139165788602E-04
   233.708717272719        0.998816551940248E-04
   237.824016021702        0.157829574710431E-03
   241.822403214641        0.242513081580987E-03
   245.679021072044        0.362153671061310E-03
   249.372506041120        0.525559188149147E-03
   252.887164388163        0.741528951918077E-03
   256.214264409866        0.101830176867654E-02
   259.351918544546        0.136315618716286E-02
   262.303971041203        0.178220814404384E-02
   265.078397763325        0.228037598880845E-02
   267.685677649722        0.286144572147056E-02
   270.137421221290        0.352817016943608E-02
   272.445360122330        0.428235592083560E-02
   274.812870741341        0.519781764587186E-02
   277.100101485674        0.609554940341107E-02
   279.294151555755        0.711925130352822E-02
   281.372822668556        0.823098250392758E-02
   283.357065364996        0.933188710444329E-02
   285.249735198823        0.106930648597040E-01
   286.196414268444        0.113745855056903E-01
