   222.990220382664        0.505325356537144E-05
   224.363513575860        0.527964922153689E-05
   225.798661328371        0.549057153093948E-05
   227.303024961006        0.567622239734780E-05
   228.868814064322        0.583666968274214E-05
   230.483693587884        0.598185992410109E-05
   232.134832678828        0.611643052294935E-05
   233.810054551642        0.623408201195645E-05
   235.498316492841        0.633682138238907E-05
   237.190127501587        0.642623583970831E-05
   238.877892708398        0.651164973941888E-05
   240.556085407137        0.658852826078812E-05
   242.221203239318        0.665530420883752E-05
   243.871526463181        0.671195693756867E-05
   245.506736955690        0.676564501894499E-05
   247.127476403008        0.681483172367992E-05
   248.734922467687        0.685403734210330E-05
   250.330444908058        0.689807533066570E-05
   251.915375222875        0.692199270314118E-05
   253.490891954248        0.695289317738179E-05
   255.057998305553        0.697472505714215E-05
   256.617555418033        0.699000000000000E-05
   258.170334759326        0.700000000000002E-05
   259.717063000367        0.701000000000000E-05
   261.340884264130        0.700864713976974E-05
   262.765510580900        0.699717967936758E-05
   263.618841126354        0.697582638432504E-05
   263.735891710054        0.694927894903824E-05
   263.117193857349        0.690736318684900E-05
   261.851917835903        0.685900920588187E-05
   260.072004450381        0.679795128088553E-05
   257.918459098755        0.673796041277555E-05
   255.513103380212        0.666212467295437E-05
   252.946935791345        0.657898343509271E-05
   250.281962652661        0.649479090744535E-05
   247.560298015525        0.640258305568049E-05
   244.815436178121        0.630236015455283E-05
   242.081876195822        0.620489136764140E-05
   239.398896467981        0.610767231680752E-05
   236.809330605517        0.600978850722461E-05
   234.356930551393        0.591061351565689E-05
   232.086230665754        0.581338177015255E-05
   230.022993878906        0.571624569544839E-05
   228.170214419632        0.561489048598964E-05
   226.514681661646        0.552333354960978E-05
   225.032458353974        0.543346646963881E-05
   223.694376425102        0.534518513085825E-05
   222.470214442356        0.525843334248106E-05
   221.332380242377        0.517321295395445E-05
   220.258319452392        0.508934455459832E-05
   219.231640553636        0.500699248651657E-05
   218.241914510798        0.492594588066212E-05
   217.284296118042        0.484626513281952E-05
   216.358904610531        0.476799976512749E-05
   215.470498543458        0.469100126022766E-05
   214.627497727983        0.461939595752953E-05
   213.839598469873        0.455083846269800E-05
   213.115526337167        0.447769955117599E-05
   212.461320155259        0.441645874050285E-05
   211.879631814820        0.435743162539178E-05
   211.368825185955        0.429938325816697E-05
   210.923977121297        0.424228578920878E-05
   210.539040875243        0.419290181355843E-05
   210.208516428214        0.415652009283643E-05
   209.924449031524        0.412388579679814E-05
   209.685632625832        0.409177163332480E-05
   209.501118390614        0.406016785279257E-05
   209.387548355771        0.403968621116799E-05
   209.363104418391        0.402947901806259E-05
   209.446888388289        0.401942968301255E-05
   209.644602857196        0.400953293302560E-05
   209.954981969002        0.400463397201806E-05
   210.373726787413        0.421601002094558E-05
   210.852325715608        0.512778907297184E-05
   211.425444885206        0.579996082770098E-05
   212.035680771755        0.665558486470623E-05
   213.426582419698        0.806425570503959E-05
   216.572286068987        0.123082296858835E-04
   220.915059327578        0.215826625069098E-04
   225.232107352015        0.369107427977143E-04
   229.504788794033        0.615311954571671E-04
   233.711091328945        0.999082694151969E-04
   237.826330281725        0.157869162504429E-03
   241.824641516249        0.242569982078658E-03
   245.681170987431        0.362232741566667E-03
   249.374556581510        0.525665408527204E-03
   252.889105434685        0.741666895403539E-03
   256.216091331375        0.101847545010003E-02
   259.353631531278        0.136336892980603E-02
   262.305573939695        0.178246256711138E-02
   265.079896826956        0.228067407746030E-02
   267.687080484516        0.286178894209046E-02
   270.138736014204        0.352855960129695E-02
   272.446595104859        0.428279237650187E-02
   274.814034760521        0.519827013785425E-02
   277.101209472907        0.609598051124744E-02
   279.295215131352        0.711981489118745E-02
   281.373838535760        0.823152121639300E-02
   283.358057088722        0.933259418508102E-02
   285.250684571981        0.106937421617402E-01
   286.197344413165        0.113752492759455E-01
