     ALT          P          T          FH2O           O3           THEAT        TCOOL        PSATCO2        FCO2
7.3463E+01  3.2610E-05 2.1777E+02    3.8267E-06    4.4322E-08    3.5668E+01   -5.9038E+01    5.4579E+00    2.0300E-04
7.2352E+01  3.8506E-05 2.1910E+02    4.0731E-06    5.2855E-08    4.9697E+00   -3.9254E+01    5.7760E+00    2.0300E-04
7.1243E+01  4.5410E-05 2.2049E+02    4.3046E-06    6.5041E-08    2.0008E+00   -2.5376E+01    6.1216E+00    2.0300E-04
7.0136E+01  5.3486E-05 2.2193E+02    4.5039E-06    8.2213E-08    1.7412E+00   -1.6273E+01    6.4982E+00    2.0300E-04
6.9030E+01  6.2918E-05 2.2343E+02    4.6835E-06    1.0559E-07    1.8063E+00   -1.0677E+01    6.9064E+00    2.0300E-04
6.7925E+01  7.3920E-05 2.2496E+02    4.8482E-06    1.3549E-07    1.9329E+00   -7.4985E+00    7.3457E+00    2.0300E-04
6.6822E+01  8.6736E-05 2.2653E+02    4.9937E-06    1.7115E-07    2.0924E+00   -5.7975E+00    7.8147E+00    2.0300E-04
6.5721E+01  1.0165E-04 2.2812E+02    5.1250E-06    2.0973E-07    2.2698E+00   -4.9517E+00    8.3121E+00    2.0300E-04
6.4621E+01  1.1897E-04 2.2971E+02    5.2420E-06    2.4928E-07    2.4639E+00   -4.5809E+00    8.8363E+00    2.0300E-04
6.3522E+01  1.3907E-04 2.3131E+02    5.3449E-06    2.9079E-07    2.6698E+00   -4.4516E+00    9.3857E+00    2.0300E-04
6.2426E+01  1.6236E-04 2.3291E+02    5.4377E-06    3.3640E-07    2.8974E+00   -4.4456E+00    9.9590E+00    2.0300E-04
6.1331E+01  1.8932E-04 2.3450E+02    5.5253E-06    3.8711E-07    3.1508E+00   -4.5035E+00    1.0555E+01    2.0300E-04
6.0238E+01  2.2047E-04 2.3607E+02    5.6021E-06    4.4289E-07    3.4285E+00   -4.5928E+00    1.1172E+01    2.0300E-04
5.9147E+01  2.5642E-04 2.3764E+02    5.6675E-06    5.0638E-07    3.7385E+00   -4.7009E+00    1.1811E+01    2.0300E-04
5.8059E+01  2.9786E-04 2.3919E+02    5.7286E-06    5.7634E-07    4.0712E+00   -4.8251E+00    1.2471E+01    2.0300E-04
5.6973E+01  3.4556E-04 2.4073E+02    5.7820E-06    6.5300E-07    4.4217E+00   -4.9603E+00    1.3153E+01    2.0300E-04
5.5890E+01  4.0039E-04 2.4226E+02    5.8330E-06    7.3830E-07    4.7903E+00   -5.1056E+00    1.3856E+01    2.0300E-04
5.4809E+01  4.6335E-04 2.4378E+02    5.8786E-06    8.3175E-07    5.1660E+00   -5.2556E+00    1.4582E+01    2.0300E-04
5.3732E+01  5.3552E-04 2.4529E+02    5.9117E-06    9.3422E-07    5.5388E+00   -5.4046E+00    1.5331E+01    2.0300E-04
5.2658E+01  6.1816E-04 2.4680E+02    5.9447E-06    1.0437E-06    5.8916E+00   -5.5504E+00    1.6104E+01    2.0300E-04
5.1587E+01  7.1265E-04 2.4829E+02    5.9738E-06    1.1722E-06    6.2530E+00   -5.6907E+00    1.6901E+01    2.0300E-04
5.0519E+01  8.2054E-04 2.4978E+02    6.0051E-06    1.3153E-06    6.5888E+00   -5.8203E+00    1.7722E+01    2.0300E-04
4.9456E+01  9.4359E-04 2.5127E+02    6.0200E-06    1.4744E-06    6.8848E+00   -5.9223E+00    1.8569E+01    2.0300E-04
4.8396E+01  1.0837E-03 2.5274E+02    6.0376E-06    1.6580E-06    7.1514E+00   -6.0532E+00    1.9441E+01    2.0300E-04
4.7339E+01  1.2431E-03 2.5422E+02    6.0487E-06    1.8571E-06    7.3396E+00   -6.2096E+00    2.0340E+01    2.0300E-04
4.6287E+01  1.4241E-03 2.5569E+02    6.0500E-06    2.0876E-06    7.4631E+00   -6.4333E+00    2.1271E+01    2.0300E-04
4.5239E+01  1.6294E-03 2.5723E+02    6.0400E-06    2.3296E-06    7.4623E+00   -6.7034E+00    2.2272E+01    2.0300E-04
4.4195E+01  1.8620E-03 2.5847E+02    6.0284E-06    2.6040E-06    7.3772E+00   -6.8917E+00    2.3108E+01    2.0300E-04
4.3157E+01  2.1250E-03 2.5909E+02    6.0076E-06    2.9175E-06    7.2084E+00   -6.9088E+00    2.3532E+01    2.0300E-04
4.2129E+01  2.4222E-03 2.5898E+02    5.9741E-06    3.2493E-06    6.9208E+00   -6.7439E+00    2.3456E+01    2.0300E-04
4.1113E+01  2.7575E-03 2.5816E+02    5.9302E-06    3.5848E-06    6.5250E+00   -6.4311E+00    2.2899E+01    2.0300E-04
4.0112E+01  3.1352E-03 2.5674E+02    5.8701E-06    3.9089E-06    6.0554E+00   -6.0166E+00    2.1951E+01    2.0300E-04
3.9127E+01  3.5602E-03 2.5484E+02    5.8080E-06    4.1886E-06    5.5409E+00   -5.5439E+00    2.0728E+01    2.0300E-04
3.8160E+01  4.0377E-03 2.5258E+02    5.7306E-06    4.4132E-06    5.0301E+00   -5.0545E+00    1.9345E+01    2.0300E-04
3.7211E+01  4.5734E-03 2.5009E+02    5.6548E-06    4.5903E-06    4.5615E+00   -4.5870E+00    1.7893E+01    2.0300E-04
3.6283E+01  5.1737E-03 2.4744E+02    5.5707E-06    4.7192E-06    4.1444E+00   -4.1570E+00    1.6442E+01    2.0300E-04
3.5374E+01  5.8455E-03 2.4471E+02    5.4798E-06    4.8202E-06    3.7822E+00   -3.7816E+00    1.5037E+01    2.0300E-04
3.4485E+01  6.5961E-03 2.4195E+02    5.3808E-06    4.8874E-06    3.4599E+00   -3.4543E+00    1.3711E+01    2.0300E-04
3.3615E+01  7.4337E-03 2.3922E+02    5.2839E-06    4.9364E-06    3.1722E+00   -3.1650E+00    1.2486E+01    2.0300E-04
3.2764E+01  8.3672E-03 2.3658E+02    5.1887E-06    4.9602E-06    2.9071E+00   -2.9012E+00    1.1376E+01    2.0300E-04
3.1931E+01  9.4060E-03 2.3406E+02    5.0887E-06    4.9631E-06    2.6603E+00   -2.6565E+00    1.0390E+01    2.0300E-04
3.1117E+01  1.0560E-02 2.3173E+02    5.0010E-06    4.9405E-06    2.4267E+00   -2.4548E+00    9.5321E+00    2.0300E-04
3.0319E+01  1.1842E-02 2.2959E+02    4.9054E-06    4.8745E-06    2.2013E+00   -2.2159E+00    8.7959E+00    2.0300E-04
2.9537E+01  1.3262E-02 2.2767E+02    4.8015E-06    4.7820E-06    1.9911E+00   -1.9920E+00    8.1695E+00    2.0300E-04
2.8770E+01  1.4833E-02 2.2595E+02    4.7096E-06    4.6594E-06    1.7969E+00   -1.7857E+00    7.6372E+00    2.0300E-04
2.8017E+01  1.6570E-02 2.2440E+02    4.6193E-06    4.4983E-06    1.6185E+00   -1.5979E+00    7.1829E+00    2.0300E-04
2.7278E+01  1.8487E-02 2.2301E+02    4.5307E-06    4.3215E-06    1.4612E+00   -1.4299E+00    6.7916E+00    2.0300E-04
2.6552E+01  2.0599E-02 2.2175E+02    4.4436E-06    4.1136E-06    1.3212E+00   -1.2821E+00    6.4502E+00    2.0300E-04
2.5838E+01  2.2924E-02 2.2059E+02    4.3581E-06    3.8914E-06    1.1993E+00   -1.1540E+00    6.1476E+00    2.0300E-04
2.5137E+01  2.5480E-02 2.1951E+02    4.2740E-06    3.6541E-06    1.0925E+00   -1.0434E+00    5.8754E+00    2.0300E-04
2.4447E+01  2.8284E-02 2.1849E+02    4.1913E-06    3.4198E-06    9.9981E-01   -9.4663E-01    5.6273E+00    2.0300E-04
2.3769E+01  3.1358E-02 2.1752E+02    4.1102E-06    3.1805E-06    9.1607E-01   -8.5988E-01    5.3988E+00    2.0300E-04
2.3102E+01  3.4722E-02 2.1659E+02    4.0302E-06    2.9362E-06    8.3798E-01   -7.8024E-01    5.1869E+00    2.0300E-04
2.2447E+01  3.8398E-02 2.1570E+02    3.9516E-06    2.6938E-06    7.6439E-01   -7.0577E-01    4.8933E+00    2.0300E-04
2.1802E+01  4.2410E-02 2.1486E+02    3.8745E-06    2.4538E-06    6.9406E-01   -6.3563E-01    4.6237E+00    2.0300E-04
2.1168E+01  4.6783E-02 2.1406E+02    3.7985E-06    2.2245E-06    6.2743E-01   -5.6885E-01    4.3804E+00    2.0300E-04
2.0545E+01  5.1541E-02 2.1331E+02    3.7238E-06    1.9997E-06    5.6340E-01   -5.0558E-01    4.1625E+00    2.0300E-04
1.9932E+01  5.6711E-02 2.1261E+02    3.6503E-06    1.7794E-06    5.0210E-01   -4.4563E-01    3.9691E+00    2.0300E-04
1.9329E+01  6.2322E-02 2.1197E+02    3.5868E-06    1.5635E-06    4.4412E-01   -3.8925E-01    3.7990E+00    2.0300E-04
1.8736E+01  6.8401E-02 2.1140E+02    3.5176E-06    1.3620E-06    3.9118E-01   -3.3440E-01    3.6502E+00    2.0300E-04
1.8152E+01  7.4979E-02 2.1088E+02    3.4594E-06    1.1742E-06    3.4348E-01   -2.8262E-01    3.5200E+00    2.0300E-04
1.7578E+01  8.2086E-02 2.1041E+02    3.4056E-06    9.9527E-07    3.0045E-01   -2.3648E-01    3.4055E+00    2.0300E-04
1.7014E+01  8.9753E-02 2.0997E+02    3.3605E-06    8.3371E-07    2.6300E-01   -1.9675E-01    3.3038E+00    2.0300E-04
1.6458E+01  9.8012E-02 2.0958E+02    3.3162E-06    6.8618E-07    2.3038E-01   -1.6553E-01    3.2127E+00    2.0300E-04
1.5912E+01  1.0690E-01 2.0921E+02    3.2794E-06    5.5581E-07    2.0146E-01   -1.1552E-01    3.1298E+00    2.0300E-04
1.5374E+01  1.1644E-01 2.0887E+02    3.2472E-06    4.4270E-07    1.7683E-01   -9.7131E-02    3.0550E+00    2.0300E-04
1.4845E+01  1.2668E-01 2.0857E+02    3.2237E-06    3.4858E-07    1.5658E-01   -8.5663E-02    2.9908E+00    2.0300E-04
1.4325E+01  1.3764E-01 2.0834E+02    3.2030E-06    2.7071E-07    1.3991E-01   -7.9988E-02    2.9417E+00    2.0300E-04
1.3814E+01  1.4936E-01 2.0820E+02    3.1825E-06    2.0595E-07    1.2612E-01   -7.9401E-02    2.9130E+00    2.0300E-04
1.3310E+01  1.6188E-01 2.0819E+02    3.1712E-06    1.5341E-07    1.1503E-01   -8.1177E-02    2.9094E+00    2.0300E-04
1.2814E+01  1.7522E-01 2.0830E+02    3.1613E-06    1.1888E-07    1.0719E-01   -7.8694E-02    2.9338E+00    2.0300E-04
1.2326E+01  1.8942E-01 2.0857E+02    3.1600E-06    9.5627E-08    1.0170E-01   -7.3531E-02    2.9901E+00    2.0300E-04
1.1846E+01  2.0452E-01 2.0894E+02    3.3276E-06    7.8474E-08    9.8653E-02   -6.9140E-02    3.0694E+00    2.0300E-04
1.1372E+01  2.2055E-01 2.0944E+02    4.1532E-06    6.5897E-08    9.9678E-02   -7.8193E-02    3.1823E+00    2.0300E-04
1.0905E+01  2.3753E-01 2.1000E+02    5.0031E-06    5.8204E-08    1.0068E-01   -4.7917E-02    3.3110E+00    2.0300E-04
1.0444E+01  2.5549E-01 2.1072E+02    5.5439E-06    5.3591E-08    1.0309E-01   -7.0878E-03    3.4825E+00    2.0300E-04
9.9890E+00  2.7447E-01 2.1245E+02    7.0661E-06    5.0333E-08    1.1027E-01   -1.3829E-01    3.9258E+00    2.0300E-04
9.5355E+00  2.9448E-01 2.1682E+02    1.2703E-05    4.7559E-08    1.3611E-01   -5.1013E-01    5.2378E+00    2.0300E-04
9.0812E+00  3.1556E-01 2.2117E+02    2.2266E-05    4.4992E-08    1.7528E-01   -9.0667E-01    6.2959E+00    2.0300E-04
8.6264E+00  3.3772E-01 2.2549E+02    3.8061E-05    4.2562E-08    2.2719E-01   -1.3108E+00    7.5002E+00    2.0300E-04
8.1715E+00  3.6098E-01 2.2977E+02    6.3413E-05    4.0199E-08    2.8949E-01   -1.6764E+00    8.8543E+00    2.0300E-04
7.7170E+00  3.8535E-01 2.3398E+02    1.0289E-04    3.7846E-08    3.5687E-01   -1.9568E+00    1.0357E+01    2.0300E-04
7.2633E+00  4.1085E-01 2.3809E+02    1.6244E-04    3.5578E-08    4.2695E-01   -2.1450E+00    1.2002E+01    2.0300E-04
6.8109E+00  4.3749E-01 2.4209E+02    2.4932E-04    3.3396E-08    5.0271E-01   -2.2673E+00    1.3775E+01    2.0300E-04
6.3604E+00  4.6527E-01 2.4594E+02    3.7186E-04    3.1305E-08    5.7956E-01   -2.3119E+00    1.5660E+01    2.0300E-04
5.9124E+00  4.9419E-01 2.4963E+02    5.3888E-04    2.9306E-08    6.4346E-01   -2.3130E+00    1.7635E+01    2.0300E-04
5.4674E+00  5.2425E-01 2.5314E+02    7.5921E-04    2.7343E-08    6.8838E-01   -2.2922E+00    1.9677E+01    2.0300E-04
5.0260E+00  5.5543E-01 2.5645E+02    1.0410E-03    2.5445E-08    7.2083E-01   -2.2729E+00    2.1763E+01    2.0300E-04
4.5887E+00  5.8772E-01 2.5958E+02    1.3916E-03    2.3676E-08    7.4712E-01   -2.2275E+00    2.3873E+01    2.0300E-04
4.1562E+00  6.2112E-01 2.6252E+02    1.8168E-03    2.2036E-08    7.6671E-01   -2.1640E+00    2.5991E+01    2.0300E-04
3.7290E+00  6.5558E-01 2.6529E+02    2.3216E-03    2.0425E-08    7.7679E-01   -2.0966E+00    2.8103E+01    2.0300E-04
3.3074E+00  6.9108E-01 2.6788E+02    2.9097E-03    1.8902E-08    7.7781E-01   -1.9996E+00    3.0201E+01    2.0300E-04
2.8920E+00  7.2758E-01 2.7033E+02    3.5837E-03    1.7543E-08    7.7286E-01   -1.8472E+00    3.2278E+01    2.0300E-04
2.4831E+00  7.6505E-01 2.7263E+02    4.3455E-03    1.6340E-08    7.6485E-01   -1.6995E+00    3.4327E+01    2.0300E-04
2.0810E+00  8.0344E-01 2.7501E+02    5.2736E-03    1.5285E-08    7.6001E-01   -1.6119E+00    3.6554E+01    2.0300E-04
1.6858E+00  8.4268E-01 2.7729E+02    6.1685E-03    1.4369E-08    7.3919E-01   -1.5244E+00    3.8782E+01    2.0300E-04
1.2979E+00  8.8274E-01 2.7948E+02    7.2156E-03    1.3593E-08    7.2435E-01   -1.5236E+00    4.1014E+01    2.0300E-04
9.1750E-01  9.2353E-01 2.8155E+02    8.3238E-03    1.2895E-08    7.1201E-01   -1.5917E+00    4.3217E+01    2.0300E-04
5.4495E-01  9.6498E-01 2.8353E+02    9.4550E-03    1.2351E-08    7.0727E-01   -1.7838E+00    4.5406E+01    2.0300E-04
1.8049E-01  1.0070E+00 2.8542E+02    1.0812E-02    1.1919E-08    7.2712E-01   -2.0350E+00    4.7568E+01    2.0300E-04
0.0000E+00  1.0284E+00 2.8636E+02    1.1491E-02    1.2000E-08    7.9273E+00   -3.5204E+00    4.8680E+01    2.0300E-04
