     ALT          P          T          FH2O           O3           THEAT        TCOOL        PSATCO2        FCO2
7.3464E+01  3.2610E-05 2.1768E+02    3.9202E-06    4.3856E-08    3.5666E+01   -5.8978E+01    5.4364E+00    2.0300E-04
7.2354E+01  3.8506E-05 2.1901E+02    4.1790E-06    5.2439E-08    4.9706E+00   -3.9243E+01    5.7535E+00    2.0300E-04
7.1245E+01  4.5410E-05 2.2040E+02    4.4029E-06    6.4494E-08    2.0002E+00   -2.5411E+01    6.0979E+00    2.0300E-04
7.0138E+01  5.3485E-05 2.2184E+02    4.6118E-06    8.1597E-08    1.7402E+00   -1.6306E+01    6.4734E+00    2.0300E-04
6.9033E+01  6.2917E-05 2.2333E+02    4.7963E-06    1.0507E-07    1.8058E+00   -1.0728E+01    6.8805E+00    2.0300E-04
6.7929E+01  7.3919E-05 2.2487E+02    4.9664E-06    1.3477E-07    1.9313E+00   -7.5450E+00    7.3184E+00    2.0300E-04
6.6827E+01  8.6735E-05 2.2644E+02    5.1121E-06    1.6982E-07    2.0878E+00   -5.8494E+00    7.7862E+00    2.0300E-04
6.5726E+01  1.0165E-04 2.2802E+02    5.2443E-06    2.0825E-07    2.2641E+00   -5.0020E+00    8.2822E+00    2.0300E-04
6.4626E+01  1.1897E-04 2.2962E+02    5.3636E-06    2.4777E-07    2.4580E+00   -4.6252E+00    8.8051E+00    2.0300E-04
6.3528E+01  1.3907E-04 2.3122E+02    5.4734E-06    2.8921E-07    2.6632E+00   -4.4943E+00    9.3532E+00    2.0300E-04
6.2432E+01  1.6236E-04 2.3281E+02    5.5665E-06    3.3376E-07    2.8857E+00   -4.4827E+00    9.9251E+00    2.0300E-04
6.1338E+01  1.8931E-04 2.3440E+02    5.6541E-06    3.8434E-07    3.1381E+00   -4.5350E+00    1.0520E+01    2.0300E-04
6.0245E+01  2.2046E-04 2.3598E+02    5.7311E-06    4.4001E-07    3.4153E+00   -4.6184E+00    1.1136E+01    2.0300E-04
5.9155E+01  2.5642E-04 2.3755E+02    5.7965E-06    5.0341E-07    3.7249E+00   -4.7210E+00    1.1773E+01    2.0300E-04
5.8067E+01  2.9785E-04 2.3910E+02    5.8618E-06    5.7320E-07    4.0573E+00   -4.8411E+00    1.2432E+01    2.0300E-04
5.6982E+01  3.4555E-04 2.4064E+02    5.9170E-06    6.4971E-07    4.4074E+00   -4.9712E+00    1.3112E+01    2.0300E-04
5.5899E+01  4.0039E-04 2.4217E+02    5.9646E-06    7.3482E-07    4.7754E+00   -5.1096E+00    1.3814E+01    2.0300E-04
5.4819E+01  4.6334E-04 2.4369E+02    6.0079E-06    8.2719E-07    5.1470E+00   -5.2540E+00    1.4539E+01    2.0300E-04
5.3743E+01  5.3551E-04 2.4520E+02    6.0510E-06    9.2937E-07    5.5207E+00   -5.4013E+00    1.5286E+01    2.0300E-04
5.2669E+01  6.1815E-04 2.4671E+02    6.0839E-06    1.0415E-06    5.8855E+00   -5.5439E+00    1.6057E+01    2.0300E-04
5.1599E+01  7.1263E-04 2.4821E+02    6.1167E-06    1.1699E-06    6.2485E+00   -5.6810E+00    1.6852E+01    2.0300E-04
5.0532E+01  8.2053E-04 2.4969E+02    6.1447E-06    1.3126E-06    6.5822E+00   -5.8059E+00    1.7672E+01    2.0300E-04
4.9468E+01  9.4357E-04 2.5118E+02    6.1660E-06    1.4674E-06    6.8639E+00   -5.9052E+00    1.8517E+01    2.0300E-04
4.8409E+01  1.0837E-03 2.5266E+02    6.1772E-06    1.6471E-06    7.1225E+00   -6.0310E+00    1.9388E+01    2.0300E-04
4.7353E+01  1.2431E-03 2.5413E+02    6.1900E-06    1.8528E-06    7.3309E+00   -6.1865E+00    2.0284E+01    2.0300E-04
4.6301E+01  1.4241E-03 2.5560E+02    6.1900E-06    2.0728E-06    7.4340E+00   -6.4057E+00    2.1211E+01    2.0300E-04
4.5253E+01  1.6294E-03 2.5714E+02    6.1897E-06    2.3241E-06    7.4589E+00   -6.6849E+00    2.2216E+01    2.0300E-04
4.4210E+01  1.8619E-03 2.5840E+02    6.1788E-06    2.5964E-06    7.3737E+00   -6.8798E+00    2.3063E+01    2.0300E-04
4.3173E+01  2.1250E-03 2.5904E+02    6.1561E-06    2.9086E-06    7.2048E+00   -6.9023E+00    2.3499E+01    2.0300E-04
4.2145E+01  2.4222E-03 2.5895E+02    6.1250E-06    3.2393E-06    6.9183E+00   -6.7416E+00    2.3434E+01    2.0300E-04
4.1129E+01  2.7574E-03 2.5815E+02    6.0743E-06    3.5745E-06    6.5233E+00   -6.4308E+00    2.2886E+01    2.0300E-04
4.0127E+01  3.1351E-03 2.5673E+02    6.0214E-06    3.8922E-06    6.0486E+00   -6.0183E+00    2.1946E+01    2.0300E-04
3.9143E+01  3.5601E-03 2.5484E+02    5.9598E-06    4.1728E-06    5.5380E+00   -5.5485E+00    2.0731E+01    2.0300E-04
3.8176E+01  4.0375E-03 2.5260E+02    5.8824E-06    4.4087E-06    5.0369E+00   -5.0627E+00    1.9353E+01    2.0300E-04
3.7227E+01  4.5733E-03 2.5011E+02    5.8057E-06    4.5859E-06    4.5673E+00   -4.5955E+00    1.7905E+01    2.0300E-04
3.6299E+01  5.1736E-03 2.4747E+02    5.7223E-06    4.7159E-06    4.1488E+00   -4.1654E+00    1.6456E+01    2.0300E-04
3.5390E+01  5.8453E-03 2.4474E+02    5.6320E-06    4.8104E-06    3.7823E+00   -3.7891E+00    1.5053E+01    2.0300E-04
3.4501E+01  6.5959E-03 2.4199E+02    5.5330E-06    4.8815E-06    3.4616E+00   -3.4622E+00    1.3728E+01    2.0300E-04
3.3631E+01  7.4335E-03 2.3927E+02    5.4361E-06    4.9355E-06    3.1758E+00   -3.1734E+00    1.2505E+01    2.0300E-04
3.2780E+01  8.3669E-03 2.3663E+02    5.3412E-06    4.9598E-06    2.9104E+00   -2.9097E+00    1.1397E+01    2.0300E-04
3.1947E+01  9.4057E-03 2.3412E+02    5.2413E-06    4.9600E-06    2.6619E+00   -2.6650E+00    1.0413E+01    2.0300E-04
3.1132E+01  1.0560E-02 2.3180E+02    5.1535E-06    4.9318E-06    2.4266E+00   -2.4631E+00    9.5571E+00    2.0300E-04
3.0334E+01  1.1841E-02 2.2967E+02    5.0578E-06    4.8752E-06    2.2038E+00   -2.2248E+00    8.8233E+00    2.0300E-04
2.9552E+01  1.3261E-02 2.2776E+02    4.9539E-06    4.7796E-06    1.9925E+00   -2.0010E+00    8.1991E+00    2.0300E-04
2.8785E+01  1.4833E-02 2.2605E+02    4.8620E-06    4.6530E-06    1.7971E+00   -1.7949E+00    7.6691E+00    2.0300E-04
2.8032E+01  1.6569E-02 2.2452E+02    4.7716E-06    4.4930E-06    1.6187E+00   -1.6074E+00    7.2173E+00    2.0300E-04
2.7292E+01  1.8486E-02 2.2315E+02    4.6830E-06    4.3064E-06    1.4594E+00   -1.4401E+00    6.8288E+00    2.0300E-04
2.6566E+01  2.0598E-02 2.2190E+02    4.5958E-06    4.1031E-06    1.3204E+00   -1.2932E+00    6.4903E+00    2.0300E-04
2.5852E+01  2.2923E-02 2.2076E+02    4.5102E-06    3.8869E-06    1.1998E+00   -1.1660E+00    6.1907E+00    2.0300E-04
2.5150E+01  2.5479E-02 2.1969E+02    4.4260E-06    3.6499E-06    1.0930E+00   -1.0562E+00    5.9214E+00    2.0300E-04
2.4460E+01  2.8283E-02 2.1869E+02    4.3432E-06    3.4151E-06    1.0002E+00   -9.5995E-01    5.6760E+00    2.0300E-04
2.3781E+01  3.1357E-02 2.1774E+02    4.2620E-06    3.1758E-06    9.1632E-01   -8.7376E-01    5.4498E+00    2.0300E-04
2.3114E+01  3.4720E-02 2.1683E+02    4.1819E-06    2.9316E-06    8.3821E-01   -7.9466E-01    5.2399E+00    2.0300E-04
2.2457E+01  3.8397E-02 2.1595E+02    4.1032E-06    2.6885E-06    7.6459E-01   -7.2045E-01    4.9752E+00    2.0300E-04
2.1812E+01  4.2409E-02 2.1512E+02    4.0169E-06    2.4573E-06    6.9537E-01   -6.4930E-01    4.7057E+00    2.0300E-04
2.1177E+01  4.6781E-02 2.1433E+02    3.9415E-06    2.2187E-06    6.2731E-01   -5.8339E-01    4.4620E+00    2.0300E-04
2.0553E+01  5.1538E-02 2.1359E+02    3.8750E-06    1.9933E-06    5.6307E-01   -5.2088E-01    4.2434E+00    2.0300E-04
1.9939E+01  5.6709E-02 2.1290E+02    3.8014E-06    1.7726E-06    5.0179E-01   -4.6108E-01    4.0493E+00    2.0300E-04
1.9336E+01  6.2319E-02 2.1227E+02    3.7291E-06    1.5649E-06    4.4497E-01   -4.0295E-01    3.8783E+00    2.0300E-04
1.8742E+01  6.8398E-02 2.1170E+02    3.6684E-06    1.3641E-06    3.9212E-01   -3.4803E-01    3.7284E+00    2.0300E-04
1.8157E+01  7.4975E-02 2.1119E+02    3.6100E-06    1.1685E-06    3.4335E-01   -2.9745E-01    3.5970E+00    2.0300E-04
1.7583E+01  8.2082E-02 2.1072E+02    3.5561E-06    9.9564E-07    3.0107E-01   -2.4964E-01    3.4812E+00    2.0300E-04
1.7017E+01  8.9748E-02 2.1029E+02    3.5061E-06    8.3289E-07    2.6352E-01   -2.0921E-01    3.3779E+00    2.0300E-04
1.6461E+01  9.8007E-02 2.0989E+02    3.4623E-06    6.8597E-07    2.3095E-01   -1.7721E-01    3.2851E+00    2.0300E-04
1.5914E+01  1.0689E-01 2.0952E+02    3.4227E-06    5.5457E-07    2.0188E-01   -1.2706E-01    3.2002E+00    2.0300E-04
1.5375E+01  1.1643E-01 2.0918E+02    3.3873E-06    4.4253E-07    1.7735E-01   -1.0733E-01    3.1234E+00    2.0300E-04
1.4846E+01  1.2667E-01 2.0888E+02    3.3637E-06    3.4780E-07    1.5702E-01   -9.5343E-02    3.0572E+00    2.0300E-04
1.4325E+01  1.3763E-01 2.0864E+02    3.3429E-06    2.7054E-07    1.4041E-01   -8.8892E-02    3.0060E+00    2.0300E-04
1.3813E+01  1.4935E-01 2.0850E+02    3.3225E-06    2.0491E-07    1.2650E-01   -8.8047E-02    2.9754E+00    2.0300E-04
1.3309E+01  1.6187E-01 2.0847E+02    3.3112E-06    1.5315E-07    1.1550E-01   -8.8947E-02    2.9697E+00    2.0300E-04
1.2813E+01  1.7521E-01 2.0858E+02    3.3013E-06    1.1782E-07    1.0755E-01   -8.6987E-02    2.9937E+00    2.0300E-04
1.2324E+01  1.8941E-01 2.0883E+02    3.2915E-06    9.5274E-08    1.0211E-01   -7.9820E-02    3.0462E+00    2.0300E-04
1.1842E+01  2.0451E-01 2.0921E+02    3.4594E-06    7.8246E-08    9.9069E-02   -7.7605E-02    3.1292E+00    2.0300E-04
1.1368E+01  2.2053E-01 2.0970E+02    4.3071E-06    6.5686E-08    1.0024E-01   -8.8136E-02    3.2396E+00    2.0300E-04
1.0900E+01  2.3751E-01 2.1022E+02    5.1443E-06    5.8104E-08    1.0223E-01   -6.3096E-02    3.3605E+00    2.0300E-04
1.0440E+01  2.5548E-01 2.1090E+02    5.6773E-06    5.3545E-08    1.0322E-01   -5.0664E-03    3.5245E+00    2.0300E-04
9.9843E+00  2.7445E-01 2.1243E+02    7.0490E-06    5.0297E-08    1.0953E-01   -1.1962E-01    3.9209E+00    2.0300E-04
9.5311E+00  2.9446E-01 2.1671E+02    1.2532E-05    4.7528E-08    1.3443E-01   -4.8289E-01    5.2141E+00    2.0300E-04
9.0770E+00  3.1554E-01 2.2106E+02    2.1972E-05    4.4965E-08    1.7305E-01   -8.8006E-01    6.2682E+00    2.0300E-04
8.6225E+00  3.3770E-01 2.2538E+02    3.7572E-05    4.2537E-08    2.2459E-01   -1.2871E+00    7.4682E+00    2.0300E-04
8.1679E+00  3.6095E-01 2.2966E+02    6.2622E-05    4.0176E-08    2.8670E-01   -1.6571E+00    8.8178E+00    2.0300E-04
7.7136E+00  3.8533E-01 2.3387E+02    1.0165E-04    3.7826E-08    3.5408E-01   -1.9424E+00    1.0316E+01    2.0300E-04
7.2602E+00  4.1083E-01 2.3798E+02    1.6057E-04    3.5561E-08    4.2420E-01   -2.1345E+00    1.1956E+01    2.0300E-04
6.8080E+00  4.3747E-01 2.4198E+02    2.4659E-04    3.3380E-08    4.9994E-01   -2.2598E+00    1.3726E+01    2.0300E-04
6.3578E+00  4.6524E-01 2.4584E+02    3.6801E-04    3.1291E-08    5.7698E-01   -2.3069E+00    1.5608E+01    2.0300E-04
5.9100E+00  4.9416E-01 2.4953E+02    5.3366E-04    2.9294E-08    6.4135E-01   -2.3091E+00    1.7580E+01    2.0300E-04
5.4652E+00  5.2421E-01 2.5304E+02    7.5236E-04    2.7391E-08    6.8674E-01   -2.2892E+00    1.9619E+01    2.0300E-04
5.0240E+00  5.5539E-01 2.5636E+02    1.0323E-03    2.5535E-08    7.1946E-01   -2.2704E+00    2.1704E+01    2.0300E-04
4.5870E+00  5.8769E-01 2.5949E+02    1.3808E-03    2.3734E-08    7.4592E-01   -2.2260E+00    2.3813E+01    2.0300E-04
4.1546E+00  6.2108E-01 2.6244E+02    1.8039E-03    2.2029E-08    7.6572E-01   -2.1628E+00    2.5931E+01    2.0300E-04
3.7275E+00  6.5553E-01 2.6521E+02    2.3064E-03    2.0424E-08    7.7606E-01   -2.0958E+00    2.8044E+01    2.0300E-04
3.3061E+00  6.9103E-01 2.6781E+02    2.8922E-03    1.8987E-08    7.7730E-01   -2.0000E+00    3.0142E+01    2.0300E-04
2.8909E+00  7.2754E-01 2.7026E+02    3.5639E-03    1.7639E-08    7.7250E-01   -1.8486E+00    3.2219E+01    2.0300E-04
2.4822E+00  7.6500E-01 2.7256E+02    4.3233E-03    1.6382E-08    7.6462E-01   -1.7014E+00    3.4270E+01    2.0300E-04
2.0802E+00  8.0339E-01 2.7493E+02    5.2411E-03    1.5283E-08    7.6019E-01   -1.6139E+00    3.6473E+01    2.0300E-04
1.6852E+00  8.4263E-01 2.7721E+02    6.1376E-03    1.4367E-08    7.3971E-01   -1.5254E+00    3.8702E+01    2.0300E-04
1.2974E+00  8.8268E-01 2.7940E+02    7.1754E-03    1.3592E-08    7.2441E-01   -1.5215E+00    4.0935E+01    2.0300E-04
9.1716E-01  9.2347E-01 2.8148E+02    8.2855E-03    1.2894E-08    7.1226E-01   -1.5889E+00    4.3138E+01    2.0300E-04
5.4475E-01  9.6492E-01 2.8346E+02    9.4051E-03    1.2350E-08    7.0695E-01   -1.7780E+00    4.5327E+01    2.0300E-04
1.8042E-01  1.0070E+00 2.8535E+02    1.0764E-02    1.1919E-08    7.2708E-01   -2.0302E+00    4.7490E+01    2.0300E-04
0.0000E+00  1.0283E+00 2.8630E+02    1.1445E-02    1.2000E-08    7.9298E+00   -3.5252E+00    4.8601E+01    2.0300E-04
