     ALT          P          T          FH2O           O3           THEAT        TCOOL        PSATCO2        FCO2
7.3468E+01  3.2610E-05 2.1760E+02    3.9983E-06    4.3548E-08    3.5666E+01   -5.8942E+01    5.4168E+00    2.0300E-04
7.2358E+01  3.8506E-05 2.1893E+02    4.2571E-06    5.2061E-08    4.9707E+00   -3.9217E+01    5.7329E+00    2.0300E-04
7.1249E+01  4.5410E-05 2.2031E+02    4.4911E-06    6.4072E-08    1.9999E+00   -2.5415E+01    6.0764E+00    2.0300E-04
7.0143E+01  5.3485E-05 2.2175E+02    4.7001E-06    8.1022E-08    1.7390E+00   -1.6343E+01    6.4508E+00    2.0300E-04
6.9038E+01  6.2917E-05 2.2325E+02    4.8947E-06    1.0412E-07    1.8028E+00   -1.0771E+01    6.8568E+00    2.0300E-04
6.7935E+01  7.3919E-05 2.2479E+02    5.0613E-06    1.3383E-07    1.9280E+00   -7.5909E+00    7.2936E+00    2.0300E-04
6.6833E+01  8.6735E-05 2.2635E+02    5.2108E-06    1.6846E-07    2.0825E+00   -5.8907E+00    7.7602E+00    2.0300E-04
6.5732E+01  1.0164E-04 2.2794E+02    5.3430E-06    2.0686E-07    2.2585E+00   -5.0414E+00    8.2551E+00    2.0300E-04
6.4633E+01  1.1897E-04 2.2953E+02    5.4724E-06    2.4635E-07    2.4523E+00   -4.6652E+00    8.7767E+00    2.0300E-04
6.3536E+01  1.3907E-04 2.3113E+02    5.5777E-06    2.8729E-07    2.6551E+00   -4.5280E+00    9.3236E+00    2.0300E-04
6.2440E+01  1.6236E-04 2.3273E+02    5.6754E-06    3.3222E-07    2.8790E+00   -4.5142E+00    9.8943E+00    2.0300E-04
6.1346E+01  1.8931E-04 2.3432E+02    5.7630E-06    3.8188E-07    3.1276E+00   -4.5612E+00    1.0488E+01    2.0300E-04
6.0254E+01  2.2046E-04 2.3590E+02    5.8403E-06    4.3828E-07    3.4075E+00   -4.6404E+00    1.1103E+01    2.0300E-04
5.9164E+01  2.5641E-04 2.3746E+02    5.9157E-06    5.0076E-07    3.7136E+00   -4.7413E+00    1.1739E+01    2.0300E-04
5.8077E+01  2.9785E-04 2.3902E+02    5.9710E-06    5.7022E-07    4.0440E+00   -4.8528E+00    1.2396E+01    2.0300E-04
5.6992E+01  3.4555E-04 2.4056E+02    6.0307E-06    6.4660E-07    4.3940E+00   -4.9795E+00    1.3075E+01    2.0300E-04
5.5909E+01  4.0038E-04 2.4209E+02    6.0840E-06    7.3155E-07    4.7618E+00   -5.1154E+00    1.3776E+01    2.0300E-04
5.4830E+01  4.6333E-04 2.4361E+02    6.1272E-06    8.2378E-07    5.1336E+00   -5.2552E+00    1.4499E+01    2.0300E-04
5.3753E+01  5.3550E-04 2.4512E+02    6.1703E-06    9.2577E-07    5.5081E+00   -5.3982E+00    1.5245E+01    2.0300E-04
5.2680E+01  6.1813E-04 2.4663E+02    6.2033E-06    1.0395E-06    5.8807E+00   -5.5376E+00    1.6015E+01    2.0300E-04
5.1610E+01  7.1262E-04 2.4812E+02    6.2330E-06    1.1679E-06    6.2448E+00   -5.6709E+00    1.6808E+01    2.0300E-04
5.0544E+01  8.2051E-04 2.4961E+02    6.2644E-06    1.3102E-06    6.5777E+00   -5.7937E+00    1.7627E+01    2.0300E-04
4.9481E+01  9.4355E-04 2.5110E+02    6.2856E-06    1.4646E-06    6.8578E+00   -5.8912E+00    1.8470E+01    2.0300E-04
4.8421E+01  1.0837E-03 2.5257E+02    6.2968E-06    1.6410E-06    7.1080E+00   -6.0139E+00    1.9339E+01    2.0300E-04
4.7366E+01  1.2430E-03 2.5405E+02    6.3100E-06    1.8490E-06    7.3252E+00   -6.1681E+00    2.0234E+01    2.0300E-04
4.6314E+01  1.4240E-03 2.5552E+02    6.3100E-06    2.0686E-06    7.4294E+00   -6.3862E+00    2.1158E+01    2.0300E-04
4.5267E+01  1.6293E-03 2.5706E+02    6.3100E-06    2.3193E-06    7.4545E+00   -6.6673E+00    2.2164E+01    2.0300E-04
4.4224E+01  1.8619E-03 2.5834E+02    6.2992E-06    2.5911E-06    7.3686E+00   -6.8663E+00    2.3015E+01    2.0300E-04
4.3187E+01  2.1249E-03 2.5899E+02    6.2784E-06    2.8943E-06    7.1878E+00   -6.8919E+00    2.3461E+01    2.0300E-04
4.2159E+01  2.4221E-03 2.5891E+02    6.2458E-06    3.2331E-06    6.9177E+00   -6.7384E+00    2.3405E+01    2.0300E-04
4.1143E+01  2.7573E-03 2.5812E+02    6.2027E-06    3.5682E-06    6.5252E+00   -6.4319E+00    2.2867E+01    2.0300E-04
4.0142E+01  3.1350E-03 2.5671E+02    6.1426E-06    3.8863E-06    6.0513E+00   -6.0202E+00    2.1933E+01    2.0300E-04
3.9157E+01  3.5600E-03 2.5483E+02    6.0835E-06    4.1677E-06    5.5404E+00   -5.5513E+00    2.0722E+01    2.0300E-04
3.8190E+01  4.0374E-03 2.5259E+02    6.0140E-06    4.3963E-06    5.0334E+00   -5.0655E+00    1.9347E+01    2.0300E-04
3.7242E+01  4.5731E-03 2.5011E+02    5.9282E-06    4.5736E-06    4.5647E+00   -4.5986E+00    1.7903E+01    2.0300E-04
3.6314E+01  5.1734E-03 2.4747E+02    5.8448E-06    4.7131E-06    4.1522E+00   -4.1703E+00    1.6457E+01    2.0300E-04
3.5405E+01  5.8451E-03 2.4475E+02    5.7539E-06    4.8060E-06    3.7846E+00   -3.7940E+00    1.5056E+01    2.0300E-04
3.4515E+01  6.5957E-03 2.4200E+02    5.6650E-06    4.8799E-06    3.4642E+00   -3.4680E+00    1.3734E+01    2.0300E-04
3.3645E+01  7.4332E-03 2.3929E+02    5.5656E-06    4.9248E-06    3.1746E+00   -3.1786E+00    1.2513E+01    2.0300E-04
3.2794E+01  8.3666E-03 2.3665E+02    5.4729E-06    4.9588E-06    2.9126E+00   -2.9159E+00    1.1407E+01    2.0300E-04
3.1962E+01  9.4053E-03 2.3415E+02    5.3736E-06    4.9539E-06    2.6626E+00   -2.6712E+00    1.0425E+01    2.0300E-04
3.1147E+01  1.0560E-02 2.3183E+02    5.2758E-06    4.9329E-06    2.4289E+00   -2.4689E+00    9.5707E+00    2.0300E-04
3.0348E+01  1.1841E-02 2.2972E+02    5.1800E-06    4.8684E-06    2.2037E+00   -2.2303E+00    8.8388E+00    2.0300E-04
2.9566E+01  1.3261E-02 2.2782E+02    5.0861E-06    4.7721E-06    1.9922E+00   -2.0075E+00    8.2169E+00    2.0300E-04
2.8799E+01  1.4832E-02 2.2612E+02    4.9941E-06    4.6462E-06    1.7971E+00   -1.8019E+00    7.6893E+00    2.0300E-04
2.8045E+01  1.6569E-02 2.2460E+02    4.9037E-06    4.4916E-06    1.6200E+00   -1.6152E+00    7.2401E+00    2.0300E-04
2.7306E+01  1.8485E-02 2.2324E+02    4.8150E-06    4.3108E-06    1.4619E+00   -1.4484E+00    6.8540E+00    2.0300E-04
2.6579E+01  2.0598E-02 2.2201E+02    4.7278E-06    4.1040E-06    1.3219E+00   -1.3019E+00    6.5178E+00    2.0300E-04
2.5864E+01  2.2923E-02 2.2087E+02    4.6421E-06    3.8819E-06    1.1999E+00   -1.1750E+00    6.2204E+00    2.0300E-04
2.5162E+01  2.5478E-02 2.1982E+02    4.5479E-06    3.6452E-06    1.0930E+00   -1.0650E+00    5.9533E+00    2.0300E-04
2.4471E+01  2.8282E-02 2.1883E+02    4.4650E-06    3.4102E-06    1.0001E+00   -9.6938E-01    5.7100E+00    2.0300E-04
2.3792E+01  3.1355E-02 2.1789E+02    4.3837E-06    3.1708E-06    9.1629E-01   -8.8375E-01    5.4859E+00    2.0300E-04
2.3125E+01  3.4719E-02 2.1699E+02    4.3035E-06    2.9297E-06    8.3866E-01   -8.0498E-01    5.2781E+00    2.0300E-04
2.2468E+01  3.8395E-02 2.1613E+02    4.2248E-06    2.6871E-06    7.6505E-01   -7.3128E-01    5.0355E+00    2.0300E-04
2.1822E+01  4.2407E-02 2.1531E+02    4.1474E-06    2.4516E-06    6.9531E-01   -6.6136E-01    4.7673E+00    2.0300E-04
2.1187E+01  4.6779E-02 2.1453E+02    4.0712E-06    2.2228E-06    6.2868E-01   -5.9484E-01    4.5246E+00    2.0300E-04
2.0562E+01  5.1536E-02 2.1381E+02    3.9963E-06    1.9971E-06    5.6439E-01   -5.3184E-01    4.3065E+00    2.0300E-04
1.9947E+01  5.6706E-02 2.1313E+02    3.9226E-06    1.7760E-06    5.0300E-01   -4.7191E-01    4.1125E+00    2.0300E-04
1.9343E+01  6.2316E-02 2.1251E+02    3.8585E-06    1.5678E-06    4.4594E-01   -4.1416E-01    3.9412E+00    2.0300E-04
1.8748E+01  6.8395E-02 2.1194E+02    3.7892E-06    1.3571E-06    3.9167E-01   -3.6034E-01    3.7910E+00    2.0300E-04
1.8164E+01  7.4972E-02 2.1143E+02    3.7307E-06    1.1707E-06    3.4412E-01   -3.0789E-01    3.6592E+00    2.0300E-04
1.7588E+01  8.2078E-02 2.1097E+02    3.6766E-06    9.9680E-07    3.0177E-01   -2.5976E-01    3.5428E+00    2.0300E-04
1.7022E+01  8.9744E-02 2.1054E+02    3.6313E-06    8.3236E-07    2.6398E-01   -2.1961E-01    3.4389E+00    2.0300E-04
1.6465E+01  9.8003E-02 2.1015E+02    3.5868E-06    6.8511E-07    2.3134E-01   -1.8729E-01    3.3452E+00    2.0300E-04
1.5917E+01  1.0689E-01 2.0978E+02    3.5430E-06    5.5412E-07    2.0229E-01   -1.3669E-01    3.2595E+00    2.0300E-04
1.5378E+01  1.1643E-01 2.0944E+02    3.5075E-06    4.4208E-07    1.7777E-01   -1.1632E-01    3.1817E+00    2.0300E-04
1.4848E+01  1.2666E-01 2.0914E+02    3.4838E-06    3.4799E-07    1.5750E-01   -1.0353E-01    3.1143E+00    2.0300E-04
1.4327E+01  1.3762E-01 2.0890E+02    3.4630E-06    2.6984E-07    1.4078E-01   -9.6896E-02    3.0620E+00    2.0300E-04
1.3814E+01  1.4934E-01 2.0875E+02    3.4425E-06    2.0489E-07    1.2695E-01   -9.5147E-02    3.0298E+00    2.0300E-04
1.3309E+01  1.6186E-01 2.0872E+02    3.4312E-06    1.5314E-07    1.1595E-01   -9.5693E-02    3.0231E+00    2.0300E-04
1.2812E+01  1.7520E-01 2.0882E+02    3.4212E-06    1.1778E-07    1.0799E-01   -9.2944E-02    3.0448E+00    2.0300E-04
1.2323E+01  1.8940E-01 2.0906E+02    3.4115E-06    9.5132E-08    1.0253E-01   -8.6103E-02    3.0975E+00    2.0300E-04
1.1841E+01  2.0450E-01 2.0942E+02    3.5722E-06    7.8168E-08    9.9453E-02   -8.2977E-02    3.1779E+00    2.0300E-04
1.1366E+01  2.2052E-01 2.0991E+02    4.4373E-06    6.5626E-08    1.0054E-01   -9.4028E-02    3.2883E+00    2.0300E-04
1.0898E+01  2.3750E-01 2.1043E+02    5.3028E-06    5.8063E-08    1.0149E-01   -6.3416E-02    3.4114E+00    2.0300E-04
1.0437E+01  2.5546E-01 2.1105E+02    5.7972E-06    5.3517E-08    1.0345E-01   -5.6982E-03    3.5619E+00    2.0300E-04
9.9814E+00  2.7444E-01 2.1243E+02    7.0487E-06    5.0219E-08    1.0913E-01   -1.0756E-01    3.9206E+00    2.0300E-04
9.5282E+00  2.9445E-01 2.1662E+02    1.2392E-05    4.7453E-08    1.3323E-01   -4.6316E-01    5.1946E+00    2.0300E-04
9.0743E+00  3.1552E-01 2.2097E+02    2.1733E-05    4.4947E-08    1.7144E-01   -8.6092E-01    6.2455E+00    2.0300E-04
8.6200E+00  3.3768E-01 2.2529E+02    3.7175E-05    4.2495E-08    2.2268E-01   -1.2699E+00    7.4421E+00    2.0300E-04
8.1656E+00  3.6093E-01 2.2957E+02    6.1982E-05    4.0078E-08    2.8462E-01   -1.6429E+00    8.7881E+00    2.0300E-04
7.7115E+00  3.8531E-01 2.3378E+02    1.0065E-04    3.7812E-08    3.5199E-01   -1.9317E+00    1.0283E+01    2.0300E-04
7.2582E+00  4.1081E-01 2.3790E+02    1.5905E-04    3.5549E-08    4.2211E-01   -2.1265E+00    1.1919E+01    2.0300E-04
6.8062E+00  4.3744E-01 2.4190E+02    2.4437E-04    3.3370E-08    4.9782E-01   -2.2541E+00    1.3685E+01    2.0300E-04
6.3561E+00  4.6522E-01 2.4575E+02    3.6486E-04    3.1282E-08    5.7498E-01   -2.3030E+00    1.5564E+01    2.0300E-04
5.9085E+00  4.9413E-01 2.4945E+02    5.2936E-04    2.9286E-08    6.3971E-01   -2.3061E+00    1.7534E+01    2.0300E-04
5.4638E+00  5.2418E-01 2.5296E+02    7.4667E-04    2.7384E-08    6.8547E-01   -2.2868E+00    1.9571E+01    2.0300E-04
5.0228E+00  5.5536E-01 2.5629E+02    1.0250E-03    2.5529E-08    7.1841E-01   -2.2685E+00    2.1654E+01    2.0300E-04
4.5859E+00  5.8765E-01 2.5942E+02    1.3717E-03    2.3729E-08    7.4503E-01   -2.2250E+00    2.3762E+01    2.0300E-04
4.1537E+00  6.2104E-01 2.6237E+02    1.7927E-03    2.2024E-08    7.6505E-01   -2.1622E+00    2.5879E+01    2.0300E-04
3.7267E+00  6.5550E-01 2.6514E+02    2.2931E-03    2.0420E-08    7.7564E-01   -2.0959E+00    2.7991E+01    2.0300E-04
3.3054E+00  6.9099E-01 2.6775E+02    2.8765E-03    1.8984E-08    7.7710E-01   -2.0014E+00    3.0089E+01    2.0300E-04
2.8902E+00  7.2749E-01 2.7020E+02    3.5456E-03    1.7636E-08    7.7247E-01   -1.8528E+00    3.2166E+01    2.0300E-04
2.4816E+00  7.6496E-01 2.7250E+02    4.3024E-03    1.6435E-08    7.6467E-01   -1.7029E+00    3.4216E+01    2.0300E-04
2.0798E+00  8.0334E-01 2.7487E+02    5.2189E-03    1.5346E-08    7.5958E-01   -1.6097E+00    3.6418E+01    2.0300E-04
1.6848E+00  8.4258E-01 2.7715E+02    6.1160E-03    1.4366E-08    7.3968E-01   -1.5243E+00    3.8646E+01    2.0300E-04
1.2971E+00  8.8263E-01 2.7935E+02    7.1465E-03    1.3592E-08    7.2421E-01   -1.5193E+00    4.0877E+01    2.0300E-04
9.1697E-01  9.2341E-01 2.8142E+02    8.2574E-03    1.2962E-08    7.1242E-01   -1.5869E+00    4.3080E+01    2.0300E-04
5.4464E-01  9.6486E-01 2.8341E+02    9.3672E-03    1.2450E-08    7.0673E-01   -1.7738E+00    4.5266E+01    2.0300E-04
1.8039E-01  1.0069E+00 2.8530E+02    1.0727E-02    1.2019E-08    7.2714E-01   -2.0270E+00    4.7428E+01    2.0300E-04
0.0000E+00  1.0283E+00 2.8624E+02    1.1408E-02    1.2100E-08    7.9318E+00   -3.5294E+00    4.8539E+01    2.0300E-04
