     ALT          P          T          FH2O           O3           THEAT        TCOOL        PSATCO2        FCO2
7.3207E+01  3.2610E-05 2.1823E+02    3.1413E-06    4.7990E-08    3.5775E+01   -5.9695E+01    5.5665E+00    2.0500E-04
7.2092E+01  3.8506E-05 2.1957E+02    3.3478E-06    5.6989E-08    4.9266E+00   -3.9306E+01    5.8898E+00    2.0500E-04
7.0980E+01  4.5412E-05 2.2095E+02    3.5295E-06    6.9719E-08    2.0055E+00   -2.5099E+01    6.2406E+00    2.0500E-04
6.9870E+01  5.3488E-05 2.2240E+02    3.7063E-06    8.7770E-08    1.7611E+00   -1.5839E+01    6.6227E+00    2.0500E-04
6.8761E+01  6.2921E-05 2.2389E+02    3.8584E-06    1.1285E-07    1.8356E+00   -1.0204E+01    7.0366E+00    2.0500E-04
6.7653E+01  7.3924E-05 2.2542E+02    3.9912E-06    1.4414E-07    1.9693E+00   -7.0216E+00    7.4815E+00    2.0500E-04
6.6547E+01  8.6743E-05 2.2699E+02    4.1166E-06    1.8203E-07    2.1401E+00   -5.3538E+00    7.9562E+00    2.0500E-04
6.5443E+01  1.0166E-04 2.2857E+02    4.2271E-06    2.2286E-07    2.3293E+00   -4.5389E+00    8.4592E+00    2.0500E-04
6.4340E+01  1.1898E-04 2.3016E+02    4.3259E-06    2.6487E-07    2.5366E+00   -4.2031E+00    8.9890E+00    2.0500E-04
6.3238E+01  1.3909E-04 2.3176E+02    4.4140E-06    3.0919E-07    2.7567E+00   -4.1107E+00    9.5439E+00    2.0500E-04
6.2139E+01  1.6238E-04 2.3335E+02    4.4919E-06    3.5644E-07    2.9932E+00   -4.1425E+00    1.0122E+01    2.0500E-04
6.1041E+01  1.8934E-04 2.3493E+02    4.5623E-06    4.0945E-07    3.2578E+00   -4.2367E+00    1.0723E+01    2.0500E-04
5.9945E+01  2.2050E-04 2.3650E+02    4.6280E-06    4.6812E-07    3.5486E+00   -4.3669E+00    1.1346E+01    2.0500E-04
5.8852E+01  2.5646E-04 2.3806E+02    4.6824E-06    5.3289E-07    3.8640E+00   -4.5171E+00    1.1989E+01    2.0500E-04
5.7761E+01  2.9791E-04 2.3961E+02    4.7360E-06    6.0538E-07    4.2065E+00   -4.6855E+00    1.2654E+01    2.0500E-04
5.6672E+01  3.4562E-04 2.4114E+02    4.7796E-06    6.8540E-07    4.5688E+00   -4.8641E+00    1.3340E+01    2.0500E-04
5.5587E+01  4.0047E-04 2.4267E+02    4.8165E-06    7.7303E-07    4.9431E+00   -5.0502E+00    1.4048E+01    2.0500E-04
5.4504E+01  4.6344E-04 2.4418E+02    4.8563E-06    8.6929E-07    5.3240E+00   -5.2431E+00    1.4778E+01    2.0500E-04
5.3424E+01  5.3563E-04 2.4569E+02    4.8895E-06    9.7563E-07    5.7065E+00   -5.4343E+00    1.5531E+01    2.0500E-04
5.2348E+01  6.1829E-04 2.4719E+02    4.9113E-06    1.0962E-06    6.0899E+00   -5.6179E+00    1.6309E+01    2.0500E-04
5.1274E+01  7.1281E-04 2.4868E+02    4.9327E-06    1.2260E-06    6.4391E+00   -5.7901E+00    1.7111E+01    2.0500E-04
5.0204E+01  8.2074E-04 2.5017E+02    4.9541E-06    1.3683E-06    6.7499E+00   -5.9456E+00    1.7937E+01    2.0500E-04
4.9138E+01  9.4382E-04 2.5165E+02    4.9700E-06    1.5329E-06    7.0393E+00   -6.0745E+00    1.8790E+01    2.0500E-04
4.8076E+01  1.0840E-03 2.5312E+02    4.9800E-06    1.7195E-06    7.2903E+00   -6.2309E+00    1.9669E+01    2.0500E-04
4.7017E+01  1.2434E-03 2.5459E+02    4.9800E-06    1.9279E-06    7.4717E+00   -6.4229E+00    2.0574E+01    2.0500E-04
4.5963E+01  1.4245E-03 2.5610E+02    4.9800E-06    2.1478E-06    7.5412E+00   -6.6645E+00    2.1533E+01    2.0500E-04
4.4912E+01  1.6299E-03 2.5755E+02    4.9700E-06    2.4089E-06    7.5548E+00   -6.9080E+00    2.2488E+01    2.0500E-04
4.3867E+01  1.8625E-03 2.5861E+02    4.9484E-06    2.6920E-06    7.4572E+00   -7.0341E+00    2.3201E+01    2.0500E-04
4.2829E+01  2.1257E-03 2.5902E+02    4.9169E-06    3.0160E-06    7.2746E+00   -6.9905E+00    2.3482E+01    2.0500E-04
4.1800E+01  2.4230E-03 2.5871E+02    4.8737E-06    3.3672E-06    6.9846E+00   -6.7791E+00    2.3268E+01    2.0500E-04
4.0785E+01  2.7584E-03 2.5771E+02    4.8152E-06    3.7199E-06    6.5801E+00   -6.4304E+00    2.2590E+01    2.0500E-04
3.9785E+01  3.1363E-03 2.5611E+02    4.7529E-06    4.0471E-06    6.0899E+00   -5.9882E+00    2.1542E+01    2.0500E-04
3.8802E+01  3.5614E-03 2.5405E+02    4.6821E-06    4.3353E-06    5.5693E+00   -5.4963E+00    2.0239E+01    2.0500E-04
3.7838E+01  4.0391E-03 2.5165E+02    4.6039E-06    4.5732E-06    5.0617E+00   -4.9940E+00    1.8792E+01    2.0500E-04
3.6893E+01  4.5751E-03 2.4900E+02    4.5098E-06    4.7604E-06    4.5958E+00   -4.5107E+00    1.7287E+01    2.0500E-04
3.5968E+01  5.1756E-03 2.4619E+02    4.4190E-06    4.8994E-06    4.1811E+00   -4.0688E+00    1.5788E+01    2.0500E-04
3.5063E+01  5.8477E-03 2.4328E+02    4.3208E-06    5.0090E-06    3.8202E+00   -3.6805E+00    1.4339E+01    2.0500E-04
3.4179E+01  6.5986E-03 2.4033E+02    4.2252E-06    5.0964E-06    3.5031E+00   -3.3402E+00    1.2972E+01    2.0500E-04
3.3315E+01  7.4367E-03 2.3739E+02    4.1221E-06    5.1639E-06    3.2179E+00   -3.0351E+00    1.1709E+01    2.0500E-04
3.2470E+01  8.3706E-03 2.3451E+02    4.0213E-06    5.2143E-06    2.9560E+00   -2.7545E+00    1.0562E+01    2.0500E-04
3.1645E+01  9.4099E-03 2.3175E+02    3.9229E-06    5.2300E-06    2.7064E+00   -2.4922E+00    9.5417E+00    2.0500E-04
3.0838E+01  1.0565E-02 2.2916E+02    3.8269E-06    5.2190E-06    2.4696E+00   -2.2718E+00    8.6509E+00    2.0500E-04
3.0049E+01  1.1847E-02 2.2676E+02    3.7328E-06    5.1690E-06    2.2427E+00   -2.0163E+00    7.8848E+00    2.0500E-04
2.9277E+01  1.3267E-02 2.2457E+02    3.6409E-06    5.0679E-06    2.0257E+00   -1.7771E+00    7.2316E+00    2.0500E-04
2.8520E+01  1.4840E-02 2.2259E+02    3.5509E-06    4.9347E-06    1.8258E+00   -1.5573E+00    6.6765E+00    2.0500E-04
2.7778E+01  1.6577E-02 2.2081E+02    3.4627E-06    4.7629E-06    1.6432E+00   -1.3591E+00    6.2041E+00    2.0500E-04
2.7051E+01  1.8495E-02 2.1920E+02    3.3761E-06    4.5494E-06    1.4780E+00   -1.1844E+00    5.8001E+00    2.0500E-04
2.6337E+01  2.0609E-02 2.1775E+02    3.2914E-06    4.3139E-06    1.3333E+00   -1.0342E+00    5.4521E+00    2.0500E-04
2.5636E+01  2.2935E-02 2.1642E+02    3.2179E-06    4.0632E-06    1.2077E+00   -9.0773E-01    5.1335E+00    2.0500E-04
2.4948E+01  2.5492E-02 2.1521E+02    3.1360E-06    3.8028E-06    1.0984E+00   -8.0151E-01    4.7353E+00    2.0500E-04
2.4271E+01  2.8298E-02 2.1410E+02    3.0556E-06    3.5352E-06    1.0018E+00   -7.1193E-01    4.3925E+00    2.0500E-04
2.3607E+01  3.1374E-02 2.1306E+02    2.9804E-06    3.2704E-06    9.1549E-01   -6.3455E-01    4.0945E+00    2.0500E-04
2.2953E+01  3.4740E-02 2.1211E+02    2.9086E-06    3.0042E-06    8.3561E-01   -5.6580E-01    3.8339E+00    2.0500E-04
2.2311E+01  3.8418E-02 2.1122E+02    2.8322E-06    2.7473E-06    7.6127E-01   -5.0220E-01    3.6049E+00    2.0500E-04
2.1679E+01  4.2433E-02 2.1040E+02    2.7669E-06    2.4953E-06    6.9035E-01   -4.4357E-01    3.4037E+00    2.0500E-04
2.1058E+01  4.6808E-02 2.0964E+02    2.6974E-06    2.2477E-06    6.2205E-01   -3.8888E-01    3.2273E+00    2.0500E-04
2.0447E+01  5.1568E-02 2.0895E+02    2.6367E-06    2.0118E-06    5.5726E-01   -3.3751E-01    3.0736E+00    2.0500E-04
1.9846E+01  5.6742E-02 2.0834E+02    2.5684E-06    1.7856E-06    4.9597E-01   -2.8814E-01    2.9409E+00    2.0500E-04
1.9254E+01  6.2356E-02 2.0779E+02    2.5083E-06    1.5734E-06    4.3904E-01   -2.4058E-01    2.8273E+00    2.0500E-04
1.8672E+01  6.8439E-02 2.0731E+02    2.4523E-06    1.3657E-06    3.8573E-01   -1.9638E-01    2.7306E+00    2.0500E-04
1.8100E+01  7.5021E-02 2.0689E+02    2.4033E-06    1.1746E-06    3.3787E-01   -1.5477E-01    2.6488E+00    2.0500E-04
1.7536E+01  8.2132E-02 2.0652E+02    2.3518E-06    9.9785E-07    2.9531E-01   -1.1718E-01    2.5796E+00    2.0500E-04
1.6981E+01  8.9804E-02 2.0621E+02    2.3077E-06    8.3504E-07    2.5786E-01   -8.6523E-02    2.5209E+00    2.0500E-04
1.6435E+01  9.8069E-02 2.0593E+02    2.2706E-06    6.8794E-07    2.2544E-01   -6.4114E-02    2.4711E+00    2.0500E-04
1.5897E+01  1.0696E-01 2.0570E+02    2.2385E-06    5.5737E-07    1.9669E-01   -1.8750E-02    2.4284E+00    2.0500E-04
1.5368E+01  1.1651E-01 2.0549E+02    2.2146E-06    4.4500E-07    1.7238E-01   -9.8097E-03    2.3927E+00    2.0500E-04
1.4848E+01  1.2675E-01 2.0534E+02    2.1858E-06    3.5062E-07    1.5225E-01   -6.6028E-03    2.3663E+00    2.0500E-04
1.4335E+01  1.3772E-01 2.0526E+02    2.1717E-06    2.7346E-07    1.3585E-01   -8.1623E-03    2.3524E+00    2.0500E-04
1.3830E+01  1.4945E-01 2.0528E+02    2.1534E-06    2.0844E-07    1.2216E-01   -1.3336E-02    2.3551E+00    2.0500E-04
1.3333E+01  1.6198E-01 2.0541E+02    2.1418E-06    1.5687E-07    1.1130E-01   -1.9094E-02    2.3786E+00    2.0500E-04
1.2844E+01  1.7533E-01 2.0570E+02    2.1320E-06    1.2118E-07    1.0362E-01   -2.3243E-02    2.4289E+00    2.0500E-04
1.2361E+01  1.8954E-01 2.0603E+02    2.5511E-06    9.7540E-08    1.0065E-01   -2.9310E-02    2.4879E+00    2.0500E-04
1.1886E+01  2.0465E-01 2.0658E+02    2.8862E-06    8.0202E-08    9.8589E-02   -2.5332E-02    2.5897E+00    2.0500E-04
1.1417E+01  2.2069E-01 2.0723E+02    3.3664E-06    6.7293E-08    9.7671E-02   -1.3922E-02    2.7149E+00    2.0500E-04
1.0954E+01  2.3768E-01 2.0825E+02    3.8958E-06    5.9079E-08    9.9372E-02   -4.0574E-03    2.9234E+00    2.0500E-04
1.0495E+01  2.5566E-01 2.1006E+02    5.0555E-06    5.4123E-08    1.0469E-01   -9.2236E-02    3.3248E+00    2.0500E-04
1.0039E+01  2.7465E-01 2.1368E+02    8.3323E-06    5.0662E-08    1.2183E-01   -3.6163E-01    4.2692E+00    2.0500E-04
9.5829E+00  2.9468E-01 2.1807E+02    1.4926E-05    4.7776E-08    1.5318E-01   -7.3602E-01    5.5267E+00    2.0500E-04
9.1256E+00  3.1577E-01 2.2244E+02    2.6071E-05    4.5170E-08    1.9692E-01   -1.1292E+00    6.6338E+00    2.0500E-04
8.6679E+00  3.3794E-01 2.2678E+02    4.4382E-05    4.2698E-08    2.5239E-01   -1.5113E+00    7.8902E+00    2.0500E-04
8.2101E+00  3.6122E-01 2.3106E+02    7.3591E-05    4.0234E-08    3.1675E-01   -1.8429E+00    9.2981E+00    2.0500E-04
7.7526E+00  3.8561E-01 2.3527E+02    1.1875E-04    3.7855E-08    3.8461E-01   -2.0838E+00    1.0855E+01    2.0500E-04
7.2961E+00  4.1113E-01 2.3937E+02    1.8632E-04    3.5560E-08    4.5549E-01   -2.2433E+00    1.2551E+01    2.0500E-04
6.8410E+00  4.3779E-01 2.4335E+02    2.8403E-04    3.3357E-08    5.3238E-01   -2.3388E+00    1.4372E+01    2.0500E-04
6.3878E+00  4.6559E-01 2.4717E+02    4.2051E-04    3.1246E-08    6.0714E-01   -2.3614E+00    1.6298E+01    2.0500E-04
5.9372E+00  4.9453E-01 2.5081E+02    6.0473E-04    2.9166E-08    6.6571E-01   -2.3503E+00    1.8307E+01    2.0500E-04
5.4898E+00  5.2461E-01 2.5427E+02    8.4538E-04    2.7155E-08    7.0588E-01   -2.3263E+00    2.0374E+01    2.0500E-04
5.0461E+00  5.5582E-01 2.5754E+02    1.1504E-03    2.5242E-08    7.3577E-01   -2.2989E+00    2.2478E+01    2.0500E-04
4.6067E+00  5.8814E-01 2.6061E+02    1.5266E-03    2.3426E-08    7.6003E-01   -2.2422E+00    2.4599E+01    2.0500E-04
4.1722E+00  6.2156E-01 2.6350E+02    1.9796E-03    2.1707E-08    7.7673E-01   -2.1745E+00    2.6723E+01    2.0500E-04
3.7431E+00  6.5605E-01 2.6621E+02    2.5140E-03    2.0087E-08    7.8356E-01   -2.0993E+00    2.8838E+01    2.0500E-04
3.3197E+00  6.9158E-01 2.6876E+02    3.1331E-03    1.8637E-08    7.8200E-01   -1.9846E+00    3.0935E+01    2.0500E-04
2.9026E+00  7.2811E-01 2.7116E+02    3.8394E-03    1.7281E-08    7.7552E-01   -1.8238E+00    3.3009E+01    2.0500E-04
2.4921E+00  7.6561E-01 2.7346E+02    4.6610E-03    1.6068E-08    7.6842E-01   -1.6866E+00    3.5096E+01    2.0500E-04
2.0885E+00  8.0402E-01 2.7583E+02    5.5893E-03    1.5006E-08    7.5687E-01   -1.5919E+00    3.7346E+01    2.0500E-04
1.6918E+00  8.4330E-01 2.7808E+02    6.4726E-03    1.4082E-08    7.3183E-01   -1.5110E+00    3.9580E+01    2.0500E-04
1.3024E+00  8.8339E-01 2.8024E+02    7.6138E-03    1.3303E-08    7.2143E-01   -1.5402E+00    4.1814E+01    2.0500E-04
9.2066E-01  9.2421E-01 2.8229E+02    8.7079E-03    1.2669E-08    7.0723E-01   -1.6151E+00    4.4020E+01    2.0500E-04
5.4680E-01  9.6570E-01 2.8425E+02    9.9599E-03    1.2153E-08    7.0826E-01   -1.8370E+00    4.6220E+01    2.0500E-04
1.8109E-01  1.0078E+00 2.8611E+02    1.1299E-02    1.1720E-08    7.2556E-01   -2.0782E+00    4.8383E+01    2.0500E-04
0.0000E+00  1.0292E+00 2.8705E+02    1.1971E-02    1.1800E-08    7.8989E+00   -3.4651E+00    4.9497E+01    2.0500E-04
