   185.601738418779        0.107348749512326E-04
   178.235880711026        0.109382436933254E-04
   175.736240029898        0.110400080262271E-04
   178.618509323641        0.112401705290228E-04
   183.958869706448        0.113387306062133E-04
   189.135779711452        0.114356912470142E-04
   193.411845162815        0.116000000000000E-04
   196.918606015142        0.117000000000000E-04
   199.924366045186        0.118000000000000E-04
   202.615110450915        0.118076012350451E-04
   205.093587771612        0.119000000000000E-04
   207.416253167531        0.120000000000000E-04
   209.617482095000        0.120696768077490E-04
   211.720582744879        0.121000000000000E-04
   213.742520686703        0.121364708077432E-04
   215.696141962981        0.122000000000000E-04
   217.591406518080        0.122000000000000E-04
   219.436190253495        0.123000000000000E-04
   221.236842966728        0.123000000000000E-04
   222.998582726873        0.123000000000000E-04
   224.725777505211        0.123000000000000E-04
   226.422149964947        0.124000000000000E-04
   228.090929416927        0.124000000000000E-04
   229.734966200311        0.123000000000000E-04
   231.497567449503        0.123000000000000E-04
   232.877894013058        0.123000000000000E-04
   233.330067461883        0.123000000000000E-04
   232.745312490110        0.122334672122643E-04
   231.272656100764        0.122000000000000E-04
   229.149532134852        0.121140888893571E-04
   226.633742930730        0.121000000000000E-04
   223.962615928361        0.120009920135832E-04
   221.326626064491        0.119466715154120E-04
   218.852346334832        0.118940976660966E-04
   216.598722454751        0.118000000000000E-04
   214.571300382529        0.117000000000000E-04
   212.745752404624        0.116454345365947E-04
   211.089682873944        0.115991349198536E-04
   209.581022611897        0.115000000000000E-04
   208.214836752198        0.114109713614266E-04
   206.998675467154        0.113691960798002E-04
   205.940915931998        0.112290312654965E-04
   205.039972302120        0.111904737755789E-04
   204.285356653351        0.111000000000000E-04
   203.661823256979        0.110178894466980E-04
   203.151949524252        0.109000000000000E-04
   202.738079649927        0.108514980816131E-04
   202.402001125544        0.107206929085993E-04
   202.126186843639        0.106914394272380E-04
   201.894136868969        0.106000000000000E-04
   201.691501224063        0.105374262199058E-04
   201.506833703874        0.104128363297229E-04
   201.332563968584        0.103897451980864E-04
   201.164721242485        0.102681292834299E-04
   201.002730982383        0.102000000000000E-04
   200.848643218344        0.101296577064936E-04
   200.706480097771        0.100127833016587E-04
   200.582608675084        0.996847137417443E-05
   200.484297605209        0.990014845533794E-05
   200.417514242701        0.983275803698062E-05
   200.383889247793        0.976629767950856E-05
   200.378887710919        0.970564409729944E-05
   200.392970252470        0.965180520128220E-05
   200.414850908035        0.959873620508083E-05
   200.431333774539        0.955315343405198E-05
   200.446152081103        0.951894883235217E-05
   200.486719840450        0.948848956027091E-05
   200.595352922662        0.945849043149590E-05
   200.813007000088        0.943596970820310E-05
   201.158048061935        0.941658356142430E-05
   201.609806855783        0.458642049066456E-05
   202.119501587136        0.279641333043570E-05
   202.641843357643        0.169796811219098E-05
   204.743853959374        0.233325619964244E-05
   208.565834611897        0.406918781087253E-05
   212.200045544479        0.677770006713958E-05
   216.105769333100        0.114955755475595E-04
   220.530716243565        0.204262688852338E-04
   224.930598734436        0.353661870876389E-04
   229.285185612025        0.596263870922843E-04
   233.570445534027        0.978029452183127E-04
   237.759398419988        0.155918276877772E-03
   241.823918931115        0.241369680064997E-03
   245.737336307474        0.362625511305101E-03
   249.477295649881        0.528693887401112E-03
   253.028158526163        0.748492516566136E-03
   256.382185067806        0.103029418924160E-02
   259.539089053021        0.138135672797825E-02
   262.504561433691        0.180776831502162E-02
   265.288376409537        0.231445907360027E-02
   267.902589288770        0.290530046525391E-02
   270.360099488796        0.358322400442180E-02
   272.673644917973        0.435031607268570E-02
   275.079284554110        0.528566847657281E-02
   277.381329273205        0.618719563865019E-02
   279.591952212204        0.725687063011602E-02
   281.687568250582        0.837530913590241E-02
   283.696149368114        0.954865359980432E-02
   285.608553372367        0.109212699483244E-01
   287.429081670219        0.122301593929104E-01
   288.348306308872        0.129378251562851E-01
