   217.322640232214        0.263819173487328E-05
   218.652044148675        0.280648655229794E-05
   220.032151068421        0.296810537623990E-05
   221.468375918033        0.310899954028730E-05
   222.953736970987        0.323481046100027E-05
   224.477764460854        0.334365087324427E-05
   226.029842582675        0.345237353661579E-05
   227.600097562065        0.354077026893378E-05
   229.179716729980        0.361746352752668E-05
   230.761218924820        0.369054473111282E-05
   232.338677870353        0.375539283115245E-05
   233.907823747518        0.382013885154789E-05
   235.465989833692        0.386651865808106E-05
   237.011916467296        0.391952247962851E-05
   238.545453601596        0.396242370474654E-05
   240.067217268381        0.399522584156341E-05
   241.578256355707        0.402792440401785E-05
   243.079775742665        0.406051268937057E-05
   244.572943162528        0.408649488937570E-05
   246.058785339078        0.410766852672305E-05
   247.538159870907        0.411877735553779E-05
   249.011777718750        0.413000000000000E-05
   250.480248792693        0.414000000000000E-05
   251.944128425093        0.414000000000000E-05
   253.403951439523        0.413749355196335E-05
   254.942668587290        0.411674653967858E-05
   256.282187315515        0.409608283348139E-05
   257.067627409361        0.406109489043195E-05
   257.109019414151        0.401566460632987E-05
   256.344513489725        0.396076557721538E-05
   254.803104958680        0.389215024345923E-05
   252.579469446798        0.381526476993056E-05
   249.805147434202        0.372781617373359E-05
   246.619214524581        0.364582240423376E-05
   243.150882826269        0.354760297540574E-05
   239.515551204257        0.345522997374974E-05
   235.818161850758        0.335682265251216E-05
   232.157509522099        0.326573382780101E-05
   228.626693153529        0.316957178982107E-05
   225.308935815058        0.308586168423207E-05
   222.272377321527        0.299402203696528E-05
   219.566734152856        0.291429526618594E-05
   217.210284789271        0.282613435739552E-05
   215.191598329088        0.274987780065322E-05
   213.480145100616        0.267475676530326E-05
   212.035581230062        0.259941792684940E-05
   210.814452565677        0.252907228286491E-05
   209.775311782591        0.245339100625406E-05
   208.881328448760        0.238699148850035E-05
   208.100993637682        0.232148108099605E-05
   207.409055177967        0.225686316398170E-05
   206.786021386974        0.219325439183292E-05
   206.217698070664        0.213062822215144E-05
   205.694914097800        0.207869459803990E-05
   205.212801762691        0.201769604445113E-05
   204.770015180860        0.195762807880948E-05
   204.367656019582        0.190679208826094E-05
   204.007989219214        0.185020664332053E-05
   203.693200189411        0.180410313309517E-05
   203.424627716264        0.175872361304879E-05
   203.201427369398        0.171401645466561E-05
   203.020369883361        0.167499908154220E-05
   202.877738162471        0.164244918604788E-05
   202.770781113840        0.161037630894285E-05
   202.693169090262        0.158586272972672E-05
   202.644908849574        0.155763840589682E-05
   202.643649613685        0.154233222506772E-05
   202.712055226532        0.152450260695478E-05
   202.868053173912        0.151232872680898E-05
   203.135432792567        0.150254266989161E-05
   203.529307684476        0.171752529855234E-05
   204.019589810617        0.196146778370613E-05
   204.535175507499        0.224891732387747E-05
   205.295814029540        0.252887873279198E-05
   208.240788243811        0.388659957965072E-05
   210.479050029010        0.535126643282177E-05
   214.898090437221        0.980095659778656E-05
   219.306648624116        0.174895332928344E-04
   223.694332426274        0.304191099635916E-04
   228.043753679293        0.515466843493751E-04
   232.332511166559        0.850338274891012E-04
   236.534881193218        0.136427823172914E-03
   240.623292447231        0.212679404028680E-03
   244.570706290724        0.321925553396281E-03
   248.353455556090        0.473032791639157E-03
   251.953772258112        0.674992353578675E-03
   255.361269531425        0.936323568119346E-03
   258.573054118311        0.126462903853873E-02
   261.592657859083        0.166636469088563E-02
   264.428298219208        0.214679568026315E-02
   267.091060014033        0.271006803250629E-02
   269.593351376567        0.335932247470178E-02
   271.947767096980        0.409679848899014E-02
   274.311603954008        0.498767672059495E-02
   276.645481771746        0.590116723966672E-02
   278.880783070009        0.688043965732280E-02
   281.003997565693        0.801305527632023E-02
   283.025586293825        0.909359479538354E-02
   284.963092766377        0.104609962125826E-01
   286.802978660186        0.117832596334198E-01
   287.728745939331        0.124491851172552E-01
