   217.847782308725        0.372983217587693E-05
   219.179685634255        0.397470870846408E-05
   220.564700510148        0.418822248222281E-05
   222.008538053228        0.438681008133588E-05
   223.503971455726        0.457092194130502E-05
   225.040158111052        0.473060337123410E-05
   226.606121822024        0.486590718912242E-05
   228.191663663247        0.499682471073521E-05
   229.787679126105        0.511352520140675E-05
   231.386427777005        0.521147240575842E-05
   232.981757770562        0.530929504059506E-05
   234.569207209597        0.538698001978301E-05
   236.145947626615        0.546336296069753E-05
   237.710582000659        0.552885124481948E-05
   239.262839701454        0.558420327769054E-05
   240.803225141382        0.564294284640646E-05
   242.332677836429        0.568630621105384E-05
   243.852290686085        0.572955674360461E-05
   245.363113919852        0.577134035227386E-05
   246.866049729965        0.580283883750269E-05
   248.361823259591        0.583427145408891E-05
   249.851004153586        0.585563532767109E-05
   251.334051073784        0.587692765666648E-05
   252.811357673786        0.588814568953362E-05
   254.283288282337        0.589928673158596E-05
   255.762972494273        0.590000000000000E-05
   257.289303421637        0.589000000000000E-05
   258.512332224117        0.587777978429778E-05
   259.109643216037        0.585404441331465E-05
   258.979038710431        0.582290835418487E-05
   258.147625270501        0.577226017992358E-05
   256.712113370175        0.571829201601798E-05
   254.799301808827        0.565559011862361E-05
   252.537171937341        0.557824633381449E-05
   250.036050186040        0.550052639376535E-05
   247.381966556113        0.540772021313288E-05
   244.643725434466        0.531684674740577E-05
   241.880390616790        0.522793703763008E-05
   239.145803732790        0.512718932333745E-05
   236.491202221209        0.503521842711515E-05
   233.964887158316        0.493536885952681E-05
   231.613627176783        0.483767753296875E-05
   229.464846042754        0.474210880505978E-05
   227.524196741247        0.464830729751412E-05
   225.782165901481        0.455648682305756E-05
   224.219086617642        0.446624347758400E-05
   222.809668017606        0.437780914820136E-05
   221.526995806799        0.428588628821226E-05
   220.345507149263        0.419542517784909E-05
   219.243071456208        0.411141763980343E-05
   218.202691044407        0.402889966751711E-05
   217.212857301169        0.394786588207388E-05
   216.267132696089        0.386803123494424E-05
   215.363450664057        0.378963821814308E-05
   214.503377313726        0.371264558638747E-05
   213.690898653273        0.363901022788030E-05
   212.931456972016        0.357224154319494E-05
   212.229991173778        0.349897793780850E-05
   211.589324648468        0.343581350021174E-05
   211.009059994898        0.336675603701101E-05
   210.485841403801        0.330860227158711E-05
   210.013562855252        0.325514394419143E-05
   209.584612331632        0.321014555786868E-05
   209.192827567654        0.316588215663700E-05
   208.830650952124        0.312926588411538E-05
   208.498647659090        0.309714142342911E-05
   208.210919240106        0.307369873453805E-05
   207.991424489334        0.305297270793841E-05
   207.865288605286        0.303257929591140E-05
   207.854218850237        0.302125552262350E-05
   207.977602842761        0.301137440035306E-05
   208.247032619243        0.301835331996550E-05
   208.652849544444        0.365168728571758E-05
   209.093627002938        0.416940597889256E-05
   209.777966786734        0.466701383485838E-05
   210.573059752199        0.547056835730348E-05
   212.578417923048        0.718858060120168E-05
   216.947843878084        0.129225746429950E-04
   221.301579043689        0.226478373908177E-04
   225.626088581952        0.386960166281798E-04
   229.904580909541        0.644378090073690E-04
   234.114333396542        0.104494967230282E-03
   238.229943429179        0.164867836886124E-03
   242.225013760583        0.252875644350365E-03
   246.074552557329        0.376863196231468E-03
   249.757566198835        0.545699518596784E-03
   253.259128326927        0.768178612513134E-03
   256.571362013290        0.105247171816542E-02
   259.693197078008        0.140574729726529E-02
   262.629184243712        0.183399432439858E-02
   265.387847135855        0.234200797965010E-02
   267.980040874605        0.293346592848873E-02
   270.417600184017        0.361103057362072E-02
   272.712362900474        0.437643399179480E-02
   275.093491597102        0.530542310347213E-02
   277.370750074622        0.619912895805856E-02
   279.556083346697        0.725602828108878E-02
   281.625749484449        0.836278403911695E-02
   283.605879382153        0.950664538114076E-02
   285.490039763456        0.108614889103881E-01
   286.433293067758        0.115404270648344E-01
