
    OUTPUT FILES FOR THE Sun  

 Solar Constant= 1.000   F_CH4= 1.7796E-06  F_CO2= 1.7900E-04  F_O2= 2.0762E-02  F_N2= 9.4693E-01  F_H2= 5.2398E-07  F_AR= 9.8865E-03  IO3 =  1   IUP=  0
 ICONSERV= 1  FAC= 4.0  ND=101  SRFALB= 0.250  G= 980.0  IMW= 1  INVERSE= 0

 FNO2 = 2.133E-72

 NST=     1 JCONV= 14 CHG=1.03E-03 dt0=7.50E+03 DIVF(1)=-1.80E-04 DIVFrms= 1.76E-04 DT(ND)=-7.99E-02 T(ND)=2.8583E+02

 TIME= 5.000E+03  TIME IN DAYS = 5.787E-02

 PLANETARY ALBEDO:  ALBP = 0.2309

  J     P         ALT         T        CONVEC       DT          TOLD        FH20       FSAVE        FO3        TCOOL       THEAT
  1 3.2610E-05 6.8766E+01 1.8581E+02  0.00E+00  -2.7577E-01  1.8609E+02  2.8355E-06  2.8429E-06  1.0371E-08 -2.6844E+01  3.3527E+01
  2 3.8505E-05 6.7838E+01 1.7585E+02  0.00E+00   1.7541E-01  1.7567E+02  3.1690E-06  3.1687E-06  1.3661E-08 -1.1572E+01  5.3460E+00
  3 4.5409E-05 6.6958E+01 1.6984E+02  0.00E+00   1.7400E-01  1.6967E+02  3.4635E-06  3.4617E-06  1.7139E-08 -4.4379E+00  1.6921E+00
  4 5.3484E-05 6.6106E+01 1.6764E+02  0.00E+00   5.8105E-02  1.6758E+02  3.7305E-06  3.7317E-06  2.0101E-08 -1.4793E+00  1.1454E+00
  5 6.2915E-05 6.5265E+01 1.6812E+02  0.00E+00  -1.5496E-02  1.6813E+02  3.9763E-06  3.9750E-06  2.2367E-08 -5.3332E-01  1.0617E+00
  6 7.3916E-05 6.4424E+01 1.7018E+02  0.00E+00  -3.5076E-02  1.7021E+02  4.2050E-06  4.2037E-06  2.4482E-08 -4.2919E-01  1.0338E+00
  7 8.6732E-05 6.3578E+01 1.7309E+02  0.00E+00  -2.8900E-02  1.7312E+02  4.4216E-06  4.4238E-06  2.6548E-08 -5.8323E-01  1.0118E+00
  8 1.0164E-04 6.2723E+01 1.7646E+02  0.00E+00  -1.8312E-02  1.7648E+02  4.6270E-06  4.6355E-06  2.8998E-08 -7.4339E-01  9.9349E-01
  9 1.1896E-04 6.1858E+01 1.8012E+02  0.00E+00  -9.8121E-03  1.8013E+02  4.8266E-06  4.8257E-06  3.2089E-08 -8.6278E-01  9.8386E-01
 10 1.3906E-04 6.0983E+01 1.8407E+02  0.00E+00   1.5036E-03  1.8407E+02  5.0038E-06  5.0131E-06  3.6030E-08 -1.0214E+00  9.8214E-01
 11 1.6235E-04 6.0094E+01 1.8835E+02  0.00E+00   1.7645E-02  1.8833E+02  5.1783E-06  5.1808E-06  4.1247E-08 -1.3308E+00  9.9387E-01
 12 1.8930E-04 5.9193E+01 1.9295E+02  0.00E+00   4.4284E-02  1.9290E+02  5.3407E-06  5.3402E-06  4.8140E-08 -1.7035E+00  1.0166E+00
 13 2.2045E-04 5.8278E+01 1.9734E+02  0.00E+00   5.6697E-02  1.9728E+02  5.4959E-06  5.4955E-06  5.7603E-08 -1.9393E+00  1.0569E+00
 14 2.5639E-04 5.7351E+01 2.0117E+02  1.00E+00   5.2160E-02  2.0112E+02  5.6360E-06  5.6357E-06  7.0188E-08 -2.0292E+00  1.1179E+00
 15 2.9783E-04 5.6417E+01 2.0446E+02  1.00E+00   4.2813E-02  2.0441E+02  5.7668E-06  5.7666E-06  8.5599E-08 -2.0656E+00  1.1989E+00
 16 3.4552E-04 5.5476E+01 2.0734E+02  1.00E+00   3.4397E-02  2.0731E+02  5.8930E-06  5.8928E-06  1.0273E-07 -2.1134E+00  1.2906E+00
 17 4.0035E-04 5.4531E+01 2.0995E+02  1.00E+00   2.7851E-02  2.0992E+02  6.0064E-06  6.0062E-06  1.2131E-07 -2.1703E+00  1.3901E+00
 18 4.6329E-04 5.3583E+01 2.1236E+02  1.00E+00   2.2674E-02  2.1234E+02  6.1101E-06  6.1099E-06  1.4061E-07 -2.2304E+00  1.4933E+00
 19 5.3545E-04 5.2634E+01 2.1462E+02  1.00E+00   1.8333E-02  2.1461E+02  6.2117E-06  6.2116E-06  1.6175E-07 -2.2910E+00  1.6042E+00
 20 6.1807E-04 5.1683E+01 2.1678E+02  1.00E+00   1.4523E-02  2.1676E+02  6.2968E-06  6.3054E-06  1.8486E-07 -2.3482E+00  1.7232E+00
 21 7.1254E-04 5.0731E+01 2.1884E+02  1.00E+00   1.1088E-02  2.1883E+02  6.3816E-06  6.3915E-06  2.1162E-07 -2.4048E+00  1.8564E+00
 22 8.2042E-04 4.9780E+01 2.2083E+02  1.00E+00   7.9488E-03  2.2082E+02  6.4672E-06  6.4676E-06  2.4206E-07 -2.4596E+00  2.0027E+00
 23 9.4343E-04 4.8828E+01 2.2276E+02  1.00E+00   5.0639E-03  2.2276E+02  6.5354E-06  6.5437E-06  2.7698E-07 -2.5094E+00  2.1616E+00
 24 1.0835E-03 4.7878E+01 2.2464E+02  1.00E+00   2.4159E-03  2.2464E+02  6.6098E-06  6.6123E-06  3.1554E-07 -2.5671E+00  2.3321E+00
 25 1.2429E-03 4.6929E+01 2.2648E+02  1.00E+00   5.6430E-06  2.2648E+02  6.6758E-06  6.6793E-06  3.5992E-07 -2.6236E+00  2.5148E+00
 26 1.4238E-03 4.5981E+01 2.2828E+02  1.00E+00  -2.1535E-03  2.2828E+02  6.7362E-06  6.7362E-06  4.0937E-07 -2.6749E+00  2.6963E+00
 27 1.6291E-03 4.5035E+01 2.3004E+02  1.00E+00  -4.0410E-03  2.3005E+02  6.7930E-06  6.7929E-06  4.6517E-07 -2.7280E+00  2.8743E+00
 28 1.8616E-03 4.4091E+01 2.3178E+02  1.00E+00  -5.6345E-03  2.3179E+02  6.8464E-06  6.8464E-06  5.2731E-07 -2.7935E+00  3.0430E+00
 29 2.1246E-03 4.3149E+01 2.3350E+02  1.00E+00  -6.9152E-03  2.3351E+02  6.8862E-06  6.8941E-06  5.9820E-07 -2.8850E+00  3.2040E+00
 30 2.4217E-03 4.2209E+01 2.3519E+02  1.00E+00  -7.8706E-03  2.3520E+02  6.9317E-06  6.9317E-06  6.7894E-07 -3.0235E+00  3.3542E+00
 31 2.7569E-03 4.1272E+01 2.3690E+02  1.00E+00  -8.7753E-03  2.3690E+02  6.9596E-06  6.9692E-06  7.7278E-07 -3.2162E+00  3.4936E+00
 32 3.1345E-03 4.0338E+01 2.3853E+02  1.00E+00  -8.3907E-03  2.3854E+02  6.9883E-06  6.9883E-06  8.8296E-07 -3.4337E+00  3.6192E+00
 33 3.5594E-03 3.9407E+01 2.3992E+02  0.00E+00  -6.2373E-03  2.3993E+02  7.0000E-06  7.0069E-06  1.0157E-06 -3.6302E+00  3.7308E+00
 34 4.0367E-03 3.8481E+01 2.4094E+02  0.00E+00  -4.5796E-03  2.4094E+02  7.0046E-06  7.0100E-06  1.1829E-06 -3.7763E+00  3.8329E+00
 35 4.5723E-03 3.7562E+01 2.4148E+02  0.00E+00  -4.1562E-03  2.4149E+02  6.9962E-06  7.0000E-06  1.3978E-06 -3.8557E+00  3.9156E+00
 36 5.1725E-03 3.6652E+01 2.4149E+02  0.00E+00  -5.0407E-03  2.4150E+02  6.9760E-06  6.9780E-06  1.6526E-06 -3.8587E+00  3.9323E+00
 37 5.8440E-03 3.5751E+01 2.4093E+02  0.00E+00  -6.1316E-03  2.4094E+02  6.9400E-06  6.9500E-06  1.9600E-06 -3.7893E+00  3.8836E+00
 38 6.5944E-03 3.4864E+01 2.3983E+02  0.00E+00  -5.7119E-03  2.3984E+02  6.8967E-06  6.8967E-06  2.2959E-06 -3.6543E+00  3.7454E+00
 39 7.4318E-03 3.3991E+01 2.3825E+02  0.00E+00  -3.6431E-03  2.3826E+02  6.8391E-06  6.8391E-06  2.6223E-06 -3.4645E+00  3.5226E+00
 40 8.3650E-03 3.3134E+01 2.3633E+02  0.00E+00  -1.4220E-03  2.3633E+02  6.7682E-06  6.7705E-06  2.9002E-06 -3.2348E+00  3.2467E+00
 41 9.4035E-03 3.2293E+01 2.3418E+02  0.00E+00   1.2370E-03  2.3418E+02  6.6933E-06  6.6941E-06  3.1099E-06 -2.9841E+00  2.9560E+00
 42 1.0558E-02 3.1469E+01 2.3196E+02  0.00E+00   2.8282E-03  2.3195E+02  6.6117E-06  6.6117E-06  3.2438E-06 -2.7428E+00  2.6705E+00
 43 1.1838E-02 3.0662E+01 2.2976E+02  0.00E+00   3.0227E-03  2.2976E+02  6.5211E-06  6.5292E-06  3.3136E-06 -2.4626E+00  2.4010E+00
 44 1.3258E-02 2.9872E+01 2.2767E+02  0.00E+00   2.5658E-03  2.2767E+02  6.4344E-06  6.4344E-06  3.3224E-06 -2.1983E+00  2.1469E+00
 45 1.4829E-02 2.9098E+01 2.2573E+02  0.00E+00   1.9527E-03  2.2573E+02  6.3415E-06  6.3514E-06  3.2907E-06 -1.9537E+00  1.9135E+00
 46 1.6565E-02 2.8338E+01 2.2395E+02  0.00E+00   1.3178E-03  2.2395E+02  6.2504E-06  6.2603E-06  3.2286E-06 -1.7316E+00  1.7027E+00
 47 1.8481E-02 2.7594E+01 2.2234E+02  0.00E+00   7.4170E-04  2.2234E+02  6.1610E-06  6.1677E-06  3.1477E-06 -1.5342E+00  1.5165E+00
 48 2.0593E-02 2.6862E+01 2.2089E+02  0.00E+00   3.0738E-04  2.2089E+02  6.0733E-06  6.0732E-06  3.0454E-06 -1.3622E+00  1.3526E+00
 49 2.2917E-02 2.6145E+01 2.1959E+02  0.00E+00  -5.2333E-05  2.1959E+02  5.9771E-06  5.9849E-06  2.9327E-06 -1.2152E+00  1.2120E+00
 50 2.5472E-02 2.5439E+01 2.1841E+02  0.00E+00  -3.1798E-04  2.1841E+02  5.8925E-06  5.8924E-06  2.8198E-06 -1.0922E+00  1.0939E+00
 51 2.8275E-02 2.4746E+01 2.1735E+02  0.00E+00  -4.1163E-04  2.1735E+02  5.7993E-06  5.7993E-06  2.6991E-06 -9.8878E-01  9.9252E-01
 52 3.1348E-02 2.4065E+01 2.1639E+02  0.00E+00  -4.0068E-04  2.1639E+02  5.7075E-06  5.7137E-06  2.5722E-06 -9.0129E-01  9.0455E-01
 53 3.4711E-02 2.3395E+01 2.1553E+02  0.00E+00  -3.4105E-04  2.1553E+02  5.6200E-06  5.6199E-06  2.4455E-06 -8.2560E-01  8.2770E-01
 54 3.8385E-02 2.2736E+01 2.1476E+02  0.00E+00  -2.3582E-04  2.1476E+02  5.5278E-06  5.5277E-06  2.3168E-06 -7.5802E-01  7.5852E-01
 55 4.2396E-02 2.2087E+01 2.1408E+02  0.00E+00  -1.0224E-04  2.1408E+02  5.4369E-06  5.4368E-06  2.1866E-06 -6.9662E-01  6.9497E-01
 56 4.6767E-02 2.1449E+01 2.1349E+02  0.00E+00  -7.1058E-05  2.1349E+02  5.3475E-06  5.3474E-06  2.0589E-06 -6.3990E-01  6.3614E-01
 57 5.1523E-02 2.0820E+01 2.1300E+02  0.00E+00   5.9643E-05  2.1300E+02  5.2596E-06  5.2595E-06  1.9248E-06 -5.8731E-01  5.7998E-01
 58 5.6691E-02 2.0201E+01 2.1260E+02  0.00E+00   3.0087E-04  2.1260E+02  5.1729E-06  5.1729E-06  1.7987E-06 -5.3651E-01  5.2808E-01
 59 6.2300E-02 1.9592E+01 2.1229E+02  0.00E+00   5.7176E-04  2.1229E+02  5.0875E-06  5.0907E-06  1.6607E-06 -4.8736E-01  4.7731E-01
 60 6.8376E-02 1.8991E+01 2.1206E+02  0.00E+00   6.6146E-04  2.1206E+02  5.0087E-06  5.0134E-06  1.5164E-06 -4.3903E-01  4.2870E-01
 61 7.4951E-02 1.8400E+01 2.1191E+02  0.00E+00   5.3346E-04  2.1190E+02  4.9306E-06  4.9305E-06  1.3745E-06 -3.9144E-01  3.8414E-01
 62 8.2055E-02 1.7816E+01 2.1180E+02  0.00E+00   2.6843E-04  2.1180E+02  4.8577E-06  4.8577E-06  1.2261E-06 -3.4482E-01  3.4208E-01
 63 8.9719E-02 1.7242E+01 2.1172E+02  0.00E+00   1.5275E-04  2.1172E+02  4.7890E-06  4.7987E-06  1.0771E-06 -2.9989E-01  3.0299E-01
 64 9.7975E-02 1.6675E+01 2.1165E+02  0.00E+00  -5.4916E-04  2.1165E+02  4.7324E-06  4.7323E-06  9.2143E-07 -2.6047E-01  2.6595E-01
 65 1.0686E-01 1.6118E+01 2.1156E+02  0.00E+00  -1.2368E-03  2.1156E+02  4.6792E-06  4.6792E-06  7.7351E-07 -2.0379E-01  2.3153E-01
 66 1.1640E-01 1.5568E+01 2.1144E+02  0.00E+00  -1.4376E-03  2.1144E+02  4.6353E-06  4.6352E-06  6.3527E-07 -1.7240E-01  2.0069E-01
 67 1.2663E-01 1.5027E+01 2.1129E+02  0.00E+00  -1.2716E-03  2.1129E+02  4.5965E-06  4.5965E-06  5.1020E-07 -1.4907E-01  1.7383E-01
 68 1.3758E-01 1.4495E+01 2.1113E+02  0.00E+00  -8.0293E-04  2.1114E+02  4.5646E-06  4.5646E-06  4.0147E-07 -1.3336E-01  1.5093E-01
 69 1.4930E-01 1.3971E+01 2.1099E+02  0.00E+00  -3.6449E-05  2.1099E+02  4.5388E-06  4.5388E-06  3.0627E-07 -1.2595E-01  1.3130E-01
 70 1.6181E-01 1.3456E+01 2.1091E+02  0.00E+00   7.9000E-04  2.1091E+02  4.5182E-06  4.5181E-06  2.2578E-07 -1.2450E-01  1.1499E-01
 71 1.7515E-01 1.2949E+01 2.1091E+02  0.00E+00   1.4557E-03  2.1091E+02  4.4979E-06  4.5039E-06  1.6771E-07 -1.2199E-01  1.0291E-01
 72 1.8935E-01 1.2450E+01 2.1102E+02  0.00E+00  -3.5563E-03  2.1103E+02  4.4900E-06  4.4940E-06  1.2845E-07 -1.1648E-01  9.4481E-02
 73 2.0444E-01 1.1958E+01 2.1131E+02  0.00E+00   4.3900E-02  2.1127E+02  4.5946E-06  4.6120E-06  1.0042E-07 -1.1750E-01  8.8941E-02
 74 2.2045E-01 1.1475E+01 2.1157E+02  0.00E+00  -1.0419E-01  2.1167E+02  5.0664E-06  5.1537E-06  7.9874E-08 -1.0827E-01  8.6788E-02
 75 2.3743E-01 1.0998E+01 2.1201E+02  0.00E+00   1.1513E-01  2.1189E+02  6.0512E-06  6.1537E-06  6.6737E-08 -1.0268E-01  8.8614E-02
 76 2.5538E-01 1.0529E+01 2.1256E+02  0.00E+00  -5.2302E-02  2.1261E+02  7.1830E-06  7.2014E-06  5.9152E-08 -8.2514E-02  9.1145E-02
 77 2.7435E-01 1.0066E+01 2.1360E+02  0.00E+00   8.6936E-04  2.1360E+02  8.2563E-06  8.2554E-06  5.4145E-08 -7.9696E-02  9.4718E-02
 78 2.9435E-01 9.6073E+00 2.1607E+02  0.00E+00   8.0597E-02  2.1599E+02  1.1528E-05  1.1406E-05  5.0144E-08 -2.7414E-01  1.0800E-01
 79 3.1542E-01 9.1500E+00 2.2041E+02  1.00E+00   8.1576E-02  2.2033E+02  2.0265E-05  2.0057E-05  4.6626E-08 -6.8089E-01  1.4203E-01
 80 3.3757E-01 8.6921E+00 2.2473E+02  1.00E+00   8.1963E-02  2.2465E+02  3.4749E-05  3.4405E-05  4.3285E-08 -1.1019E+00  1.9068E-01
 81 3.6082E-01 8.2342E+00 2.2901E+02  1.00E+00   8.1670E-02  2.2893E+02  5.8091E-05  5.7539E-05  4.0185E-08 -1.4991E+00  2.5119E-01
 82 3.8518E-01 7.7766E+00 2.3322E+02  1.00E+00   8.0590E-02  2.3314E+02  9.4606E-05  9.3750E-05  3.7164E-08 -1.8179E+00  3.1846E-01
 83 4.1067E-01 7.3197E+00 2.3735E+02  1.00E+00   7.8623E-02  2.3727E+02  1.4996E-04  1.4868E-04  3.4225E-08 -2.0388E+00  3.8900E-01
 84 4.3729E-01 6.8642E+00 2.4136E+02  1.00E+00   7.5698E-02  2.4129E+02  2.3116E-04  2.2932E-04  3.1537E-08 -2.1862E+00  4.6487E-01
 85 4.6506E-01 6.4104E+00 2.4524E+02  1.00E+00   7.1794E-02  2.4516E+02  3.4630E-04  3.4378E-04  2.9038E-08 -2.2512E+00  5.4290E-01
 86 4.9396E-01 5.9591E+00 2.4895E+02  1.00E+00   6.6943E-02  2.4888E+02  5.0413E-04  5.0080E-04  2.6656E-08 -2.2628E+00  6.0982E-01
 87 5.2401E-01 5.5108E+00 2.5248E+02  1.00E+00   6.1212E-02  2.5242E+02  7.1340E-04  7.0921E-04  2.4422E-08 -2.2511E+00  6.5788E-01
 88 5.5517E-01 5.0661E+00 2.5583E+02  1.00E+00   5.4680E-02  2.5577E+02  9.8238E-04  9.7736E-04  2.2365E-08 -2.2372E+00  6.9224E-01
 89 5.8745E-01 4.6255E+00 2.5898E+02  1.00E+00   4.7408E-02  2.5894E+02  1.3183E-03  1.3126E-03  2.0457E-08 -2.2011E+00  7.1986E-01
 90 6.2083E-01 4.1896E+00 2.6195E+02  1.00E+00   3.9434E-02  2.6191E+02  1.7274E-03  1.7213E-03  1.8660E-08 -2.1431E+00  7.4110E-01
 91 6.5527E-01 3.7589E+00 2.6474E+02  1.00E+00   3.0768E-02  2.6471E+02  2.2144E-03  2.2084E-03  1.7033E-08 -2.0816E+00  7.5317E-01
 92 6.9075E-01 3.3340E+00 2.6736E+02  1.00E+00   2.1411E-02  2.6734E+02  2.7829E-03  2.7778E-03  1.5574E-08 -1.9956E+00  7.5594E-01
 93 7.2724E-01 2.9152E+00 2.6982E+02  1.00E+00   1.1377E-02  2.6981E+02  3.4357E-03  3.4324E-03  1.4280E-08 -1.8584E+00  7.5235E-01
 94 7.6469E-01 2.5030E+00 2.7213E+02  1.00E+00   7.1161E-04  2.7213E+02  4.1743E-03  4.1741E-03  1.3143E-08 -1.7069E+00  7.4538E-01
 95 8.0305E-01 2.0977E+00 2.7445E+02  1.00E+00  -1.0546E-02  2.7446E+02  5.0596E-03  5.0637E-03  1.2155E-08 -1.6046E+00  7.4040E-01
 96 8.4228E-01 1.6993E+00 2.7674E+02  1.00E+00  -2.2368E-02  2.7677E+02  5.9584E-03  5.9671E-03  1.1306E-08 -1.5238E+00  7.2331E-01
 97 8.8231E-01 1.3083E+00 2.7894E+02  1.00E+00  -3.4934E-02  2.7897E+02  6.9311E-03  6.9496E-03  1.0602E-08 -1.5062E+00  7.0606E-01
 98 9.2308E-01 9.2485E-01 2.8102E+02  1.00E+00  -4.6778E-02  2.8106E+02  8.0433E-03  8.0681E-03  1.0026E-08 -1.5727E+00  6.9623E-01
 99 9.6451E-01 5.4931E-01 2.8299E+02  1.00E+00  -5.8637E-02  2.8305E+02  9.1029E-03  9.1341E-03  9.5721E-09 -1.7469E+00  6.8903E-01
100 1.0065E+00 1.8193E-01 2.8489E+02  1.00E+00  -6.8910E-02  2.8496E+02  1.0436E-02  1.0486E-02  9.2027E-09 -1.9999E+00  7.1020E-01
101 1.0279E+00 0.0000E+00 2.8583E+02  1.00E+00  -7.9943E-02  2.8591E+02  1.1113E-02  1.1170E-02  9.2700E-09 -3.5602E+00  7.9899E+00
  J     P         ALT         T        CONVEC       DT          TOLD        FH20       FSAVE        FO3        TCOOL       THEAT

 FCO2
  1.77E-04 1.78E-04 1.78E-04 1.78E-04 1.79E-04 1.79E-04 1.79E-04 1.79E-04 1.79E-04 1.79E-04
  1.79E-04 1.79E-04 1.79E-04 1.79E-04 1.79E-04 1.79E-04 1.79E-04 1.79E-04 1.79E-04 1.79E-04
  1.79E-04 1.79E-04 1.79E-04 1.79E-04 1.79E-04 1.79E-04 1.79E-04 1.79E-04 1.79E-04 1.79E-04
  1.79E-04 1.79E-04 1.79E-04 1.79E-04 1.79E-04 1.79E-04 1.79E-04 1.79E-04 1.79E-04 1.79E-04
  1.79E-04 1.79E-04 1.79E-04 1.79E-04 1.79E-04 1.79E-04 1.79E-04 1.79E-04 1.79E-04 1.79E-04
  1.79E-04 1.79E-04 1.79E-04 1.79E-04 1.79E-04 1.79E-04 1.79E-04 1.79E-04 1.79E-04 1.79E-04
  1.79E-04 1.79E-04 1.79E-04 1.79E-04 1.79E-04 1.79E-04 1.79E-04 1.79E-04 1.79E-04 1.79E-04
  1.79E-04 1.79E-04 1.79E-04 1.79E-04 1.79E-04 1.79E-04 1.79E-04 1.79E-04 1.79E-04 1.79E-04
  1.79E-04 1.79E-04 1.79E-04 1.79E-04 1.79E-04 1.79E-04 1.79E-04 1.79E-04 1.79E-04 1.79E-04
  1.79E-04 1.79E-04 1.79E-04 1.79E-04 1.79E-04 1.79E-04 1.79E-04 1.79E-04 1.79E-04 1.79E-04
  1.79E-04

  J    PF         ALT       FTOTAL       FTIR       FDNIR       FUPIR       FTSOL       FDNSOL       FUPSOL       DIVF
  1 3.0000E-05 6.8766E+01 -4.7314E+01 -2.6291E+05  0.0000E+00  2.6291E+05  2.6286E+05  3.4178E+05  7.8918E+04 -1.7997E-04
  2 3.5446E-05 6.7838E+01 -5.1777E+01 -2.6289E+05  1.4545E+01  2.6290E+05  2.6284E+05  3.4176E+05  7.8918E+04 -1.9694E-04
  3 4.1828E-05 6.6958E+01 -4.6910E+01 -2.6288E+05  2.3036E+01  2.6290E+05  2.6283E+05  3.4175E+05  7.8917E+04 -1.7843E-04
  4 4.9297E-05 6.6106E+01 -4.4400E+01 -2.6288E+05  2.8531E+01  2.6291E+05  2.6283E+05  3.4175E+05  7.8917E+04 -1.6888E-04
  5 5.8027E-05 6.5265E+01 -4.4044E+01 -2.6288E+05  3.2964E+01  2.6291E+05  2.6283E+05  3.4175E+05  7.8917E+04 -1.6753E-04
  6 6.8216E-05 6.4424E+01 -4.4702E+01 -2.6287E+05  3.7599E+01  2.6291E+05  2.6283E+05  3.4175E+05  7.8917E+04 -1.7003E-04
  7 8.0093E-05 6.3578E+01 -4.5580E+01 -2.6287E+05  4.3158E+01  2.6292E+05  2.6283E+05  3.4174E+05  7.8916E+04 -1.7336E-04
  8 9.3920E-05 6.2723E+01 -4.6305E+01 -2.6287E+05  5.0016E+01  2.6292E+05  2.6283E+05  3.4174E+05  7.8916E+04 -1.7612E-04
  9 1.1000E-04 6.1858E+01 -4.6797E+01 -2.6287E+05  5.8360E+01  2.6293E+05  2.6282E+05  3.4174E+05  7.8915E+04 -1.7798E-04
 10 1.2866E-04 6.0983E+01 -4.7073E+01 -2.6287E+05  6.8367E+01  2.6294E+05  2.6282E+05  3.4174E+05  7.8915E+04 -1.7903E-04
 11 1.5030E-04 6.0094E+01 -4.6969E+01 -2.6287E+05  8.0352E+01  2.6295E+05  2.6282E+05  3.4173E+05  7.8914E+04 -1.7863E-04
 12 1.7536E-04 5.9193E+01 -4.5936E+01 -2.6286E+05  9.4775E+01  2.6296E+05  2.6282E+05  3.4173E+05  7.8913E+04 -1.7469E-04
 13 2.0434E-04 5.8278E+01 -4.3501E+01 -2.6286E+05  1.1162E+02  2.6297E+05  2.6281E+05  3.4173E+05  7.8912E+04 -1.6542E-04
 14 2.3782E-04 5.7351E+01 -3.9887E+01 -2.6285E+05  1.3041E+02  2.6298E+05  2.6281E+05  3.4172E+05  7.8911E+04 -1.5168E-04
 15 2.7642E-04 5.6417E+01 -3.5583E+01 -2.6284E+05  1.5085E+02  2.6299E+05  2.6280E+05  3.4171E+05  7.8910E+04 -1.3530E-04
 16 3.2089E-04 5.5476E+01 -3.0867E+01 -2.6283E+05  1.7309E+02  2.6300E+05  2.6280E+05  3.4171E+05  7.8908E+04 -1.1736E-04
 17 3.7204E-04 5.4531E+01 -2.5717E+01 -2.6281E+05  1.9766E+02  2.6301E+05  2.6279E+05  3.4170E+05  7.8907E+04 -9.7780E-05
 18 4.3080E-04 5.3583E+01 -2.0108E+01 -2.6280E+05  2.2510E+02  2.6302E+05  2.6278E+05  3.4168E+05  7.8905E+04 -7.6449E-05
 19 4.9822E-04 5.2634E+01 -1.4028E+01 -2.6278E+05  2.5595E+02  2.6304E+05  2.6277E+05  3.4167E+05  7.8903E+04 -5.3331E-05
 20 5.7546E-04 5.1683E+01 -7.5392E+00 -2.6276E+05  2.9077E+02  2.6305E+05  2.6275E+05  3.4165E+05  7.8901E+04 -2.8661E-05
 21 6.6383E-04 5.0731E+01 -7.8192E-01 -2.6273E+05  3.3011E+02  2.6306E+05  2.6273E+05  3.4163E+05  7.8898E+04 -2.9724E-06
 22 7.6482E-04 4.9780E+01  5.9911E+00 -2.6270E+05  3.7461E+02  2.6308E+05  2.6271E+05  3.4160E+05  7.8895E+04  2.2773E-05
 23 8.8005E-04 4.8828E+01  1.2430E+01 -2.6267E+05  4.2494E+02  2.6309E+05  2.6268E+05  3.4157E+05  7.8891E+04  4.7246E-05
 24 1.0114E-03 4.7878E+01  1.8016E+01 -2.6263E+05  4.8175E+02  2.6311E+05  2.6265E+05  3.4153E+05  7.8887E+04  6.8471E-05
 25 1.1608E-03 4.6929E+01  2.2309E+01 -2.6258E+05  5.4598E+02  2.6313E+05  2.6260E+05  3.4149E+05  7.8883E+04  8.4785E-05
 26 1.3307E-03 4.5981E+01  2.4569E+01 -2.6253E+05  6.1848E+02  2.6315E+05  2.6255E+05  3.4143E+05  7.8878E+04  9.3368E-05
 27 1.5235E-03 4.5035E+01  2.4066E+01 -2.6246E+05  7.0000E+02  2.6316E+05  2.6249E+05  3.4136E+05  7.8872E+04  9.1448E-05
 28 1.7420E-03 4.4091E+01  2.0158E+01 -2.6239E+05  7.9142E+02  2.6318E+05  2.6241E+05  3.4128E+05  7.8866E+04  7.6592E-05
 29 1.9894E-03 4.3149E+01  1.2617E+01 -2.6231E+05  8.9392E+02  2.6320E+05  2.6232E+05  3.4118E+05  7.8859E+04  4.7938E-05
 30 2.2690E-03 4.2209E+01  1.7147E+00 -2.6221E+05  1.0092E+03  2.6322E+05  2.6221E+05  3.4106E+05  7.8852E+04  6.5142E-06
 31 2.5847E-03 4.1272E+01 -1.1041E+01 -2.6209E+05  1.1396E+03  2.6323E+05  2.6208E+05  3.4092E+05  7.8844E+04 -4.1945E-05
 32 2.9406E-03 4.0338E+01 -2.3102E+01 -2.6195E+05  1.2877E+03  2.6324E+05  2.6193E+05  3.4076E+05  7.8835E+04 -8.7760E-05
 33 3.3413E-03 3.9407E+01 -3.2179E+01 -2.6178E+05  1.4551E+03  2.6324E+05  2.6175E+05  3.4058E+05  7.8825E+04 -1.2224E-04
 34 3.7917E-03 3.8481E+01 -3.7713E+01 -2.6158E+05  1.6415E+03  2.6323E+05  2.6155E+05  3.4036E+05  7.8814E+04 -1.4327E-04
 35 4.2975E-03 3.7562E+01 -4.1213E+01 -2.6135E+05  1.8459E+03  2.6320E+05  2.6131E+05  3.4011E+05  7.8803E+04 -1.5659E-04
 36 4.8647E-03 3.6652E+01 -4.5359E+01 -2.6108E+05  2.0660E+03  2.6315E+05  2.6104E+05  3.3983E+05  7.8791E+04 -1.7237E-04
 37 5.4997E-03 3.5751E+01 -5.1063E+01 -2.6079E+05  2.2989E+03  2.6308E+05  2.6073E+05  3.3951E+05  7.8779E+04 -1.9409E-04
 38 6.2098E-03 3.4864E+01 -5.9231E+01 -2.6046E+05  2.5423E+03  2.6300E+05  2.6040E+05  3.3916E+05  7.8767E+04 -2.2521E-04
 39 7.0028E-03 3.3991E+01 -6.8039E+01 -2.6010E+05  2.7944E+03  2.6290E+05  2.6004E+05  3.3879E+05  7.8755E+04 -2.5880E-04
 40 7.8871E-03 3.3134E+01 -7.4300E+01 -2.5973E+05  3.0541E+03  2.6278E+05  2.5966E+05  3.3840E+05  7.8744E+04 -2.8274E-04
 41 8.8718E-03 3.2293E+01 -7.5721E+01 -2.5934E+05  3.3211E+03  2.6266E+05  2.5927E+05  3.3800E+05  7.8733E+04 -2.8828E-04
 42 9.9669E-03 3.1469E+01 -7.1971E+01 -2.5894E+05  3.5952E+03  2.6254E+05  2.5887E+05  3.3759E+05  7.8722E+04 -2.7413E-04
 43 1.1183E-02 3.0662E+01 -6.1267E+01 -2.5854E+05  3.8788E+03  2.6242E+05  2.5848E+05  3.3719E+05  7.8711E+04 -2.3347E-04
 44 1.2532E-02 2.9872E+01 -5.1170E+01 -2.5813E+05  4.1679E+03  2.6230E+05  2.5808E+05  3.3678E+05  7.8700E+04 -1.9508E-04
 45 1.4026E-02 2.9098E+01 -4.1822E+01 -2.5773E+05  4.4620E+03  2.6220E+05  2.5769E+05  3.3638E+05  7.8688E+04 -1.5950E-04
 46 1.5678E-02 2.8338E+01 -3.3749E+01 -2.5734E+05  4.7609E+03  2.6210E+05  2.5731E+05  3.3598E+05  7.8676E+04 -1.2876E-04
 47 1.7502E-02 2.7594E+01 -2.7348E+01 -2.5696E+05  5.0641E+03  2.6202E+05  2.5693E+05  3.3559E+05  7.8661E+04 -1.0437E-04
 48 1.9515E-02 2.6862E+01 -2.3032E+01 -2.5658E+05  5.3722E+03  2.6195E+05  2.5656E+05  3.3520E+05  7.8645E+04 -8.7923E-05
 49 2.1731E-02 2.6145E+01 -2.0441E+01 -2.5622E+05  5.6865E+03  2.6190E+05  2.5620E+05  3.3482E+05  7.8627E+04 -7.8050E-05
 50 2.4168E-02 2.5439E+01 -1.9471E+01 -2.5586E+05  6.0092E+03  2.6187E+05  2.5584E+05  3.3444E+05  7.8606E+04 -7.4353E-05
 51 2.6845E-02 2.4746E+01 -2.0013E+01 -2.5550E+05  6.3439E+03  2.6185E+05  2.5548E+05  3.3406E+05  7.8582E+04 -7.6432E-05
 52 2.9781E-02 2.4065E+01 -2.1344E+01 -2.5515E+05  6.6941E+03  2.6184E+05  2.5513E+05  3.3368E+05  7.8555E+04 -8.1514E-05
 53 3.2997E-02 2.3395E+01 -2.2616E+01 -2.5480E+05  7.0634E+03  2.6186E+05  2.5478E+05  3.3330E+05  7.8524E+04 -8.6366E-05
 54 3.6513E-02 2.2736E+01 -2.3508E+01 -2.5445E+05  7.4551E+03  2.6190E+05  2.5442E+05  3.3291E+05  7.8488E+04 -8.9758E-05
 55 4.0354E-02 2.2087E+01 -2.3740E+01 -2.5409E+05  7.8720E+03  2.6197E+05  2.5407E+05  3.3252E+05  7.8448E+04 -9.0622E-05
 56 4.4542E-02 2.1449E+01 -2.2902E+01 -2.5374E+05  8.3162E+03  2.6206E+05  2.5372E+05  3.3212E+05  7.8402E+04 -8.7394E-05
 57 4.9103E-02 2.0820E+01 -2.0825E+01 -2.5339E+05  8.7898E+03  2.6218E+05  2.5337E+05  3.3172E+05  7.8350E+04 -7.9433E-05
 58 5.4062E-02 2.0201E+01 -1.6422E+01 -2.5303E+05  9.2942E+03  2.6233E+05  2.5302E+05  3.3131E+05  7.8292E+04 -6.2600E-05
 59 5.9448E-02 1.9592E+01 -1.0921E+01 -2.5268E+05  9.8300E+03  2.6251E+05  2.5267E+05  3.3090E+05  7.8226E+04 -4.1602E-05
 60 6.5288E-02 1.8991E+01 -3.8133E+00 -2.5234E+05  1.0396E+04  2.6273E+05  2.5233E+05  3.3049E+05  7.8152E+04 -1.4514E-05
 61 7.1611E-02 1.8400E+01  4.0923E+00 -2.5200E+05  1.0988E+04  2.6299E+05  2.5201E+05  3.3007E+05  7.8068E+04  1.5561E-05
 62 7.8448E-02 1.7816E+01  1.0127E+01 -2.5168E+05  1.1605E+04  2.6328E+05  2.5169E+05  3.2966E+05  7.7974E+04  3.8464E-05
 63 8.5829E-02 1.7242E+01  1.2570E+01 -2.5137E+05  1.2239E+04  2.6361E+05  2.5138E+05  3.2925E+05  7.7868E+04  4.7685E-05
 64 9.3786E-02 1.6675E+01  9.5893E+00 -2.5108E+05  1.2886E+04  2.6397E+05  2.5109E+05  3.2884E+05  7.7750E+04  3.6328E-05
 65 1.0235E-01 1.6118E+01  3.9080E+00 -2.5081E+05  1.3539E+04  2.6435E+05  2.5082E+05  3.2843E+05  7.7617E+04  1.4783E-05
 66 1.1156E-01 1.5568E+01 -2.6978E+01 -2.5059E+05  1.4208E+04  2.6479E+05  2.5056E+05  3.2803E+05  7.7469E+04 -1.0188E-04
 67 1.2144E-01 1.5027E+01 -6.0778E+01 -2.5038E+05  1.4868E+04  2.6525E+05  2.5032E+05  3.2762E+05  7.7305E+04 -2.2914E-04
 68 1.3203E-01 1.4495E+01 -9.2484E+01 -2.5019E+05  1.5522E+04  2.6571E+05  2.5010E+05  3.2722E+05  7.7123E+04 -3.4806E-04
 69 1.4337E-01 1.3971E+01 -1.1656E+02 -2.5001E+05  1.6179E+04  2.6618E+05  2.4989E+05  3.2681E+05  7.6925E+04 -4.3789E-04
 70 1.5548E-01 1.3456E+01 -1.2439E+02 -2.4982E+05  1.6847E+04  2.6667E+05  2.4970E+05  3.2641E+05  7.6708E+04 -4.6644E-04
 71 1.6840E-01 1.2949E+01 -1.0953E+02 -2.4963E+05  1.7538E+04  2.6717E+05  2.4952E+05  3.2599E+05  7.6474E+04 -4.0998E-04
 72 1.8217E-01 1.2450E+01 -7.7811E+01 -2.4942E+05  1.8263E+04  2.6769E+05  2.4935E+05  3.2557E+05  7.6222E+04 -2.9068E-04
 73 1.9681E-01 1.1958E+01 -3.8909E+01 -2.4922E+05  1.9032E+04  2.6825E+05  2.4918E+05  3.2513E+05  7.5952E+04 -1.4505E-04
 74 2.1236E-01 1.1475E+01  1.4735E+01 -2.4900E+05  1.9868E+04  2.6887E+05  2.4901E+05  3.2468E+05  7.5666E+04  5.4806E-05
 75 2.2885E-01 1.0998E+01  5.7522E+01 -2.4878E+05  2.0772E+04  2.6955E+05  2.4884E+05  3.2420E+05  7.5363E+04  2.1339E-04
 76 2.4632E-01 1.0529E+01  8.7175E+01 -2.4857E+05  2.1859E+04  2.7042E+05  2.4865E+05  3.2370E+05  7.5044E+04  3.2236E-04
 77 2.6478E-01 1.0066E+01  6.7938E+01 -2.4838E+05  2.3152E+04  2.7153E+05  2.4845E+05  3.2316E+05  7.4707E+04  2.5020E-04
 78 2.8427E-01 9.6073E+00  3.2596E+01 -2.4819E+05  2.4848E+04  2.7304E+05  2.4823E+05  3.2258E+05  7.4354E+04  1.1938E-04
 79 3.0480E-01 9.1500E+00  4.4454E+02 -2.4751E+05  2.7461E+04  2.7498E+05  2.4796E+05  3.2194E+05  7.3985E+04  1.6167E-03
 80 3.2641E-01 8.6921E+00  1.8508E+03 -2.4574E+05  3.1422E+04  2.7716E+05  2.4759E+05  3.2119E+05  7.3598E+04  6.6776E-03
 81 3.4911E-01 8.2342E+00  4.3495E+03 -2.4272E+05  3.6922E+04  2.7964E+05  2.4707E+05  3.2026E+05  7.3194E+04  1.5554E-02
 82 3.7292E-01 7.7766E+00  7.9396E+03 -2.3840E+05  4.4038E+04  2.8244E+05  2.4634E+05  3.1912E+05  7.2773E+04  2.8111E-02
 83 3.9785E-01 7.3197E+00  1.2457E+04 -2.3293E+05  5.2670E+04  2.8560E+05  2.4538E+05  3.1772E+05  7.2335E+04  4.3619E-02
 84 4.2391E-01 6.8642E+00  1.7656E+04 -2.2650E+05  6.2611E+04  2.8911E+05  2.4416E+05  3.1604E+05  7.1881E+04  6.1068E-02
 85 4.5111E-01 6.4104E+00  2.3317E+04 -2.1931E+05  7.3680E+04  2.9299E+05  2.4263E+05  3.1404E+05  7.1411E+04  7.9584E-02
 86 4.7945E-01 5.9591E+00  2.9173E+04 -2.1159E+05  8.5621E+04  2.9722E+05  2.4077E+05  3.1169E+05  7.0925E+04  9.8156E-02
 87 5.0892E-01 5.5108E+00  3.5069E+04 -2.0352E+05  9.8237E+04  3.0176E+05  2.3859E+05  3.0902E+05  7.0425E+04  1.1621E-01
 88 5.3953E-01 5.0661E+00  4.0970E+04 -1.9519E+05  1.1139E+05  3.0658E+05  2.3616E+05  3.0607E+05  6.9913E+04  1.3364E-01
 89 5.7126E-01 4.6255E+00  4.6904E+04 -1.8659E+05  1.2502E+05  3.1161E+05  2.3350E+05  3.0289E+05  6.9390E+04  1.5052E-01
 90 6.0410E-01 4.1896E+00  5.2793E+04 -1.7784E+05  1.3899E+05  3.1683E+05  2.3064E+05  2.9949E+05  6.8859E+04  1.6663E-01
 91 6.3802E-01 3.7589E+00  5.8551E+04 -1.6904E+05  1.5315E+05  3.2219E+05  2.2759E+05  2.9592E+05  6.8324E+04  1.8173E-01
 92 6.7299E-01 3.3340E+00  6.4178E+04 -1.6022E+05  1.6745E+05  3.2767E+05  2.2440E+05  2.9219E+05  6.7788E+04  1.9586E-01
 93 7.0898E-01 2.9152E+00  6.9584E+04 -1.5152E+05  1.8173E+05  3.3325E+05  2.2110E+05  2.8836E+05  6.7255E+04  2.0881E-01
 94 7.4596E-01 2.5030E+00  7.4540E+04 -1.4319E+05  1.9575E+05  3.3894E+05  2.1773E+05  2.8447E+05  6.6733E+04  2.1992E-01
 95 7.8388E-01 2.0977E+00  7.8959E+04 -1.3535E+05  2.0959E+05  3.4494E+05  2.1431E+05  2.8054E+05  6.6229E+04  2.2891E-01
 96 8.2269E-01 1.6993E+00  8.3025E+04 -1.2780E+05  2.2334E+05  3.5114E+05  2.1082E+05  2.7658E+05  6.5753E+04  2.3645E-01
 97 8.6233E-01 1.3083E+00  8.6874E+04 -1.2047E+05  2.3687E+05  3.5734E+05  2.0735E+05  2.7266E+05  6.5315E+04  2.4311E-01
 98 9.0275E-01 9.2485E-01  9.0796E+04 -1.1309E+05  2.5032E+05  3.6341E+05  2.0389E+05  2.6882E+05  6.4932E+04  2.4984E-01
 99 9.4387E-01 5.4931E-01  9.5169E+04 -1.0524E+05  2.6402E+05  3.6926E+05  2.0041E+05  2.6504E+05  6.4628E+04  2.5773E-01
100 9.8561E-01 1.8193E-01  1.0053E+05 -9.6392E+04  2.7805E+05  3.7444E+05  1.9692E+05  2.6135E+05  6.4434E+04  2.6848E-01
101 1.0279E+00 0.0000E+00  1.0715E+05 -8.6122E+04  2.9075E+05  3.7687E+05  1.9327E+05  2.5770E+05  6.4424E+04  2.8432E-01

 NST=     2 JCONV= 14 CHG=3.49E-04 dt0=1.00E+04 DIVF(1)= 2.65E-04 DIVFrms= 2.69E-04 DT(ND)=-1.03E-02 T(ND)=2.8582E+02
 NST=     3 JCONV= 14 CHG=6.34E-04 dt0=1.00E+04 DIVF(1)= 3.35E-04 DIVFrms= 3.40E-04 DT(ND)= 3.02E-02 T(ND)=2.8585E+02
 NST=     4 JCONV= 14 CHG=3.61E-04 dt0=1.00E+04 DIVF(1)= 1.66E-04 DIVFrms= 1.70E-04 DT(ND)= 1.71E-02 T(ND)=2.8586E+02
 NST=     5 JCONV= 14 CHG=1.90E-04 dt0=1.00E+04 DIVF(1)= 8.84E-05 DIVFrms= 9.28E-05 DT(ND)= 1.11E-02 T(ND)=2.8587E+02
 NST=     6 JCONV= 14 CHG=1.40E-04 dt0=1.00E+04 DIVF(1)= 2.32E-05 DIVFrms= 2.82E-05 DT(ND)= 7.69E-03 T(ND)=2.8588E+02
 NST=     7 JCONV= 14 CHG=4.74E-04 dt0=1.00E+04 DIVF(1)=-2.32E-05 DIVFrms= 2.08E-05 DT(ND)= 5.53E-03 T(ND)=2.8589E+02
 NST=     8 JCONV= 14 CHG=2.70E-04 dt0=1.00E+04 DIVF(1)=-7.23E-05 DIVFrms= 6.88E-05 DT(ND)= 4.05E-03 T(ND)=2.8589E+02
 NST=     9 JCONV= 14 CHG=1.02E-04 dt0=1.00E+04 DIVF(1)=-7.91E-05 DIVFrms= 7.53E-05 DT(ND)= 3.00E-03 T(ND)=2.8589E+02
 NST=    10 JCONV= 14 CHG=7.63E-05 dt0=1.00E+04 DIVF(1)=-9.87E-05 DIVFrms= 9.49E-05 DT(ND)= 2.24E-03 T(ND)=2.8590E+02
 NST=    11 JCONV= 14 CHG=3.79E-04 dt0=1.00E+04 DIVF(1)=-1.13E-04 DIVFrms= 1.10E-04 DT(ND)= 1.68E-03 T(ND)=2.8590E+02
 NST=    12 JCONV= 14 CHG=2.18E-04 dt0=1.00E+04 DIVF(1)=-1.41E-04 DIVFrms= 1.37E-04 DT(ND)= 1.27E-03 T(ND)=2.8590E+02
 NST=    13 JCONV= 14 CHG=9.32E-05 dt0=1.00E+04 DIVF(1)=-1.30E-04 DIVFrms= 1.26E-04 DT(ND)= 9.65E-04 T(ND)=2.8590E+02
 NST=    14 JCONV= 14 CHG=7.15E-05 dt0=1.00E+04 DIVF(1)=-1.37E-04 DIVFrms= 1.33E-04 DT(ND)= 7.39E-04 T(ND)=2.8590E+02
 NST=    15 JCONV= 14 CHG=3.21E-04 dt0=1.00E+04 DIVF(1)=-1.42E-04 DIVFrms= 1.39E-04 DT(ND)= 5.72E-04 T(ND)=2.8590E+02
 NST=    16 JCONV= 14 CHG=1.86E-04 dt0=1.00E+04 DIVF(1)=-1.64E-04 DIVFrms= 1.60E-04 DT(ND)= 4.48E-04 T(ND)=2.8590E+02
 NST=    17 JCONV= 14 CHG=8.61E-05 dt0=1.00E+04 DIVF(1)=-1.48E-04 DIVFrms= 1.44E-04 DT(ND)= 3.56E-04 T(ND)=2.8590E+02
 NST=    18 JCONV= 14 CHG=6.73E-05 dt0=1.00E+04 DIVF(1)=-1.52E-04 DIVFrms= 1.48E-04 DT(ND)= 2.87E-04 T(ND)=2.8590E+02
 NST=    19 JCONV= 14 CHG=2.83E-04 dt0=1.00E+04 DIVF(1)=-1.54E-04 DIVFrms= 1.51E-04 DT(ND)= 2.37E-04 T(ND)=2.8590E+02
 NST=    20 JCONV= 14 CHG=1.64E-04 dt0=1.00E+04 DIVF(1)=-1.74E-04 DIVFrms= 1.70E-04 DT(ND)= 2.00E-04 T(ND)=2.8590E+02
 NST=    21 JCONV= 14 CHG=8.06E-05 dt0=1.00E+04 DIVF(1)=-1.56E-04 DIVFrms= 1.52E-04 DT(ND)= 1.72E-04 T(ND)=2.8590E+02
 NST=    22 JCONV= 14 CHG=6.38E-05 dt0=1.00E+04 DIVF(1)=-1.58E-04 DIVFrms= 1.54E-04 DT(ND)= 1.50E-04 T(ND)=2.8590E+02
 NST=    23 JCONV= 14 CHG=2.57E-04 dt0=1.00E+04 DIVF(1)=-1.60E-04 DIVFrms= 1.56E-04 DT(ND)= 1.35E-04 T(ND)=2.8590E+02
 NST=    24 JCONV= 14 CHG=1.49E-04 dt0=1.00E+04 DIVF(1)=-1.80E-04 DIVFrms= 1.76E-04 DT(ND)= 1.24E-04 T(ND)=2.8590E+02
 NST=    25 JCONV= 14 CHG=7.63E-05 dt0=1.00E+04 DIVF(1)=-1.61E-04 DIVFrms= 1.57E-04 DT(ND)= 1.15E-04 T(ND)=2.8590E+02
 NST=    26 JCONV= 14 CHG=6.09E-05 dt0=1.00E+04 DIVF(1)=-1.63E-04 DIVFrms= 1.59E-04 DT(ND)= 1.07E-04 T(ND)=2.8590E+02
 NST=    27 JCONV= 14 CHG=2.38E-04 dt0=1.00E+04 DIVF(1)=-1.64E-04 DIVFrms= 1.60E-04 DT(ND)= 1.02E-04 T(ND)=2.8590E+02
 NST=    28 JCONV= 14 CHG=1.38E-04 dt0=1.00E+04 DIVF(1)=-1.84E-04 DIVFrms= 1.81E-04 DT(ND)= 9.86E-05 T(ND)=2.8590E+02
 NST=    29 JCONV= 14 CHG=7.28E-05 dt0=1.00E+04 DIVF(1)=-1.65E-04 DIVFrms= 1.61E-04 DT(ND)= 9.53E-05 T(ND)=2.8590E+02
 NST=    30 JCONV= 14 CHG=5.84E-05 dt0=1.00E+04 DIVF(1)=-1.67E-04 DIVFrms= 1.63E-04 DT(ND)= 9.19E-05 T(ND)=2.8590E+02
 NST=    31 JCONV= 14 CHG=2.24E-04 dt0=1.00E+04 DIVF(1)=-1.68E-04 DIVFrms= 1.64E-04 DT(ND)= 9.01E-05 T(ND)=2.8590E+02
 NST=    32 JCONV= 14 CHG=1.29E-04 dt0=1.00E+04 DIVF(1)=-1.88E-04 DIVFrms= 1.84E-04 DT(ND)= 8.93E-05 T(ND)=2.8590E+02
 NST=    33 JCONV= 14 CHG=6.99E-05 dt0=1.00E+04 DIVF(1)=-1.68E-04 DIVFrms= 1.65E-04 DT(ND)= 8.76E-05 T(ND)=2.8590E+02
 NST=    34 JCONV= 14 CHG=1.79E-04 dt0=1.00E+04 DIVF(1)=-1.70E-04 DIVFrms= 1.66E-04 DT(ND)= 8.55E-05 T(ND)=2.8591E+02
 NST=    35 JCONV= 14 CHG=1.12E-04 dt0=1.00E+04 DIVF(1)=-1.91E-04 DIVFrms= 1.87E-04 DT(ND)= 8.48E-05 T(ND)=2.8591E+02
 NST=    36 JCONV= 14 CHG=6.81E-05 dt0=1.00E+04 DIVF(1)=-1.71E-04 DIVFrms= 1.67E-04 DT(ND)= 8.35E-05 T(ND)=2.8591E+02
 NST=    37 JCONV= 14 CHG=1.61E-04 dt0=1.00E+04 DIVF(1)=-1.72E-04 DIVFrms= 1.69E-04 DT(ND)= 8.20E-05 T(ND)=2.8591E+02
 NST=    38 JCONV= 14 CHG=1.03E-04 dt0=1.00E+04 DIVF(1)=-1.93E-04 DIVFrms= 1.90E-04 DT(ND)= 8.16E-05 T(ND)=2.8591E+02
 NST=    39 JCONV= 14 CHG=6.59E-05 dt0=1.00E+04 DIVF(1)=-1.74E-04 DIVFrms= 1.70E-04 DT(ND)= 8.07E-05 T(ND)=2.8591E+02
 NST=    40 JCONV= 14 CHG=1.51E-04 dt0=1.00E+04 DIVF(1)=-1.75E-04 DIVFrms= 1.71E-04 DT(ND)= 7.93E-05 T(ND)=2.8591E+02
 NST=    41 JCONV= 14 CHG=9.61E-05 dt0=1.00E+04 DIVF(1)=-1.96E-04 DIVFrms= 1.92E-04 DT(ND)= 7.91E-05 T(ND)=2.8591E+02
 NST=    42 JCONV= 14 CHG=6.40E-05 dt0=1.00E+04 DIVF(1)=-1.76E-04 DIVFrms= 1.72E-04 DT(ND)= 7.84E-05 T(ND)=2.8591E+02
 NST=    43 JCONV= 14 CHG=1.43E-04 dt0=1.00E+04 DIVF(1)=-1.77E-04 DIVFrms= 1.73E-04 DT(ND)= 7.72E-05 T(ND)=2.8591E+02
 NST=    44 JCONV= 14 CHG=9.15E-05 dt0=1.00E+04 DIVF(1)=-1.98E-04 DIVFrms= 1.94E-04 DT(ND)= 7.71E-05 T(ND)=2.8591E+02
 NST=    45 JCONV= 14 CHG=6.23E-05 dt0=1.00E+04 DIVF(1)=-1.78E-04 DIVFrms= 1.74E-04 DT(ND)= 7.64E-05 T(ND)=2.8591E+02
 NST=    46 JCONV= 14 CHG=1.38E-04 dt0=1.00E+04 DIVF(1)=-1.79E-04 DIVFrms= 1.76E-04 DT(ND)= 7.53E-05 T(ND)=2.8591E+02
 NST=    47 JCONV= 14 CHG=8.81E-05 dt0=1.00E+04 DIVF(1)=-2.00E-04 DIVFrms= 1.97E-04 DT(ND)= 7.53E-05 T(ND)=2.8591E+02
 NST=    48 JCONV= 14 CHG=6.09E-05 dt0=1.00E+04 DIVF(1)=-1.80E-04 DIVFrms= 1.76E-04 DT(ND)= 7.47E-05 T(ND)=2.8591E+02
 NST=    49 JCONV= 14 CHG=1.34E-04 dt0=1.00E+04 DIVF(1)=-1.81E-04 DIVFrms= 1.78E-04 DT(ND)= 7.36E-05 T(ND)=2.8591E+02
 NST=    50 JCONV= 14 CHG=8.54E-05 dt0=1.00E+04 DIVF(1)=-2.03E-04 DIVFrms= 1.99E-04 DT(ND)= 7.37E-05 T(ND)=2.8591E+02

 TIME= 4.925E+05  TIME IN DAYS = 5.700E+00

 PLANETARY ALBEDO:  ALBP = 0.2309

  J     P         ALT         T        CONVEC       DT          TOLD        FH20       FSAVE        FO3        TCOOL       THEAT
  1 3.2610E-05 6.8758E+01 1.8607E+02  0.00E+00  -9.6851E-04  1.8607E+02  2.8355E-06  2.8355E-06  1.0371E-08 -2.6774E+01  3.3526E+01
  2 3.8505E-05 6.7830E+01 1.7565E+02  0.00E+00  -4.5813E-03  1.7565E+02  3.1690E-06  3.1690E-06  1.3661E-08 -1.1676E+01  5.3462E+00
  3 4.5409E-05 6.6951E+01 1.6965E+02  0.00E+00  -2.0178E-03  1.6965E+02  3.4635E-06  3.4635E-06  1.7139E-08 -4.4434E+00  1.6921E+00
  4 5.3484E-05 6.6100E+01 1.6755E+02  0.00E+00  -3.0887E-04  1.6755E+02  3.7305E-06  3.7305E-06  2.0101E-08 -1.4653E+00  1.1453E+00
  5 6.2915E-05 6.5259E+01 1.6810E+02  0.00E+00  -5.0769E-04  1.6810E+02  3.9763E-06  3.9763E-06  2.2367E-08 -5.3088E-01  1.0617E+00
  6 7.3916E-05 6.4418E+01 1.7018E+02  0.00E+00  -7.6333E-04  1.7018E+02  4.2050E-06  4.2050E-06  2.4482E-08 -4.2736E-01  1.0337E+00
  7 8.6732E-05 6.3572E+01 1.7308E+02  0.00E+00  -8.4443E-04  1.7308E+02  4.4216E-06  4.4216E-06  2.6548E-08 -5.7922E-01  1.0117E+00
  8 1.0164E-04 6.2718E+01 1.7643E+02  0.00E+00  -9.7108E-04  1.7643E+02  4.6270E-06  4.6270E-06  2.8998E-08 -7.3927E-01  9.9343E-01
  9 1.1896E-04 6.1853E+01 1.8008E+02  0.00E+00  -1.0180E-03  1.8008E+02  4.8266E-06  4.8266E-06  3.2089E-08 -8.5785E-01  9.8379E-01
 10 1.3906E-04 6.0977E+01 1.8402E+02  0.00E+00  -9.8493E-04  1.8402E+02  5.0038E-06  5.0038E-06  3.6030E-08 -1.0102E+00  9.8178E-01
 11 1.6235E-04 6.0090E+01 1.8828E+02  0.00E+00  -9.8297E-04  1.8828E+02  5.1783E-06  5.1783E-06  4.1247E-08 -1.3197E+00  9.9081E-01
 12 1.8930E-04 5.9188E+01 1.9285E+02  0.00E+00  -9.7847E-04  1.9285E+02  5.3407E-06  5.3407E-06  4.8140E-08 -1.6976E+00  1.0136E+00
 13 2.2045E-04 5.8274E+01 1.9723E+02  0.00E+00  -8.7685E-04  1.9724E+02  5.4959E-06  5.4959E-06  5.7603E-08 -1.9369E+00  1.0542E+00
 14 2.5639E-04 5.7348E+01 2.0108E+02  1.00E+00  -7.2437E-04  2.0108E+02  5.6360E-06  5.6360E-06  7.0188E-08 -2.0279E+00  1.1154E+00
 15 2.9783E-04 5.6414E+01 2.0438E+02  1.00E+00  -5.8963E-04  2.0438E+02  5.7668E-06  5.7668E-06  8.5599E-08 -2.0637E+00  1.1966E+00
 16 3.4552E-04 5.5473E+01 2.0728E+02  1.00E+00  -4.9018E-04  2.0728E+02  5.8930E-06  5.8930E-06  1.0273E-07 -2.1106E+00  1.2885E+00
 17 4.0035E-04 5.4529E+01 2.0990E+02  1.00E+00  -4.1930E-04  2.0990E+02  6.0064E-06  6.0064E-06  1.2131E-07 -2.1666E+00  1.3881E+00
 18 4.6329E-04 5.3581E+01 2.1231E+02  1.00E+00  -3.6722E-04  2.1231E+02  6.1101E-06  6.1101E-06  1.4061E-07 -2.2261E+00  1.4914E+00
 19 5.3545E-04 5.2631E+01 2.1459E+02  1.00E+00  -3.2718E-04  2.1459E+02  6.2117E-06  6.2117E-06  1.6175E-07 -2.2860E+00  1.6024E+00
 20 6.1807E-04 5.1681E+01 2.1675E+02  1.00E+00  -2.9531E-04  2.1675E+02  6.2968E-06  6.2968E-06  1.8486E-07 -2.3427E+00  1.7214E+00
 21 7.1254E-04 5.0729E+01 2.1881E+02  1.00E+00  -2.6935E-04  2.1881E+02  6.3816E-06  6.3816E-06  2.1162E-07 -2.3988E+00  1.8547E+00
 22 8.2042E-04 4.9778E+01 2.2081E+02  1.00E+00  -2.4785E-04  2.2081E+02  6.4672E-06  6.4672E-06  2.4206E-07 -2.4533E+00  2.0010E+00
 23 9.4343E-04 4.8827E+01 2.2274E+02  1.00E+00  -2.2981E-04  2.2274E+02  6.5354E-06  6.5354E-06  2.7698E-07 -2.5030E+00  2.1600E+00
 24 1.0835E-03 4.7876E+01 2.2463E+02  1.00E+00  -2.1449E-04  2.2463E+02  6.6098E-06  6.6098E-06  3.1554E-07 -2.5608E+00  2.3306E+00
 25 1.2429E-03 4.6927E+01 2.2647E+02  1.00E+00  -2.0135E-04  2.2647E+02  6.6758E-06  6.6758E-06  3.5992E-07 -2.6175E+00  2.5133E+00
 26 1.4238E-03 4.5979E+01 2.2827E+02  1.00E+00  -1.8997E-04  2.2827E+02  6.7362E-06  6.7362E-06  4.0937E-07 -2.6690E+00  2.6949E+00
 27 1.6291E-03 4.5033E+01 2.3004E+02  1.00E+00  -1.8003E-04  2.3004E+02  6.7930E-06  6.7930E-06  4.6517E-07 -2.7223E+00  2.8730E+00
 28 1.8616E-03 4.4089E+01 2.3178E+02  1.00E+00  -1.7129E-04  2.3178E+02  6.8464E-06  6.8464E-06  5.2731E-07 -2.7879E+00  3.0417E+00
 29 2.1246E-03 4.3147E+01 2.3350E+02  1.00E+00  -1.6356E-04  2.3350E+02  6.8862E-06  6.8862E-06  5.9820E-07 -2.8791E+00  3.2027E+00
 30 2.4217E-03 4.2208E+01 2.3519E+02  1.00E+00  -1.5669E-04  2.3519E+02  6.9317E-06  6.9317E-06  6.7894E-07 -3.0172E+00  3.3528E+00
 31 2.7569E-03 4.1271E+01 2.3690E+02  1.00E+00  -1.5545E-04  2.3690E+02  6.9596E-06  6.9596E-06  7.7278E-07 -3.2094E+00  3.4921E+00
 32 3.1345E-03 4.0336E+01 2.3853E+02  1.00E+00  -1.3752E-04  2.3853E+02  6.9883E-06  6.9883E-06  8.8296E-07 -3.4265E+00  3.6177E+00
 33 3.5594E-03 3.9406E+01 2.3992E+02  0.00E+00  -1.0096E-04  2.3992E+02  7.0000E-06  7.0000E-06  1.0157E-06 -3.6228E+00  3.7292E+00
 34 4.0367E-03 3.8480E+01 2.4094E+02  0.00E+00  -5.7822E-05  2.4094E+02  7.0046E-06  7.0046E-06  1.1829E-06 -3.7689E+00  3.8314E+00
 35 4.5723E-03 3.7561E+01 2.4148E+02  0.00E+00  -1.8178E-05  2.4148E+02  6.9962E-06  6.9962E-06  1.3978E-06 -3.8485E+00  3.9140E+00
 36 5.1725E-03 3.6650E+01 2.4149E+02  0.00E+00   1.0251E-05  2.4149E+02  6.9760E-06  6.9760E-06  1.6526E-06 -3.8515E+00  3.9308E+00
 37 5.8440E-03 3.5750E+01 2.4094E+02  0.00E+00   2.2649E-05  2.4094E+02  6.9400E-06  6.9400E-06  1.9600E-06 -3.7823E+00  3.8823E+00
 38 6.5944E-03 3.4863E+01 2.3983E+02  0.00E+00   1.7525E-05  2.3983E+02  6.8967E-06  6.8967E-06  2.2959E-06 -3.6476E+00  3.7442E+00
 39 7.4318E-03 3.3989E+01 2.3826E+02  0.00E+00  -3.2262E-06  2.3826E+02  6.8391E-06  6.8391E-06  2.6223E-06 -3.4578E+00  3.5214E+00
 40 8.3650E-03 3.3132E+01 2.3632E+02  0.00E+00  -3.4887E-05  2.3632E+02  6.7682E-06  6.7682E-06  2.9002E-06 -3.2283E+00  3.2457E+00
 41 9.4035E-03 3.2291E+01 2.3417E+02  0.00E+00  -7.1032E-05  2.3417E+02  6.6933E-06  6.6933E-06  3.1099E-06 -2.9779E+00  2.9551E+00
 42 1.0558E-02 3.1468E+01 2.3195E+02  0.00E+00  -1.0511E-04  2.3195E+02  6.6117E-06  6.6117E-06  3.2438E-06 -2.7375E+00  2.6699E+00
 43 1.1838E-02 3.0661E+01 2.2975E+02  0.00E+00  -1.3182E-04  2.2975E+02  6.5211E-06  6.5211E-06  3.3136E-06 -2.4582E+00  2.4006E+00
 44 1.3258E-02 2.9871E+01 2.2766E+02  0.00E+00  -1.4807E-04  2.2766E+02  6.4344E-06  6.4344E-06  3.3224E-06 -2.1950E+00  2.1466E+00
 45 1.4829E-02 2.9096E+01 2.2572E+02  0.00E+00  -1.5331E-04  2.2572E+02  6.3415E-06  6.3415E-06  3.2907E-06 -1.9511E+00  1.9133E+00
 46 1.6565E-02 2.8337E+01 2.2394E+02  0.00E+00  -1.4907E-04  2.2394E+02  6.2504E-06  6.2504E-06  3.2286E-06 -1.7297E+00  1.7026E+00
 47 1.8481E-02 2.7592E+01 2.2233E+02  0.00E+00  -1.3823E-04  2.2234E+02  6.1610E-06  6.1610E-06  3.1477E-06 -1.5327E+00  1.5164E+00
 48 2.0593E-02 2.6861E+01 2.2089E+02  0.00E+00  -1.2415E-04  2.2089E+02  6.0733E-06  6.0733E-06  3.0454E-06 -1.3609E+00  1.3524E+00
 49 2.2917E-02 2.6143E+01 2.1958E+02  0.00E+00  -1.1008E-04  2.1958E+02  5.9771E-06  5.9771E-06  2.9327E-06 -1.2140E+00  1.2117E+00
 50 2.5472E-02 2.5438E+01 2.1841E+02  0.00E+00  -9.8741E-05  2.1841E+02  5.8925E-06  5.8925E-06  2.8198E-06 -1.0909E+00  1.0935E+00
 51 2.8275E-02 2.4745E+01 2.1734E+02  0.00E+00  -9.1900E-05  2.1734E+02  5.7993E-06  5.7993E-06  2.6991E-06 -9.8739E-01  9.9217E-01
 52 3.1348E-02 2.4064E+01 2.1638E+02  0.00E+00  -8.9813E-05  2.1638E+02  5.7075E-06  5.7075E-06  2.5722E-06 -8.9984E-01  9.0422E-01
 53 3.4711E-02 2.3394E+01 2.1552E+02  0.00E+00  -9.0872E-05  2.1552E+02  5.6200E-06  5.6200E-06  2.4455E-06 -8.2411E-01  8.2740E-01
 54 3.8385E-02 2.2735E+01 2.1475E+02  0.00E+00  -9.2265E-05  2.1475E+02  5.5278E-06  5.5278E-06  2.3168E-06 -7.5651E-01  7.5830E-01
 55 4.2396E-02 2.2086E+01 2.1407E+02  0.00E+00  -9.1329E-05  2.1407E+02  5.4369E-06  5.4369E-06  2.1866E-06 -6.9511E-01  6.9484E-01
 56 4.6767E-02 2.1448E+01 2.1349E+02  0.00E+00  -8.7581E-05  2.1349E+02  5.3475E-06  5.3475E-06  2.0589E-06 -6.3848E-01  6.3610E-01
 57 5.1523E-02 2.0819E+01 2.1299E+02  0.00E+00  -8.3716E-05  2.1299E+02  5.2596E-06  5.2596E-06  1.9248E-06 -5.8611E-01  5.8002E-01
 58 5.6691E-02 2.0200E+01 2.1259E+02  0.00E+00  -8.1912E-05  2.1259E+02  5.1729E-06  5.1729E-06  1.7987E-06 -5.3567E-01  5.2819E-01
 59 6.2300E-02 1.9591E+01 2.1229E+02  0.00E+00  -8.1871E-05  2.1229E+02  5.0875E-06  5.0875E-06  1.6607E-06 -4.8758E-01  4.7763E-01
 60 6.8376E-02 1.8990E+01 2.1206E+02  0.00E+00  -7.2126E-05  2.1206E+02  5.0087E-06  5.0087E-06  1.5164E-06 -4.4069E-01  4.2926E-01
 61 7.4951E-02 1.8398E+01 2.1190E+02  0.00E+00  -4.1962E-05  2.1190E+02  4.9306E-06  4.9306E-06  1.3745E-06 -3.9300E-01  3.8459E-01
 62 8.2055E-02 1.7815E+01 2.1180E+02  0.00E+00   7.4687E-06  2.1180E+02  4.8577E-06  4.8577E-06  1.2261E-06 -3.4612E-01  3.4240E-01
 63 8.9719E-02 1.7241E+01 2.1172E+02  0.00E+00   8.1671E-05  2.1172E+02  4.7890E-06  4.7890E-06  1.0771E-06 -3.0098E-01  3.0321E-01
 64 9.7975E-02 1.6674E+01 2.1165E+02  0.00E+00   1.1630E-04  2.1165E+02  4.7324E-06  4.7324E-06  9.2143E-07 -2.6142E-01  2.6612E-01
 65 1.0686E-01 1.6116E+01 2.1157E+02  0.00E+00   1.6182E-04  2.1157E+02  4.6792E-06  4.6792E-06  7.7351E-07 -2.0469E-01  2.3164E-01
 66 1.1640E-01 1.5567E+01 2.1145E+02  0.00E+00   1.3424E-04  2.1145E+02  4.6353E-06  4.6353E-06  6.3527E-07 -1.7328E-01  2.0077E-01
 67 1.2663E-01 1.5026E+01 2.1130E+02  0.00E+00   7.6334E-06  2.1130E+02  4.5965E-06  4.5965E-06  5.1020E-07 -1.4987E-01  1.7390E-01
 68 1.3758E-01 1.4494E+01 2.1114E+02  0.00E+00   1.8363E-04  2.1114E+02  4.5646E-06  4.5646E-06  4.0147E-07 -1.3397E-01  1.5098E-01
 69 1.4930E-01 1.3970E+01 2.1100E+02  0.00E+00  -3.8780E-04  2.1100E+02  4.5388E-06  4.5388E-06  3.0627E-07 -1.2615E-01  1.3134E-01
 70 1.6181E-01 1.3455E+01 2.1091E+02  0.00E+00   5.7162E-04  2.1091E+02  4.5182E-06  4.5182E-06  2.2578E-07 -1.2423E-01  1.1502E-01
 71 1.7515E-01 1.2948E+01 2.1091E+02  0.00E+00   5.6770E-05  2.1091E+02  4.4979E-06  4.4979E-06  1.6771E-07 -1.2126E-01  1.0293E-01
 72 1.8935E-01 1.2449E+01 2.1102E+02  0.00E+00  -4.5249E-04  2.1102E+02  4.4900E-06  4.4900E-06  1.2845E-07 -1.1543E-01  9.4500E-02
 73 2.0444E-01 1.1957E+01 2.1127E+02  0.00E+00   5.3037E-03  2.1127E+02  4.5946E-06  4.5946E-06  1.0042E-07 -1.1211E-01  8.8957E-02
 74 2.2045E-01 1.1473E+01 2.1163E+02  0.00E+00  -9.6625E-03  2.1164E+02  5.0664E-06  5.0664E-06  7.9874E-08 -1.1521E-01  8.6791E-02
 75 2.3743E-01 1.0997E+01 2.1212E+02  0.00E+00   1.8123E-02  2.1211E+02  6.1391E-06  6.1422E-06  6.6737E-08 -1.1880E-01  8.8479E-02
 76 2.5538E-01 1.0527E+01 2.1266E+02  0.00E+00  -1.7611E-02  2.1267E+02  7.2472E-06  6.9308E-06  5.9152E-08 -5.9308E-02  8.9997E-02
 77 2.7435E-01 1.0064E+01 2.1329E+02  0.00E+00   4.2440E-03  2.1328E+02  7.9159E-06  7.9324E-06  5.4145E-08 -5.6682E-02  9.3350E-02
 78 2.9435E-01 9.6064E+00 2.1603E+02  0.00E+00   4.8919E-05  2.1603E+02  1.1460E-05  1.1460E-05  5.0144E-08 -2.8666E-01  1.0829E-01
 79 3.1542E-01 9.1491E+00 2.2037E+02  1.00E+00   4.9575E-05  2.2037E+02  2.0150E-05  2.0150E-05  4.6626E-08 -6.9086E-01  1.4267E-01
 80 3.3757E-01 8.6914E+00 2.2468E+02  1.00E+00   5.4974E-05  2.2468E+02  3.4552E-05  3.4552E-05  4.3285E-08 -1.1108E+00  1.9146E-01
 81 3.6082E-01 8.2335E+00 2.2896E+02  1.00E+00   6.4776E-05  2.2896E+02  5.7756E-05  5.7756E-05  4.0185E-08 -1.5060E+00  2.5201E-01
 82 3.8518E-01 7.7760E+00 2.3317E+02  1.00E+00   7.7178E-05  2.3317E+02  9.4047E-05  9.4046E-05  3.7164E-08 -1.8221E+00  3.1918E-01
 83 4.1067E-01 7.3193E+00 2.3730E+02  1.00E+00   8.9129E-05  2.3730E+02  1.4906E-04  1.4906E-04  3.4225E-08 -2.0408E+00  3.8956E-01
 84 4.3729E-01 6.8638E+00 2.4131E+02  1.00E+00   9.7758E-05  2.4131E+02  2.2977E-04  2.2977E-04  3.1537E-08 -2.1865E+00  4.6527E-01
 85 4.6506E-01 6.4102E+00 2.4518E+02  1.00E+00   1.0266E-04  2.4518E+02  3.4427E-04  3.4427E-04  2.9038E-08 -2.2505E+00  5.4312E-01
 86 4.9396E-01 5.9590E+00 2.4889E+02  1.00E+00   1.0646E-04  2.4889E+02  5.0131E-04  5.0130E-04  2.6656E-08 -2.2617E+00  6.0985E-01
 87 5.2401E-01 5.5108E+00 2.5243E+02  1.00E+00   1.0873E-04  2.5243E+02  7.0971E-04  7.0971E-04  2.4422E-08 -2.2499E+00  6.5778E-01
 88 5.5517E-01 5.0661E+00 2.5578E+02  1.00E+00   1.0935E-04  2.5578E+02  9.7781E-04  9.7780E-04  2.2365E-08 -2.2361E+00  6.9207E-01
 89 5.8745E-01 4.6256E+00 2.5894E+02  1.00E+00   1.0845E-04  2.5894E+02  1.3130E-03  1.3130E-03  2.0457E-08 -2.2000E+00  7.1968E-01
 90 6.2083E-01 4.1898E+00 2.6191E+02  1.00E+00   1.0637E-04  2.6191E+02  1.7216E-03  1.7216E-03  1.8660E-08 -2.1422E+00  7.4092E-01
 91 6.5527E-01 3.7592E+00 2.6471E+02  1.00E+00   1.0345E-04  2.6471E+02  2.2086E-03  2.2086E-03  1.7033E-08 -2.0809E+00  7.5300E-01
 92 6.9075E-01 3.3343E+00 2.6734E+02  1.00E+00   9.9990E-05  2.6734E+02  2.7780E-03  2.7780E-03  1.5574E-08 -1.9950E+00  7.5580E-01
 93 7.2724E-01 2.9156E+00 2.6981E+02  1.00E+00   9.6214E-05  2.6981E+02  3.4326E-03  3.4325E-03  1.4280E-08 -1.8579E+00  7.5224E-01
 94 7.6469E-01 2.5034E+00 2.7213E+02  1.00E+00   9.2281E-05  2.7213E+02  4.1742E-03  4.1741E-03  1.3143E-08 -1.7066E+00  7.4529E-01
 95 8.0305E-01 2.0980E+00 2.7447E+02  1.00E+00   8.8543E-05  2.7447E+02  5.0638E-03  5.0638E-03  1.2155E-08 -1.6044E+00  7.4033E-01
 96 8.4228E-01 1.6996E+00 2.7677E+02  1.00E+00   8.5265E-05  2.7677E+02  5.9672E-03  5.9672E-03  1.1306E-08 -1.5236E+00  7.2325E-01
 97 8.8231E-01 1.3086E+00 2.7897E+02  1.00E+00   8.2994E-05  2.7897E+02  6.9497E-03  6.9497E-03  1.0602E-08 -1.5061E+00  7.0602E-01
 98 9.2308E-01 9.2506E-01 2.8106E+02  1.00E+00   7.9874E-05  2.8106E+02  8.0682E-03  8.0682E-03  1.0026E-08 -1.5727E+00  6.9619E-01
 99 9.6451E-01 5.4945E-01 2.8305E+02  1.00E+00   7.7503E-05  2.8305E+02  9.1342E-03  9.1341E-03  9.5721E-09 -1.7469E+00  6.8900E-01
100 1.0065E+00 1.8198E-01 2.8496E+02  1.00E+00   7.4654E-05  2.8496E+02  1.0486E-02  1.0486E-02  9.2027E-09 -1.9998E+00  7.1018E-01
101 1.0279E+00 0.0000E+00 2.8591E+02  1.00E+00   7.3650E-05  2.8591E+02  1.1170E-02  1.1170E-02  9.2700E-09 -3.5602E+00  7.9899E+00
  J     P         ALT         T        CONVEC       DT          TOLD        FH20       FSAVE        FO3        TCOOL       THEAT

 FCO2
  1.77E-04 1.78E-04 1.78E-04 1.78E-04 1.79E-04 1.79E-04 1.79E-04 1.79E-04 1.79E-04 1.79E-04
  1.79E-04 1.79E-04 1.79E-04 1.79E-04 1.79E-04 1.79E-04 1.79E-04 1.79E-04 1.79E-04 1.79E-04
  1.79E-04 1.79E-04 1.79E-04 1.79E-04 1.79E-04 1.79E-04 1.79E-04 1.79E-04 1.79E-04 1.79E-04
  1.79E-04 1.79E-04 1.79E-04 1.79E-04 1.79E-04 1.79E-04 1.79E-04 1.79E-04 1.79E-04 1.79E-04
  1.79E-04 1.79E-04 1.79E-04 1.79E-04 1.79E-04 1.79E-04 1.79E-04 1.79E-04 1.79E-04 1.79E-04
  1.79E-04 1.79E-04 1.79E-04 1.79E-04 1.79E-04 1.79E-04 1.79E-04 1.79E-04 1.79E-04 1.79E-04
  1.79E-04 1.79E-04 1.79E-04 1.79E-04 1.79E-04 1.79E-04 1.79E-04 1.79E-04 1.79E-04 1.79E-04
  1.79E-04 1.79E-04 1.79E-04 1.79E-04 1.79E-04 1.79E-04 1.79E-04 1.79E-04 1.79E-04 1.79E-04
  1.79E-04 1.79E-04 1.79E-04 1.79E-04 1.79E-04 1.79E-04 1.79E-04 1.79E-04 1.79E-04 1.79E-04
  1.79E-04 1.79E-04 1.79E-04 1.79E-04 1.79E-04 1.79E-04 1.79E-04 1.79E-04 1.79E-04 1.79E-04
  1.79E-04

  J    PF         ALT       FTOTAL       FTIR       FDNIR       FUPIR       FTSOL       FDNSOL       FUPSOL       DIVF
  1 3.0000E-05 6.8758E+01 -5.3289E+01 -2.6291E+05  0.0000E+00  2.6291E+05  2.6286E+05  3.4178E+05  7.8918E+04 -2.0269E-04
  2 3.5446E-05 6.7830E+01 -5.7799E+01 -2.6290E+05  1.4407E+01  2.6291E+05  2.6284E+05  3.4176E+05  7.8918E+04 -2.1984E-04
  3 4.1828E-05 6.6951E+01 -5.2851E+01 -2.6289E+05  2.2961E+01  2.6291E+05  2.6283E+05  3.4175E+05  7.8917E+04 -2.0102E-04
  4 4.9297E-05 6.6100E+01 -5.0336E+01 -2.6288E+05  2.8454E+01  2.6291E+05  2.6283E+05  3.4175E+05  7.8917E+04 -1.9146E-04
  5 5.8027E-05 6.5259E+01 -4.9994E+01 -2.6288E+05  3.2871E+01  2.6291E+05  2.6283E+05  3.4175E+05  7.8917E+04 -1.9015E-04
  6 6.8216E-05 6.4418E+01 -5.0656E+01 -2.6288E+05  3.7496E+01  2.6292E+05  2.6283E+05  3.4175E+05  7.8916E+04 -1.9267E-04
  7 8.0093E-05 6.3572E+01 -5.1536E+01 -2.6288E+05  4.3042E+01  2.6292E+05  2.6283E+05  3.4174E+05  7.8916E+04 -1.9601E-04
  8 9.3920E-05 6.2718E+01 -5.2268E+01 -2.6288E+05  4.9886E+01  2.6293E+05  2.6283E+05  3.4174E+05  7.8916E+04 -1.9879E-04
  9 1.1000E-04 6.1853E+01 -5.2767E+01 -2.6288E+05  5.8217E+01  2.6294E+05  2.6282E+05  3.4174E+05  7.8915E+04 -2.0069E-04
 10 1.2866E-04 6.0977E+01 -5.3055E+01 -2.6288E+05  6.8210E+01  2.6294E+05  2.6282E+05  3.4174E+05  7.8914E+04 -2.0177E-04
 11 1.5030E-04 6.0090E+01 -5.2980E+01 -2.6287E+05  8.0175E+01  2.6295E+05  2.6282E+05  3.4173E+05  7.8914E+04 -2.0148E-04
 12 1.7536E-04 5.9188E+01 -5.1971E+01 -2.6287E+05  9.4557E+01  2.6296E+05  2.6282E+05  3.4173E+05  7.8913E+04 -1.9764E-04
 13 2.0434E-04 5.8274E+01 -4.9546E+01 -2.6286E+05  1.1137E+02  2.6297E+05  2.6281E+05  3.4173E+05  7.8912E+04 -1.8841E-04
 14 2.3782E-04 5.7348E+01 -4.5931E+01 -2.6285E+05  1.3016E+02  2.6298E+05  2.6281E+05  3.4172E+05  7.8911E+04 -1.7465E-04
 15 2.7642E-04 5.6414E+01 -4.1621E+01 -2.6285E+05  1.5060E+02  2.6300E+05  2.6280E+05  3.4171E+05  7.8910E+04 -1.5826E-04
 16 3.2089E-04 5.5473E+01 -3.6903E+01 -2.6283E+05  1.7282E+02  2.6301E+05  2.6280E+05  3.4171E+05  7.8908E+04 -1.4031E-04
 17 3.7204E-04 5.4529E+01 -3.1758E+01 -2.6282E+05  1.9736E+02  2.6302E+05  2.6279E+05  3.4170E+05  7.8907E+04 -1.2074E-04
 18 4.3080E-04 5.3581E+01 -2.6160E+01 -2.6281E+05  2.2477E+02  2.6303E+05  2.6278E+05  3.4168E+05  7.8905E+04 -9.9457E-05
 19 4.9822E-04 5.2631E+01 -2.0100E+01 -2.6279E+05  2.5557E+02  2.6304E+05  2.6277E+05  3.4167E+05  7.8903E+04 -7.6415E-05
 20 5.7546E-04 5.1681E+01 -1.3641E+01 -2.6277E+05  2.9033E+02  2.6306E+05  2.6275E+05  3.4165E+05  7.8900E+04 -5.1856E-05
 21 6.6383E-04 5.0729E+01 -6.9242E+00 -2.6274E+05  3.2960E+02  2.6307E+05  2.6273E+05  3.4163E+05  7.8898E+04 -2.6321E-05
 22 7.6482E-04 4.9778E+01 -2.0337E-01 -2.6271E+05  3.7401E+02  2.6308E+05  2.6271E+05  3.4160E+05  7.8895E+04 -7.7302E-07
 23 8.8005E-04 4.8827E+01  6.1708E+00 -2.6268E+05  4.2423E+02  2.6310E+05  2.6268E+05  3.4157E+05  7.8891E+04  2.3454E-05
 24 1.0114E-03 4.7876E+01  1.1680E+01 -2.6264E+05  4.8091E+02  2.6312E+05  2.6265E+05  3.4153E+05  7.8887E+04  4.4389E-05
 25 1.1608E-03 4.6927E+01  1.5886E+01 -2.6259E+05  5.4500E+02  2.6313E+05  2.6260E+05  3.4149E+05  7.8883E+04  6.0372E-05
 26 1.3307E-03 4.5979E+01  1.8049E+01 -2.6253E+05  6.1734E+02  2.6315E+05  2.6255E+05  3.4143E+05  7.8878E+04  6.8587E-05
 27 1.5235E-03 4.5033E+01  1.7439E+01 -2.6247E+05  6.9869E+02  2.6317E+05  2.6249E+05  3.4136E+05  7.8872E+04  6.6267E-05
 28 1.7420E-03 4.4089E+01  1.3415E+01 -2.6240E+05  7.8993E+02  2.6319E+05  2.6241E+05  3.4128E+05  7.8866E+04  5.0970E-05
 29 1.9894E-03 4.3147E+01  5.7430E+00 -2.6231E+05  8.9223E+02  2.6321E+05  2.6232E+05  3.4118E+05  7.8859E+04  2.1819E-05
 30 2.2690E-03 4.2208E+01 -5.3139E+00 -2.6222E+05  1.0072E+03  2.6322E+05  2.6221E+05  3.4106E+05  7.8852E+04 -2.0188E-05
 31 2.5847E-03 4.1271E+01 -1.8258E+01 -2.6210E+05  1.1374E+03  2.6324E+05  2.6208E+05  3.4092E+05  7.8843E+04 -6.9360E-05
 32 2.9406E-03 4.0336E+01 -3.0551E+01 -2.6196E+05  1.2852E+03  2.6325E+05  2.6193E+05  3.4076E+05  7.8834E+04 -1.1605E-04
 33 3.3413E-03 3.9406E+01 -3.9907E+01 -2.6179E+05  1.4522E+03  2.6324E+05  2.6175E+05  3.4058E+05  7.8825E+04 -1.5160E-04
 34 3.7917E-03 3.8480E+01 -4.5761E+01 -2.6159E+05  1.6383E+03  2.6323E+05  2.6155E+05  3.4036E+05  7.8814E+04 -1.7384E-04
 35 4.2975E-03 3.7561E+01 -4.9617E+01 -2.6136E+05  1.8423E+03  2.6320E+05  2.6131E+05  3.4011E+05  7.8803E+04 -1.8851E-04
 36 4.8647E-03 3.6650E+01 -5.4157E+01 -2.6109E+05  2.0620E+03  2.6316E+05  2.6104E+05  3.3983E+05  7.8791E+04 -2.0580E-04
 37 5.4997E-03 3.5750E+01 -6.0304E+01 -2.6080E+05  2.2945E+03  2.6309E+05  2.6074E+05  3.3951E+05  7.8779E+04 -2.2921E-04
 38 6.2098E-03 3.4863E+01 -6.8961E+01 -2.6047E+05  2.5374E+03  2.6301E+05  2.6040E+05  3.3917E+05  7.8767E+04 -2.6220E-04
 39 7.0028E-03 3.3989E+01 -7.8303E+01 -2.6012E+05  2.7890E+03  2.6290E+05  2.6004E+05  3.3879E+05  7.8755E+04 -2.9784E-04
 40 7.8871E-03 3.3132E+01 -8.5161E+01 -2.5974E+05  3.0483E+03  2.6279E+05  2.5966E+05  3.3840E+05  7.8743E+04 -3.2406E-04
 41 8.8718E-03 3.2291E+01 -8.7252E+01 -2.5935E+05  3.3146E+03  2.6267E+05  2.5927E+05  3.3800E+05  7.8732E+04 -3.3217E-04
 42 9.9669E-03 3.1468E+01 -8.4211E+01 -2.5896E+05  3.5881E+03  2.6255E+05  2.5887E+05  3.3760E+05  7.8722E+04 -3.2075E-04
 43 1.1183E-02 3.0661E+01 -7.4200E+01 -2.5855E+05  3.8712E+03  2.6242E+05  2.5848E+05  3.3719E+05  7.8711E+04 -2.8275E-04
 44 1.2532E-02 2.9871E+01 -6.4737E+01 -2.5815E+05  4.1598E+03  2.6231E+05  2.5808E+05  3.3678E+05  7.8700E+04 -2.4679E-04
 45 1.4026E-02 2.9096E+01 -5.5944E+01 -2.5775E+05  4.4536E+03  2.6220E+05  2.5769E+05  3.3638E+05  7.8688E+04 -2.1336E-04
 46 1.5678E-02 2.8337E+01 -4.8343E+01 -2.5736E+05  4.7521E+03  2.6211E+05  2.5731E+05  3.3599E+05  7.8675E+04 -1.8444E-04
 47 1.7502E-02 2.7592E+01 -4.2335E+01 -2.5697E+05  5.0552E+03  2.6203E+05  2.5693E+05  3.3559E+05  7.8661E+04 -1.6157E-04
 48 1.9515E-02 2.6861E+01 -3.8352E+01 -2.5660E+05  5.3632E+03  2.6196E+05  2.5656E+05  3.3521E+05  7.8645E+04 -1.4640E-04
 49 2.1731E-02 2.6143E+01 -3.6060E+01 -2.5623E+05  5.6773E+03  2.6191E+05  2.5620E+05  3.3482E+05  7.8627E+04 -1.3768E-04
 50 2.4168E-02 2.5438E+01 -3.5386E+01 -2.5587E+05  5.9999E+03  2.6187E+05  2.5584E+05  3.3445E+05  7.8606E+04 -1.3512E-04
 51 2.6845E-02 2.4745E+01 -3.6251E+01 -2.5552E+05  6.3343E+03  2.6185E+05  2.5548E+05  3.3407E+05  7.8582E+04 -1.3844E-04
 52 2.9781E-02 2.4064E+01 -3.7953E+01 -2.5517E+05  6.6841E+03  2.6185E+05  2.5513E+05  3.3369E+05  7.8555E+04 -1.4494E-04
 53 3.2997E-02 2.3394E+01 -3.9660E+01 -2.5482E+05  7.0530E+03  2.6187E+05  2.5478E+05  3.3330E+05  7.8524E+04 -1.5145E-04
 54 3.6513E-02 2.2735E+01 -4.1063E+01 -2.5447E+05  7.4443E+03  2.6191E+05  2.5443E+05  3.3291E+05  7.8488E+04 -1.5678E-04
 55 4.0354E-02 2.2086E+01 -4.1896E+01 -2.5411E+05  7.8606E+03  2.6197E+05  2.5407E+05  3.3252E+05  7.8448E+04 -1.5992E-04
 56 4.4542E-02 2.1448E+01 -4.1757E+01 -2.5376E+05  8.3042E+03  2.6207E+05  2.5372E+05  3.3212E+05  7.8402E+04 -1.5934E-04
 57 4.9103E-02 2.0819E+01 -4.0442E+01 -2.5341E+05  8.7772E+03  2.6219E+05  2.5337E+05  3.3172E+05  7.8350E+04 -1.5425E-04
 58 5.4062E-02 2.0200E+01 -3.6780E+01 -2.5306E+05  9.2811E+03  2.6234E+05  2.5302E+05  3.3131E+05  7.8292E+04 -1.4020E-04
 59 5.9448E-02 1.9591E+01 -3.1902E+01 -2.5271E+05  9.8166E+03  2.6252E+05  2.5268E+05  3.3090E+05  7.8226E+04 -1.2152E-04
 60 6.5288E-02 1.8990E+01 -2.4867E+01 -2.5236E+05  1.0383E+04  2.6275E+05  2.5234E+05  3.3049E+05  7.8152E+04 -9.4642E-05
 61 7.1611E-02 1.8398E+01 -1.6120E+01 -2.5203E+05  1.0977E+04  2.6300E+05  2.5201E+05  3.3008E+05  7.8068E+04 -6.1294E-05
 62 7.8448E-02 1.7815E+01 -9.1565E+00 -2.5170E+05  1.1595E+04  2.6329E+05  2.5169E+05  3.2966E+05  7.7974E+04 -3.4777E-05
 63 8.5829E-02 1.7241E+01 -5.8336E+00 -2.5139E+05  1.2231E+04  2.6362E+05  2.5138E+05  3.2925E+05  7.7868E+04 -2.2129E-05
 64 9.3786E-02 1.6674E+01 -7.9892E+00 -2.5110E+05  1.2879E+04  2.6398E+05  2.5109E+05  3.2884E+05  7.7750E+04 -3.0265E-05
 65 1.0235E-01 1.6116E+01 -1.2855E+01 -2.5083E+05  1.3534E+04  2.6436E+05  2.5082E+05  3.2843E+05  7.7617E+04 -4.8627E-05
 66 1.1156E-01 1.5567E+01 -4.2872E+01 -2.5060E+05  1.4204E+04  2.6481E+05  2.5056E+05  3.2803E+05  7.7469E+04 -1.6190E-04
 67 1.2144E-01 1.5026E+01 -7.5721E+01 -2.5040E+05  1.4865E+04  2.6526E+05  2.5032E+05  3.2762E+05  7.7304E+04 -2.8546E-04
 68 1.3203E-01 1.4494E+01 -1.0648E+02 -2.5020E+05  1.5520E+04  2.6572E+05  2.5010E+05  3.2722E+05  7.7123E+04 -4.0073E-04
 69 1.4337E-01 1.3970E+01 -1.2979E+02 -2.5002E+05  1.6178E+04  2.6620E+05  2.4989E+05  3.2681E+05  7.6924E+04 -4.8758E-04
 70 1.5548E-01 1.3455E+01 -1.3738E+02 -2.4984E+05  1.6846E+04  2.6668E+05  2.4970E+05  3.2641E+05  7.6708E+04 -5.1514E-04
 71 1.6840E-01 1.2948E+01 -1.2300E+02 -2.4964E+05  1.7537E+04  2.6718E+05  2.4952E+05  3.2599E+05  7.6473E+04 -4.6036E-04
 72 1.8217E-01 1.2449E+01 -9.2526E+01 -2.4944E+05  1.8261E+04  2.6770E+05  2.4935E+05  3.2557E+05  7.6221E+04 -3.4563E-04
 73 1.9681E-01 1.1957E+01 -5.5514E+01 -2.4924E+05  1.9030E+04  2.6827E+05  2.4918E+05  3.2513E+05  7.5952E+04 -2.0694E-04
 74 2.1236E-01 1.1473E+01 -1.2030E+01 -2.4902E+05  1.9863E+04  2.6889E+05  2.4901E+05  3.2468E+05  7.5666E+04 -4.4742E-05
 75 2.2885E-01 1.0997E+01  4.4579E+01 -2.4880E+05  2.0795E+04  2.6959E+05  2.4884E+05  3.2420E+05  7.5363E+04  1.6536E-04
 76 2.4632E-01 1.0527E+01  1.0851E+02 -2.4854E+05  2.1880E+04  2.7043E+05  2.4865E+05  3.2370E+05  7.5044E+04  4.0126E-04
 77 2.6478E-01 1.0064E+01  4.0104E+01 -2.4841E+05  2.3093E+04  2.7151E+05  2.4845E+05  3.2316E+05  7.4707E+04  1.4771E-04
 78 2.8427E-01 9.6064E+00 -4.6157E+01 -2.4828E+05  2.4774E+04  2.7305E+05  2.4823E+05  3.2259E+05  7.4354E+04 -1.6904E-04
 79 3.0480E-01 9.1491E+00  3.9612E+02 -2.4757E+05  2.7418E+04  2.7499E+05  2.4796E+05  3.2195E+05  7.3984E+04  1.4405E-03
 80 3.2641E-01 8.6914E+00  1.8267E+03 -2.4577E+05  3.1407E+04  2.7717E+05  2.4759E+05  3.2119E+05  7.3598E+04  6.5904E-03
 81 3.4911E-01 8.2335E+00  4.3475E+03 -2.4272E+05  3.6931E+04  2.7965E+05  2.4707E+05  3.2026E+05  7.3194E+04  1.5546E-02
 82 3.7292E-01 7.7760E+00  7.9549E+03 -2.3839E+05  4.4067E+04  2.8245E+05  2.4634E+05  3.1912E+05  7.2773E+04  2.8163E-02
 83 3.9785E-01 7.3193E+00  1.2483E+04 -2.3290E+05  5.2711E+04  2.8561E+05  2.4538E+05  3.1772E+05  7.2335E+04  4.3708E-02
 84 4.2391E-01 6.8638E+00  1.7686E+04 -2.2647E+05  6.2657E+04  2.8912E+05  2.4415E+05  3.1603E+05  7.1881E+04  6.1171E-02
 85 4.5111E-01 6.4102E+00  2.3347E+04 -2.1928E+05  7.3726E+04  2.9300E+05  2.4262E+05  3.1403E+05  7.1410E+04  7.9684E-02
 86 4.7945E-01 5.9590E+00  2.9200E+04 -2.1156E+05  8.5663E+04  2.9722E+05  2.4076E+05  3.1169E+05  7.0925E+04  9.8243E-02
 87 5.0892E-01 5.5108E+00  3.5092E+04 -2.0349E+05  9.8274E+04  3.0177E+05  2.3859E+05  3.0901E+05  7.0425E+04  1.1629E-01
 88 5.3953E-01 5.0661E+00  4.0989E+04 -1.9516E+05  1.1142E+05  3.0658E+05  2.3615E+05  3.0606E+05  6.9913E+04  1.3370E-01
 89 5.7126E-01 4.6256E+00  4.6919E+04 -1.8657E+05  1.2504E+05  3.1162E+05  2.3349E+05  3.0288E+05  6.9390E+04  1.5057E-01
 90 6.0410E-01 4.1898E+00  5.2804E+04 -1.7783E+05  1.3901E+05  3.1683E+05  2.3063E+05  2.9949E+05  6.8859E+04  1.6666E-01
 91 6.3802E-01 3.7592E+00  5.8560E+04 -1.6903E+05  1.5317E+05  3.2219E+05  2.2759E+05  2.9591E+05  6.8324E+04  1.8175E-01
 92 6.7299E-01 3.3343E+00  6.4184E+04 -1.6021E+05  1.6746E+05  3.2767E+05  2.2440E+05  2.9219E+05  6.7787E+04  1.9588E-01
 93 7.0898E-01 2.9156E+00  6.9588E+04 -1.5151E+05  1.8173E+05  3.3325E+05  2.2110E+05  2.8836E+05  6.7255E+04  2.0882E-01
 94 7.4596E-01 2.5034E+00  7.4543E+04 -1.4319E+05  1.9575E+05  3.3894E+05  2.1773E+05  2.8446E+05  6.6733E+04  2.1993E-01
 95 7.8388E-01 2.0980E+00  7.8961E+04 -1.3534E+05  2.0959E+05  3.4494E+05  2.1431E+05  2.8053E+05  6.6229E+04  2.2891E-01
 96 8.2269E-01 1.6996E+00  8.3027E+04 -1.2780E+05  2.2334E+05  3.5114E+05  2.1082E+05  2.7657E+05  6.5752E+04  2.3645E-01
 97 8.6233E-01 1.3086E+00  8.6874E+04 -1.2047E+05  2.3687E+05  3.5734E+05  2.0735E+05  2.7266E+05  6.5315E+04  2.4311E-01
 98 9.0275E-01 9.2506E-01  9.0797E+04 -1.1309E+05  2.5033E+05  3.6341E+05  2.0388E+05  2.6882E+05  6.4932E+04  2.4984E-01
 99 9.4387E-01 5.4945E-01  9.5170E+04 -1.0524E+05  2.6402E+05  3.6926E+05  2.0041E+05  2.6504E+05  6.4628E+04  2.5773E-01
100 9.8561E-01 1.8198E-01  1.0053E+05 -9.6391E+04  2.7805E+05  3.7444E+05  1.9692E+05  2.6135E+05  6.4434E+04  2.6848E-01
101 1.0279E+00 0.0000E+00  1.0715E+05 -8.6121E+04  2.9075E+05  3.7687E+05  1.9327E+05  2.5770E+05  6.4424E+04  2.8432E-01

