     ALT          P          T          FH2O           O3           THEAT        TCOOL        PSATCO2        FCO2
7.3085E+01  3.2610E-05 2.1336E+02    4.1253E-06    2.9909E-08    3.5144E+01   -5.2131E+01    4.1776E+00    1.9600E-04
7.1994E+01  3.8505E-05 2.1468E+02    4.4309E-06    3.4504E-08    5.0039E+00   -3.5462E+01    4.5699E+00    1.9600E-04
7.0904E+01  4.5410E-05 2.1606E+02    4.7124E-06    4.0847E-08    1.8591E+00   -2.3490E+01    5.0095E+00    1.9600E-04
6.9816E+01  5.3484E-05 2.1748E+02    4.9737E-06    4.9755E-08    1.5171E+00   -1.5429E+01    5.3901E+00    1.9600E-04
6.8730E+01  6.2916E-05 2.1895E+02    5.2038E-06    6.2465E-08    1.5194E+00   -1.0352E+01    5.7392E+00    1.9600E-04
6.7645E+01  7.3917E-05 2.2046E+02    5.4186E-06    8.0028E-08    1.5791E+00   -7.3792E+00    6.1146E+00    1.9600E-04
6.6562E+01  8.6733E-05 2.2200E+02    5.6099E-06    1.0321E-07    1.6717E+00   -5.7373E+00    6.5153E+00    1.9600E-04
6.5479E+01  1.0164E-04 2.2355E+02    5.7777E-06    1.3137E-07    1.7934E+00   -4.8809E+00    6.9406E+00    1.9600E-04
6.4399E+01  1.1896E-04 2.2511E+02    5.9290E-06    1.6337E-07    1.9466E+00   -4.4683E+00    7.3894E+00    1.9600E-04
6.3320E+01  1.3906E-04 2.2668E+02    6.0701E-06    1.9767E-07    2.1139E+00   -4.2915E+00    7.8606E+00    1.9600E-04
6.2242E+01  1.6235E-04 2.2824E+02    6.1907E-06    2.3225E-07    2.2860E+00   -4.2307E+00    8.3534E+00    1.9600E-04
6.1166E+01  1.8930E-04 2.2980E+02    6.2983E-06    2.7107E-07    2.4794E+00   -4.2283E+00    8.8669E+00    1.9600E-04
6.0093E+01  2.2045E-04 2.3135E+02    6.4025E-06    3.1344E-07    2.6918E+00   -4.2579E+00    9.4005E+00    1.9600E-04
5.9021E+01  2.5640E-04 2.3289E+02    6.4882E-06    3.6033E-07    2.9258E+00   -4.3023E+00    9.9540E+00    1.9600E-04
5.7952E+01  2.9783E-04 2.3442E+02    6.5738E-06    4.1387E-07    3.1886E+00   -4.3617E+00    1.0527E+01    1.9600E-04
5.6885E+01  3.4553E-04 2.3594E+02    6.6419E-06    4.7298E-07    3.4724E+00   -4.4286E+00    1.1121E+01    1.9600E-04
5.5820E+01  4.0036E-04 2.3745E+02    6.7057E-06    5.3935E-07    3.7791E+00   -4.5059E+00    1.1735E+01    1.9600E-04
5.4759E+01  4.6330E-04 2.3895E+02    6.7695E-06    6.1234E-07    4.1001E+00   -4.5921E+00    1.2369E+01    1.9600E-04
5.3700E+01  5.3546E-04 2.4045E+02    6.8220E-06    6.9296E-07    4.4309E+00   -4.6818E+00    1.3025E+01    1.9600E-04
5.2644E+01  6.1809E-04 2.4193E+02    6.8742E-06    7.8127E-07    4.7623E+00   -4.7739E+00    1.3703E+01    1.9600E-04
5.1592E+01  7.1256E-04 2.4341E+02    6.9163E-06    8.7948E-07    5.0912E+00   -4.8626E+00    1.4403E+01    1.9600E-04
5.0543E+01  8.2044E-04 2.4489E+02    6.9541E-06    9.8860E-07    5.4077E+00   -4.9459E+00    1.5126E+01    1.9600E-04
4.9497E+01  9.4346E-04 2.4635E+02    6.9851E-06    1.1099E-06    5.7023E+00   -5.0217E+00    1.5872E+01    1.9600E-04
4.8455E+01  1.0836E-03 2.4781E+02    7.0159E-06    1.2508E-06    5.9909E+00   -5.1212E+00    1.6642E+01    1.9600E-04
4.7417E+01  1.2429E-03 2.4927E+02    7.0367E-06    1.4128E-06    6.2500E+00   -5.2353E+00    1.7436E+01    1.9600E-04
4.6382E+01  1.4239E-03 2.5072E+02    7.0574E-06    1.5857E-06    6.4304E+00   -5.3606E+00    1.8254E+01    1.9600E-04
4.5352E+01  1.6292E-03 2.5217E+02    7.0680E-06    1.7971E-06    6.5846E+00   -5.5602E+00    1.9097E+01    1.9600E-04
4.4325E+01  1.8617E-03 2.5370E+02    7.0700E-06    2.0215E-06    6.6323E+00   -5.8370E+00    2.0019E+01    1.9600E-04
4.3303E+01  2.1247E-03 2.5501E+02    7.0600E-06    2.2759E-06    6.5997E+00   -6.0736E+00    2.0834E+01    1.9600E-04
4.2286E+01  2.4218E-03 2.5575E+02    7.0407E-06    2.5687E-06    6.4922E+00   -6.1691E+00    2.1307E+01    1.9600E-04
4.1279E+01  2.7570E-03 2.5578E+02    7.0112E-06    2.8999E-06    6.2955E+00   -6.0962E+00    2.1325E+01    1.9600E-04
4.0282E+01  3.1347E-03 2.5509E+02    6.9720E-06    3.2286E-06    5.9710E+00   -5.8667E+00    2.0887E+01    1.9600E-04
3.9300E+01  3.5595E-03 2.5377E+02    6.9230E-06    3.5625E-06    5.5762E+00   -5.5260E+00    2.0064E+01    1.9600E-04
3.8334E+01  4.0369E-03 2.5194E+02    6.8650E-06    3.8461E-06    5.1161E+00   -5.1132E+00    1.8961E+01    1.9600E-04
3.7385E+01  4.5725E-03 2.4972E+02    6.7908E-06    4.0799E-06    4.6536E+00   -4.6756E+00    1.7687E+01    1.9600E-04
3.6455E+01  5.1727E-03 2.4724E+02    6.7164E-06    4.2628E-06    4.2239E+00   -4.2477E+00    1.6336E+01    1.9600E-04
3.5544E+01  5.8443E-03 2.4460E+02    6.6294E-06    4.3946E-06    3.8369E+00   -3.8580E+00    1.4982E+01    1.9600E-04
3.4653E+01  6.5947E-03 2.4188E+02    6.5403E-06    4.4877E-06    3.4959E+00   -3.5140E+00    1.3677E+01    1.9600E-04
3.3781E+01  7.4322E-03 2.3916E+02    6.4531E-06    4.5575E-06    3.1959E+00   -3.2112E+00    1.2458E+01    1.9600E-04
3.2929E+01  8.3654E-03 2.3651E+02    6.3513E-06    4.5929E-06    2.9207E+00   -2.9374E+00    1.1347E+01    1.9600E-04
3.2094E+01  9.4039E-03 2.3398E+02    6.2612E-06    4.6000E-06    2.6657E+00   -2.6876E+00    1.0360E+01    1.9600E-04
3.1278E+01  1.0558E-02 2.3164E+02    6.1633E-06    4.5905E-06    2.4295E+00   -2.4804E+00    9.5007E+00    1.9600E-04
3.0478E+01  1.1839E-02 2.2950E+02    6.0673E-06    4.5436E-06    2.2039E+00   -2.2414E+00    8.7662E+00    1.9600E-04
2.9694E+01  1.3259E-02 2.2759E+02    5.9732E-06    4.4732E-06    1.9936E+00   -2.0196E+00    8.1440E+00    1.9600E-04
2.8925E+01  1.4830E-02 2.2588E+02    5.8809E-06    4.3744E-06    1.7988E+00   -1.8158E+00    7.6186E+00    1.9600E-04
2.8171E+01  1.6566E-02 2.2437E+02    5.7904E-06    4.2456E-06    1.6207E+00   -1.6310E+00    7.1741E+00    1.9600E-04
2.7430E+01  1.8482E-02 2.2303E+02    5.7015E-06    4.0992E-06    1.4628E+00   -1.4663E+00    6.7956E+00    1.9600E-04
2.6702E+01  2.0594E-02 2.2183E+02    5.6141E-06    3.9272E-06    1.3229E+00   -1.3221E+00    6.4697E+00    1.9600E-04
2.5986E+01  2.2919E-02 2.2074E+02    5.5282E-06    3.7407E-06    1.2016E+00   -1.1977E+00    6.1853E+00    1.9600E-04
2.5282E+01  2.5473E-02 2.1974E+02    5.4344E-06    3.5487E-06    1.0972E+00   -1.0904E+00    5.9334E+00    1.9600E-04
2.4590E+01  2.8277E-02 2.1882E+02    5.3506E-06    3.3411E-06    1.0045E+00   -9.9779E-01    5.7070E+00    1.9600E-04
2.3909E+01  3.1350E-02 2.1796E+02    5.2689E-06    3.1298E-06    9.2183E-01   -9.1571E-01    5.5013E+00    1.9600E-04
2.3239E+01  3.4713E-02 2.1715E+02    5.1786E-06    2.9161E-06    8.4612E-01   -8.4025E-01    5.3128E+00    1.9600E-04
2.2579E+01  3.8388E-02 2.1638E+02    5.0994E-06    2.7007E-06    7.7495E-01   -7.7018E-01    5.1185E+00    1.9600E-04
2.1931E+01  4.2399E-02 2.1566E+02    5.0216E-06    2.4801E-06    7.0623E-01   -7.0442E-01    4.8791E+00    1.9600E-04
2.1293E+01  4.6770E-02 2.1499E+02    4.9359E-06    2.2639E-06    6.4065E-01   -6.4152E-01    4.6644E+00    1.9600E-04
2.0665E+01  5.1526E-02 2.1437E+02    4.8597E-06    2.0599E-06    5.7891E-01   -5.8095E-01    4.4735E+00    1.9600E-04
2.0047E+01  5.6695E-02 2.1380E+02    4.7855E-06    1.8489E-06    5.1842E-01   -5.2364E-01    4.3053E+00    1.9600E-04
1.9439E+01  6.2304E-02 2.1329E+02    4.7125E-06    1.6420E-06    4.6090E-01   -4.6834E-01    4.1589E+00    1.9600E-04
1.8840E+01  6.8381E-02 2.1284E+02    4.6407E-06    1.4392E-06    4.0700E-01   -4.1501E-01    4.0324E+00    1.9600E-04
1.8251E+01  7.4957E-02 2.1244E+02    4.5801E-06    1.2502E-06    3.5829E-01   -3.6339E-01    3.9232E+00    1.9600E-04
1.7671E+01  8.2061E-02 2.1209E+02    4.5220E-06    1.0658E-06    3.1370E-01   -3.1620E-01    3.8280E+00    1.9600E-04
1.7101E+01  8.9725E-02 2.1176E+02    4.4649E-06    9.0096E-07    2.7497E-01   -2.7277E-01    3.7433E+00    1.9600E-04
1.6539E+01  9.7982E-02 2.1146E+02    4.4130E-06    7.4519E-07    2.4051E-01   -2.3754E-01    3.6659E+00    1.9600E-04
1.5986E+01  1.0686E-01 2.1117E+02    4.3741E-06    6.0554E-07    2.0967E-01   -1.8619E-01    3.5928E+00    1.9600E-04
1.5442E+01  1.1640E-01 2.1089E+02    4.3415E-06    4.8390E-07    1.8328E-01   -1.6255E-01    3.5232E+00    1.9600E-04
1.4906E+01  1.2664E-01 2.1063E+02    4.3093E-06    3.8046E-07    1.6126E-01   -1.4636E-01    3.4598E+00    1.9600E-04
1.4380E+01  1.3759E-01 2.1041E+02    4.2852E-06    2.9437E-07    1.4308E-01   -1.3676E-01    3.4071E+00    1.9600E-04
1.3862E+01  1.4931E-01 2.1026E+02    4.2645E-06    2.2237E-07    1.2801E-01   -1.3279E-01    3.3713E+00    1.9600E-04
1.3352E+01  1.6182E-01 2.1021E+02    4.2441E-06    1.6472E-07    1.1597E-01   -1.3134E-01    3.3585E+00    1.9600E-04
1.2851E+01  1.7516E-01 2.1027E+02    4.2400E-06    1.2547E-07    1.0736E-01   -1.2768E-01    3.3738E+00    1.9600E-04
1.2357E+01  1.8936E-01 2.1048E+02    4.2321E-06    9.9576E-08    1.0137E-01   -1.2146E-01    3.4225E+00    1.9600E-04
1.1870E+01  2.0445E-01 2.1078E+02    4.3887E-06    8.0637E-08    9.7762E-02   -1.1607E-01    3.4971E+00    1.9600E-04
1.1391E+01  2.2047E-01 2.1120E+02    5.0013E-06    6.6790E-08    9.7358E-02   -1.1896E-01    3.6013E+00    1.9600E-04
1.0919E+01  2.3744E-01 2.1174E+02    5.9131E-06    5.8361E-08    9.9267E-02   -1.1339E-01    3.7380E+00    1.9600E-04
1.0453E+01  2.5540E-01 2.1231E+02    6.9107E-06    5.3407E-08    1.0206E-01   -5.6376E-02    3.8883E+00    1.9600E-04
9.9948E+00  2.7437E-01 2.1310E+02    7.7216E-06    4.9935E-08    1.0496E-01   -6.8976E-02    4.1053E+00    1.9600E-04
9.5402E+00  2.9438E-01 2.1621E+02    1.1740E-05    4.7017E-08    1.2213E-01   -3.2936E-01    5.0612E+00    1.9600E-04
9.0860E+00  3.1545E-01 2.2055E+02    2.0620E-05    4.4395E-08    1.5754E-01   -7.3429E-01    6.1375E+00    1.9600E-04
8.6313E+00  3.3760E-01 2.2487E+02    3.5324E-05    4.1942E-08    2.0707E-01   -1.1545E+00    7.3176E+00    1.9600E-04
8.1765E+00  3.6085E-01 2.2914E+02    5.8989E-05    3.9506E-08    2.6812E-01   -1.5470E+00    8.6461E+00    1.9600E-04
7.7220E+00  3.8521E-01 2.3335E+02    9.5958E-05    3.7155E-08    3.3550E-01   -1.8583E+00    1.0123E+01    1.9600E-04
7.2683E+00  4.1070E-01 2.3747E+02    1.5193E-04    3.4888E-08    4.0601E-01   -2.0720E+00    1.1742E+01    1.9600E-04
6.8160E+00  4.3733E-01 2.4148E+02    2.3393E-04    3.2707E-08    4.8192E-01   -2.2137E+00    1.3492E+01    1.9600E-04
6.3655E+00  4.6510E-01 2.4534E+02    3.5010E-04    3.0616E-08    5.5980E-01   -2.2741E+00    1.5357E+01    1.9600E-04
5.9173E+00  4.9401E-01 2.4905E+02    5.0920E-04    2.8617E-08    6.2628E-01   -2.2828E+00    1.7314E+01    1.9600E-04
5.4722E+00  5.2405E-01 2.5258E+02    7.2006E-04    2.6655E-08    6.7386E-01   -2.2683E+00    1.9342E+01    1.9600E-04
5.0306E+00  5.5522E-01 2.5592E+02    9.9097E-04    2.4802E-08    7.0792E-01   -2.2526E+00    2.1418E+01    1.9600E-04
4.5931E+00  5.8750E-01 2.5907E+02    1.3293E-03    2.3053E-08    7.3532E-01   -2.2138E+00    2.3521E+01    1.9600E-04
4.1604E+00  6.2088E-01 2.6204E+02    1.7413E-03    2.1366E-08    7.5630E-01   -2.1535E+00    2.5635E+01    1.9600E-04
3.7328E+00  6.5533E-01 2.6483E+02    2.2319E-03    1.9839E-08    7.6803E-01   -2.0898E+00    2.7746E+01    1.9600E-04
3.3109E+00  6.9081E-01 2.6745E+02    2.8050E-03    1.8399E-08    7.7046E-01   -2.0007E+00    2.9844E+01    1.9600E-04
2.8951E+00  7.2730E-01 2.6992E+02    3.4635E-03    1.7049E-08    7.6657E-01   -1.8590E+00    3.1921E+01    1.9600E-04
2.4858E+00  7.6476E-01 2.7223E+02    4.2092E-03    1.5900E-08    7.5939E-01   -1.7087E+00    3.3972E+01    1.9600E-04
2.0833E+00  8.0312E-01 2.7459E+02    5.1108E-03    1.4889E-08    7.5486E-01   -1.6109E+00    3.6151E+01    1.9600E-04
1.6877E+00  8.4236E-01 2.7688E+02    6.0122E-03    1.3971E-08    7.3674E-01   -1.5265E+00    3.8377E+01    1.9600E-04
1.2994E+00  8.8239E-01 2.7908E+02    7.0091E-03    1.3195E-08    7.1987E-01   -1.5118E+00    4.0605E+01    1.9600E-04
9.1855E-01  9.2316E-01 2.8117E+02    8.1252E-03    1.2564E-08    7.0915E-01   -1.5778E+00    4.2807E+01    1.9600E-04
5.4558E-01  9.6460E-01 2.8316E+02    9.1915E-03    1.2051E-08    7.0153E-01   -1.7535E+00    4.4986E+01    1.9600E-04
1.8070E-01  1.0066E+00 2.8506E+02    1.0558E-02    1.1619E-08    7.2311E-01   -2.0101E+00    4.7149E+01    1.9600E-04
0.0000E+00  1.0280E+00 2.8601E+02    1.1241E-02    1.1700E-08    7.9496E+00   -3.5484E+00    4.8259E+01    1.9600E-04
