     ALT          P          T          FH2O           O3           THEAT        TCOOL        PSATCO2        FCO2
7.2506E+01  3.2610E-05 2.0781E+02    3.5408E-06    2.0825E-08    3.4606E+01   -4.3974E+01    2.8311E+00    1.8900E-04
7.1440E+01  3.8505E-05 2.0917E+02    3.8609E-06    2.3125E-08    5.0631E+00   -3.0502E+01    3.1213E+00    1.8900E-04
7.0375E+01  4.5410E-05 2.1057E+02    4.1632E-06    2.6075E-08    1.7503E+00   -2.0591E+01    3.4461E+00    1.8900E-04
6.9312E+01  5.3484E-05 2.1202E+02    4.4426E-06    3.0214E-08    1.3395E+00   -1.3735E+01    3.8107E+00    1.8900E-04
6.8249E+01  6.2916E-05 2.1350E+02    4.7091E-06    3.5878E-08    1.2976E+00   -9.3043E+00    4.2182E+00    1.8900E-04
6.7188E+01  7.3917E-05 2.1501E+02    4.9426E-06    4.3918E-08    1.3049E+00   -6.6269E+00    4.6713E+00    1.8900E-04
6.6128E+01  8.6732E-05 2.1654E+02    5.1610E-06    5.5064E-08    1.3324E+00   -5.1147E+00    5.1723E+00    1.8900E-04
6.5070E+01  1.0164E-04 2.1808E+02    5.3516E-06    7.0553E-08    1.3851E+00   -4.3029E+00    5.5299E+00    1.8900E-04
6.4013E+01  1.1896E-04 2.1963E+02    5.5273E-06    9.0898E-08    1.4742E+00   -3.8973E+00    5.9046E+00    1.8900E-04
6.2957E+01  1.3906E-04 2.2118E+02    5.6805E-06    1.1581E-07    1.5906E+00   -3.7111E+00    6.2988E+00    1.8900E-04
6.1902E+01  1.6235E-04 2.2272E+02    5.8213E-06    1.4351E-07    1.7250E+00   -3.6393E+00    6.7119E+00    1.8900E-04
6.0849E+01  1.8930E-04 2.2427E+02    5.9498E-06    1.7305E-07    1.8715E+00   -3.6244E+00    7.1437E+00    1.8900E-04
5.9798E+01  2.2045E-04 2.2580E+02    6.0649E-06    2.0442E-07    2.0287E+00   -3.6373E+00    7.5938E+00    1.8900E-04
5.8749E+01  2.5640E-04 2.2733E+02    6.1698E-06    2.3794E-07    2.1977E+00   -3.6652E+00    8.0622E+00    1.8900E-04
5.7702E+01  2.9783E-04 2.2885E+02    6.2636E-06    2.7567E-07    2.3869E+00   -3.7030E+00    8.5490E+00    1.8900E-04
5.6658E+01  3.4552E-04 2.3036E+02    6.3472E-06    3.1769E-07    2.5955E+00   -3.7482E+00    9.0544E+00    1.8900E-04
5.5616E+01  4.0035E-04 2.3186E+02    6.4279E-06    3.6447E-07    2.8239E+00   -3.8016E+00    9.5788E+00    1.8900E-04
5.4576E+01  4.6329E-04 2.3335E+02    6.5003E-06    4.1812E-07    3.0773E+00   -3.8609E+00    1.0123E+01    1.8900E-04
5.3539E+01  5.3545E-04 2.3484E+02    6.5626E-06    4.7735E-07    3.3457E+00   -3.9237E+00    1.0687E+01    1.8900E-04
5.2505E+01  6.1808E-04 2.3632E+02    6.6198E-06    5.4285E-07    3.6251E+00   -3.9892E+00    1.1271E+01    1.8900E-04
5.1474E+01  7.1255E-04 2.3779E+02    6.6710E-06    6.1510E-07    3.9100E+00   -4.0546E+00    1.1876E+01    1.8900E-04
5.0446E+01  8.2043E-04 2.3926E+02    6.7221E-06    6.9560E-07    4.1967E+00   -4.1176E+00    1.2502E+01    1.8900E-04
4.9421E+01  9.4345E-04 2.4073E+02    6.7631E-06    7.8491E-07    4.4757E+00   -4.1745E+00    1.3150E+01    1.8900E-04
4.8399E+01  1.0835E-03 2.4219E+02    6.8040E-06    8.8439E-07    4.7459E+00   -4.2472E+00    1.3820E+01    1.8900E-04
4.7382E+01  1.2429E-03 2.4364E+02    6.8347E-06    9.9519E-07    4.9957E+00   -4.3251E+00    1.4513E+01    1.8900E-04
4.6367E+01  1.4239E-03 2.4509E+02    6.8653E-06    1.1256E-06    5.2303E+00   -4.4112E+00    1.5228E+01    1.8900E-04
4.5357E+01  1.6291E-03 2.4653E+02    6.8879E-06    1.2725E-06    5.4240E+00   -4.5204E+00    1.5966E+01    1.8900E-04
4.4350E+01  1.8616E-03 2.4798E+02    6.9000E-06    1.4415E-06    5.5753E+00   -4.6934E+00    1.6729E+01    1.8900E-04
4.3348E+01  2.1246E-03 2.4947E+02    6.9100E-06    1.6300E-06    5.6652E+00   -4.9485E+00    1.7546E+01    1.8900E-04
4.2349E+01  2.4218E-03 2.5085E+02    6.9100E-06    1.8557E-06    5.7166E+00   -5.2084E+00    1.8326E+01    1.8900E-04
4.1356E+01  2.7570E-03 2.5179E+02    6.8921E-06    2.1197E-06    5.7036E+00   -5.3729E+00    1.8873E+01    1.8900E-04
4.0370E+01  3.1346E-03 2.5209E+02    6.8724E-06    2.4107E-06    5.5905E+00   -5.3938E+00    1.9050E+01    1.8900E-04
3.9395E+01  3.5595E-03 2.5170E+02    6.8358E-06    2.7399E-06    5.3963E+00   -5.2725E+00    1.8820E+01    1.8900E-04
3.8432E+01  4.0368E-03 2.5065E+02    6.7909E-06    3.0773E-06    5.1055E+00   -5.0308E+00    1.8213E+01    1.8900E-04
3.7484E+01  4.5724E-03 2.4904E+02    6.7340E-06    3.3892E-06    4.7366E+00   -4.7010E+00    1.7306E+01    1.8900E-04
3.6553E+01  5.1726E-03 2.4698E+02    6.6641E-06    3.6509E-06    4.3330E+00   -4.3270E+00    1.6197E+01    1.8900E-04
3.5640E+01  5.8441E-03 2.4459E+02    6.5889E-06    3.8520E-06    3.9364E+00   -3.9503E+00    1.4980E+01    1.8900E-04
3.4746E+01  6.5946E-03 2.4201E+02    6.4995E-06    4.0006E-06    3.5738E+00   -3.5959E+00    1.3738E+01    1.8900E-04
3.3871E+01  7.4320E-03 2.3934E+02    6.4119E-06    4.0980E-06    3.2467E+00   -3.2735E+00    1.2535E+01    1.8900E-04
3.3015E+01  8.3652E-03 2.3668E+02    6.3263E-06    4.1542E-06    2.9522E+00   -2.9821E+00    1.1415E+01    1.8900E-04
3.2178E+01  9.4037E-03 2.3410E+02    6.2311E-06    4.1800E-06    2.6852E+00   -2.7177E+00    1.0406E+01    1.8900E-04
3.1358E+01  1.0558E-02 2.3169E+02    6.1406E-06    4.1800E-06    2.4393E+00   -2.4983E+00    9.5202E+00    1.8900E-04
3.0556E+01  1.1839E-02 2.2948E+02    6.0465E-06    4.1482E-06    2.2081E+00   -2.2509E+00    8.7595E+00    1.8900E-04
2.9770E+01  1.3258E-02 2.2749E+02    5.9522E-06    4.0915E-06    1.9930E+00   -2.0231E+00    8.1136E+00    1.8900E-04
2.9000E+01  1.4829E-02 2.2572E+02    5.8597E-06    4.0096E-06    1.7944E+00   -1.8151E+00    7.5682E+00    1.8900E-04
2.8243E+01  1.6565E-02 2.2414E+02    5.7690E-06    3.9087E-06    1.6149E+00   -1.6273E+00    7.1078E+00    1.8900E-04
2.7501E+01  1.8482E-02 2.2274E+02    5.6798E-06    3.7897E-06    1.4550E+00   -1.4604E+00    6.7173E+00    1.8900E-04
2.6772E+01  2.0594E-02 2.2150E+02    5.5924E-06    3.6539E-06    1.3146E+00   -1.3144E+00    6.3833E+00    1.8900E-04
2.6055E+01  2.2918E-02 2.2038E+02    5.4963E-06    3.5063E-06    1.1930E+00   -1.1884E+00    6.0943E+00    1.8900E-04
2.5350E+01  2.5472E-02 2.1937E+02    5.4117E-06    3.3432E-06    1.0873E+00   -1.0813E+00    5.8411E+00    1.8900E-04
2.4657E+01  2.8276E-02 2.1844E+02    5.3266E-06    3.1749E-06    9.9575E-01   -9.8931E-01    5.6167E+00    1.8900E-04
2.3975E+01  3.1349E-02 2.1759E+02    5.2367E-06    2.9973E-06    9.1432E-01   -9.0860E-01    5.4159E+00    1.8900E-04
2.3304E+01  3.4712E-02 2.1680E+02    5.1473E-06    2.8233E-06    8.4165E-01   -8.3550E-01    5.2351E+00    1.8900E-04
2.2644E+01  3.8387E-02 2.1607E+02    5.0670E-06    2.6391E-06    7.7314E-01   -7.6834E-01    5.0157E+00    1.8900E-04
2.1994E+01  4.2397E-02 2.1540E+02    4.9838E-06    2.4569E-06    7.0860E-01   -7.0467E-01    4.7951E+00    1.8900E-04
2.1355E+01  4.6768E-02 2.1478E+02    4.9023E-06    2.2701E-06    6.4617E-01   -6.4436E-01    4.6001E+00    1.8900E-04
2.0725E+01  5.1525E-02 2.1422E+02    4.8168E-06    2.0818E-06    5.8581E-01   -5.8657E-01    4.4291E+00    1.8900E-04
2.0106E+01  5.6693E-02 2.1372E+02    4.7424E-06    1.8951E-06    5.2801E-01   -5.3096E-01    4.2806E+00    1.8900E-04
1.9496E+01  6.2302E-02 2.1327E+02    4.6693E-06    1.7064E-06    4.7246E-01   -4.7680E-01    4.1530E+00    1.8900E-04
1.8896E+01  6.8379E-02 2.1288E+02    4.5972E-06    1.5145E-06    4.1928E-01   -4.2423E-01    4.0441E+00    1.8900E-04
1.8305E+01  7.4954E-02 2.1254E+02    4.5263E-06    1.3262E-06    3.6987E-01   -3.7293E-01    3.9507E+00    1.8900E-04
1.7723E+01  8.2058E-02 2.1224E+02    4.4671E-06    1.1508E-06    3.2561E-01   -3.2298E-01    3.8689E+00    1.8900E-04
1.7150E+01  8.9722E-02 2.1196E+02    4.4098E-06    9.7890E-07    2.8509E-01   -2.7784E-01    3.7947E+00    1.8900E-04
1.6586E+01  9.7979E-02 2.1169E+02    4.3567E-06    8.1760E-07    2.4895E-01   -2.3902E-01    3.7241E+00    1.8900E-04
1.6031E+01  1.0686E-01 2.1141E+02    4.3123E-06    6.6842E-07    2.1600E-01   -1.8492E-01    3.6537E+00    1.8900E-04
1.5484E+01  1.1640E-01 2.1113E+02    4.2740E-06    5.3615E-07    1.8744E-01   -1.5798E-01    3.5826E+00    1.8900E-04
1.4947E+01  1.2663E-01 2.1085E+02    4.2417E-06    4.2242E-07    1.6347E-01   -1.3904E-01    3.5135E+00    1.8900E-04
1.4418E+01  1.3759E-01 2.1060E+02    4.2100E-06    3.2782E-07    1.4366E-01   -1.2677E-01    3.4517E+00    1.8900E-04
1.3898E+01  1.4931E-01 2.1040E+02    4.1929E-06    2.4768E-07    1.2714E-01   -1.2183E-01    3.4043E+00    1.8900E-04
1.3387E+01  1.6182E-01 2.1029E+02    4.1754E-06    1.8254E-07    1.1378E-01   -1.2070E-01    3.3786E+00    1.8900E-04
1.2883E+01  1.7515E-01 2.1030E+02    4.1627E-06    1.3680E-07    1.0403E-01   -1.1767E-01    3.3804E+00    1.8900E-04
1.2388E+01  1.8935E-01 2.1044E+02    4.1527E-06    1.0680E-07    9.7314E-02   -1.1110E-01    3.4136E+00    1.8900E-04
1.1900E+01  2.0445E-01 2.1072E+02    4.2890E-06    8.5310E-08    9.3172E-02   -1.0794E-01    3.4808E+00    1.8900E-04
1.1420E+01  2.2046E-01 2.1111E+02    4.8509E-06    6.9583E-08    9.2283E-02   -1.1184E-01    3.5768E+00    1.8900E-04
1.0946E+01  2.3743E-01 2.1161E+02    5.7730E-06    5.9917E-08    9.4005E-02   -1.0690E-01    3.7030E+00    1.8900E-04
1.0480E+01  2.5539E-01 2.1214E+02    6.7512E-06    5.4257E-08    9.5437E-02   -3.1358E-02    3.8424E+00    1.8900E-04
1.0020E+01  2.7436E-01 2.1274E+02    7.3556E-06    5.0418E-08    9.8824E-02   -5.1962E-02    4.0055E+00    1.8900E-04
9.5650E+00  2.9437E-01 2.1608E+02    1.1549E-05    4.7293E-08    1.1698E-01   -3.3325E-01    5.0192E+00    1.8900E-04
9.1097E+00  3.1543E-01 2.2043E+02    2.0296E-05    4.4439E-08    1.5231E-01   -7.3288E-01    6.1054E+00    1.8900E-04
8.6539E+00  3.3758E-01 2.2474E+02    3.4790E-05    4.1728E-08    2.0155E-01   -1.1495E+00    7.2809E+00    1.8900E-04
8.1980E+00  3.6083E-01 2.2902E+02    5.8133E-05    3.9112E-08    2.6229E-01   -1.5392E+00    8.6047E+00    1.8900E-04
7.7424E+00  3.8519E-01 2.3323E+02    9.4629E-05    3.6661E-08    3.2940E-01   -1.8491E+00    1.0077E+01    1.8900E-04
7.2876E+00  4.1069E-01 2.3735E+02    1.4993E-04    3.4290E-08    3.9960E-01   -2.0619E+00    1.1691E+01    1.8900E-04
6.8341E+00  4.3731E-01 2.4136E+02    2.3102E-04    3.2009E-08    4.7509E-01   -2.2035E+00    1.3438E+01    1.8900E-04
6.3824E+00  4.6508E-01 2.4523E+02    3.4602E-04    2.9818E-08    5.5282E-01   -2.2648E+00    1.5298E+01    1.8900E-04
5.9332E+00  4.9399E-01 2.4894E+02    5.0367E-04    2.7787E-08    6.1946E-01   -2.2741E+00    1.7253E+01    1.8900E-04
5.4869E+00  5.2403E-01 2.5247E+02    7.1279E-04    2.5820E-08    6.6729E-01   -2.2605E+00    1.9279E+01    1.8900E-04
5.0442E+00  5.5520E-01 2.5582E+02    9.8170E-04    2.3914E-08    7.0148E-01   -2.2455E+00    2.1353E+01    1.8900E-04
4.6056E+00  5.8748E-01 2.5898E+02    1.3178E-03    2.2135E-08    7.2899E-01   -2.2080E+00    2.3456E+01    1.8900E-04
4.1717E+00  6.2085E-01 2.6195E+02    1.7273E-03    2.0508E-08    7.5015E-01   -2.1488E+00    2.5569E+01    1.8900E-04
3.7429E+00  6.5530E-01 2.6474E+02    2.2154E-03    1.8975E-08    7.6212E-01   -2.0861E+00    2.7680E+01    1.8900E-04
3.3199E+00  6.9078E-01 2.6737E+02    2.7857E-03    1.7528E-08    7.6479E-01   -1.9985E+00    2.9778E+01    1.8900E-04
2.9030E+00  7.2727E-01 2.6984E+02    3.4413E-03    1.6245E-08    7.6109E-01   -1.8585E+00    3.1855E+01    1.8900E-04
2.4926E+00  7.6472E-01 2.7216E+02    4.1839E-03    1.5063E-08    7.5411E-01   -1.7093E+00    3.3906E+01    1.8900E-04
2.0890E+00  8.0309E-01 2.7452E+02    5.0838E-03    1.4036E-08    7.4997E-01   -1.6121E+00    3.6085E+01    1.8900E-04
1.6923E+00  8.4232E-01 2.7682E+02    5.9862E-03    1.3181E-08    7.3231E-01   -1.5274E+00    3.8310E+01    1.8900E-04
1.3029E+00  8.8235E-01 2.7902E+02    6.9746E-03    1.2402E-08    7.1504E-01   -1.5100E+00    4.0537E+01    1.8900E-04
9.2107E-01  9.2312E-01 2.8111E+02    8.0918E-03    1.1768E-08    7.0468E-01   -1.5757E+00    4.2738E+01    1.8900E-04
5.4708E-01  9.6456E-01 2.8310E+02    9.1569E-03    1.1294E-08    6.9713E-01   -1.7501E+00    4.4916E+01    1.8900E-04
1.8120E-01  1.0066E+00 2.8500E+02    1.0515E-02    1.0933E-08    7.1844E-01   -2.0047E+00    4.7078E+01    1.8900E-04
0.0000E+00  1.0280E+00 2.8595E+02    1.1199E-02    1.1000E-08    7.9630E+00   -3.5540E+00    4.8188E+01    1.8900E-04
