     ALT          P          T          FH2O           O3           THEAT        TCOOL        PSATCO2        FCO2
7.1850E+01  3.2610E-05 2.0820E+02    2.1935E-06    2.7023E-08    3.4728E+01   -4.3988E+01    2.9120E+00    1.9100E-04
7.0781E+01  3.8507E-05 2.0956E+02    2.4049E-06    2.9581E-08    5.0037E+00   -3.0026E+01    3.2079E+00    1.9100E-04
6.9712E+01  4.5412E-05 2.1095E+02    2.6036E-06    3.3035E-08    1.7411E+00   -1.9852E+01    3.5386E+00    1.9100E-04
6.8646E+01  5.3489E-05 2.1239E+02    2.7826E-06    3.7853E-08    1.3456E+00   -1.2839E+01    3.9091E+00    1.9100E-04
6.7580E+01  6.2923E-05 2.1386E+02    2.9516E-06    4.4473E-08    1.3082E+00   -8.3510E+00    4.3225E+00    1.9100E-04
6.6516E+01  7.3927E-05 2.1536E+02    3.1053E-06    5.3876E-08    1.3209E+00   -5.6687E+00    4.7814E+00    1.9100E-04
6.5453E+01  8.6746E-05 2.1687E+02    3.2468E-06    6.6993E-08    1.3572E+00   -4.1807E+00    5.2507E+00    1.9100E-04
6.4391E+01  1.0166E-04 2.1840E+02    3.3731E-06    8.5240E-08    1.4238E+00   -3.4189E+00    5.6063E+00    1.9100E-04
6.3331E+01  1.1899E-04 2.1993E+02    3.4811E-06    1.0964E-07    1.5342E+00   -3.0625E+00    5.9814E+00    1.9100E-04
6.2272E+01  1.3909E-04 2.2147E+02    3.5861E-06    1.3978E-07    1.6794E+00   -2.9348E+00    6.3755E+00    1.9100E-04
6.1215E+01  1.6239E-04 2.2300E+02    3.6708E-06    1.7433E-07    1.8504E+00   -2.9199E+00    6.7882E+00    1.9100E-04
6.0160E+01  1.8935E-04 2.2453E+02    3.7545E-06    2.0998E-07    2.0308E+00   -2.9688E+00    7.2191E+00    1.9100E-04
5.9106E+01  2.2052E-04 2.2605E+02    3.8282E-06    2.4758E-07    2.2216E+00   -3.0498E+00    7.6678E+00    1.9100E-04
5.8055E+01  2.5648E-04 2.2756E+02    3.8987E-06    2.8769E-07    2.4248E+00   -3.1527E+00    8.1345E+00    1.9100E-04
5.7005E+01  2.9793E-04 2.2906E+02    3.9612E-06    3.3106E-07    2.6427E+00   -3.2683E+00    8.6192E+00    1.9100E-04
5.5958E+01  3.4565E-04 2.3055E+02    4.0135E-06    3.7910E-07    2.8802E+00   -3.3928E+00    9.1222E+00    1.9100E-04
5.4914E+01  4.0051E-04 2.3204E+02    4.0605E-06    4.3348E-07    3.1416E+00   -3.5259E+00    9.6440E+00    1.9100E-04
5.3872E+01  4.6349E-04 2.3352E+02    4.1119E-06    4.9359E-07    3.4207E+00   -3.6672E+00    1.0185E+01    1.9100E-04
5.2833E+01  5.3569E-04 2.3499E+02    4.1531E-06    5.6109E-07    3.7174E+00   -3.8087E+00    1.0746E+01    1.9100E-04
5.1797E+01  6.1836E-04 2.3646E+02    4.1843E-06    6.3489E-07    4.0199E+00   -3.9463E+00    1.1327E+01    1.9100E-04
5.0764E+01  7.1290E-04 2.3792E+02    4.2177E-06    7.1692E-07    4.3264E+00   -4.0802E+00    1.1929E+01    1.9100E-04
4.9734E+01  8.2084E-04 2.3938E+02    4.2481E-06    8.0808E-07    4.6290E+00   -4.2043E+00    1.2552E+01    1.9100E-04
4.8707E+01  9.4395E-04 2.4083E+02    4.2685E-06    9.0897E-07    4.9171E+00   -4.3136E+00    1.3197E+01    1.9100E-04
4.7684E+01  1.0841E-03 2.4228E+02    4.2888E-06    1.0229E-06    5.1958E+00   -4.4341E+00    1.3864E+01    1.9100E-04
4.6664E+01  1.2436E-03 2.4372E+02    4.3091E-06    1.1533E-06    5.4540E+00   -4.5539E+00    1.4553E+01    1.9100E-04
4.5648E+01  1.4247E-03 2.4516E+02    4.3192E-06    1.2946E-06    5.6564E+00   -4.6710E+00    1.5266E+01    1.9100E-04
4.4636E+01  1.6301E-03 2.4660E+02    4.3200E-06    1.4647E-06    5.8403E+00   -4.8171E+00    1.6002E+01    1.9100E-04
4.3628E+01  1.8628E-03 2.4806E+02    4.3200E-06    1.6636E-06    5.9823E+00   -5.0297E+00    1.6775E+01    1.9100E-04
4.2624E+01  2.1260E-03 2.4952E+02    4.3100E-06    1.8818E-06    6.0441E+00   -5.2786E+00    1.7572E+01    1.9100E-04
4.1624E+01  2.4234E-03 2.5065E+02    4.2816E-06    2.1574E-06    6.0844E+00   -5.4710E+00    1.8212E+01    1.9100E-04
4.0631E+01  2.7589E-03 2.5118E+02    4.2522E-06    2.4796E-06    6.0472E+00   -5.5395E+00    1.8520E+01    1.9100E-04
3.9648E+01  3.1368E-03 2.5101E+02    4.2047E-06    2.8475E-06    5.9131E+00   -5.4643E+00    1.8420E+01    1.9100E-04
3.8676E+01  3.5621E-03 2.5011E+02    4.1492E-06    3.2677E-06    5.6942E+00   -5.2576E+00    1.7907E+01    1.9100E-04
3.7719E+01  4.0398E-03 2.4854E+02    4.0834E-06    3.6910E-06    5.3690E+00   -4.9308E+00    1.7034E+01    1.9100E-04
3.6779E+01  4.5759E-03 2.4638E+02    4.0091E-06    4.0831E-06    4.9743E+00   -4.5254E+00    1.5889E+01    1.9100E-04
3.5858E+01  5.1767E-03 2.4376E+02    3.9229E-06    4.4137E-06    4.5563E+00   -4.0833E+00    1.4572E+01    1.9100E-04
3.4957E+01  5.8489E-03 2.4080E+02    3.8331E-06    4.6736E-06    4.1538E+00   -3.6430E+00    1.3182E+01    1.9100E-04
3.4077E+01  6.6000E-03 2.3760E+02    3.7377E-06    4.8645E-06    3.7827E+00   -3.2291E+00    1.1797E+01    1.9100E-04
3.3217E+01  7.4382E-03 2.3430E+02    3.6380E-06    5.0018E-06    3.4468E+00   -2.8521E+00    1.0481E+01    1.9100E-04
3.2380E+01  8.3724E-03 2.3100E+02    3.5495E-06    5.0852E-06    3.1358E+00   -2.5123E+00    9.2763E+00    1.9100E-04
3.1562E+01  9.4120E-03 2.2779E+02    3.4534E-06    5.1100E-06    2.8412E+00   -2.2068E+00    8.2096E+00    1.9100E-04
3.0765E+01  1.0567E-02 2.2478E+02    3.3597E-06    5.0865E-06    2.5638E+00   -1.9526E+00    7.2930E+00    1.9100E-04
2.9987E+01  1.1849E-02 2.2203E+02    3.2770E-06    5.0170E-06    2.3032E+00   -1.6848E+00    6.5240E+00    1.9100E-04
2.9226E+01  1.3271E-02 2.1957E+02    3.1889E-06    4.8948E-06    2.0586E+00   -1.4457E+00    5.8896E+00    1.9100E-04
2.8482E+01  1.4843E-02 2.1740E+02    3.1014E-06    4.7328E-06    1.8349E+00   -1.2366E+00    5.3720E+00    1.9100E-04
2.7754E+01  1.6581E-02 2.1553E+02    3.0256E-06    4.5462E-06    1.6362E+00   -1.0581E+00    4.8370E+00    1.9100E-04
2.7039E+01  1.8500E-02 2.1392E+02    2.9413E-06    4.3365E-06    1.4613E+00   -9.0801E-01    4.3408E+00    1.9100E-04
2.6338E+01  2.0614E-02 2.1255E+02    2.8589E-06    4.1061E-06    1.3092E+00   -7.8530E-01    3.9522E+00    1.9100E-04
2.5649E+01  2.2941E-02 2.1137E+02    2.7871E-06    3.8707E-06    1.1798E+00   -6.8731E-01    3.6441E+00    1.9100E-04
2.4972E+01  2.5499E-02 2.1037E+02    2.7142E-06    3.6304E-06    1.0692E+00   -6.0942E-01    3.3963E+00    1.9100E-04
2.4307E+01  2.8306E-02 2.0949E+02    2.6385E-06    3.3945E-06    9.7466E-01   -5.4643E-01    3.1938E+00    1.9100E-04
2.3652E+01  3.1382E-02 2.0873E+02    2.5704E-06    3.1571E-06    8.9113E-01   -4.9417E-01    3.0259E+00    1.9100E-04
2.3007E+01  3.4749E-02 2.0807E+02    2.4999E-06    2.9269E-06    8.1639E-01   -4.4763E-01    2.8845E+00    1.9100E-04
2.2372E+01  3.8429E-02 2.0747E+02    2.4285E-06    2.7051E-06    7.4777E-01   -4.0386E-01    2.7641E+00    1.9100E-04
2.1747E+01  4.2444E-02 2.0695E+02    2.3652E-06    2.4834E-06    6.8236E-01   -3.6245E-01    2.6608E+00    1.9100E-04
2.1132E+01  4.6821E-02 2.0648E+02    2.3010E-06    2.2752E-06    6.2087E-01   -3.2117E-01    2.5719E+00    1.9100E-04
2.0526E+01  5.1583E-02 2.0607E+02    2.2340E-06    2.0705E-06    5.6154E-01   -2.8028E-01    2.4956E+00    1.9100E-04
1.9929E+01  5.6759E-02 2.0571E+02    2.1748E-06    1.8693E-06    5.0432E-01   -2.4011E-01    2.4306E+00    1.9100E-04
1.9341E+01  6.2374E-02 2.0540E+02    2.1165E-06    1.6715E-06    4.4967E-01   -1.9990E-01    2.3760E+00    1.9100E-04
1.8762E+01  6.8460E-02 2.0514E+02    2.0593E-06    1.4868E-06    3.9907E-01   -1.5842E-01    2.3305E+00    1.9100E-04
1.8191E+01  7.5044E-02 2.0492E+02    2.0139E-06    1.2944E-06    3.5039E-01   -1.2053E-01    2.2927E+00    1.9100E-04
1.7629E+01  8.2157E-02 2.0473E+02    1.9692E-06    1.1177E-06    3.0679E-01   -8.3634E-02    2.2614E+00    1.9100E-04
1.7075E+01  8.9832E-02 2.0457E+02    1.9252E-06    9.5187E-07    2.6778E-01   -5.0573E-02    2.2351E+00    1.9100E-04
1.6530E+01  9.8100E-02 2.0444E+02    1.8864E-06    7.9351E-07    2.3268E-01   -2.5130E-02    2.2126E+00    1.9100E-04
1.5993E+01  1.0699E-01 2.0431E+02    1.8543E-06    6.5020E-07    2.0117E-01    2.4376E-02    2.1920E+00    1.9100E-04
1.5464E+01  1.1655E-01 2.0420E+02    1.8228E-06    5.2372E-07    1.7406E-01    3.6241E-02    2.1732E+00    1.9100E-04
1.4943E+01  1.2679E-01 2.0411E+02    1.7978E-06    4.1500E-07    1.5132E-01    4.0972E-02    2.1586E+00    1.9100E-04
1.4430E+01  1.3777E-01 2.0407E+02    1.7774E-06    3.2371E-07    1.3246E-01    3.9470E-02    2.1525E+00    1.9100E-04
1.3925E+01  1.4950E-01 2.0411E+02    1.7636E-06    2.4701E-07    1.1680E-01    3.2323E-02    2.1599E+00    1.9100E-04
1.3428E+01  1.6203E-01 2.0427E+02    1.7537E-06    1.8405E-07    1.0408E-01    2.2445E-02    2.1859E+00    1.9100E-04
1.2938E+01  1.7539E-01 2.0459E+02    1.7620E-06    1.3866E-07    9.4978E-02    1.3226E-02    2.2379E+00    1.9100E-04
1.2455E+01  1.8961E-01 2.0485E+02    2.1483E-06    1.0889E-07    9.0991E-02    1.4306E-02    2.2822E+00    1.9100E-04
1.1979E+01  2.0472E-01 2.0546E+02    2.4496E-06    8.7683E-08    8.8272E-02    2.0566E-02    2.3872E+00    1.9100E-04
1.1509E+01  2.2076E-01 2.0625E+02    2.9414E-06    7.1712E-08    8.7368E-02    9.8510E-03    2.5289E+00    1.9100E-04
1.1045E+01  2.3776E-01 2.0775E+02    3.6287E-06    6.0986E-08    9.0331E-02   -1.2890E-02    2.8206E+00    1.9100E-04
1.0584E+01  2.5574E-01 2.1005E+02    5.0415E-06    5.4668E-08    9.7476E-02   -1.4966E-01    3.3208E+00    1.9100E-04
1.0125E+01  2.7474E-01 2.1429E+02    9.0467E-06    5.0575E-08    1.1920E-01   -4.7566E-01    4.4516E+00    1.9100E-04
9.6642E+00  2.9478E-01 2.1869E+02    1.6178E-05    4.7224E-08    1.5321E-01   -8.4722E-01    5.6768E+00    1.9100E-04
9.2027E+00  3.1588E-01 2.2308E+02    2.8205E-05    4.4198E-08    1.9896E-01   -1.2304E+00    6.8089E+00    1.9100E-04
8.7407E+00  3.3806E-01 2.2742E+02    4.7916E-05    4.1425E-08    2.5595E-01   -1.5968E+00    8.0921E+00    1.9100E-04
8.2786E+00  3.6135E-01 2.3171E+02    7.9264E-05    3.8824E-08    3.2109E-01   -1.9093E+00    9.5276E+00    1.9100E-04
7.8170E+00  3.8575E-01 2.3592E+02    1.2756E-04    3.6227E-08    3.8906E-01   -2.1304E+00    1.1112E+01    1.9100E-04
7.3563E+00  4.1128E-01 2.4002E+02    1.9952E-04    3.3791E-08    4.6047E-01   -2.2766E+00    1.2834E+01    1.9100E-04
6.8971E+00  4.3795E-01 2.4398E+02    3.0310E-04    3.1533E-08    5.3780E-01   -2.3580E+00    1.4679E+01    1.9100E-04
6.4399E+00  4.6577E-01 2.4778E+02    4.4706E-04    2.9330E-08    6.1085E-01   -2.3712E+00    1.6626E+01    1.9100E-04
5.9853E+00  4.9472E-01 2.5141E+02    6.4041E-04    2.7195E-08    6.6624E-01   -2.3546E+00    1.8650E+01    1.9100E-04
5.5340E+00  5.2481E-01 2.5484E+02    8.9175E-04    2.5201E-08    7.0404E-01   -2.3315E+00    2.0729E+01    1.9100E-04
5.0865E+00  5.5603E-01 2.5808E+02    1.2089E-03    2.3319E-08    7.3274E-01   -2.3000E+00    2.2842E+01    1.9100E-04
4.6434E+00  5.8837E-01 2.6113E+02    1.5984E-03    2.1503E-08    7.5589E-01   -2.2395E+00    2.4968E+01    1.9100E-04
4.2053E+00  6.2180E-01 2.6399E+02    2.0657E-03    1.9851E-08    7.7103E-01   -2.1716E+00    2.7095E+01    1.9100E-04
3.7726E+00  6.5630E-01 2.6667E+02    2.6152E-03    1.8293E-08    7.7623E-01   -2.0924E+00    2.9210E+01    1.9100E-04
3.3458E+00  6.9184E-01 2.6920E+02    3.2502E-03    1.6907E-08    7.7351E-01   -1.9678E+00    3.1307E+01    1.9100E-04
2.9254E+00  7.2839E-01 2.7157E+02    3.9729E-03    1.5620E-08    7.6645E-01   -1.8088E+00    3.3378E+01    1.9100E-04
2.5117E+00  7.6591E-01 2.7391E+02    4.8316E-03    1.4473E-08    7.6046E-01   -1.6824E+00    3.5509E+01    1.9100E-04
2.1047E+00  8.0434E-01 2.7626E+02    5.7522E-03    1.3476E-08    7.4535E-01   -1.5822E+00    3.7760E+01    1.9100E-04
1.7049E+00  8.4364E-01 2.7850E+02    6.6822E-03    1.2620E-08    7.2229E-01   -1.5171E+00    4.0006E+01    1.9100E-04
1.3125E+00  8.8374E-01 2.8064E+02    7.8233E-03    1.1911E-08    7.0993E-01   -1.5474E+00    4.2239E+01    1.9100E-04
9.2776E-01  9.2458E-01 2.8267E+02    8.9102E-03    1.1280E-08    6.9497E-01   -1.6261E+00    4.4448E+01    1.9100E-04
5.5100E-01  9.6609E-01 2.8463E+02    1.0223E-02    1.0799E-08    6.9918E-01   -1.8623E+00    4.6649E+01    1.9100E-04
1.8248E-01  1.0082E+00 2.8648E+02    1.1553E-02    1.0434E-08    7.1558E-01   -2.0977E+00    4.8814E+01    1.9100E-04
0.0000E+00  1.0296E+00 2.8741E+02    1.2222E-02    1.0500E-08    7.9028E+00   -3.4366E+00    4.9930E+01    1.9100E-04
