     ALT          P          T          FH2O           O3           THEAT        TCOOL        PSATCO2        FCO2
7.2494E+01  3.2610E-05 2.0770E+02    3.6004E-06    2.0752E-08    3.4606E+01   -4.3899E+01    2.8090E+00    1.8900E-04
7.1428E+01  3.8505E-05 2.0906E+02    3.9253E-06    2.2960E-08    5.0642E+00   -3.0453E+01    3.0976E+00    1.8900E-04
7.0364E+01  4.5409E-05 2.1047E+02    4.2271E-06    2.6020E-08    1.7515E+00   -2.0584E+01    3.4207E+00    1.8900E-04
6.9301E+01  5.3484E-05 2.1192E+02    4.5161E-06    3.0071E-08    1.3405E+00   -1.3744E+01    3.7834E+00    1.8900E-04
6.8239E+01  6.2916E-05 2.1340E+02    4.7821E-06    3.5758E-08    1.2986E+00   -9.3270E+00    4.1888E+00    1.8900E-04
6.7179E+01  7.3917E-05 2.1491E+02    5.0238E-06    4.3725E-08    1.3057E+00   -6.6560E+00    4.6396E+00    1.8900E-04
6.6119E+01  8.6732E-05 2.1644E+02    5.2356E-06    5.4882E-08    1.3331E+00   -5.1431E+00    5.1381E+00    1.8900E-04
6.5061E+01  1.0164E-04 2.1798E+02    5.4335E-06    7.0299E-08    1.3855E+00   -4.3287E+00    5.5065E+00    1.8900E-04
6.4004E+01  1.1896E-04 2.1953E+02    5.6089E-06    9.0513E-08    1.4737E+00   -3.9213E+00    5.8804E+00    1.8900E-04
6.2949E+01  1.3906E-04 2.2108E+02    5.7719E-06    1.1504E-07    1.5884E+00   -3.7357E+00    6.2736E+00    1.8900E-04
6.1895E+01  1.6235E-04 2.2263E+02    5.9124E-06    1.4276E-07    1.7227E+00   -3.6609E+00    6.6858E+00    1.8900E-04
6.0843E+01  1.8930E-04 2.2417E+02    6.0487E-06    1.7228E-07    1.8693E+00   -3.6456E+00    7.1165E+00    1.8900E-04
5.9792E+01  2.2045E-04 2.2571E+02    6.1648E-06    2.0366E-07    2.0265E+00   -3.6550E+00    7.5657E+00    1.8900E-04
5.8743E+01  2.5639E-04 2.2724E+02    6.2704E-06    2.3718E-07    2.1951E+00   -3.6792E+00    8.0331E+00    1.8900E-04
5.7697E+01  2.9783E-04 2.2875E+02    6.3641E-06    2.7401E-07    2.3801E+00   -3.7130E+00    8.5189E+00    1.8900E-04
5.6653E+01  3.4552E-04 2.3026E+02    6.4477E-06    3.1612E-07    2.5890E+00   -3.7546E+00    9.0233E+00    1.8900E-04
5.5611E+01  4.0035E-04 2.3177E+02    6.5283E-06    3.6348E-07    2.8199E+00   -3.8048E+00    9.5468E+00    1.8900E-04
5.4572E+01  4.6329E-04 2.3326E+02    6.6006E-06    4.1639E-07    3.0704E+00   -3.8608E+00    1.0090E+01    1.8900E-04
5.3535E+01  5.3545E-04 2.3475E+02    6.6628E-06    4.7562E-07    3.3388E+00   -3.9210E+00    1.0652E+01    1.8900E-04
5.2501E+01  6.1807E-04 2.3623E+02    6.7249E-06    5.4111E-07    3.6186E+00   -3.9852E+00    1.1236E+01    1.8900E-04
5.1471E+01  7.1255E-04 2.3771E+02    6.7767E-06    6.1335E-07    3.9039E+00   -4.0484E+00    1.1840E+01    1.8900E-04
5.0443E+01  8.2042E-04 2.3918E+02    6.8223E-06    6.9384E-07    4.1908E+00   -4.1087E+00    1.2465E+01    1.8900E-04
4.9418E+01  9.4344E-04 2.4064E+02    6.8632E-06    7.8250E-07    4.4680E+00   -4.1643E+00    1.3112E+01    1.8900E-04
4.8397E+01  1.0835E-03 2.4210E+02    6.9041E-06    8.8229E-07    4.7406E+00   -4.2368E+00    1.3781E+01    1.8900E-04
4.7380E+01  1.2429E-03 2.4355E+02    6.9448E-06    9.9455E-07    4.9961E+00   -4.3159E+00    1.4472E+01    1.8900E-04
4.6366E+01  1.4238E-03 2.4501E+02    6.9677E-06    1.1233E-06    5.2267E+00   -4.4008E+00    1.5186E+01    1.8900E-04
4.5356E+01  1.6291E-03 2.4645E+02    6.9957E-06    1.2726E-06    5.4281E+00   -4.5116E+00    1.5923E+01    1.8900E-04
4.4350E+01  1.8616E-03 2.4789E+02    7.0080E-06    1.4415E-06    5.5796E+00   -4.6850E+00    1.6684E+01    1.8900E-04
4.3347E+01  2.1246E-03 2.4938E+02    7.0180E-06    1.6300E-06    5.6689E+00   -4.9402E+00    1.7499E+01    1.8900E-04
4.2349E+01  2.4218E-03 2.5076E+02    7.0200E-06    1.8555E-06    5.7176E+00   -5.2013E+00    1.8278E+01    1.8900E-04
4.1356E+01  2.7569E-03 2.5171E+02    7.0021E-06    2.1094E-06    5.6876E+00   -5.3651E+00    1.8826E+01    1.8900E-04
4.0371E+01  3.1346E-03 2.5202E+02    6.9824E-06    2.4103E-06    5.5933E+00   -5.3910E+00    1.9007E+01    1.8900E-04
3.9396E+01  3.5594E-03 2.5163E+02    6.9458E-06    2.7393E-06    5.4001E+00   -5.2717E+00    1.8781E+01    1.8900E-04
3.8433E+01  4.0368E-03 2.5059E+02    6.9010E-06    3.0766E-06    5.1086E+00   -5.0312E+00    1.8178E+01    1.8900E-04
3.7486E+01  4.5724E-03 2.4898E+02    6.8441E-06    3.3885E-06    4.7391E+00   -4.7021E+00    1.7275E+01    1.8900E-04
3.6555E+01  5.1725E-03 2.4692E+02    6.7744E-06    3.6502E-06    4.3355E+00   -4.3286E+00    1.6168E+01    1.8900E-04
3.5642E+01  5.8441E-03 2.4454E+02    6.6992E-06    3.8593E-06    3.9432E+00   -3.9530E+00    1.4953E+01    1.8900E-04
3.4748E+01  6.5945E-03 2.4196E+02    6.6098E-06    4.0002E-06    3.5749E+00   -3.5977E+00    1.3713E+01    1.8900E-04
3.3873E+01  7.4319E-03 2.3928E+02    6.5247E-06    4.0976E-06    3.2476E+00   -3.2754E+00    1.2512E+01    1.8900E-04
3.3017E+01  8.3651E-03 2.3662E+02    6.4367E-06    4.1593E-06    2.9557E+00   -2.9842E+00    1.1394E+01    1.8900E-04
3.2180E+01  9.4036E-03 2.3405E+02    6.3430E-06    4.1900E-06    2.6901E+00   -2.7199E+00    1.0385E+01    1.8900E-04
3.1361E+01  1.0558E-02 2.3164E+02    6.2532E-06    4.1822E-06    2.4406E+00   -2.4994E+00    9.5011E+00    1.8900E-04
3.0559E+01  1.1839E-02 2.2943E+02    6.1570E-06    4.1485E-06    2.2084E+00   -2.2516E+00    8.7417E+00    1.8900E-04
2.9773E+01  1.3258E-02 2.2744E+02    6.0627E-06    4.0918E-06    1.9933E+00   -2.0238E+00    8.0972E+00    1.8900E-04
2.9003E+01  1.4829E-02 2.2567E+02    5.9702E-06    4.0102E-06    1.7948E+00   -1.8158E+00    7.5533E+00    1.8900E-04
2.8247E+01  1.6565E-02 2.2409E+02    5.8796E-06    3.9095E-06    1.6155E+00   -1.6282E+00    7.0944E+00    1.8900E-04
2.7505E+01  1.8481E-02 2.2270E+02    5.7904E-06    3.7955E-06    1.4567E+00   -1.4615E+00    6.7053E+00    1.8900E-04
2.6775E+01  2.0593E-02 2.2146E+02    5.7030E-06    3.6549E-06    1.3152E+00   -1.3157E+00    6.3726E+00    1.8900E-04
2.6059E+01  2.2918E-02 2.2034E+02    5.6130E-06    3.5074E-06    1.1936E+00   -1.1901E+00    6.0848E+00    1.8900E-04
2.5354E+01  2.5472E-02 2.1934E+02    5.5223E-06    3.3445E-06    1.0879E+00   -1.0828E+00    5.8328E+00    1.8900E-04
2.4661E+01  2.8276E-02 2.1841E+02    5.4374E-06    3.1763E-06    9.9639E-01   -9.9097E-01    5.6095E+00    1.8900E-04
2.3979E+01  3.1348E-02 2.1757E+02    5.3473E-06    2.9987E-06    9.1497E-01   -9.1045E-01    5.4099E+00    1.8900E-04
2.3308E+01  3.4711E-02 2.1678E+02    5.2669E-06    2.8246E-06    8.4236E-01   -8.3789E-01    5.2302E+00    1.8900E-04
2.2648E+01  3.8386E-02 2.1606E+02    5.1776E-06    2.6406E-06    7.7381E-01   -7.7048E-01    5.0101E+00    1.8900E-04
2.1999E+01  4.2397E-02 2.1539E+02    5.0946E-06    2.4584E-06    7.0929E-01   -7.0697E-01    4.7913E+00    1.8900E-04
2.1359E+01  4.6768E-02 2.1477E+02    5.0129E-06    2.2717E-06    6.4687E-01   -6.4687E-01    4.5981E+00    1.8900E-04
2.0730E+01  5.1524E-02 2.1422E+02    4.9371E-06    2.0835E-06    5.8657E-01   -5.8968E-01    4.4289E+00    1.8900E-04
2.0110E+01  5.6692E-02 2.1372E+02    4.8531E-06    1.8967E-06    5.2872E-01   -5.3386E-01    4.2824E+00    1.8900E-04
1.9501E+01  6.2301E-02 2.1329E+02    4.7799E-06    1.7081E-06    4.7316E-01   -4.7985E-01    4.1570E+00    1.8900E-04
1.8900E+01  6.8378E-02 2.1291E+02    4.7079E-06    1.5161E-06    4.1996E-01   -4.2749E-01    4.0503E+00    1.8900E-04
1.8309E+01  7.4953E-02 2.1257E+02    4.6369E-06    1.3277E-06    3.7053E-01   -3.7638E-01    3.9593E+00    1.8900E-04
1.7727E+01  8.2057E-02 2.1228E+02    4.5776E-06    1.1524E-06    3.2623E-01   -3.2658E-01    3.8802E+00    1.8900E-04
1.7154E+01  8.9721E-02 2.1201E+02    4.5203E-06    9.7988E-07    2.8562E-01   -2.8180E-01    3.8087E+00    1.8900E-04
1.6590E+01  9.7977E-02 2.1175E+02    4.4671E-06    8.1686E-07    2.4922E-01   -2.4372E-01    3.7411E+00    1.8900E-04
1.6034E+01  1.0686E-01 2.1149E+02    4.4226E-06    6.6799E-07    2.1629E-01   -1.9001E-01    3.6739E+00    1.8900E-04
1.5488E+01  1.1640E-01 2.1122E+02    4.3842E-06    5.3603E-07    1.8780E-01   -1.6312E-01    3.6061E+00    1.8900E-04
1.4950E+01  1.2663E-01 2.1096E+02    4.3519E-06    4.2277E-07    1.6390E-01   -1.4417E-01    3.5401E+00    1.8900E-04
1.4421E+01  1.3759E-01 2.1072E+02    4.3202E-06    3.2763E-07    1.4400E-01   -1.3221E-01    3.4811E+00    1.8900E-04
1.3901E+01  1.4930E-01 2.1053E+02    4.2960E-06    2.4707E-07    1.2738E-01   -1.2731E-01    3.4363E+00    1.8900E-04
1.3389E+01  1.6181E-01 2.1044E+02    4.2828E-06    1.8181E-07    1.1403E-01   -1.2637E-01    3.4128E+00    1.8900E-04
1.2885E+01  1.7515E-01 2.1045E+02    4.2727E-06    1.3673E-07    1.0439E-01   -1.2296E-01    3.4162E+00    1.8900E-04
1.2389E+01  1.8935E-01 2.1060E+02    4.2628E-06    1.0688E-07    9.7703E-02   -1.1651E-01    3.4517E+00    1.8900E-04
1.1901E+01  2.0444E-01 2.1087E+02    4.4055E-06    8.5279E-08    9.3570E-02   -1.1263E-01    3.5183E+00    1.8900E-04
1.1421E+01  2.2046E-01 2.1127E+02    4.9764E-06    6.9502E-08    9.2687E-02   -1.1730E-01    3.6174E+00    1.8900E-04
1.0947E+01  2.3743E-01 2.1177E+02    5.9119E-06    5.9821E-08    9.4527E-02   -1.1375E-01    3.7452E+00    1.8900E-04
1.0480E+01  2.5539E-01 2.1230E+02    6.8950E-06    5.4211E-08    9.7080E-02   -4.8600E-02    3.8845E+00    1.8900E-04
1.0020E+01  2.7436E-01 2.1294E+02    7.5495E-06    5.0366E-08    9.9343E-02   -5.3955E-02    4.0586E+00    1.8900E-04
9.5645E+00  2.9436E-01 2.1607E+02    1.1531E-05    4.7187E-08    1.1636E-01   -3.1689E-01    5.0152E+00    1.8900E-04
9.1093E+00  3.1543E-01 2.2041E+02    2.0265E-05    4.4335E-08    1.5139E-01   -7.1838E-01    6.1023E+00    1.8900E-04
8.6535E+00  3.3758E-01 2.2473E+02    3.4739E-05    4.1644E-08    2.0050E-01   -1.1368E+00    7.2773E+00    1.8900E-04
8.1976E+00  3.6083E-01 2.2900E+02    5.8050E-05    3.9097E-08    2.6121E-01   -1.5292E+00    8.6006E+00    1.8900E-04
7.7420E+00  3.8519E-01 2.3321E+02    9.4495E-05    3.6557E-08    3.2839E-01   -1.8421E+00    1.0072E+01    1.8900E-04
7.2873E+00  4.1068E-01 2.3734E+02    1.4972E-04    3.4187E-08    3.9873E-01   -2.0574E+00    1.1686E+01    1.8900E-04
6.8338E+00  4.3731E-01 2.4135E+02    2.3072E-04    3.1990E-08    4.7438E-01   -2.2007E+00    1.3432E+01    1.8900E-04
6.3822E+00  4.6507E-01 2.4522E+02    3.4558E-04    2.9816E-08    5.5222E-01   -2.2631E+00    1.5292E+01    1.8900E-04
5.9329E+00  4.9398E-01 2.4893E+02    5.0306E-04    2.7720E-08    6.1898E-01   -2.2729E+00    1.7246E+01    1.8900E-04
5.4867E+00  5.2402E-01 2.5246E+02    7.1198E-04    2.5773E-08    6.6693E-01   -2.2597E+00    1.9272E+01    1.8900E-04
5.0440E+00  5.5519E-01 2.5581E+02    9.8065E-04    2.3912E-08    7.0120E-01   -2.2448E+00    2.1346E+01    1.8900E-04
4.6054E+00  5.8747E-01 2.5897E+02    1.3165E-03    2.2133E-08    7.2876E-01   -2.2076E+00    2.3448E+01    1.8900E-04
4.1715E+00  6.2084E-01 2.6194E+02    1.7257E-03    2.0507E-08    7.4996E-01   -2.1485E+00    2.5561E+01    1.8900E-04
3.7428E+00  6.5529E-01 2.6473E+02    2.2134E-03    1.8974E-08    7.6198E-01   -2.0858E+00    2.7672E+01    1.8900E-04
3.3198E+00  6.9077E-01 2.6736E+02    2.7833E-03    1.7528E-08    7.6468E-01   -1.9984E+00    2.9769E+01    1.8900E-04
2.9029E+00  7.2726E-01 2.6983E+02    3.4385E-03    1.6244E-08    7.6101E-01   -1.8585E+00    3.1846E+01    1.8900E-04
2.4925E+00  7.6471E-01 2.7215E+02    4.1806E-03    1.5063E-08    7.5405E-01   -1.7095E+00    3.3897E+01    1.8900E-04
2.0889E+00  8.0308E-01 2.7451E+02    5.0802E-03    1.4036E-08    7.4996E-01   -1.6123E+00    3.6076E+01    1.8900E-04
1.6923E+00  8.4230E-01 2.7681E+02    5.9826E-03    1.3180E-08    7.3235E-01   -1.5275E+00    3.8301E+01    1.8900E-04
1.3029E+00  8.8234E-01 2.7901E+02    6.9696E-03    1.2402E-08    7.1502E-01   -1.5097E+00    4.0527E+01    1.8900E-04
9.2104E-01  9.2311E-01 2.8110E+02    8.0869E-03    1.1768E-08    7.0470E-01   -1.5753E+00    4.2728E+01    1.8900E-04
5.4706E-01  9.6454E-01 2.8309E+02    9.1520E-03    1.1294E-08    6.9717E-01   -1.7496E+00    4.4905E+01    1.8900E-04
1.8119E-01  1.0066E+00 2.8499E+02    1.0508E-02    1.0933E-08    7.1841E-01   -2.0039E+00    4.7067E+01    1.8900E-04
0.0000E+00  1.0279E+00 2.8594E+02    1.1192E-02    1.1000E-08    7.9633E+00   -3.5545E+00    4.8176E+01    1.8900E-04
