     ALT          P          T          FH2O           O3           THEAT        TCOOL        PSATCO2        FCO2
7.2499E+01  3.2610E-05 2.0774E+02    3.5736E-06    2.0741E-08    3.4606E+01   -4.3916E+01    2.8176E+00    1.8900E-04
7.1433E+01  3.8505E-05 2.0911E+02    3.8935E-06    2.3046E-08    5.0637E+00   -3.0481E+01    3.1068E+00    1.8900E-04
7.0368E+01  4.5409E-05 2.1051E+02    4.2056E-06    2.6002E-08    1.7509E+00   -2.0606E+01    3.4305E+00    1.8900E-04
6.9305E+01  5.3484E-05 2.1196E+02    4.4847E-06    3.0148E-08    1.3401E+00   -1.3744E+01    3.7939E+00    1.8900E-04
6.8243E+01  6.2916E-05 2.1344E+02    4.7508E-06    3.5825E-08    1.2982E+00   -9.3168E+00    4.2002E+00    1.8900E-04
6.7183E+01  7.3917E-05 2.1495E+02    4.9928E-06    4.3782E-08    1.3053E+00   -6.6418E+00    4.6518E+00    1.8900E-04
6.6123E+01  8.6732E-05 2.1648E+02    5.2047E-06    5.4948E-08    1.3327E+00   -5.1306E+00    5.1513E+00    1.8900E-04
6.5065E+01  1.0164E-04 2.1802E+02    5.4027E-06    7.0426E-08    1.3855E+00   -4.3190E+00    5.5155E+00    1.8900E-04
6.4008E+01  1.1896E-04 2.1957E+02    5.5783E-06    9.0680E-08    1.4741E+00   -3.9119E+00    5.8897E+00    1.8900E-04
6.2952E+01  1.3906E-04 2.2112E+02    5.7313E-06    1.1551E-07    1.5899E+00   -3.7239E+00    6.2833E+00    1.8900E-04
6.1898E+01  1.6235E-04 2.2267E+02    5.8789E-06    1.4298E-07    1.7236E+00   -3.6533E+00    6.6959E+00    1.8900E-04
6.0845E+01  1.8930E-04 2.2421E+02    6.0083E-06    1.7298E-07    1.8718E+00   -3.6369E+00    7.1270E+00    1.8900E-04
5.9795E+01  2.2045E-04 2.2574E+02    6.1244E-06    2.0356E-07    2.0255E+00   -3.6474E+00    7.5765E+00    1.8900E-04
5.8746E+01  2.5639E-04 2.2727E+02    6.2302E-06    2.3708E-07    2.1941E+00   -3.6737E+00    8.0443E+00    1.8900E-04
5.7699E+01  2.9783E-04 2.2879E+02    6.3239E-06    2.7481E-07    2.3834E+00   -3.7090E+00    8.5305E+00    1.8900E-04
5.6655E+01  3.4552E-04 2.3030E+02    6.4075E-06    3.1701E-07    2.5931E+00   -3.7520E+00    9.0353E+00    1.8900E-04
5.5613E+01  4.0035E-04 2.3180E+02    6.4881E-06    3.6437E-07    2.8240E+00   -3.8033E+00    9.5591E+00    1.8900E-04
5.4573E+01  4.6329E-04 2.3330E+02    6.5540E-06    4.1727E-07    3.0742E+00   -3.8592E+00    1.0102E+01    1.8900E-04
5.3537E+01  5.3545E-04 2.3478E+02    6.6227E-06    4.7650E-07    3.3425E+00   -3.9220E+00    1.0666E+01    1.8900E-04
5.2503E+01  6.1808E-04 2.3626E+02    6.6798E-06    5.4200E-07    3.6221E+00   -3.9863E+00    1.1249E+01    1.8900E-04
5.1472E+01  7.1255E-04 2.3774E+02    6.7311E-06    6.1424E-07    3.9071E+00   -4.0504E+00    1.1853E+01    1.8900E-04
5.0444E+01  8.2042E-04 2.3921E+02    6.7822E-06    6.9473E-07    4.1938E+00   -4.1124E+00    1.2479E+01    1.8900E-04
4.9420E+01  9.4344E-04 2.4067E+02    6.8232E-06    7.8339E-07    4.4708E+00   -4.1684E+00    1.3126E+01    1.8900E-04
4.8398E+01  1.0835E-03 2.4213E+02    6.8640E-06    8.8349E-07    4.7439E+00   -4.2409E+00    1.3796E+01    1.8900E-04
4.7381E+01  1.2429E-03 2.4359E+02    6.8974E-06    9.9472E-07    4.9952E+00   -4.3190E+00    1.4487E+01    1.8900E-04
4.6367E+01  1.4238E-03 2.4504E+02    6.9277E-06    1.1232E-06    5.2246E+00   -4.4045E+00    1.5202E+01    1.8900E-04
4.5357E+01  1.6291E-03 2.4648E+02    6.9479E-06    1.2725E-06    5.4260E+00   -4.5145E+00    1.5939E+01    1.8900E-04
4.4350E+01  1.8616E-03 2.4792E+02    6.9680E-06    1.4415E-06    5.5778E+00   -4.6884E+00    1.6701E+01    1.8900E-04
4.3348E+01  2.1246E-03 2.4942E+02    6.9700E-06    1.6300E-06    5.6673E+00   -4.9427E+00    1.7517E+01    1.8900E-04
4.2349E+01  2.4218E-03 2.5080E+02    6.9700E-06    1.8555E-06    5.7167E+00   -5.2031E+00    1.8296E+01    1.8900E-04
4.1356E+01  2.7569E-03 2.5174E+02    6.9621E-06    2.1117E-06    5.6908E+00   -5.3676E+00    1.8844E+01    1.8900E-04
4.0371E+01  3.1346E-03 2.5204E+02    6.9348E-06    2.4104E-06    5.5923E+00   -5.3916E+00    1.9024E+01    1.8900E-04
3.9396E+01  3.5594E-03 2.5166E+02    6.9058E-06    2.7395E-06    5.3990E+00   -5.2724E+00    1.8796E+01    1.8900E-04
3.8433E+01  4.0368E-03 2.5061E+02    6.8509E-06    3.0768E-06    5.1076E+00   -5.0309E+00    1.8192E+01    1.8900E-04
3.7485E+01  4.5724E-03 2.4900E+02    6.7941E-06    3.3887E-06    4.7383E+00   -4.7017E+00    1.7289E+01    1.8900E-04
3.6555E+01  5.1726E-03 2.4695E+02    6.7243E-06    3.6504E-06    4.3349E+00   -4.3281E+00    1.6181E+01    1.8900E-04
3.5642E+01  5.8441E-03 2.4456E+02    6.6513E-06    3.8594E-06    3.9427E+00   -3.9525E+00    1.4965E+01    1.8900E-04
3.4748E+01  6.5945E-03 2.4198E+02    6.5697E-06    4.0004E-06    3.5746E+00   -3.5975E+00    1.3724E+01    1.8900E-04
3.3873E+01  7.4319E-03 2.3931E+02    6.4822E-06    4.0977E-06    3.2472E+00   -3.2749E+00    1.2522E+01    1.8900E-04
3.3017E+01  8.3651E-03 2.3665E+02    6.3919E-06    4.1593E-06    2.9550E+00   -2.9836E+00    1.1403E+01    1.8900E-04
3.2179E+01  9.4036E-03 2.3407E+02    6.3014E-06    4.1814E-06    2.6863E+00   -2.7189E+00    1.0394E+01    1.8900E-04
3.1360E+01  1.0558E-02 2.3166E+02    6.2031E-06    4.1822E-06    2.4402E+00   -2.4988E+00    9.5095E+00    1.8900E-04
3.0558E+01  1.1839E-02 2.2945E+02    6.1107E-06    4.1484E-06    2.2083E+00   -2.2513E+00    8.7496E+00    1.8900E-04
2.9772E+01  1.3258E-02 2.2746E+02    6.0225E-06    4.0917E-06    1.9932E+00   -2.0239E+00    8.1046E+00    1.8900E-04
2.9002E+01  1.4829E-02 2.2569E+02    5.9300E-06    4.0100E-06    1.7947E+00   -1.8159E+00    7.5601E+00    1.8900E-04
2.8246E+01  1.6565E-02 2.2412E+02    5.8394E-06    3.9091E-06    1.6152E+00   -1.6282E+00    7.1006E+00    1.8900E-04
2.7503E+01  1.8482E-02 2.2272E+02    5.7452E-06    3.7902E-06    1.4553E+00   -1.4611E+00    6.7111E+00    1.8900E-04
2.6774E+01  2.0593E-02 2.2148E+02    5.6527E-06    3.6545E-06    1.3149E+00   -1.3151E+00    6.3779E+00    1.8900E-04
2.6057E+01  2.2918E-02 2.2036E+02    5.5667E-06    3.5069E-06    1.1935E+00   -1.1897E+00    6.0898E+00    1.8900E-04
2.5352E+01  2.5472E-02 2.1935E+02    5.4741E-06    3.3440E-06    1.0877E+00   -1.0823E+00    5.8373E+00    1.8900E-04
2.4659E+01  2.8276E-02 2.1843E+02    5.3889E-06    3.1757E-06    9.9615E-01   -9.9040E-01    5.6136E+00    1.8900E-04
2.3977E+01  3.1349E-02 2.1758E+02    5.3016E-06    2.9981E-06    9.1473E-01   -9.0991E-01    5.4136E+00    1.8900E-04
2.3307E+01  3.4711E-02 2.1680E+02    5.2166E-06    2.8241E-06    8.4208E-01   -8.3710E-01    5.2334E+00    1.8900E-04
2.2646E+01  3.8386E-02 2.1607E+02    5.1353E-06    2.6400E-06    7.7355E-01   -7.6995E-01    5.0141E+00    1.8900E-04
2.1997E+01  4.2397E-02 2.1540E+02    5.0494E-06    2.4578E-06    7.0902E-01   -7.0624E-01    4.7945E+00    1.8900E-04
2.1357E+01  4.6768E-02 2.1478E+02    4.9648E-06    2.2711E-06    6.4658E-01   -6.4589E-01    4.6005E+00    1.8900E-04
2.0728E+01  5.1524E-02 2.1422E+02    4.8872E-06    2.0828E-06    5.8626E-01   -5.8855E-01    4.4305E+00    1.8900E-04
2.0109E+01  5.6693E-02 2.1372E+02    4.8099E-06    1.8960E-06    5.2844E-01   -5.3292E-01    4.2831E+00    1.8900E-04
1.9499E+01  6.2301E-02 2.1329E+02    4.7296E-06    1.7074E-06    4.7285E-01   -4.7852E-01    4.1568E+00    1.8900E-04
1.8898E+01  6.8378E-02 2.1290E+02    4.6576E-06    1.5154E-06    4.1966E-01   -4.2606E-01    4.0491E+00    1.8900E-04
1.8307E+01  7.4953E-02 2.1257E+02    4.5867E-06    1.3271E-06    3.7023E-01   -3.7490E-01    3.9572E+00    1.8900E-04
1.7725E+01  8.2057E-02 2.1227E+02    4.5274E-06    1.1517E-06    3.2594E-01   -3.2507E-01    3.8770E+00    1.8900E-04
1.7152E+01  8.9721E-02 2.1200E+02    4.4701E-06    9.7949E-07    2.8538E-01   -2.8017E-01    3.8043E+00    1.8900E-04
1.6588E+01  9.7978E-02 2.1173E+02    4.4169E-06    8.1732E-07    2.4912E-01   -2.4176E-01    3.7356E+00    1.8900E-04
1.6033E+01  1.0686E-01 2.1146E+02    4.3725E-06    6.6852E-07    2.1622E-01   -1.8777E-01    3.6670E+00    1.8900E-04
1.5486E+01  1.1640E-01 2.1119E+02    4.3341E-06    5.3665E-07    1.8772E-01   -1.6076E-01    3.5976E+00    1.8900E-04
1.4949E+01  1.2663E-01 2.1092E+02    4.3018E-06    4.2281E-07    1.6373E-01   -1.4193E-01    3.5301E+00    1.8900E-04
1.4420E+01  1.3759E-01 2.1067E+02    4.2767E-06    3.2739E-07    1.4382E-01   -1.3031E-01    3.4697E+00    1.8900E-04
1.3900E+01  1.4930E-01 2.1048E+02    4.2559E-06    2.4689E-07    1.2722E-01   -1.2548E-01    3.4236E+00    1.8900E-04
1.3388E+01  1.6182E-01 2.1038E+02    4.2355E-06    1.8168E-07    1.1385E-01   -1.2424E-01    3.3990E+00    1.8900E-04
1.2884E+01  1.7515E-01 2.1039E+02    4.2227E-06    1.3666E-07    1.0421E-01   -1.2079E-01    3.4017E+00    1.8900E-04
1.2389E+01  1.8935E-01 2.1053E+02    4.2200E-06    1.0683E-07    9.7555E-02   -1.1466E-01    3.4365E+00    1.8900E-04
1.1901E+01  2.0444E-01 2.1081E+02    4.3589E-06    8.5255E-08    9.3414E-02   -1.1076E-01    3.5026E+00    1.8900E-04
1.1420E+01  2.2046E-01 2.1120E+02    4.9270E-06    6.9561E-08    9.2537E-02   -1.1537E-01    3.6010E+00    1.8900E-04
1.0946E+01  2.3743E-01 2.1170E+02    5.8558E-06    5.9853E-08    9.4359E-02   -1.1151E-01    3.7278E+00    1.8900E-04
1.0480E+01  2.5539E-01 2.1223E+02    6.8297E-06    5.4211E-08    9.6876E-02   -4.4538E-02    3.8659E+00    1.8900E-04
1.0020E+01  2.7436E-01 2.1286E+02    7.4706E-06    5.0366E-08    9.9127E-02   -5.2886E-02    4.0371E+00    1.8900E-04
9.5646E+00  2.9436E-01 2.1607E+02    1.1532E-05    4.7189E-08    1.1654E-01   -3.2247E-01    5.0154E+00    1.8900E-04
9.1093E+00  3.1543E-01 2.2041E+02    2.0267E-05    4.4365E-08    1.5167E-01   -7.2313E-01    6.1025E+00    1.8900E-04
8.6535E+00  3.3758E-01 2.2473E+02    3.4741E-05    4.1725E-08    2.0082E-01   -1.1408E+00    7.2775E+00    1.8900E-04
8.1976E+00  3.6083E-01 2.2900E+02    5.8054E-05    3.9109E-08    2.6154E-01   -1.5323E+00    8.6009E+00    1.8900E-04
7.7421E+00  3.8519E-01 2.3321E+02    9.4504E-05    3.6658E-08    3.2869E-01   -1.8442E+00    1.0072E+01    1.8900E-04
7.2873E+00  4.1068E-01 2.3734E+02    1.4974E-04    3.4288E-08    3.9897E-01   -2.0587E+00    1.1687E+01    1.8900E-04
6.8339E+00  4.3731E-01 2.4135E+02    2.3074E-04    3.2007E-08    4.7456E-01   -2.2015E+00    1.3432E+01    1.8900E-04
6.3822E+00  4.6507E-01 2.4522E+02    3.4562E-04    2.9817E-08    5.5236E-01   -2.2636E+00    1.5292E+01    1.8900E-04
5.9330E+00  4.9398E-01 2.4893E+02    5.0311E-04    2.7720E-08    6.1909E-01   -2.2733E+00    1.7247E+01    1.8900E-04
5.4867E+00  5.2402E-01 2.5246E+02    7.1205E-04    2.5773E-08    6.6701E-01   -2.2600E+00    1.9272E+01    1.8900E-04
5.0440E+00  5.5519E-01 2.5581E+02    9.8074E-04    2.3913E-08    7.0126E-01   -2.2450E+00    2.1346E+01    1.8900E-04
4.6054E+00  5.8747E-01 2.5897E+02    1.3166E-03    2.2134E-08    7.2881E-01   -2.2077E+00    2.3449E+01    1.8900E-04
4.1715E+00  6.2085E-01 2.6194E+02    1.7259E-03    2.0507E-08    7.5000E-01   -2.1486E+00    2.5562E+01    1.8900E-04
3.7428E+00  6.5529E-01 2.6474E+02    2.2136E-03    1.8975E-08    7.6201E-01   -2.0859E+00    2.7673E+01    1.8900E-04
3.3198E+00  6.9077E-01 2.6736E+02    2.7836E-03    1.7528E-08    7.6471E-01   -1.9985E+00    2.9770E+01    1.8900E-04
2.9029E+00  7.2726E-01 2.6983E+02    3.4388E-03    1.6244E-08    7.6103E-01   -1.8586E+00    3.1847E+01    1.8900E-04
2.4925E+00  7.6471E-01 2.7215E+02    4.1811E-03    1.5063E-08    7.5407E-01   -1.7095E+00    3.3899E+01    1.8900E-04
2.0889E+00  8.0308E-01 2.7451E+02    5.0807E-03    1.4036E-08    7.4997E-01   -1.6123E+00    3.6077E+01    1.8900E-04
1.6923E+00  8.4231E-01 2.7681E+02    5.9832E-03    1.3181E-08    7.3236E-01   -1.5275E+00    3.8302E+01    1.8900E-04
1.3029E+00  8.8234E-01 2.7901E+02    6.9705E-03    1.2402E-08    7.1504E-01   -1.5098E+00    4.0529E+01    1.8900E-04
9.2105E-01  9.2311E-01 2.8110E+02    8.0878E-03    1.1768E-08    7.0471E-01   -1.5754E+00    4.2730E+01    1.8900E-04
5.4706E-01  9.6455E-01 2.8309E+02    9.1529E-03    1.1294E-08    6.9718E-01   -1.7497E+00    4.4907E+01    1.8900E-04
1.8119E-01  1.0066E+00 2.8499E+02    1.0510E-02    1.0933E-08    7.1843E-01   -2.0041E+00    4.7070E+01    1.8900E-04
0.0000E+00  1.0279E+00 2.8594E+02    1.1194E-02    1.1000E-08    7.9633E+00   -3.5545E+00    4.8179E+01    1.8900E-04
