     ALT          P          T          FH2O           O3           THEAT        TCOOL        PSATCO2        FCO2
7.2535E+01  3.2610E-05 2.0809E+02    3.3733E-06    2.1222E-08    3.4605E+01   -4.4182E+01    2.8885E+00    1.8900E-04
7.1467E+01  3.8505E-05 2.0945E+02    3.6783E-06    2.3469E-08    5.0591E+00   -3.0571E+01    3.1828E+00    1.8900E-04
7.0401E+01  4.5410E-05 2.1085E+02    3.9702E-06    2.6505E-08    1.7479E+00   -2.0602E+01    3.5121E+00    1.8900E-04
6.9336E+01  5.3485E-05 2.1229E+02    4.2473E-06    3.0709E-08    1.3378E+00   -1.3701E+01    3.8816E+00    1.8900E-04
6.8272E+01  6.2916E-05 2.1376E+02    4.4950E-06    3.6366E-08    1.2956E+00   -9.2401E+00    4.2946E+00    1.8900E-04
6.7210E+01  7.3917E-05 2.1527E+02    4.7280E-06    4.4471E-08    1.3032E+00   -6.5529E+00    4.7536E+00    1.8900E-04
6.6148E+01  8.6733E-05 2.1679E+02    4.9282E-06    5.5787E-08    1.3312E+00   -5.0305E+00    5.2331E+00    1.8900E-04
6.5088E+01  1.0164E-04 2.1833E+02    5.1158E-06    7.1412E-08    1.3847E+00   -4.2224E+00    5.5902E+00    1.8900E-04
6.4030E+01  1.1896E-04 2.1988E+02    5.2853E-06    9.1967E-08    1.4749E+00   -3.8218E+00    5.9674E+00    1.8900E-04
6.2973E+01  1.3906E-04 2.2143E+02    5.4334E-06    1.1707E-07    1.5924E+00   -3.6424E+00    6.3640E+00    1.8900E-04
6.1917E+01  1.6235E-04 2.2297E+02    5.5701E-06    1.4522E-07    1.7295E+00   -3.5792E+00    6.7796E+00    1.8900E-04
6.0863E+01  1.8930E-04 2.2451E+02    5.6966E-06    1.7556E-07    1.8801E+00   -3.5734E+00    7.2138E+00    1.8900E-04
5.9811E+01  2.2045E-04 2.2604E+02    5.8041E-06    2.0707E-07    2.0383E+00   -3.5923E+00    7.6664E+00    1.8900E-04
5.8760E+01  2.5640E-04 2.2757E+02    5.8994E-06    2.4074E-07    2.2079E+00   -3.6270E+00    8.1373E+00    1.8900E-04
5.7712E+01  2.9784E-04 2.2908E+02    5.9932E-06    2.7857E-07    2.3979E+00   -3.6746E+00    8.6267E+00    1.8900E-04
5.6666E+01  3.4553E-04 2.3059E+02    6.0769E-06    3.2155E-07    2.6112E+00   -3.7295E+00    9.1347E+00    1.8900E-04
5.5623E+01  4.0036E-04 2.3209E+02    6.1478E-06    3.6911E-07    2.8430E+00   -3.7896E+00    9.6617E+00    1.8900E-04
5.4582E+01  4.6330E-04 2.3358E+02    6.2203E-06    4.2240E-07    3.0949E+00   -3.8575E+00    1.0208E+01    1.8900E-04
5.3544E+01  5.3547E-04 2.3506E+02    6.2784E-06    4.8236E-07    3.3659E+00   -3.9276E+00    1.0775E+01    1.8900E-04
5.2509E+01  6.1809E-04 2.3654E+02    6.3347E-06    5.4842E-07    3.6472E+00   -4.0003E+00    1.1362E+01    1.8900E-04
5.1476E+01  7.1257E-04 2.3802E+02    6.3811E-06    6.2128E-07    3.9335E+00   -4.0711E+00    1.1970E+01    1.8900E-04
5.0447E+01  8.2045E-04 2.3948E+02    6.4323E-06    7.0189E-07    4.2194E+00   -4.1396E+00    1.2599E+01    1.8900E-04
4.9422E+01  9.4347E-04 2.4095E+02    6.4733E-06    7.9235E-07    4.5009E+00   -4.2006E+00    1.3250E+01    1.8900E-04
4.8399E+01  1.0836E-03 2.4240E+02    6.5071E-06    8.9268E-07    4.7721E+00   -4.2755E+00    1.3923E+01    1.8900E-04
4.7380E+01  1.2429E-03 2.4386E+02    6.5375E-06    1.0052E-06    5.0238E+00   -4.3555E+00    1.4619E+01    1.8900E-04
4.6365E+01  1.4239E-03 2.4531E+02    6.5678E-06    1.1343E-06    5.2507E+00   -4.4418E+00    1.5337E+01    1.8900E-04
4.5354E+01  1.6292E-03 2.4675E+02    6.5880E-06    1.2839E-06    5.4479E+00   -4.5512E+00    1.6079E+01    1.8900E-04
4.4346E+01  1.8617E-03 2.4819E+02    6.6000E-06    1.4533E-06    5.5954E+00   -4.7246E+00    1.6844E+01    1.8900E-04
4.3342E+01  2.1247E-03 2.4969E+02    6.6083E-06    1.6423E-06    5.6806E+00   -4.9783E+00    1.7668E+01    1.8900E-04
4.2343E+01  2.4219E-03 2.5105E+02    6.6000E-06    1.8686E-06    5.7259E+00   -5.2299E+00    1.8445E+01    1.8900E-04
4.1349E+01  2.7571E-03 2.5197E+02    6.5918E-06    2.1234E-06    5.6925E+00   -5.3851E+00    1.8981E+01    1.8900E-04
4.0362E+01  3.1347E-03 2.5225E+02    6.5642E-06    2.4252E-06    5.5947E+00   -5.4011E+00    1.9145E+01    1.8900E-04
3.9386E+01  3.5596E-03 2.5183E+02    6.5252E-06    2.7549E-06    5.3981E+00   -5.2738E+00    1.8901E+01    1.8900E-04
3.8423E+01  4.0370E-03 2.5077E+02    6.4800E-06    3.0890E-06    5.1001E+00   -5.0268E+00    1.8281E+01    1.8900E-04
3.7475E+01  4.5726E-03 2.4914E+02    6.4174E-06    3.3938E-06    4.7245E+00   -4.6933E+00    1.7364E+01    1.8900E-04
3.6543E+01  5.1728E-03 2.4707E+02    6.3529E-06    3.6550E-06    4.3234E+00   -4.3189E+00    1.6246E+01    1.8900E-04
3.5630E+01  5.8444E-03 2.4468E+02    6.2772E-06    3.8627E-06    3.9333E+00   -3.9430E+00    1.5024E+01    1.8900E-04
3.4735E+01  6.5949E-03 2.4209E+02    6.1878E-06    4.0026E-06    3.5668E+00   -3.5876E+00    1.3777E+01    1.8900E-04
3.3860E+01  7.4323E-03 2.3942E+02    6.1002E-06    4.0997E-06    3.2408E+00   -3.2652E+00    1.2569E+01    1.8900E-04
3.3003E+01  8.3656E-03 2.3675E+02    6.0095E-06    4.1552E-06    2.9472E+00   -2.9735E+00    1.1445E+01    1.8900E-04
3.2166E+01  9.4041E-03 2.3417E+02    5.9190E-06    4.1800E-06    2.6803E+00   -2.7091E+00    1.0430E+01    1.8900E-04
3.1346E+01  1.0558E-02 2.3175E+02    5.8206E-06    4.1718E-06    2.4323E+00   -2.4894E+00    9.5401E+00    1.8900E-04
3.0543E+01  1.1839E-02 2.2953E+02    5.7343E-06    4.1472E-06    2.2043E+00   -2.2430E+00    8.7751E+00    1.8900E-04
2.9757E+01  1.3259E-02 2.2753E+02    5.6400E-06    4.0900E-06    1.9897E+00   -2.0153E+00    8.1250E+00    1.8900E-04
2.8986E+01  1.4830E-02 2.2574E+02    5.5475E-06    4.0074E-06    1.7912E+00   -1.8070E+00    7.5754E+00    1.8900E-04
2.8230E+01  1.6566E-02 2.2415E+02    5.4568E-06    3.9057E-06    1.6116E+00   -1.6189E+00    7.1110E+00    1.8900E-04
2.7488E+01  1.8483E-02 2.2274E+02    5.3622E-06    3.7813E-06    1.4508E+00   -1.4513E+00    6.7166E+00    1.8900E-04
2.6758E+01  2.0595E-02 2.2148E+02    5.2702E-06    3.6503E-06    1.3117E+00   -1.3048E+00    6.3789E+00    1.8900E-04
2.6041E+01  2.2919E-02 2.2035E+02    5.1841E-06    3.5023E-06    1.1904E+00   -1.1789E+00    6.0864E+00    1.8900E-04
2.5337E+01  2.5474E-02 2.1932E+02    5.0996E-06    3.3390E-06    1.0848E+00   -1.0714E+00    5.8298E+00    1.8900E-04
2.4644E+01  2.8278E-02 2.1838E+02    5.0064E-06    3.1702E-06    9.9334E-01   -9.7877E-01    5.6021E+00    1.8900E-04
2.3962E+01  3.1351E-02 2.1752E+02    4.9246E-06    2.9988E-06    9.1304E-01   -8.9786E-01    5.3983E+00    1.8900E-04
2.3291E+01  3.4714E-02 2.1671E+02    4.8349E-06    2.8196E-06    8.3975E-01   -8.2449E-01    5.2144E+00    1.8900E-04
2.2631E+01  3.8389E-02 2.1597E+02    4.7550E-06    2.6444E-06    7.7257E-01   -7.5640E-01    4.9801E+00    1.8900E-04
2.1982E+01  4.2400E-02 2.1528E+02    4.6715E-06    2.4568E-06    7.0733E-01   -6.9245E-01    4.7557E+00    1.8900E-04
2.1343E+01  4.6771E-02 2.1464E+02    4.5904E-06    2.2739E-06    6.4549E-01   -6.3130E-01    4.5569E+00    1.8900E-04
2.0714E+01  5.1528E-02 2.1406E+02    4.5050E-06    2.0872E-06    5.8539E-01   -5.7273E-01    4.3821E+00    1.8900E-04
2.0095E+01  5.6697E-02 2.1354E+02    4.4307E-06    1.8973E-06    5.2714E-01   -5.1692E-01    4.2297E+00    1.8900E-04
1.9485E+01  6.2305E-02 2.1308E+02    4.3576E-06    1.7077E-06    4.7149E-01   -4.6245E-01    4.0982E+00    1.8900E-04
1.8886E+01  6.8383E-02 2.1267E+02    4.2857E-06    1.5205E-06    4.1904E-01   -4.0869E-01    3.9850E+00    1.8900E-04
1.8295E+01  7.4959E-02 2.1231E+02    4.2149E-06    1.3325E-06    3.6976E-01   -3.5657E-01    3.8869E+00    1.8900E-04
1.7714E+01  8.2063E-02 2.1198E+02    4.1560E-06    1.1573E-06    3.2553E-01   -3.0578E-01    3.7998E+00    1.8900E-04
1.7141E+01  8.9728E-02 2.1167E+02    4.0988E-06    9.8437E-07    2.8480E-01   -2.6015E-01    3.7197E+00    1.8900E-04
1.6578E+01  9.7985E-02 2.1137E+02    4.0460E-06    8.1864E-07    2.4802E-01   -2.2197E-01    3.6431E+00    1.8900E-04
1.6024E+01  1.0687E-01 2.1107E+02    4.0016E-06    6.6936E-07    2.1503E-01   -1.6724E-01    3.5668E+00    1.8900E-04
1.5478E+01  1.1641E-01 2.1076E+02    3.9635E-06    5.3761E-07    1.8656E-01   -1.4010E-01    3.4901E+00    1.8900E-04
1.4942E+01  1.2664E-01 2.1045E+02    3.9314E-06    4.2365E-07    1.6256E-01   -1.2141E-01    3.4160E+00    1.8900E-04
1.4414E+01  1.3760E-01 2.1017E+02    3.9065E-06    3.2838E-07    1.4269E-01   -1.1001E-01    3.3500E+00    1.8900E-04
1.3895E+01  1.4932E-01 2.0995E+02    3.8858E-06    2.4824E-07    1.2614E-01   -1.0548E-01    3.2994E+00    1.8900E-04
1.3385E+01  1.6183E-01 2.0983E+02    3.8727E-06    1.8254E-07    1.1273E-01   -1.0528E-01    3.2709E+00    1.8900E-04
1.2882E+01  1.7517E-01 2.0984E+02    3.8626E-06    1.3674E-07    1.0299E-01   -1.0338E-01    3.2716E+00    1.8900E-04
1.2388E+01  1.8937E-01 2.0997E+02    3.8528E-06    1.0683E-07    9.6291E-02   -9.7504E-02    3.3039E+00    1.8900E-04
1.1901E+01  2.0446E-01 2.1025E+02    3.9814E-06    8.5605E-08    9.2162E-02   -9.3484E-02    3.3684E+00    1.8900E-04
1.1422E+01  2.2048E-01 2.1066E+02    4.5042E-06    6.9901E-08    9.1175E-02   -9.7851E-02    3.4658E+00    1.8900E-04
1.0949E+01  2.3745E-01 2.1116E+02    5.4098E-06    6.0183E-08    9.3028E-02   -9.2219E-02    3.5900E+00    1.8900E-04
1.0484E+01  2.5541E-01 2.1169E+02    6.3449E-06    5.4508E-08    9.5487E-02   -1.5659E-02    3.7248E+00    1.8900E-04
1.0025E+01  2.7438E-01 2.1235E+02    6.9717E-06    5.0617E-08    9.8065E-02   -5.3804E-02    3.8984E+00    1.8900E-04
9.5701E+00  2.9439E-01 2.1621E+02    1.1735E-05    4.7434E-08    1.1901E-01   -3.7933E-01    5.0603E+00    1.8900E-04
9.1145E+00  3.1546E-01 2.2055E+02    2.0616E-05    4.4576E-08    1.5537E-01   -7.7510E-01    6.1372E+00    1.8900E-04
8.6584E+00  3.3761E-01 2.2487E+02    3.5324E-05    4.1862E-08    2.0521E-01   -1.1875E+00    7.3176E+00    1.8900E-04
8.2022E+00  3.6086E-01 2.2914E+02    5.9001E-05    3.9231E-08    2.6626E-01   -1.5703E+00    8.6468E+00    1.8900E-04
7.7463E+00  3.8522E-01 2.3335E+02    9.5997E-05    3.6687E-08    3.3335E-01   -1.8723E+00    1.0124E+01    1.8900E-04
7.2912E+00  4.1072E-01 2.3748E+02    1.5201E-04    3.4313E-08    4.0337E-01   -2.0783E+00    1.1744E+01    1.8900E-04
6.8374E+00  4.3735E-01 2.4148E+02    2.3410E-04    3.2029E-08    4.7875E-01   -2.2150E+00    1.3496E+01    1.8900E-04
6.3855E+00  4.6512E-01 2.4535E+02    3.5039E-04    2.9836E-08    5.5621E-01   -2.2723E+00    1.5361E+01    1.8900E-04
5.9359E+00  4.9402E-01 2.4906E+02    5.0967E-04    2.7802E-08    6.2227E-01   -2.2797E+00    1.7319E+01    1.8900E-04
5.4894E+00  5.2407E-01 2.5259E+02    7.2075E-04    2.5833E-08    6.6948E-01   -2.2648E+00    1.9348E+01    1.8900E-04
5.0464E+00  5.5524E-01 2.5593E+02    9.9194E-04    2.3925E-08    7.0329E-01   -2.2491E+00    2.1425E+01    1.8900E-04
4.6076E+00  5.8752E-01 2.5909E+02    1.3306E-03    2.2144E-08    7.3055E-01   -2.2104E+00    2.3529E+01    1.8900E-04
4.1734E+00  6.2090E-01 2.6205E+02    1.7430E-03    2.0499E-08    7.5141E-01   -2.1506E+00    2.5644E+01    1.8900E-04
3.7445E+00  6.5535E-01 2.6484E+02    2.2341E-03    1.8883E-08    7.6303E-01   -2.0873E+00    2.7756E+01    1.8900E-04
3.3212E+00  6.9084E-01 2.6746E+02    2.8077E-03    1.7521E-08    7.6542E-01   -1.9984E+00    2.9854E+01    1.8900E-04
2.9041E+00  7.2733E-01 2.6993E+02    3.4667E-03    1.6178E-08    7.6150E-01   -1.8569E+00    3.1931E+01    1.8900E-04
2.4936E+00  7.6478E-01 2.7225E+02    4.2130E-03    1.5020E-08    7.5432E-01   -1.7069E+00    3.3983E+01    1.8900E-04
2.0898E+00  8.0315E-01 2.7460E+02    5.1150E-03    1.4005E-08    7.4973E-01   -1.6095E+00    3.6162E+01    1.8900E-04
1.6930E+00  8.4239E-01 2.7689E+02    6.0163E-03    1.3094E-08    7.3160E-01   -1.5256E+00    3.8388E+01    1.8900E-04
1.3034E+00  8.8242E-01 2.7910E+02    7.0149E-03    1.2393E-08    7.1487E-01   -1.5116E+00    4.0617E+01    1.8900E-04
9.2143E-01  9.2320E-01 2.8118E+02    8.1308E-03    1.1768E-08    7.0421E-01   -1.5778E+00    4.2819E+01    1.8900E-04
5.4729E-01  9.6464E-01 2.8317E+02    9.1993E-03    1.1253E-08    6.9680E-01   -1.7538E+00    4.4999E+01    1.8900E-04
1.8127E-01  1.0067E+00 2.8507E+02    1.0566E-02    1.0820E-08    7.1839E-01   -2.0099E+00    4.7162E+01    1.8900E-04
0.0000E+00  1.0280E+00 2.8602E+02    1.1249E-02    1.0900E-08    7.9603E+00   -3.5490E+00    4.8272E+01    1.8900E-04
