     ALT          P          T          FH2O           O3           THEAT        TCOOL        PSATCO2        FCO2
7.2532E+01  3.2610E-05 2.0802E+02    3.4196E-06    2.1083E-08    3.4606E+01   -4.4137E+01    2.8757E+00    1.8900E-04
7.1464E+01  3.8505E-05 2.0938E+02    3.7286E-06    2.3372E-08    5.0600E+00   -3.0560E+01    3.1691E+00    1.8900E-04
7.0398E+01  4.5410E-05 2.1079E+02    4.0204E-06    2.6408E-08    1.7486E+00   -2.0604E+01    3.4974E+00    1.8900E-04
6.9334E+01  5.3484E-05 2.1223E+02    4.2975E-06    3.0530E-08    1.3381E+00   -1.3708E+01    3.8658E+00    1.8900E-04
6.8270E+01  6.2916E-05 2.1371E+02    4.5547E-06    3.6263E-08    1.2963E+00   -9.2586E+00    4.2776E+00    1.8900E-04
6.7208E+01  7.3917E-05 2.1521E+02    4.7780E-06    4.4271E-08    1.3033E+00   -6.5686E+00    4.7354E+00    1.8900E-04
6.6147E+01  8.6733E-05 2.1674E+02    4.9882E-06    5.5564E-08    1.3313E+00   -5.0543E+00    5.2202E+00    1.8900E-04
6.5088E+01  1.0164E-04 2.1828E+02    5.1757E-06    7.1101E-08    1.3843E+00   -4.2454E+00    5.5769E+00    1.8900E-04
6.4029E+01  1.1896E-04 2.1982E+02    5.3451E-06    9.1588E-08    1.4741E+00   -3.8415E+00    5.9535E+00    1.8900E-04
6.2972E+01  1.3906E-04 2.2137E+02    5.4988E-06    1.1651E-07    1.5908E+00   -3.6624E+00    6.3496E+00    1.8900E-04
6.1917E+01  1.6235E-04 2.2292E+02    5.6399E-06    1.4454E-07    1.7272E+00   -3.5977E+00    6.7647E+00    1.8900E-04
6.0863E+01  1.8930E-04 2.2446E+02    5.7587E-06    1.7475E-07    1.8769E+00   -3.5865E+00    7.1984E+00    1.8900E-04
5.9811E+01  2.2045E-04 2.2599E+02    5.8739E-06    2.0613E-07    2.0345E+00   -3.6065E+00    7.6505E+00    1.8900E-04
5.8761E+01  2.5640E-04 2.2752E+02    5.9790E-06    2.3967E-07    2.2036E+00   -3.6412E+00    8.1209E+00    1.8900E-04
5.7713E+01  2.9783E-04 2.2903E+02    6.0630E-06    2.7747E-07    2.3930E+00   -3.6828E+00    8.6098E+00    1.8900E-04
5.6668E+01  3.4553E-04 2.3054E+02    6.1467E-06    3.1959E-07    2.6027E+00   -3.7349E+00    9.1173E+00    1.8900E-04
5.5624E+01  4.0036E-04 2.3204E+02    6.2202E-06    3.6796E-07    2.8380E+00   -3.7935E+00    9.6438E+00    1.8900E-04
5.4584E+01  4.6330E-04 2.3353E+02    6.2901E-06    4.2121E-07    3.0900E+00   -3.8587E+00    1.0190E+01    1.8900E-04
5.3546E+01  5.3546E-04 2.3502E+02    6.3524E-06    4.8054E-07    3.3585E+00   -3.9277E+00    1.0756E+01    1.8900E-04
5.2511E+01  6.1809E-04 2.3649E+02    6.4096E-06    5.4669E-07    3.6405E+00   -3.9989E+00    1.1342E+01    1.8900E-04
5.1479E+01  7.1256E-04 2.3797E+02    6.4609E-06    6.1998E-07    3.9291E+00   -4.0691E+00    1.1950E+01    1.8900E-04
5.0450E+01  8.2044E-04 2.3944E+02    6.5081E-06    7.0054E-07    4.2149E+00   -4.1353E+00    1.2578E+01    1.8900E-04
4.9424E+01  9.4347E-04 2.4090E+02    6.5531E-06    7.8992E-07    4.4928E+00   -4.1955E+00    1.3229E+01    1.8900E-04
4.8402E+01  1.0836E-03 2.4236E+02    6.5840E-06    8.9018E-07    4.7647E+00   -4.2692E+00    1.3901E+01    1.8900E-04
4.7383E+01  1.2429E-03 2.4381E+02    6.6174E-06    1.0040E-06    5.0224E+00   -4.3496E+00    1.4596E+01    1.8900E-04
4.6368E+01  1.4239E-03 2.4526E+02    6.6477E-06    1.1335E-06    5.2516E+00   -4.4359E+00    1.5314E+01    1.8900E-04
4.5357E+01  1.6292E-03 2.4670E+02    6.6679E-06    1.2830E-06    5.4487E+00   -4.5453E+00    1.6055E+01    1.8900E-04
4.4350E+01  1.8617E-03 2.4815E+02    6.6800E-06    1.4523E-06    5.5959E+00   -4.7188E+00    1.6820E+01    1.8900E-04
4.3346E+01  2.1247E-03 2.4964E+02    6.6882E-06    1.6411E-06    5.6810E+00   -4.9729E+00    1.7642E+01    1.8900E-04
4.2347E+01  2.4218E-03 2.5101E+02    6.6819E-06    1.8671E-06    5.7259E+00   -5.2260E+00    1.8420E+01    1.8900E-04
4.1353E+01  2.7570E-03 2.5193E+02    6.6720E-06    2.1216E-06    5.6924E+00   -5.3820E+00    1.8957E+01    1.8900E-04
4.0367E+01  3.1347E-03 2.5221E+02    6.6445E-06    2.4231E-06    5.5947E+00   -5.3988E+00    1.9123E+01    1.8900E-04
3.9391E+01  3.5596E-03 2.5180E+02    6.6054E-06    2.7526E-06    5.3975E+00   -5.2722E+00    1.8880E+01    1.8900E-04
3.8428E+01  4.0369E-03 2.5074E+02    6.5604E-06    3.0802E-06    5.0935E+00   -5.0250E+00    1.8263E+01    1.8900E-04
3.7479E+01  4.5726E-03 2.4911E+02    6.5035E-06    3.3918E-06    4.7260E+00   -4.6944E+00    1.7349E+01    1.8900E-04
3.6548E+01  5.1727E-03 2.4705E+02    6.4334E-06    3.6533E-06    4.3254E+00   -4.3206E+00    1.6235E+01    1.8900E-04
3.5635E+01  5.8443E-03 2.4466E+02    6.3579E-06    3.8615E-06    3.9351E+00   -3.9452E+00    1.5014E+01    1.8900E-04
3.4740E+01  6.5948E-03 2.4208E+02    6.2685E-06    4.0018E-06    3.5685E+00   -3.5901E+00    1.3770E+01    1.8900E-04
3.3865E+01  7.4322E-03 2.3940E+02    6.1809E-06    4.0990E-06    3.2422E+00   -3.2677E+00    1.2564E+01    1.8900E-04
3.3008E+01  8.3654E-03 2.3674E+02    6.0953E-06    4.1548E-06    2.9484E+00   -2.9763E+00    1.1440E+01    1.8900E-04
3.2171E+01  9.4040E-03 2.3416E+02    5.9998E-06    4.1800E-06    2.6816E+00   -2.7118E+00    1.0427E+01    1.8900E-04
3.1351E+01  1.0558E-02 2.3174E+02    5.9095E-06    4.1719E-06    2.4335E+00   -2.4924E+00    9.5384E+00    1.8900E-04
3.0549E+01  1.1839E-02 2.2953E+02    5.8151E-06    4.1476E-06    2.2054E+00   -2.2456E+00    8.7747E+00    1.8900E-04
2.9762E+01  1.3259E-02 2.2753E+02    5.7209E-06    4.0906E-06    1.9907E+00   -2.0178E+00    8.1257E+00    1.8900E-04
2.8992E+01  1.4830E-02 2.2575E+02    5.6283E-06    4.0083E-06    1.7922E+00   -1.8096E+00    7.5773E+00    1.8900E-04
2.8235E+01  1.6566E-02 2.2416E+02    5.5376E-06    3.9068E-06    1.6126E+00   -1.6216E+00    7.1139E+00    1.8900E-04
2.7493E+01  1.8482E-02 2.2276E+02    5.4484E-06    3.7825E-06    1.4517E+00   -1.4544E+00    6.7206E+00    1.8900E-04
2.6763E+01  2.0594E-02 2.2150E+02    5.3610E-06    3.6515E-06    1.3126E+00   -1.3083E+00    6.3839E+00    1.8900E-04
2.6046E+01  2.2919E-02 2.2037E+02    5.2649E-06    3.5037E-06    1.1913E+00   -1.1819E+00    6.0923E+00    1.8900E-04
2.5342E+01  2.5473E-02 2.1935E+02    5.1803E-06    3.3405E-06    1.0856E+00   -1.0744E+00    5.8366E+00    1.8900E-04
2.4648E+01  2.8277E-02 2.1841E+02    5.0950E-06    3.1719E-06    9.9406E-01   -9.8210E-01    5.6097E+00    1.8900E-04
2.3966E+01  3.1350E-02 2.1755E+02    5.0053E-06    2.9944E-06    9.1271E-01   -9.0107E-01    5.4065E+00    1.8900E-04
2.3296E+01  3.4713E-02 2.1675E+02    4.9249E-06    2.8204E-06    8.4015E-01   -8.2803E-01    5.2234E+00    1.8900E-04
2.2636E+01  3.8388E-02 2.1601E+02    4.8357E-06    2.6360E-06    7.7155E-01   -7.6019E-01    4.9949E+00    1.8900E-04
2.1986E+01  4.2399E-02 2.1533E+02    4.7523E-06    2.4539E-06    7.0705E-01   -6.9631E-01    4.7717E+00    1.8900E-04
2.1347E+01  4.6770E-02 2.1470E+02    4.6711E-06    2.2671E-06    6.4481E-01   -6.3584E-01    4.5743E+00    1.8900E-04
2.0718E+01  5.1527E-02 2.1412E+02    4.5949E-06    2.0888E-06    5.8603E-01   -5.7723E-01    4.4008E+00    1.8900E-04
2.0099E+01  5.6696E-02 2.1361E+02    4.5113E-06    1.8988E-06    5.2773E-01   -5.2109E-01    4.2496E+00    1.8900E-04
1.9489E+01  6.2304E-02 2.1315E+02    4.4382E-06    1.7035E-06    4.7123E-01   -4.6735E-01    4.1189E+00    1.8900E-04
1.8889E+01  6.8382E-02 2.1275E+02    4.3662E-06    1.5193E-06    4.1918E-01   -4.1319E-01    4.0065E+00    1.8900E-04
1.8298E+01  7.4957E-02 2.1239E+02    4.2954E-06    1.3337E-06    3.7012E-01   -3.6067E-01    3.9090E+00    1.8900E-04
1.7717E+01  8.2062E-02 2.1207E+02    4.2363E-06    1.1484E-06    3.2446E-01   -3.1208E-01    3.8227E+00    1.8900E-04
1.7144E+01  8.9726E-02 2.1176E+02    4.1791E-06    9.7753E-07    2.8400E-01   -2.6661E-01    3.7437E+00    1.8900E-04
1.6580E+01  9.7983E-02 2.1147E+02    4.1262E-06    8.1843E-07    2.4820E-01   -2.2694E-01    3.6685E+00    1.8900E-04
1.6026E+01  1.0686E-01 2.1117E+02    4.0818E-06    6.6898E-07    2.1528E-01   -1.7231E-01    3.5934E+00    1.8900E-04
1.5480E+01  1.1641E-01 2.1087E+02    4.0437E-06    5.3707E-07    1.8679E-01   -1.4517E-01    3.5179E+00    1.8900E-04
1.4943E+01  1.2664E-01 2.1057E+02    4.0115E-06    4.2365E-07    1.6286E-01   -1.2618E-01    3.4447E+00    1.8900E-04
1.4415E+01  1.3760E-01 2.1030E+02    3.9865E-06    3.2860E-07    1.4300E-01   -1.1454E-01    3.3794E+00    1.8900E-04
1.3896E+01  1.4931E-01 2.1008E+02    3.9658E-06    2.4761E-07    1.2635E-01   -1.1013E-01    3.3290E+00    1.8900E-04
1.3385E+01  1.6182E-01 2.0996E+02    3.9527E-06    1.8239E-07    1.1299E-01   -1.0966E-01    3.3011E+00    1.8900E-04
1.2883E+01  1.7516E-01 2.0996E+02    3.9426E-06    1.3676E-07    1.0328E-01   -1.0735E-01    3.3016E+00    1.8900E-04
1.2388E+01  1.8936E-01 2.1010E+02    3.9328E-06    1.0682E-07    9.6572E-02   -1.0110E-01    3.3336E+00    1.8900E-04
1.1901E+01  2.0446E-01 2.1038E+02    4.0616E-06    8.5511E-08    9.2430E-02   -9.7486E-02    3.3988E+00    1.8900E-04
1.1421E+01  2.2047E-01 2.1078E+02    4.5981E-06    6.9847E-08    9.1488E-02   -1.0229E-01    3.4965E+00    1.8900E-04
1.0949E+01  2.3745E-01 2.1128E+02    5.5048E-06    6.0102E-08    9.3313E-02   -9.6147E-02    3.6197E+00    1.8900E-04
1.0483E+01  2.5540E-01 2.1180E+02    6.4385E-06    5.4393E-08    9.5714E-02   -2.0692E-02    3.7528E+00    1.8900E-04
1.0024E+01  2.7437E-01 2.1245E+02    7.0640E-06    5.0551E-08    9.8215E-02   -5.2558E-02    3.9244E+00    1.8900E-04
9.5687E+00  2.9438E-01 2.1616E+02    1.1671E-05    4.7423E-08    1.1838E-01   -3.6570E-01    5.0461E+00    1.8900E-04
9.1132E+00  3.1545E-01 2.2051E+02    2.0506E-05    4.4566E-08    1.5443E-01   -7.6241E-01    6.1263E+00    1.8900E-04
8.6572E+00  3.3760E-01 2.2483E+02    3.5141E-05    4.1853E-08    2.0408E-01   -1.1760E+00    7.3051E+00    1.8900E-04
8.2011E+00  3.6085E-01 2.2910E+02    5.8706E-05    3.9223E-08    2.6503E-01   -1.5609E+00    8.6325E+00    1.8900E-04
7.7453E+00  3.8522E-01 2.3331E+02    9.5533E-05    3.6680E-08    3.3212E-01   -1.8653E+00    1.0108E+01    1.8900E-04
7.2903E+00  4.1071E-01 2.3743E+02    1.5131E-04    3.4307E-08    4.0219E-01   -2.0733E+00    1.1727E+01    1.8900E-04
6.8366E+00  4.3734E-01 2.4144E+02    2.3306E-04    3.2023E-08    4.7759E-01   -2.2115E+00    1.3476E+01    1.8900E-04
6.3847E+00  4.6510E-01 2.4531E+02    3.4893E-04    2.9832E-08    5.5513E-01   -2.2700E+00    1.5340E+01    1.8900E-04
5.9352E+00  4.9401E-01 2.4902E+02    5.0766E-04    2.7798E-08    6.2138E-01   -2.2780E+00    1.7297E+01    1.8900E-04
5.4888E+00  5.2406E-01 2.5255E+02    7.1810E-04    2.5830E-08    6.6880E-01   -2.2635E+00    1.9325E+01    1.8900E-04
5.0459E+00  5.5523E-01 2.5590E+02    9.8856E-04    2.3922E-08    7.0273E-01   -2.2480E+00    2.1401E+01    1.8900E-04
4.6071E+00  5.8751E-01 2.5905E+02    1.3264E-03    2.2142E-08    7.3007E-01   -2.2097E+00    2.3505E+01    1.8900E-04
4.1730E+00  6.2089E-01 2.6202E+02    1.7379E-03    2.0514E-08    7.5103E-01   -2.1501E+00    2.5619E+01    1.8900E-04
3.7441E+00  6.5533E-01 2.6481E+02    2.2280E-03    1.8980E-08    7.6278E-01   -2.0870E+00    2.7731E+01    1.8900E-04
3.3209E+00  6.9082E-01 2.6743E+02    2.8006E-03    1.7533E-08    7.6525E-01   -1.9986E+00    2.9829E+01    1.8900E-04
2.9039E+00  7.2731E-01 2.6990E+02    3.4585E-03    1.6248E-08    7.6141E-01   -1.8575E+00    3.1907E+01    1.8900E-04
2.4933E+00  7.6476E-01 2.7222E+02    4.2037E-03    1.5066E-08    7.5429E-01   -1.7078E+00    3.3958E+01    1.8900E-04
2.0896E+00  8.0313E-01 2.7457E+02    5.1052E-03    1.4038E-08    7.4985E-01   -1.6104E+00    3.6137E+01    1.8900E-04
1.6928E+00  8.4237E-01 2.7687E+02    6.0069E-03    1.3182E-08    7.3186E-01   -1.5262E+00    3.8363E+01    1.8900E-04
1.3033E+00  8.8240E-01 2.7907E+02    7.0023E-03    1.2403E-08    7.1496E-01   -1.5112E+00    4.0592E+01    1.8900E-04
9.2135E-01  9.2317E-01 2.8116E+02    8.1188E-03    1.1768E-08    7.0438E-01   -1.5772E+00    4.2794E+01    1.8900E-04
5.4724E-01  9.6461E-01 2.8315E+02    9.1838E-03    1.1253E-08    6.9679E-01   -1.7522E+00    4.4974E+01    1.8900E-04
1.8125E-01  1.0066E+00 2.8505E+02    1.0550E-02    1.0820E-08    7.1845E-01   -2.0085E+00    4.7136E+01    1.8900E-04
0.0000E+00  1.0280E+00 2.8600E+02    1.1234E-02    1.0900E-08    7.9612E+00   -3.5506E+00    4.8246E+01    1.8900E-04
