   208.198213109839        0.219354589065044E-05
   209.556971091024        0.240491523932045E-05
   210.952947413197        0.260357694267871E-05
   212.389178454575        0.278263678769049E-05
   213.859776832873        0.295155672351922E-05
   215.356782873488        0.310531924385489E-05
   216.872579704940        0.324676163460069E-05
   218.400383467234        0.337309879821405E-05
   219.934303280161        0.348109200958490E-05
   221.469394355021        0.358612539630496E-05
   223.001722829305        0.367080383427757E-05
   224.528394780968        0.375454645873101E-05
   226.047522466695        0.382815363894339E-05
   227.558123471358        0.389871706365308E-05
   229.059962215944        0.396119047844377E-05
   230.553352601771        0.401353204654368E-05
   232.038947593992        0.406049432939618E-05
   233.517544728353        0.411186053979551E-05
   234.989933256143        0.415312020651396E-05
   236.456798139874        0.418426759778207E-05
   237.918681226439        0.421765071508432E-05
   239.375986497751        0.424810352426282E-05
   240.829009809263        0.426849201411351E-05
   242.277975305957        0.428881357527296E-05
   243.723067429161        0.430906563033707E-05
   245.164454490879        0.431924563445645E-05
   246.602304307469        0.432000000000000E-05
   248.062577632503        0.432000000000000E-05
   249.515571607090        0.431000000000000E-05
   250.648142062988        0.428161976455102E-05
   251.183826350328        0.425218783852743E-05
   251.009590349940        0.420471642162846E-05
   250.111389532827        0.414922304780229E-05
   248.539025498598        0.408342140899705E-05
   246.384450045619        0.400907999215291E-05
   243.762538608569        0.392293570010708E-05
   240.795479607842        0.383305034411045E-05
   237.603705742788        0.373766368030800E-05
   234.301922600984        0.363795047155980E-05
   230.998534846621        0.354945234639845E-05
   227.794908456845        0.345341344305901E-05
   224.783395296161        0.335974332339448E-05
   222.028916271278        0.327698308592349E-05
   219.565592532880        0.318891123052880E-05
   217.402608907994        0.310141895907576E-05
   215.529537791086        0.302557513382305E-05
   213.922156786770        0.294129299512000E-05
   212.548622908890        0.285885954053973E-05
   211.374492043285        0.278707105976468E-05
   210.366478286379        0.271415837265669E-05
   209.494747988668        0.263850396148007E-05
   208.734433505410        0.257038226224441E-05
   208.065750163369        0.249989083903418E-05
   207.473554337667        0.242853123150634E-05
   206.947335777856        0.236523726965796E-05
   206.480241011873        0.230097744157665E-05
   206.068164129316        0.223404850490006E-05
   205.708778894606        0.217484545490710E-05
   205.399891203528        0.211653961369936E-05
   205.137603556046        0.205927207214600E-05
   204.916877366821        0.201389223744899E-05
   204.731425219098        0.196919055718717E-05
   204.573991763387        0.192515608173804E-05
   204.437767718670        0.188635468689254E-05
   204.312331351354        0.185431167541961E-05
   204.196807169463        0.182275251681248E-05
   204.106415560832        0.179779434528791E-05
   204.068224474693        0.177738663974035E-05
   204.114394615639        0.176364872329385E-05
   204.274831731155        0.175374693235194E-05
   204.590372652891        0.176197821370028E-05
   204.854690547175        0.214827670858952E-05
   205.463890824755        0.244961130572744E-05
   206.249381522542        0.294136484736297E-05
   207.754223187908        0.362874812105334E-05
   210.046876174416        0.504152379606874E-05
   214.294316873232        0.904670589549515E-05
   218.694546941695        0.161781155887236E-04
   223.076821191681        0.282051650249330E-04
   227.423416975429        0.479163889268198E-04
   231.712847302148        0.792638350245025E-04
   235.920253826851        0.127558140164675E-03
   240.018665895034        0.199518187547702E-03
   243.981161217482        0.303096588572550E-03
   247.783589401620        0.447061047381018E-03
   251.407178664170        0.640406374033607E-03
   254.840278910669        0.891748913550430E-03
   258.078745246888        0.120885337054362E-02
   261.125017560644        0.159836305666498E-02
   263.986483873214        0.206572441406224E-02
   266.673679279738        0.261524044685108E-02
   269.198703612846        0.325017829836520E-02
   271.574024318207        0.397287460736350E-02
   273.905550998640        0.483162920807989E-02
   276.257376370207        0.575217699792597E-02
   278.502222901297        0.668223446258183E-02
   280.641075386754        0.782326796367806E-02
   282.674410507440        0.891017792474607E-02
   284.625352909386        0.102234745255138E-01
   286.475810640440        0.115534824448549E-01
   287.405651751598        0.122224261262642E-01
