   209.002238665648        0.245832575488744E-05
   210.350977237483        0.269419492712928E-05
   211.738345395024        0.291442537140818E-05
   213.167655991390        0.312159223750925E-05
   214.632955526276        0.331395703104109E-05
   216.126085707526        0.348655297689208E-05
   217.639189454677        0.364613605327583E-05
   219.165236213839        0.378506522075805E-05
   220.698102365976        0.391704364174839E-05
   222.232640761210        0.403316375785756E-05
   223.764756805980        0.413331565286116E-05
   225.291441316841        0.422795171593443E-05
   226.810733027156        0.431243896278676E-05
   228.321608416487        0.438676450442612E-05
   229.823811504586        0.445090718138322E-05
   231.317645586679        0.451363021477839E-05
   232.803754841352        0.457429056455564E-05
   234.282925340298        0.462605280780799E-05
   235.755930424742        0.466770342823011E-05
   237.223434479516        0.470923683659983E-05
   238.685954620033        0.475064757263288E-05
   240.143866929592        0.478193027240498E-05
   241.597437569979        0.481307971112030E-05
   243.046860746399        0.483704750641355E-05
   244.492292229041        0.485748102353474E-05
   245.933874327664        0.487000000000001E-05
   247.371752817522        0.488000000000000E-05
   248.813504836750        0.488167047494258E-05
   250.310372454144        0.488000000000000E-05
   251.561135009661        0.486151271813608E-05
   252.261155514646        0.484160625527474E-05
   252.283172181541        0.480375041975312E-05
   251.610318822975        0.475475308289035E-05
   250.294971865265        0.469262198076885E-05
   248.430442265295        0.461705953194809E-05
   246.129602902781        0.454294715809912E-05
   243.509920578508        0.445797886588200E-05
   240.683265340138        0.435932909376241E-05
   237.752111393227        0.426513914685074E-05
   234.808748586951        0.417358554182281E-05
   231.934635599377        0.407454071586370E-05
   229.202526245545        0.397770452143245E-05
   226.660783907102        0.388315851788782E-05
   224.332771591940        0.379075014841395E-05
   222.224710280381        0.370027048704065E-05
   220.330464034685        0.361172676016671E-05
   218.635699190193        0.352489039076772E-05
   217.121293465073        0.343970404890150E-05
   215.766809109180        0.335617894396584E-05
   214.553013252257        0.327394686537672E-05
   213.462975410828        0.319326690157253E-05
   212.482745557551        0.311496180469746E-05
   211.600762341634        0.304579171867700E-05
   210.807576405741        0.296899792992388E-05
   210.095834451269        0.289351053030834E-05
   209.460664093509        0.281905207928046E-05
   208.898745434602        0.274981295670438E-05
   208.407006896801        0.268363480707244E-05
   207.981319835741        0.262057495333270E-05
   207.615085109670        0.255282312955417E-05
   207.299798996940        0.249595909824503E-05
   207.025380486846        0.244836796774298E-05
   206.781009345729        0.239615558221017E-05
   206.556293005417        0.235673232415857E-05
   206.339853272489        0.232434184441572E-05
   206.131008349030        0.229245532133986E-05
   205.945229517233        0.226106785892347E-05
   205.809622965385        0.224340070021306E-05
   205.754397482082        0.222651463149296E-05
   205.817791822766        0.221327949126158E-05
   206.009523811825        0.220344650057404E-05
   206.348979852749        0.250302966531979E-05
   206.816588267106        0.293005205167153E-05
   207.319927226852        0.339649667948107E-05
   207.997362383146        0.375791270345876E-05
   209.945421668099        0.497324070787911E-05
   213.507528912729        0.814512644031659E-05
   217.895020058396        0.146032039106619E-04
   222.266671204151        0.255280385969116E-04
   226.605826003312        0.434947820837881E-04
   230.892283542032        0.721825124530496E-04
   235.102507736943        0.116586195193932E-03
   239.210537876727        0.183105202521848E-03
   243.189728055416        0.279422037773262E-03
   247.015266418257        0.414131960308584E-03
   250.667198963000        0.596193364204417E-03
   254.132323122059        0.834320303395458E-03
   257.404801634004        0.113647035536251E-02
   260.485528304368        0.150952348690925E-02
   263.380667803699        0.195916137797568E-02
   266.099909891707        0.248989298166365E-02
   268.654855111404        0.310515199582479E-02
   271.057743215503        0.380740431004154E-02
   273.364855058146        0.462389006640531E-02
   275.740436625866        0.555382808341261E-02
   277.994131320744        0.643813114241930E-02
   280.153850883568        0.756859897428224E-02
   282.202708033596        0.866398113378326E-02
   284.168552749169        0.990235667111571E-02
   286.033499477968        0.112430335987927E-01
   286.969013298137        0.119162042701861E-01
