   207.900458941946        0.348847143283864E-05
   209.263729018674        0.380277297209933E-05
   210.665838672337        0.410405920312766E-05
   212.109888489173        0.438091514998061E-05
   213.589735523242        0.463767974593107E-05
   215.097166243806        0.487136437770382E-05
   216.624390104578        0.509014759850313E-05
   218.164510329309        0.527738030947592E-05
   219.711548179508        0.544664659744698E-05
   221.260468616394        0.561000587309095E-05
   222.807229251387        0.574772636515265E-05
   224.348803807579        0.586945922065118E-05
   225.883151077283        0.598463227470400E-05
   227.409122230836        0.608961234890018E-05
   228.926312515095        0.618348090165446E-05
   230.434873019347        0.626532166958300E-05
   231.935306504006        0.634050959111691E-05
   233.428276153780        0.641029875027639E-05
   234.914454042122        0.647254873076095E-05
   236.394425763442        0.652975587287060E-05
   237.868652204172        0.658102264578438E-05
   239.337475393435        0.663216442813736E-05
   240.801148715437        0.667317582304670E-05
   242.259873538086        0.671405153111214E-05
   243.713830944165        0.674478630146402E-05
   245.163204209899        0.676768879555565E-05
   246.608192176636        0.678790742530670E-05
   248.049015352365        0.680804795891719E-05
   249.542566806628        0.681000000000000E-05
   250.919078397291        0.681000000000000E-05
   251.855145565332        0.680203654463978E-05
   252.149184365104        0.677462989915368E-05
   251.748974048693        0.673559693772836E-05
   250.693846322707        0.669060681201258E-05
   249.075474923166        0.663372357215587E-05
   247.011418890696        0.656379129643606E-05
   244.626602681170        0.648842139366352E-05
   242.042671801782        0.640901334271689E-05
   239.370504201894        0.631373988385593E-05
   236.706957567382        0.622582241437819E-05
   234.134010584578        0.613209273823459E-05
   231.720877446171        0.604215388829815E-05
   229.509811876377        0.594584826855009E-05
   227.516223087883        0.585158403027448E-05
   225.737252446785        0.575902760371293E-05
   224.158047239448        0.566835173440814E-05
   222.756774048114        0.557918327739658E-05
   221.508198578040        0.549172758849204E-05
   220.387304085482        0.540155350237438E-05
   219.371582078155        0.531107941064461E-05
   218.442639124017        0.522586286860058E-05
   217.586793670069        0.513603600375984E-05
   216.794484234785        0.505559020590746E-05
   216.059971330943        0.496634742571511E-05
   215.380750966103        0.488308611452518E-05
   214.756990781127        0.480170098964847E-05
   214.190485896225        0.472561063995708E-05
   213.682788021696        0.464187092729462E-05
   213.233581147960        0.456870253676415E-05
   212.839310862082        0.449670364899081E-05
   212.491770914165        0.442584514735447E-05
   212.179494347409        0.436671071024005E-05
   211.889281847857        0.430941035866101E-05
   211.608150964680        0.425642609883078E-05
   211.322819472424        0.421203662940541E-05
   211.029895410949        0.417378244911151E-05
   210.740337506250        0.414156364786670E-05
   210.477519022397        0.411658877710565E-05
   210.272039828147        0.409581057903091E-05
   210.157946303619        0.407537177995431E-05
   210.162445120773        0.406263315753107E-05
   210.299203802137        0.406000000000000E-05
   210.572809273214        0.419220589649018E-05
   210.974210857974        0.474408086391687E-05
   211.450368338728        0.565832858762052E-05
   212.011654230331        0.635021074883618E-05
   212.603859534593        0.723226563710978E-05
   216.114345326526        0.115938259141992E-04
   220.455551507919        0.203735015303542E-04
   224.772443597977        0.349188648256661E-04
   229.046926039832        0.583427489432953E-04
   233.257536277552        0.949581026644731E-04
   237.380041719348        0.150429208252884E-03
   241.388808673260        0.231761254226937E-03
   245.258888960887        0.347065402589814E-03
   248.968475041349        0.505101086420933E-03
   252.501160481800        0.714688155497663E-03
   255.847384318569        0.984144288846480E-03
   259.004448261720        0.132086130619382E-02
   261.975517344448        0.173107753171692E-02
   264.768072778916        0.221982393465762E-02
   267.392284547167        0.279097977808210E-02
   269.859610254673        0.344737017141773E-02
   272.181744131670        0.419085631241900E-02
   274.536590666968        0.509130445948110E-02
   276.834867788516        0.599339122173220E-02
   279.037034415957        0.698421677523097E-02
   281.125340494342        0.810114735378555E-02
   283.112989917498        0.916619867179932E-02
   285.014552396398        0.105271000930618E-01
   285.964299282522        0.112108790310606E-01
