   208.153588722177        0.332406424470252E-05
   209.513196183890        0.362904651752537E-05
   210.911753809126        0.391792020895835E-05
   212.352428190475        0.417987497713905E-05
   213.829104681403        0.443548364144012E-05
   215.333563052997        0.465880905495564E-05
   216.857982090287        0.485899464878577E-05
   218.395422619004        0.504655602777011E-05
   219.939862718141        0.521153474372416E-05
   221.486231829377        0.535963041573139E-05
   223.030464835098        0.549074368378978E-05
   224.569527014938        0.560943214765674E-05
   226.101381300096        0.572472238678592E-05
   227.624891833476        0.581981766434662E-05
   229.139671380215        0.591280158999808E-05
   230.645889568175        0.598742970530156E-05
   232.144066573087        0.606093399114068E-05
   233.634880949659        0.613068049833005E-05
   235.119017810048        0.619299248879748E-05
   236.597073340460        0.624513275041843E-05
   238.069516553233        0.629139916017982E-05
   239.536695335479        0.634258015935731E-05
   240.998867074989        0.638363012518313E-05
   242.456235798952        0.641454377805272E-05
   243.908984392073        0.644765935075370E-05
   245.357297459472        0.647594138938950E-05
   246.801374922638        0.649000000000000E-05
   248.241438127808        0.650836708813398E-05
   249.737862406109        0.651000000000000E-05
   251.104848120539        0.651000000000000E-05
   252.018444696212        0.649166679115563E-05
   252.287704650294        0.646386363411746E-05
   251.866276325983        0.643480832641080E-05
   250.793537036108        0.637939653712490E-05
   249.160908763144        0.632249069388814E-05
   247.085935962574        0.625212194181869E-05
   244.693260604511        0.617630670229209E-05
   242.102421249601        0.608687528916211E-05
   239.422920577265        0.599931267853909E-05
   236.750815920560        0.590837649858437E-05
   234.167998622586        0.581788591439454E-05
   231.743941392045        0.572795849041435E-05
   229.521151230408        0.563322209639284E-05
   227.515222844055        0.553896905258764E-05
   225.723394927029        0.544641570873026E-05
   224.130763429773        0.535574482653223E-05
   222.715094728545        0.526660840222247E-05
   221.450999625149        0.516919024956793E-05
   220.313440912362        0.508311848857961E-05
   219.280377177416        0.499862568087954E-05
   218.333762120895        0.491303774348285E-05
   217.459796847281        0.482368589234422E-05
   216.649261661933        0.474332225938563E-05
   215.896467827379        0.465413460308559E-05
   215.199041568752        0.457060980412653E-05
   214.557045468282        0.448968085846896E-05
   213.971916380978        0.441430305968356E-05
   213.444908613645        0.433669611203411E-05
   212.975443543668        0.425698871214393E-05
   212.559926337780        0.418511428485834E-05
   212.190811517802        0.412366030361915E-05
   211.856298928989        0.405559261484530E-05
   211.542766001407        0.400073367485271E-05
   211.237736805509        0.395571862836924E-05
   210.928603650140        0.391142755023336E-05
   210.612850502018        0.387340234819994E-05
   210.302652342284        0.384126127191245E-05
   210.021218808828        0.381644007226245E-05
   209.801397329308        0.379571466916857E-05
   209.679481446456        0.377532864760408E-05
   209.681261689313        0.376263799562769E-05
   209.819404799603        0.376000000000000E-05
   210.099296453192        0.388420850417799E-05
   210.511722454759        0.439596196688483E-05
   211.017433858436        0.529663976145815E-05
   211.547266618092        0.622090659742201E-05
   212.271243007342        0.689754965949332E-05
   216.260783586843        0.118176098832142E-04
   220.604238215900        0.207570841726679E-04
   224.923022089212        0.355591007228704E-04
   229.198833794275        0.593815820398973E-04
   233.409960725198        0.965932046686018E-04
   237.531915591512        0.152919938700912E-03
   241.538876645303        0.235425857796307E-03
   245.405856444081        0.352267851498776E-03
   249.111198647073        0.512230689815196E-03
   252.638778994265        0.724136842885141E-03
   255.979317137817        0.996282504795063E-03
   259.130407212070        0.133602342240144E-02
   262.095473600945        0.174955650889248E-02
   264.882198264337        0.224187333582460E-02
   267.500886770282        0.281681971260716E-02
   269.963073571972        0.347719396612810E-02
   272.280483707772        0.422483584907090E-02
   274.631169743339        0.512763917039799E-02
   276.926182669460        0.602841320544911E-02
   279.126271609423        0.703091376987615E-02
   281.211634438772        0.814622468550633E-02
   283.198588610972        0.921970941602762E-02
   285.097332699685        0.105852710027815E-01
   286.046129656244        0.112683314965289E-01
