   207.953316256860        0.345469292715418E-05
   209.315807294688        0.376936052979855E-05
   210.717169400633        0.406796352758203E-05
   212.160517628627        0.433968009582483E-05
   213.639713380982        0.459547755289095E-05
   215.146539480028        0.482828957815103E-05
   216.673196744133        0.504039764760375E-05
   218.212777655131        0.522908054581545E-05
   219.759293119163        0.540519675550578E-05
   221.307700014107        0.555879321338780E-05
   222.853951204672        0.569656943743648E-05
   224.395019164963        0.581867320864179E-05
   225.928864316906        0.593388555068153E-05
   227.454341257381        0.603890449874359E-05
   228.971049320154        0.612294915294599E-05
   230.479143489214        0.620658917480220E-05
   231.979129801751        0.628753264314293E-05
   233.471674024261        0.635328196532928E-05
   234.957450195609        0.641816277899147E-05
   236.437045345878        0.647433945460151E-05
   237.910921336142        0.652626106444198E-05
   239.379420799246        0.657200037862377E-05
   240.842797474023        0.661302570345281E-05
   242.301252965331        0.665391518704080E-05
   243.754968591041        0.668466358210290E-05
   245.204127943869        0.671526572692339E-05
   246.648930301666        0.673785950543619E-05
   248.089596709558        0.674800663272581E-05
   249.583898943461        0.675807550581482E-05
   250.957831199904        0.675000000000000E-05
   251.888745998653        0.674205905222402E-05
   252.177732731383        0.671466490121636E-05
   251.773616625332        0.667562334482693E-05
   250.715874365485        0.663063507713509E-05
   249.095946911904        0.657374163452218E-05
   247.031022696047        0.650380258136583E-05
   244.645629110452        0.642842016491709E-05
   242.061046042488        0.634899738730715E-05
   239.387861041721        0.625370304066957E-05
   236.722789766580        0.616577761427740E-05
   234.147959922241        0.607043517202467E-05
   231.733295722849        0.598006509935772E-05
   229.520951137566        0.588575056238488E-05
   227.525920975177        0.579147567870709E-05
   225.745158007212        0.569890747263975E-05
   224.163775016879        0.560822250844528E-05
   222.759974352927        0.551904610866326E-05
   221.508591019197        0.543158537911436E-05
   220.384702332296        0.534137940439236E-05
   219.365903399712        0.525092781505007E-05
   218.433885281472        0.516568221573470E-05
   217.575015362904        0.507588138842316E-05
   216.779745572559        0.499543816515072E-05
   216.042314475944        0.490619638230038E-05
   215.360156722861        0.482291433719089E-05
   214.733347196453        0.474155954120487E-05
   214.163575629635        0.466545094465877E-05
   213.652299978428        0.458174060046226E-05
   213.199142931013        0.450858047005585E-05
   212.800536085299        0.443659186908370E-05
   212.448304432296        0.436574580410963E-05
   212.131018511680        0.430663856895879E-05
   211.835516338765        0.424935080899166E-05
   211.548830781962        0.419638998672570E-05
   211.257660460052        0.415201306491740E-05
   210.958915937602        0.411377511618293E-05
   210.663824784210        0.408156724818677E-05
   210.395706989736        0.405659894575589E-05
   210.186434022089        0.403582875539573E-05
   210.069296826269        0.402270154015014E-05
   210.070830953925        0.401265048567420E-05
   210.210706696863        0.400275755571884E-05
   210.482546973300        0.413170499492217E-05
   210.881552575591        0.466916570369201E-05
   211.381576101301        0.558639457396426E-05
   211.909261477104        0.653877005770098E-05
   212.527031627314        0.714215781529282E-05
   216.133354810775        0.116226062489953E-04
   220.475234497523        0.204238244971046E-04
   224.792764191653        0.350045174408794E-04
   229.067814012644        0.584844038996292E-04
   233.278877592291        0.951852091760859E-04
   237.401674977395        0.150781287422223E-03
   241.410534129402        0.232287935625949E-03
   245.280493335950        0.347824926958706E-03
   248.989764646328        0.506157732356511E-03
   252.521980190690        0.716108985453278E-03
   255.867620088488        0.985995576001061E-03
   259.024031866490        0.132320635157827E-02
   261.994423418751        0.173397591387511E-02
   264.786310774429        0.222333192024601E-02
   267.409888546203        0.279515130124994E-02
   269.876628928309        0.345225776461524E-02
   272.198232188879        0.419651153831500E-02
   274.552638715230        0.509746962983518E-02
   276.850618342607        0.599943346749456E-02
   279.052679041658        0.699240710302708E-02
   281.140698494997        0.810917605539913E-02
   283.128440605037        0.917426740965969E-02
   285.029674199803        0.105377391009425E-01
   285.979380975229        0.112214829695336E-01
