   208.831736301236        0.233116418679993E-05
   210.182416702111        0.255672745535192E-05
   211.571293141582        0.276049900097177E-05
   213.001609643026        0.295898376613085E-05
   214.467444745680        0.313937877810544E-05
   215.960703453145        0.330468340894171E-05
   217.473596813493        0.345348000876281E-05
   218.999160034640        0.358468399904676E-05
   220.531330169064        0.371192552606804E-05
   222.065013402898        0.381916744811071E-05
   223.596159473133        0.391387602907918E-05
   225.121794045296        0.400621457763318E-05
   226.639982089647        0.408253467982651E-05
   228.149719596837        0.415248369696521E-05
   229.650765687904        0.421542926984747E-05
   231.143436498089        0.427823606300739E-05
   232.628388365478        0.433393466024679E-05
   234.106419745656        0.438339598786011E-05
   235.578316947667        0.442715693458575E-05
   237.044757931332        0.445929877949390E-05
   238.506273822498        0.449991327119386E-05
   239.963254830992        0.453054969657443E-05
   241.415980918174        0.456107650054718E-05
   242.864659248772        0.458153462865293E-05
   244.309457184963        0.460000000000000E-05
   245.750526749210        0.461223477904681E-05
   247.188021069655        0.462000000000000E-05
   248.638140459542        0.462000000000001E-05
   250.113183143970        0.461000000000000E-05
   251.309699167054        0.459459172848864E-05
   251.940315970771        0.456488518851164E-05
   251.884642664943        0.452331767464386E-05
   251.126084061308        0.447503747784975E-05
   249.715448120405        0.440685010242675E-05
   247.745693485823        0.433167238110732E-05
   245.330233811734        0.424994864910190E-05
   242.586878424087        0.415982561428577E-05
   239.627878955411        0.406816244945539E-05
   236.556742013547        0.397516752407470E-05
   233.468827993143        0.387459233568152E-05
   230.451230924705        0.378045575065539E-05
   227.583985778326        0.369099080862531E-05
   224.923072374177        0.359750121944787E-05
   222.498384906087        0.350635073428951E-05
   220.320690410106        0.341698625246079E-05
   218.386093084104        0.332969017932601E-05
   216.680078786208        0.324384211820634E-05
   215.181275627884        0.315978036577621E-05
   213.865444380276        0.307929133169703E-05
   212.708415536897        0.300587015248271E-05
   211.688113515170        0.292608930035254E-05
   210.785097369197        0.284956122924773E-05
   209.983266900513        0.278005514874137E-05
   209.269837652267        0.270395786428969E-05
   208.635057332791        0.262924849183157E-05
   208.071972700115        0.256514850040791E-05
   207.575583243439        0.249701691300194E-05
   207.142300448140        0.243078605792894E-05
   206.768612170772        0.236859962703526E-05
   206.449002339909        0.231075656667758E-05
   206.176432976919        0.225493371833074E-05
   205.942666435613        0.220994529996331E-05
   205.738780599130        0.216563958131701E-05
   205.555269358176        0.212200649441679E-05
   205.381321802740        0.208429696114786E-05
   205.217228175946        0.205838892605784E-05
   205.078561248809        0.203132354643964E-05
   204.990377519914        0.201353245458410E-05
   204.979628311852        0.199686053273427E-05
   205.077350771625        0.198349148598264E-05
   205.315070977470        0.197369286016142E-05
   205.699748521435        0.239223341854925E-05
   206.098093159922        0.271838147956748E-05
   206.873841932160        0.307161041877614E-05
   207.825851826139        0.371284089754539E-05
   209.907976597941        0.494631074077961E-05
   213.868909725756        0.854829967695964E-05
   218.262383673384        0.153082336065360E-04
   222.639117643020        0.267280304091525E-04
   226.981967702536        0.454797540557944E-04
   231.270121542204        0.753670738245907E-04
   235.479392303487        0.121529780539618E-03
   239.583311893357        0.190514807412026E-03
   243.555104770713        0.290131475116478E-03
   247.370303489242        0.429060418547305E-03
   251.009433764672        0.616280590322510E-03
   254.459992485683        0.860464739388333E-03
   257.716918474762        0.116948351475098E-02
   260.781824092207        0.155010784153585E-02
   263.661449314629        0.200790947345835E-02
   266.365886524150        0.254730003753846E-02
   268.906978819908        0.317163386541026E-02
   271.297082345348        0.388331523306206E-02
   273.616929295854        0.472076565426225E-02
   275.981249195605        0.564625287941951E-02
   278.230393266113        0.653997743862744E-02
   280.380285622178        0.768698376301292E-02
   282.421832736107        0.877837635819088E-02
   284.381165999536        0.100518575210737E-01
   286.239268004373        0.113874956641004E-01
   287.172088221059        0.120586604963174E-01
