   207.806032295600        0.354083631196342E-05
   209.170722902467        0.386086388487356E-05
   210.574200213301        0.416320566515556E-05
   212.019538433511        0.444259889623230E-05
   213.500583897428        0.470912103554935E-05
   215.009125061823        0.494255957562494E-05
   216.537381741541        0.516104978527616E-05
   218.078471806599        0.535160964691107E-05
   219.626431923980        0.552731348288114E-05
   221.176240461021        0.568053062593514E-05
   222.723864668212        0.582131987965789E-05
   224.266283477266        0.594975197791603E-05
   225.801456797086        0.606488510140941E-05
   227.328233845889        0.616982589577109E-05
   228.846206128042        0.626362014062641E-05
   230.355520342615        0.634720032184348E-05
   231.856675001925        0.642794678297862E-05
   233.350329615785        0.650033709843357E-05
   234.837153349314        0.656256576647219E-05
   236.317729721763        0.661975320417111E-05
   237.792518346154        0.667100623391964E-05
   239.261860642185        0.672213449769937E-05
   240.726009832791        0.676313259110496E-05
   242.185167333058        0.680399520661009E-05
   243.639514263993        0.683471708570321E-05
   245.089233766697        0.686529305455272E-05
   246.534524287640        0.688786021801010E-05
   247.975605698071        0.690000000000000E-05
   249.468535624159        0.691000000000000E-05
   250.847581486245        0.691000000000000E-05
   251.787878078113        0.689210728796496E-05
   252.088393209499        0.687239152247837E-05
   251.696965679367        0.683575511639363E-05
   250.649841416760        0.679085413290752E-05
   249.036624578810        0.673398000489262E-05
   246.975081846347        0.666414475598976E-05
   244.591977140687        0.658887722444731E-05
   242.009378954510        0.649948239099597E-05
   239.338143474986        0.641193599367528E-05
   236.675440339228        0.632631448135288E-05
   234.103555697366        0.623110957958239E-05
   231.691894842196        0.614064565757239E-05
   229.482842849142        0.604647418519506E-05
   227.491901049536        0.595221436101082E-05
   225.716230625383        0.585966974685726E-05
   224.140852498864        0.576900212661521E-05
   222.743513644341        0.567983602746690E-05
   221.498808608503        0.559237837212564E-05
   220.381468233984        0.549628717590947E-05
   219.369181225554        0.541173097085986E-05
   218.443877025969        0.532662487045086E-05
   217.591996850693        0.523668098729568E-05
   216.803919234382        0.514725517253721E-05
   216.073906200196        0.506697772397477E-05
   215.399463382613        0.498380676799296E-05
   214.780675055687        0.490230261759820E-05
   214.219146320385        0.481683273428209E-05
   213.716404828737        0.474244462996489E-05
   213.272280935642        0.466925575001427E-05
   212.883619992914        0.459723351173599E-05
   212.543190500841        0.452634880720012E-05
   212.239431459596        0.446711211277915E-05
   211.958587989007        0.440978725413449E-05
   211.687405910060        0.435670565404400E-05
   211.412456499674        0.431229259173932E-05
   211.130093441667        0.427395504523934E-05
   210.850961502640        0.424171570736303E-05
   210.597352732901        0.421000538831338E-05
   210.400103290558        0.419294357607406E-05
   210.292211496379        0.417542785618489E-05
   210.299791806695        0.416265324870955E-05
   210.438848510512        0.415274841383599E-05
   210.717037477600        0.428904673934528E-05
   211.106726437954        0.485089143991559E-05
   211.605471924380        0.577297944162399E-05
   212.139561472888        0.675122008363735E-05
   212.743839166611        0.735558904592000E-05
   216.084351354436        0.115485287823766E-04
   220.425181462416        0.202960556987378E-04
   224.741743045265        0.347898032891227E-04
   229.015982348912        0.581334691136421E-04
   233.226497015795        0.946287065816471E-04
   237.349123757908        0.149927429596894E-03
   241.358281368230        0.231023283714867E-03
   245.229021758092        0.346018377072815E-03
   248.939475687646        0.503665907509770E-03
   252.473194503050        0.712785134620344E-03
   255.820561391839        0.981697533794094E-03
   258.978819395634        0.131780150191839E-02
   261.951081237650        0.172734282652541E-02
   264.744787614068        0.221535933936283E-02
   267.370081419915        0.278573582546718E-02
   269.838405511506        0.344130154776520E-02
   272.161449184899        0.418392092012642E-02
   274.517096879008        0.508383609403189E-02
   276.815989673729        0.598617500001503E-02
   279.018523606167        0.697455770945506E-02
   281.107385473326        0.809179978801573E-02
   283.095127486834        0.915691631836144E-02
   284.997242799218        0.105149764030956E-01
   285.947153475369        0.111988833599281E-01
