     ALT          P          T          FH2O           O3           THEAT        TCOOL        PSATCO2        FCO2
6.1404E+01  3.2610E-05 1.7790E+02    1.6945E-10    7.4408E-09    3.9461E+01   -3.2536E+01    2.2714E-01    3.8303E-04
6.0501E+01  3.8508E-05 1.7309E+02    2.5252E-10    1.0202E-08    2.7883E+00   -1.1596E+01    1.3932E-01    3.8945E-04
5.9620E+01  4.5414E-05 1.7208E+02    3.7535E-10    1.2269E-08    1.8668E+00   -3.0287E+00    1.2532E-01    3.9498E-04
5.8745E+01  5.3492E-05 1.7352E+02    5.6076E-10    1.3299E-08    1.7236E+00   -1.0153E+00    1.4568E-01    4.0099E-04
5.7866E+01  6.2928E-05 1.7610E+02    8.4590E-10    1.3500E-08    1.5995E+00   -1.0009E+00    1.8982E-01    4.0702E-04
5.6981E+01  7.3934E-05 1.7901E+02    1.2938E-09    1.2988E-08    1.4785E+00   -1.1003E+00    2.5336E-01    4.1310E-04
5.6090E+01  8.6756E-05 1.8176E+02    1.9823E-09    1.1979E-08    1.3611E+00   -1.1116E+00    3.3000E-01    4.1893E-04
5.5193E+01  1.0167E-04 1.8408E+02    3.0671E-09    1.0499E-08    1.2499E+00   -1.0951E+00    4.0972E-01    4.2531E-04
5.4293E+01  1.1901E-04 1.8580E+02    4.7741E-09    8.7625E-09    1.1515E+00   -1.0031E+00    4.7969E-01    4.3071E-04
5.3394E+01  1.3912E-04 1.8687E+02    7.4229E-09    6.8339E-09    1.0624E+00   -9.2515E-01    5.2777E-01    4.3710E-04
5.2500E+01  1.6242E-04 1.8726E+02    1.1530E-08    4.8986E-09    9.8219E-01   -8.6871E-01    5.4683E-01    4.4347E-04
5.1612E+01  1.8939E-04 1.8706E+02    1.7790E-08    3.1674E-09    9.1195E-01   -8.3568E-01    5.3696E-01    4.4906E-04
5.0734E+01  2.2056E-04 1.8636E+02    2.7133E-08    1.8470E-09    8.5609E-01   -8.2055E-01    5.0446E-01    4.5506E-04
4.9868E+01  2.5654E-04 1.8531E+02    4.0543E-08    1.0727E-09    8.1475E-01   -8.1615E-01    4.5857E-01    4.6026E-04
4.9014E+01  2.9801E-04 1.8404E+02    5.9104E-08    7.6729E-10    7.8903E-01   -8.1758E-01    4.0814E-01    4.6592E-04
4.8174E+01  3.4574E-04 1.8268E+02    8.4159E-08    6.3161E-10    7.7446E-01   -8.2020E-01    3.5971E-01    4.7042E-04
4.7348E+01  4.0062E-04 1.8134E+02    1.1636E-07    5.4774E-10    7.6965E-01   -8.2342E-01    3.1709E-01    4.7459E-04
4.6534E+01  4.6362E-04 1.8011E+02    1.5584E-07    4.9802E-10    7.7245E-01   -8.2717E-01    2.8185E-01    4.7884E-04
4.5733E+01  5.3585E-04 1.7904E+02    2.0172E-07    4.7187E-10    7.7772E-01   -8.2812E-01    2.5407E-01    4.8105E-04
4.4943E+01  6.1856E-04 1.7816E+02    2.5142E-07    4.6760E-10    7.8597E-01   -8.2842E-01    2.3309E-01    4.8421E-04
4.4164E+01  7.1313E-04 1.7748E+02    3.0200E-07    4.7842E-10    7.9197E-01   -8.2462E-01    2.1793E-01    4.8616E-04
4.3395E+01  8.2113E-04 1.7699E+02    3.5048E-07    5.0566E-10    7.9415E-01   -8.1682E-01    2.0757E-01    4.8770E-04
4.2634E+01  9.4428E-04 1.7668E+02    3.9447E-07    5.4787E-10    7.9081E-01   -8.0528E-01    2.0110E-01    4.8822E-04
4.1881E+01  1.0845E-03 1.7651E+02    4.3066E-07    6.0851E-10    7.8783E-01   -7.9376E-01    1.9772E-01    4.8973E-04
4.1136E+01  1.2441E-03 1.7646E+02    4.5905E-07    6.9023E-10    7.8215E-01   -7.8344E-01    1.9679E-01    4.9000E-04
4.0398E+01  1.4253E-03 1.7651E+02    4.7764E-07    7.9790E-10    7.7572E-01   -7.7758E-01    1.9783E-01    4.9070E-04
3.9666E+01  1.6308E-03 1.7665E+02    4.8864E-07    9.3597E-10    7.7111E-01   -7.7738E-01    2.0050E-01    4.9100E-04
3.8941E+01  1.8636E-03 1.7684E+02    4.9261E-07    1.1076E-09    7.7045E-01   -7.8159E-01    2.0452E-01    4.9100E-04
3.8222E+01  2.1270E-03 1.7709E+02    4.9185E-07    1.3175E-09    7.7403E-01   -7.8723E-01    2.0959E-01    4.9100E-04
3.7509E+01  2.4245E-03 1.7736E+02    4.8757E-07    1.5576E-09    7.7974E-01   -7.9036E-01    2.1533E-01    4.9100E-04
3.6801E+01  2.7602E-03 1.7763E+02    4.8154E-07    1.8370E-09    7.8463E-01   -7.8873E-01    2.2122E-01    4.9100E-04
3.6100E+01  3.1383E-03 1.7788E+02    4.7423E-07    2.1477E-09    7.8618E-01   -7.8205E-01    2.2666E-01    4.9100E-04
3.5405E+01  3.5638E-03 1.7807E+02    4.6658E-07    2.4948E-09    7.8316E-01   -7.7176E-01    2.3106E-01    4.9100E-04
3.4717E+01  4.0419E-03 1.7820E+02    4.5863E-07    2.8892E-09    7.7542E-01   -7.5942E-01    2.3396E-01    4.9100E-04
3.4035E+01  4.5783E-03 1.7825E+02    4.5001E-07    3.3484E-09    7.6307E-01   -7.4580E-01    2.3515E-01    4.9100E-04
3.3360E+01  5.1794E-03 1.7823E+02    4.4134E-07    3.8664E-09    7.4567E-01   -7.3058E-01    2.3475E-01    4.9100E-04
3.2692E+01  5.8521E-03 1.7816E+02    4.3322E-07    4.4629E-09    7.2226E-01   -7.1242E-01    2.3318E-01    4.9100E-04
3.2032E+01  6.6037E-03 1.7807E+02    4.2396E-07    5.1446E-09    6.9168E-01   -6.8964E-01    2.3113E-01    4.9100E-04
3.1379E+01  7.4425E-03 1.7800E+02    4.1556E-07    5.9142E-09    6.5364E-01   -6.6190E-01    2.2942E-01    4.9100E-04
3.0733E+01  8.3773E-03 1.7798E+02    4.0578E-07    6.7820E-09    6.0959E-01   -6.2959E-01    2.2894E-01    4.9100E-04
3.0094E+01  9.4176E-03 1.7805E+02    3.9683E-07    7.7670E-09    5.6303E-01   -5.9438E-01    2.3048E-01    4.9100E-04
2.9462E+01  1.0574E-02 1.7823E+02    3.8739E-07    8.8606E-09    5.1802E-01   -5.4717E-01    2.3465E-01    4.9100E-04
2.8835E+01  1.1857E-02 1.7854E+02    3.7738E-07    1.0111E-08    4.7931E-01   -5.0771E-01    2.4185E-01    4.9100E-04
2.8215E+01  1.3279E-02 1.7897E+02    3.6986E-07    1.1471E-08    4.5026E-01   -4.7449E-01    2.5229E-01    4.9100E-04
2.7600E+01  1.4853E-02 1.7951E+02    3.6889E-07    1.2846E-08    4.3128E-01   -4.4881E-01    2.6604E-01    4.9100E-04
2.6990E+01  1.6592E-02 1.8015E+02    3.7410E-07    1.4310E-08    4.2120E-01   -4.3056E-01    2.8297E-01    4.9100E-04
2.6384E+01  1.8512E-02 1.8086E+02    3.8355E-07    1.5909E-08    4.1713E-01   -4.1842E-01    3.0285E-01    4.9100E-04
2.5784E+01  2.0628E-02 1.8161E+02    3.9623E-07    1.7600E-08    4.1529E-01   -4.1038E-01    3.2535E-01    4.9100E-04
2.5188E+01  2.2957E-02 1.8239E+02    4.1170E-07    1.9625E-08    4.1346E-01   -4.0427E-01    3.5018E-01    4.9100E-04
2.4596E+01  2.5517E-02 1.8318E+02    4.2854E-07    2.1923E-08    4.0926E-01   -3.9846E-01    3.7719E-01    4.9100E-04
2.4009E+01  2.8326E-02 1.8399E+02    4.4708E-07    2.4524E-08    4.0168E-01   -3.9229E-01    4.0645E-01    4.9100E-04
2.3427E+01  3.1405E-02 1.8481E+02    4.6880E-07    2.7573E-08    3.9105E-01   -3.8568E-01    4.3837E-01    4.9100E-04
2.2849E+01  3.4775E-02 1.8567E+02    4.9432E-07    3.1134E-08    3.7801E-01   -3.7847E-01    4.7375E-01    4.9100E-04
2.2276E+01  3.8457E-02 1.8657E+02    5.2641E-07    3.5104E-08    3.6320E-01   -3.7053E-01    5.1376E-01    4.9100E-04
2.1708E+01  4.2476E-02 1.8753E+02    5.6665E-07    3.9767E-08    3.4869E-01   -3.6149E-01    5.5983E-01    4.9100E-04
2.1143E+01  4.6857E-02 1.8857E+02    6.1930E-07    4.5077E-08    3.3550E-01   -3.5149E-01    6.1360E-01    4.9100E-04
2.0583E+01  5.1623E-02 1.8969E+02    6.8460E-07    5.1284E-08    3.2505E-01   -3.4083E-01    6.7668E-01    4.9100E-04
2.0027E+01  5.6803E-02 1.9089E+02    7.6546E-07    5.8641E-08    3.1819E-01   -3.3058E-01    7.5059E-01    4.9100E-04
1.9475E+01  6.2424E-02 1.9217E+02    8.6506E-07    6.7603E-08    3.1533E-01   -3.2209E-01    8.3665E-01    4.9100E-04
1.8926E+01  6.8515E-02 1.9351E+02    9.8637E-07    7.8680E-08    3.1607E-01   -3.1643E-01    9.3593E-01    4.9100E-04
1.8381E+01  7.5105E-02 1.9489E+02    1.1243E-06    9.2240E-08    3.1874E-01   -3.1385E-01    1.0494E+00    4.9100E-04
1.7840E+01  8.2225E-02 1.9631E+02    1.2896E-06    1.0811E-07    3.2088E-01   -3.1569E-01    1.1780E+00    4.9100E-04
1.7303E+01  8.9907E-02 1.9776E+02    1.4887E-06    1.2609E-07    3.2054E-01   -3.2260E-01    1.3232E+00    4.9100E-04
1.6769E+01  9.8182E-02 1.9923E+02    1.7115E-06    1.4336E-07    3.1385E-01   -3.3052E-01    1.4867E+00    4.9100E-04
1.6239E+01  1.0708E-01 2.0072E+02    1.5553E-06    1.5823E-07    2.9745E-01   -2.7976E-01    1.6689E+00    4.9100E-04
1.5713E+01  1.1665E-01 2.0221E+02    1.5885E-06    1.6958E-07    2.7970E-01   -2.7249E-01    1.8704E+00    4.9100E-04
1.5191E+01  1.2690E-01 2.0346E+02    1.8114E-06    1.7735E-07    2.6318E-01   -2.6377E-01    2.0566E+00    4.9100E-04
1.4675E+01  1.3789E-01 2.0446E+02    2.1314E-06    1.7954E-07    2.4657E-01   -2.4733E-01    2.2170E+00    4.9100E-04
1.4164E+01  1.4963E-01 2.0529E+02    2.4374E-06    1.7541E-07    2.2888E-01   -2.2824E-01    2.3574E+00    4.9100E-04
1.3659E+01  1.6217E-01 2.0611E+02    2.7765E-06    1.6475E-07    2.1037E-01   -2.1361E-01    2.5036E+00    4.9100E-04
1.3159E+01  1.7555E-01 2.0688E+02    3.1341E-06    1.4737E-07    1.9088E-01   -1.8736E-01    2.6482E+00    4.9100E-04
1.2667E+01  1.8978E-01 2.0757E+02    3.4923E-06    1.2844E-07    1.7299E-01   -1.7897E-01    2.7844E+00    4.9100E-04
1.2180E+01  2.0491E-01 2.0865E+02    4.1009E-06    1.0901E-07    1.5815E-01   -1.5409E-01    3.0078E+00    4.9100E-04
1.1699E+01  2.2097E-01 2.0928E+02    4.5108E-06    9.0269E-08    1.4431E-01   -1.4818E-01    3.1446E+00    4.9100E-04
1.1224E+01  2.3798E-01 2.1115E+02    5.8944E-06    7.3427E-08    1.3771E-01   -1.3758E-01    3.5887E+00    4.9100E-04
1.0754E+01  2.5599E-01 2.1215E+02    6.7963E-06    6.2277E-08    1.3361E-01   -1.9201E-01    3.8452E+00    4.9100E-04
1.0285E+01  2.7500E-01 2.1660E+02    1.2378E-05    5.4730E-08    1.5467E-01   -6.0222E-01    5.1894E+00    4.9100E-04
9.8160E+00  2.9506E-01 2.2104E+02    2.1963E-05    4.8423E-08    1.8975E-01   -1.0215E+00    6.2635E+00    4.9100E-04
9.3458E+00  3.1618E-01 2.2545E+02    3.7957E-05    4.2770E-08    2.3731E-01   -1.4348E+00    7.4889E+00    4.9100E-04
8.8751E+00  3.3839E-01 2.2981E+02    6.3862E-05    3.7426E-08    2.9610E-01   -1.8081E+00    8.8696E+00    4.9100E-04
8.4044E+00  3.6170E-01 2.3410E+02    1.0451E-04    3.2421E-08    3.6146E-01   -2.0987E+00    1.0404E+01    4.9100E-04
7.9343E+00  3.8613E-01 2.3829E+02    1.6619E-04    2.7776E-08    4.2967E-01   -2.2891E+00    1.2085E+01    4.9100E-04
7.4653E+00  4.1169E-01 2.4235E+02    2.5654E-04    2.3557E-08    5.0368E-01   -2.4081E+00    1.3897E+01    4.9100E-04
6.9979E+00  4.3839E-01 2.4625E+02    3.8422E-04    1.9793E-08    5.8007E-01   -2.4432E+00    1.5821E+01    4.9100E-04
6.5328E+00  4.6623E-01 2.4998E+02    5.5833E-04    1.6533E-08    6.4430E-01   -2.4235E+00    1.7833E+01    4.9100E-04
6.0706E+00  4.9522E-01 2.5352E+02    7.8779E-04    1.3727E-08    6.8874E-01   -2.3735E+00    1.9908E+01    4.9100E-04
5.6119E+00  5.2534E-01 2.5685E+02    1.0808E-03    1.1279E-08    7.1954E-01   -2.3285E+00    2.2024E+01    4.9100E-04
5.1573E+00  5.5660E-01 2.5999E+02    1.4444E-03    9.1897E-09    7.4380E-01   -2.2593E+00    2.4159E+01    4.9100E-04
4.7074E+00  5.8897E-01 2.6294E+02    1.8846E-03    7.4653E-09    7.6145E-01   -2.1736E+00    2.6299E+01    4.9100E-04
4.2627E+00  6.2244E-01 2.6570E+02    2.4061E-03    6.0267E-09    7.6948E-01   -2.0877E+00    2.8431E+01    4.9100E-04
3.8237E+00  6.5698E-01 2.6830E+02    3.0126E-03    4.8534E-09    7.6822E-01   -1.9743E+00    3.0547E+01    4.9100E-04
3.3909E+00  6.9257E-01 2.7074E+02    3.7070E-03    3.8994E-09    7.6087E-01   -1.8032E+00    3.2640E+01    4.9100E-04
2.9647E+00  7.2916E-01 2.7304E+02    4.4911E-03    3.1301E-09    7.5041E-01   -1.6428E+00    3.4706E+01    4.9100E-04
2.5452E+00  7.6672E-01 2.7546E+02    5.4400E-03    2.5224E-09    7.4227E-01   -1.5436E+00    3.6983E+01    4.9100E-04
2.1326E+00  8.0519E-01 2.7775E+02    6.3368E-03    2.0463E-09    7.1710E-01   -1.4415E+00    3.9243E+01    4.9100E-04
1.7274E+00  8.4454E-01 2.7995E+02    7.4512E-03    1.6723E-09    7.0164E-01   -1.4370E+00    4.1508E+01    4.9100E-04
1.3296E+00  8.8468E-01 2.8204E+02    8.5630E-03    1.3905E-09    6.8297E-01   -1.4828E+00    4.3746E+01    4.9100E-04
9.3981E-01  9.2557E-01 2.8404E+02    9.7935E-03    1.1923E-09    6.7425E-01   -1.6113E+00    4.5980E+01    4.9100E-04
5.5811E-01  9.6713E-01 2.8594E+02    1.1156E-02    1.0557E-09    6.7919E-01   -1.8574E+00    4.8183E+01    4.9100E-04
1.8482E-01  1.0093E+00 2.8776E+02    1.2457E-02    9.5755E-10    6.9333E-01   -2.0816E+00    5.0357E+01    4.9100E-04
0.0000E+00  1.0307E+00 2.8868E+02    1.3237E-02    9.7400E-10    7.9879E+00   -3.2475E+00    5.1486E+01    4.9100E-04
