     ALT          P          T          FH2O           O3           THEAT        TCOOL        PSATCO2        FCO2
6.1386E+01  3.2610E-05 1.7791E+02    1.6761E-10    7.4666E-09    3.9458E+01   -3.2674E+01    2.2742E-01    3.8290E-04
6.0483E+01  3.8508E-05 1.7310E+02    2.5072E-10    1.0245E-08    2.7863E+00   -1.1163E+01    1.3947E-01    3.8859E-04
5.9601E+01  4.5414E-05 1.7208E+02    3.7206E-10    1.2330E-08    1.8666E+00   -3.2977E+00    1.2525E-01    3.9488E-04
5.8726E+01  5.3492E-05 1.7350E+02    5.5567E-10    1.3409E-08    1.7216E+00   -8.6467E-01    1.4536E-01    4.0017E-04
5.7848E+01  6.2928E-05 1.7606E+02    8.3946E-10    1.3520E-08    1.5978E+00   -9.7403E-01    1.8909E-01    4.0640E-04
5.6963E+01  7.3934E-05 1.7896E+02    1.2821E-09    1.3071E-08    1.4770E+00   -1.0317E+00    2.5207E-01    4.1227E-04
5.6072E+01  8.6756E-05 1.8170E+02    1.9696E-09    1.2012E-08    1.3603E+00   -1.1119E+00    3.2806E-01    4.1841E-04
5.5175E+01  1.0167E-04 1.8401E+02    3.0474E-09    1.0556E-08    1.2488E+00   -1.0864E+00    4.0714E-01    4.2444E-04
5.4276E+01  1.1901E-04 1.8573E+02    4.7347E-09    8.8033E-09    1.1523E+00   -9.9921E-01    4.7654E-01    4.3077E-04
5.3378E+01  1.3912E-04 1.8679E+02    7.3651E-09    6.8647E-09    1.0627E+00   -9.2207E-01    5.2427E-01    4.3696E-04
5.2483E+01  1.6242E-04 1.8719E+02    1.1395E-08    4.9269E-09    9.8116E-01   -8.6580E-01    5.4323E-01    4.4258E-04
5.1596E+01  1.8939E-04 1.8699E+02    1.7653E-08    3.1890E-09    9.1195E-01   -8.3365E-01    5.3348E-01    4.4891E-04
5.0719E+01  2.2056E-04 1.8629E+02    2.6873E-08    1.8538E-09    8.5519E-01   -8.1754E-01    5.0121E-01    4.5423E-04
4.9853E+01  2.5654E-04 1.8524E+02    4.0312E-08    1.0832E-09    8.1505E-01   -8.1430E-01    4.5559E-01    4.6037E-04
4.8999E+01  2.9801E-04 1.8396E+02    5.8775E-08    7.7240E-10    7.8862E-01   -8.1462E-01    4.0541E-01    4.6549E-04
4.8160E+01  3.4574E-04 1.8260E+02    8.3626E-08    6.3434E-10    7.7438E-01   -8.1774E-01    3.5722E-01    4.7035E-04
4.7333E+01  4.0062E-04 1.8126E+02    1.1607E-07    5.5026E-10    7.6941E-01   -8.2098E-01    3.1481E-01    4.7449E-04
4.6520E+01  4.6362E-04 1.8003E+02    1.5474E-07    5.0085E-10    7.7122E-01   -8.2342E-01    2.7973E-01    4.7791E-04
4.5719E+01  5.3585E-04 1.7896E+02    2.0067E-07    4.7465E-10    7.7763E-01   -8.2549E-01    2.5209E-01    4.8112E-04
4.4930E+01  6.1856E-04 1.7808E+02    2.4989E-07    4.6964E-10    7.8511E-01   -8.2497E-01    2.3121E-01    4.8364E-04
4.4151E+01  7.1313E-04 1.7740E+02    2.9996E-07    4.8088E-10    7.9057E-01   -8.2054E-01    2.1613E-01    4.8519E-04
4.3382E+01  8.2113E-04 1.7691E+02    3.4844E-07    5.0830E-10    7.9293E-01   -8.1296E-01    2.0582E-01    4.8673E-04
4.2622E+01  9.4428E-04 1.7659E+02    3.9143E-07    5.5091E-10    7.9085E-01   -8.0224E-01    1.9936E-01    4.8825E-04
4.1869E+01  1.0845E-03 1.7642E+02    4.2758E-07    6.1181E-10    7.8711E-01   -7.9011E-01    1.9597E-01    4.8900E-04
4.1124E+01  1.2441E-03 1.7637E+02    4.5543E-07    6.9403E-10    7.8218E-01   -7.8029E-01    1.9502E-01    4.9000E-04
4.0387E+01  1.4253E-03 1.7642E+02    4.7394E-07    8.0208E-10    7.7491E-01   -7.7377E-01    1.9602E-01    4.9000E-04
3.9655E+01  1.6308E-03 1.7655E+02    4.8456E-07    9.4038E-10    7.7019E-01   -7.7340E-01    1.9864E-01    4.9019E-04
3.8931E+01  1.8636E-03 1.7675E+02    4.8764E-07    1.1109E-09    7.7048E-01   -7.7819E-01    2.0260E-01    4.9100E-04
3.8212E+01  2.1270E-03 1.7699E+02    4.8678E-07    1.3218E-09    7.7407E-01   -7.8386E-01    2.0760E-01    4.9100E-04
3.7499E+01  2.4245E-03 1.7726E+02    4.8200E-07    1.5673E-09    7.7973E-01   -7.8687E-01    2.1325E-01    4.9100E-04
3.6792E+01  2.7602E-03 1.7753E+02    4.7543E-07    1.8507E-09    7.8460E-01   -7.8513E-01    2.1905E-01    4.9100E-04
3.6092E+01  3.1383E-03 1.7778E+02    4.6810E-07    2.1627E-09    7.8613E-01   -7.7848E-01    2.2440E-01    4.9100E-04
3.5397E+01  3.5638E-03 1.7797E+02    4.5977E-07    2.5169E-09    7.8313E-01   -7.6809E-01    2.2871E-01    4.9100E-04
3.4709E+01  4.0419E-03 1.7809E+02    4.5143E-07    2.9252E-09    7.7544E-01   -7.5573E-01    2.3155E-01    4.9100E-04
3.4027E+01  4.5783E-03 1.7814E+02    4.4233E-07    3.3849E-09    7.6307E-01   -7.4209E-01    2.3269E-01    4.9100E-04
3.3353E+01  5.1794E-03 1.7812E+02    4.3344E-07    3.9112E-09    7.4571E-01   -7.2690E-01    2.3226E-01    4.9100E-04
3.2686E+01  5.8521E-03 1.7805E+02    4.2510E-07    4.5218E-09    7.2237E-01   -7.0879E-01    2.3068E-01    4.9100E-04
3.2026E+01  6.6037E-03 1.7796E+02    4.1585E-07    5.2131E-09    6.9185E-01   -6.8608E-01    2.2862E-01    4.9100E-04
3.1373E+01  7.4425E-03 1.7789E+02    4.0672E-07    5.9978E-09    6.5388E-01   -6.5833E-01    2.2692E-01    4.9100E-04
3.0727E+01  8.3773E-03 1.7787E+02    3.9765E-07    6.8815E-09    6.0992E-01   -6.2615E-01    2.2643E-01    4.9100E-04
3.0089E+01  9.4176E-03 1.7794E+02    3.8774E-07    7.8730E-09    5.6338E-01   -5.9093E-01    2.2796E-01    4.9100E-04
2.9457E+01  1.0574E-02 1.7812E+02    3.7830E-07    8.9922E-09    5.1847E-01   -5.4378E-01    2.3211E-01    4.9100E-04
2.8831E+01  1.1857E-02 1.7843E+02    3.6745E-07    1.0228E-08    4.7968E-01   -5.0441E-01    2.3928E-01    4.9100E-04
2.8211E+01  1.3279E-02 1.7886E+02    3.6085E-07    1.1588E-08    4.5067E-01   -4.7144E-01    2.4969E-01    4.9100E-04
2.7596E+01  1.4853E-02 1.7941E+02    3.5992E-07    1.3057E-08    4.3211E-01   -4.4593E-01    2.6339E-01    4.9100E-04
2.6986E+01  1.6592E-02 1.8005E+02    3.6567E-07    1.4519E-08    4.2206E-01   -4.2791E-01    2.8029E-01    4.9100E-04
2.6381E+01  1.8512E-02 1.8076E+02    3.7561E-07    1.6119E-08    4.1802E-01   -4.1600E-01    3.0013E-01    4.9100E-04
2.5781E+01  2.0628E-02 1.8152E+02    3.8923E-07    1.7902E-08    4.1654E-01   -4.0818E-01    3.2262E-01    4.9100E-04
2.5185E+01  2.2957E-02 1.8231E+02    4.0478E-07    1.9835E-08    4.1433E-01   -4.0229E-01    3.4747E-01    4.9100E-04
2.4594E+01  2.5517E-02 1.8311E+02    4.2161E-07    2.2133E-08    4.1007E-01   -3.9666E-01    3.7451E-01    4.9100E-04
2.4007E+01  2.8326E-02 1.8392E+02    4.4063E-07    2.4780E-08    4.0264E-01   -3.9069E-01    4.0382E-01    4.9100E-04
2.3425E+01  3.1405E-02 1.8475E+02    4.6287E-07    2.7821E-08    3.9193E-01   -3.8429E-01    4.3582E-01    4.9100E-04
2.2848E+01  3.4775E-02 1.8561E+02    4.8839E-07    3.1345E-08    3.7871E-01   -3.7725E-01    4.7129E-01    4.9100E-04
2.2275E+01  3.8457E-02 1.8651E+02    5.2049E-07    3.5409E-08    3.6413E-01   -3.6945E-01    5.1139E-01    4.9100E-04
2.1707E+01  4.2476E-02 1.8748E+02    5.6175E-07    4.0078E-08    3.4956E-01   -3.6064E-01    5.5755E-01    4.9100E-04
2.1142E+01  4.6857E-02 1.8853E+02    6.1442E-07    4.5389E-08    3.3624E-01   -3.5080E-01    6.1140E-01    4.9100E-04
2.0582E+01  5.1623E-02 1.8965E+02    6.7973E-07    5.1596E-08    3.2569E-01   -3.4030E-01    6.7457E-01    4.9100E-04
2.0026E+01  5.6803E-02 1.9086E+02    7.6101E-07    5.9037E-08    3.1889E-01   -3.3022E-01    7.4858E-01    4.9100E-04
1.9474E+01  6.2424E-02 1.9214E+02    8.6120E-07    6.8117E-08    3.1615E-01   -3.2180E-01    8.3473E-01    4.9100E-04
1.8926E+01  6.8515E-02 1.9348E+02    9.7879E-07    7.9257E-08    3.1677E-01   -3.1587E-01    9.3408E-01    4.9100E-04
1.8381E+01  7.5105E-02 1.9487E+02    1.1216E-06    9.2928E-08    3.1948E-01   -3.1370E-01    1.0476E+00    4.9100E-04
1.7840E+01  8.2225E-02 1.9629E+02    1.2898E-06    1.0907E-07    3.2168E-01   -3.1573E-01    1.1763E+00    4.9100E-04
1.7302E+01  8.9907E-02 1.9774E+02    1.4889E-06    1.2623E-07    3.2006E-01   -3.2296E-01    1.3216E+00    4.9100E-04
1.6768E+01  9.8183E-02 1.9922E+02    1.7117E-06    1.4433E-07    3.1428E-01   -3.3082E-01    1.4853E+00    4.9100E-04
1.6239E+01  1.0708E-01 2.0071E+02    1.5546E-06    1.5924E-07    2.9783E-01   -2.8085E-01    1.6679E+00    4.9100E-04
1.5713E+01  1.1665E-01 2.0220E+02    1.5879E-06    1.7051E-07    2.7984E-01   -2.7156E-01    1.8700E+00    4.9100E-04
1.5191E+01  1.2690E-01 2.0342E+02    1.8020E-06    1.7735E-07    2.6253E-01   -2.6142E-01    2.0512E+00    4.9100E-04
1.4674E+01  1.3789E-01 2.0445E+02    2.1255E-06    1.7954E-07    2.4604E-01   -2.4620E-01    2.2139E+00    4.9100E-04
1.4163E+01  1.4963E-01 2.0527E+02    2.4291E-06    1.7541E-07    2.2847E-01   -2.2913E-01    2.3533E+00    4.9100E-04
1.3658E+01  1.6217E-01 2.0612E+02    2.7795E-06    1.6475E-07    2.1013E-01   -2.1289E-01    2.5050E+00    4.9100E-04
1.3159E+01  1.7555E-01 2.0683E+02    3.1120E-06    1.4737E-07    1.9056E-01   -1.8445E-01    2.6387E+00    4.9100E-04
1.2667E+01  1.8978E-01 2.0758E+02    3.4966E-06    1.2844E-07    1.7290E-01   -1.8267E-01    2.7861E+00    4.9100E-04
1.2180E+01  2.0491E-01 2.0867E+02    4.1095E-06    1.0902E-07    1.5816E-01   -1.5417E-01    3.0110E+00    4.9100E-04
1.1699E+01  2.2097E-01 2.0924E+02    4.4875E-06    9.0342E-08    1.4415E-01   -1.4500E-01    3.1363E+00    4.9100E-04
1.1224E+01  2.3798E-01 2.1114E+02    5.8842E-06    7.3334E-08    1.3757E-01   -1.3780E-01    3.5856E+00    4.9100E-04
1.0754E+01  2.5599E-01 2.1215E+02    6.7961E-06    6.2277E-08    1.3359E-01   -1.9294E-01    3.8451E+00    4.9100E-04
1.0285E+01  2.7500E-01 2.1660E+02    1.2377E-05    5.4731E-08    1.5468E-01   -6.0299E-01    5.1894E+00    4.9100E-04
9.8160E+00  2.9506E-01 2.2104E+02    2.1963E-05    4.8423E-08    1.8976E-01   -1.0221E+00    6.2634E+00    4.9100E-04
9.3457E+00  3.1618E-01 2.2545E+02    3.7956E-05    4.2687E-08    2.3729E-01   -1.4353E+00    7.4888E+00    4.9100E-04
8.8751E+00  3.3839E-01 2.2981E+02    6.3860E-05    3.7404E-08    2.9610E-01   -1.8084E+00    8.8695E+00    4.9100E-04
8.4044E+00  3.6170E-01 2.3410E+02    1.0451E-04    3.2421E-08    3.6146E-01   -2.0989E+00    1.0404E+01    4.9100E-04
7.9343E+00  3.8613E-01 2.3829E+02    1.6619E-04    2.7776E-08    4.2967E-01   -2.2892E+00    1.2085E+01    4.9100E-04
7.4653E+00  4.1169E-01 2.4235E+02    2.5654E-04    2.3557E-08    5.0367E-01   -2.4082E+00    1.3897E+01    4.9100E-04
6.9979E+00  4.3839E-01 2.4625E+02    3.8422E-04    1.9793E-08    5.8007E-01   -2.4433E+00    1.5821E+01    4.9100E-04
6.5328E+00  4.6623E-01 2.4998E+02    5.5832E-04    1.6533E-08    6.4430E-01   -2.4235E+00    1.7833E+01    4.9100E-04
6.0706E+00  4.9522E-01 2.5352E+02    7.8778E-04    1.3727E-08    6.8874E-01   -2.3735E+00    1.9908E+01    4.9100E-04
5.6119E+00  5.2534E-01 2.5685E+02    1.0808E-03    1.1279E-08    7.1954E-01   -2.3285E+00    2.2023E+01    4.9100E-04
5.1573E+00  5.5660E-01 2.5999E+02    1.4444E-03    9.1898E-09    7.4379E-01   -2.2593E+00    2.4159E+01    4.9100E-04
4.7074E+00  5.8897E-01 2.6294E+02    1.8846E-03    7.4664E-09    7.6145E-01   -2.1736E+00    2.6299E+01    4.9100E-04
4.2627E+00  6.2244E-01 2.6570E+02    2.4061E-03    6.0365E-09    7.6948E-01   -2.0877E+00    2.8431E+01    4.9100E-04
3.8237E+00  6.5698E-01 2.6830E+02    3.0126E-03    4.8546E-09    7.6822E-01   -1.9743E+00    3.0547E+01    4.9100E-04
3.3909E+00  6.9257E-01 2.7074E+02    3.7070E-03    3.8994E-09    7.6087E-01   -1.8032E+00    3.2640E+01    4.9100E-04
2.9647E+00  7.2916E-01 2.7304E+02    4.4910E-03    3.1301E-09    7.5041E-01   -1.6428E+00    3.4706E+01    4.9100E-04
2.5452E+00  7.6672E-01 2.7546E+02    5.4399E-03    2.5224E-09    7.4227E-01   -1.5436E+00    3.6983E+01    4.9100E-04
2.1326E+00  8.0519E-01 2.7775E+02    6.3368E-03    2.0463E-09    7.1710E-01   -1.4415E+00    3.9243E+01    4.9100E-04
1.7274E+00  8.4454E-01 2.7995E+02    7.4512E-03    1.6723E-09    7.0164E-01   -1.4370E+00    4.1508E+01    4.9100E-04
1.3296E+00  8.8468E-01 2.8204E+02    8.5630E-03    1.3905E-09    6.8297E-01   -1.4828E+00    4.3746E+01    4.9100E-04
9.3981E-01  9.2557E-01 2.8404E+02    9.7935E-03    1.1923E-09    6.7425E-01   -1.6113E+00    4.5980E+01    4.9100E-04
5.5811E-01  9.6713E-01 2.8594E+02    1.1156E-02    1.0561E-09    6.7919E-01   -1.8574E+00    4.8183E+01    4.9100E-04
1.8482E-01  1.0093E+00 2.8776E+02    1.2457E-02    9.5866E-10    6.9333E-01   -2.0816E+00    5.0357E+01    4.9100E-04
0.0000E+00  1.0307E+00 2.8868E+02    1.3237E-02    9.7500E-10    7.9878E+00   -3.2475E+00    5.1486E+01    4.9100E-04
