     ALT          P          T          FH2O           O3           THEAT        TCOOL        PSATCO2        FCO2
6.3043E+01  3.2610E-05 1.7788E+02    5.3677E-10    6.0196E-09    3.9639E+01   -3.2998E+01    2.2673E-01    3.9899E-04
6.2137E+01  3.8508E-05 1.7383E+02    7.8810E-10    7.9552E-09    2.7401E+00   -1.1105E+01    1.5042E-01    4.0444E-04
6.1250E+01  4.5414E-05 1.7344E+02    1.1521E-09    9.2720E-09    1.9039E+00   -3.1556E+00    1.4448E-01    4.1078E-04
6.0366E+01  5.3492E-05 1.7537E+02    1.7025E-09    9.7176E-09    1.7503E+00   -1.2131E+00    1.7631E-01    4.1610E-04
5.9477E+01  6.2928E-05 1.7832E+02    2.5257E-09    9.4609E-09    1.6144E+00   -1.0404E+00    2.3684E-01    4.2146E-04
5.8580E+01  7.3934E-05 1.8149E+02    3.8009E-09    8.7542E-09    1.4873E+00   -1.1922E+00    3.2154E-01    4.2787E-04
5.7675E+01  8.6756E-05 1.8441E+02    5.7501E-09    7.7347E-09    1.3643E+00   -1.1787E+00    4.2261E-01    4.3332E-04
5.6764E+01  1.0167E-04 1.8684E+02    8.7363E-09    6.5033E-09    1.2508E+00   -1.1168E+00    5.2678E-01    4.3981E-04
5.5850E+01  1.1901E-04 1.8864E+02    1.3311E-08    5.1683E-09    1.1525E+00   -1.0241E+00    6.1742E-01    4.4530E-04
5.4937E+01  1.3912E-04 1.8975E+02    2.0272E-08    3.7891E-09    1.0634E+00   -9.3657E-01    6.8011E-01    4.5079E-04
5.4028E+01  1.6242E-04 1.9021E+02    3.0684E-08    2.4862E-09    9.8594E-01   -8.7864E-01    7.0805E-01    4.5698E-04
5.3126E+01  1.8939E-04 1.9014E+02    4.6109E-08    1.4146E-09    9.2018E-01   -8.5616E-01    7.0384E-01    4.6264E-04
5.2232E+01  2.2056E-04 1.8969E+02    6.8077E-08    7.4478E-10    8.6837E-01   -8.5981E-01    6.7671E-01    4.6766E-04
5.1349E+01  2.5654E-04 1.8901E+02    9.8535E-08    4.6777E-10    8.3180E-01   -8.8242E-01    6.3775E-01    4.7228E-04
5.0477E+01  2.9801E-04 1.8824E+02    1.3943E-07    3.7650E-10    8.0942E-01   -9.1817E-01    5.9629E-01    4.7668E-04
4.9616E+01  3.4574E-04 1.8750E+02    1.9291E-07    3.2094E-10    7.9932E-01   -9.6353E-01    5.5846E-01    4.8112E-04
4.8765E+01  4.0062E-04 1.8686E+02    2.6069E-07    2.8386E-10    7.9788E-01   -1.0150E+00    5.2738E-01    4.8454E-04
4.7925E+01  4.6362E-04 1.8635E+02    3.4393E-07    2.6241E-10    8.0331E-01   -1.0714E+00    5.0407E-01    4.8792E-04
4.7094E+01  5.3585E-04 1.8600E+02    4.4000E-07    2.5308E-10    8.1066E-01   -1.1268E+00    4.8835E-01    4.8964E-04
4.6271E+01  6.1856E-04 1.8580E+02    5.4671E-07    2.5260E-10    8.1882E-01   -1.1796E+00    4.7952E-01    4.9130E-04
4.5457E+01  7.1313E-04 1.8573E+02    6.6151E-07    2.5876E-10    8.2511E-01   -1.2259E+00    4.7670E-01    4.9295E-04
4.4650E+01  8.2113E-04 1.8579E+02    7.7867E-07    2.7286E-10    8.2664E-01   -1.2607E+00    4.7908E-01    4.9400E-04
4.3850E+01  9.4429E-04 1.8595E+02    8.9442E-07    2.9237E-10    8.2319E-01   -1.2834E+00    4.8591E-01    4.9500E-04
4.3056E+01  1.0846E-03 1.8619E+02    1.0075E-06    3.1984E-10    8.1925E-01   -1.2974E+00    4.9655E-01    4.9583E-04
4.2269E+01  1.2441E-03 1.8649E+02    1.1096E-06    3.5512E-10    8.1379E-01   -1.3037E+00    5.1048E-01    4.9600E-04
4.1488E+01  1.4253E-03 1.8686E+02    1.2111E-06    3.9858E-10    8.0787E-01   -1.3086E+00    5.2728E-01    4.9600E-04
4.0713E+01  1.6308E-03 1.8726E+02    1.2996E-06    4.5016E-10    8.0478E-01   -1.3119E+00    5.4663E-01    4.9600E-04
3.9943E+01  1.8636E-03 1.8769E+02    1.3780E-06    5.1064E-10    8.0613E-01   -1.3138E+00    5.6813E-01    4.9600E-04
3.9179E+01  2.1270E-03 1.8814E+02    1.4557E-06    5.7793E-10    8.1129E-01   -1.3124E+00    5.9111E-01    4.9600E-04
3.8421E+01  2.4245E-03 1.8858E+02    1.5228E-06    6.5335E-10    8.1751E-01   -1.3021E+00    6.1444E-01    4.9600E-04
3.7669E+01  2.7602E-03 1.8899E+02    1.5915E-06    7.3757E-10    8.2189E-01   -1.2835E+00    6.3652E-01    4.9600E-04
3.6922E+01  3.1384E-03 1.8932E+02    1.6491E-06    8.3243E-10    8.2196E-01   -1.2569E+00    6.5549E-01    4.9600E-04
3.6182E+01  3.5639E-03 1.8957E+02    1.7022E-06    9.4182E-10    8.1694E-01   -1.2274E+00    6.6955E-01    4.9600E-04
3.5449E+01  4.0419E-03 1.8970E+02    1.7488E-06    1.0657E-09    8.0677E-01   -1.1983E+00    6.7754E-01    4.9600E-04
3.4723E+01  4.5784E-03 1.8973E+02    1.7853E-06    1.2133E-09    7.9151E-01   -1.1714E+00    6.7919E-01    4.9600E-04
3.4004E+01  5.1795E-03 1.8967E+02    1.8244E-06    1.3758E-09    7.7078E-01   -1.1464E+00    6.7532E-01    4.9600E-04
3.3294E+01  5.8521E-03 1.8953E+02    1.8532E-06    1.5612E-09    7.4332E-01   -1.1199E+00    6.6758E-01    4.9600E-04
3.2591E+01  6.6038E-03 1.8937E+02    1.8817E-06    1.7737E-09    7.0815E-01   -1.0898E+00    6.5816E-01    4.9600E-04
3.1896E+01  7.4426E-03 1.8921E+02    1.9049E-06    2.0163E-09    6.6514E-01   -1.0546E+00    6.4937E-01    4.9600E-04
3.1210E+01  8.3774E-03 1.8911E+02    1.9188E-06    2.2852E-09    6.1595E-01   -1.0145E+00    6.4328E-01    4.9600E-04
3.0531E+01  9.4177E-03 1.8907E+02    1.9326E-06    2.5893E-09    5.6433E-01   -9.7142E-01    6.4147E-01    4.9600E-04
2.9860E+01  1.0574E-02 1.8913E+02    1.9461E-06    2.9272E-09    5.1444E-01   -9.1839E-01    6.4478E-01    4.9600E-04
2.9195E+01  1.1857E-02 1.8928E+02    1.9500E-06    3.3080E-09    4.7054E-01   -8.6634E-01    6.5327E-01    4.9600E-04
2.8538E+01  1.3279E-02 1.8951E+02    1.9500E-06    3.7316E-09    4.3602E-01   -8.2091E-01    6.6637E-01    4.9600E-04
2.7887E+01  1.4853E-02 1.8980E+02    1.9500E-06    4.2236E-09    4.1161E-01   -7.8285E-01    6.8311E-01    4.9600E-04
2.7242E+01  1.6593E-02 1.9012E+02    1.9409E-06    4.7898E-09    3.9564E-01   -7.5127E-01    7.0222E-01    4.9600E-04
2.6604E+01  1.8512E-02 1.9045E+02    1.9279E-06    5.4445E-09    3.8515E-01   -7.2481E-01    7.2243E-01    4.9600E-04
2.5972E+01  2.0628E-02 1.9077E+02    1.9152E-06    6.2205E-09    3.7683E-01   -7.0135E-01    7.4266E-01    4.9600E-04
2.5347E+01  2.2957E-02 1.9107E+02    1.9025E-06    7.1304E-09    3.6783E-01   -6.7867E-01    7.6226E-01    4.9600E-04
2.4728E+01  2.5517E-02 1.9136E+02    1.8800E-06    8.2083E-09    3.5641E-01   -6.5494E-01    7.8112E-01    4.9600E-04
2.4116E+01  2.8326E-02 1.9164E+02    1.8529E-06    9.4921E-09    3.4210E-01   -6.3002E-01    7.9979E-01    4.9600E-04
2.3510E+01  3.1405E-02 1.9192E+02    1.8208E-06    1.1018E-08    3.2533E-01   -6.0399E-01    8.1932E-01    4.9600E-04
2.2911E+01  3.4775E-02 1.9223E+02    1.7833E-06    1.2906E-08    3.0742E-01   -5.7674E-01    8.4119E-01    4.9600E-04
2.2318E+01  3.8458E-02 1.9259E+02    1.7442E-06    1.5120E-08    2.8959E-01   -5.4799E-01    8.6708E-01    4.9600E-04
2.1732E+01  4.2477E-02 1.9302E+02    1.6983E-06    1.7909E-08    2.7403E-01   -5.1690E-01    8.9856E-01    4.9600E-04
2.1152E+01  4.6857E-02 1.9352E+02    1.6515E-06    2.1253E-08    2.6179E-01   -4.8372E-01    9.3690E-01    4.9600E-04
2.0578E+01  5.1624E-02 1.9410E+02    1.6090E-06    2.5257E-08    2.5385E-01   -4.4960E-01    9.8294E-01    4.9600E-04
2.0010E+01  5.6804E-02 1.9475E+02    1.5849E-06    3.0190E-08    2.5114E-01   -4.1671E-01    1.0371E+00    4.9600E-04
1.9447E+01  6.2425E-02 1.9546E+02    1.5736E-06    3.6354E-08    2.5376E-01   -3.8647E-01    1.0993E+00    4.9600E-04
1.8890E+01  6.8516E-02 1.9622E+02    1.5700E-06    4.4224E-08    2.6146E-01   -3.5996E-01    1.1693E+00    4.9600E-04
1.8338E+01  7.5106E-02 1.9702E+02    1.5786E-06    5.4460E-08    2.7359E-01   -3.3805E-01    1.2468E+00    4.9600E-04
1.7792E+01  8.2226E-02 1.9784E+02    1.5896E-06    6.8096E-08    2.8931E-01   -3.1977E-01    1.3318E+00    4.9600E-04
1.7251E+01  8.9908E-02 1.9869E+02    1.6004E-06    8.6161E-08    3.0652E-01   -3.0368E-01    1.4242E+00    4.9600E-04
1.6716E+01  9.8184E-02 1.9955E+02    1.6111E-06    1.0940E-07    3.2138E-01   -2.8655E-01    1.5242E+00    4.9600E-04
1.6186E+01  1.0709E-01 2.0042E+02    1.4499E-06    1.3503E-07    3.2441E-01   -2.2572E-01    1.6311E+00    4.9600E-04
1.5661E+01  1.1665E-01 2.0129E+02    1.3845E-06    1.6125E-07    3.1774E-01   -1.9011E-01    1.7445E+00    4.9600E-04
1.5143E+01  1.2691E-01 2.0196E+02    1.4496E-06    1.8157E-07    3.0103E-01   -1.5239E-01    1.8363E+00    4.9600E-04
1.4630E+01  1.3789E-01 2.0257E+02    1.6104E-06    1.9432E-07    2.7965E-01   -1.2221E-01    1.9227E+00    4.9600E-04
1.4124E+01  1.4964E-01 2.0313E+02    1.7750E-06    1.9607E-07    2.5486E-01   -9.3167E-02    2.0067E+00    4.9600E-04
1.3625E+01  1.6218E-01 2.0368E+02    1.9470E-06    1.8631E-07    2.2831E-01   -6.4917E-02    2.0907E+00    4.9600E-04
1.3132E+01  1.7555E-01 2.0423E+02    2.1338E-06    1.6801E-07    2.0213E-01   -3.5738E-02    2.1787E+00    4.9600E-04
1.2645E+01  1.8978E-01 2.0483E+02    2.3524E-06    1.4549E-07    1.7832E-01   -1.1487E-02    2.2784E+00    4.9600E-04
1.2165E+01  2.0491E-01 2.0568E+02    2.6835E-06    1.2256E-07    1.5843E-01    8.1390E-03    2.4255E+00    4.9600E-04
1.1691E+01  2.2097E-01 2.0683E+02    3.1890E-06    1.0025E-07    1.4268E-01    1.3618E-04    2.6372E+00    4.9600E-04
1.1221E+01  2.3799E-01 2.0889E+02    4.3024E-06    8.0517E-08    1.3429E-01   -8.9501E-02    3.0590E+00    4.9600E-04
1.0753E+01  2.5599E-01 2.1208E+02    6.7361E-06    6.7655E-08    1.3857E-01   -3.2160E-01    3.8273E+00    4.9600E-04
1.0285E+01  2.7501E-01 2.1653E+02    1.2272E-05    5.9043E-08    1.6019E-01   -7.0418E-01    5.1709E+00    4.9600E-04
9.8155E+00  2.9507E-01 2.2097E+02    2.1785E-05    5.1952E-08    1.9478E-01   -1.1022E+00    6.2460E+00    4.9600E-04
9.3453E+00  3.1619E-01 2.2539E+02    3.7673E-05    4.5621E-08    2.4163E-01   -1.4911E+00    7.4697E+00    4.9600E-04
8.8747E+00  3.3840E-01 2.2975E+02    6.3420E-05    3.9766E-08    2.9969E-01   -1.8448E+00    8.8487E+00    4.9600E-04
8.4042E+00  3.6171E-01 2.3404E+02    1.0384E-04    3.4356E-08    3.6429E-01   -2.1219E+00    1.0382E+01    4.9600E-04
7.9341E+00  3.8614E-01 2.3823E+02    1.6520E-04    2.9330E-08    4.3158E-01   -2.3027E+00    1.2061E+01    4.9600E-04
7.4652E+00  4.1170E-01 2.4230E+02    2.5514E-04    2.4792E-08    5.0476E-01   -2.4161E+00    1.3872E+01    4.9600E-04
6.9978E+00  4.3840E-01 2.4620E+02    3.8231E-04    2.0744E-08    5.8072E-01   -2.4485E+00    1.5795E+01    4.9600E-04
6.5328E+00  4.6624E-01 2.4993E+02    5.5582E-04    1.7248E-08    6.4481E-01   -2.4269E+00    1.7806E+01    4.9600E-04
6.0706E+00  4.9523E-01 2.5347E+02    7.8461E-04    1.4255E-08    6.8916E-01   -2.3757E+00    1.9881E+01    4.9600E-04
5.6119E+00  5.2535E-01 2.5681E+02    1.0769E-03    1.1661E-08    7.1982E-01   -2.3299E+00    2.1997E+01    4.9600E-04
5.1574E+00  5.5661E-01 2.5995E+02    1.4397E-03    9.4930E-09    7.4398E-01   -2.2604E+00    2.4133E+01    4.9600E-04
4.7075E+00  5.8898E-01 2.6290E+02    1.8792E-03    7.6827E-09    7.6160E-01   -2.1744E+00    2.6274E+01    4.9600E-04
4.2628E+00  6.2245E-01 2.6567E+02    2.3999E-03    6.1904E-09    7.6964E-01   -2.0883E+00    2.8407E+01    4.9600E-04
3.8238E+00  6.5699E-01 2.6827E+02    3.0056E-03    4.9715E-09    7.6840E-01   -1.9751E+00    3.0523E+01    4.9600E-04
3.3910E+00  6.9258E-01 2.7071E+02    3.6992E-03    3.9805E-09    7.6105E-01   -1.8041E+00    3.2617E+01    4.9600E-04
2.9647E+00  7.2917E-01 2.7302E+02    4.4825E-03    3.1888E-09    7.5061E-01   -1.6435E+00    3.4684E+01    4.9600E-04
2.5453E+00  7.6673E-01 2.7544E+02    5.4317E-03    2.5638E-09    7.4260E-01   -1.5442E+00    3.6962E+01    4.9600E-04
2.1327E+00  8.0521E-01 2.7773E+02    6.3291E-03    2.0740E-09    7.1749E-01   -1.4416E+00    3.9222E+01    4.9600E-04
1.7274E+00  8.4455E-01 2.7993E+02    7.4413E-03    1.6920E-09    7.0188E-01   -1.4362E+00    4.1487E+01    4.9600E-04
1.3297E+00  8.8470E-01 2.8202E+02    8.5536E-03    1.4020E-09    6.8322E-01   -1.4818E+00    4.3726E+01    4.9600E-04
9.3985E-01  9.2559E-01 2.8402E+02    9.7815E-03    1.2024E-09    6.7435E-01   -1.6097E+00    4.5961E+01    4.9600E-04
5.5814E-01  9.6715E-01 2.8593E+02    1.1145E-02    1.0641E-09    6.7932E-01   -1.8559E+00    4.8164E+01    4.9600E-04
1.8483E-01  1.0093E+00 2.8774E+02    1.2446E-02    9.6310E-10    6.9345E-01   -2.0803E+00    5.0339E+01    4.9600E-04
0.0000E+00  1.0307E+00 2.8866E+02    1.3223E-02    9.8000E-10    7.9886E+00   -3.2477E+00    5.1468E+01    4.9600E-04
