     ALT          P          T          FH2O           O3           THEAT        TCOOL        PSATCO2        FCO2
6.1467E+01  3.2610E-05 1.7788E+02    1.7547E-10    7.4185E-09    3.9487E+01   -3.2698E+01    2.2679E-01    3.8510E-04
6.0564E+01  3.8508E-05 1.7313E+02    2.6153E-10    1.0163E-08    2.7816E+00   -1.1437E+01    1.3985E-01    3.9100E-04
5.9683E+01  4.5414E-05 1.7216E+02    3.8829E-10    1.2165E-08    1.8739E+00   -3.2751E+00    1.2631E-01    3.9729E-04
5.8807E+01  5.3492E-05 1.7363E+02    5.7921E-10    1.3223E-08    1.7279E+00   -1.0897E+00    1.4729E-01    4.0254E-04
5.7928E+01  6.2928E-05 1.7624E+02    8.7419E-10    1.3339E-08    1.6030E+00   -1.0447E+00    1.9248E-01    4.0882E-04
5.7042E+01  7.3934E-05 1.7917E+02    1.3357E-09    1.2808E-08    1.4802E+00   -9.7381E-01    2.5725E-01    4.1451E-04
5.6149E+01  8.6756E-05 1.8193E+02    2.0500E-09    1.1782E-08    1.3630E+00   -1.0960E+00    3.3524E-01    4.2065E-04
5.5252E+01  1.0167E-04 1.8425E+02    3.1695E-09    1.0334E-08    1.2513E+00   -1.0816E+00    4.1648E-01    4.2688E-04
5.4351E+01  1.1900E-04 1.8599E+02    4.9152E-09    8.5981E-09    1.1541E+00   -1.0165E+00    4.8798E-01    4.3304E-04
5.3452E+01  1.3912E-04 1.8707E+02    7.6428E-09    6.6944E-09    1.0644E+00   -9.3452E-01    5.3734E-01    4.3924E-04
5.2556E+01  1.6242E-04 1.8747E+02    1.1878E-08    4.7978E-09    9.8329E-01   -8.7686E-01    5.5716E-01    4.4506E-04
5.1667E+01  1.8939E-04 1.8728E+02    1.8266E-08    3.1066E-09    9.1422E-01   -8.4564E-01    5.4748E-01    4.5139E-04
5.0788E+01  2.2056E-04 1.8659E+02    2.7853E-08    1.7936E-09    8.5751E-01   -8.2977E-01    5.1470E-01    4.5667E-04
4.9921E+01  2.5654E-04 1.8554E+02    4.1605E-08    1.0515E-09    8.1768E-01   -8.2666E-01    4.6822E-01    4.6287E-04
4.9066E+01  2.9800E-04 1.8427E+02    6.0675E-08    7.4943E-10    7.9147E-01   -8.2815E-01    4.1707E-01    4.6800E-04
4.8225E+01  3.4574E-04 1.8292E+02    8.6310E-08    6.1700E-10    7.7763E-01   -8.3167E-01    3.6793E-01    4.7304E-04
4.7397E+01  4.0062E-04 1.8159E+02    1.1937E-07    5.3633E-10    7.7264E-01   -8.3493E-01    3.2466E-01    4.7702E-04
4.6583E+01  4.6362E-04 1.8036E+02    1.5902E-07    4.8783E-10    7.7475E-01   -8.3773E-01    2.8888E-01    4.8061E-04
4.5780E+01  5.3585E-04 1.7930E+02    2.0609E-07    4.6398E-10    7.8118E-01   -8.4001E-01    2.6068E-01    4.8382E-04
4.4990E+01  6.1856E-04 1.7843E+02    2.5717E-07    4.5898E-10    7.8824E-01   -8.3950E-01    2.3938E-01    4.8598E-04
4.4209E+01  7.1313E-04 1.7776E+02    3.0964E-07    4.6979E-10    7.9423E-01   -8.3611E-01    2.2402E-01    4.8805E-04
4.3438E+01  8.2112E-04 1.7728E+02    3.5872E-07    4.9699E-10    7.9631E-01   -8.2823E-01    2.1354E-01    4.8960E-04
4.2676E+01  9.4428E-04 1.7697E+02    4.0417E-07    5.3822E-10    7.9277E-01   -8.1678E-01    2.0703E-01    4.9012E-04
4.1922E+01  1.0845E-03 1.7680E+02    4.4233E-07    5.9731E-10    7.8903E-01   -8.0508E-01    2.0369E-01    4.9100E-04
4.1176E+01  1.2441E-03 1.7676E+02    4.7182E-07    6.7690E-10    7.8420E-01   -7.9568E-01    2.0285E-01    4.9200E-04
4.0436E+01  1.4253E-03 1.7682E+02    4.9220E-07    7.8265E-10    7.7778E-01   -7.9027E-01    2.0405E-01    4.9260E-04
3.9704E+01  1.6308E-03 1.7696E+02    5.0534E-07    9.1629E-10    7.7337E-01   -7.9078E-01    2.0694E-01    4.9300E-04
3.8977E+01  1.8636E-03 1.7717E+02    5.1105E-07    1.0811E-09    7.7282E-01   -7.9549E-01    2.1124E-01    4.9300E-04
3.8257E+01  2.1270E-03 1.7742E+02    5.1200E-07    1.2844E-09    7.7649E-01   -8.0154E-01    2.1664E-01    4.9300E-04
3.7542E+01  2.4245E-03 1.7770E+02    5.0921E-07    1.5149E-09    7.8219E-01   -8.0495E-01    2.2275E-01    4.9300E-04
3.6834E+01  2.7601E-03 1.7798E+02    5.0475E-07    1.7728E-09    7.8697E-01   -8.0353E-01    2.2903E-01    4.9300E-04
3.6131E+01  3.1383E-03 1.7824E+02    4.9912E-07    2.0682E-09    7.8837E-01   -7.9707E-01    2.3486E-01    4.9300E-04
3.5435E+01  3.5638E-03 1.7844E+02    4.9293E-07    2.4000E-09    7.8518E-01   -7.8692E-01    2.3962E-01    4.9300E-04
3.4744E+01  4.0419E-03 1.7858E+02    4.8603E-07    2.7781E-09    7.7725E-01   -7.7465E-01    2.4283E-01    4.9300E-04
3.4061E+01  4.5783E-03 1.7864E+02    4.7919E-07    3.2088E-09    7.6463E-01   -7.6118E-01    2.4426E-01    4.9300E-04
3.3385E+01  5.1794E-03 1.7863E+02    4.7170E-07    3.6976E-09    7.4691E-01   -7.4594E-01    2.4402E-01    4.9300E-04
3.2716E+01  5.8520E-03 1.7856E+02    4.6467E-07    4.2548E-09    7.2310E-01   -7.2763E-01    2.4253E-01    4.9300E-04
3.2054E+01  6.6037E-03 1.7848E+02    4.5672E-07    4.9007E-09    6.9208E-01   -7.0463E-01    2.4051E-01    4.9300E-04
3.1399E+01  7.4425E-03 1.7841E+02    4.4886E-07    5.6231E-09    6.5352E-01   -6.7649E-01    2.3881E-01    4.9300E-04
3.0752E+01  8.3772E-03 1.7839E+02    4.4011E-07    6.4397E-09    6.0897E-01   -6.4376E-01    2.3833E-01    4.9300E-04
3.0111E+01  9.4175E-03 1.7845E+02    4.3112E-07    7.3600E-09    5.6189E-01   -6.0799E-01    2.3990E-01    4.9300E-04
2.9478E+01  1.0574E-02 1.7863E+02    4.2224E-07    8.3840E-09    5.1644E-01   -5.6032E-01    2.4414E-01    4.9300E-04
2.8850E+01  1.1857E-02 1.7893E+02    4.1266E-07    9.5335E-09    4.7728E-01   -5.2019E-01    2.5146E-01    4.9300E-04
2.8228E+01  1.3279E-02 1.7936E+02    4.0393E-07    1.0838E-08    4.4803E-01   -4.8622E-01    2.6206E-01    4.9300E-04
2.7612E+01  1.4853E-02 1.7989E+02    4.0227E-07    1.2187E-08    4.2902E-01   -4.5985E-01    2.7597E-01    4.9300E-04
2.7000E+01  1.6592E-02 1.8051E+02    4.0595E-07    1.3578E-08    4.1869E-01   -4.4089E-01    2.9306E-01    4.9300E-04
2.6394E+01  1.8512E-02 1.8120E+02    4.1464E-07    1.5107E-08    4.1439E-01   -4.2811E-01    3.1305E-01    4.9300E-04
2.5792E+01  2.0628E-02 1.8194E+02    4.2610E-07    1.6861E-08    4.1280E-01   -4.1932E-01    3.3559E-01    4.9300E-04
2.5195E+01  2.2957E-02 1.8270E+02    4.3936E-07    1.8793E-08    4.1059E-01   -4.1240E-01    3.6038E-01    4.9300E-04
2.4602E+01  2.5516E-02 1.8347E+02    4.5503E-07    2.1091E-08    4.0634E-01   -4.0584E-01    3.8724E-01    4.9300E-04
2.4015E+01  2.8326E-02 1.8425E+02    4.7241E-07    2.3691E-08    3.9874E-01   -3.9894E-01    4.1626E-01    4.9300E-04
2.3432E+01  3.1405E-02 1.8505E+02    4.9233E-07    2.6679E-08    3.8790E-01   -3.9150E-01    4.4789E-01    4.9300E-04
2.2853E+01  3.4774E-02 1.8588E+02    5.1632E-07    3.0124E-08    3.7457E-01   -3.8352E-01    4.8294E-01    4.9300E-04
2.2280E+01  3.8457E-02 1.8676E+02    5.4724E-07    3.4074E-08    3.5989E-01   -3.7484E-01    5.2260E-01    4.9300E-04
2.1711E+01  4.2476E-02 1.8770E+02    5.8722E-07    3.8638E-08    3.4541E-01   -3.6512E-01    5.6836E-01    4.9300E-04
2.1146E+01  4.6856E-02 1.8872E+02    6.3783E-07    4.3911E-08    3.3249E-01   -3.5429E-01    6.2181E-01    4.9300E-04
2.0585E+01  5.1623E-02 1.8982E+02    7.0234E-07    4.9926E-08    3.2202E-01   -3.4300E-01    6.8460E-01    4.9300E-04
2.0029E+01  5.6803E-02 1.9101E+02    7.8320E-07    5.7173E-08    3.1547E-01   -3.3224E-01    7.5820E-01    4.9300E-04
1.9476E+01  6.2423E-02 1.9227E+02    8.8231E-07    6.5921E-08    3.1281E-01   -3.2327E-01    8.4391E-01    4.9300E-04
1.8927E+01  6.8514E-02 1.9359E+02    9.9883E-07    7.6670E-08    3.1356E-01   -3.1702E-01    9.4278E-01    4.9300E-04
1.8382E+01  7.5104E-02 1.9496E+02    1.1413E-06    8.9833E-08    3.1641E-01   -3.1484E-01    1.0558E+00    4.9300E-04
1.7841E+01  8.2224E-02 1.9637E+02    1.3095E-06    1.0519E-07    3.1862E-01   -3.1710E-01    1.1840E+00    4.9300E-04
1.7303E+01  8.9906E-02 1.9781E+02    1.4998E-06    1.2220E-07    3.1797E-01   -3.2384E-01    1.3289E+00    4.9300E-04
1.6769E+01  9.8182E-02 1.9928E+02    1.7311E-06    1.4031E-07    3.1333E-01   -3.3244E-01    1.4922E+00    4.9300E-04
1.6239E+01  1.0708E-01 2.0076E+02    1.5685E-06    1.5525E-07    2.9753E-01   -2.8179E-01    1.6744E+00    4.9300E-04
1.5713E+01  1.1665E-01 2.0224E+02    1.5977E-06    1.6758E-07    2.8062E-01   -2.7269E-01    1.8759E+00    4.9300E-04
1.5191E+01  1.2690E-01 2.0348E+02    1.8154E-06    1.7535E-07    2.6388E-01   -2.6326E-01    2.0592E+00    4.9300E-04
1.4674E+01  1.3789E-01 2.0450E+02    2.1407E-06    1.7770E-07    2.4716E-01   -2.4817E-01    2.2222E+00    4.9300E-04
1.4163E+01  1.4963E-01 2.0532E+02    2.4473E-06    1.7440E-07    2.2974E-01   -2.3083E-01    2.3626E+00    4.9300E-04
1.3658E+01  1.6217E-01 2.0617E+02    2.7975E-06    1.6393E-07    2.1116E-01   -2.1478E-01    2.5135E+00    4.9300E-04
1.3159E+01  1.7554E-01 2.0688E+02    3.1342E-06    1.4714E-07    1.9160E-01   -1.8581E-01    2.6486E+00    4.9300E-04
1.2666E+01  1.8978E-01 2.0762E+02    3.5129E-06    1.2760E-07    1.7336E-01   -1.8353E-01    2.7930E+00    4.9300E-04
1.2179E+01  2.0491E-01 2.0870E+02    4.1293E-06    1.0899E-07    1.5880E-01   -1.5466E-01    3.0187E+00    4.9300E-04
1.1699E+01  2.2097E-01 2.0926E+02    4.4997E-06    9.0338E-08    1.4466E-01   -1.4583E-01    3.1410E+00    4.9300E-04
1.1223E+01  2.3798E-01 2.1117E+02    5.9094E-06    7.3508E-08    1.3807E-01   -1.3769E-01    3.5937E+00    4.9300E-04
1.0753E+01  2.5598E-01 2.1213E+02    6.7806E-06    6.2361E-08    1.3375E-01   -1.8899E-01    3.8411E+00    4.9300E-04
1.0285E+01  2.7500E-01 2.1659E+02    1.2350E-05    5.4820E-08    1.5469E-01   -5.9927E-01    5.1859E+00    4.9300E-04
9.8155E+00  2.9506E-01 2.2102E+02    2.1915E-05    4.8514E-08    1.8967E-01   -1.0186E+00    6.2593E+00    4.9300E-04
9.3453E+00  3.1618E-01 2.2543E+02    3.7877E-05    4.2780E-08    2.3713E-01   -1.4322E+00    7.4840E+00    4.9300E-04
8.8746E+00  3.3839E-01 2.2979E+02    6.3732E-05    3.7498E-08    2.9590E-01   -1.8060E+00    8.8641E+00    4.9300E-04
8.4040E+00  3.6170E-01 2.3408E+02    1.0431E-04    3.2516E-08    3.6125E-01   -2.0971E+00    1.0398E+01    4.9300E-04
7.9340E+00  3.8613E-01 2.3827E+02    1.6588E-04    2.7872E-08    4.2944E-01   -2.2879E+00    1.2078E+01    4.9300E-04
7.4650E+00  4.1169E-01 2.4233E+02    2.5609E-04    2.3654E-08    5.0341E-01   -2.4072E+00    1.3890E+01    4.9300E-04
6.9976E+00  4.3839E-01 2.4624E+02    3.8359E-04    1.9891E-08    5.7981E-01   -2.4426E+00    1.5813E+01    4.9300E-04
6.5325E+00  4.6623E-01 2.4997E+02    5.5747E-04    1.6582E-08    6.4407E-01   -2.4230E+00    1.7825E+01    4.9300E-04
6.0704E+00  4.9521E-01 2.5350E+02    7.8667E-04    1.3725E-08    6.8855E-01   -2.3730E+00    1.9900E+01    4.9300E-04
5.6117E+00  5.2534E-01 2.5684E+02    1.0794E-03    1.1278E-08    7.1937E-01   -2.3281E+00    2.2015E+01    4.9300E-04
5.1571E+00  5.5659E-01 2.5998E+02    1.4427E-03    9.1886E-09    7.4365E-01   -2.2590E+00    2.4150E+01    4.9300E-04
4.7072E+00  5.8896E-01 2.6292E+02    1.8825E-03    7.4645E-09    7.6133E-01   -2.1733E+00    2.6290E+01    4.9300E-04
4.2625E+00  6.2243E-01 2.6569E+02    2.4036E-03    6.0261E-09    7.6940E-01   -2.0874E+00    2.8423E+01    4.9300E-04
3.8236E+00  6.5697E-01 2.6829E+02    3.0098E-03    4.8530E-09    7.6817E-01   -1.9742E+00    3.0538E+01    4.9300E-04
3.3908E+00  6.9256E-01 2.7073E+02    3.7037E-03    3.8914E-09    7.6084E-01   -1.8032E+00    3.2631E+01    4.9300E-04
2.9646E+00  7.2915E-01 2.7303E+02    4.4874E-03    3.1262E-09    7.5040E-01   -1.6428E+00    3.4697E+01    4.9300E-04
2.5451E+00  7.6671E-01 2.7545E+02    5.4363E-03    2.5175E-09    7.4233E-01   -1.5437E+00    3.6974E+01    4.9300E-04
2.1326E+00  8.0518E-01 2.7774E+02    6.3333E-03    2.0362E-09    7.1720E-01   -1.4414E+00    3.9234E+01    4.9300E-04
1.7273E+00  8.4453E-01 2.7994E+02    7.4467E-03    1.6628E-09    7.0169E-01   -1.4365E+00    4.1499E+01    4.9300E-04
1.3296E+00  8.8467E-01 2.8203E+02    8.5587E-03    1.3891E-09    6.8304E-01   -1.4823E+00    4.3737E+01    4.9300E-04
9.3979E-01  9.2556E-01 2.8403E+02    9.7879E-03    1.1856E-09    6.7426E-01   -1.6105E+00    4.5972E+01    4.9300E-04
5.5810E-01  9.6712E-01 2.8594E+02    1.1151E-02    1.0482E-09    6.7922E-01   -1.8566E+00    4.8174E+01    4.9300E-04
1.8482E-01  1.0093E+00 2.8775E+02    1.2451E-02    9.5422E-10    6.9336E-01   -2.0809E+00    5.0348E+01    4.9300E-04
0.0000E+00  1.0307E+00 2.8867E+02    1.3230E-02    9.7000E-10    7.9883E+00   -3.2478E+00    5.1477E+01    4.9300E-04
