     ALT          P          T          FH2O           O3           THEAT        TCOOL        PSATCO2        FCO2
6.3891E+01  3.2610E-05 1.7385E+02    1.0988E-06    1.2651E-11    4.1701E+01   -3.7972E+01    1.5083E-01    6.6581E-04
6.2994E+01  3.8507E-05 1.7462E+02    1.5066E-06    4.3842E-12    3.1334E+00   -1.0434E+01    1.6319E-01    6.6581E-04
6.2095E+01  4.5413E-05 1.7732E+02    2.0148E-06    3.3571E-12    2.6846E+00   -3.9165E+00    2.1453E-01    6.6581E-04
6.1189E+01  5.3490E-05 1.8068E+02    2.6045E-06    2.8734E-12    2.3787E+00   -3.1070E+00    2.9779E-01    6.6581E-04
6.0273E+01  6.2924E-05 1.8377E+02    3.2726E-06    2.8043E-12    2.1219E+00   -3.2586E+00    3.9832E-01    6.6581E-04
5.9350E+01  7.3929E-05 1.8613E+02    3.9773E-06    3.0482E-12    1.9051E+00   -3.3321E+00    4.9406E-01    6.6700E-04
5.8426E+01  8.6749E-05 1.8762E+02    4.7000E-06    3.5023E-12    1.7163E+00   -3.2975E+00    5.6452E-01    6.6778E-04
5.7504E+01  1.0166E-04 1.8833E+02    5.4067E-06    4.1287E-12    1.5523E+00   -3.2186E+00    6.0071E-01    6.6800E-04
5.6588E+01  1.1899E-04 1.8844E+02    6.1008E-06    4.9279E-12    1.4269E+00   -3.1313E+00    6.0706E-01    6.6800E-04
5.5679E+01  1.3910E-04 1.8823E+02    6.7542E-06    5.9234E-12    1.3275E+00   -3.0478E+00    5.9559E-01    6.6862E-04
5.4779E+01  1.6240E-04 1.8790E+02    7.3654E-06    7.0980E-12    1.2527E+00   -2.9693E+00    5.7879E-01    6.6900E-04
5.3889E+01  1.8936E-04 1.8764E+02    7.9355E-06    8.4255E-12    1.2018E+00   -2.8996E+00    5.6553E-01    6.6900E-04
5.3006E+01  2.2053E-04 1.8754E+02    8.4621E-06    9.8554E-12    1.1728E+00   -2.8410E+00    5.6060E-01    6.6900E-04
5.2131E+01  2.5650E-04 1.8765E+02    8.9339E-06    1.1344E-11    1.1615E+00   -2.7903E+00    5.6573E-01    6.6900E-04
5.1263E+01  2.9795E-04 1.8794E+02    9.3676E-06    1.2827E-11    1.1634E+00   -2.7458E+00    5.8087E-01    6.6900E-04
5.0401E+01  3.4568E-04 1.8841E+02    9.7535E-06    1.4551E-11    1.1730E+00   -2.7009E+00    6.0518E-01    6.6900E-04
4.9544E+01  4.0054E-04 1.8900E+02    1.0127E-05    1.6881E-11    1.1860E+00   -2.6541E+00    6.3752E-01    6.6900E-04
4.8691E+01  4.6352E-04 1.8969E+02    1.0397E-05    1.9518E-11    1.1972E+00   -2.5936E+00    6.7662E-01    6.7000E-04
4.7843E+01  5.3574E-04 1.9043E+02    1.0654E-05    2.2378E-11    1.2026E+00   -2.5247E+00    7.2117E-01    6.7000E-04
4.6999E+01  6.1842E-04 1.9119E+02    1.0904E-05    2.5695E-11    1.2006E+00   -2.4467E+00    7.6984E-01    6.7000E-04
4.6159E+01  7.1296E-04 1.9195E+02    1.1159E-05    3.0187E-11    1.1901E+00   -2.3582E+00    8.2108E-01    6.7000E-04
4.5324E+01  8.2092E-04 1.9267E+02    1.1353E-05    3.5827E-11    1.1707E+00   -2.2575E+00    8.7305E-01    6.7000E-04
4.4494E+01  9.4404E-04 1.9335E+02    1.1525E-05    4.2359E-11    1.1458E+00   -2.1534E+00    9.2360E-01    6.7000E-04
4.3668E+01  1.0843E-03 1.9394E+02    1.1600E-05    5.0109E-11    1.1231E+00   -2.0573E+00    9.7061E-01    6.7000E-04
4.2848E+01  1.2437E-03 1.9445E+02    1.1765E-05    5.9145E-11    1.1061E+00   -1.9807E+00    1.0124E+00    6.7000E-04
4.2034E+01  1.4249E-03 1.9488E+02    1.1900E-05    6.9795E-11    1.0929E+00   -1.9189E+00    1.0482E+00    6.7000E-04
4.1225E+01  1.6303E-03 1.9521E+02    1.1998E-05    8.2252E-11    1.0845E+00   -1.8713E+00    1.0775E+00    6.7000E-04
4.0424E+01  1.8630E-03 1.9547E+02    1.2062E-05    9.7113E-11    1.0794E+00   -1.8330E+00    1.1005E+00    6.7000E-04
3.9629E+01  2.1263E-03 1.9565E+02    1.2125E-05    1.1388E-10    1.0747E+00   -1.7993E+00    1.1170E+00    6.7000E-04
3.8842E+01  2.4237E-03 1.9576E+02    1.2200E-05    1.3409E-10    1.0672E+00   -1.7681E+00    1.1266E+00    6.7000E-04
3.8062E+01  2.7592E-03 1.9578E+02    1.2245E-05    1.5705E-10    1.0546E+00   -1.7403E+00    1.1288E+00    6.7000E-04
3.7289E+01  3.1372E-03 1.9573E+02    1.2300E-05    1.8357E-10    1.0369E+00   -1.7199E+00    1.1236E+00    6.7000E-04
3.6525E+01  3.5625E-03 1.9559E+02    1.2300E-05    2.1421E-10    1.0139E+00   -1.7075E+00    1.1114E+00    6.7000E-04
3.5770E+01  4.0404E-03 1.9540E+02    1.2400E-05    2.4948E-10    9.8654E-01   -1.7042E+00    1.0938E+00    6.7000E-04
3.5023E+01  4.5766E-03 1.9516E+02    1.2400E-05    2.9046E-10    9.5251E-01   -1.7008E+00    1.0727E+00    6.7000E-04
3.4284E+01  5.1774E-03 1.9491E+02    1.2400E-05    3.3804E-10    9.1089E-01   -1.6929E+00    1.0508E+00    6.7000E-04
3.3554E+01  5.8497E-03 1.9467E+02    1.2400E-05    3.9223E-10    8.6057E-01   -1.6754E+00    1.0305E+00    6.7000E-04
3.2833E+01  6.6010E-03 1.9447E+02    1.2400E-05    4.5566E-10    8.0200E-01   -1.6458E+00    1.0140E+00    6.7000E-04
3.2120E+01  7.4394E-03 1.9434E+02    1.2400E-05    5.2835E-10    7.3795E-01   -1.6044E+00    1.0032E+00    6.7000E-04
3.1415E+01  8.3737E-03 1.9429E+02    1.2400E-05    6.0366E-10    6.7321E-01   -1.5534E+00    9.9895E-01    6.7000E-04
3.0718E+01  9.4135E-03 1.9433E+02    1.2400E-05    6.8759E-10    6.1330E-01   -1.4967E+00    1.0017E+00    6.7000E-04
3.0028E+01  1.0569E-02 1.9444E+02    1.2400E-05    7.8365E-10    5.6224E-01   -1.4306E+00    1.0108E+00    6.7000E-04
2.9345E+01  1.1852E-02 1.9460E+02    1.2400E-05    8.9604E-10    5.2236E-01   -1.3631E+00    1.0245E+00    6.7000E-04
2.8669E+01  1.3273E-02 1.9479E+02    1.2400E-05    1.0234E-09    4.9379E-01   -1.3062E+00    1.0408E+00    6.7000E-04
2.8001E+01  1.4846E-02 1.9499E+02    1.2400E-05    1.1731E-09    4.7364E-01   -1.2589E+00    1.0576E+00    6.7000E-04
2.7339E+01  1.6584E-02 1.9516E+02    1.2354E-05    1.3529E-09    4.5762E-01   -1.2174E+00    1.0732E+00    6.7000E-04
2.6685E+01  1.8503E-02 1.9531E+02    1.2300E-05    1.5572E-09    4.4185E-01   -1.1796E+00    1.0864E+00    6.7000E-04
2.6037E+01  2.0618E-02 1.9543E+02    1.2300E-05    1.7857E-09    4.2371E-01   -1.1441E+00    1.0970E+00    6.7000E-04
2.5397E+01  2.2946E-02 1.9552E+02    1.2256E-05    2.0677E-09    4.0153E-01   -1.1075E+00    1.1052E+00    6.7000E-04
2.4765E+01  2.5504E-02 1.9560E+02    1.2200E-05    2.3875E-09    3.7531E-01   -1.0698E+00    1.1120E+00    6.7000E-04
2.4139E+01  2.8311E-02 1.9567E+02    1.2100E-05    2.7533E-09    3.4600E-01   -1.0303E+00    1.1186E+00    6.7000E-04
2.3522E+01  3.1388E-02 1.9576E+02    1.2073E-05    3.1894E-09    3.1578E-01   -9.9030E-01    1.1267E+00    6.7000E-04
2.2911E+01  3.4756E-02 1.9588E+02    1.2000E-05    3.6922E-09    2.8616E-01   -9.4607E-01    1.1376E+00    6.7000E-04
2.2308E+01  3.8437E-02 1.9604E+02    1.1925E-05    4.2799E-09    2.5916E-01   -8.9732E-01    1.1524E+00    6.7000E-04
2.1712E+01  4.2453E-02 1.9624E+02    1.1803E-05    4.9599E-09    2.3609E-01   -8.4373E-01    1.1712E+00    6.7000E-04
2.1123E+01  4.6831E-02 1.9647E+02    1.1783E-05    5.7615E-09    2.1828E-01   -7.8969E-01    1.1937E+00    6.7000E-04
2.0541E+01  5.1594E-02 1.9674E+02    1.1665E-05    6.7060E-09    2.0518E-01   -7.3327E-01    1.2191E+00    6.7000E-04
1.9966E+01  5.6771E-02 1.9701E+02    1.1548E-05    7.7837E-09    1.9649E-01   -6.7884E-01    1.2462E+00    6.7000E-04
1.9397E+01  6.2388E-02 1.9729E+02    1.1365E-05    9.0204E-09    1.9124E-01   -6.2727E-01    1.2742E+00    6.7000E-04
1.8836E+01  6.8475E-02 1.9756E+02    1.1219E-05    1.0442E-08    1.8891E-01   -5.8175E-01    1.3027E+00    6.7000E-04
1.8282E+01  7.5061E-02 1.9784E+02    1.1107E-05    1.2184E-08    1.8907E-01   -5.4146E-01    1.3316E+00    6.7000E-04
1.7734E+01  8.2176E-02 1.9812E+02    1.0892E-05    1.4278E-08    1.9075E-01   -5.0193E-01    1.3613E+00    6.7000E-04
1.7194E+01  8.9853E-02 1.9840E+02    1.0687E-05    1.6725E-08    1.9381E-01   -4.6321E-01    1.3924E+00    6.7000E-04
1.6660E+01  9.8123E-02 1.9870E+02    1.0559E-05    1.9731E-08    1.9862E-01   -4.2309E-01    1.4253E+00    6.7000E-04
1.6133E+01  1.0702E-01 1.9900E+02    1.0347E-05    2.3391E-08    2.0287E-01   -3.4687E-01    1.4603E+00    6.7000E-04
1.5613E+01  1.1657E-01 1.9933E+02    1.0138E-05    2.7791E-08    2.0766E-01   -2.8956E-01    1.4984E+00    6.7000E-04
1.5100E+01  1.2682E-01 1.9971E+02    9.9494E-06    3.3008E-08    2.1278E-01   -2.3125E-01    1.5431E+00    6.7000E-04
1.4594E+01  1.3780E-01 2.0015E+02    9.7939E-06    3.9015E-08    2.1535E-01   -1.6077E-01    1.5968E+00    6.7000E-04
1.4094E+01  1.4954E-01 2.0065E+02    4.6630E-06    4.5697E-08    2.0148E-01   -4.4457E-02    1.6600E+00    6.7000E-04
1.3601E+01  1.6207E-01 2.0117E+02    1.3211E-06    5.2854E-08    1.9420E-01    2.5695E-02    1.7279E+00    6.7000E-04
1.3115E+01  1.7543E-01 2.0173E+02    1.4510E-06    5.9115E-08    1.8578E-01    8.4803E-02    1.8033E+00    6.7000E-04
1.2635E+01  1.8966E-01 2.0237E+02    1.6142E-06    6.2691E-08    1.7654E-01    1.3836E-01    1.8940E+00    6.7000E-04
1.2160E+01  2.0477E-01 2.0323E+02    1.8514E-06    6.3162E-08    1.6430E-01    1.8183E-01    2.0212E+00    6.7000E-04
1.1691E+01  2.2082E-01 2.0502E+02    2.4292E-06    6.0600E-08    1.5207E-01    1.0823E-01    2.3103E+00    6.7000E-04
1.1223E+01  2.3782E-01 2.0881E+02    4.2141E-06    5.5676E-08    1.4520E-01   -4.2038E-02    3.0432E+00    6.7000E-04
1.0755E+01  2.5581E-01 2.1233E+02    6.8975E-06    5.0812E-08    1.4533E-01   -2.2950E-01    3.8928E+00    6.7000E-04
1.0287E+01  2.7482E-01 2.1678E+02    1.2558E-05    4.6743E-08    1.5980E-01   -5.6332E-01    5.2300E+00    6.7000E-04
9.8175E+00  2.9486E-01 2.2122E+02    2.2279E-05    4.2856E-08    1.8929E-01   -9.5898E-01    6.3106E+00    6.7000E-04
9.3470E+00  3.1596E-01 2.2563E+02    3.8495E-05    3.8978E-08    2.3472E-01   -1.3822E+00    7.5431E+00    6.7000E-04
8.8762E+00  3.3815E-01 2.2999E+02    6.4742E-05    3.5172E-08    2.9379E-01   -1.7777E+00    8.9310E+00    6.7000E-04
8.4053E+00  3.6145E-01 2.3428E+02    1.0590E-04    3.1385E-08    3.6046E-01   -2.0878E+00    1.0473E+01    6.7000E-04
7.9350E+00  3.8586E-01 2.3847E+02    1.6828E-04    2.7601E-08    4.3088E-01   -2.2914E+00    1.2160E+01    6.7000E-04
7.4659E+00  4.1140E-01 2.4252E+02    2.5959E-04    2.4008E-08    5.0702E-01   -2.4144E+00    1.3977E+01    6.7000E-04
6.9983E+00  4.3808E-01 2.4642E+02    3.8848E-04    2.0694E-08    5.8434E-01   -2.4464E+00    1.5906E+01    6.7000E-04
6.5331E+00  4.6590E-01 2.5014E+02    5.6407E-04    1.7660E-08    6.4850E-01   -2.4212E+00    1.7921E+01    6.7000E-04
6.0708E+00  4.9486E-01 2.5366E+02    7.9527E-04    1.4946E-08    6.9253E-01   -2.3669E+00    1.9998E+01    6.7000E-04
5.6120E+00  5.2496E-01 2.5699E+02    1.0902E-03    1.2528E-08    7.2280E-01   -2.3181E+00    2.2115E+01    6.7000E-04
5.1573E+00  5.5619E-01 2.6012E+02    1.4561E-03    1.0361E-08    7.4636E-01   -2.2459E+00    2.4250E+01    6.7000E-04
4.7074E+00  5.8853E-01 2.6306E+02    1.8987E-03    8.5570E-09    7.6321E-01   -2.1586E+00    2.6390E+01    6.7000E-04
4.2627E+00  6.2197E-01 2.6581E+02    2.4229E-03    6.9807E-09    7.7046E-01   -2.0703E+00    2.8521E+01    6.7000E-04
3.8237E+00  6.5649E-01 2.6840E+02    3.0324E-03    5.6331E-09    7.6861E-01   -1.9514E+00    3.0636E+01    6.7000E-04
3.3909E+00  6.9204E-01 2.7084E+02    3.7300E-03    4.5059E-09    7.6104E-01   -1.7784E+00    3.2727E+01    6.7000E-04
2.9646E+00  7.2861E-01 2.7315E+02    4.5257E-03    3.5852E-09    7.5130E-01   -1.6191E+00    3.4811E+01    6.7000E-04
2.5451E+00  7.6613E-01 2.7557E+02    5.4744E-03    2.8406E-09    7.4231E-01   -1.5144E+00    3.7087E+01    6.7000E-04
2.1326E+00  8.0458E-01 2.7785E+02    6.3705E-03    2.2473E-09    7.1669E-01   -1.4130E+00    3.9347E+01    6.7000E-04
1.7273E+00  8.4389E-01 2.8005E+02    7.4980E-03    1.7826E-09    7.0184E-01   -1.4129E+00    4.1610E+01    6.7000E-04
1.3296E+00  8.8400E-01 2.8213E+02    8.6098E-03    1.4207E-09    6.8301E-01   -1.4622E+00    4.3849E+01    6.7000E-04
9.3976E-01  9.2486E-01 2.8413E+02    9.8578E-03    1.1638E-09    6.7508E-01   -1.5965E+00    4.6083E+01    6.7000E-04
5.5808E-01  9.6638E-01 2.8603E+02    1.1222E-02    9.9071E-10    6.7991E-01   -1.8432E+00    4.8285E+01    6.7000E-04
1.8481E-01  1.0085E+00 2.8784E+02    1.2524E-02    8.6979E-10    6.9428E-01   -2.0683E+00    5.0459E+01    6.7000E-04
0.0000E+00  1.0299E+00 2.8876E+02    1.3326E-02    8.9000E-10    8.0002E+00   -3.2099E+00    5.1588E+01    6.7000E-04
