     ALT          P          T          FH2O           O3           THEAT        TCOOL        PSATCO2        FCO2
6.2498E+01  3.2610E-05 1.7784E+02    3.6738E-10    6.6560E-09    3.9663E+01   -3.3117E+01    2.2588E-01    4.0009E-04
6.1593E+01  3.8508E-05 1.7368E+02    5.4189E-10    8.8582E-09    2.7471E+00   -1.0902E+01    1.4810E-01    4.0635E-04
6.0707E+01  4.5414E-05 1.7311E+02    7.9594E-10    1.0361E-08    1.9133E+00   -2.9721E+00    1.3960E-01    4.1182E-04
5.9826E+01  5.3492E-05 1.7487E+02    1.1734E-09    1.0937E-08    1.7624E+00   -1.1186E+00    1.6744E-01    4.1811E-04
5.8940E+01  6.2927E-05 1.7770E+02    1.7577E-09    1.0756E-08    1.6262E+00   -1.0229E+00    2.2281E-01    4.2358E-04
5.8046E+01  7.3934E-05 1.8082E+02    2.6501E-09    1.0126E-08    1.4978E+00   -1.1531E+00    3.0171E-01    4.2980E-04
5.7144E+01  8.6755E-05 1.8375E+02    4.0285E-09    9.0044E-09    1.3734E+00   -1.1795E+00    3.9742E-01    4.3522E-04
5.6237E+01  1.0167E-04 1.8622E+02    6.1611E-09    7.6452E-09    1.2586E+00   -1.1072E+00    4.9798E-01    4.4167E-04
5.5327E+01  1.1900E-04 1.8808E+02    9.4408E-09    6.1316E-09    1.1595E+00   -1.0481E+00    5.8787E-01    4.4752E-04
5.4416E+01  1.3912E-04 1.8927E+02    1.4488E-08    4.5769E-09    1.0702E+00   -9.8029E-01    6.5255E-01    4.5361E-04
5.3510E+01  1.6242E-04 1.8980E+02    2.2207E-08    3.1123E-09    9.9180E-01   -9.3496E-01    6.8344E-01    4.6006E-04
5.2609E+01  1.8939E-04 1.8975E+02    3.3612E-08    1.8572E-09    9.2406E-01   -9.1229E-01    6.8049E-01    4.6547E-04
5.1718E+01  2.2056E-04 1.8924E+02    5.0313E-08    1.0039E-09    8.7102E-01   -9.0954E-01    6.5076E-01    4.7083E-04
5.0838E+01  2.5653E-04 1.8840E+02    7.3798E-08    6.0891E-10    8.3375E-01   -9.1895E-01    6.0471E-01    4.7612E-04
4.9969E+01  2.9800E-04 1.8738E+02    1.0543E-07    4.6856E-10    8.1072E-01   -9.3511E-01    5.5242E-01    4.8135E-04
4.9113E+01  3.4574E-04 1.8629E+02    1.4813E-07    3.9793E-10    7.9860E-01   -9.5472E-01    5.0144E-01    4.8567E-04
4.8269E+01  4.0061E-04 1.8525E+02    2.0171E-07    3.5122E-10    7.9513E-01   -9.7571E-01    4.5632E-01    4.8905E-04
4.7437E+01  4.6361E-04 1.8432E+02    2.6741E-07    3.2418E-10    7.9874E-01   -9.9868E-01    4.1917E-01    4.9240E-04
4.6616E+01  5.3584E-04 1.8356E+02    3.4352E-07    3.1360E-10    8.0560E-01   -1.0209E+00    3.9042E-01    4.9485E-04
4.5805E+01  6.1855E-04 1.8297E+02    4.2715E-07    3.1344E-10    8.1381E-01   -1.0416E+00    3.6962E-01    4.9748E-04
4.5004E+01  7.1312E-04 1.8256E+02    5.1707E-07    3.2294E-10    8.1922E-01   -1.0576E+00    3.5592E-01    4.9909E-04
4.4212E+01  8.2111E-04 1.8233E+02    6.0484E-07    3.4094E-10    8.1996E-01   -1.0662E+00    3.4833E-01    5.0000E-04
4.3427E+01  9.4427E-04 1.8226E+02    6.9012E-07    3.6790E-10    8.1623E-01   -1.0697E+00    3.4592E-01    5.0100E-04
4.2650E+01  1.0845E-03 1.8232E+02    7.7087E-07    4.0494E-10    8.1202E-01   -1.0709E+00    3.4784E-01    5.0184E-04
4.1880E+01  1.2441E-03 1.8249E+02    8.4418E-07    4.5257E-10    8.0645E-01   -1.0720E+00    3.5341E-01    5.0200E-04
4.1116E+01  1.4252E-03 1.8275E+02    9.1039E-07    5.1148E-10    8.0129E-01   -1.0769E+00    3.6215E-01    5.0294E-04
4.0358E+01  1.6308E-03 1.8308E+02    9.6829E-07    5.8341E-10    7.9796E-01   -1.0848E+00    3.7369E-01    5.0300E-04
3.9606E+01  1.8636E-03 1.8348E+02    1.0196E-06    6.6637E-10    7.9899E-01   -1.0954E+00    3.8772E-01    5.0300E-04
3.8859E+01  2.1269E-03 1.8392E+02    1.0648E-06    7.6011E-10    8.0384E-01   -1.1044E+00    4.0376E-01    5.0300E-04
3.8118E+01  2.4244E-03 1.8437E+02    1.1098E-06    8.6359E-10    8.1008E-01   -1.1084E+00    4.2104E-01    5.0300E-04
3.7382E+01  2.7601E-03 1.8481E+02    1.1396E-06    9.7761E-10    8.1433E-01   -1.1024E+00    4.3843E-01    5.0300E-04
3.6652E+01  3.1383E-03 1.8521E+02    1.1786E-06    1.1057E-09    8.1475E-01   -1.0914E+00    4.5452E-01    5.0300E-04
3.5928E+01  3.5637E-03 1.8553E+02    1.2083E-06    1.2547E-09    8.1005E-01   -1.0746E+00    4.6785E-01    5.0300E-04
3.5211E+01  4.0418E-03 1.8575E+02    1.2287E-06    1.4148E-09    8.0012E-01   -1.0552E+00    4.7726E-01    5.0300E-04
3.4500E+01  4.5782E-03 1.8586E+02    1.2560E-06    1.6110E-09    7.8538E-01   -1.0365E+00    4.8218E-01    5.0300E-04
3.3796E+01  5.1793E-03 1.8588E+02    1.2772E-06    1.8242E-09    7.6496E-01   -1.0165E+00    4.8281E-01    5.0300E-04
3.3099E+01  5.8519E-03 1.8581E+02    1.2913E-06    2.0746E-09    7.3779E-01   -9.9333E-01    4.8008E-01    5.0300E-04
3.2411E+01  6.6035E-03 1.8571E+02    1.3052E-06    2.3615E-09    7.0286E-01   -9.6548E-01    4.7547E-01    5.0300E-04
3.1730E+01  7.4423E-03 1.8560E+02    1.3189E-06    2.6832E-09    6.6011E-01   -9.3179E-01    4.7074E-01    5.0300E-04
3.1056E+01  8.3771E-03 1.8552E+02    1.3225E-06    3.0404E-09    6.1121E-01   -8.9223E-01    4.6760E-01    5.0300E-04
3.0390E+01  9.4173E-03 1.8552E+02    1.3300E-06    3.4410E-09    5.6009E-01   -8.4918E-01    4.6747E-01    5.0300E-04
2.9731E+01  1.0573E-02 1.8561E+02    1.3300E-06    3.8922E-09    5.1088E-01   -7.9481E-01    4.7125E-01    5.0300E-04
2.9079E+01  1.1857E-02 1.8579E+02    1.3300E-06    4.3968E-09    4.6811E-01   -7.4429E-01    4.7926E-01    5.0300E-04
2.8434E+01  1.3279E-02 1.8607E+02    1.3300E-06    4.9634E-09    4.3510E-01   -7.0082E-01    4.9135E-01    5.0300E-04
2.7795E+01  1.4852E-02 1.8642E+02    1.3217E-06    5.6079E-09    4.1230E-01   -6.6489E-01    5.0702E-01    5.0300E-04
2.7162E+01  1.6592E-02 1.8682E+02    1.3189E-06    6.3480E-09    3.9823E-01   -6.3670E-01    5.2550E-01    5.0300E-04
2.6534E+01  1.8512E-02 1.8724E+02    1.3063E-06    7.2190E-09    3.8970E-01   -6.1395E-01    5.4593E-01    5.0300E-04
2.5913E+01  2.0628E-02 1.8768E+02    1.2938E-06    8.2306E-09    3.8329E-01   -5.9465E-01    5.6751E-01    5.0300E-04
2.5298E+01  2.2956E-02 1.8812E+02    1.2727E-06    9.4340E-09    3.7620E-01   -5.7621E-01    5.8971E-01    5.0300E-04
2.4688E+01  2.5516E-02 1.8854E+02    1.2582E-06    1.0818E-08    3.6673E-01   -5.5791E-01    6.1239E-01    5.0300E-04
2.4085E+01  2.8325E-02 1.8897E+02    1.2339E-06    1.2565E-08    3.5474E-01   -5.3840E-01    6.3590E-01    5.0300E-04
2.3488E+01  3.1404E-02 1.8942E+02    1.2098E-06    1.4630E-08    3.4031E-01   -5.1811E-01    6.6110E-01    5.0300E-04
2.2896E+01  3.4773E-02 1.8990E+02    1.1791E-06    1.7099E-08    3.2447E-01   -4.9656E-01    6.8922E-01    5.0300E-04
2.2311E+01  3.8456E-02 1.9044E+02    1.1613E-06    2.0049E-08    3.0880E-01   -4.7434E-01    7.2175E-01    5.0300E-04
2.1731E+01  4.2475E-02 1.9104E+02    1.1504E-06    2.3417E-08    2.9431E-01   -4.5077E-01    7.6025E-01    5.0300E-04
2.1156E+01  4.6855E-02 1.9173E+02    1.1638E-06    2.7289E-08    2.8245E-01   -4.2685E-01    8.0619E-01    5.0300E-04
2.0587E+01  5.1621E-02 1.9251E+02    1.1899E-06    3.1835E-08    2.7440E-01   -4.0260E-01    8.6079E-01    5.0300E-04
2.0023E+01  5.6801E-02 1.9336E+02    1.2285E-06    3.7232E-08    2.7068E-01   -3.7941E-01    9.2498E-01    5.0300E-04
1.9465E+01  6.2422E-02 1.9430E+02    1.2849E-06    4.3741E-08    2.7137E-01   -3.5928E-01    9.9940E-01    5.0300E-04
1.8910E+01  6.8512E-02 1.9529E+02    1.3585E-06    5.1814E-08    2.7622E-01   -3.4352E-01    1.0845E+00    5.0300E-04
1.8361E+01  7.5102E-02 1.9634E+02    1.4435E-06    6.1916E-08    2.8420E-01   -3.3245E-01    1.1808E+00    5.0300E-04
1.7816E+01  8.2222E-02 1.9743E+02    1.5398E-06    7.4657E-08    2.9399E-01   -3.2600E-01    1.2888E+00    5.0300E-04
1.7276E+01  8.9903E-02 1.9855E+02    1.6469E-06    9.0616E-08    3.0372E-01   -3.2351E-01    1.4093E+00    5.0300E-04
1.6741E+01  9.8179E-02 1.9971E+02    1.7744E-06    1.0973E-07    3.1029E-01   -3.2160E-01    1.5431E+00    5.0300E-04
1.6210E+01  1.0708E-01 2.0088E+02    1.5870E-06    1.2992E-07    3.0661E-01   -2.6651E-01    1.6898E+00    5.0300E-04
1.5684E+01  1.1664E-01 2.0205E+02    1.5525E-06    1.5049E-07    2.9808E-01   -2.4711E-01    1.8487E+00    5.0300E-04
1.5163E+01  1.2690E-01 2.0303E+02    1.6972E-06    1.6707E-07    2.8430E-01   -2.2202E-01    1.9911E+00    5.0300E-04
1.4648E+01  1.3788E-01 2.0376E+02    1.9199E-06    1.7688E-07    2.6640E-01   -1.9294E-01    2.1038E+00    5.0300E-04
1.4139E+01  1.4963E-01 2.0442E+02    2.1422E-06    1.7880E-07    2.4602E-01   -1.6432E-01    2.2094E+00    5.0300E-04
1.3636E+01  1.6217E-01 2.0502E+02    2.3666E-06    1.7128E-07    2.2351E-01   -1.3644E-01    2.3101E+00    5.0300E-04
1.3140E+01  1.7554E-01 2.0563E+02    2.6128E-06    1.5543E-07    2.0029E-01   -1.0880E-01    2.4162E+00    5.0300E-04
1.2650E+01  1.8977E-01 2.0625E+02    2.8875E-06    1.3640E-07    1.7909E-01   -8.4445E-02    2.5298E+00    5.0300E-04
1.2167E+01  2.0490E-01 2.0707E+02    3.2751E-06    1.1605E-07    1.6076E-01   -7.0737E-02    2.6851E+00    5.0300E-04
1.1689E+01  2.2096E-01 2.0813E+02    3.8354E-06    9.5826E-08    1.4582E-01   -5.7456E-02    2.8978E+00    5.0300E-04
1.1217E+01  2.3797E-01 2.0954E+02    4.7060E-06    7.7699E-08    1.3587E-01   -7.2436E-02    3.2032E+00    5.0300E-04
1.0749E+01  2.5597E-01 2.1201E+02    6.6613E-06    6.5695E-08    1.3711E-01   -2.5531E-01    3.8079E+00    5.0300E-04
1.0281E+01  2.7499E-01 2.1646E+02    1.2139E-05    5.7612E-08    1.5805E-01   -6.4726E-01    5.1453E+00    5.0300E-04
9.8118E+00  2.9505E-01 2.2090E+02    2.1554E-05    5.0751E-08    1.9230E-01   -1.0547E+00    6.2262E+00    5.0300E-04
9.3419E+00  3.1617E-01 2.2531E+02    3.7281E-05    4.4705E-08    2.3901E-01   -1.4551E+00    7.4464E+00    5.0300E-04
8.8715E+00  3.3838E-01 2.2967E+02    6.2773E-05    3.9065E-08    2.9702E-01   -1.8185E+00    8.8217E+00    5.0300E-04
8.4012E+00  3.6169E-01 2.3396E+02    1.0281E-04    3.3780E-08    3.6170E-01   -2.1034E+00    1.0351E+01    5.0300E-04
7.9314E+00  3.8611E-01 2.3815E+02    1.6363E-04    2.8856E-08    4.2916E-01   -2.2901E+00    1.2026E+01    5.0300E-04
7.4626E+00  4.1167E-01 2.4221E+02    2.5282E-04    2.4420E-08    5.0239E-01   -2.4074E+00    1.3834E+01    5.0300E-04
6.9955E+00  4.3837E-01 2.4612E+02    3.7902E-04    2.0471E-08    5.7849E-01   -2.4426E+00    1.5754E+01    5.0300E-04
6.5306E+00  4.6621E-01 2.4986E+02    5.5132E-04    1.7027E-08    6.4297E-01   -2.4223E+00    1.7763E+01    5.0300E-04
6.0686E+00  4.9520E-01 2.5340E+02    7.7867E-04    1.4038E-08    6.8769E-01   -2.3721E+00    1.9836E+01    5.0300E-04
5.6101E+00  5.2532E-01 2.5674E+02    1.0693E-03    1.1474E-08    7.1857E-01   -2.3267E+00    2.1950E+01    5.0300E-04
5.1558E+00  5.5657E-01 2.5988E+02    1.4303E-03    9.3698E-09    7.4290E-01   -2.2582E+00    2.4086E+01    5.0300E-04
4.7060E+00  5.8894E-01 2.6284E+02    1.8677E-03    7.5876E-09    7.6070E-01   -2.1725E+00    2.6226E+01    5.0300E-04
4.2615E+00  6.2241E-01 2.6561E+02    2.3863E-03    6.1149E-09    7.6900E-01   -2.0868E+00    2.8358E+01    5.0300E-04
3.8227E+00  6.5695E-01 2.6821E+02    2.9898E-03    4.8976E-09    7.6792E-01   -1.9745E+00    3.0475E+01    5.0300E-04
3.3900E+00  6.9253E-01 2.7066E+02    3.6811E-03    3.9229E-09    7.6074E-01   -1.8044E+00    3.2568E+01    5.0300E-04
2.9639E+00  7.2912E-01 2.7296E+02    4.4621E-03    3.1430E-09    7.5047E-01   -1.6443E+00    3.4635E+01    5.0300E-04
2.5445E+00  7.6668E-01 2.7539E+02    5.4111E-03    2.5223E-09    7.4287E-01   -1.5450E+00    3.6913E+01    5.0300E-04
2.1321E+00  8.0515E-01 2.7768E+02    6.3092E-03    2.0359E-09    7.1801E-01   -1.4416E+00    3.9173E+01    5.0300E-04
1.7269E+00  8.4449E-01 2.7988E+02    7.4156E-03    1.6621E-09    7.0213E-01   -1.4342E+00    4.1438E+01    5.0300E-04
1.3293E+00  8.8464E-01 2.8197E+02    8.5290E-03    1.3803E-09    6.8358E-01   -1.4793E+00    4.3677E+01    5.0300E-04
9.3960E-01  9.2553E-01 2.8398E+02    9.7495E-03    1.1755E-09    6.7435E-01   -1.6054E+00    4.5910E+01    5.0300E-04
5.5799E-01  9.6708E-01 2.8588E+02    1.1114E-02    1.0381E-09    6.7943E-01   -1.8521E+00    4.8114E+01    5.0300E-04
1.8478E-01  1.0092E+00 2.8770E+02    1.2416E-02    9.4423E-10    6.9359E-01   -2.0770E+00    5.0287E+01    5.0300E-04
0.0000E+00  1.0307E+00 2.8862E+02    1.3184E-02    9.6000E-10    7.9911E+00   -3.2507E+00    5.1416E+01    5.0300E-04
