     ALT          P          T          FH2O           O3           THEAT        TCOOL        PSATCO2        FCO2
6.1892E+01  3.2610E-05 1.7765E+02    2.3540E-10    7.1321E-09    3.9602E+01   -3.3504E+01    2.2152E-01    3.9449E-04
6.0989E+01  3.8508E-05 1.7334E+02    3.4946E-10    9.6779E-09    2.7597E+00   -1.0838E+01    1.4294E-01    4.0021E-04
6.0106E+01  4.5414E-05 1.7264E+02    5.1610E-10    1.1441E-08    1.9002E+00   -3.0706E+00    1.3284E-01    4.0621E-04
5.9227E+01  5.3492E-05 1.7429E+02    7.6758E-10    1.2248E-08    1.7525E+00   -1.2727E+00    1.5786E-01    4.1231E-04
5.8344E+01  6.2927E-05 1.7704E+02    1.1530E-09    1.2280E-08    1.6217E+00   -9.4048E-01    2.0861E-01    4.1838E-04
5.7454E+01  7.3933E-05 1.8007E+02    1.7504E-09    1.1609E-08    1.4944E+00   -1.0670E+00    2.8067E-01    4.2413E-04
5.6557E+01  8.6755E-05 1.8291E+02    2.6786E-09    1.0569E-08    1.3741E+00   -1.1698E+00    3.6762E-01    4.3052E-04
5.5654E+01  1.0167E-04 1.8531E+02    4.1320E-09    9.1642E-09    1.2582E+00   -1.1077E+00    4.5849E-01    4.3595E-04
5.4748E+01  1.1900E-04 1.8710E+02    6.3789E-09    7.5113E-09    1.1603E+00   -1.0395E+00    5.3887E-01    4.4238E-04
5.3843E+01  1.3911E-04 1.8822E+02    9.8460E-09    5.7476E-09    1.0706E+00   -9.6909E-01    5.9512E-01    4.4882E-04
5.2942E+01  1.6242E-04 1.8867E+02    1.5223E-08    4.0332E-09    9.8970E-01   -9.1959E-01    6.1916E-01    4.5465E-04
5.2047E+01  1.8939E-04 1.8852E+02    2.3297E-08    2.5339E-09    9.2104E-01   -8.9161E-01    6.1099E-01    4.6061E-04
5.1162E+01  2.2056E-04 1.8788E+02    3.5313E-08    1.4307E-09    8.6710E-01   -8.8216E-01    5.7748E-01    4.6691E-04
5.0288E+01  2.5653E-04 1.8689E+02    5.2428E-08    8.4149E-10    8.2746E-01   -8.8128E-01    5.2877E-01    4.7218E-04
4.9427E+01  2.9800E-04 1.8569E+02    7.5792E-08    6.1991E-10    8.0242E-01   -8.8602E-01    4.7458E-01    4.7736E-04
4.8579E+01  3.4573E-04 1.8440E+02    1.0707E-07    5.1707E-10    7.8851E-01   -8.9181E-01    4.2216E-01    4.8145E-04
4.7745E+01  4.0061E-04 1.8314E+02    1.4709E-07    4.5178E-10    7.8466E-01   -8.9914E-01    3.7580E-01    4.8565E-04
4.6923E+01  4.6361E-04 1.8199E+02    1.9647E-07    4.1436E-10    7.8720E-01   -9.0603E-01    3.3735E-01    4.8894E-04
4.6113E+01  5.3584E-04 1.8100E+02    2.5342E-07    3.9671E-10    7.9415E-01   -9.1257E-01    3.0707E-01    4.9219E-04
4.5314E+01  6.1854E-04 1.8020E+02    3.1602E-07    3.9470E-10    8.0169E-01   -9.1655E-01    2.8433E-01    4.9470E-04
4.4526E+01  7.1311E-04 1.7959E+02    3.8073E-07    4.0631E-10    8.0686E-01   -9.1632E-01    2.6817E-01    4.9628E-04
4.3747E+01  8.2111E-04 1.7918E+02    4.4338E-07    4.2925E-10    8.0852E-01   -9.1200E-01    2.5753E-01    4.9784E-04
4.2977E+01  9.4426E-04 1.7893E+02    5.0260E-07    4.6562E-10    8.0522E-01   -9.0429E-01    2.5144E-01    4.9900E-04
4.2214E+01  1.0845E-03 1.7884E+02    5.5516E-07    5.1497E-10    8.0102E-01   -8.9576E-01    2.4905E-01    4.9992E-04
4.1459E+01  1.2440E-03 1.7886E+02    5.9950E-07    5.8065E-10    7.9501E-01   -8.8905E-01    2.4971E-01    5.0000E-04
4.0710E+01  1.4252E-03 1.7899E+02    6.3645E-07    6.6391E-10    7.8924E-01   -8.8823E-01    2.5290E-01    5.0093E-04
3.9968E+01  1.6307E-03 1.7921E+02    6.6472E-07    7.6804E-10    7.8513E-01   -8.9248E-01    2.5828E-01    5.0100E-04
3.9232E+01  1.8636E-03 1.7949E+02    6.8659E-07    8.9282E-10    7.8532E-01   -9.0123E-01    2.6556E-01    5.0100E-04
3.8502E+01  2.1269E-03 1.7983E+02    7.0364E-07    1.0389E-09    7.8957E-01   -9.1073E-01    2.7440E-01    5.0100E-04
3.7778E+01  2.4244E-03 1.8020E+02    7.1656E-07    1.1995E-09    7.9546E-01   -9.1665E-01    2.8429E-01    5.0100E-04
3.7059E+01  2.7601E-03 1.8057E+02    7.2684E-07    1.3831E-09    7.9999E-01   -9.1670E-01    2.9453E-01    5.0100E-04
3.6346E+01  3.1382E-03 1.8091E+02    7.3547E-07    1.5828E-09    8.0076E-01   -9.1094E-01    3.0423E-01    5.0100E-04
3.5639E+01  3.5637E-03 1.8119E+02    7.4258E-07    1.8089E-09    7.9671E-01   -9.0085E-01    3.1252E-01    5.0100E-04
3.4938E+01  4.0418E-03 1.8139E+02    7.4857E-07    2.0572E-09    7.8770E-01   -8.8825E-01    3.1863E-01    5.0100E-04
3.4244E+01  4.5782E-03 1.8151E+02    7.5275E-07    2.3511E-09    7.7385E-01   -8.7395E-01    3.2217E-01    5.0100E-04
3.3557E+01  5.1792E-03 1.8154E+02    7.5560E-07    2.6850E-09    7.5461E-01   -8.5759E-01    3.2319E-01    5.0100E-04
3.2876E+01  5.8518E-03 1.8151E+02    7.5766E-07    3.0596E-09    7.2888E-01   -8.3775E-01    3.2219E-01    5.0100E-04
3.2204E+01  6.6035E-03 1.8144E+02    7.5798E-07    3.4954E-09    6.9558E-01   -8.1285E-01    3.2006E-01    5.0100E-04
3.1538E+01  7.4422E-03 1.8137E+02    7.5665E-07    3.9766E-09    6.5450E-01   -7.8227E-01    3.1793E-01    5.0100E-04
3.0880E+01  8.3770E-03 1.8134E+02    7.5465E-07    4.5255E-09    6.0743E-01   -7.4670E-01    3.1699E-01    5.0100E-04
3.0229E+01  9.4172E-03 1.8138E+02    7.5105E-07    5.1312E-09    5.5794E-01   -7.0755E-01    3.1830E-01    5.0100E-04
2.9585E+01  1.0573E-02 1.8152E+02    7.4662E-07    5.8118E-09    5.1036E-01   -6.5652E-01    3.2262E-01    5.0100E-04
2.8947E+01  1.1856E-02 1.8177E+02    7.4021E-07    6.5731E-09    4.6920E-01   -6.1131E-01    3.3037E-01    5.0100E-04
2.8316E+01  1.3278E-02 1.8213E+02    7.3305E-07    7.4324E-09    4.3796E-01   -5.7247E-01    3.4168E-01    5.0100E-04
2.7690E+01  1.4852E-02 1.8258E+02    7.2535E-07    8.3983E-09    4.1724E-01   -5.4106E-01    3.5643E-01    5.0100E-04
2.7069E+01  1.6592E-02 1.8310E+02    7.1571E-07    9.5223E-09    4.0560E-01   -5.1692E-01    3.7425E-01    5.0100E-04
2.6454E+01  1.8511E-02 1.8367E+02    7.0875E-07    1.0803E-08    3.9989E-01   -4.9901E-01    3.9466E-01    5.0100E-04
2.5845E+01  2.0627E-02 1.8427E+02    7.0464E-07    1.2231E-08    3.9643E-01   -4.8517E-01    4.1712E-01    5.0100E-04
2.5240E+01  2.2956E-02 1.8488E+02    7.0200E-07    1.3896E-08    3.9253E-01   -4.7311E-01    4.4123E-01    5.0100E-04
2.4641E+01  2.5515E-02 1.8550E+02    7.0000E-07    1.5862E-08    3.8648E-01   -4.6126E-01    4.6681E-01    5.0100E-04
2.4047E+01  2.8325E-02 1.8613E+02    7.0078E-07    1.8193E-08    3.7762E-01   -4.4909E-01    4.9404E-01    5.0100E-04
2.3458E+01  3.1403E-02 1.8677E+02    7.0542E-07    2.0837E-08    3.6574E-01   -4.3651E-01    5.2350E-01    5.0100E-04
2.2875E+01  3.4773E-02 1.8745E+02    7.1540E-07    2.3943E-08    3.5194E-01   -4.2340E-01    5.5619E-01    5.0100E-04
2.2296E+01  3.8455E-02 1.8819E+02    7.3329E-07    2.7475E-08    3.3719E-01   -4.0952E-01    5.9344E-01    5.0100E-04
2.1723E+01  4.2474E-02 1.8899E+02    7.6169E-07    3.1486E-08    3.2291E-01   -3.9460E-01    6.3680E-01    5.0100E-04
2.1155E+01  4.6854E-02 1.8988E+02    8.0365E-07    3.6124E-08    3.1074E-01   -3.7878E-01    6.8787E-01    5.0100E-04
2.0591E+01  5.1621E-02 1.9085E+02    8.6032E-07    4.1484E-08    3.0165E-01   -3.6273E-01    7.4818E-01    5.0100E-04
2.0031E+01  5.6800E-02 1.9192E+02    9.3271E-07    4.7678E-08    2.9608E-01   -3.4772E-01    8.1905E-01    5.0100E-04
1.9476E+01  6.2421E-02 1.9306E+02    1.0208E-06    5.5144E-08    2.9454E-01   -3.3515E-01    9.0161E-01    5.0100E-04
1.8925E+01  6.8511E-02 1.9427E+02    1.1306E-06    6.4327E-08    2.9678E-01   -3.2658E-01    9.9678E-01    5.0100E-04
1.8379E+01  7.5101E-02 1.9553E+02    1.2586E-06    7.5589E-08    3.0140E-01   -3.2246E-01    1.1054E+00    5.0100E-04
1.7836E+01  8.2220E-02 1.9683E+02    1.4139E-06    8.9277E-08    3.0675E-01   -3.2352E-01    1.2286E+00    5.0100E-04
1.7297E+01  8.9902E-02 1.9817E+02    1.5942E-06    1.0554E-07    3.1074E-01   -3.2920E-01    1.3675E+00    5.0100E-04
1.6762E+01  9.8177E-02 1.9955E+02    1.7962E-06    1.2268E-07    3.0946E-01   -3.3513E-01    1.5235E+00    5.0100E-04
1.6232E+01  1.0708E-01 2.0093E+02    1.6131E-06    1.3957E-07    2.9857E-01   -2.8076E-01    1.6966E+00    5.0100E-04
1.5705E+01  1.1664E-01 2.0232E+02    1.6163E-06    1.5402E-07    2.8424E-01   -2.7290E-01    1.8869E+00    5.0100E-04
1.5183E+01  1.2690E-01 2.0356E+02    1.8345E-06    1.6496E-07    2.6920E-01   -2.6352E-01    2.0718E+00    5.0100E-04
1.4667E+01  1.3788E-01 2.0448E+02    2.1311E-06    1.7117E-07    2.5333E-01   -2.4317E-01    2.2188E+00    5.0100E-04
1.4156E+01  1.4962E-01 2.0528E+02    2.4278E-06    1.7082E-07    2.3581E-01   -2.2152E-01    2.3547E+00    5.0100E-04
1.3651E+01  1.6216E-01 2.0600E+02    2.7292E-06    1.6283E-07    2.1648E-01   -1.9816E-01    2.4839E+00    5.0100E-04
1.3152E+01  1.7553E-01 2.0670E+02    3.0496E-06    1.4721E-07    1.9590E-01   -1.7486E-01    2.6138E+00    5.0100E-04
1.2660E+01  1.8977E-01 2.0742E+02    3.4096E-06    1.2928E-07    1.7707E-01   -1.5507E-01    2.7528E+00    5.0100E-04
1.2174E+01  2.0490E-01 2.0825E+02    3.8692E-06    1.1065E-07    1.6071E-01   -1.3218E-01    2.9225E+00    5.0100E-04
1.1694E+01  2.2095E-01 2.0916E+02    4.4316E-06    9.1775E-08    1.4676E-01   -1.3065E-01    3.1186E+00    5.0100E-04
1.1219E+01  2.3797E-01 2.1067E+02    5.5055E-06    7.4866E-08    1.3803E-01   -1.0477E-01    3.4690E+00    5.0100E-04
1.0749E+01  2.5597E-01 2.1203E+02    6.6751E-06    6.3577E-08    1.3498E-01   -1.9597E-01    3.8126E+00    5.0100E-04
1.0281E+01  2.7499E-01 2.1648E+02    1.2163E-05    5.5874E-08    1.5551E-01   -6.0056E-01    5.1515E+00    5.0100E-04
9.8122E+00  2.9504E-01 2.2091E+02    2.1594E-05    4.9393E-08    1.8991E-01   -1.0169E+00    6.2307E+00    5.0100E-04
9.3422E+00  3.1616E-01 2.2532E+02    3.7342E-05    4.3643E-08    2.3689E-01   -1.4280E+00    7.4512E+00    5.0100E-04
8.8718E+00  3.3837E-01 2.2968E+02    6.2865E-05    3.8210E-08    2.9522E-01   -1.8003E+00    8.8268E+00    5.0100E-04
8.4014E+00  3.6168E-01 2.3397E+02    1.0295E-04    3.3043E-08    3.6022E-01   -2.0918E+00    1.0356E+01    5.0100E-04
7.9316E+00  3.8611E-01 2.3816E+02    1.6383E-04    2.8282E-08    4.2808E-01   -2.2831E+00    1.2032E+01    5.0100E-04
7.4628E+00  4.1166E-01 2.4223E+02    2.5310E-04    2.3973E-08    5.0167E-01   -2.4032E+00    1.3840E+01    5.0100E-04
6.9956E+00  4.3836E-01 2.4614E+02    3.7939E-04    2.0120E-08    5.7798E-01   -2.4399E+00    1.5760E+01    5.0100E-04
6.5308E+00  4.6620E-01 2.4987E+02    5.5180E-04    1.6771E-08    6.4258E-01   -2.4206E+00    1.7769E+01    5.0100E-04
6.0687E+00  4.9519E-01 2.5341E+02    7.7925E-04    1.3875E-08    6.8741E-01   -2.3710E+00    1.9842E+01    5.0100E-04
5.6102E+00  5.2531E-01 2.5675E+02    1.0700E-03    1.1368E-08    7.1839E-01   -2.3260E+00    2.1956E+01    5.0100E-04
5.1558E+00  5.5656E-01 2.5989E+02    1.4311E-03    9.2642E-09    7.4275E-01   -2.2576E+00    2.4091E+01    5.0100E-04
4.7061E+00  5.8893E-01 2.6284E+02    1.8686E-03    7.5081E-09    7.6058E-01   -2.1721E+00    2.6231E+01    5.0100E-04
4.2616E+00  6.2240E-01 2.6562E+02    2.3873E-03    6.0535E-09    7.6890E-01   -2.0866E+00    2.8363E+01    5.0100E-04
3.8227E+00  6.5694E-01 2.6822E+02    2.9909E-03    4.8632E-09    7.6787E-01   -1.9743E+00    3.0479E+01    5.0100E-04
3.3900E+00  6.9252E-01 2.7066E+02    3.6823E-03    3.8999E-09    7.6068E-01   -1.8043E+00    3.2573E+01    5.0100E-04
2.9639E+00  7.2911E-01 2.7297E+02    4.4633E-03    3.1224E-09    7.5041E-01   -1.6442E+00    3.4639E+01    5.0100E-04
2.5446E+00  7.6666E-01 2.7539E+02    5.4122E-03    2.5066E-09    7.4280E-01   -1.5451E+00    3.6917E+01    5.0100E-04
2.1321E+00  8.0514E-01 2.7768E+02    6.3103E-03    2.0256E-09    7.1794E-01   -1.4417E+00    3.9176E+01    5.0100E-04
1.7270E+00  8.4448E-01 2.7989E+02    7.4170E-03    1.6525E-09    7.0208E-01   -1.4344E+00    4.1441E+01    5.0100E-04
1.3293E+00  8.8462E-01 2.8198E+02    8.5303E-03    1.3789E-09    6.8354E-01   -1.4796E+00    4.3680E+01    5.0100E-04
9.3960E-01  9.2551E-01 2.8398E+02    9.7513E-03    1.1754E-09    6.7434E-01   -1.6058E+00    4.5913E+01    5.0100E-04
5.5799E-01  9.6706E-01 2.8589E+02    1.1116E-02    1.0373E-09    6.7941E-01   -1.8525E+00    4.8116E+01    5.0100E-04
1.8478E-01  1.0092E+00 2.8770E+02    1.2418E-02    9.4200E-10    6.9358E-01   -2.0774E+00    5.0290E+01    5.0100E-04
0.0000E+00  1.0306E+00 2.8862E+02    1.3187E-02    9.5800E-10    7.9910E+00   -3.2510E+00    5.1418E+01    5.0100E-04
