     ALT          P          T          FH2O           O3           THEAT        TCOOL        PSATCO2        FCO2
6.2136E+01  3.2610E-05 1.7766E+02    2.8504E-10    6.9697E-09    3.9639E+01   -3.2820E+01    2.2184E-01    3.9771E-04
6.1232E+01  3.8508E-05 1.7344E+02    4.2099E-10    9.3106E-09    2.7546E+00   -1.0560E+01    1.4443E-01    4.0413E-04
6.0348E+01  4.5414E-05 1.7283E+02    6.2094E-10    1.0984E-08    1.9085E+00   -2.9619E+00    1.3549E-01    4.0944E-04
5.9468E+01  5.3492E-05 1.7456E+02    9.2023E-10    1.1724E-08    1.7597E+00   -1.2633E+00    1.6218E-01    4.1572E-04
5.8584E+01  6.2927E-05 1.7736E+02    1.3836E-09    1.1597E-08    1.6272E+00   -1.0070E+00    2.1536E-01    4.2203E-04
5.7692E+01  7.3933E-05 1.8043E+02    2.0900E-09    1.0980E-08    1.4976E+00   -1.1189E+00    2.9081E-01    4.2739E-04
5.6793E+01  8.6755E-05 1.8331E+02    3.1910E-09    9.8820E-09    1.3759E+00   -1.1279E+00    3.8180E-01    4.3379E-04
5.5888E+01  1.0167E-04 1.8574E+02    4.9039E-09    8.4742E-09    1.2600E+00   -1.1232E+00    4.7691E-01    4.3963E-04
5.4980E+01  1.1900E-04 1.8756E+02    7.5587E-09    6.8813E-09    1.1610E+00   -1.0582E+00    5.6147E-01    4.4568E-04
5.4072E+01  1.3911E-04 1.8871E+02    1.1627E-08    5.2244E-09    1.0716E+00   -9.7999E-01    6.2143E-01    4.5214E-04
5.3168E+01  1.6242E-04 1.8920E+02    1.7882E-08    3.6122E-09    9.9055E-01   -9.3074E-01    6.4839E-01    4.5757E-04
5.2271E+01  1.8939E-04 1.8909E+02    2.7327E-08    2.2089E-09    9.2314E-01   -9.0752E-01    6.4226E-01    4.6396E-04
5.1383E+01  2.2056E-04 1.8850E+02    4.1150E-08    1.2253E-09    8.6888E-01   -9.0026E-01    6.0992E-01    4.6930E-04
5.0507E+01  2.5653E-04 1.8756E+02    6.0835E-08    7.2859E-10    8.3030E-01   -9.0304E-01    5.6162E-01    4.7457E-04
4.9642E+01  2.9800E-04 1.8642E+02    8.7686E-08    5.4851E-10    8.0633E-01   -9.1173E-01    5.0729E-01    4.7977E-04
4.8791E+01  3.4573E-04 1.8521E+02    1.2357E-07    4.6208E-10    7.9439E-01   -9.2321E-01    4.5441E-01    4.8489E-04
4.7952E+01  4.0061E-04 1.8402E+02    1.6911E-07    4.0534E-10    7.9054E-01   -9.3470E-01    4.0746E-01    4.8862E-04
4.7126E+01  4.6361E-04 1.8293E+02    2.2583E-07    3.7250E-10    7.9339E-01   -9.4656E-01    3.6849E-01    4.9194E-04
4.6312E+01  5.3584E-04 1.8201E+02    2.8965E-07    3.5958E-10    7.9987E-01   -9.5689E-01    3.3787E-01    4.9460E-04
4.5509E+01  6.1854E-04 1.8127E+02    3.6073E-07    3.5887E-10    8.0765E-01   -9.6575E-01    3.1506E-01    4.9722E-04
4.4715E+01  7.1311E-04 1.8073E+02    4.3571E-07    3.6928E-10    8.1282E-01   -9.7038E-01    2.9913E-01    4.9881E-04
4.3931E+01  8.2111E-04 1.8037E+02    5.0829E-07    3.9086E-10    8.1388E-01   -9.6969E-01    2.8906E-01    5.0000E-04
4.3156E+01  9.4426E-04 1.8018E+02    5.7851E-07    4.2277E-10    8.1019E-01   -9.6544E-01    2.8386E-01    5.0095E-04
4.2388E+01  1.0845E-03 1.8014E+02    6.4126E-07    4.6686E-10    8.0614E-01   -9.6011E-01    2.8269E-01    5.0200E-04
4.1627E+01  1.2440E-03 1.8022E+02    6.9762E-07    5.2385E-10    8.0021E-01   -9.5643E-01    2.8486E-01    5.0202E-04
4.0872E+01  1.4252E-03 1.8040E+02    7.4541E-07    5.9684E-10    7.9475E-01   -9.5801E-01    2.8988E-01    5.0300E-04
4.0124E+01  1.6307E-03 1.8067E+02    7.8593E-07    6.8567E-10    7.9095E-01   -9.6441E-01    2.9739E-01    5.0300E-04
3.9382E+01  1.8636E-03 1.8100E+02    8.1915E-07    7.9068E-10    7.9153E-01   -9.7461E-01    3.0709E-01    5.0300E-04
3.8646E+01  2.1269E-03 1.8139E+02    8.4727E-07    9.1035E-10    7.9605E-01   -9.8482E-01    3.1859E-01    5.0300E-04
3.7915E+01  2.4244E-03 1.8180E+02    8.7175E-07    1.0418E-09    8.0208E-01   -9.9080E-01    3.3130E-01    5.0300E-04
3.7190E+01  2.7601E-03 1.8221E+02    8.9324E-07    1.1938E-09    8.0657E-01   -9.9009E-01    3.4435E-01    5.0300E-04
3.6470E+01  3.1382E-03 1.8259E+02    9.1132E-07    1.3561E-09    8.0711E-01   -9.8268E-01    3.5669E-01    5.0300E-04
3.5757E+01  3.5637E-03 1.8290E+02    9.2713E-07    1.5372E-09    8.0271E-01   -9.7065E-01    3.6719E-01    5.0300E-04
3.5049E+01  4.0418E-03 1.8312E+02    9.4229E-07    1.7495E-09    7.9336E-01   -9.5626E-01    3.7494E-01    5.0300E-04
3.4348E+01  4.5782E-03 1.8325E+02    9.5432E-07    1.9880E-09    7.7901E-01   -9.4032E-01    3.7944E-01    5.0300E-04
3.3654E+01  5.1792E-03 1.8328E+02    9.6438E-07    2.2633E-09    7.5918E-01   -9.2261E-01    3.8074E-01    5.0300E-04
3.2967E+01  5.8518E-03 1.8325E+02    9.7222E-07    2.5741E-09    7.3272E-01   -9.0159E-01    3.7946E-01    5.0300E-04
3.2288E+01  6.6034E-03 1.8317E+02    9.7825E-07    2.9274E-09    6.9854E-01   -8.7560E-01    3.7670E-01    5.0300E-04
3.1616E+01  7.4422E-03 1.8309E+02    9.8233E-07    3.3306E-09    6.5657E-01   -8.4380E-01    3.7382E-01    5.0300E-04
3.0952E+01  8.3769E-03 1.8304E+02    9.8400E-07    3.7762E-09    6.0853E-01   -8.0666E-01    3.7219E-01    5.0300E-04
3.0295E+01  9.4172E-03 1.8307E+02    9.8400E-07    4.2785E-09    5.5818E-01   -7.6571E-01    3.7305E-01    5.0300E-04
2.9645E+01  1.0573E-02 1.8318E+02    9.8260E-07    4.8394E-09    5.0979E-01   -7.1302E-01    3.7720E-01    5.0300E-04
2.9001E+01  1.1856E-02 1.8341E+02    9.7872E-07    5.4657E-09    4.6785E-01   -6.6520E-01    3.8505E-01    5.0300E-04
2.8364E+01  1.3278E-02 1.8373E+02    9.7346E-07    6.1750E-09    4.3578E-01   -6.2398E-01    3.9664E-01    5.0300E-04
2.7733E+01  1.4852E-02 1.8413E+02    9.6711E-07    6.9752E-09    4.1413E-01   -5.9042E-01    4.1171E-01    5.0300E-04
2.7107E+01  1.6592E-02 1.8460E+02    9.5787E-07    7.9060E-09    4.0136E-01   -5.6426E-01    4.2978E-01    5.0300E-04
2.6487E+01  1.8511E-02 1.8511E+02    9.4665E-07    8.9810E-09    3.9437E-01   -5.4412E-01    4.5021E-01    5.0300E-04
2.5873E+01  2.0627E-02 1.8563E+02    9.3410E-07    1.0270E-08    3.8981E-01   -5.2773E-01    4.7240E-01    5.0300E-04
2.5264E+01  2.2956E-02 1.8617E+02    9.1877E-07    1.1725E-08    3.8454E-01   -5.1280E-01    4.9589E-01    5.0300E-04
2.4661E+01  2.5515E-02 1.8671E+02    9.0185E-07    1.3547E-08    3.7742E-01   -4.9781E-01    5.2051E-01    5.0300E-04
2.4063E+01  2.8324E-02 1.8726E+02    8.8610E-07    1.5645E-08    3.6732E-01   -4.8233E-01    5.4648E-01    5.0300E-04
2.3471E+01  3.1403E-02 1.8782E+02    8.7520E-07    1.8059E-08    3.5445E-01   -4.6646E-01    5.7448E-01    5.0300E-04
2.2885E+01  3.4773E-02 1.8842E+02    8.7200E-07    2.0937E-08    3.4006E-01   -4.5017E-01    6.0559E-01    5.0300E-04
2.2303E+01  3.8455E-02 1.8907E+02    8.7820E-07    2.4251E-08    3.2511E-01   -4.3313E-01    6.4121E-01    5.0300E-04
2.1727E+01  4.2474E-02 1.8979E+02    8.9606E-07    2.7944E-08    3.1070E-01   -4.1507E-01    6.8290E-01    5.0300E-04
2.1157E+01  4.6854E-02 1.9060E+02    9.2813E-07    3.2258E-08    2.9879E-01   -3.9606E-01    7.3223E-01    5.0300E-04
2.0591E+01  5.1620E-02 1.9150E+02    9.7575E-07    3.7273E-08    2.9024E-01   -3.7696E-01    7.9061E-01    5.0300E-04
2.0030E+01  5.6800E-02 1.9249E+02    1.0406E-06    4.3046E-08    2.8535E-01   -3.5923E-01    8.5927E-01    5.0300E-04
1.9473E+01  6.2420E-02 1.9355E+02    1.1241E-06    5.0049E-08    2.8477E-01   -3.4437E-01    9.3915E-01    5.0300E-04
1.8921E+01  6.8511E-02 1.9468E+02    1.2193E-06    5.8662E-08    2.8800E-01   -3.3309E-01    1.0310E+00    5.0300E-04
1.8373E+01  7.5100E-02 1.9586E+02    1.3332E-06    6.9248E-08    2.9380E-01   -3.2666E-01    1.1356E+00    5.0300E-04
1.7829E+01  8.2220E-02 1.9709E+02    1.4700E-06    8.2321E-08    3.0075E-01   -3.2544E-01    1.2538E+00    5.0300E-04
1.7290E+01  8.9902E-02 1.9835E+02    1.6292E-06    9.7821E-08    3.0626E-01   -3.2897E-01    1.3868E+00    5.0300E-04
1.6755E+01  9.8177E-02 1.9965E+02    1.8003E-06    1.1503E-07    3.0744E-01   -3.3229E-01    1.5357E+00    5.0300E-04
1.6224E+01  1.0708E-01 2.0096E+02    1.6149E-06    1.3302E-07    2.9978E-01   -2.7799E-01    1.7003E+00    5.0300E-04
1.5698E+01  1.1664E-01 2.0227E+02    1.6053E-06    1.5045E-07    2.8880E-01   -2.6692E-01    1.8803E+00    5.0300E-04
1.5176E+01  1.2690E-01 2.0344E+02    1.8012E-06    1.6340E-07    2.7443E-01   -2.5286E-01    2.0528E+00    5.0300E-04
1.4660E+01  1.3788E-01 2.0428E+02    2.0713E-06    1.7138E-07    2.5821E-01   -2.2837E-01    2.1871E+00    5.0300E-04
1.4149E+01  1.4962E-01 2.0503E+02    2.3400E-06    1.7193E-07    2.3965E-01   -2.0338E-01    2.3113E+00    5.0300E-04
1.3645E+01  1.6216E-01 2.0570E+02    2.6104E-06    1.6485E-07    2.1951E-01   -1.7756E-01    2.4286E+00    5.0300E-04
1.3147E+01  1.7553E-01 2.0636E+02    2.9027E-06    1.4999E-07    1.9831E-01   -1.5273E-01    2.5493E+00    5.0300E-04
1.2656E+01  1.8977E-01 2.0704E+02    3.2294E-06    1.3187E-07    1.7852E-01   -1.2848E-01    2.6782E+00    5.0300E-04
1.2171E+01  2.0490E-01 2.0783E+02    3.6442E-06    1.1243E-07    1.6109E-01   -1.1147E-01    2.8352E+00    5.0300E-04
1.1691E+01  2.2095E-01 2.0885E+02    4.2417E-06    9.3218E-08    1.4690E-01   -1.0432E-01    3.0502E+00    5.0300E-04
1.1218E+01  2.3797E-01 2.1019E+02    5.1557E-06    7.5917E-08    1.3721E-01   -8.5523E-02    3.3556E+00    5.0300E-04
1.0748E+01  2.5597E-01 2.1200E+02    6.6526E-06    6.4371E-08    1.3584E-01   -2.1579E-01    3.8062E+00    5.0300E-04
1.0281E+01  2.7499E-01 2.1645E+02    1.2123E-05    5.6574E-08    1.5647E-01   -6.1526E-01    5.1431E+00    5.0300E-04
9.8115E+00  2.9504E-01 2.2089E+02    2.1527E-05    5.0000E-08    1.9075E-01   -1.0284E+00    6.2244E+00    5.0300E-04
9.3416E+00  3.1616E-01 2.2530E+02    3.7232E-05    4.4074E-08    2.3752E-01   -1.4358E+00    7.4441E+00    5.0300E-04
8.8712E+00  3.3837E-01 2.2966E+02    6.2688E-05    3.8530E-08    2.9566E-01   -1.8051E+00    8.8188E+00    5.0300E-04
8.4009E+00  3.6168E-01 2.3395E+02    1.0268E-04    3.3341E-08    3.6051E-01   -2.0946E+00    1.0348E+01    5.0300E-04
7.9311E+00  3.8611E-01 2.3814E+02    1.6342E-04    2.8513E-08    4.2820E-01   -2.2845E+00    1.2023E+01    5.0300E-04
7.4623E+00  4.1166E-01 2.4221E+02    2.5250E-04    2.4173E-08    5.0161E-01   -2.4038E+00    1.3830E+01    5.0300E-04
6.9952E+00  4.3836E-01 2.4611E+02    3.7856E-04    2.0264E-08    5.7784E-01   -2.4403E+00    1.5749E+01    5.0300E-04
6.5304E+00  4.6620E-01 2.4985E+02    5.5068E-04    1.6821E-08    6.4242E-01   -2.4207E+00    1.7758E+01    5.0300E-04
6.0684E+00  4.9518E-01 2.5339E+02    7.7780E-04    1.3916E-08    6.8728E-01   -2.3709E+00    1.9830E+01    5.0300E-04
5.6100E+00  5.2531E-01 2.5673E+02    1.0681E-03    1.1451E-08    7.1827E-01   -2.3259E+00    2.1944E+01    5.0300E-04
5.1556E+00  5.5656E-01 2.5988E+02    1.4289E-03    9.3095E-09    7.4264E-01   -2.2576E+00    2.4079E+01    5.0300E-04
4.7059E+00  5.8893E-01 2.6283E+02    1.8660E-03    7.5368E-09    7.6049E-01   -2.1721E+00    2.6219E+01    5.0300E-04
4.2614E+00  6.2239E-01 2.6560E+02    2.3842E-03    6.0735E-09    7.6884E-01   -2.0865E+00    2.8352E+01    5.0300E-04
3.8226E+00  6.5693E-01 2.6820E+02    2.9873E-03    4.8742E-09    7.6782E-01   -1.9744E+00    3.0468E+01    5.0300E-04
3.3899E+00  6.9251E-01 2.7065E+02    3.6782E-03    3.9021E-09    7.6067E-01   -1.8045E+00    3.2561E+01    5.0300E-04
2.9638E+00  7.2910E-01 2.7295E+02    4.4588E-03    3.1288E-09    7.5043E-01   -1.6445E+00    3.4628E+01    5.0300E-04
2.5445E+00  7.6666E-01 2.7538E+02    5.4077E-03    2.5167E-09    7.4291E-01   -1.5453E+00    3.6906E+01    5.0300E-04
2.1320E+00  8.0513E-01 2.7767E+02    6.3060E-03    2.0328E-09    7.1809E-01   -1.4417E+00    3.9165E+01    5.0300E-04
1.7269E+00  8.4447E-01 2.7988E+02    7.4115E-03    1.6525E-09    7.0217E-01   -1.4340E+00    4.1430E+01    5.0300E-04
1.3293E+00  8.8462E-01 2.8197E+02    8.5250E-03    1.3789E-09    6.8364E-01   -1.4790E+00    4.3669E+01    5.0300E-04
9.3957E-01  9.2550E-01 2.8397E+02    9.7444E-03    1.1754E-09    6.7436E-01   -1.6049E+00    4.5902E+01    5.0300E-04
5.5797E-01  9.6706E-01 2.8588E+02    1.1110E-02    1.0369E-09    6.7946E-01   -1.8517E+00    4.8105E+01    5.0300E-04
1.8477E-01  1.0092E+00 2.8769E+02    1.2412E-02    9.4089E-10    6.9363E-01   -2.0767E+00    5.0279E+01    5.0300E-04
0.0000E+00  1.0306E+00 2.8861E+02    1.3178E-02    9.5700E-10    7.9915E+00   -3.2514E+00    5.1408E+01    5.0300E-04
