   177.898321778566        0.170268227527115E-09
   173.155714572919        0.254132263676789E-09
   172.127511416997        0.377957931158404E-09
   173.542665137209        0.564487562723347E-09
   176.125690653041        0.851518259323938E-09
   179.038832190103        0.129821221321966E-08
   181.790611884960        0.199969177898987E-08
   184.109596025532        0.308485048506814E-08
   185.839755479716        0.479803719503333E-08
   186.906480590821        0.746697706151435E-08
   187.308644268045        0.116053723002422E-07
   187.107985623305        0.178874060830189E-07
   186.413371233074        0.272511876073740E-07
   185.360018988740        0.407548458890109E-07
   184.088961965434        0.593977804657952E-07
   182.730856616348        0.846195959596001E-07
   181.395364998564        0.116787285868995E-06
   180.165664264546        0.156168119237883E-06
   179.097331340202        0.203000272223632E-06
   178.220152676852        0.252618047178245E-06
   177.542156124875        0.303271803732580E-06
   177.054986601069        0.351760857438842E-06
   176.739732121054        0.396115683171172E-06
   176.571856832792        0.433159984477396E-06
   176.526019470195        0.461759321389478E-06
   176.579790609364        0.480417034947220E-06
   176.714682723483        0.491561462604973E-06
   176.914291396529        0.496183558693391E-06
   177.161095982777        0.495936952457109E-06
   177.433842909950        0.492161112131597E-06
   177.707233081600        0.486501831361161E-06
   177.954311133936        0.479607440085450E-06
   178.150633982318        0.471980600578669E-06
   178.278790655005        0.463718058715864E-06
   178.332002302257        0.455521340300267E-06
   178.316005074255        0.447418458546350E-06
   178.249031797753        0.439403162085932E-06
   178.160038425824        0.431041275903037E-06
   178.085403253487        0.421893472064136E-06
   178.064162791884        0.412854204258269E-06
   178.131949747058        0.403890194644109E-06
   178.313101537508        0.394457319515073E-06
   178.619180353869        0.384437373403969E-06
   179.049509502974        0.376878181333511E-06
   179.592254504135        0.375582871418950E-06
   180.227437652342        0.380575650228505E-06
   180.931113272840        0.390500287903118E-06
   181.679826649314        0.403182844349969E-06
   182.454605655599        0.417532339756335E-06
   183.243739622501        0.433491826122354E-06
   184.044304603931        0.452036084244857E-06
   184.862094727163        0.473750606446897E-06
   185.709946339774        0.499270959208110E-06
   186.604641913028        0.530413589861308E-06
   187.563070223693        0.571503285765235E-06
   188.598321229437        0.623235537955550E-06
   189.716797213182        0.688539542717602E-06
   190.917115359907        0.769393198453882E-06
   192.190964461972        0.869001052699356E-06
   193.525547251327        0.987830283798704E-06
   194.907114940165        0.113140589503659E-05
   196.324402270704        0.129954882336378E-05
   197.770879615154        0.148988404661916E-05
   199.242859033761        0.171148247094272E-05
   200.726761228656        0.155634715249502E-05
   202.212602941679        0.159030283070723E-05
   203.465001977569        0.181262217692414E-05
   204.465406887303        0.213160660267314E-05
   205.293948146487        0.243744166216823E-05
   206.141510424308        0.278818162080652E-05
   206.844420125946        0.311701025174718E-05
   207.652228288350        0.353076931729837E-05
   208.582768929588        0.406175723587583E-05
   209.338619960399        0.455066685187359E-05
   211.147718123735        0.588856459289046E-05
   212.147829891413        0.679380265250134E-05
   216.599131326571        0.123732273762122E-04
   221.037857993654        0.219556574311069E-04
   225.447331464141        0.379445337494465E-04
   229.808712800089        0.638411333782394E-04
   234.097982550803        0.104479556420736E-03
   238.287159805878        0.166141759880838E-03
   242.347399725884        0.256470526960752E-03
   246.251882433209        0.384120711872360E-03
   249.978802638503        0.558196740215303E-03
   253.513566064043        0.787615326159183E-03
   256.849583423200        0.108056082108154E-02
   259.987637693043        0.144414423776809E-02
   262.934291247343        0.188428089182943E-02
   265.699950096019        0.240572727327850E-02
   268.297067881369        0.301219317368224E-02
   270.738746099261        0.370646220539797E-02
   273.037780134897        0.449048263056162E-02
   275.456398352108        0.543938107017979E-02
   277.748727529354        0.633629579110400E-02
   279.948650728942        0.745050334542173E-02
   282.035395880876        0.856231261756330E-02
   284.038838868440        0.979263711839140E-02
   285.942409685984        0.111556527369040E-01
   287.756324882796        0.124557897378481E-01
   288.674255866868        0.132360861196644E-01
