   177.623298932459        0.319048539430521E-09
   173.429093536511        0.470993667827137E-09
   172.883482495131        0.693165308038068E-09
   174.669200496669        0.102515795034991E-08
   177.516821611828        0.153782208456942E-08
   180.623816663245        0.232322266827839E-08
   183.531928282028        0.354154416887444E-08
   185.980584064570        0.542394368157565E-08
   187.821852499920        0.835173358616876E-08
   188.991597050812        0.128602867152795E-07
   189.499900552121        0.196806054752255E-07
   189.418697805259        0.299888792528588E-07
   188.863286684867        0.450412934765546E-07
   187.970826175783        0.663450752052919E-07
   186.880379136306        0.952147985956447E-07
   185.717965348978        0.133915108681241E-06
   184.587173946404        0.183746469693323E-06
   183.564884288392        0.243706436626840E-06
   182.701163620721        0.312730465211666E-06
   182.022018243218        0.389404668706201E-06
   181.533727019539        0.470399795664622E-06
   181.227832296150        0.550610126532808E-06
   181.086339549745        0.625930831348645E-06
   181.086493255789        0.697385009293243E-06
   181.205254984502        0.760685071096927E-06
   181.422619318673        0.816731590827569E-06
   181.721905117429        0.864444237512167E-06
   182.087226928912        0.905150774291287E-06
   182.499828947066        0.940939287892738E-06
   182.935357392836        0.972246345893215E-06
   183.363863418861        0.100386482621103E-05
   183.752551964869        0.102387660326096E-05
   184.071238163015        0.104642232943743E-05
   184.298146231384        0.107078371143479E-05
   184.424039911677        0.108499514747959E-05
   184.454415013545        0.109908032842445E-05
   184.409230277838        0.111300343052855E-05
   184.320192700957        0.112000000000000E-05
   184.226307682688        0.113000000000000E-05
   184.167926371616        0.113000000000000E-05
   184.180031696721        0.113000000000000E-05
   184.284557210450        0.113000000000000E-05
   184.488808265759        0.113000000000000E-05
   184.787254645833        0.113000000000000E-05
   185.164387104432        0.112089168340330E-05
   185.598899680679        0.111822548428830E-05
   186.068368884535        0.110567652988710E-05
   186.553674537111        0.109325145452712E-05
   187.042331792696        0.107189198612577E-05
   187.530484125952        0.105751118092341E-05
   188.023122352840        0.103335313247700E-05
   188.532879510909        0.101473817329013E-05
   189.077629624229        0.999360041811757E-06
   189.677011220851        0.993241998695711E-06
   190.348478113206        0.100076450214934E-05
   191.103920044582        0.102555181091649E-05
   191.947673254753        0.106284849929413E-05
   192.876645300252        0.111678924822019E-05
   193.882149185551        0.118946514929570E-05
   194.952728988330        0.128043661383298E-05
   196.077069868938        0.138717088582188E-05
   197.245978917194        0.150495021875763E-05
   198.452936270462        0.164292932091954E-05
   199.691566051263        0.179266768020222E-05
   200.945020752920        0.160703257862693E-05
   202.201012935126        0.158769551172839E-05
   203.287044010482        0.176242891443565E-05
   204.081801455523        0.201150028455979E-05
   204.784300355554        0.225931943556889E-05
   205.420620516472        0.250808878339152E-05
   206.058083602554        0.277968263759859E-05
   206.707589898841        0.308091129676494E-05
   207.505898530365        0.348259125841089E-05
   208.552893176709        0.407026604957988E-05
   209.882610583418        0.493728369958467E-05
   211.999823421964        0.665091789740225E-05
   216.448909271478        0.121201722062334E-04
   220.886558872817        0.215218044264456E-04
   225.296226279007        0.372251664844172E-04
   229.657965762427        0.626799631850259E-04
   233.948393364257        0.102663530092883E-03
   238.140007910035        0.163401218059692E-03
   242.203984430117        0.252485325373884E-03
   246.113391904029        0.378538620807475E-03
   249.846193004825        0.550659079546364E-03
   253.387485225372        0.777783230951345E-03
   256.730354514238        0.106813562057484E-02
   259.875292503499        0.142887832604445E-02
   262.828631462567        0.186597906227220E-02
   265.600617709568        0.238424142894923E-02
   268.203613533048        0.298741484958261E-02
   270.650682583907        0.367831519893063E-02
   272.954618860824        0.445891682379367E-02
   275.377694115007        0.540787105858507E-02
   277.673273832358        0.630611576220316E-02
   279.876631654946        0.741167669351607E-02
   281.966178059766        0.852515438138830E-02
   283.971715403310        0.974464326599981E-02
   285.877815172465        0.111097939870421E-01
   287.693703285118        0.124117546303678E-01
   288.612564889264        0.131785988002090E-01
