   177.993730371412        0.172109196075181E-09
   173.208242602136        0.257204775758007E-09
   172.161872640012        0.382021178810699E-09
   173.593998740401        0.570009539150016E-09
   176.181393318200        0.860610469462611E-09
   179.096308905842        0.131353342783989E-08
   181.860319659636        0.201963707858938E-08
   184.188104528279        0.312064649306021E-08
   185.920347936613        0.484237006415757E-08
   186.985311826144        0.753471021174603E-08
   187.384146539169        0.117243204236533E-07
   187.180725776578        0.180232006907341E-07
   186.484790505817        0.274765094024319E-07
   185.431676801769        0.410424549068970E-07
   184.162149950300        0.599287583989880E-07
   182.806422892920        0.853059869918358E-07
   181.473754582328        0.117953138043142E-06
   180.246955986494        0.157186834734595E-06
   179.181308203335        0.203819968313773E-06
   178.306527730116        0.254441429154176E-06
   177.630733882669        0.306207040328095E-06
   177.145638925683        0.354704523328750E-06
   176.832381269224        0.399282381106233E-06
   176.666404251203        0.436422562666047E-06
   176.622362650576        0.465496654951000E-06
   176.677938461180        0.485087998934594E-06
   176.814813580522        0.497446506185476E-06
   177.016703116824        0.502127913953567E-06
   177.266070705661        0.501990639710966E-06
   177.541593611353        0.498698880273346E-06
   177.817906981127        0.493600284548442E-06
   178.067987771129        0.487725781229907E-06
   178.267295427367        0.480115423432905E-06
   178.398339412275        0.472847088039441E-06
   178.454256085131        0.465037226014525E-06
   178.440687720602        0.457532824141341E-06
   178.375748717048        0.449511532935894E-06
   178.288286239489        0.441159344102231E-06
   178.214593939377        0.432718198019739E-06
   178.193640457943        0.423956633923822E-06
   178.260996750074        0.414694616567346E-06
   178.440956972344        0.405113540597856E-06
   178.745081607485        0.395526630583282E-06
   179.172646022681        0.387847553316270E-06
   179.711732740300        0.385846267785770E-06
   180.342366162474        0.391018317700843E-06
   181.040636572652        0.399722541359147E-06
   181.783220209624        0.412112460949877E-06
   182.551269016338        0.426461523471717E-06
   183.333301040111        0.442129739490900E-06
   184.126591080755        0.459967128287929E-06
   184.937083549577        0.481051464768210E-06
   185.777767091140        0.506202137477393E-06
   186.665522965854        0.537341657012621E-06
   187.617266113392        0.577414645870210E-06
   188.646121746769        0.628949845068959E-06
   189.758607519019        0.693451295314090E-06
   190.953459360918        0.774307519008080E-06
   192.222401858907        0.873919893332873E-06
   193.552689331589        0.995853526922700E-06
   194.930519938481        0.113421627974969E-05
   196.344575505752        0.129948452616078E-05
   197.788455265630        0.149865174044546E-05
   199.258533520879        0.172144894565411E-05
   200.741081856088        0.156217169872453E-05
   202.225718825207        0.159345566875037E-05
   203.468375678657        0.181337629152630E-05
   204.464931749727        0.213128754870423E-05
   205.314869675284        0.244468549048814E-05
   206.157402394015        0.279437943689128E-05
   206.829772680120        0.311025744051588E-05
   207.726698639593        0.356811327265201E-05
   208.476293574257        0.400097415136499E-05
   209.481934024014        0.464250991619742E-05
   211.094222045941        0.584505547408448E-05
   212.142810251795        0.678879720432727E-05
   216.594036137100        0.123643702481962E-04
   221.032694419635        0.219403979633254E-04
   225.442113998750        0.379189759237056E-04
   229.803482153008        0.637997237957952E-04
   234.092773389629        0.104414627007375E-03
   238.282013180198        0.166043449207604E-03
   242.342359758832        0.256327025291059E-03
   246.246991578233        0.383918912966876E-03
   249.974096748970        0.557923176939923E-03
   253.509070765963        0.787257135317643E-03
   256.845312742592        0.108010648547155E-02
   259.983594931274        0.144358398630544E-02
   262.930471312764        0.188360679385143E-02
   265.696342228102        0.240493313259519E-02
   268.293657985136        0.301127430993886E-02
   270.735518580852        0.370541522586038E-02
   273.034719190860        0.448930524217806E-02
   275.453489009777        0.543820457426101E-02
   277.745927223122        0.633516537685161E-02
   279.945968062481        0.744904854175197E-02
   282.032808855610        0.856091801588398E-02
   284.036329102034        0.979084027915331E-02
   285.939986298834        0.111539343400496E-01
   287.753967618364        0.124541394604668E-01
   288.671929117992        0.132339283099452E-01
