   177.895324036443        0.168177330687254E-09
   173.108084802345        0.250963813395062E-09
   172.067809135658        0.372651091286200E-09
   173.492374126825        0.556973920472338E-09
   176.067619691903        0.840366404328982E-09
   178.958533977664        0.128040901404684E-08
   181.697115278013        0.196986104377976E-08
   184.007608318161        0.305209072455870E-08
   185.731166973138        0.473756702856299E-08
   186.794063103251        0.737233814936999E-08
   187.194686905335        0.114812239769156E-07
   186.993954471889        0.176307388234564E-07
   186.299565909941        0.269406413949905E-07
   185.245790139190        0.402915408317601E-07
   183.973311200936        0.588137998992237E-07
   182.612900241083        0.837471801748994E-07
   181.274518436503        0.116004897196694E-06
   180.041599947897        0.154614758962420E-06
   178.969869185763        0.200544611125902E-06
   178.089296856789        0.250349520164779E-06
   177.408111705129        0.300833802988083E-06
   176.918066560162        0.348599476552251E-06
   176.600249723850        0.392333985748649E-06
   176.430010807375        0.428492611346421E-06
   176.381769904437        0.455620168930791E-06
   176.432994793141        0.474180442761073E-06
   176.565183914518        0.484728570823820E-06
   176.761923741583        0.488632427349442E-06
   177.005685963983        0.487788362213909E-06
   177.275216962179        0.483011617561627E-06
   177.545240900060        0.476448425310318E-06
   177.788879257797        0.469121612966372E-06
   177.981805850336        0.460785061518916E-06
   178.106756792286        0.452451984469138E-06
   178.157060634149        0.443344457376932E-06
   178.138522272484        0.434459602273796E-06
   178.069444944642        0.426118664147113E-06
   177.978851873628        0.416869114602124E-06
   177.903194482811        0.407733668070447E-06
   177.881601771642        0.398704208539895E-06
   177.949804609737        0.389428324269709E-06
   178.132241474280        0.379312233626127E-06
   178.440632534247        0.369305607841368E-06
   178.874437840942        0.361924117505667E-06
   179.422045707057        0.361609966976158E-06
   180.063585820656        0.366660489849234E-06
   180.775084866829        0.376598114994529E-06
   181.532948537698        0.390224719332419E-06
   182.317868217171        0.405765797643844E-06
   183.117742794783        0.422602107031256E-06
   183.929271775167        0.441145393314637E-06
   184.757900488294        0.462862997336216E-06
   185.616136751900        0.489179641792754E-06
   186.520550228262        0.521481432999036E-06
   187.487948052563        0.562657546072209E-06
   188.531388532206        0.614398082438454E-06
   189.657351847813        0.680020053013234E-06
   190.864595927959        0.761566761903876E-06
   192.144863097079        0.861178745947095E-06
   193.485281450518        0.978762452174395E-06
   194.872566680982        0.112158683795080E-05
   196.290930985036        0.128972851867974E-05
   197.747051586724        0.148889130052982E-05
   199.231290026729        0.171166510393212E-05
   200.716445493527        0.155509082134728E-05
   202.199026807955        0.158652927462991E-05
   203.416307065461        0.179972366504149E-05
   204.447150774769        0.212605472211909E-05
   205.277935715476        0.243193174567698E-05
   206.128743633234        0.278322676041058E-05
   206.799390509856        0.309714150765738E-05
   207.648697299814        0.352920052060693E-05
   208.632856084612        0.409075109496666E-05
   209.242231568507        0.448990545943250E-05
   211.145073298896        0.588671271849259E-05
   212.150275994208        0.679638368136609E-05
   216.601615900932        0.123777898950332E-04
   221.040398363071        0.219635670689483E-04
   225.449939253046        0.379579479552795E-04
   229.811332567525        0.638628790338291E-04
   234.100598431182        0.104513693573155E-03
   238.289751936613        0.166193532489759E-03
   242.349945756949        0.256546238007321E-03
   246.254360007494        0.384227371449995E-03
   249.981192201988        0.558341550974291E-03
   253.515853124149        0.787805148460749E-03
   256.851759579458        0.108080175973160E-02
   259.989700295855        0.144444140977705E-02
   262.936242104057        0.188463834187693E-02
   265.701793965004        0.240614798486994E-02
   268.298811327195        0.301267916577940E-02
   270.740396571890        0.370701464452963E-02
   273.039345303321        0.449110192826686E-02
   275.457885658530        0.543999932218200E-02
   277.750158413582        0.633688847607469E-02
   279.950020614333        0.745125879800495E-02
   282.036715783721        0.856303281593948E-02
   284.040118149306        0.979355649492712E-02
   285.943644785656        0.111565253817799E-01
   287.757525591719        0.124566190846711E-01
   288.675439888920        0.132371681561591E-01
