   177.841919089913        0.173488181440755E-09
   173.132725797561        0.258803707569122E-09
   172.168961417109        0.384649881482218E-09
   173.638460355917        0.574747723893018E-09
   176.240487517427        0.866277954444933E-09
   179.153293786520        0.131763866596258E-08
   181.906522142739        0.202669253018253E-08
   184.224195568270        0.313773232493347E-08
   185.951443559802        0.487294775985861E-08
   187.016845350413        0.758218355843576E-08
   187.419573522905        0.117771783677073E-07
   187.220972452967        0.181149736611630E-07
   186.529308058474        0.275962056701525E-07
   185.479375028992        0.413526365049931E-07
   184.212009993464        0.602566610155327E-07
   182.857802705693        0.857584352535040E-07
   181.526336297705        0.118399489619050E-06
   180.300712694476        0.158537042647600E-06
   179.236346208151        0.205037196244808E-06
   178.362930952739        0.255658533172886E-06
   177.688528934763        0.307496689001765E-06
   177.204830710377        0.356602165300079E-06
   176.892945075943        0.401725808886871E-06
   176.728320517682        0.438929885971294E-06
   176.685656709328        0.468190712216197E-06
   176.742697780722        0.488489190590298E-06
   176.881159386309        0.500461440343327E-06
   177.084793056846        0.506090621485084E-06
   177.336110546484        0.507000000000000E-06
   177.613759332851        0.503750717805688E-06
   177.892262110443        0.498666338045147E-06
   178.144466505716        0.492805180296013E-06
   178.345761934460        0.485839455367173E-06
   178.478630845793        0.478944780979399E-06
   178.536195018189        0.471724856129827E-06
   178.524036524968        0.463609546650577E-06
   178.460213018724        0.455584191748134E-06
   178.373552605410        0.447634575327128E-06
   178.300359194916        0.439781041859507E-06
   178.279601110507        0.431024752105363E-06
   178.346816195401        0.422047582213753E-06
   178.526245983758        0.412621730871209E-06
   178.829362866173        0.402586152814372E-06
   179.255344756332        0.394912018622864E-06
   179.792257105334        0.393552620197207E-06
   180.420039929301        0.397489975622184E-06
   181.114784621631        0.406392620149586E-06
   181.853192509994        0.418151708387841E-06
   182.616548403648        0.432414647829716E-06
   183.393490732354        0.448086187969964E-06
   184.181493645525        0.465460075823073E-06
   184.986785414401        0.486008096720651E-06
   185.822582227923        0.511157464863362E-06
   186.705858182701        0.541357626489877E-06
   187.653510021816        0.581358124222739E-06
   188.678584644832        0.632894635633021E-06
   189.787404098289        0.697397946960192E-06
   190.978532180985        0.778257919580684E-06
   192.243625140070        0.877875876514651E-06
   193.570007972046        0.997340539101210E-06
   194.944270791225        0.114131151693695E-05
   196.355683535007        0.130947471087180E-05
   197.797969161656        0.149983291581994E-05
   199.267174284476        0.172145600483413E-05
   200.748951391327        0.156318855558409E-05
   202.232780822250        0.159514316237751E-05
   203.475202958527        0.181507839276040E-05
   204.486855855265        0.213800274494618E-05
   205.319391563146        0.244613135083303E-05
   206.140474862376        0.278738546638327E-05
   206.916121162655        0.314878887077847E-05
   207.572652914798        0.349059196455500E-05
   208.718225664068        0.413951551608872E-05
   209.256023945713        0.449785340885874E-05
   211.173459746606        0.590882708556814E-05
   212.139722310266        0.678562722855878E-05
   216.590900311151        0.123587633582772E-04
   221.029498267089        0.219306960969512E-04
   225.438851383090        0.379025882832246E-04
   229.800210403245        0.637731831982749E-04
   234.089514403995        0.104373028808178E-03
   238.278792998387        0.165980491120639E-03
   242.339206513793        0.256235171153122E-03
   246.243932484045        0.383789821616652E-03
   249.971154913799        0.557748316827564E-03
   253.506262802200        0.787028418712278E-03
   256.842647824388        0.107981675751178E-02
   259.981075333923        0.144322729274333E-02
   262.928093928463        0.188317845411009E-02
   265.694100329554        0.240442968453215E-02
   268.291542692967        0.301069337218423E-02
   270.733520021293        0.370475534807894E-02
   273.032827312533        0.448856577610627E-02
   275.451694181773        0.543746707417839E-02
   277.744202906401        0.633445877846596E-02
   279.944319121271        0.744814551311880E-02
   282.031221392211        0.856005615446622E-02
   284.034791458299        0.978973696021999E-02
   285.938503791992        0.111528853396796E-01
   287.752527450204        0.124531392016034E-01
   288.670509562261        0.132326232020535E-01
