   177.882655503304        0.175473879692205E-09
   173.127924695729        0.261527171814394E-09
   172.159504183162        0.388289667465523E-09
   173.625531316816        0.579210031627690E-09
   176.240048964839        0.874192841123076E-09
   179.166498731630        0.133570871244396E-08
   181.927020799237        0.205000534070871E-08
   184.254585173141        0.316947011794065E-08
   185.993153212639        0.491515919021651E-08
   187.066899329188        0.764279842412271E-08
   187.473771028804        0.118779267575964E-07
   187.276646840368        0.182659872907881E-07
   186.585567354774        0.278533699377771E-07
   185.536282533483        0.416047914544579E-07
   184.270038948417        0.606752439414197E-07
   182.917497921018        0.863097551111066E-07
   181.588114316279        0.119367023706047E-06
   180.364709707894        0.159020395142968E-06
   179.302482831989        0.206094880728963E-06
   178.431043977493        0.257173896083991E-06
   177.758446347752        0.309638433953185E-06
   177.276392214413        0.358723223359076E-06
   176.966087836753        0.404166325291556E-06
   176.803124774573        0.442333872115947E-06
   176.762234442640        0.471820195586838E-06
   176.821150501609        0.492198065426626E-06
   176.961624302984        0.505344861528071E-06
   177.167446370252        0.511045421486906E-06
   177.421122444522        0.512000000000000E-06
   177.701271504367        0.509209499619870E-06
   177.982388616995        0.504746388914623E-06
   178.237273292511        0.499121785869461E-06
   178.441242368423        0.492930797784862E-06
   178.576659142698        0.486031698499691E-06
   178.636527566983        0.479187655933190E-06
   178.626364686265        0.471702360307434E-06
   178.564202297872        0.464672014892823E-06
   178.478816933889        0.456716477037724E-06
   178.406445437519        0.448856932366342E-06
   178.385997265684        0.440106125001574E-06
   178.452962204203        0.431123621421268E-06
   178.631548885727        0.422240535716858E-06
   178.933173887674        0.412657936772775E-06
   179.356870487529        0.403928303388876E-06
   179.890627505351        0.402269286205436E-06
   180.514482531623        0.405947386546229E-06
   181.204662625010        0.414638636476423E-06
   181.937980386251        0.426101124112960E-06
   182.695820224115        0.439358756468157E-06
   183.466936426963        0.455034394178577E-06
   184.248936665969        0.472409489283301E-06
   185.048179149809        0.492331919443824E-06
   185.878014348665        0.516321270934867E-06
   186.755633228510        0.547241105177311E-06
   187.698066109357        0.587220299186571E-06
   188.718319260663        0.637831378014710E-06
   189.822699863769        0.702337839718435E-06
   191.009717552609        0.783203416803012E-06
   192.270980579146        0.882308997438194E-06
   193.593782756321        0.998825619856981E-06
   194.964737821046        0.114128059099980E-05
   196.373276219598        0.130946112612110E-05
   197.813216847905        0.149983949420468E-05
   199.280468268820        0.173105606979193E-05
   200.760772033201        0.156852992499177E-05
   202.243299385111        0.159768530494450E-05
   203.476922753699        0.181539075222591E-05
   204.495846319088        0.214065445779275E-05
   205.323253375561        0.244732162218620E-05
   206.166121761056        0.279751890715131E-05
   206.884239155715        0.313422663676801E-05
   207.617796744892        0.351285835974430E-05
   208.701071177336        0.412927600814046E-05
   209.259431100876        0.449973676335229E-05
   211.174595987419        0.590942299870236E-05
   212.134694671340        0.678062495069851E-05
   216.585796921520        0.123499111271190E-04
   221.024321072672        0.219154294777395E-04
   225.433610233948        0.378769714676154E-04
   229.794956632930        0.637316796191937E-04
   234.084283081625        0.104307957426068E-03
   238.273625510404        0.165881976916138E-03
   242.334147225193        0.256091391792381E-03
   246.239023982622        0.383587660765995E-03
   249.966433088429        0.557474300832784E-03
   253.501753239702        0.786669682074179E-03
   256.838364463341        0.107936178511001E-02
   259.977021356087        0.144266631882517E-02
   262.924264094574        0.188250355292964E-02
   265.690483708478        0.240363465896123E-02
   268.288125012865        0.300977353134786E-02
   270.730285513755        0.370370727535824E-02
   273.029760001248        0.448738713581052E-02
   275.448778992110        0.543628896387899E-02
   277.741396973908        0.633332676010932E-02
   279.941630880020        0.744668824634284E-02
   282.028628594159        0.855865882784209E-02
   284.032275629455        0.978793593854149E-02
   285.936074564574        0.111511626596023E-01
   287.750165085349        0.124514848572745E-01
   288.668177624293        0.132304598668849E-01
