   177.842087686245        0.367376379004456E-09
   173.677935363751        0.541885627010725E-09
   173.110986206652        0.795944849761687E-09
   174.867921506085        0.117337867280868E-08
   177.703988729077        0.175773366817141E-08
   180.818215157450        0.265014031719047E-08
   183.747086520718        0.402852120167041E-08
   186.218184268231        0.616105470305269E-08
   188.079951033767        0.944076579758655E-08
   189.270593665697        0.144876810071853E-07
   189.803252832256        0.222066262954649E-07
   189.753219197276        0.336116841328878E-07
   189.239137752759        0.503133761821094E-07
   188.400636064067        0.737977854910945E-07
   187.377616331991        0.105430904707907E-06
   186.294906843221        0.148131042129070E-06
   185.252983601366        0.201708442082912E-06
   184.324504334941        0.267409841178513E-06
   183.555106631608        0.343522173090424E-06
   182.966849996717        0.427151122469177E-06
   182.563099301601        0.517067556074048E-06
   182.333563525841        0.604837823350033E-06
   182.259531177814        0.690119855427405E-06
   182.318364159046        0.770870325836527E-06
   182.487658651563        0.844184439631145E-06
   182.748244983609        0.910391815319812E-06
   183.084235002109        0.968290023757718E-06
   183.480349283929        0.101963707108495E-05
   183.918095571261        0.106481314790118E-05
   184.373050145258        0.110982850578273E-05
   184.814535875208        0.113956136534022E-05
   185.209421993496        0.117862156738996E-05
   185.527527974444        0.120829625670789E-05
   185.747317537184        0.122865633572740E-05
   185.860723969027        0.125599904586895E-05
   185.875113649772        0.127721772503290E-05
   185.812366312500        0.129127833462656E-05
   185.705808481873        0.130517370568986E-05
   185.595391805357        0.131892259729995E-05
   185.521570540628        0.132250621171185E-05
   185.518686057781        0.133000000000000E-05
   185.607442383107        0.133000000000000E-05
   185.793424151553        0.133000000000000E-05
   186.069295400470        0.133000000000000E-05
   186.418070199807        0.132169738804216E-05
   186.817513346217        0.131893368996353E-05
   187.244882952887        0.130628585878053E-05
   187.681351356718        0.129376591264154E-05
   188.115285613628        0.127273875154779E-05
   188.544140587216        0.125820089707621E-05
   188.974434697494        0.123388743138055E-05
   189.420285992075        0.120984021479140E-05
   189.900555051684        0.117905646496022E-05
   190.435172523640        0.116126855230108E-05
   191.041307163224        0.115037761476067E-05
   191.730336596490        0.116380509280960E-05
   192.506062006356        0.118993764154604E-05
   193.364831401328        0.122846624924613E-05
   194.297581612543        0.128487066632256E-05
   195.292810451231        0.135845971096668E-05
   196.339420591664        0.144352548725560E-05
   197.428590072243        0.153978609762628E-05
   198.553974098990        0.164694799009049E-05
   199.709496607134        0.177442020608628E-05
   200.879356270606        0.158698516020345E-05
   202.051730809527        0.155249001652920E-05
   203.030005904915        0.169722213396502E-05
   203.762598984040        0.191990753755571E-05
   204.418036153182        0.214224889445296E-05
   205.018769083650        0.236655142918052E-05
   205.627466013867        0.261279264159458E-05
   206.254120332956        0.288748576930919E-05
   207.072898436408        0.327509578926627E-05
   208.129709970555        0.383538301649813E-05
   209.536129710335        0.470596407869245E-05
   212.008997939242        0.666131497572626E-05
   216.458232118283        0.121385233919328E-04
   220.896235272587        0.215539324346356E-04
   225.306434949355        0.372807515010299E-04
   229.668676769910        0.627732826180513E-04
   233.959226364319        0.102811484512209E-03
   238.150909042762        0.163628421117132E-03
   242.214874357775        0.252822318567205E-03
   246.124175985580        0.379020536819584E-03
   249.856775955799        0.551323331486320E-03
   253.397785622682        0.778666876906048E-03
   256.740314529971        0.106927317424449E-02
   259.884880468038        0.143030042174638E-02
   262.837837997593        0.186771182711794E-02
   265.609448756935        0.238630617864981E-02
   268.212084228004        0.298982801260858E-02
   270.658813633107        0.368108862002704E-02
   272.962433633812        0.446205806278355E-02
   275.385213076850        0.541105949610186E-02
   277.680596703009        0.630920340286588E-02
   279.883723490837        0.741563108905945E-02
   281.973087101039        0.852895317048770E-02
   283.978504905560        0.974953363063693E-02
   285.884422971283        0.111144530309517E-01
   287.700173007923        0.124161899272770E-01
   288.618993069618        0.131844275664549E-01
