     ALT          P          T          FH2O           O3           THEAT        TCOOL        PSATCO2        FCO2
7.2091E+01  3.2610E-05 2.2447E+02    2.9041E-06    1.7750E-07    3.7169E+01   -7.0031E+01    7.2032E+00    2.1300E-04
7.0955E+01  3.8507E-05 2.2587E+02    3.0097E-06    2.2745E-07    5.8297E+00   -4.5041E+01    7.6129E+00    2.1300E-04
6.9821E+01  4.5414E-05 2.2732E+02    3.1127E-06    2.8912E-07    3.3021E+00   -2.8140E+01    8.0593E+00    2.1300E-04
6.8689E+01  5.3491E-05 2.2884E+02    3.2056E-06    3.5978E-07    3.3809E+00   -1.7364E+01    8.5478E+00    2.1300E-04
6.7559E+01  6.2926E-05 2.3043E+02    3.2790E-06    4.3382E-07    3.7312E+00   -1.1009E+01    9.0792E+00    2.1300E-04
6.6430E+01  7.3931E-05 2.3206E+02    3.3509E-06    5.0883E-07    4.1040E+00   -7.5363E+00    9.6523E+00    2.1300E-04
6.5302E+01  8.6752E-05 2.3373E+02    3.4216E-06    5.8489E-07    4.4800E+00   -5.7876E+00    1.0265E+01    2.1300E-04
6.4175E+01  1.0167E-04 2.3543E+02    3.4739E-06    6.6538E-07    4.8754E+00   -4.9955E+00    1.0916E+01    2.1300E-04
6.3049E+01  1.1900E-04 2.3713E+02    3.5237E-06    7.5442E-07    5.3204E+00   -4.7400E+00    1.1602E+01    2.1300E-04
6.1925E+01  1.3911E-04 2.3884E+02    3.5747E-06    8.5367E-07    5.8102E+00   -4.7630E+00    1.2320E+01    2.1300E-04
6.0802E+01  1.6241E-04 2.4054E+02    3.6056E-06    9.6513E-07    6.3471E+00   -4.9243E+00    1.3067E+01    2.1300E-04
5.9681E+01  1.8938E-04 2.4223E+02    3.6466E-06    1.0894E-06    6.9249E+00   -5.1731E+00    1.3843E+01    2.1300E-04
5.8562E+01  2.2054E-04 2.4391E+02    3.6774E-06    1.2256E-06    7.5259E+00   -5.4693E+00    1.4644E+01    2.1300E-04
5.7445E+01  2.5652E-04 2.4557E+02    3.7041E-06    1.3725E-06    8.1317E+00   -5.7999E+00    1.5471E+01    2.1300E-04
5.6330E+01  2.9798E-04 2.4721E+02    3.7245E-06    1.5399E-06    8.7680E+00   -6.1592E+00    1.6323E+01    2.1300E-04
5.5217E+01  3.4571E-04 2.4884E+02    3.7448E-06    1.7377E-06    9.4457E+00   -6.5454E+00    1.7200E+01    2.1300E-04
5.4107E+01  4.0058E-04 2.5046E+02    3.7600E-06    1.9507E-06    1.0081E+01   -6.9399E+00    1.8103E+01    2.1300E-04
5.3000E+01  4.6357E-04 2.5206E+02    3.7700E-06    2.1991E-06    1.0714E+01   -7.3257E+00    1.9033E+01    2.1300E-04
5.1896E+01  5.3579E-04 2.5365E+02    3.7800E-06    2.4927E-06    1.1338E+01   -7.7173E+00    1.9991E+01    2.1300E-04
5.0795E+01  6.1849E-04 2.5523E+02    3.7800E-06    2.8317E-06    1.1905E+01   -8.1006E+00    2.0977E+01    2.1300E-04
4.9697E+01  7.1305E-04 2.5681E+02    3.7800E-06    3.2362E-06    1.2416E+01   -8.4787E+00    2.1993E+01    2.1300E-04
4.8603E+01  8.2103E-04 2.5837E+02    3.7641E-06    3.7042E-06    1.2804E+01   -8.8651E+00    2.3040E+01    2.1300E-04
4.7512E+01  9.4417E-04 2.5998E+02    3.7542E-06    4.2521E-06    1.3047E+01   -9.3090E+00    2.4151E+01    2.1300E-04
4.6425E+01  1.0844E-03 2.6155E+02    3.7243E-06    4.9187E-06    1.3170E+01   -9.8001E+00    2.5273E+01    2.1300E-04
4.5342E+01  1.2439E-03 2.6259E+02    3.6889E-06    5.7452E-06    1.3152E+01   -1.0100E+01    2.6041E+01    2.1300E-04
4.4268E+01  1.4251E-03 2.6270E+02    3.6445E-06    6.7473E-06    1.2918E+01   -1.0024E+01    2.6123E+01    2.1300E-04
4.3205E+01  1.6306E-03 2.6172E+02    3.5865E-06    7.8443E-06    1.2358E+01   -9.5360E+00    2.5402E+01    2.1300E-04
4.2159E+01  1.8633E-03 2.5969E+02    3.5196E-06    8.8895E-06    1.1465E+01   -8.7040E+00    2.3952E+01    2.1300E-04
4.1133E+01  2.1266E-03 2.5678E+02    3.4518E-06    9.7202E-06    1.0357E+01   -7.6580E+00    2.1976E+01    2.1300E-04
4.0130E+01  2.4241E-03 2.5322E+02    3.3692E-06    1.0302E-05    9.2232E+00   -6.5527E+00    1.9726E+01    2.1300E-04
3.9151E+01  2.7597E-03 2.4926E+02    3.2903E-06    1.0479E-05    8.0989E+00   -5.4900E+00    1.7428E+01    2.1300E-04
3.8198E+01  3.1378E-03 2.4511E+02    3.2135E-06    1.0600E-05    7.1806E+00   -4.5613E+00    1.5240E+01    2.1300E-04
3.7271E+01  3.5632E-03 2.4095E+02    3.1288E-06    1.0478E-05    6.3377E+00   -3.7756E+00    1.3251E+01    2.1300E-04
3.6368E+01  4.0412E-03 2.3689E+02    3.0458E-06    1.0223E-05    5.5931E+00   -3.1344E+00    1.1501E+01    2.1300E-04
3.5489E+01  4.5775E-03 2.3300E+02    2.9544E-06    9.9822E-06    4.9718E+00   -2.6297E+00    9.9949E+00    2.1300E-04
3.4634E+01  5.1785E-03 2.2935E+02    2.8747E-06    9.6467E-06    4.4162E+00   -2.2381E+00    8.7162E+00    2.1300E-04
3.3800E+01  5.8509E-03 2.2596E+02    2.7897E-06    9.3020E-06    3.9371E+00   -1.9392E+00    7.6410E+00    2.1300E-04
3.2987E+01  6.6024E-03 2.2284E+02    2.7096E-06    8.9378E-06    3.5205E+00   -1.7092E+00    6.7434E+00    2.1300E-04
3.2194E+01  7.4410E-03 2.2000E+02    2.6341E-06    8.5531E-06    3.1556E+00   -1.5268E+00    5.9989E+00    2.1300E-04
3.1418E+01  8.3756E-03 2.1746E+02    2.5600E-06    8.1516E-06    2.8343E+00   -1.3756E+00    5.3857E+00    2.1300E-04
3.0659E+01  9.4156E-03 2.1522E+02    2.4871E-06    7.7220E-06    2.5468E+00   -1.2466E+00    4.7367E+00    2.1300E-04
2.9916E+01  1.0571E-02 2.1327E+02    2.4155E-06    7.2710E-06    2.2879E+00   -1.1350E+00    4.1519E+00    2.1300E-04
2.9188E+01  1.1854E-02 2.1160E+02    2.3449E-06    6.8081E-06    2.0545E+00   -9.9950E-01    3.7021E+00    2.1300E-04
2.8472E+01  1.3276E-02 2.1019E+02    2.2844E-06    6.3461E-06    1.8449E+00   -8.7664E-01    3.3541E+00    2.1300E-04
2.7770E+01  1.4849E-02 2.0899E+02    2.2197E-06    5.8709E-06    1.6540E+00   -7.6697E-01    3.0825E+00    2.1300E-04
2.7079E+01  1.6588E-02 2.0799E+02    2.1596E-06    5.4055E-06    1.4838E+00   -6.7073E-01    2.8679E+00    2.1300E-04
2.6399E+01  1.8508E-02 2.0713E+02    2.1026E-06    4.9607E-06    1.3346E+00   -5.8764E-01    2.6958E+00    2.1300E-04
2.5729E+01  2.0623E-02 2.0639E+02    2.0400E-06    4.5262E-06    1.2028E+00   -5.1747E-01    2.5554E+00    2.1300E-04
2.5070E+01  2.2951E-02 2.0575E+02    1.9882E-06    4.1093E-06    1.0875E+00   -4.5990E-01    2.4384E+00    2.1300E-04
2.4421E+01  2.5510E-02 2.0518E+02    1.9372E-06    3.7311E-06    9.8905E-01   -4.1147E-01    2.3386E+00    2.1300E-04
2.3781E+01  2.8319E-02 2.0467E+02    1.8868E-06    3.3672E-06    9.0076E-01   -3.7101E-01    2.2514E+00    2.1300E-04
2.3150E+01  3.1397E-02 2.0420E+02    1.8370E-06    3.0240E-06    8.2059E-01   -3.3580E-01    2.1738E+00    2.1300E-04
2.2529E+01  3.4766E-02 2.0376E+02    1.7880E-06    2.7102E-06    7.4761E-01   -3.0281E-01    2.1035E+00    2.1300E-04
2.1917E+01  3.8447E-02 2.0335E+02    1.7396E-06    2.4239E-06    6.7978E-01   -2.7069E-01    2.0394E+00    2.1300E-04
2.1313E+01  4.2465E-02 2.0296E+02    1.6920E-06    2.1508E-06    6.1435E-01   -2.4038E-01    1.9810E+00    2.1300E-04
2.0719E+01  4.6844E-02 2.0261E+02    1.6462E-06    1.9033E-06    5.5265E-01   -2.1059E-01    1.9286E+00    2.1300E-04
2.0133E+01  5.1609E-02 2.0229E+02    1.6084E-06    1.6731E-06    4.9392E-01   -1.8234E-01    1.8825E+00    2.1300E-04
1.9556E+01  5.6787E-02 2.0201E+02    1.5626E-06    1.4595E-06    4.3853E-01   -1.5450E-01    1.8431E+00    2.1300E-04
1.8988E+01  6.2407E-02 2.0178E+02    1.5231E-06    1.2679E-06    3.8788E-01   -1.2636E-01    1.8106E+00    2.1300E-04
1.8427E+01  6.8495E-02 2.0159E+02    1.4898E-06    1.0899E-06    3.4148E-01   -9.9457E-02    1.7847E+00    2.1300E-04
1.7875E+01  7.5083E-02 2.0145E+02    1.4569E-06    9.2491E-07    2.9964E-01   -7.4494E-02    1.7652E+00    2.1300E-04
1.7331E+01  8.2201E-02 2.0135E+02    1.4244E-06    7.7932E-07    2.6342E-01   -5.1243E-02    1.7515E+00    2.1300E-04
1.6794E+01  8.9880E-02 2.0128E+02    1.4016E-06    6.4917E-07    2.3232E-01   -3.2822E-02    1.7432E+00    2.1300E-04
1.6266E+01  9.8153E-02 2.0126E+02    1.3806E-06    5.3308E-07    2.0576E-01   -2.0320E-02    1.7401E+00    2.1300E-04
1.5745E+01  1.0705E-01 2.0127E+02    1.3599E-06    4.3146E-07    1.8242E-01    2.4106E-02    1.7412E+00    2.1300E-04
1.5231E+01  1.1661E-01 2.0131E+02    1.3395E-06    3.4585E-07    1.6298E-01    2.9134E-02    1.7468E+00    2.1300E-04
1.4726E+01  1.2686E-01 2.0140E+02    1.3197E-06    2.7482E-07    1.4709E-01    3.0974E-02    1.7584E+00    2.1300E-04
1.4227E+01  1.3784E-01 2.0155E+02    1.3097E-06    2.1756E-07    1.3423E-01    2.9965E-02    1.7795E+00    2.1300E-04
1.3736E+01  1.4959E-01 2.0179E+02    1.3000E-06    1.6886E-07    1.2349E-01    2.7033E-02    1.8128E+00    2.1300E-04
1.3251E+01  1.6212E-01 2.0215E+02    1.3000E-06    1.3016E-07    1.1507E-01    2.3529E-02    1.8627E+00    2.1300E-04
1.2774E+01  1.7549E-01 2.0259E+02    1.5434E-06    1.0399E-07    1.1071E-01    1.8349E-02    1.9262E+00    2.1300E-04
1.2303E+01  1.8972E-01 2.0313E+02    1.7406E-06    8.6832E-08    1.0822E-01    4.1172E-02    2.0057E+00    2.1300E-04
1.1838E+01  2.0484E-01 2.0369E+02    1.9963E-06    7.3606E-08    1.0613E-01    6.8834E-02    2.0931E+00    2.1300E-04
1.1378E+01  2.2090E-01 2.0522E+02    2.5114E-06    6.3607E-08    1.0740E-01   -9.4521E-03    2.3451E+00    2.1300E-04
1.0922E+01  2.3790E-01 2.0836E+02    3.9677E-06    5.7096E-08    1.1548E-01   -1.3682E-01    2.9463E+00    2.1300E-04
1.0466E+01  2.5590E-01 2.1114E+02    5.8795E-06    5.2986E-08    1.2704E-01   -2.9955E-01    3.5843E+00    2.1300E-04
1.0011E+01  2.7491E-01 2.1556E+02    1.0731E-05    5.0011E-08    1.5345E-01   -6.5720E-01    4.8466E+00    2.1300E-04
9.5549E+00  2.9496E-01 2.1997E+02    1.9092E-05    4.7467E-08    1.9123E-01   -1.0341E+00    5.9911E+00    2.1300E-04
9.0977E+00  3.1608E-01 2.2436E+02    3.3097E-05    4.5113E-08    2.4000E-01   -1.4092E+00    7.1711E+00    2.1300E-04
8.6402E+00  3.3828E-01 2.2871E+02    5.5882E-05    4.2841E-08    2.9940E-01   -1.7611E+00    8.5039E+00    2.1300E-04
8.1827E+00  3.6158E-01 2.3299E+02    9.1836E-05    4.0642E-08    3.6591E-01   -2.0516E+00    9.9897E+00    2.1300E-04
7.7256E+00  3.8600E-01 2.3718E+02    1.4675E-04    3.8450E-08    4.3461E-01   -2.2487E+00    1.1622E+01    2.1300E-04
7.2695E+00  4.1155E-01 2.4125E+02    2.2781E-04    3.6344E-08    5.0780E-01   -2.3789E+00    1.3390E+01    2.1300E-04
6.8150E+00  4.3824E-01 2.4518E+02    3.4331E-04    3.4328E-08    5.8596E-01   -2.4389E+00    1.5274E+01    2.1300E-04
6.3626E+00  4.6607E-01 2.4894E+02    5.0218E-04    3.2251E-08    6.5609E-01   -2.4389E+00    1.7253E+01    2.1300E-04
5.9130E+00  4.9504E-01 2.5251E+02    7.1339E-04    3.0308E-08    7.0677E-01   -2.4114E+00    1.9302E+01    2.1300E-04
5.4666E+00  5.2516E-01 2.5589E+02    9.8533E-04    2.8369E-08    7.4133E-01   -2.3858E+00    2.1398E+01    2.1300E-04
5.0242E+00  5.5640E-01 2.5907E+02    1.3254E-03    2.6463E-08    7.6820E-01   -2.3427E+00    2.3520E+01    2.1300E-04
4.5862E+00  5.8876E-01 2.6206E+02    1.7399E-03    2.4654E-08    7.8925E-01   -2.2729E+00    2.5651E+01    2.1300E-04
4.1532E+00  6.2221E-01 2.6487E+02    2.2339E-03    2.2943E-08    8.0150E-01   -2.1995E+00    2.7779E+01    2.1300E-04
3.7257E+00  6.5674E-01 2.6751E+02    2.8113E-03    2.1333E-08    8.0383E-01   -2.1081E+00    2.9892E+01    2.1300E-04
3.3041E+00  6.9231E-01 2.6999E+02    3.4752E-03    1.9892E-08    7.9890E-01   -1.9631E+00    3.1984E+01    2.1300E-04
2.8888E+00  7.2889E-01 2.7232E+02    4.2278E-03    1.8470E-08    7.9023E-01   -1.8035E+00    3.4051E+01    2.1300E-04
2.4802E+00  7.6643E-01 2.7469E+02    5.1376E-03    1.7240E-08    7.8396E-01   -1.6897E+00    3.6251E+01    2.1300E-04
2.0783E+00  8.0489E-01 2.7701E+02    6.0446E-03    1.6184E-08    7.6315E-01   -1.5815E+00    3.8503E+01    2.1300E-04
1.6834E+00  8.4422E-01 2.7923E+02    7.0687E-03    1.5254E-08    7.4391E-01   -1.5427E+00    4.0761E+01    2.1300E-04
1.2959E+00  8.8435E-01 2.8134E+02    8.1933E-03    1.4401E-08    7.2718E-01   -1.5729E+00    4.2993E+01    2.1300E-04
9.1599E-01  9.2522E-01 2.8336E+02    9.3080E-03    1.3762E-08    7.1248E-01   -1.6655E+00    4.5212E+01    2.1300E-04
5.4399E-01  9.6677E-01 2.8528E+02    1.0688E-02    1.3208E-08    7.1883E-01   -1.9174E+00    4.7412E+01    2.1300E-04
1.8015E-01  1.0089E+00 2.8711E+02    1.2002E-02    1.2705E-08    7.3305E-01   -2.1462E+00    4.9579E+01    2.1300E-04
0.0000E+00  1.0303E+00 2.8804E+02    1.2664E-02    1.2800E-08    7.8339E+00   -3.3892E+00    5.0699E+01    2.1300E-04
