     ALT          P          T          FH2O           O3           THEAT        TCOOL        PSATCO2        FCO2
7.3201E+01  3.2610E-05 2.2488E+02    3.3927E-06    1.1485E-07    3.7077E+01   -7.2838E+01    7.3225E+00    2.1900E-04
7.2063E+01  3.8507E-05 2.2628E+02    3.5409E-06    1.4681E-07    5.2598E+00   -4.6341E+01    7.7387E+00    2.1900E-04
7.0926E+01  4.5413E-05 2.2774E+02    3.6771E-06    1.8781E-07    2.7402E+00   -2.8662E+01    8.1915E+00    2.1900E-04
6.9791E+01  5.3489E-05 2.2926E+02    3.7960E-06    2.3564E-07    2.7169E+00   -1.7592E+01    8.6864E+00    2.1900E-04
6.8657E+01  6.2923E-05 2.3085E+02    3.9092E-06    2.8763E-07    2.9454E+00   -1.1179E+01    9.2241E+00    2.1900E-04
6.7525E+01  7.3927E-05 2.3248E+02    4.0098E-06    3.4075E-07    3.1965E+00   -7.7265E+00    9.8035E+00    2.1900E-04
6.6394E+01  8.6747E-05 2.3415E+02    4.0901E-06    3.9493E-07    3.4532E+00   -6.0042E+00    1.0423E+01    2.1900E-04
6.5264E+01  1.0166E-04 2.3584E+02    4.1704E-06    4.5340E-07    3.7315E+00   -5.2339E+00    1.1079E+01    2.1900E-04
6.4136E+01  1.1899E-04 2.3754E+02    4.2404E-06    5.1644E-07    4.0459E+00   -4.9750E+00    1.1770E+01    2.1900E-04
6.3009E+01  1.3910E-04 2.3924E+02    4.2979E-06    5.8783E-07    4.4002E+00   -4.9744E+00    1.2494E+01    2.1900E-04
6.1883E+01  1.6239E-04 2.4094E+02    4.3554E-06    6.6673E-07    4.7889E+00   -5.1062E+00    1.3246E+01    2.1900E-04
6.0759E+01  1.8936E-04 2.4262E+02    4.4051E-06    7.5409E-07    5.2104E+00   -5.3076E+00    1.4026E+01    2.1900E-04
5.9637E+01  2.2052E-04 2.4429E+02    4.4500E-06    8.4990E-07    5.6576E+00   -5.5501E+00    1.4832E+01    2.1900E-04
5.8517E+01  2.5648E-04 2.4595E+02    4.4847E-06    9.5446E-07    6.1225E+00   -5.8177E+00    1.5664E+01    2.1900E-04
5.7400E+01  2.9794E-04 2.4759E+02    4.5193E-06    1.0675E-06    6.5950E+00   -6.1083E+00    1.6520E+01    2.1900E-04
5.6285E+01  3.4566E-04 2.4921E+02    4.5469E-06    1.1944E-06    7.0839E+00   -6.4133E+00    1.7402E+01    2.1900E-04
5.5172E+01  4.0052E-04 2.5082E+02    4.5691E-06    1.3347E-06    7.5729E+00   -6.7168E+00    1.8311E+01    2.1900E-04
5.4062E+01  4.6350E-04 2.5242E+02    4.5913E-06    1.4888E-06    8.0432E+00   -7.0150E+00    1.9246E+01    2.1900E-04
5.2956E+01  5.3570E-04 2.5401E+02    4.6100E-06    1.6567E-06    8.4743E+00   -7.3088E+00    2.0210E+01    2.1900E-04
5.1852E+01  6.1838E-04 2.5559E+02    4.6200E-06    1.8482E-06    8.8791E+00   -7.5925E+00    2.1204E+01    2.1900E-04
5.0752E+01  7.1291E-04 2.5716E+02    4.6300E-06    2.0634E-06    9.2310E+00   -7.8634E+00    2.2228E+01    2.1900E-04
4.9655E+01  8.2087E-04 2.5873E+02    4.6300E-06    2.3019E-06    9.4982E+00   -8.1154E+00    2.3283E+01    2.1900E-04
4.8562E+01  9.4397E-04 2.6029E+02    4.6289E-06    2.5530E-06    9.6324E+00   -8.3921E+00    2.4371E+01    2.1900E-04
4.7472E+01  1.0842E-03 2.6194E+02    4.6171E-06    2.8293E-06    9.6658E+00   -8.7404E+00    2.5560E+01    2.1900E-04
4.6386E+01  1.2436E-03 2.6335E+02    4.5955E-06    3.1371E-06    9.5941E+00   -8.9862E+00    2.6609E+01    2.1900E-04
4.5306E+01  1.4247E-03 2.6418E+02    4.5678E-06    3.4723E-06    9.3918E+00   -8.9976E+00    2.7245E+01    2.1900E-04
4.4235E+01  1.6302E-03 2.6431E+02    4.5351E-06    3.8433E-06    9.0722E+00   -8.7718E+00    2.7344E+01    2.1900E-04
4.3175E+01  1.8629E-03 2.6372E+02    4.4828E-06    4.2327E-06    8.6211E+00   -8.3497E+00    2.6891E+01    2.1900E-04
4.2128E+01  2.1261E-03 2.6246E+02    4.4217E-06    4.6098E-06    8.0466E+00   -7.7971E+00    2.5948E+01    2.1900E-04
4.1098E+01  2.4235E-03 2.6065E+02    4.3502E-06    4.9790E-06    7.4223E+00   -7.1812E+00    2.4625E+01    2.1900E-04
4.0087E+01  2.7590E-03 2.5839E+02    4.2698E-06    5.3109E-06    6.7820E+00   -6.5436E+00    2.3050E+01    2.1900E-04
3.9095E+01  3.1369E-03 2.5580E+02    4.1812E-06    5.5965E-06    6.1703E+00   -5.9154E+00    2.1339E+01    2.1900E-04
3.8123E+01  3.5622E-03 2.5298E+02    4.0940E-06    5.8480E-06    5.6239E+00   -5.3213E+00    1.9585E+01    2.1900E-04
3.7172E+01  4.0400E-03 2.5000E+02    3.9909E-06    6.0734E-06    5.1493E+00   -4.7749E+00    1.7846E+01    2.1900E-04
3.6242E+01  4.5761E-03 2.4690E+02    3.8930E-06    6.2673E-06    4.7344E+00   -4.2772E+00    1.6158E+01    2.1900E-04
3.5334E+01  5.1769E-03 2.4370E+02    3.7858E-06    6.4460E-06    4.3707E+00   -3.8367E+00    1.4544E+01    2.1900E-04
3.4447E+01  5.8491E-03 2.4045E+02    3.6813E-06    6.6000E-06    4.0398E+00   -3.4451E+00    1.3024E+01    2.1900E-04
3.3581E+01  6.6003E-03 2.3717E+02    3.5795E-06    6.7188E-06    3.7284E+00   -3.0911E+00    1.1617E+01    2.1900E-04
3.2736E+01  7.4386E-03 2.3393E+02    3.4802E-06    6.7948E-06    3.4296E+00   -2.7648E+00    1.0338E+01    2.1900E-04
3.1912E+01  8.3728E-03 2.3078E+02    3.3835E-06    6.8078E-06    3.1371E+00   -2.4601E+00    9.2002E+00    2.1900E-04
3.1107E+01  9.4124E-03 2.2779E+02    3.2890E-06    6.7490E-06    2.8512E+00   -2.1777E+00    8.2091E+00    2.1900E-04
3.0321E+01  1.0568E-02 2.2503E+02    3.1946E-06    6.6113E-06    2.5742E+00   -1.9394E+00    7.3651E+00    2.1900E-04
2.9553E+01  1.1850E-02 2.2253E+02    3.1038E-06    6.4014E-06    2.3114E+00   -1.6762E+00    6.6584E+00    2.1900E-04
2.8802E+01  1.3271E-02 2.2029E+02    3.0183E-06    6.1268E-06    2.0669E+00   -1.4384E+00    6.0722E+00    2.1900E-04
2.8066E+01  1.4844E-02 2.1832E+02    2.9317E-06    5.7962E-06    1.8434E+00   -1.2288E+00    5.5874E+00    2.1900E-04
2.7345E+01  1.6582E-02 2.1658E+02    2.8474E-06    5.4357E-06    1.6445E+00   -1.0482E+00    5.1850E+00    2.1900E-04
2.6637E+01  1.8501E-02 2.1505E+02    2.7733E-06    5.0499E-06    1.4690E+00   -8.9702E-01    4.6830E+00    2.1900E-04
2.5943E+01  2.0615E-02 2.1368E+02    2.6995E-06    4.6544E-06    1.3162E+00   -7.7269E-01    4.2703E+00    2.1900E-04
2.5261E+01  2.2942E-02 2.1246E+02    2.6224E-06    4.2666E-06    1.1848E+00   -6.7154E-01    3.9269E+00    2.1900E-04
2.4591E+01  2.5500E-02 2.1134E+02    2.5563E-06    3.8904E-06    1.0708E+00   -5.8986E-01    3.6363E+00    2.1900E-04
2.3932E+01  2.8307E-02 2.1033E+02    2.4836E-06    3.5220E-06    9.6945E-01   -5.2232E-01    3.3867E+00    2.1900E-04
2.3285E+01  3.1384E-02 2.0939E+02    2.4174E-06    3.1762E-06    8.7909E-01   -4.6444E-01    3.1698E+00    2.1900E-04
2.2648E+01  3.4751E-02 2.0852E+02    2.3544E-06    2.8500E-06    7.9640E-01   -4.1286E-01    2.9800E+00    2.1900E-04
2.2021E+01  3.8431E-02 2.0772E+02    2.2924E-06    2.5453E-06    7.1957E-01   -3.6547E-01    2.8134E+00    2.1900E-04
2.1405E+01  4.2447E-02 2.0698E+02    2.2314E-06    2.2610E-06    6.4750E-01   -3.2130E-01    2.6671E+00    2.1900E-04
2.0799E+01  4.6824E-02 2.0631E+02    2.1714E-06    2.0058E-06    5.8075E-01   -2.7875E-01    2.5393E+00    2.1900E-04
2.0203E+01  5.1586E-02 2.0570E+02    2.1138E-06    1.7594E-06    5.1676E-01   -2.3980E-01    2.4287E+00    2.1900E-04
1.9616E+01  5.6762E-02 2.0516E+02    2.0640E-06    1.5369E-06    4.5784E-01   -2.0231E-01    2.3343E+00    2.1900E-04
1.9039E+01  6.2378E-02 2.0469E+02    2.0113E-06    1.3283E-06    4.0329E-01   -1.6669E-01    2.2550E+00    2.1900E-04
1.8470E+01  6.8464E-02 2.0430E+02    1.9661E-06    1.1423E-06    3.5468E-01   -1.3214E-01    2.1897E+00    2.1900E-04
1.7910E+01  7.5048E-02 2.0397E+02    1.9216E-06    9.6874E-07    3.1100E-01   -1.0127E-01    2.1369E+00    2.1900E-04
1.7359E+01  8.2163E-02 2.0371E+02    1.8778E-06    8.1435E-07    2.7314E-01   -7.4309E-02    2.0954E+00    2.1900E-04
1.6816E+01  8.9838E-02 2.0351E+02    1.8435E-06    6.7765E-07    2.4080E-01   -5.3560E-02    2.0641E+00    2.1900E-04
1.6282E+01  9.8106E-02 2.0337E+02    1.8116E-06    5.5566E-07    2.1321E-01   -4.0383E-02    2.0420E+00    2.1900E-04
1.5755E+01  1.0700E-01 2.0327E+02    1.7901E-06    4.4960E-07    1.8904E-01    8.8324E-04    2.0277E+00    2.1900E-04
1.5237E+01  1.1655E-01 2.0323E+02    1.7695E-06    3.5987E-07    1.6879E-01    4.0657E-03    2.0213E+00    2.1900E-04
1.4726E+01  1.2680E-01 2.0325E+02    1.7491E-06    2.8507E-07    1.5212E-01    3.4722E-03    2.0239E+00    2.1900E-04
1.4223E+01  1.3778E-01 2.0335E+02    1.7295E-06    2.2435E-07    1.3853E-01    2.1957E-04    2.0390E+00    2.1900E-04
1.3727E+01  1.4951E-01 2.0354E+02    1.7197E-06    1.7343E-07    1.2724E-01   -5.2831E-03    2.0688E+00    2.1900E-04
1.3238E+01  1.6204E-01 2.0384E+02    1.7101E-06    1.3279E-07    1.1832E-01   -9.4355E-03    2.1153E+00    2.1900E-04
1.2756E+01  1.7540E-01 2.0425E+02    1.8988E-06    1.0583E-07    1.1320E-01   -1.6997E-02    2.1812E+00    2.1900E-04
1.2281E+01  1.8962E-01 2.0474E+02    2.1775E-06    8.8149E-08    1.1053E-01   -1.2061E-02    2.2636E+00    2.1900E-04
1.1812E+01  2.0474E-01 2.0527E+02    2.5027E-06    7.4508E-08    1.0896E-01    2.9885E-02    2.3528E+00    2.1900E-04
1.1350E+01  2.2078E-01 2.0594E+02    2.7773E-06    6.4280E-08    1.0820E-01   -6.8636E-03    2.4723E+00    2.1900E-04
1.0892E+01  2.3778E-01 2.0859E+02    4.0831E-06    5.7829E-08    1.1407E-01   -7.7953E-02    2.9945E+00    2.1900E-04
1.0437E+01  2.5576E-01 2.1032E+02    5.2356E-06    5.3832E-08    1.2037E-01   -1.6069E-01    3.3851E+00    2.1900E-04
9.9837E+00  2.7476E-01 2.1455E+02    9.3622E-06    5.0870E-08    1.4230E-01   -4.9747E-01    4.5298E+00    2.1900E-04
9.5293E+00  2.9480E-01 2.1895E+02    1.6716E-05    4.8266E-08    1.7673E-01   -8.7661E-01    5.7387E+00    2.1900E-04
9.0740E+00  3.1590E-01 2.2333E+02    2.9097E-05    4.5871E-08    2.2289E-01   -1.2654E+00    6.8793E+00    2.1900E-04
8.6183E+00  3.3809E-01 2.2767E+02    4.9355E-05    4.3564E-08    2.8027E-01   -1.6360E+00    8.1712E+00    2.1900E-04
8.1626E+00  3.6138E-01 2.3196E+02    8.1516E-05    4.1225E-08    3.4576E-01   -1.9507E+00    9.6154E+00    2.1900E-04
7.7073E+00  3.8578E-01 2.3616E+02    1.3097E-04    3.9040E-08    4.1409E-01   -2.1721E+00    1.1208E+01    2.1900E-04
7.2529E+00  4.1132E-01 2.4025E+02    2.0452E-04    3.6858E-08    4.8601E-01   -2.3184E+00    1.2938E+01    2.1900E-04
6.8000E+00  4.3799E-01 2.4421E+02    3.1016E-04    3.4673E-08    5.6375E-01   -2.3982E+00    1.4789E+01    2.1900E-04
6.3492E+00  4.6580E-01 2.4800E+02    4.5670E-04    3.2579E-08    6.3687E-01   -2.4093E+00    1.6741E+01    2.1900E-04
5.9009E+00  4.9476E-01 2.5161E+02    6.5313E-04    3.0578E-08    6.9207E-01   -2.3896E+00    1.8769E+01    2.1900E-04
5.4559E+00  5.2485E-01 2.5503E+02    9.0800E-04    2.8613E-08    7.2963E-01   -2.3643E+00    2.0851E+01    2.1900E-04
5.0146E+00  5.5608E-01 2.5826E+02    1.2290E-03    2.6667E-08    7.5809E-01   -2.3292E+00    2.2964E+01    2.1900E-04
4.5778E+00  5.8841E-01 2.6129E+02    1.6228E-03    2.4778E-08    7.8091E-01   -2.2648E+00    2.5091E+01    2.1900E-04
4.1458E+00  6.2185E-01 2.6415E+02    2.0946E-03    2.3008E-08    7.9560E-01   -2.1932E+00    2.7217E+01    2.1900E-04
3.7192E+00  6.5635E-01 2.6682E+02    2.6488E-03    2.1399E-08    8.0029E-01   -2.1098E+00    2.9331E+01    2.1900E-04
3.2985E+00  6.9190E-01 2.6934E+02    3.2885E-03    1.9880E-08    7.9703E-01   -1.9793E+00    3.1426E+01    2.1900E-04
2.8840E+00  7.2845E-01 2.7171E+02    4.0161E-03    1.8451E-08    7.8955E-01   -1.8202E+00    3.3496E+01    2.1900E-04
2.4761E+00  7.6597E-01 2.7405E+02    4.8890E-03    1.7170E-08    7.8398E-01   -1.6970E+00    3.5649E+01    2.1900E-04
2.0750E+00  8.0441E-01 2.7640E+02    5.8065E-03    1.6038E-08    7.6743E-01   -1.5914E+00    3.7898E+01    2.1900E-04
1.6808E+00  8.4371E-01 2.7864E+02    6.7541E-03    1.5061E-08    7.4468E-01   -1.5289E+00    4.0147E+01    2.1900E-04
1.2939E+00  8.8381E-01 2.8077E+02    7.8916E-03    1.4288E-08    7.3097E-01   -1.5572E+00    4.2378E+01    2.1900E-04
9.1463E-01  9.2466E-01 2.8280E+02    8.9759E-03    1.3591E-08    7.1505E-01   -1.6366E+00    4.4587E+01    2.1900E-04
5.4320E-01  9.6617E-01 2.8475E+02    1.0308E-02    1.3049E-08    7.1965E-01   -1.8786E+00    4.6788E+01    2.1900E-04
1.7989E-01  1.0083E+00 2.8659E+02    1.1635E-02    1.2618E-08    7.3533E-01   -2.1147E+00    4.8952E+01    2.1900E-04
0.0000E+00  1.0297E+00 2.8752E+02    1.2303E-02    1.2700E-08    7.8604E+00   -3.4300E+00    5.0069E+01    2.1900E-04
