     ALT          P          T          FH2O           O3           THEAT        TCOOL        PSATCO2        FCO2
7.3793E+01  3.2610E-05 2.2462E+02    4.2489E-06    1.0487E-07    3.6987E+01   -7.2719E+01    7.2468E+00    2.1800E-04
7.2656E+01  3.8506E-05 2.2602E+02    4.4308E-06    1.3501E-07    5.2381E+00   -4.6597E+01    7.6589E+00    2.1800E-04
7.1522E+01  4.5411E-05 2.2747E+02    4.5971E-06    1.7334E-07    2.6810E+00   -2.9126E+01    8.1079E+00    2.1800E-04
7.0389E+01  5.3486E-05 2.2900E+02    4.7478E-06    2.1859E-07    2.6383E+00   -1.8149E+01    8.5991E+00    2.1800E-04
6.9258E+01  6.2919E-05 2.3059E+02    4.8831E-06    2.6630E-07    2.8439E+00   -1.1751E+01    9.1335E+00    2.1800E-04
6.8127E+01  7.3921E-05 2.3222E+02    4.9961E-06    3.1593E-07    3.0758E+00   -8.2820E+00    9.7099E+00    2.1800E-04
6.6999E+01  8.6738E-05 2.3389E+02    5.1032E-06    3.6718E-07    3.3167E+00   -6.5309E+00    1.0326E+01    2.1800E-04
6.5871E+01  1.0165E-04 2.3559E+02    5.2035E-06    4.2182E-07    3.5760E+00   -5.7246E+00    1.0981E+01    2.1800E-04
6.4744E+01  1.1897E-04 2.3730E+02    5.2827E-06    4.8255E-07    3.8781E+00   -5.4239E+00    1.1670E+01    2.1800E-04
6.3619E+01  1.3908E-04 2.3901E+02    5.3602E-06    5.5072E-07    4.2173E+00   -5.3821E+00    1.2392E+01    2.1800E-04
6.2496E+01  1.6237E-04 2.4071E+02    5.4277E-06    6.2596E-07    4.5893E+00   -5.4678E+00    1.3144E+01    2.1800E-04
6.1374E+01  1.8933E-04 2.4241E+02    5.4850E-06    7.0954E-07    4.9946E+00   -5.6184E+00    1.3924E+01    2.1800E-04
6.0254E+01  2.2048E-04 2.4409E+02    5.5415E-06    8.0121E-07    5.4263E+00   -5.8089E+00    1.4731E+01    2.1800E-04
5.9136E+01  2.5643E-04 2.4575E+02    5.5862E-06    9.0169E-07    5.8799E+00   -6.0233E+00    1.5563E+01    2.1800E-04
5.8020E+01  2.9788E-04 2.4740E+02    5.6309E-06    1.0141E-06    6.3578E+00   -6.2591E+00    1.6421E+01    2.1800E-04
5.6906E+01  3.4558E-04 2.4903E+02    5.6654E-06    1.1360E-06    6.8376E+00   -6.5064E+00    1.7304E+01    2.1800E-04
5.5795E+01  4.0042E-04 2.5065E+02    5.6999E-06    1.2696E-06    7.3121E+00   -6.7547E+00    1.8215E+01    2.1800E-04
5.4687E+01  4.6338E-04 2.5226E+02    5.7221E-06    1.4145E-06    7.7640E+00   -6.9908E+00    1.9153E+01    2.1800E-04
5.3582E+01  5.3556E-04 2.5386E+02    5.7442E-06    1.5732E-06    8.1867E+00   -7.2271E+00    2.0119E+01    2.1800E-04
5.2480E+01  6.1820E-04 2.5545E+02    5.7663E-06    1.7597E-06    8.6046E+00   -7.4607E+00    2.1115E+01    2.1800E-04
5.1381E+01  7.1270E-04 2.5703E+02    5.7800E-06    1.9639E-06    8.9584E+00   -7.6788E+00    2.2141E+01    2.1800E-04
5.0286E+01  8.2061E-04 2.5860E+02    5.7900E-06    2.1917E-06    9.2395E+00   -7.8823E+00    2.3199E+01    2.1800E-04
4.9194E+01  9.4367E-04 2.6017E+02    5.7900E-06    2.4436E-06    9.4241E+00   -8.0927E+00    2.4288E+01    2.1800E-04
4.8106E+01  1.0838E-03 2.6178E+02    5.7900E-06    2.7083E-06    9.4766E+00   -8.3906E+00    2.5441E+01    2.1800E-04
4.7021E+01  1.2432E-03 2.6333E+02    5.7800E-06    2.9957E-06    9.4103E+00   -8.6799E+00    2.6593E+01    2.1800E-04
4.5941E+01  1.4242E-03 2.6447E+02    5.7629E-06    3.3153E-06    9.2308E+00   -8.7917E+00    2.7466E+01    2.1800E-04
4.4869E+01  1.6296E-03 2.6495E+02    5.7330E-06    3.6558E-06    8.9147E+00   -8.6599E+00    2.7838E+01    2.1800E-04
4.3806E+01  1.8622E-03 2.6470E+02    5.7005E-06    4.0060E-06    8.4641E+00   -8.3144E+00    2.7644E+01    2.1800E-04
4.2756E+01  2.1253E-03 2.6377E+02    5.6485E-06    4.3520E-06    7.9067E+00   -7.8196E+00    2.6929E+01    2.1800E-04
4.1721E+01  2.4225E-03 2.6226E+02    5.5956E-06    4.6801E-06    7.2866E+00   -7.2472E+00    2.5799E+01    2.1800E-04
4.0704E+01  2.7578E-03 2.6031E+02    5.5328E-06    4.9615E-06    6.6395E+00   -6.6448E+00    2.4388E+01    2.1800E-04
3.9704E+01  3.1356E-03 2.5805E+02    5.4528E-06    5.1977E-06    6.0204E+00   -6.0497E+00    2.2819E+01    2.1800E-04
3.8724E+01  3.5606E-03 2.5557E+02    5.3744E-06    5.3824E-06    5.4545E+00   -5.4872E+00    2.1192E+01    2.1800E-04
3.7763E+01  4.0382E-03 2.5296E+02    5.2870E-06    5.5341E-06    4.9606E+00   -4.9762E+00    1.9570E+01    2.1800E-04
3.6823E+01  4.5740E-03 2.5027E+02    5.2024E-06    5.6470E-06    4.5278E+00   -4.5257E+00    1.7994E+01    2.1800E-04
3.5902E+01  5.1744E-03 2.4752E+02    5.1009E-06    5.7412E-06    4.1535E+00   -4.1311E+00    1.6486E+01    2.1800E-04
3.5000E+01  5.8462E-03 2.4475E+02    5.0050E-06    5.8232E-06    3.8242E+00   -3.7901E+00    1.5060E+01    2.1800E-04
3.4119E+01  6.5970E-03 2.4199E+02    4.9027E-06    5.8769E-06    3.5213E+00   -3.4865E+00    1.3731E+01    2.1800E-04
3.3256E+01  7.4348E-03 2.3928E+02    4.8059E-06    5.9100E-06    3.2404E+00   -3.2076E+00    1.2509E+01    2.1800E-04
3.2413E+01  8.3684E-03 2.3665E+02    4.7047E-06    5.9100E-06    2.9731E+00   -2.9428E+00    1.1404E+01    2.1800E-04
3.1587E+01  9.4074E-03 2.3414E+02    4.6057E-06    5.8679E-06    2.7161E+00   -2.6901E+00    1.0421E+01    2.1800E-04
3.0779E+01  1.0562E-02 2.3181E+02    4.5088E-06    5.7886E-06    2.4708E+00   -2.4795E+00    9.5633E+00    2.1800E-04
2.9988E+01  1.1843E-02 2.2968E+02    4.4040E-06    5.6500E-06    2.2341E+00   -2.2263E+00    8.8258E+00    2.1800E-04
2.9213E+01  1.3264E-02 2.2775E+02    4.3112E-06    5.4678E-06    2.0126E+00   -1.9892E+00    8.1951E+00    2.1800E-04
2.8452E+01  1.4835E-02 2.2601E+02    4.2200E-06    5.2330E-06    1.8070E+00   -1.7705E+00    7.6553E+00    2.1800E-04
2.7706E+01  1.6573E-02 2.2443E+02    4.1306E-06    4.9784E-06    1.6240E+00   -1.5724E+00    7.1895E+00    2.1800E-04
2.6973E+01  1.8490E-02 2.2298E+02    4.0428E-06    4.6853E-06    1.4595E+00   -1.3960E+00    6.7823E+00    2.1800E-04
2.6254E+01  2.0603E-02 2.2164E+02    3.9567E-06    4.3777E-06    1.3156E+00   -1.2417E+00    6.4205E+00    2.1800E-04
2.5547E+01  2.2928E-02 2.2038E+02    3.8720E-06    4.0613E-06    1.1903E+00   -1.1078E+00    6.0934E+00    2.1800E-04
2.4852E+01  2.5484E-02 2.1917E+02    3.7889E-06    3.7434E-06    1.0803E+00   -9.9148E-01    5.7931E+00    2.1800E-04
2.4170E+01  2.8289E-02 2.1801E+02    3.7093E-06    3.4198E-06    9.8116E-01   -8.8970E-01    5.5144E+00    2.1800E-04
2.3500E+01  3.1364E-02 2.1689E+02    3.6369E-06    3.1114E-06    8.9232E-01   -7.9833E-01    5.2542E+00    2.1800E-04
2.2841E+01  3.4728E-02 2.1580E+02    3.5581E-06    2.8102E-06    8.0969E-01   -7.1433E-01    4.9244E+00    2.1800E-04
2.2194E+01  3.8405E-02 2.1475E+02    3.4822E-06    2.5245E-06    7.3251E-01   -6.3652E-01    4.5891E+00    2.1800E-04
2.1558E+01  4.2418E-02 2.1374E+02    3.4145E-06    2.2531E-06    6.5967E-01   -5.6463E-01    4.2865E+00    2.1800E-04
2.0933E+01  4.6792E-02 2.1278E+02    3.3397E-06    2.0039E-06    5.9157E-01   -4.9698E-01    4.0159E+00    2.1800E-04
2.0319E+01  5.1551E-02 2.1189E+02    3.2752E-06    1.7601E-06    5.2627E-01   -4.3581E-01    3.7767E+00    2.1800E-04
1.9715E+01  5.6722E-02 2.1107E+02    3.2151E-06    1.5413E-06    4.6661E-01   -3.7798E-01    3.5679E+00    2.1800E-04
1.9122E+01  6.2334E-02 2.1033E+02    3.1559E-06    1.3330E-06    4.1130E-01   -3.2457E-01    3.3878E+00    2.1800E-04
1.8539E+01  6.8415E-02 2.0967E+02    3.0977E-06    1.1461E-06    3.6200E-01   -2.7403E-01    3.2340E+00    2.1800E-04
1.7965E+01  7.4994E-02 2.0909E+02    3.0405E-06    9.7145E-07    3.1784E-01   -2.2890E-01    3.1035E+00    2.1800E-04
1.7401E+01  8.2102E-02 2.0858E+02    2.9914E-06    8.1695E-07    2.7980E-01   -1.8957E-01    2.9935E+00    2.1800E-04
1.6846E+01  8.9771E-02 2.0815E+02    2.9554E-06    6.7852E-07    2.4716E-01   -1.5865E-01    2.9013E+00    2.1800E-04
1.6300E+01  9.8033E-02 2.0777E+02    2.9136E-06    5.5525E-07    2.1925E-01   -1.3639E-01    2.8247E+00    2.1800E-04
1.5763E+01  1.0692E-01 2.0746E+02    2.8805E-06    4.4865E-07    1.9476E-01   -9.1385E-02    2.7613E+00    2.1800E-04
1.5235E+01  1.1647E-01 2.0721E+02    2.8589E-06    3.5806E-07    1.7418E-01   -8.0777E-02    2.7111E+00    2.1800E-04
1.4715E+01  1.2670E-01 2.0703E+02    2.8293E-06    2.8297E-07    1.5724E-01   -7.5456E-02    2.6760E+00    2.1800E-04
1.4203E+01  1.3767E-01 2.0693E+02    2.8181E-06    2.2143E-07    1.4336E-01   -7.4881E-02    2.6582E+00    2.1800E-04
1.3699E+01  1.4939E-01 2.0695E+02    2.7990E-06    1.7033E-07    1.3187E-01   -7.6263E-02    2.6606E+00    2.1800E-04
1.3202E+01  1.6191E-01 2.0707E+02    2.7891E-06    1.3115E-07    1.2289E-01   -7.6187E-02    2.6846E+00    2.1800E-04
1.2714E+01  1.7526E-01 2.0731E+02    2.7827E-06    1.0460E-07    1.1636E-01   -7.1684E-02    2.7324E+00    2.1800E-04
1.2232E+01  1.8947E-01 2.0769E+02    2.8273E-06    8.6643E-08    1.1213E-01   -6.7489E-02    2.8073E+00    2.1800E-04
1.1757E+01  2.0457E-01 2.0814E+02    3.4670E-06    7.3096E-08    1.1197E-01   -7.5718E-02    2.8995E+00    2.1800E-04
1.1289E+01  2.2060E-01 2.0872E+02    3.9434E-06    6.3068E-08    1.1257E-01   -5.9310E-02    3.0223E+00    2.1800E-04
1.0828E+01  2.3758E-01 2.0935E+02    4.5642E-06    5.7157E-08    1.1293E-01   -4.9125E-02    3.1610E+00    2.1800E-04
1.0372E+01  2.5555E-01 2.1094E+02    5.7064E-06    5.3496E-08    1.1716E-01   -6.4175E-02    3.5343E+00    2.1800E-04
9.9196E+00  2.7453E-01 2.1297E+02    7.5737E-06    5.0700E-08    1.2621E-01   -2.0617E-01    4.0667E+00    2.1800E-04
9.4690E+00  2.9455E-01 2.1734E+02    1.3591E-05    4.8194E-08    1.5375E-01   -5.8754E-01    5.3570E+00    2.1800E-04
9.0176E+00  3.1563E-01 2.2169E+02    2.3782E-05    4.5847E-08    1.9463E-01   -9.9038E-01    6.4349E+00    2.1800E-04
8.5657E+00  3.3780E-01 2.2602E+02    4.0565E-05    4.3586E-08    2.4797E-01   -1.3927E+00    7.6595E+00    2.1800E-04
8.1137E+00  3.6106E-01 2.3030E+02    6.7422E-05    4.1326E-08    3.1122E-01   -1.7507E+00    9.0344E+00    2.1800E-04
7.6621E+00  3.8544E-01 2.3450E+02    1.0911E-04    3.9087E-08    3.7901E-01   -2.0199E+00    1.0558E+01    2.1800E-04
7.2113E+00  4.1095E-01 2.3861E+02    1.7179E-04    3.6934E-08    4.4956E-01   -2.1993E+00    1.2223E+01    2.1800E-04
6.7619E+00  4.3760E-01 2.4260E+02    2.6288E-04    3.4868E-08    5.2599E-01   -2.3131E+00    1.4015E+01    2.1800E-04
6.3144E+00  4.6539E-01 2.4644E+02    3.9084E-04    3.2801E-08    6.0242E-01   -2.3496E+00    1.5916E+01    2.1800E-04
5.8693E+00  4.9431E-01 2.5011E+02    5.6455E-04    3.0746E-08    6.6468E-01   -2.3462E+00    1.7903E+01    2.1800E-04
5.4273E+00  5.2438E-01 2.5359E+02    7.9278E-04    2.8772E-08    7.0798E-01   -2.3214E+00    1.9954E+01    2.1800E-04
4.9890E+00  5.5557E-01 2.5689E+02    1.0836E-03    2.6893E-08    7.3948E-01   -2.2987E+00    2.2047E+01    2.1800E-04
4.5548E+00  5.8787E-01 2.5999E+02    1.4441E-03    2.5067E-08    7.6498E-01   -2.2480E+00    2.4161E+01    2.1800E-04
4.1254E+00  6.2127E-01 2.6291E+02    1.8802E-03    2.3292E-08    7.8348E-01   -2.1814E+00    2.6281E+01    2.1800E-04
3.7012E+00  6.5574E-01 2.6565E+02    2.3965E-03    2.1623E-08    7.9230E-01   -2.1102E+00    2.8394E+01    2.1800E-04
3.2827E+00  6.9126E-01 2.6823E+02    2.9967E-03    2.0118E-08    7.9223E-01   -2.0067E+00    3.0491E+01    2.1800E-04
2.8703E+00  7.2777E-01 2.7066E+02    3.6833E-03    1.8699E-08    7.8642E-01   -1.8464E+00    3.2566E+01    2.1800E-04
2.4645E+00  7.6525E-01 2.7294E+02    4.4580E-03    1.7431E-08    7.7757E-01   -1.6986E+00    3.4614E+01    2.1800E-04
2.0654E+00  8.0365E-01 2.7533E+02    5.3980E-03    1.6310E-08    7.7153E-01   -1.6148E+00    3.6864E+01    2.1800E-04
1.6731E+00  8.4291E-01 2.7760E+02    6.2881E-03    1.5327E-08    7.4881E-01   -1.5267E+00    3.9094E+01    2.1800E-04
1.2881E+00  8.8297E-01 2.7978E+02    7.3726E-03    1.4482E-08    7.3549E-01   -1.5363E+00    4.1327E+01    2.1800E-04
9.1057E-01  9.2377E-01 2.8184E+02    8.4750E-03    1.3783E-08    7.2199E-01   -1.6063E+00    4.3531E+01    2.1800E-04
5.4082E-01  9.6524E-01 2.8382E+02    9.6543E-03    1.3246E-08    7.1922E-01   -1.8109E+00    4.5725E+01    2.1800E-04
1.7912E-01  1.0073E+00 2.8569E+02    1.1004E-02    1.2817E-08    7.3779E-01   -2.0592E+00    4.7888E+01    2.1800E-04
0.0000E+00  1.0287E+00 2.8663E+02    1.1681E-02    1.2900E-08    7.8986E+00   -3.5024E+00    4.9000E+01    2.1800E-04
