     ALT          P          T          FH2O           O3           THEAT        TCOOL        PSATCO2        FCO2
7.3826E+01  3.2610E-05 2.2419E+02    4.7650E-06    1.0134E-07    3.6933E+01   -7.2157E+01    7.1215E+00    2.1700E-04
7.2692E+01  3.8506E-05 2.2558E+02    4.9707E-06    1.3071E-07    5.2486E+00   -4.6504E+01    7.5267E+00    2.1700E-04
7.1560E+01  4.5410E-05 2.2703E+02    5.1606E-06    1.6769E-07    2.6618E+00   -2.9297E+01    7.9684E+00    2.1700E-04
7.0430E+01  5.3485E-05 2.2855E+02    5.3251E-06    2.1068E-07    2.6032E+00   -1.8430E+01    8.4520E+00    2.1700E-04
6.9301E+01  6.2917E-05 2.3013E+02    5.4742E-06    2.5789E-07    2.8045E+00   -1.2066E+01    8.9784E+00    2.1700E-04
6.8173E+01  7.3919E-05 2.3177E+02    5.6079E-06    3.0539E-07    3.0263E+00   -8.5973E+00    9.5465E+00    2.1700E-04
6.7047E+01  8.6735E-05 2.3344E+02    5.7206E-06    3.5530E-07    3.2602E+00   -6.8238E+00    1.0155E+01    2.1700E-04
6.5922E+01  1.0165E-04 2.3513E+02    5.8265E-06    4.0940E-07    3.5163E+00   -5.9915E+00    1.0800E+01    2.1700E-04
6.4798E+01  1.1897E-04 2.3684E+02    5.9164E-06    4.6854E-07    3.8106E+00   -5.6638E+00    1.1481E+01    2.1700E-04
6.3675E+01  1.3907E-04 2.3855E+02    6.0047E-06    5.3489E-07    4.1411E+00   -5.5953E+00    1.2194E+01    2.1700E-04
6.2554E+01  1.6236E-04 2.4025E+02    6.0820E-06    6.0874E-07    4.5067E+00   -5.6523E+00    1.2937E+01    2.1700E-04
6.1435E+01  1.8931E-04 2.4194E+02    6.1492E-06    6.9104E-07    4.9071E+00   -5.7729E+00    1.3708E+01    2.1700E-04
6.0317E+01  2.2046E-04 2.4362E+02    6.2062E-06    7.8162E-07    5.3349E+00   -5.9294E+00    1.4505E+01    2.1700E-04
5.9201E+01  2.5641E-04 2.4529E+02    6.2621E-06    8.7990E-07    5.7800E+00   -6.1128E+00    1.5328E+01    2.1700E-04
5.8088E+01  2.9785E-04 2.4694E+02    6.3067E-06    9.8778E-07    6.2411E+00   -6.3126E+00    1.6177E+01    2.1700E-04
5.6977E+01  3.4555E-04 2.4857E+02    6.3456E-06    1.1076E-06    6.7147E+00   -6.5271E+00    1.7051E+01    2.1700E-04
5.5868E+01  4.0039E-04 2.5019E+02    6.3855E-06    1.2362E-06    7.1797E+00   -6.7504E+00    1.7952E+01    2.1700E-04
5.4763E+01  4.6334E-04 2.5180E+02    6.4197E-06    1.3890E-06    7.6719E+00   -6.9630E+00    1.8880E+01    2.1700E-04
5.3660E+01  5.3551E-04 2.5340E+02    6.4419E-06    1.5451E-06    8.0959E+00   -7.1700E+00    1.9837E+01    2.1700E-04
5.2560E+01  6.1814E-04 2.5499E+02    6.4639E-06    1.7248E-06    8.5025E+00   -7.3754E+00    2.0822E+01    2.1700E-04
5.1464E+01  7.1263E-04 2.5657E+02    6.4800E-06    1.9322E-06    8.8802E+00   -7.5732E+00    2.1837E+01    2.1700E-04
5.0371E+01  8.2052E-04 2.5814E+02    6.4977E-06    2.1568E-06    9.1670E+00   -7.7579E+00    2.2882E+01    2.1700E-04
4.9281E+01  9.4356E-04 2.5970E+02    6.5000E-06    2.4046E-06    9.3578E+00   -7.9422E+00    2.3959E+01    2.1700E-04
4.8195E+01  1.0837E-03 2.6128E+02    6.5000E-06    2.6758E-06    9.4443E+00   -8.2283E+00    2.5084E+01    2.1700E-04
4.7113E+01  1.2430E-03 2.6289E+02    6.4971E-06    2.9670E-06    9.3995E+00   -8.5459E+00    2.6262E+01    2.1700E-04
4.6035E+01  1.4240E-03 2.6414E+02    6.4800E-06    3.2760E-06    9.2091E+00   -8.7002E+00    2.7210E+01    2.1700E-04
4.4964E+01  1.6294E-03 2.6473E+02    6.4541E-06    3.6132E-06    8.8982E+00   -8.6107E+00    2.7666E+01    2.1700E-04
4.3902E+01  1.8619E-03 2.6458E+02    6.4258E-06    3.9602E-06    8.4549E+00   -8.2964E+00    2.7548E+01    2.1700E-04
4.2853E+01  2.1250E-03 2.6372E+02    6.3838E-06    4.3092E-06    7.9092E+00   -7.8235E+00    2.6893E+01    2.1700E-04
4.1819E+01  2.4221E-03 2.6227E+02    6.3236E-06    4.6316E-06    7.2877E+00   -7.2603E+00    2.5806E+01    2.1700E-04
4.0801E+01  2.7574E-03 2.6036E+02    6.2626E-06    4.9188E-06    6.6481E+00   -6.6660E+00    2.4424E+01    2.1700E-04
3.9802E+01  3.1351E-03 2.5813E+02    6.1934E-06    5.1604E-06    6.0324E+00   -6.0766E+00    2.2876E+01    2.1700E-04
3.8821E+01  3.5600E-03 2.5568E+02    6.1150E-06    5.3486E-06    5.4661E+00   -5.5163E+00    2.1261E+01    2.1700E-04
3.7860E+01  4.0375E-03 2.5309E+02    6.0302E-06    5.5056E-06    4.9721E+00   -5.0063E+00    1.9649E+01    2.1700E-04
3.6919E+01  4.5732E-03 2.5042E+02    5.9460E-06    5.6206E-06    4.5373E+00   -4.5555E+00    1.8079E+01    2.1700E-04
3.5998E+01  5.1735E-03 2.4769E+02    5.8487E-06    5.7160E-06    4.1609E+00   -4.1611E+00    1.6577E+01    2.1700E-04
3.5096E+01  5.8452E-03 2.4495E+02    5.7505E-06    5.7929E-06    3.8279E+00   -3.8198E+00    1.5158E+01    2.1700E-04
3.4214E+01  6.5958E-03 2.4222E+02    5.6547E-06    5.8518E-06    3.5263E+00   -3.5182E+00    1.3836E+01    2.1700E-04
3.3351E+01  7.4334E-03 2.3954E+02    5.5511E-06    5.8863E-06    3.2454E+00   -3.2410E+00    1.2622E+01    2.1700E-04
3.2507E+01  8.3668E-03 2.3695E+02    5.4497E-06    5.8850E-06    2.9773E+00   -2.9782E+00    1.1526E+01    2.1700E-04
3.1681E+01  9.4056E-03 2.3449E+02    5.3506E-06    5.8438E-06    2.7198E+00   -2.7281E+00    1.0554E+01    2.1700E-04
3.0872E+01  1.0560E-02 2.3222E+02    5.2535E-06    5.7558E-06    2.4721E+00   -2.5191E+00    9.7074E+00    2.1700E-04
3.0079E+01  1.1841E-02 2.3014E+02    5.1584E-06    5.6203E-06    2.2362E+00   -2.2698E+00    8.9823E+00    2.1700E-04
2.9302E+01  1.3261E-02 2.2828E+02    5.0652E-06    5.4404E-06    2.0152E+00   -2.0363E+00    8.3651E+00    2.1700E-04
2.8540E+01  1.4832E-02 2.2661E+02    4.9737E-06    5.2096E-06    1.8100E+00   -1.8211E+00    7.8394E+00    2.1700E-04
2.7792E+01  1.6569E-02 2.2511E+02    4.8840E-06    4.9520E-06    1.6259E+00   -1.6267E+00    7.3884E+00    2.1700E-04
2.7057E+01  1.8486E-02 2.2375E+02    4.7917E-06    4.6545E-06    1.4602E+00   -1.4540E+00    6.9964E+00    2.1700E-04
2.6335E+01  2.0598E-02 2.2250E+02    4.6992E-06    4.3518E-06    1.3167E+00   -1.3030E+00    6.6498E+00    2.1700E-04
2.5626E+01  2.2923E-02 2.2133E+02    4.6141E-06    4.0307E-06    1.1903E+00   -1.1730E+00    6.3377E+00    2.1700E-04
2.4928E+01  2.5478E-02 2.2021E+02    4.5370E-06    3.7169E-06    1.0810E+00   -1.0608E+00    6.0518E+00    2.1700E-04
2.4243E+01  2.8283E-02 2.1915E+02    4.4582E-06    3.4030E-06    9.8330E-01   -9.6191E-01    5.7862E+00    2.1700E-04
2.3569E+01  3.1356E-02 2.1811E+02    4.3773E-06    3.0914E-06    8.9382E-01   -8.7291E-01    5.5376E+00    2.1700E-04
2.2906E+01  3.4720E-02 2.1711E+02    4.2979E-06    2.7940E-06    8.1157E-01   -7.9078E-01    5.3039E+00    2.1700E-04
2.2255E+01  3.8396E-02 2.1613E+02    4.2199E-06    2.5095E-06    7.3445E-01   -7.1424E-01    5.0354E+00    2.1700E-04
2.1615E+01  4.2408E-02 2.1520E+02    4.1458E-06    2.2418E-06    6.6190E-01   -6.4263E-01    4.7302E+00    2.1700E-04
2.0986E+01  4.6780E-02 2.1430E+02    4.0775E-06    1.9897E-06    5.9330E-01   -5.7592E-01    4.4545E+00    2.1700E-04
2.0368E+01  5.1538E-02 2.1347E+02    4.0034E-06    1.7510E-06    5.2849E-01   -5.1352E-01    4.2083E+00    2.1700E-04
1.9760E+01  5.6708E-02 2.1269E+02    3.9405E-06    1.5316E-06    4.6866E-01   -4.5479E-01    3.9912E+00    2.1700E-04
1.9163E+01  6.2318E-02 2.1199E+02    3.8788E-06    1.3268E-06    4.1361E-01   -3.9951E-01    3.8020E+00    2.1700E-04
1.8575E+01  6.8397E-02 2.1135E+02    3.8119E-06    1.1337E-06    3.6337E-01   -3.4818E-01    3.6390E+00    2.1700E-04
1.7997E+01  7.4974E-02 2.1079E+02    3.7594E-06    9.6484E-07    3.1993E-01   -3.0011E-01    3.4993E+00    2.1700E-04
1.7428E+01  8.2081E-02 2.1030E+02    3.7139E-06    8.1206E-07    2.8218E-01   -2.5781E-01    3.3802E+00    2.1700E-04
1.6869E+01  8.9747E-02 2.0987E+02    3.6692E-06    6.7494E-07    2.4966E-01   -2.2307E-01    3.2788E+00    2.1700E-04
1.6319E+01  9.8006E-02 2.0949E+02    3.6252E-06    5.5231E-07    2.2183E-01   -1.9727E-01    3.1930E+00    2.1700E-04
1.5777E+01  1.0689E-01 2.0917E+02    3.5915E-06    4.4636E-07    1.9742E-01   -1.5050E-01    3.1202E+00    2.1700E-04
1.5245E+01  1.1643E-01 2.0889E+02    3.5597E-06    3.5679E-07    1.7686E-01   -1.3454E-01    3.0598E+00    2.1700E-04
1.4721E+01  1.2667E-01 2.0868E+02    3.5387E-06    2.8183E-07    1.5990E-01   -1.2489E-01    3.0133E+00    2.1700E-04
1.4205E+01  1.3763E-01 2.0853E+02    3.5191E-06    2.2069E-07    1.4601E-01   -1.1894E-01    2.9830E+00    2.1700E-04
1.3697E+01  1.4935E-01 2.0849E+02    3.5078E-06    1.6992E-07    1.3454E-01   -1.1697E-01    2.9743E+00    2.1700E-04
1.3197E+01  1.6187E-01 2.0857E+02    3.4889E-06    1.2971E-07    1.2533E-01   -1.1518E-01    2.9896E+00    2.1700E-04
1.2705E+01  1.7521E-01 2.0876E+02    3.4809E-06    1.0324E-07    1.1874E-01   -1.0944E-01    3.0315E+00    2.1700E-04
1.2221E+01  1.8941E-01 2.0906E+02    3.5030E-06    8.5992E-08    1.1446E-01   -1.0094E-01    3.0966E+00    2.1700E-04
1.1743E+01  2.0451E-01 2.0950E+02    4.2141E-06    7.2448E-08    1.1424E-01   -1.1324E-01    3.1946E+00    2.1700E-04
1.1272E+01  2.2053E-01 2.0999E+02    4.9548E-06    6.2448E-08    1.1417E-01   -1.0556E-01    3.3072E+00    2.1700E-04
1.0808E+01  2.3751E-01 2.1062E+02    5.4258E-06    5.6767E-08    1.1537E-01   -9.3080E-02    3.4562E+00    2.1700E-04
1.0350E+01  2.5547E-01 2.1162E+02    6.2670E-06    5.3211E-08    1.1742E-01   -4.0937E-02    3.7054E+00    2.1700E-04
9.8975E+00  2.7445E-01 2.1276E+02    7.3659E-06    5.0448E-08    1.2209E-01   -1.1060E-01    4.0091E+00    2.1700E-04
9.4479E+00  2.9446E-01 2.1677E+02    1.2635E-05    4.8021E-08    1.4524E-01   -4.5649E-01    5.2283E+00    2.1700E-04
8.9977E+00  3.1554E-01 2.2112E+02    2.2139E-05    4.5730E-08    1.8342E-01   -8.6174E-01    6.2838E+00    2.1700E-04
8.5471E+00  3.3769E-01 2.2544E+02    3.7833E-05    4.3476E-08    2.3488E-01   -1.2775E+00    7.4852E+00    2.1700E-04
8.0965E+00  3.6095E-01 2.2971E+02    6.3019E-05    4.1255E-08    2.9713E-01   -1.6563E+00    8.8360E+00    2.1700E-04
7.6461E+00  3.8532E-01 2.3392E+02    1.0224E-04    3.9095E-08    3.6485E-01   -1.9490E+00    1.0335E+01    2.1700E-04
7.1966E+00  4.1082E-01 2.3803E+02    1.6139E-04    3.6953E-08    4.3543E-01   -2.1465E+00    1.1976E+01    2.1700E-04
6.7484E+00  4.3746E-01 2.4203E+02    2.4772E-04    3.4898E-08    5.1161E-01   -2.2751E+00    1.3746E+01    2.1700E-04
6.3021E+00  4.6524E-01 2.4588E+02    3.6950E-04    3.2837E-08    5.8901E-01   -2.3238E+00    1.5628E+01    2.1700E-04
5.8582E+00  4.9415E-01 2.4957E+02    5.3556E-04    3.0867E-08    6.5378E-01   -2.3262E+00    1.7600E+01    2.1700E-04
5.4173E+00  5.2421E-01 2.5307E+02    7.5470E-04    2.8921E-08    6.9946E-01   -2.3054E+00    1.9639E+01    2.1700E-04
4.9799E+00  5.5539E-01 2.5639E+02    1.0351E-03    2.7049E-08    7.3230E-01   -2.2858E+00    2.1722E+01    2.1700E-04
4.5467E+00  5.8768E-01 2.5952E+02    1.3840E-03    2.5228E-08    7.5877E-01   -2.2405E+00    2.3830E+01    2.1700E-04
4.1182E+00  6.2107E-01 2.6246E+02    1.8074E-03    2.3458E-08    7.7856E-01   -2.1759E+00    2.5947E+01    2.1700E-04
3.6949E+00  6.5553E-01 2.6523E+02    2.3102E-03    2.1796E-08    7.8889E-01   -2.1077E+00    2.8058E+01    2.1700E-04
3.2772E+00  6.9102E-01 2.6783E+02    2.8961E-03    2.0295E-08    7.9005E-01   -2.0111E+00    3.0155E+01    2.1700E-04
2.8656E+00  7.2753E-01 2.7027E+02    3.5679E-03    1.8881E-08    7.8513E-01   -1.8587E+00    3.2231E+01    2.1700E-04
2.4605E+00  7.6499E-01 2.7257E+02    4.3271E-03    1.7617E-08    7.7712E-01   -1.7106E+00    3.4279E+01    2.1700E-04
2.0620E+00  8.0337E-01 2.7496E+02    5.2542E-03    1.6500E-08    7.7254E-01   -1.6220E+00    3.6505E+01    2.1700E-04
1.6705E+00  8.4262E-01 2.7724E+02    6.1494E-03    1.5520E-08    7.5182E-01   -1.5325E+00    3.8732E+01    2.1700E-04
1.2861E+00  8.8267E-01 2.7943E+02    7.1900E-03    1.4677E-08    7.3646E-01   -1.5284E+00    4.0963E+01    2.1700E-04
9.0915E-01  9.2345E-01 2.8150E+02    8.2987E-03    1.3980E-08    7.2399E-01   -1.5955E+00    4.3165E+01    2.1700E-04
5.3999E-01  9.6491E-01 2.8348E+02    9.4213E-03    1.3402E-08    7.1851E-01   -1.7858E+00    4.5352E+01    2.1700E-04
1.7885E-01  1.0070E+00 2.8537E+02    1.0779E-02    1.2903E-08    7.3837E-01   -2.0387E+00    4.7513E+01    2.1700E-04
0.0000E+00  1.0283E+00 2.8632E+02    1.1459E-02    1.3000E-08    7.9109E+00   -3.5271E+00    4.8624E+01    2.1700E-04
