     ALT          P          T          FH2O           O3           THEAT        TCOOL        PSATCO2        FCO2
7.3802E+01  3.2610E-05 2.2388E+02    5.1381E-06    9.8720E-08    3.6882E+01   -7.1702E+01    7.0337E+00    2.1600E-04
7.2670E+01  3.8505E-05 2.2526E+02    5.3541E-06    1.2725E-07    5.2593E+00   -4.6417E+01    7.4340E+00    2.1600E-04
7.1540E+01  4.5410E-05 2.2671E+02    5.5533E-06    1.6329E-07    2.6467E+00   -2.9396E+01    7.8707E+00    2.1600E-04
7.0411E+01  5.3485E-05 2.2823E+02    5.7339E-06    2.0629E-07    2.5829E+00   -1.8639E+01    8.3490E+00    2.1600E-04
6.9284E+01  6.2917E-05 2.2981E+02    5.8951E-06    2.5154E-07    2.7748E+00   -1.2299E+01    8.8698E+00    2.1600E-04
6.8158E+01  7.3918E-05 2.3144E+02    6.0308E-06    2.9870E-07    2.9941E+00   -8.8186E+00    9.4320E+00    2.1600E-04
6.7034E+01  8.6734E-05 2.3311E+02    6.1615E-06    3.4772E-07    3.2239E+00   -7.0321E+00    1.0034E+01    2.1600E-04
6.5910E+01  1.0164E-04 2.3480E+02    6.2738E-06    4.0077E-07    3.4753E+00   -6.1796E+00    1.0673E+01    2.1600E-04
6.4788E+01  1.1897E-04 2.3651E+02    6.3669E-06    4.5984E-07    3.7688E+00   -5.8271E+00    1.1348E+01    2.1600E-04
6.3667E+01  1.3907E-04 2.3822E+02    6.4565E-06    5.2497E-07    4.0936E+00   -5.7337E+00    1.2054E+01    2.1600E-04
6.2548E+01  1.6236E-04 2.3992E+02    6.5421E-06    5.9787E-07    4.4548E+00   -5.7708E+00    1.2791E+01    2.1600E-04
6.1430E+01  1.8931E-04 2.4161E+02    6.6092E-06    6.7903E-07    4.8502E+00   -5.8674E+00    1.3555E+01    2.1600E-04
6.0314E+01  2.2046E-04 2.4329E+02    6.6761E-06    7.6859E-07    5.2746E+00   -6.0042E+00    1.4346E+01    2.1600E-04
5.9200E+01  2.5641E-04 2.4496E+02    6.7320E-06    8.6655E-07    5.7200E+00   -6.1642E+00    1.5163E+01    2.1600E-04
5.8088E+01  2.9785E-04 2.4661E+02    6.7865E-06    9.7381E-07    6.1807E+00   -6.3446E+00    1.6005E+01    2.1600E-04
5.6978E+01  3.4554E-04 2.4824E+02    6.8308E-06    1.0921E-06    6.6534E+00   -6.5384E+00    1.6873E+01    2.1600E-04
5.5871E+01  4.0037E-04 2.4986E+02    6.8676E-06    1.2251E-06    7.1360E+00   -6.7430E+00    1.7767E+01    2.1600E-04
5.4767E+01  4.6332E-04 2.5147E+02    6.8996E-06    1.3675E-06    7.5925E+00   -6.9329E+00    1.8687E+01    2.1600E-04
5.3666E+01  5.3549E-04 2.5307E+02    6.9317E-06    1.5231E-06    8.0214E+00   -7.1249E+00    1.9636E+01    2.1600E-04
5.2568E+01  6.1812E-04 2.5466E+02    6.9536E-06    1.7087E-06    8.4563E+00   -7.3173E+00    2.0613E+01    2.1600E-04
5.1473E+01  7.1260E-04 2.5623E+02    6.9755E-06    1.9093E-06    8.8235E+00   -7.5004E+00    2.1620E+01    2.1600E-04
5.0381E+01  8.2049E-04 2.5780E+02    6.9900E-06    2.1405E-06    9.1395E+00   -7.6758E+00    2.2657E+01    2.1600E-04
4.9293E+01  9.4352E-04 2.5937E+02    7.0000E-06    2.3893E-06    9.3429E+00   -7.8484E+00    2.3724E+01    2.1600E-04
4.8209E+01  1.0836E-03 2.6093E+02    7.0000E-06    2.6604E-06    9.4335E+00   -8.1267E+00    2.4831E+01    2.1600E-04
4.7128E+01  1.2430E-03 2.6256E+02    7.0000E-06    2.9435E-06    9.3761E+00   -8.4584E+00    2.6021E+01    2.1600E-04
4.6052E+01  1.4240E-03 2.6387E+02    6.9860E-06    3.2525E-06    9.1938E+00   -8.6426E+00    2.7009E+01    2.1600E-04
4.4982E+01  1.6293E-03 2.6453E+02    6.9646E-06    3.5903E-06    8.8927E+00   -8.5814E+00    2.7511E+01    2.1600E-04
4.3921E+01  1.8618E-03 2.6443E+02    6.9334E-06    3.9412E-06    8.4611E+00   -8.2872E+00    2.7434E+01    2.1600E-04
4.2872E+01  2.1249E-03 2.6361E+02    6.8949E-06    4.2904E-06    7.9183E+00   -7.8263E+00    2.6809E+01    2.1600E-04
4.1838E+01  2.4220E-03 2.6219E+02    6.8435E-06    4.6133E-06    7.2981E+00   -7.2703E+00    2.5743E+01    2.1600E-04
4.0821E+01  2.7572E-03 2.6029E+02    6.7756E-06    4.9099E-06    6.6657E+00   -6.6797E+00    2.4373E+01    2.1600E-04
3.9822E+01  3.1349E-03 2.5806E+02    6.7057E-06    5.1526E-06    6.0473E+00   -6.0907E+00    2.2829E+01    2.1600E-04
3.8842E+01  3.5599E-03 2.5561E+02    6.6373E-06    5.3434E-06    5.4789E+00   -5.5310E+00    2.1217E+01    2.1600E-04
3.7882E+01  4.0373E-03 2.5302E+02    6.5505E-06    5.5015E-06    4.9829E+00   -5.0202E+00    1.9605E+01    2.1600E-04
3.6941E+01  4.5730E-03 2.5034E+02    6.4590E-06    5.6271E-06    4.5511E+00   -4.5690E+00    1.8035E+01    2.1600E-04
3.6020E+01  5.1732E-03 2.4761E+02    6.3669E-06    5.7230E-06    4.1724E+00   -4.1733E+00    1.6532E+01    2.1600E-04
3.5119E+01  5.8449E-03 2.4486E+02    6.2741E-06    5.8005E-06    3.8376E+00   -3.8312E+00    1.5114E+01    2.1600E-04
3.4237E+01  6.5954E-03 2.4213E+02    6.1784E-06    5.8608E-06    3.5351E+00   -3.5290E+00    1.3793E+01    2.1600E-04
3.3374E+01  7.4329E-03 2.3945E+02    6.0748E-06    5.8975E-06    3.2536E+00   -3.2518E+00    1.2582E+01    2.1600E-04
3.2531E+01  8.3663E-03 2.3686E+02    5.9735E-06    5.8956E-06    2.9846E+00   -2.9894E+00    1.1489E+01    2.1600E-04
3.1705E+01  9.4050E-03 2.3440E+02    5.8745E-06    5.8654E-06    2.7296E+00   -2.7402E+00    1.0520E+01    2.1600E-04
3.0896E+01  1.0559E-02 2.3213E+02    5.7774E-06    5.7774E-06    2.4809E+00   -2.5309E+00    9.6782E+00    2.1600E-04
3.0104E+01  1.1840E-02 2.3007E+02    5.6823E-06    5.6405E-06    2.2438E+00   -2.2818E+00    8.9576E+00    2.1600E-04
2.9327E+01  1.3260E-02 2.2822E+02    5.5807E-06    5.4597E-06    2.0219E+00   -2.0481E+00    8.3452E+00    2.1600E-04
2.8565E+01  1.4831E-02 2.2656E+02    5.4877E-06    5.2301E-06    1.8166E+00   -1.8332E+00    7.8244E+00    2.1600E-04
2.7817E+01  1.6568E-02 2.2508E+02    5.3980E-06    4.9736E-06    1.6324E+00   -1.6391E+00    7.3784E+00    2.1600E-04
2.7083E+01  1.8484E-02 2.2373E+02    5.3098E-06    4.6784E-06    1.4667E+00   -1.4670E+00    6.9915E+00    2.1600E-04
2.6361E+01  2.0597E-02 2.2250E+02    5.2232E-06    4.3675E-06    1.3217E+00   -1.3169E+00    6.6501E+00    2.1600E-04
2.5651E+01  2.2921E-02 2.2135E+02    5.1380E-06    4.0532E-06    1.1962E+00   -1.1871E+00    6.3432E+00    2.1600E-04
2.4954E+01  2.5476E-02 2.2026E+02    5.0543E-06    3.7318E-06    1.0853E+00   -1.0750E+00    6.0625E+00    2.1600E-04
2.4268E+01  2.8281E-02 2.1921E+02    4.9721E-06    3.4082E-06    9.8592E-01   -9.7690E-01    5.8022E+00    2.1600E-04
2.3594E+01  3.1354E-02 2.1820E+02    4.8911E-06    3.0995E-06    8.9691E-01   -8.8858E-01    5.5589E+00    2.1600E-04
2.2932E+01  3.4717E-02 2.1722E+02    4.8116E-06    2.8011E-06    8.1460E-01   -8.0744E-01    5.3307E+00    2.1600E-04
2.2280E+01  3.8393E-02 2.1628E+02    4.7335E-06    2.5125E-06    7.3691E-01   -7.3223E-01    5.0842E+00    2.1600E-04
2.1640E+01  4.2405E-02 2.1537E+02    4.6589E-06    2.2440E-06    6.6429E-01   -6.6195E-01    4.7864E+00    2.1600E-04
2.1010E+01  4.6776E-02 2.1451E+02    4.5910E-06    1.9913E-06    5.9568E-01   -5.9680E-01    4.5182E+00    2.1600E-04
2.0391E+01  5.1534E-02 2.1371E+02    4.5168E-06    1.7514E-06    5.3084E-01   -5.3598E-01    4.2797E+00    2.1600E-04
1.9783E+01  5.6703E-02 2.1298E+02    4.4532E-06    1.5404E-06    4.7214E-01   -4.7746E-01    4.0704E+00    2.1600E-04
1.9184E+01  6.2313E-02 2.1232E+02    4.3833E-06    1.3275E-06    4.1606E-01   -4.2430E-01    3.8892E+00    2.1600E-04
1.8596E+01  6.8391E-02 2.1173E+02    4.3244E-06    1.1413E-06    3.6667E-01   -3.7323E-01    3.7344E+00    2.1600E-04
1.8017E+01  7.4968E-02 2.1121E+02    4.2712E-06    9.6989E-07    3.2288E-01   -3.2635E-01    3.6032E+00    2.1600E-04
1.7447E+01  8.2073E-02 2.1077E+02    4.2195E-06    8.1524E-07    2.8474E-01   -2.8481E-01    3.4927E+00    2.1600E-04
1.6886E+01  8.9739E-02 2.1038E+02    4.1708E-06    6.7756E-07    2.5205E-01   -2.5037E-01    3.4001E+00    2.1600E-04
1.6335E+01  9.7997E-02 2.1006E+02    4.1350E-06    5.5495E-07    2.2421E-01   -2.2489E-01    3.3231E+00    2.1600E-04
1.5792E+01  1.0688E-01 2.0978E+02    4.0933E-06    4.4829E-07    1.9960E-01   -1.7843E-01    3.2590E+00    2.1600E-04
1.5258E+01  1.1642E-01 2.0955E+02    4.0703E-06    3.5806E-07    1.7894E-01   -1.6228E-01    3.2069E+00    2.1600E-04
1.4732E+01  1.2666E-01 2.0938E+02    4.0393E-06    2.8349E-07    1.6195E-01   -1.5123E-01    3.1682E+00    2.1600E-04
1.4215E+01  1.3762E-01 2.0928E+02    4.0193E-06    2.2186E-07    1.4796E-01   -1.4505E-01    3.1461E+00    2.1600E-04
1.3705E+01  1.4934E-01 2.0928E+02    4.0082E-06    1.7069E-07    1.3640E-01   -1.4262E-01    3.1445E+00    2.1600E-04
1.3204E+01  1.6185E-01 2.0937E+02    3.9900E-06    1.3008E-07    1.2713E-01   -1.4033E-01    3.1666E+00    2.1600E-04
1.2710E+01  1.7519E-01 2.0959E+02    3.9892E-06    1.0339E-07    1.2051E-01   -1.3457E-01    3.2146E+00    2.1600E-04
1.2223E+01  1.8939E-01 2.0992E+02    3.9924E-06    8.6042E-08    1.1590E-01   -1.2579E-01    3.2908E+00    2.1600E-04
1.1743E+01  2.0449E-01 2.1033E+02    4.2201E-06    7.2437E-08    1.1349E-01   -1.2059E-01    3.3876E+00    2.1600E-04
1.1270E+01  2.2051E-01 2.1085E+02    5.1183E-06    6.2397E-08    1.1479E-01   -1.2807E-01    3.5127E+00    2.1600E-04
1.0805E+01  2.3748E-01 2.1140E+02    6.0643E-06    5.6713E-08    1.1598E-01   -1.0133E-01    3.6514E+00    2.1600E-04
1.0345E+01  2.5545E-01 2.1207E+02    6.6721E-06    5.3167E-08    1.1831E-01   -6.2128E-02    3.8246E+00    2.1600E-04
9.8919E+00  2.7442E-01 2.1344E+02    8.0799E-06    5.0406E-08    1.2373E-01   -1.1901E-01    4.2012E+00    2.1600E-04
9.4417E+00  2.9443E-01 2.1662E+02    1.2383E-05    4.7980E-08    1.4213E-01   -3.8418E-01    5.1933E+00    2.1600E-04
8.9920E+00  3.1550E-01 2.2096E+02    2.1709E-05    4.5692E-08    1.7883E-01   -7.9789E-01    6.2431E+00    2.1600E-04
8.5417E+00  3.3766E-01 2.2528E+02    3.7118E-05    4.3484E-08    2.2959E-01   -1.2220E+00    7.4382E+00    2.1600E-04
8.0914E+00  3.6091E-01 2.2955E+02    6.1862E-05    4.1290E-08    2.9157E-01   -1.6123E+00    8.7823E+00    2.1600E-04
7.6414E+00  3.8528E-01 2.3376E+02    1.0042E-04    3.9066E-08    3.5943E-01   -1.9170E+00    1.0275E+01    2.1600E-04
7.1923E+00  4.1078E-01 2.3787E+02    1.5864E-04    3.6927E-08    4.3034E-01   -2.1242E+00    1.1909E+01    2.1600E-04
6.7444E+00  4.3741E-01 2.4187E+02    2.4368E-04    3.4875E-08    5.0677E-01   -2.2599E+00    1.3673E+01    2.1600E-04
6.2985E+00  4.6518E-01 2.4572E+02    3.6378E-04    3.2907E-08    5.8463E-01   -2.3138E+00    1.5549E+01    2.1600E-04
5.8549E+00  4.9410E-01 2.4942E+02    5.2776E-04    3.0868E-08    6.5021E-01   -2.3188E+00    1.7516E+01    2.1600E-04
5.4143E+00  5.2415E-01 2.5293E+02    7.4440E-04    2.8973E-08    6.9671E-01   -2.2999E+00    1.9551E+01    2.1600E-04
4.9772E+00  5.5532E-01 2.5625E+02    1.0219E-03    2.7134E-08    7.3005E-01   -2.2815E+00    2.1632E+01    2.1600E-04
4.5443E+00  5.8761E-01 2.5939E+02    1.3677E-03    2.5315E-08    7.5687E-01   -2.2380E+00    2.3739E+01    2.1600E-04
4.1161E+00  6.2100E-01 2.6234E+02    1.7876E-03    2.3547E-08    7.7707E-01   -2.1744E+00    2.5854E+01    2.1600E-04
3.6930E+00  6.5545E-01 2.6511E+02    2.2868E-03    2.1887E-08    7.8787E-01   -2.1073E+00    2.7966E+01    2.1600E-04
3.2755E+00  6.9094E-01 2.6772E+02    2.8689E-03    2.0388E-08    7.8942E-01   -2.0129E+00    3.0063E+01    2.1600E-04
2.8641E+00  7.2744E-01 2.7017E+02    3.5367E-03    1.8975E-08    7.8479E-01   -1.8642E+00    3.2139E+01    2.1600E-04
2.4592E+00  7.6490E-01 2.7247E+02    4.2919E-03    1.7712E-08    7.7696E-01   -1.7138E+00    3.4188E+01    2.1600E-04
2.0610E+00  8.0328E-01 2.7484E+02    5.2078E-03    1.6596E-08    7.7201E-01   -1.6196E+00    3.6390E+01    2.1600E-04
1.6696E+00  8.4252E-01 2.7712E+02    6.1051E-03    1.5618E-08    7.5213E-01   -1.5325E+00    3.8617E+01    2.1600E-04
1.2854E+00  8.8256E-01 2.7932E+02    7.1319E-03    1.4775E-08    7.3629E-01   -1.5251E+00    4.0847E+01    2.1600E-04
9.0870E-01  9.2334E-01 2.8140E+02    8.2431E-03    1.4080E-08    7.2433E-01   -1.5919E+00    4.3049E+01    2.1600E-04
5.3973E-01  9.6479E-01 2.8338E+02    9.3479E-03    1.3501E-08    7.1807E-01   -1.7779E+00    4.5235E+01    2.1600E-04
1.7876E-01  1.0068E+00 2.8527E+02    1.0708E-02    1.3003E-08    7.3844E-01   -2.0325E+00    4.7397E+01    2.1600E-04
0.0000E+00  1.0282E+00 2.8622E+02    1.1390E-02    1.3100E-08    7.9143E+00   -3.5351E+00    4.8507E+01    2.1600E-04
