     ALT          P          T          FH2O           O3           THEAT        TCOOL        PSATCO2        FCO2
7.3764E+01  3.2610E-05 2.2470E+02    4.1261E-06    1.0584E-07    3.7033E+01   -7.3008E+01    7.2678E+00    2.1900E-04
7.2627E+01  3.8506E-05 2.2609E+02    4.3072E-06    1.3628E-07    5.2224E+00   -4.6650E+01    7.6810E+00    2.1900E-04
7.1492E+01  4.5411E-05 2.2755E+02    4.4728E-06    1.7482E-07    2.6867E+00   -2.9073E+01    8.1312E+00    2.1900E-04
7.0359E+01  5.3487E-05 2.2907E+02    4.6228E-06    2.2039E-07    2.6499E+00   -1.8057E+01    8.6237E+00    2.1900E-04
6.9227E+01  6.2919E-05 2.3066E+02    4.7473E-06    2.6896E-07    2.8597E+00   -1.1643E+01    9.1593E+00    2.1900E-04
6.8096E+01  7.3922E-05 2.3230E+02    4.8603E-06    3.1879E-07    3.0927E+00   -8.1861E+00    9.7370E+00    2.1900E-04
6.6967E+01  8.6739E-05 2.3397E+02    4.9667E-06    3.7019E-07    3.3340E+00   -6.4470E+00    1.0355E+01    2.1900E-04
6.5839E+01  1.0165E-04 2.3567E+02    5.0570E-06    4.2506E-07    3.5940E+00   -5.6517E+00    1.1011E+01    2.1900E-04
6.4712E+01  1.1898E-04 2.3737E+02    5.1371E-06    4.8607E-07    3.8973E+00   -5.3623E+00    1.1701E+01    2.1900E-04
6.3586E+01  1.3908E-04 2.3908E+02    5.2129E-06    5.5457E-07    4.2380E+00   -5.3306E+00    1.2425E+01    2.1900E-04
6.2462E+01  1.6237E-04 2.4079E+02    5.2804E-06    6.3026E-07    4.6118E+00   -5.4251E+00    1.3178E+01    2.1900E-04
6.1340E+01  1.8933E-04 2.4248E+02    5.3378E-06    7.1403E-07    5.0179E+00   -5.5849E+00    1.3959E+01    2.1900E-04
6.0219E+01  2.2048E-04 2.4416E+02    5.3934E-06    8.0622E-07    5.4513E+00   -5.7841E+00    1.4767E+01    2.1900E-04
5.9101E+01  2.5644E-04 2.4582E+02    5.4381E-06    9.0678E-07    5.9047E+00   -6.0064E+00    1.5600E+01    2.1900E-04
5.7984E+01  2.9788E-04 2.4747E+02    5.4728E-06    1.0198E-06    6.3840E+00   -6.2465E+00    1.6459E+01    2.1900E-04
5.6870E+01  3.4559E-04 2.4910E+02    5.5087E-06    1.1419E-06    6.8631E+00   -6.5028E+00    1.7344E+01    2.1900E-04
5.5759E+01  4.0043E-04 2.5072E+02    5.5409E-06    1.2754E-06    7.3359E+00   -6.7581E+00    1.8255E+01    2.1900E-04
5.4651E+01  4.6339E-04 2.5233E+02    5.5731E-06    1.4213E-06    7.7901E+00   -7.0062E+00    1.9194E+01    2.1900E-04
5.3545E+01  5.3558E-04 2.5393E+02    5.5952E-06    1.5812E-06    8.2147E+00   -7.2492E+00    2.0162E+01    2.1900E-04
5.2443E+01  6.1822E-04 2.5552E+02    5.6073E-06    1.7678E-06    8.6299E+00   -7.4852E+00    2.1159E+01    2.1900E-04
5.1343E+01  7.1273E-04 2.5710E+02    5.6200E-06    1.9724E-06    8.9820E+00   -7.7085E+00    2.2187E+01    2.1900E-04
5.0247E+01  8.2064E-04 2.5867E+02    5.6300E-06    2.2027E-06    9.2641E+00   -7.9175E+00    2.3246E+01    2.1900E-04
4.9155E+01  9.4370E-04 2.6024E+02    5.6300E-06    2.4458E-06    9.4227E+00   -8.1313E+00    2.4337E+01    2.1900E-04
4.8067E+01  1.0839E-03 2.6185E+02    5.6300E-06    2.7218E-06    9.5007E+00   -8.4373E+00    2.5496E+01    2.1900E-04
4.6982E+01  1.2432E-03 2.6339E+02    5.6200E-06    3.0105E-06    9.4319E+00   -8.7195E+00    2.6638E+01    2.1900E-04
4.5902E+01  1.4243E-03 2.6450E+02    5.6019E-06    3.3213E-06    9.2289E+00   -8.8158E+00    2.7489E+01    2.1900E-04
4.4829E+01  1.6296E-03 2.6495E+02    5.5708E-06    3.6631E-06    8.9135E+00   -8.6746E+00    2.7838E+01    2.1900E-04
4.3766E+01  1.8622E-03 2.6467E+02    5.5383E-06    4.0231E-06    8.4764E+00   -8.3252E+00    2.7625E+01    2.1900E-04
4.2716E+01  2.1254E-03 2.6372E+02    5.4863E-06    4.3688E-06    7.9149E+00   -7.8251E+00    2.6894E+01    2.1900E-04
4.1682E+01  2.4226E-03 2.6220E+02    5.4324E-06    4.6948E-06    7.2891E+00   -7.2481E+00    2.5752E+01    2.1900E-04
4.0664E+01  2.7579E-03 2.6023E+02    5.3614E-06    4.9740E-06    6.6385E+00   -6.6420E+00    2.4332E+01    2.1900E-04
3.9665E+01  3.1357E-03 2.5795E+02    5.2886E-06    5.2082E-06    6.0185E+00   -6.0460E+00    2.2758E+01    2.1900E-04
3.8685E+01  3.5608E-03 2.5547E+02    5.2078E-06    5.3993E-06    5.4577E+00   -5.4838E+00    2.1127E+01    2.1900E-04
3.7725E+01  4.0384E-03 2.5285E+02    5.1219E-06    5.5497E-06    4.9631E+00   -4.9719E+00    1.9503E+01    2.1900E-04
3.6784E+01  4.5742E-03 2.5014E+02    5.0279E-06    5.6621E-06    4.5297E+00   -4.5199E+00    1.7924E+01    2.1900E-04
3.5864E+01  5.1747E-03 2.4738E+02    4.9359E-06    5.7541E-06    4.1545E+00   -4.1247E+00    1.6413E+01    2.1900E-04
3.4963E+01  5.8466E-03 2.4460E+02    4.8358E-06    5.8372E-06    3.8257E+00   -3.7828E+00    1.4985E+01    2.1900E-04
3.4082E+01  6.5974E-03 2.4183E+02    4.7333E-06    5.8933E-06    3.5234E+00   -3.4783E+00    1.3653E+01    2.1900E-04
3.3220E+01  7.4352E-03 2.3909E+02    4.6301E-06    5.9216E-06    3.2408E+00   -3.1973E+00    1.2429E+01    2.1900E-04
3.2377E+01  8.3689E-03 2.3644E+02    4.5290E-06    5.9300E-06    2.9760E+00   -2.9312E+00    1.1321E+01    2.1900E-04
3.1552E+01  9.4079E-03 2.3392E+02    4.4302E-06    5.8901E-06    2.7193E+00   -2.6767E+00    1.0335E+01    2.1900E-04
3.0745E+01  1.0563E-02 2.3156E+02    4.3335E-06    5.8113E-06    2.4736E+00   -2.4640E+00    9.4739E+00    2.1900E-04
2.9954E+01  1.1844E-02 2.2940E+02    4.2388E-06    5.6712E-06    2.2362E+00   -2.2092E+00    8.7326E+00    2.1900E-04
2.9180E+01  1.3264E-02 2.2744E+02    4.1360E-06    5.4872E-06    2.0141E+00   -1.9694E+00    8.0979E+00    2.1900E-04
2.8420E+01  1.4836E-02 2.2567E+02    4.0451E-06    5.2599E-06    1.8099E+00   -1.7484E+00    7.5536E+00    2.1900E-04
2.7675E+01  1.6574E-02 2.2406E+02    3.9558E-06    5.0024E-06    1.6262E+00   -1.5483E+00    7.0833E+00    2.1900E-04
2.6944E+01  1.8491E-02 2.2258E+02    3.8683E-06    4.7033E-06    1.4607E+00   -1.3702E+00    6.6717E+00    2.1900E-04
2.6226E+01  2.0604E-02 2.2120E+02    3.7824E-06    4.4003E-06    1.3177E+00   -1.2143E+00    6.3057E+00    2.1900E-04
2.5520E+01  2.2930E-02 2.1991E+02    3.7033E-06    4.0758E-06    1.1911E+00   -1.0796E+00    5.9749E+00    2.1900E-04
2.4827E+01  2.5486E-02 2.1867E+02    3.6251E-06    3.7591E-06    1.0814E+00   -9.6284E-01    5.6719E+00    2.1900E-04
2.4146E+01  2.8291E-02 2.1749E+02    3.5436E-06    3.4331E-06    9.8196E-01   -8.6061E-01    5.3914E+00    2.1900E-04
2.3477E+01  3.1366E-02 2.1634E+02    3.4636E-06    3.1189E-06    8.9222E-01   -7.6910E-01    5.1046E+00    2.1900E-04
2.2820E+01  3.4731E-02 2.1523E+02    3.3942E-06    2.8190E-06    8.0992E-01   -6.8589E-01    4.7410E+00    2.1900E-04
2.2175E+01  3.8408E-02 2.1416E+02    3.3179E-06    2.5342E-06    7.3293E-01   -6.0852E-01    4.4125E+00    2.1900E-04
2.1541E+01  4.2422E-02 2.1315E+02    3.2467E-06    2.2599E-06    6.5961E-01   -5.3748E-01    4.1175E+00    2.1900E-04
2.0917E+01  4.6795E-02 2.1219E+02    3.1775E-06    2.0066E-06    5.9098E-01   -4.7155E-01    3.8550E+00    2.1900E-04
2.0305E+01  5.1555E-02 2.1130E+02    3.1136E-06    1.7638E-06    5.2585E-01   -4.1136E-01    3.6240E+00    2.1900E-04
1.9703E+01  5.6727E-02 2.1048E+02    3.0536E-06    1.5459E-06    4.6638E-01   -3.5437E-01    3.4233E+00    2.1900E-04
1.9111E+01  6.2339E-02 2.0975E+02    2.9946E-06    1.3356E-06    4.1073E-01   -3.0247E-01    3.2510E+00    2.1900E-04
1.8530E+01  6.8420E-02 2.0910E+02    2.9366E-06    1.1427E-06    3.6063E-01   -2.5457E-01    3.1047E+00    2.1900E-04
1.7958E+01  7.5000E-02 2.0853E+02    2.8857E-06    9.7150E-07    3.1700E-01   -2.1059E-01    2.9815E+00    2.1900E-04
1.7395E+01  8.2109E-02 2.0804E+02    2.8408E-06    8.1838E-07    2.7927E-01   -1.7244E-01    2.8784E+00    2.1900E-04
1.6841E+01  8.9778E-02 2.0762E+02    2.7967E-06    6.8026E-07    2.4668E-01   -1.4248E-01    2.7928E+00    2.1900E-04
1.6297E+01  9.8041E-02 2.0726E+02    2.7625E-06    5.5745E-07    2.1890E-01   -1.2192E-01    2.7225E+00    2.1900E-04
1.5761E+01  1.0693E-01 2.0697E+02    2.7304E-06    4.5022E-07    1.9435E-01   -7.8052E-02    2.6652E+00    2.1900E-04
1.5234E+01  1.1648E-01 2.0674E+02    2.6992E-06    3.5889E-07    1.7363E-01   -6.8586E-02    2.6201E+00    2.1900E-04
1.4715E+01  1.2671E-01 2.0657E+02    2.6785E-06    2.8400E-07    1.5678E-01   -6.4025E-02    2.5887E+00    2.1900E-04
1.4204E+01  1.3768E-01 2.0649E+02    2.6591E-06    2.2259E-07    1.4291E-01   -6.3486E-02    2.5740E+00    2.1900E-04
1.3701E+01  1.4941E-01 2.0652E+02    2.6481E-06    1.7144E-07    1.3145E-01   -6.5808E-02    2.5793E+00    2.1900E-04
1.3206E+01  1.6193E-01 2.0666E+02    2.6300E-06    1.3136E-07    1.2233E-01   -6.6710E-02    2.6065E+00    2.1900E-04
1.2718E+01  1.7527E-01 2.0694E+02    2.6329E-06    1.0479E-07    1.1609E-01   -6.6124E-02    2.6585E+00    2.1900E-04
1.2237E+01  1.8948E-01 2.0734E+02    3.1524E-06    8.6908E-08    1.1427E-01   -8.1192E-02    2.7366E+00    2.1900E-04
1.1763E+01  2.0459E-01 2.0780E+02    3.4891E-06    7.3263E-08    1.1259E-01   -7.3462E-02    2.8297E+00    2.1900E-04
1.1295E+01  2.2062E-01 2.0839E+02    3.8376E-06    6.3207E-08    1.1192E-01   -4.1088E-02    2.9522E+00    2.1900E-04
1.0834E+01  2.3760E-01 2.0903E+02    4.3657E-06    5.7327E-08    1.1226E-01   -3.6081E-02    3.0907E+00    2.1900E-04
1.0379E+01  2.5557E-01 2.1086E+02    5.6480E-06    5.3577E-08    1.1739E-01   -7.7601E-02    3.5161E+00    2.1900E-04
9.9267E+00  2.7456E-01 2.1314E+02    7.7541E-06    5.0745E-08    1.2778E-01   -2.3592E-01    4.1157E+00    2.1900E-04
9.4757E+00  2.9458E-01 2.1752E+02    1.3907E-05    4.8234E-08    1.5606E-01   -6.1762E-01    5.3981E+00    2.1900E-04
9.0238E+00  3.1566E-01 2.2188E+02    2.4323E-05    4.5881E-08    1.9758E-01   -1.0205E+00    6.4829E+00    2.1900E-04
8.5714E+00  3.3783E-01 2.2620E+02    4.1465E-05    4.3618E-08    2.5145E-01   -1.4204E+00    7.7151E+00    2.1900E-04
8.1190E+00  3.6110E-01 2.3048E+02    6.8869E-05    4.1356E-08    3.1501E-01   -1.7739E+00    9.0977E+00    2.1900E-04
7.6670E+00  3.8548E-01 2.3469E+02    1.1137E-04    3.9114E-08    3.8289E-01   -2.0378E+00    1.0629E+01    2.1900E-04
7.2158E+00  4.1099E-01 2.3880E+02    1.7518E-04    3.6952E-08    4.5358E-01   -2.2133E+00    1.2301E+01    2.1900E-04
6.7660E+00  4.3764E-01 2.4278E+02    2.6782E-04    3.4793E-08    5.3018E-01   -2.3235E+00    1.4100E+01    2.1900E-04
6.3181E+00  4.6543E-01 2.4661E+02    3.9776E-04    3.2720E-08    6.0635E-01   -2.3567E+00    1.6007E+01    2.1900E-04
5.8727E+00  4.9436E-01 2.5027E+02    5.7392E-04    3.0740E-08    6.6788E-01   -2.3514E+00    1.7999E+01    2.1900E-04
5.4304E+00  5.2443E-01 2.5375E+02    8.0505E-04    2.8787E-08    7.1050E-01   -2.3265E+00    2.0054E+01    2.1900E-04
4.9917E+00  5.5562E-01 2.5704E+02    1.0992E-03    2.6853E-08    7.4163E-01   -2.3026E+00    2.2149E+01    2.1900E-04
4.5573E+00  5.8793E-01 2.6014E+02    1.4634E-03    2.5019E-08    7.6685E-01   -2.2501E+00    2.4265E+01    2.1900E-04
4.1276E+00  6.2134E-01 2.6305E+02    1.9034E-03    2.3302E-08    7.8495E-01   -2.1829E+00    2.6385E+01    2.1900E-04
3.7031E+00  6.5581E-01 2.6579E+02    2.4240E-03    2.1631E-08    7.9331E-01   -2.1106E+00    2.8499E+01    2.1900E-04
3.2843E+00  6.9133E-01 2.6836E+02    3.0286E-03    2.0124E-08    7.9286E-01   -2.0050E+00    3.0596E+01    2.1900E-04
2.8718E+00  7.2785E-01 2.7078E+02    3.7198E-03    1.8705E-08    7.8678E-01   -1.8429E+00    3.2671E+01    2.1900E-04
2.4657E+00  7.6533E-01 2.7305E+02    4.4993E-03    1.7435E-08    7.7763E-01   -1.6942E+00    3.4718E+01    2.1900E-04
2.0664E+00  8.0373E-01 2.7544E+02    5.4395E-03    1.6313E-08    7.7076E-01   -1.6100E+00    3.6968E+01    2.1900E-04
1.6739E+00  8.4299E-01 2.7771E+02    6.3280E-03    1.5329E-08    7.4757E-01   -1.5236E+00    3.9199E+01    2.1900E-04
1.2887E+00  8.8306E-01 2.7988E+02    7.4249E-03    1.4484E-08    7.3489E-01   -1.5376E+00    4.1432E+01    2.1900E-04
9.1099E-01  9.2387E-01 2.8194E+02    8.5254E-03    1.3784E-08    7.2118E-01   -1.6087E+00    4.3637E+01    2.1900E-04
5.4107E-01  9.6534E-01 2.8391E+02    9.7207E-03    1.3203E-08    7.1921E-01   -1.8174E+00    4.5832E+01    2.1900E-04
1.7920E-01  1.0074E+00 2.8578E+02    1.1068E-02    1.2704E-08    7.3745E-01   -2.0644E+00    4.7995E+01    2.1900E-04
0.0000E+00  1.0288E+00 2.8672E+02    1.1744E-02    1.2800E-08    7.8948E+00   -3.4947E+00    4.9108E+01    2.1900E-04
