     ALT          P          T          FH2O           O3           THEAT        TCOOL        PSATCO2        FCO2
7.2819E+01  3.2610E-05 2.2461E+02    3.1735E-06    1.1743E-07    3.7047E+01   -7.2059E+01    7.2421E+00    2.1800E-04
7.1682E+01  3.8507E-05 2.2600E+02    3.3179E-06    1.5028E-07    5.2915E+00   -4.5893E+01    7.6537E+00    2.1800E-04
7.0546E+01  4.5413E-05 2.2745E+02    3.4541E-06    1.9154E-07    2.7547E+00   -2.8394E+01    8.1015E+00    2.1800E-04
6.9412E+01  5.3490E-05 2.2897E+02    3.5701E-06    2.4108E-07    2.7363E+00   -1.7438E+01    8.5905E+00    2.1800E-04
6.8280E+01  6.2924E-05 2.3055E+02    3.6706E-06    2.9421E-07    2.9711E+00   -1.1044E+01    9.1216E+00    2.1800E-04
6.7149E+01  7.3929E-05 2.3218E+02    3.7610E-06    3.4844E-07    3.2284E+00   -7.5895E+00    9.6936E+00    2.1800E-04
6.6019E+01  8.6749E-05 2.3384E+02    3.8435E-06    4.0348E-07    3.4900E+00   -5.8696E+00    1.0305E+01    2.1800E-04
6.4890E+01  1.0166E-04 2.3552E+02    3.9112E-06    4.6210E-07    3.7699E+00   -5.0957E+00    1.0952E+01    2.1800E-04
6.3763E+01  1.1899E-04 2.3721E+02    3.9788E-06    5.2691E-07    4.0926E+00   -4.8428E+00    1.1634E+01    2.1800E-04
6.2638E+01  1.3910E-04 2.3890E+02    4.0409E-06    5.9872E-07    4.4495E+00   -4.8503E+00    1.2348E+01    2.1800E-04
6.1513E+01  1.6240E-04 2.4059E+02    4.0937E-06    6.7810E-07    4.8402E+00   -4.9888E+00    1.3090E+01    2.1800E-04
6.0391E+01  1.8937E-04 2.4227E+02    4.1407E-06    7.6644E-07    5.2655E+00   -5.1974E+00    1.3859E+01    2.1800E-04
5.9270E+01  2.2053E-04 2.4393E+02    4.1755E-06    8.6317E-07    5.7160E+00   -5.4457E+00    1.4654E+01    2.1800E-04
5.8152E+01  2.5650E-04 2.4558E+02    4.2151E-06    9.6878E-07    6.1849E+00   -5.7280E+00    1.5473E+01    2.1800E-04
5.7036E+01  2.9796E-04 2.4721E+02    4.2474E-06    1.0843E-06    6.6643E+00   -6.0305E+00    1.6318E+01    2.1800E-04
5.5922E+01  3.4568E-04 2.4882E+02    4.2697E-06    1.2082E-06    7.1392E+00   -6.3453E+00    1.7187E+01    2.1800E-04
5.4811E+01  4.0054E-04 2.5042E+02    4.2919E-06    1.3532E-06    7.6414E+00   -6.6702E+00    1.8083E+01    2.1800E-04
5.3703E+01  4.6353E-04 2.5201E+02    4.3141E-06    1.5082E-06    8.1115E+00   -6.9842E+00    1.9005E+01    2.1800E-04
5.2598E+01  5.3574E-04 2.5359E+02    4.3300E-06    1.6791E-06    8.5474E+00   -7.2942E+00    1.9956E+01    2.1800E-04
5.1496E+01  6.1842E-04 2.5517E+02    4.3400E-06    1.8738E-06    8.9520E+00   -7.5953E+00    2.0935E+01    2.1800E-04
5.0397E+01  7.1297E-04 2.5673E+02    4.3400E-06    2.0822E-06    9.2716E+00   -7.8776E+00    2.1945E+01    2.1800E-04
4.9302E+01  8.2093E-04 2.5829E+02    4.3400E-06    2.3228E-06    9.5347E+00   -8.1550E+00    2.2986E+01    2.1800E-04
4.8210E+01  9.4405E-04 2.5986E+02    4.3360E-06    2.5767E-06    9.6693E+00   -8.4528E+00    2.4066E+01    2.1800E-04
4.7122E+01  1.0843E-03 2.6147E+02    4.3143E-06    2.8592E-06    9.7122E+00   -8.8008E+00    2.5216E+01    2.1800E-04
4.6038E+01  1.2437E-03 2.6280E+02    4.2926E-06    3.1873E-06    9.6818E+00   -9.0463E+00    2.6197E+01    2.1800E-04
4.4961E+01  1.4249E-03 2.6355E+02    4.2522E-06    3.5684E-06    9.5610E+00   -9.0700E+00    2.6763E+01    2.1800E-04
4.3892E+01  1.6303E-03 2.6360E+02    4.2095E-06    4.0236E-06    9.3590E+00   -8.8713E+00    2.6797E+01    2.1800E-04
4.2834E+01  1.8631E-03 2.6289E+02    4.1467E-06    4.5388E-06    9.0342E+00   -8.4711E+00    2.6265E+01    2.1800E-04
4.1791E+01  2.1263E-03 2.6145E+02    4.0834E-06    5.0932E-06    8.5763E+00   -7.9189E+00    2.5204E+01    2.1800E-04
4.0766E+01  2.4237E-03 2.5935E+02    4.0031E-06    5.6338E-06    7.9916E+00   -7.2580E+00    2.3714E+01    2.1800E-04
3.9760E+01  2.7593E-03 2.5671E+02    3.9134E-06    6.1295E-06    7.3461E+00   -6.5407E+00    2.1934E+01    2.1800E-04
3.8775E+01  3.1373E-03 2.5367E+02    3.8277E-06    6.5576E-06    6.7037E+00   -5.8137E+00    2.0002E+01    2.1800E-04
3.7812E+01  3.5626E-03 2.5034E+02    3.7252E-06    6.9109E-06    6.1065E+00   -5.1128E+00    1.8037E+01    2.1800E-04
3.6872E+01  4.0405E-03 2.4683E+02    3.6278E-06    7.1880E-06    5.5684E+00   -4.4592E+00    1.6120E+01    2.1800E-04
3.5955E+01  4.5767E-03 2.4321E+02    3.5322E-06    7.4005E-06    5.0870E+00   -3.8810E+00    1.4304E+01    2.1800E-04
3.5060E+01  5.1775E-03 2.3954E+02    3.4295E-06    7.5604E-06    4.6522E+00   -3.3817E+00    1.2623E+01    2.1800E-04
3.4189E+01  5.8498E-03 2.3589E+02    3.3294E-06    7.6521E-06    4.2462E+00   -2.9546E+00    1.1099E+01    2.1800E-04
3.3340E+01  6.6012E-03 2.3232E+02    3.2317E-06    7.6753E-06    3.8632E+00   -2.5888E+00    9.7453E+00    2.1800E-04
3.2513E+01  7.4396E-03 2.2890E+02    3.1365E-06    7.6265E-06    3.5011E+00   -2.2724E+00    8.5674E+00    2.1800E-04
3.1706E+01  8.3739E-03 2.2570E+02    3.0433E-06    7.5088E-06    3.1609E+00   -1.9957E+00    7.5629E+00    2.1800E-04
3.0919E+01  9.4137E-03 2.2276E+02    2.9522E-06    7.3079E-06    2.8398E+00   -1.7538E+00    6.7228E+00    2.1800E-04
3.0150E+01  1.0569E-02 2.2014E+02    2.8691E-06    7.0361E-06    2.5414E+00   -1.5553E+00    6.0330E+00    2.1800E-04
2.9398E+01  1.1852E-02 2.1784E+02    2.7855E-06    6.7102E-06    2.2684E+00   -1.3400E+00    5.4738E+00    2.1800E-04
2.8662E+01  1.3273E-02 2.1585E+02    2.7046E-06    6.3318E-06    2.0201E+00   -1.1496E+00    4.9418E+00    2.1800E-04
2.7941E+01  1.4846E-02 2.1414E+02    2.6252E-06    5.9346E-06    1.7998E+00   -9.8436E-01    4.4055E+00    2.1800E-04
2.7233E+01  1.6585E-02 2.1267E+02    2.5551E-06    5.5032E-06    1.6024E+00   -8.4437E-01    3.9853E+00    2.1800E-04
2.6538E+01  1.8504E-02 2.1140E+02    2.4804E-06    5.0741E-06    1.4310E+00   -7.2724E-01    3.6505E+00    2.1800E-04
2.5855E+01  2.0618E-02 2.1029E+02    2.4101E-06    4.6508E-06    1.2827E+00   -6.3147E-01    3.3786E+00    2.1800E-04
2.5183E+01  2.2946E-02 2.0931E+02    2.3440E-06    4.2392E-06    1.1546E+00   -5.5432E-01    3.1531E+00    2.1800E-04
2.4522E+01  2.5504E-02 2.0844E+02    2.2790E-06    3.8485E-06    1.0441E+00   -4.9167E-01    2.9623E+00    2.1800E-04
2.3872E+01  2.8312E-02 2.0764E+02    2.2151E-06    3.4786E-06    9.4685E-01   -4.3958E-01    2.7979E+00    2.1800E-04
2.3232E+01  3.1389E-02 2.0691E+02    2.1519E-06    3.1269E-06    8.5913E-01   -3.9464E-01    2.6541E+00    2.1800E-04
2.2602E+01  3.4757E-02 2.0624E+02    2.0938E-06    2.8021E-06    7.7936E-01   -3.5382E-01    2.5272E+00    2.1800E-04
2.1982E+01  3.8438E-02 2.0562E+02    2.0384E-06    2.4963E-06    7.0475E-01   -3.1585E-01    2.4146E+00    2.1800E-04
2.1372E+01  4.2454E-02 2.0504E+02    1.9781E-06    2.2245E-06    6.3607E-01   -2.7812E-01    2.3145E+00    2.1800E-04
2.0771E+01  4.6832E-02 2.0452E+02    1.9287E-06    1.9644E-06    5.7018E-01   -2.4326E-01    2.2262E+00    2.1800E-04
2.0180E+01  5.1596E-02 2.0405E+02    1.8720E-06    1.7283E-06    5.0846E-01   -2.0885E-01    2.1492E+00    2.1800E-04
1.9597E+01  5.6772E-02 2.0363E+02    1.8257E-06    1.5037E-06    4.5006E-01   -1.7698E-01    2.0832E+00    2.1800E-04
1.9024E+01  6.2390E-02 2.0327E+02    1.7802E-06    1.3035E-06    3.9713E-01   -1.4488E-01    2.0279E+00    2.1800E-04
1.8459E+01  6.8477E-02 2.0298E+02    1.7353E-06    1.1191E-06    3.4911E-01   -1.1400E-01    1.9828E+00    2.1800E-04
1.7902E+01  7.5063E-02 2.0274E+02    1.6984E-06    9.5051E-07    3.0636E-01   -8.5769E-02    1.9472E+00    2.1800E-04
1.7354E+01  8.2178E-02 2.0255E+02    1.6576E-06    8.0012E-07    2.6920E-01   -6.0387E-02    1.9202E+00    2.1800E-04
1.6814E+01  8.9855E-02 2.0242E+02    1.6235E-06    6.6634E-07    2.3737E-01   -4.0549E-02    1.9009E+00    2.1800E-04
1.6282E+01  9.8125E-02 2.0233E+02    1.6012E-06    5.4610E-07    2.1013E-01   -2.8488E-02    1.8889E+00    2.1800E-04
1.5758E+01  1.0702E-01 2.0230E+02    1.5705E-06    4.4246E-07    1.8631E-01    1.4289E-02    1.8833E+00    2.1800E-04
1.5242E+01  1.1658E-01 2.0230E+02    1.5498E-06    3.5410E-07    1.6635E-01    1.7540E-02    1.8840E+00    2.1800E-04
1.4733E+01  1.2683E-01 2.0236E+02    1.5298E-06    2.8140E-07    1.5007E-01    1.7448E-02    1.8926E+00    2.1800E-04
1.4232E+01  1.3780E-01 2.0249E+02    1.5198E-06    2.2175E-07    1.3679E-01    1.4463E-02    1.9117E+00    2.1800E-04
1.3738E+01  1.4954E-01 2.0271E+02    1.5099E-06    1.7176E-07    1.2574E-01    1.0196E-02    1.9439E+00    2.1800E-04
1.3251E+01  1.6207E-01 2.0304E+02    1.5003E-06    1.3190E-07    1.1700E-01    6.2802E-03    1.9925E+00    2.1800E-04
1.2771E+01  1.7544E-01 2.0347E+02    1.7505E-06    1.0567E-07    1.1244E-01   -2.4470E-03    2.0589E+00    2.1800E-04
1.2297E+01  1.8966E-01 2.0399E+02    1.9698E-06    8.7815E-08    1.0948E-01    1.4151E-02    2.1395E+00    2.1800E-04
1.1830E+01  2.0478E-01 2.0452E+02    2.2429E-06    7.4331E-08    1.0775E-01    4.7390E-02    2.2262E+00    2.1800E-04
1.1369E+01  2.2083E-01 2.0561E+02    2.6453E-06    6.4187E-08    1.0797E-01   -7.5803E-03    2.4123E+00    2.1800E-04
1.0911E+01  2.3783E-01 2.0840E+02    3.9755E-06    5.7667E-08    1.1452E-01   -9.5234E-02    2.9546E+00    2.1800E-04
1.0456E+01  2.5582E-01 2.1058E+02    5.4259E-06    5.3591E-08    1.2292E-01   -2.1554E-01    3.4473E+00    2.1800E-04
1.0002E+01  2.7482E-01 2.1500E+02    9.9300E-06    5.0596E-08    1.4725E-01   -5.7174E-01    4.6674E+00    2.1800E-04
9.5464E+00  2.9487E-01 2.1940E+02    1.7705E-05    4.8011E-08    1.8327E-01   -9.4989E-01    5.8494E+00    2.1800E-04
9.0901E+00  3.1597E-01 2.2379E+02    3.0772E-05    4.5663E-08    2.3064E-01   -1.3326E+00    7.0078E+00    2.1800E-04
8.6333E+00  3.3817E-01 2.2814E+02    5.2109E-05    4.3376E-08    2.8896E-01   -1.6947E+00    8.3186E+00    2.1800E-04
8.1765E+00  3.6146E-01 2.3242E+02    8.5903E-05    4.1090E-08    3.5497E-01   -1.9987E+00    9.7821E+00    2.1800E-04
7.7202E+00  3.8587E-01 2.3662E+02    1.3773E-04    3.8812E-08    4.2348E-01   -2.2089E+00    1.1394E+01    2.1800E-04
7.2648E+00  4.1141E-01 2.4071E+02    2.1456E-04    3.6620E-08    4.9596E-01   -2.3479E+00    1.3141E+01    2.1800E-04
6.8109E+00  4.3809E-01 2.4465E+02    3.2455E-04    3.4517E-08    5.7400E-01   -2.4187E+00    1.5009E+01    2.1800E-04
6.3590E+00  4.6591E-01 2.4843E+02    4.7657E-04    3.2429E-08    6.4592E-01   -2.4244E+00    1.6974E+01    2.1800E-04
5.9099E+00  4.9487E-01 2.5202E+02    6.7961E-04    3.0422E-08    6.9912E-01   -2.4008E+00    1.9012E+01    2.1800E-04
5.4640E+00  5.2498E-01 2.5543E+02    9.4218E-04    2.8453E-08    7.3530E-01   -2.3754E+00    2.1102E+01    2.1800E-04
5.0220E+00  5.5621E-01 2.5864E+02    1.2719E-03    2.6549E-08    7.6304E-01   -2.3365E+00    2.3220E+01    2.1800E-04
4.5843E+00  5.8855E-01 2.6165E+02    1.6751E-03    2.4708E-08    7.8510E-01   -2.2691E+00    2.5350E+01    2.1800E-04
4.1516E+00  6.2200E-01 2.6448E+02    2.1571E-03    2.2933E-08    7.9870E-01   -2.1965E+00    2.7477E+01    2.1800E-04
3.7244E+00  6.5651E-01 2.6714E+02    2.7221E-03    2.1321E-08    8.0230E-01   -2.1094E+00    2.9592E+01    2.1800E-04
3.3030E+00  6.9207E-01 2.6964E+02    3.3732E-03    1.9797E-08    7.9825E-01   -1.9718E+00    3.1686E+01    2.1800E-04
2.8880E+00  7.2863E-01 2.7199E+02    4.1126E-03    1.8438E-08    7.9025E-01   -1.8125E+00    3.3755E+01    2.1800E-04
2.4795E+00  7.6616E-01 2.7436E+02    5.0049E-03    1.7181E-08    7.8457E-01   -1.6940E+00    3.5933E+01    2.1800E-04
2.0777E+00  8.0460E-01 2.7669E+02    5.9178E-03    1.6046E-08    7.6590E-01   -1.5866E+00    3.8184E+01    2.1800E-04
1.6830E+00  8.4391E-01 2.7892E+02    6.9027E-03    1.5052E-08    7.4482E-01   -1.5354E+00    4.0439E+01    2.1800E-04
1.2956E+00  8.8403E-01 2.8104E+02    8.0346E-03    1.4200E-08    7.2945E-01   -1.5637E+00    4.2671E+01    2.1800E-04
9.1579E-01  9.2489E-01 2.8307E+02    9.1147E-03    1.3562E-08    7.1302E-01   -1.6457E+00    4.4883E+01    2.1800E-04
5.4389E-01  9.6641E-01 2.8500E+02    1.0489E-02    1.3008E-08    7.1959E-01   -1.8975E+00    4.7084E+01    2.1800E-04
1.8012E-01  1.0085E+00 2.8684E+02    1.1810E-02    1.2505E-08    7.3467E-01   -2.1303E+00    4.9250E+01    2.1800E-04
0.0000E+00  1.0299E+00 2.8777E+02    1.2476E-02    1.2600E-08    7.8491E+00   -3.4102E+00    5.0369E+01    2.1800E-04
