     ALT          P          T          FH2O           O3           THEAT        TCOOL        PSATCO2        FCO2
7.3825E+01  3.2610E-05 2.2413E+02    4.8248E-06    1.0124E-07    3.6933E+01   -7.2117E+01    7.1056E+00    2.1700E-04
7.2691E+01  3.8506E-05 2.2552E+02    5.0304E-06    1.2967E-07    5.2448E+00   -4.6510E+01    7.5099E+00    2.1700E-04
7.1559E+01  4.5410E-05 2.2697E+02    5.2203E-06    1.6663E-07    2.6572E+00   -2.9294E+01    7.9507E+00    2.1700E-04
7.0429E+01  5.3485E-05 2.2849E+02    5.3848E-06    2.0960E-07    2.5984E+00   -1.8456E+01    8.4334E+00    2.1700E-04
6.9301E+01  6.2917E-05 2.3007E+02    5.5429E-06    2.5680E-07    2.7998E+00   -1.2103E+01    8.9588E+00    2.1700E-04
6.8174E+01  7.3919E-05 2.3171E+02    5.6692E-06    3.0429E-07    3.0215E+00   -8.6245E+00    9.5258E+00    2.1700E-04
6.7048E+01  8.6735E-05 2.3338E+02    5.7903E-06    3.5417E-07    3.2551E+00   -6.8569E+00    1.0133E+01    2.1700E-04
6.5923E+01  1.0165E-04 2.3507E+02    5.8962E-06    4.0760E-07    3.5083E+00   -6.0192E+00    1.0777E+01    2.1700E-04
6.4799E+01  1.1897E-04 2.3678E+02    5.9862E-06    4.6725E-07    3.8047E+00   -5.6881E+00    1.1457E+01    2.1700E-04
6.3677E+01  1.3907E-04 2.3849E+02    6.0745E-06    5.3353E-07    4.1352E+00   -5.6172E+00    1.2168E+01    2.1700E-04
6.2556E+01  1.6236E-04 2.4019E+02    6.1517E-06    6.0747E-07    4.5009E+00   -5.6700E+00    1.2910E+01    2.1700E-04
6.1437E+01  1.8931E-04 2.4188E+02    6.2189E-06    6.8872E-07    4.8966E+00   -5.7869E+00    1.3680E+01    2.1700E-04
6.0320E+01  2.2046E-04 2.4356E+02    6.2760E-06    7.7924E-07    5.3239E+00   -5.9401E+00    1.4476E+01    2.1700E-04
5.9204E+01  2.5641E-04 2.4523E+02    6.3319E-06    8.7747E-07    5.7694E+00   -6.1197E+00    1.5298E+01    2.1700E-04
5.8091E+01  2.9785E-04 2.4688E+02    6.3765E-06    9.8594E-07    6.2322E+00   -6.3163E+00    1.6145E+01    2.1700E-04
5.6980E+01  3.4555E-04 2.4851E+02    6.4209E-06    1.1024E-06    6.6943E+00   -6.5286E+00    1.7019E+01    2.1700E-04
5.5872E+01  4.0038E-04 2.5013E+02    6.4576E-06    1.2355E-06    7.1740E+00   -6.7495E+00    1.7918E+01    2.1700E-04
5.4766E+01  4.6333E-04 2.5174E+02    6.4897E-06    1.3785E-06    7.6330E+00   -6.9550E+00    1.8845E+01    2.1700E-04
5.3664E+01  5.3550E-04 2.5334E+02    6.5218E-06    1.5441E-06    8.0933E+00   -7.1661E+00    1.9799E+01    2.1700E-04
5.2564E+01  6.1814E-04 2.5493E+02    6.5438E-06    1.7236E-06    8.5022E+00   -7.3687E+00    2.0783E+01    2.1700E-04
5.1468E+01  7.1262E-04 2.5651E+02    6.5557E-06    1.9267E-06    8.8659E+00   -7.5607E+00    2.1796E+01    2.1700E-04
5.0375E+01  8.2052E-04 2.5808E+02    6.5700E-06    2.1530E-06    9.1596E+00   -7.7433E+00    2.2840E+01    2.1700E-04
4.9286E+01  9.4355E-04 2.5964E+02    6.5800E-06    2.4024E-06    9.3576E+00   -7.9275E+00    2.3916E+01    2.1700E-04
4.8200E+01  1.0837E-03 2.6122E+02    6.5800E-06    2.6740E-06    9.4445E+00   -8.2117E+00    2.5036E+01    2.1700E-04
4.7118E+01  1.2430E-03 2.6283E+02    6.5700E-06    2.9578E-06    9.3849E+00   -8.5290E+00    2.6217E+01    2.1700E-04
4.6041E+01  1.4240E-03 2.6409E+02    6.5557E-06    3.2737E-06    9.2111E+00   -8.6923E+00    2.7174E+01    2.1700E-04
4.4970E+01  1.6293E-03 2.6469E+02    6.5343E-06    3.6107E-06    8.9016E+00   -8.6087E+00    2.7640E+01    2.1700E-04
4.3908E+01  1.8619E-03 2.6455E+02    6.5030E-06    3.9575E-06    8.4579E+00   -8.2969E+00    2.7529E+01    2.1700E-04
4.2859E+01  2.1249E-03 2.6370E+02    6.4641E-06    4.3066E-06    7.9123E+00   -7.8258E+00    2.6879E+01    2.1700E-04
4.1825E+01  2.4221E-03 2.6226E+02    6.4041E-06    4.6292E-06    7.2907E+00   -7.2630E+00    2.5796E+01    2.1700E-04
4.0807E+01  2.7574E-03 2.6035E+02    6.3430E-06    4.9166E-06    6.6508E+00   -6.6687E+00    2.4416E+01    2.1700E-04
3.9808E+01  3.1351E-03 2.5812E+02    6.2741E-06    5.1586E-06    6.0348E+00   -6.0793E+00    2.2868E+01    2.1700E-04
3.8828E+01  3.5600E-03 2.5567E+02    6.1957E-06    5.3471E-06    5.4682E+00   -5.5190E+00    2.1255E+01    2.1700E-04
3.7867E+01  4.0375E-03 2.5308E+02    6.1110E-06    5.5045E-06    4.9739E+00   -5.0092E+00    1.9643E+01    2.1700E-04
3.6926E+01  4.5732E-03 2.5041E+02    6.0269E-06    5.6196E-06    4.5391E+00   -4.5586E+00    1.8074E+01    2.1700E-04
3.6005E+01  5.1734E-03 2.4768E+02    5.9297E-06    5.7201E-06    4.1648E+00   -4.1647E+00    1.6572E+01    2.1700E-04
3.5103E+01  5.8451E-03 2.4494E+02    5.8315E-06    5.7992E-06    3.8321E+00   -3.8233E+00    1.5154E+01    2.1700E-04
3.4221E+01  6.5957E-03 2.4221E+02    5.7357E-06    5.8514E-06    3.5272E+00   -3.5208E+00    1.3832E+01    2.1700E-04
3.3358E+01  7.4333E-03 2.3953E+02    5.6321E-06    5.8859E-06    3.2460E+00   -3.2433E+00    1.2619E+01    2.1700E-04
3.2514E+01  8.3667E-03 2.3694E+02    5.5307E-06    5.8851E-06    2.9780E+00   -2.9807E+00    1.1524E+01    2.1700E-04
3.1687E+01  9.4054E-03 2.3449E+02    5.4316E-06    5.8444E-06    2.7207E+00   -2.7307E+00    1.0552E+01    2.1700E-04
3.0878E+01  1.0560E-02 2.3222E+02    5.3345E-06    5.7569E-06    2.4730E+00   -2.5218E+00    9.7073E+00    2.1700E-04
3.0086E+01  1.1841E-02 2.3015E+02    5.2394E-06    5.6222E-06    2.2372E+00   -2.2727E+00    8.9835E+00    2.1700E-04
2.9309E+01  1.3261E-02 2.2829E+02    5.1462E-06    5.4424E-06    2.0162E+00   -2.0392E+00    8.3676E+00    2.1700E-04
2.8547E+01  1.4832E-02 2.2662E+02    5.0547E-06    5.2122E-06    1.8110E+00   -1.8243E+00    7.8431E+00    2.1700E-04
2.7798E+01  1.6569E-02 2.2513E+02    4.9650E-06    4.9548E-06    1.6270E+00   -1.6300E+00    7.3932E+00    2.1700E-04
2.7064E+01  1.8485E-02 2.2377E+02    4.8729E-06    4.6578E-06    1.4613E+00   -1.4573E+00    7.0022E+00    2.1700E-04
2.6342E+01  2.0598E-02 2.2252E+02    4.7802E-06    4.3550E-06    1.3177E+00   -1.3063E+00    6.6566E+00    2.1700E-04
2.5632E+01  2.2923E-02 2.2135E+02    4.6950E-06    4.0315E-06    1.1908E+00   -1.1764E+00    6.3455E+00    2.1700E-04
2.4934E+01  2.5478E-02 2.2025E+02    4.6178E-06    3.7103E-06    1.0801E+00   -1.0647E+00    6.0607E+00    2.1700E-04
2.4249E+01  2.8282E-02 2.1919E+02    4.5391E-06    3.3967E-06    9.8259E-01   -9.6628E-01    5.7965E+00    2.1700E-04
2.3575E+01  3.1356E-02 2.1816E+02    4.4582E-06    3.0947E-06    8.9471E-01   -8.7717E-01    5.5493E+00    2.1700E-04
2.2912E+01  3.4719E-02 2.1716E+02    4.3787E-06    2.7970E-06    8.1254E-01   -7.9530E-01    5.3170E+00    2.1700E-04
2.2261E+01  3.8396E-02 2.1620E+02    4.3006E-06    2.5123E-06    7.3532E-01   -7.1896E-01    5.0570E+00    2.1700E-04
2.1621E+01  4.2407E-02 2.1527E+02    4.2238E-06    2.2415E-06    6.6222E-01   -6.4770E-01    4.7530E+00    2.1700E-04
2.0992E+01  4.6779E-02 2.1438E+02    4.1536E-06    1.9876E-06    5.9335E-01   -5.8136E-01    4.4783E+00    2.1700E-04
2.0373E+01  5.1537E-02 2.1355E+02    4.0841E-06    1.7531E-06    5.2916E-01   -5.1888E-01    4.2332E+00    2.1700E-04
1.9765E+01  5.6707E-02 2.1279E+02    4.0210E-06    1.5335E-06    4.6934E-01   -4.6022E-01    4.0170E+00    2.1700E-04
1.9167E+01  6.2317E-02 2.1209E+02    3.9512E-06    1.3286E-06    4.1422E-01   -4.0463E-01    3.8287E+00    2.1700E-04
1.8579E+01  6.8396E-02 2.1146E+02    3.8924E-06    1.1351E-06    3.6396E-01   -3.5374E-01    3.6663E+00    2.1700E-04
1.8001E+01  7.4973E-02 2.1091E+02    3.8397E-06    9.6602E-07    3.2045E-01   -3.0568E-01    3.5274E+00    2.1700E-04
1.7432E+01  8.2079E-02 2.1042E+02    3.7877E-06    8.1234E-07    2.8253E-01   -2.6326E-01    3.4089E+00    2.1700E-04
1.6872E+01  8.9745E-02 2.0999E+02    3.7471E-06    6.7471E-07    2.4995E-01   -2.2880E-01    3.3082E+00    2.1700E-04
1.6321E+01  9.8004E-02 2.0962E+02    3.7055E-06    5.5280E-07    2.2223E-01   -2.0275E-01    3.2229E+00    2.1700E-04
1.5780E+01  1.0689E-01 2.0930E+02    3.6716E-06    4.4681E-07    1.9780E-01   -1.5595E-01    3.1504E+00    2.1700E-04
1.5247E+01  1.1643E-01 2.0903E+02    3.6398E-06    3.5615E-07    1.7709E-01   -1.4012E-01    3.0902E+00    2.1700E-04
1.4722E+01  1.2667E-01 2.0882E+02    3.6188E-06    2.8205E-07    1.6023E-01   -1.2986E-01    3.0439E+00    2.1700E-04
1.4206E+01  1.3763E-01 2.0868E+02    3.5982E-06    2.2072E-07    1.4630E-01   -1.2367E-01    3.0137E+00    2.1700E-04
1.3698E+01  1.4935E-01 2.0864E+02    3.5789E-06    1.6913E-07    1.3468E-01   -1.2141E-01    3.0046E+00    2.1700E-04
1.3198E+01  1.6186E-01 2.0870E+02    3.5689E-06    1.2973E-07    1.2562E-01   -1.1915E-01    3.0194E+00    2.1700E-04
1.2706E+01  1.7520E-01 2.0890E+02    3.5600E-06    1.0324E-07    1.1903E-01   -1.1317E-01    3.0611E+00    2.1700E-04
1.2221E+01  1.8941E-01 2.0919E+02    3.5732E-06    8.5982E-08    1.1471E-01   -1.0455E-01    3.1266E+00    2.1700E-04
1.1743E+01  2.0450E-01 2.0962E+02    4.2890E-06    7.2434E-08    1.1451E-01   -1.1727E-01    3.2213E+00    2.1700E-04
1.1271E+01  2.2053E-01 2.1015E+02    4.8377E-06    6.2430E-08    1.1445E-01   -1.1010E-01    3.3456E+00    2.1700E-04
1.0807E+01  2.3750E-01 2.1072E+02    5.5192E-06    5.6751E-08    1.1563E-01   -9.5685E-02    3.4821E+00    2.1700E-04
1.0349E+01  2.5547E-01 2.1169E+02    6.3343E-06    5.3199E-08    1.1754E-01   -4.2900E-02    3.7255E+00    2.1700E-04
9.8963E+00  2.7444E-01 2.1284E+02    7.4463E-06    5.0438E-08    1.2218E-01   -1.0876E-01    4.0312E+00    2.1700E-04
9.4466E+00  2.9445E-01 2.1674E+02    1.2579E-05    4.8012E-08    1.4462E-01   -4.4359E-01    5.2206E+00    2.1700E-04
8.9966E+00  3.1553E-01 2.2108E+02    2.2044E-05    4.5721E-08    1.8254E-01   -8.4994E-01    6.2749E+00    2.1700E-04
8.5461E+00  3.3768E-01 2.2540E+02    3.7677E-05    4.3468E-08    2.3386E-01   -1.2672E+00    7.4750E+00    2.1700E-04
8.0954E+00  3.6094E-01 2.2968E+02    6.2767E-05    4.1248E-08    2.9605E-01   -1.6481E+00    8.8244E+00    2.1700E-04
7.6452E+00  3.8531E-01 2.3388E+02    1.0184E-04    3.9089E-08    3.6380E-01   -1.9430E+00    1.0322E+01    2.1700E-04
7.1957E+00  4.1081E-01 2.3800E+02    1.6080E-04    3.6947E-08    4.3443E-01   -2.1423E+00    1.1962E+01    2.1700E-04
6.7476E+00  4.3745E-01 2.4199E+02    2.4685E-04    3.4892E-08    5.1065E-01   -2.2723E+00    1.3731E+01    2.1700E-04
6.3013E+00  4.6522E-01 2.4585E+02    3.6828E-04    3.2832E-08    5.8813E-01   -2.3220E+00    1.5611E+01    2.1700E-04
5.8575E+00  4.9414E-01 2.4953E+02    5.3391E-04    3.0863E-08    6.5308E-01   -2.3249E+00    1.7582E+01    2.1700E-04
5.4166E+00  5.2419E-01 2.5304E+02    7.5253E-04    2.8918E-08    6.9893E-01   -2.3044E+00    1.9620E+01    2.1700E-04
4.9794E+00  5.5537E-01 2.5636E+02    1.0324E-03    2.7046E-08    7.3187E-01   -2.2851E+00    2.1703E+01    2.1700E-04
4.5462E+00  5.8766E-01 2.5949E+02    1.3806E-03    2.5225E-08    7.5842E-01   -2.2402E+00    2.3812E+01    2.1700E-04
4.1177E+00  6.2105E-01 2.6244E+02    1.8034E-03    2.3484E-08    7.7832E-01   -2.1760E+00    2.5928E+01    2.1700E-04
3.6944E+00  6.5551E-01 2.6521E+02    2.3055E-03    2.1882E-08    7.8876E-01   -2.1081E+00    2.8040E+01    2.1700E-04
3.2768E+00  6.9100E-01 2.6781E+02    2.8908E-03    2.0299E-08    7.9000E-01   -2.0122E+00    3.0137E+01    2.1700E-04
2.8652E+00  7.2751E-01 2.7025E+02    3.5619E-03    1.8880E-08    7.8515E-01   -1.8620E+00    3.2213E+01    2.1700E-04
2.4601E+00  7.6497E-01 2.7255E+02    4.3206E-03    1.7616E-08    7.7710E-01   -1.7107E+00    3.4262E+01    2.1700E-04
2.0617E+00  8.0335E-01 2.7492E+02    5.2377E-03    1.6499E-08    7.7165E-01   -1.6163E+00    3.6465E+01    2.1700E-04
1.6702E+00  8.4259E-01 2.7720E+02    6.1339E-03    1.5520E-08    7.5135E-01   -1.5302E+00    3.8692E+01    2.1700E-04
1.2859E+00  8.8264E-01 2.7939E+02    7.1700E-03    1.4677E-08    7.3598E-01   -1.5260E+00    4.0923E+01    2.1700E-04
9.0903E-01  9.2343E-01 2.8147E+02    8.2798E-03    1.3980E-08    7.2380E-01   -1.5935E+00    4.3126E+01    2.1700E-04
5.3992E-01  9.6488E-01 2.8345E+02    9.3967E-03    1.3402E-08    7.1815E-01   -1.7827E+00    4.5313E+01    2.1700E-04
1.7882E-01  1.0069E+00 2.8534E+02    1.0756E-02    1.2903E-08    7.3823E-01   -2.0364E+00    4.7475E+01    2.1700E-04
0.0000E+00  1.0283E+00 2.8628E+02    1.1436E-02    1.3000E-08    7.9120E+00   -3.5295E+00    4.8586E+01    2.1700E-04
