     ALT          P          T          FH2O           O3           THEAT        TCOOL        PSATCO2        FCO2
7.3724E+01  3.2610E-05 2.2479E+02    4.0054E-06    1.0722E-07    3.7040E+01   -7.3081E+01    7.2939E+00    2.1900E-04
7.2587E+01  3.8506E-05 2.2618E+02    4.1827E-06    1.3784E-07    5.2278E+00   -4.6663E+01    7.7085E+00    2.1900E-04
7.1451E+01  4.5411E-05 2.2764E+02    4.3418E-06    1.7688E-07    2.6950E+00   -2.9017E+01    8.1602E+00    2.1900E-04
7.0317E+01  5.3487E-05 2.2917E+02    4.4806E-06    2.2220E-07    2.6571E+00   -1.7991E+01    8.6542E+00    2.1900E-04
6.9185E+01  6.2920E-05 2.3075E+02    4.6137E-06    2.7089E-07    2.8678E+00   -1.1584E+01    9.1915E+00    2.1900E-04
6.8054E+01  7.3923E-05 2.3239E+02    4.7215E-06    3.2118E-07    3.1032E+00   -8.1171E+00    9.7709E+00    2.1900E-04
6.6924E+01  8.6740E-05 2.3406E+02    4.8219E-06    3.7326E-07    3.3480E+00   -6.3832E+00    1.0390E+01    2.1900E-04
6.5795E+01  1.0165E-04 2.3576E+02    4.9123E-06    4.2850E-07    3.6102E+00   -5.5883E+00    1.1048E+01    2.1900E-04
6.4668E+01  1.1898E-04 2.3747E+02    4.9894E-06    4.8989E-07    3.9155E+00   -5.3038E+00    1.1740E+01    2.1900E-04
6.3542E+01  1.3908E-04 2.3918E+02    5.0570E-06    5.5888E-07    4.2581E+00   -5.2736E+00    1.2465E+01    2.1900E-04
6.2417E+01  1.6238E-04 2.4088E+02    5.1245E-06    6.3440E-07    4.6313E+00   -5.3758E+00    1.3220E+01    2.1900E-04
6.1294E+01  1.8933E-04 2.4257E+02    5.1812E-06    7.1849E-07    5.0385E+00   -5.5429E+00    1.4003E+01    2.1900E-04
6.0173E+01  2.2049E-04 2.4425E+02    5.2361E-06    8.1118E-07    5.4741E+00   -5.7502E+00    1.4813E+01    2.1900E-04
5.9054E+01  2.5645E-04 2.4592E+02    5.2809E-06    9.1280E-07    5.9323E+00   -5.9813E+00    1.5648E+01    2.1900E-04
5.7937E+01  2.9789E-04 2.4756E+02    5.3156E-06    1.0273E-06    6.4136E+00   -6.2298E+00    1.6508E+01    2.1900E-04
5.6822E+01  3.4560E-04 2.4920E+02    5.3502E-06    1.1405E-06    6.8542E+00   -6.4902E+00    1.7395E+01    2.1900E-04
5.5711E+01  4.0044E-04 2.5082E+02    5.3823E-06    1.2759E-06    7.3351E+00   -6.7527E+00    1.8308E+01    2.1900E-04
5.4602E+01  4.6341E-04 2.5242E+02    5.4045E-06    1.4311E-06    7.8269E+00   -7.0089E+00    1.9249E+01    2.1900E-04
5.3495E+01  5.3559E-04 2.5402E+02    5.4266E-06    1.5926E-06    8.2571E+00   -7.2609E+00    2.0218E+01    2.1900E-04
5.2392E+01  6.1825E-04 2.5561E+02    5.4487E-06    1.7780E-06    8.6651E+00   -7.5070E+00    2.1218E+01    2.1900E-04
5.1293E+01  7.1275E-04 2.5719E+02    5.4600E-06    1.9868E-06    9.0226E+00   -7.7372E+00    2.2247E+01    2.1900E-04
5.0196E+01  8.2067E-04 2.5877E+02    5.4700E-06    2.2084E-06    9.2757E+00   -7.9483E+00    2.3309E+01    2.1900E-04
4.9104E+01  9.4374E-04 2.6033E+02    5.4700E-06    2.4632E-06    9.4591E+00   -8.1737E+00    2.4402E+01    2.1900E-04
4.8015E+01  1.0839E-03 2.6195E+02    5.4637E-06    2.7309E-06    9.5113E+00   -8.4800E+00    2.5568E+01    2.1900E-04
4.6929E+01  1.2433E-03 2.6347E+02    5.4520E-06    3.0214E-06    9.4406E+00   -8.7555E+00    2.6701E+01    2.1900E-04
4.5849E+01  1.4244E-03 2.6455E+02    5.4304E-06    3.3339E-06    9.2375E+00   -8.8388E+00    2.7527E+01    2.1900E-04
4.4776E+01  1.6297E-03 2.6496E+02    5.4079E-06    3.6777E-06    8.9211E+00   -8.6873E+00    2.7846E+01    2.1900E-04
4.3713E+01  1.8623E-03 2.6465E+02    5.3654E-06    4.0365E-06    8.4779E+00   -8.3263E+00    2.7607E+01    2.1900E-04
4.2663E+01  2.1255E-03 2.6367E+02    5.3134E-06    4.3822E-06    7.9139E+00   -7.8204E+00    2.6855E+01    2.1900E-04
4.1629E+01  2.4227E-03 2.6213E+02    5.2580E-06    4.7092E-06    7.2882E+00   -7.2404E+00    2.5697E+01    2.1900E-04
4.0611E+01  2.7581E-03 2.6014E+02    5.1870E-06    4.9915E-06    6.6401E+00   -6.6329E+00    2.4265E+01    2.1900E-04
3.9613E+01  3.1359E-03 2.5784E+02    5.1128E-06    5.2269E-06    6.0202E+00   -6.0352E+00    2.2682E+01    2.1900E-04
3.8633E+01  3.5610E-03 2.5534E+02    5.0306E-06    5.4146E-06    5.4565E+00   -5.4711E+00    2.1044E+01    2.1900E-04
3.7673E+01  4.0386E-03 2.5270E+02    4.9447E-06    5.5612E-06    4.9604E+00   -4.9583E+00    1.9414E+01    2.1900E-04
3.6733E+01  4.5745E-03 2.4998E+02    4.8508E-06    5.6809E-06    4.5320E+00   -4.5069E+00    1.7831E+01    2.1900E-04
3.5813E+01  5.1750E-03 2.4720E+02    4.7490E-06    5.7810E-06    4.1606E+00   -4.1107E+00    1.6315E+01    2.1900E-04
3.4913E+01  5.8469E-03 2.4439E+02    4.6508E-06    5.8627E-06    3.8303E+00   -3.7672E+00    1.4882E+01    2.1900E-04
3.4032E+01  6.5978E-03 2.4159E+02    4.5511E-06    5.9173E-06    3.5269E+00   -3.4609E+00    1.3545E+01    2.1900E-04
3.3171E+01  7.4357E-03 2.3883E+02    4.4522E-06    5.9559E-06    3.2475E+00   -3.1789E+00    1.2316E+01    2.1900E-04
3.2329E+01  8.3694E-03 2.3615E+02    4.3514E-06    5.9700E-06    2.9837E+00   -2.9108E+00    1.1202E+01    2.1900E-04
3.1506E+01  9.4086E-03 2.3359E+02    4.2464E-06    5.9314E-06    2.7261E+00   -2.6533E+00    1.0210E+01    2.1900E-04
3.0700E+01  1.0563E-02 2.3119E+02    4.1462E-06    5.8516E-06    2.4794E+00   -2.4374E+00    9.3433E+00    2.1900E-04
2.9910E+01  1.1845E-02 2.2899E+02    4.0518E-06    5.7177E-06    2.2427E+00   -2.1799E+00    8.5955E+00    2.1900E-04
2.9137E+01  1.3265E-02 2.2698E+02    3.9593E-06    5.5314E-06    2.0197E+00   -1.9373E+00    7.9544E+00    2.1900E-04
2.8379E+01  1.4837E-02 2.2516E+02    3.8686E-06    5.3029E-06    1.8147E+00   -1.7137E+00    7.4040E+00    2.1900E-04
2.7636E+01  1.6575E-02 2.2351E+02    3.7797E-06    5.0352E-06    1.6290E+00   -1.5112E+00    6.9283E+00    2.1900E-04
2.6906E+01  1.8492E-02 2.2198E+02    3.6925E-06    4.7433E-06    1.4647E+00   -1.3310E+00    6.5120E+00    2.1900E-04
2.6190E+01  2.0606E-02 2.2057E+02    3.6069E-06    4.4290E-06    1.3198E+00   -1.1738E+00    6.1425E+00    2.1900E-04
2.5486E+01  2.2932E-02 2.1924E+02    3.5228E-06    4.1064E-06    1.1935E+00   -1.0381E+00    5.8095E+00    2.1900E-04
2.4795E+01  2.5488E-02 2.1798E+02    3.4404E-06    3.7815E-06    1.0827E+00   -9.2107E-01    5.5055E+00    2.1900E-04
2.4117E+01  2.8294E-02 2.1676E+02    3.3692E-06    3.4554E-06    9.8334E-01   -8.1974E-01    5.2256E+00    2.1900E-04
2.3450E+01  3.1368E-02 2.1559E+02    3.2896E-06    3.1368E-06    8.9317E-01   -7.2932E-01    4.8582E+00    2.1900E-04
2.2795E+01  3.4734E-02 2.1447E+02    3.2115E-06    2.8355E-06    8.1063E-01   -6.4698E-01    4.5058E+00    2.1900E-04
2.2152E+01  3.8411E-02 2.1340E+02    3.1445E-06    2.5418E-06    7.3257E-01   -5.7246E-01    4.1897E+00    2.1900E-04
2.1520E+01  4.2425E-02 2.1238E+02    3.0742E-06    2.2696E-06    6.5962E-01   -5.0338E-01    3.9078E+00    2.1900E-04
2.0899E+01  4.6799E-02 2.1143E+02    3.0048E-06    2.0104E-06    5.9045E-01   -4.4011E-01    3.6586E+00    2.1900E-04
2.0289E+01  5.1559E-02 2.1055E+02    2.9417E-06    1.7762E-06    5.2660E-01   -3.8095E-01    3.4408E+00    2.1900E-04
1.9689E+01  5.6732E-02 2.0975E+02    2.8819E-06    1.5496E-06    4.6608E-01   -3.2720E-01    3.2525E+00    2.1900E-04
1.9099E+01  6.2345E-02 2.0904E+02    2.8232E-06    1.3406E-06    4.1063E-01   -2.7716E-01    3.0917E+00    2.1900E-04
1.8519E+01  6.8426E-02 2.0841E+02    2.7654E-06    1.1488E-06    3.6073E-01   -2.3079E-01    2.9559E+00    2.1900E-04
1.7949E+01  7.5007E-02 2.0786E+02    2.7149E-06    9.7612E-07    3.1688E-01   -1.8879E-01    2.8422E+00    2.1900E-04
1.7388E+01  8.2117E-02 2.0739E+02    2.6702E-06    8.2160E-07    2.7892E-01   -1.5266E-01    2.7479E+00    2.1900E-04
1.6836E+01  8.9787E-02 2.0700E+02    2.6262E-06    6.8216E-07    2.4612E-01   -1.2465E-01    2.6702E+00    2.1900E-04
1.6293E+01  9.8050E-02 2.0667E+02    2.5922E-06    5.5866E-07    2.1824E-01   -1.0576E-01    2.6073E+00    2.1900E-04
1.5759E+01  1.0694E-01 2.0640E+02    2.5603E-06    4.5178E-07    1.9376E-01   -6.2528E-02    2.5569E+00    2.1900E-04
1.5233E+01  1.1649E-01 2.0619E+02    2.5392E-06    3.6069E-07    1.7318E-01   -5.4786E-02    2.5184E+00    2.1900E-04
1.4715E+01  1.2673E-01 2.0605E+02    2.5185E-06    2.8508E-07    1.5624E-01   -5.1945E-02    2.4931E+00    2.1900E-04
1.4205E+01  1.3769E-01 2.0600E+02    2.4982E-06    2.2370E-07    1.4238E-01   -5.1936E-02    2.4835E+00    2.1900E-04
1.3703E+01  1.4942E-01 2.0605E+02    2.4791E-06    1.7173E-07    1.3076E-01   -5.4790E-02    2.4924E+00    2.1900E-04
1.3209E+01  1.6194E-01 2.0623E+02    2.4700E-06    1.3163E-07    1.2168E-01   -5.8240E-02    2.5259E+00    2.1900E-04
1.2722E+01  1.7529E-01 2.0651E+02    2.4728E-06    1.0502E-07    1.1542E-01   -5.5554E-02    2.5778E+00    2.1900E-04
1.2242E+01  1.8950E-01 2.0693E+02    2.9268E-06    8.7210E-08    1.1322E-01   -6.4123E-02    2.6580E+00    2.1900E-04
1.1769E+01  2.0461E-01 2.0741E+02    3.4165E-06    7.3558E-08    1.1177E-01   -6.0693E-02    2.7510E+00    2.1900E-04
1.1302E+01  2.2064E-01 2.0805E+02    3.7575E-06    6.3474E-08    1.1158E-01   -4.1533E-02    2.8806E+00    2.1900E-04
1.0842E+01  2.3763E-01 2.0892E+02    4.2802E-06    5.7447E-08    1.1231E-01   -3.1979E-02    3.0657E+00    2.1900E-04
1.0387E+01  2.5560E-01 2.1063E+02    5.4669E-06    5.3644E-08    1.1725E-01   -8.1079E-02    3.4588E+00    2.1900E-04
9.9345E+00  2.7459E-01 2.1333E+02    7.9574E-06    5.0797E-08    1.2970E-01   -2.7573E-01    4.1703E+00    2.1900E-04
9.4830E+00  2.9461E-01 2.1771E+02    1.4263E-05    4.8280E-08    1.5895E-01   -6.5678E-01    5.4437E+00    2.1900E-04
9.0307E+00  3.1570E-01 2.2207E+02    2.4930E-05    4.5922E-08    2.0120E-01   -1.0584E+00    6.5361E+00    2.1900E-04
8.5779E+00  3.3787E-01 2.2641E+02    4.2472E-05    4.3656E-08    2.5562E-01   -1.4540E+00    7.7765E+00    2.1900E-04
8.1250E+00  3.6114E-01 2.3068E+02    7.0492E-05    4.1391E-08    3.1948E-01   -1.8015E+00    9.1675E+00    2.1900E-04
7.6725E+00  3.8552E-01 2.3489E+02    1.1389E-04    3.9146E-08    3.8740E-01   -2.0585E+00    1.0707E+01    2.1900E-04
7.2209E+00  4.1104E-01 2.3900E+02    1.7897E-04    3.6981E-08    4.5818E-01   -2.2292E+00    1.2387E+01    2.1900E-04
6.7707E+00  4.3769E-01 2.4298E+02    2.7332E-04    3.4818E-08    5.3493E-01   -2.3348E+00    1.4193E+01    2.1900E-04
6.3224E+00  4.6548E-01 2.4680E+02    4.0546E-04    3.2742E-08    6.1074E-01   -2.3645E+00    1.6107E+01    2.1900E-04
5.8766E+00  4.9442E-01 2.5046E+02    5.8433E-04    3.0759E-08    6.7139E-01   -2.3569E+00    1.8104E+01    2.1900E-04
5.4339E+00  5.2449E-01 2.5393E+02    8.1865E-04    2.8741E-08    7.1325E-01   -2.3319E+00    2.0163E+01    2.1900E-04
4.9949E+00  5.5569E-01 2.5721E+02    1.1164E-03    2.6821E-08    7.4398E-01   -2.3066E+00    2.2261E+01    2.1900E-04
4.5601E+00  5.8800E-01 2.6030E+02    1.4846E-03    2.4993E-08    7.6887E-01   -2.2523E+00    2.4378E+01    2.1900E-04
4.1301E+00  6.2141E-01 2.6320E+02    1.9290E-03    2.3239E-08    7.8651E-01   -2.1844E+00    2.6500E+01    2.1900E-04
3.7053E+00  6.5589E-01 2.6593E+02    2.4542E-03    2.1632E-08    7.9435E-01   -2.1108E+00    2.8614E+01    2.1900E-04
3.2863E+00  6.9141E-01 2.6849E+02    3.0636E-03    2.0039E-08    7.9349E-01   -2.0015E+00    3.0711E+01    2.1900E-04
2.8735E+00  7.2793E-01 2.7090E+02    3.7598E-03    1.8611E-08    7.8730E-01   -1.8405E+00    3.2785E+01    2.1900E-04
2.4671E+00  7.6542E-01 2.7320E+02    4.5591E-03    1.7340E-08    7.7945E-01   -1.6975E+00    3.4850E+01    2.1900E-04
2.0676E+00  8.0383E-01 2.7558E+02    5.4921E-03    1.6216E-08    7.7042E-01   -1.6068E+00    3.7100E+01    2.1900E-04
1.6749E+00  8.4309E-01 2.7784E+02    6.3787E-03    1.5232E-08    7.4640E-01   -1.5216E+00    3.9332E+01    2.1900E-04
1.2894E+00  8.8317E-01 2.8000E+02    7.4910E-03    1.4385E-08    7.3443E-01   -1.5405E+00    4.1565E+01    2.1900E-04
9.1149E-01  9.2398E-01 2.8206E+02    8.5891E-03    1.3685E-08    7.2040E-01   -1.6127E+00    4.3770E+01    2.1900E-04
5.4137E-01  9.6546E-01 2.8403E+02    9.8043E-03    1.3147E-08    7.1938E-01   -1.8263E+00    4.5967E+01    2.1900E-04
1.7929E-01  1.0075E+00 2.8590E+02    1.1148E-02    1.2717E-08    7.3721E-01   -2.0718E+00    4.8130E+01    2.1900E-04
0.0000E+00  1.0289E+00 2.8684E+02    1.1823E-02    1.2800E-08    7.8901E+00   -3.4858E+00    4.9244E+01    2.1900E-04
