   224.316785077091        0.462719487122317E-05
   225.706560421754        0.483021537486542E-05
   227.158983975729        0.501141028990353E-05
   228.681508137511        0.517589069765153E-05
   230.266181657281        0.531498041191038E-05
   231.900389010246        0.544038271681438E-05
   233.570972823846        0.556136803237916E-05
   235.265428661605        0.565719693474852E-05
   236.972420921744        0.574720891013436E-05
   238.682230351470        0.583531502676578E-05
   240.387119027168        0.590263253233551E-05
   242.081510500393        0.596986125061162E-05
   243.761940902760        0.602698945954640E-05
   245.426800831570        0.608265867979184E-05
   247.075930606491        0.612723168861317E-05
   248.710152290530        0.616171214932786E-05
   250.330821918192        0.619804745936488E-05
   251.939467120637        0.623018206194534E-05
   253.537544845489        0.625225566998822E-05
   255.126320473797        0.627426812967791E-05
   256.706843075771        0.629621626911992E-05
   258.279978380349        0.630809701920099E-05
   259.846462320037        0.631000000000000E-05
   261.433500300635        0.631000000000000E-05
   263.020063009253        0.630669151925880E-05
   264.242085591880        0.629000000000000E-05
   264.806653982972        0.626368748418255E-05
   264.634079472714        0.623244715519232E-05
   263.763647501485        0.618436426248336E-05
   262.300927493629        0.613229311087141E-05
   260.380600186137        0.607123380181969E-05
   258.136751026570        0.600126690799153E-05
   255.679371244144        0.592325493096379E-05
   253.087057036700        0.583638285046681E-05
   250.411331968887        0.574385375855438E-05
   247.686179922669        0.565171733542667E-05
   244.940257615815        0.555786298670371E-05
   242.205657560779        0.545338146268935E-05
   239.519813308465        0.535849844196147E-05
   236.924211728086        0.525714732550488E-05
   234.461977464884        0.515803994787704E-05
   232.177751842325        0.506098791766673E-05
   230.097368922465        0.496184274269155E-05
   228.223320306335        0.486275324844415E-05
   226.541698654277        0.477125513466576E-05
   225.028194279385        0.468160800496702E-05
   223.653195557535        0.459340339528936E-05
   222.386200753329        0.450689348903627E-05
   221.199807083932        0.442178483045573E-05
   220.071657662931        0.433818527328542E-05
   218.985676088094        0.425608359916319E-05
   217.932555597084        0.417525128869725E-05
   216.909024759681        0.410326535789506E-05
   215.916857135898        0.402797476308756E-05
   214.961847549952        0.395123465587572E-05
   214.052424939301        0.388158348682499E-05
   213.197841399803        0.381187421944941E-05
   212.406607381060        0.374915863823132E-05
   211.685400891343        0.367962103927494E-05
   211.037381173609        0.362096744025354E-05
   210.461765633449        0.356865964659800E-05
   209.954592238685        0.352330081733150E-05
   209.510728237749        0.347868938944836E-05
   209.125946992899        0.343480630488605E-05
   208.793543628023        0.340122771427852E-05
   208.513906249152        0.336957568932693E-05
   208.297664255831        0.334866952789564E-05
   208.161650438447        0.332905002126118E-05
   208.124214104715        0.331892630861935E-05
   208.201903980428        0.330895920293121E-05
   208.405924164693        0.330085469551779E-05
   208.748558904774        0.332174600011616E-05
   209.113415091244        0.400901010450185E-05
   209.681861037000        0.452457666313072E-05
   210.346418945163        0.526170343686068E-05
   211.385842588273        0.607269918484278E-05
   212.668816579471        0.727792905911346E-05
   216.893846626589        0.128331197904165E-04
   221.240793050130        0.224781008051006E-04
   225.561169437047        0.383979732699319E-04
   229.835883831379        0.639318971408440E-04
   234.042394983822        0.103666395243669E-03
   238.155500839002        0.163561370399765E-03
   242.148976955358        0.250895981954701E-03
   245.997921525179        0.373982645365768E-03
   249.681311016355        0.541671573404798E-03
   253.184075765383        0.762753268214417E-03
   256.498136949723        0.104540901029851E-02
   259.622232222689        0.139682879565846E-02
   262.560744967259        0.182302992902535E-02
   265.322058523718        0.232883717791657E-02
   267.916921574452        0.291795604572183E-02
   270.357095186473        0.359307377512231E-02
   272.654371100566        0.435594431825475E-02
   275.037726600019        0.528419839754164E-02
   277.316620065815        0.617859494222713E-02
   279.503514030514        0.722878950153489E-02
   281.574775102569        0.833646225451025E-02
   283.555654624071        0.947164364751929E-02
   285.441399888559        0.108277085994246E-01
   286.385468585165        0.115072754845384E-01
