   224.473394630226        0.290406032795377E-05
   225.865206091669        0.300974689771012E-05
   227.319192280029        0.311268989051199E-05
   228.842744306275        0.320557426665958E-05
   230.427935961221        0.327904846881660E-05
   232.062180098079        0.335094661143145E-05
   233.732328066385        0.342156029275960E-05
   235.425865750182        0.347393211025785E-05
   237.131435208896        0.352366366490025E-05
   238.839287408434        0.357467184101757E-05
   240.541652116239        0.360564270263364E-05
   242.232923420093        0.364656917585252E-05
   243.909616736103        0.367744356372215E-05
   245.570116517486        0.370413226793173E-05
   247.214276259651        0.372450557105876E-05
   248.842953175532        0.374484093551916E-05
   250.457560295323        0.376000000000000E-05
   252.059701081476        0.377000000000000E-05
   253.650921817707        0.378000000000000E-05
   255.232584130807        0.378000000000000E-05
   256.805833597871        0.378000000000000E-05
   258.371627061195        0.376414496165846E-05
   259.977809947448        0.375417267496719E-05
   261.545675549528        0.372426477421889E-05
   262.590500825061        0.368892173399008E-05
   262.700790634770        0.364453912559852E-05
   261.723320187292        0.358654487367513E-05
   259.693616736323        0.351960976396067E-05
   256.779991809290        0.345182638926785E-05
   253.217131817842        0.336921683574214E-05
   249.257260241692        0.329025718383188E-05
   245.112756384555        0.321353576900299E-05
   240.948069430373        0.312878450338127E-05
   236.885845848016        0.304581644753317E-05
   233.004807209157        0.295442382600605E-05
   229.352850734172        0.287472852133240E-05
   225.958566524581        0.278966046621476E-05
   222.838771379537        0.270958974948356E-05
   220.004108813281        0.263411239580475E-05
   217.461774926780        0.255999827240242E-05
   215.216489461884        0.248709985348475E-05
   213.268405423324        0.241551185760972E-05
   211.602105053655        0.234490280143393E-05
   210.188775881616        0.228444285963007E-05
   208.994590160529        0.221967574894608E-05
   207.985235832232        0.215960418492182E-05
   207.127756582172        0.210256960594552E-05
   206.392096751516        0.204004277022184E-05
   205.752025044580        0.198824586115290E-05
   205.184754703010        0.193720553159872E-05
   204.671857781710        0.188683738445625E-05
   204.199983567455        0.183704926521445E-05
   203.760326615083        0.178798016937908E-05
   203.348151023236        0.173961913853656E-05
   202.963117034199        0.169195550500228E-05
   202.608420499730        0.164615175587296E-05
   202.289435694666        0.160839232909584E-05
   202.011704240713        0.156260032882053E-05
   201.778604343477        0.152312428641870E-05
   201.590810105727        0.148975535695890E-05
   201.447131559377        0.145685734693750E-05
   201.345489316180        0.142442164295920E-05
   201.283800332787        0.140163291994696E-05
   201.260775020011        0.138060986406803E-05
   201.269199857239        0.135988426927767E-05
   201.310685116643        0.133945237187590E-05
   201.396858084318        0.131966186636595E-05
   201.552139921350        0.130974384676747E-05
   201.794523197231        0.130000000000000E-05
   202.150478333186        0.130000000000000E-05
   202.591745236360        0.154341866224090E-05
   203.126807550705        0.174055440435602E-05
   203.694586615725        0.199626748057886E-05
   205.222260237676        0.251142050037151E-05
   208.361608218607        0.396767004996556E-05
   211.136851964299        0.587947468934291E-05
   215.559331479844        0.107314544449684E-04
   219.972815218545        0.190916672976755E-04
   224.362024455302        0.330966118604663E-04
   228.708538367359        0.558820185887310E-04
   232.990587476150        0.918364128751110E-04
   237.181841378597        0.146751961349599E-03
   241.254306810465        0.227807401685689E-03
   245.181036496050        0.343306433609416E-03
   248.939034109645        0.502184738437228E-03
   252.511673042614        0.713394532379194E-03
   255.889928103312        0.985326999333152E-03
   259.072205629564        0.132540397988028E-02
   262.063079709250        0.173988491939447E-02
   264.871500092530        0.223385232011202E-02
   267.508990674999        0.281129880933575E-02
   269.988158398882        0.347524343789998E-02
   272.321623069297        0.422783065037066E-02
   274.692740886696        0.513760488107738E-02
   277.010502396661        0.604460152465894E-02
   279.234666885827        0.706867415576606E-02
   281.344022068011        0.819331002010282E-02
   283.359777322450        0.930799589336225E-02
   285.284729421187        0.106879212880813E-01
   287.114949719536        0.120018591751968E-01
   288.037254563092        0.126644887991230E-01
