   224.865215893049        0.386957101545691E-05
   226.261563190347        0.403527440649058E-05
   227.719658965696        0.419447676066098E-05
   229.246844634374        0.432952095383411E-05
   230.835221752580        0.445282962791497E-05
   232.472233750829        0.455884607217540E-05
   234.144751112680        0.465934191165299E-05
   235.840279429348        0.473967955971154E-05
   237.547497895031        0.481993365560806E-05
   239.256725247351        0.489258103539195E-05
   240.960296131623        0.495012461495311E-05
   242.652745271893        0.500502698244885E-05
   244.330755727473        0.504990157636964E-05
   245.992892428660        0.509469876535749E-05
   247.639185829919        0.513941031476536E-05
   249.270651752918        0.517200785631767E-05
   250.888833282821        0.519851177734837E-05
   252.495431434083        0.522645356219262E-05
   254.092059580789        0.524859040449706E-05
   255.680122107666        0.526066425016616E-05
   257.260790489535        0.527000000000000E-05
   258.835036772033        0.528000000000000E-05
   260.403686187985        0.528000000000000E-05
   262.025113590027        0.527172219143604E-05
   263.530942542285        0.526000400696827E-05
   264.574287091530        0.523838862935671E-05
   264.944912489908        0.520692823760268E-05
   264.599110098721        0.517135399295912E-05
   263.585315676388        0.511938797194594E-05
   262.006333780363        0.506206446978491E-05
   259.990197178013        0.499110195216628E-05
   257.663146624648        0.491500848787334E-05
   255.129648201721        0.482678633547101E-05
   252.462823656619        0.473519175742469E-05
   249.708332232869        0.464143917459573E-05
   246.896211952024        0.454766187102586E-05
   244.053000240170        0.444007534117463E-05
   241.208661629912        0.434475498168099E-05
   238.398779060184        0.424185578643326E-05
   235.663575964504        0.414136260631002E-05
   233.046097620234        0.403521497521432E-05
   230.592547455866        0.393690934672805E-05
   228.330958835658        0.384295899642314E-05
   226.266488284887        0.375079524021748E-05
   224.388324416662        0.366071292114216E-05
   222.675870438773        0.357217254226287E-05
   221.103610134146        0.348552694784553E-05
   219.645856351883        0.340034737270776E-05
   218.280113208169        0.331681048607220E-05
   216.988731614804        0.324484233105685E-05
   215.759698383632        0.316417921644896E-05
   214.586753051366        0.309257300270561E-05
   213.468573761156        0.301740539877838E-05
   212.407727126912        0.294410658262743E-05
   211.409573757634        0.287581640435817E-05
   210.481063236072        0.281008638306742E-05
   209.629508220330        0.274971590962499E-05
   208.861009989597        0.269022000268661E-05
   208.178919973903        0.263174199832669E-05
   207.583211979165        0.257941537895093E-05
   207.070758846228        0.252769402388388E-05
   206.636242647800        0.247966040827578E-05
   206.273989963705        0.244439873925923E-05
   205.979922003061        0.241205614587157E-05
   205.746304588667        0.238021590455800E-05
   205.572586075690        0.234923659313490E-05
   205.466692920588        0.232932688425859E-05
   205.445256840018        0.231838017264545E-05
   205.527172932720        0.229920860708843E-05
   205.725396765819        0.228937315908862E-05
   206.046960885137        0.228250620361628E-05
   206.484631110724        0.272406621650316E-05
   206.997580556470        0.307259993499903E-05
   207.528753981156        0.349490449205079E-05
   208.860042895413        0.424475774027626E-05
   210.421461901489        0.531321802929343E-05
   213.563313041887        0.820684385606706E-05
   217.945923146502        0.147001894371286E-04
   222.312582073461        0.256750930919274E-04
   226.646638561002        0.437092702976250E-04
   230.928002284652        0.724829987378318E-04
   235.133344127925        0.116991086166363E-03
   239.236868735100        0.183631036524503E-03
   243.211815633428        0.280075573584689E-03
   247.033446887222        0.414908416373269E-03
   250.681884165674        0.597075908489567E-03
   254.143971187585        0.835282012641573E-03
   257.413881572305        0.113747816656191E-02
   260.492488568228        0.151054286169078E-02
   263.385915149706        0.196016058407877E-02
   266.103799554044        0.249084646725281E-02
   268.657689326724        0.310604271325871E-02
   271.059774131496        0.380822491586512E-02
   273.366246591512        0.462464319268790E-02
   275.741171941434        0.555436944544919E-02
   277.994377873016        0.643852316130916E-02
   280.153713440808        0.756887405029735E-02
   282.202303685540        0.866416478180817E-02
   284.167964423463        0.990239207699308E-02
   286.032804431813        0.112430539896063E-01
   286.968631280099        0.119164789867393E-01
