   224.624425379983        0.424893690205436E-05
   226.017900457797        0.443080884552012E-05
   227.473615449294        0.459707947700280E-05
   228.998972653193        0.474782011070673E-05
   230.586042882067        0.488306184641405E-05
   232.222233059928        0.499606669387890E-05
   233.894392628446        0.510319673308018E-05
   235.590015636549        0.520345537404505E-05
   237.297768182291        0.528270651960845E-05
   239.007945358875        0.536022019086193E-05
   240.712842104537        0.542765566300608E-05
   242.406935425994        0.548500220870804E-05
   244.086833994112        0.554149182367825E-05
   245.751015627439        0.558622407056936E-05
   247.399416408911        0.563087134167317E-05
   249.032956212100        0.566542561179555E-05
   250.653085330490        0.569987918537570E-05
   252.261418193294        0.572210642799424E-05
   253.859489034396        0.574421499034390E-05
   255.448630415605        0.576626216439632E-05
   257.029948616843        0.578000000000000E-05
   258.604356735302        0.579000000000000E-05
   260.172627891430        0.579000000000000E-05
   261.776002498639        0.579000000000000E-05
   263.327078313495        0.578000000000000E-05
   264.469412756412        0.576293303233673E-05
   264.947173463011        0.573295984590004E-05
   264.698727853162        0.570045964903984E-05
   263.769708584873        0.564846677153921E-05
   262.264142457995        0.559562013217901E-05
   260.312995854459        0.553275387386084E-05
   258.045606194024        0.545282690642644E-05
   255.569034213758        0.537444058107273E-05
   252.959175953720        0.528703784057564E-05
   250.265727630180        0.520240293222631E-05
   247.521500165596        0.510092508728337E-05
   244.753797004092        0.500499252649301E-05
   241.993535881011        0.490273671344421E-05
   239.277471422626        0.480591891447930E-05
   236.646555339936        0.470472385913967E-05
   234.143576409328        0.460574489919678E-05
   231.813108772713        0.450881201144693E-05
   229.680887313768        0.440404897503635E-05
   227.749561060726        0.431115696854398E-05
   226.005873555750        0.421998473346604E-05
   224.425845930754        0.413061184782723E-05
   222.980402059495        0.404280022311037E-05
   221.640026210333        0.395670107473681E-05
   220.378195809199        0.387196347415239E-05
   219.173860863319        0.378886921520432E-05
   218.013003356049        0.370931133931287E-05
   216.888231256581        0.363686707871126E-05
   215.797905330144        0.355808745405727E-05
   214.745134934948        0.348219149517973E-05
   213.736744489745        0.341445455360914E-05
   212.781679023979        0.333968915406814E-05
   211.890120697853        0.327523782318294E-05
   211.071143130218        0.321505778435290E-05
   210.330891758357        0.315585372482266E-05
   209.671226875791        0.309766945403853E-05
   209.090315444086        0.304046978979915E-05
   208.583909429998        0.299139150358147E-05
   208.146697803615        0.295535354760532E-05
   207.774212715225        0.291358096750700E-05
   207.459775651291        0.288054977758857E-05
   207.206017476109        0.285890988366713E-05
   207.026314365261        0.282925873250060E-05
   206.934114442945        0.281808258759293E-05
   206.946523588067        0.279898514690669E-05
   207.070082347611        0.278908021642438E-05
   207.313925381764        0.278268804142217E-05
   207.688739402315        0.282731029167405E-05
   208.138258621095        0.346702037908138E-05
   208.717716330216        0.394343794399095E-05
   209.348946183181        0.456419821725940E-05
   210.935519405641        0.570643718725258E-05
   212.965102413450        0.757373951493208E-05
   217.337285016184        0.135914418077061E-04
   221.694156858365        0.237824746083303E-04
   226.019921441446        0.405652069967999E-04
   230.297105073567        0.674224928394833E-04
   234.503301301720        0.109114926013935E-03
   238.612703986748        0.171786349351559E-03
   242.598722686962        0.262883899662928E-03
   246.436472441605        0.390839484581449E-03
   250.105382776051        0.564550653616363E-03
   253.591190780167        0.792779231758310E-03
   256.886782470462        0.108361731443067E-02
   259.991802980597        0.144412887823488E-02
   262.911373363194        0.188019330871863E-02
   265.654417908650        0.239650625358142E-02
   268.232034868097        0.299666333100148E-02
   270.656174097109        0.368326306243539E-02
   272.938696188595        0.445798878194199E-02
   275.334071797004        0.539804990185868E-02
   277.602090651389        0.628810783022454E-02
   279.778278741673        0.737255334582861E-02
   281.839890592738        0.847495447709054E-02
   283.815220423472        0.965431362136705E-02
   285.692003275242        0.110037752350733E-01
   286.632577348219        0.116807371061788E-01
