   224.786401650474        0.400537764505957E-05
   226.181821591380        0.418271471959385E-05
   227.639207986563        0.434178442565154E-05
   229.165928674621        0.448058946272264E-05
   230.754067935315        0.461372239942942E-05
   232.391046261706        0.472149957271150E-05
   234.063716223803        0.482193735499654E-05
   235.759569620125        0.491228065926104E-05
   237.467272790542        0.498936621115116E-05
   239.177129952967        0.505695095814421E-05
   240.881457951982        0.512445734318781E-05
   242.574769720072        0.518124358367417E-05
   244.253722611380        0.523609600465263E-05
   245.916852646503        0.528087127738959E-05
   247.564159274619        0.531556118675680E-05
   249.196626444255        0.535015713800721E-05
   250.815765583321        0.538231959904374E-05
   252.423247026111        0.540450565277259E-05
   254.020654833266        0.542663338463408E-05
   255.609365547793        0.544869953365920E-05
   257.190524282905        0.546000000000000E-05
   258.765078345615        0.547000000000000E-05
   260.333830340858        0.547000000000000E-05
   261.949468322452        0.546371735913212E-05
   263.469843162238        0.545200584661487E-05
   264.547405602281        0.543039721039250E-05
   264.958471595479        0.540787259135494E-05
   264.651117018331        0.536536426821246E-05
   263.672315537649        0.531338082204087E-05
   262.125507475757        0.525801743864888E-05
   260.139717433182        0.518700810315006E-05
   257.842060923962        0.511280888291675E-05
   255.337237512548        0.503061496466972E-05
   252.699627063977        0.494471747875410E-05
   249.976948758202        0.485083187807288E-05
   247.199890213152        0.474897132980793E-05
   244.394901831456        0.465084245742410E-05
   241.592929524114        0.455110559882697E-05
   238.830420955399        0.445217482306229E-05
   236.147238404185        0.435139629605643E-05
   233.585525068196        0.424643969469048E-05
   231.190222332545        0.414621710189610E-05
   228.988040262708        0.405178368061304E-05
   226.982957199050        0.395925284652087E-05
   225.162926019245        0.386864491496490E-05
   223.505783803846        0.377969710946467E-05
   221.984284884439        0.369250281508478E-05
   220.570781933220        0.360688923147860E-05
   219.240783078476        0.352280356152515E-05
   217.975267900032        0.344038233031422E-05
   216.761972137936        0.336920018101642E-05
   215.594977345507        0.328957647026368E-05
   214.473446877837        0.321146631235749E-05
   213.401004604006        0.314452918625261E-05
   212.384339537392        0.307418377196929E-05
   211.431877602972        0.300484534836396E-05
   210.551975731350        0.294169198713250E-05
   209.751941296964        0.288192207619483E-05
   209.036567542996        0.282315970522578E-05
   208.406920806020        0.276539613088899E-05
   207.860413673373        0.271489407017574E-05
   207.392074316534        0.267019578970293E-05
   206.996303204931        0.262621732633001E-05
   206.668262432752        0.259220762522576E-05
   206.400251054955        0.256025577532385E-05
   206.192562058357        0.253919411111137E-05
   206.054853684924        0.251854403665830E-05
   206.001806484455        0.249821360323605E-05
   206.050907214889        0.247909825942510E-05
   206.233309311635        0.247000000000000E-05
   206.512067401566        0.247283703929843E-05
   206.933071373991        0.292677563061226E-05
   207.407693267634        0.341654544734439E-05
   208.047006545373        0.375753686077328E-05
   208.918142593719        0.428017790631629E-05
   210.626446013797        0.546685868135495E-05
   213.332912749721        0.795739382828046E-05
   217.711335664078        0.142632585088849E-04
   222.074203187965        0.249296092934904E-04
   226.405184421290        0.424721762537767E-04
   230.684736690404        0.704915398509927E-04
   234.890225570206        0.113891684579537E-03
   238.995994859774        0.178973554144227E-03
   242.975220466509        0.273322201168701E-03
   246.803100864152        0.405464305731698E-03
   250.459484610939        0.584329972978571E-03
   253.930785959214        0.818648903911670E-03
   257.210683109616        0.111643083734459E-02
   260.299578446956        0.148463030500120E-02
   263.203210219646        0.192901167977208E-02
   265.930941225843        0.245416448394498E-02
   268.494144815932        0.306359495067577E-02
   270.904914407139        0.375983030471845E-02
   273.195798358014        0.455909390960357E-02
   275.579008537002        0.549208800667397E-02
   277.838289755494        0.637865670551678E-02
   280.004730033858        0.749095262239871E-02
   282.058612155472        0.858912558757694E-02
   284.028524578613        0.980431081310047E-02
   285.898125919125        0.111484740930546E-01
   286.835893515181        0.118233401669507E-01
