   224.057747240875        0.491670381765189E-05
   225.444411621277        0.513202836178382E-05
   226.894031880523        0.532164176230333E-05
   228.414096472855        0.549586339945702E-05
   229.996632301263        0.564475632401614E-05
   231.628998420378        0.577996657759875E-05
   233.298021965097        0.590085849011356E-05
   234.991189268881        0.601331311988127E-05
   236.697154851837        0.610653809803524E-05
   238.406183246458        0.619471808367764E-05
   240.110510375134        0.627193952578262E-05
   241.804522236261        0.633907210549206E-05
   243.484706558815        0.639740459910265E-05
   245.149396905034        0.645300974546267E-05
   246.798371233443        0.650651878604434E-05
   248.432387603034        0.654547059023172E-05
   250.052739786093        0.658525603491464E-05
   251.660897509943        0.661946732805062E-05
   253.258265855370        0.664177785207207E-05
   254.846065233404        0.666376043863126E-05
   256.425306985712        0.668567882809148E-05
   257.996826522315        0.670000000000000E-05
   259.561337094095        0.671000000000000E-05
   261.136628831220        0.671000000000000E-05
   262.747034821548        0.670734663456296E-05
   264.020142446759        0.669000000000000E-05
   264.635237251982        0.666438626520129E-05
   264.504140963267        0.663631746538828E-05
   263.665576844623        0.659435905010278E-05
   262.226992024172        0.654299375273502E-05
   260.324733748728        0.647459333404463E-05
   258.093021812502        0.640465811035755E-05
   255.642852225543        0.632624328665438E-05
   253.054729723896        0.624938780925653E-05
   250.381944518078        0.615762884378220E-05
   247.659431100464        0.606551180963353E-05
   244.916519423237        0.596537534913759E-05
   242.185709100159        0.586664850178002E-05
   239.505563952803        0.577089844809989E-05
   236.918570497248        0.567173981767334E-05
   234.467738323912        0.557264583922493E-05
   232.197697548590        0.547555422334573E-05
   230.134334897651        0.537718059640617E-05
   228.279726756854        0.527726628193019E-05
   226.619460926333        0.518576221402912E-05
   225.128674006730        0.509603502724762E-05
   223.777826598931        0.500780595818862E-05
   222.537037590203        0.492119655067500E-05
   221.379062314965        0.483603745538980E-05
   220.281715618158        0.475231844385301E-05
   219.228849167781        0.467012910657765E-05
   218.210545431255        0.458915890835578E-05
   217.222718055996        0.450965069786897E-05
   216.266228546962        0.443157043636202E-05
   215.346873838410        0.436467431014820E-05
   214.473363570428        0.428912621616836E-05
   213.654937215949        0.422243564063513E-05
   212.899891907897        0.415198446941044E-05
   212.214781069836        0.409016806800939E-05
   211.602171009928        0.402638792502284E-05
   211.060351537584        0.397511257013965E-05
   210.584757798335        0.392458093192606E-05
   210.169800307329        0.387980298536578E-05
   209.810516790326        0.383575086659442E-05
   209.499697080908        0.380180891492779E-05
   209.236127557025        0.376988057998393E-05
   209.028606618776        0.374889050198204E-05
   208.895276112684        0.372823579589427E-05
   208.855890932166        0.370895498174536E-05
   208.924080688263        0.369894891906704E-05
   209.110575284599        0.369000000000000E-05
   209.423731045494        0.370365918181618E-05
   209.857001910518        0.439889376523404E-05
   210.370294817842        0.497310020713266E-05
   210.903378326667        0.565370441089986E-05
   211.821739077558        0.644724744096660E-05
   213.004335321823        0.761727254214549E-05
   216.682831787796        0.124864991597976E-04
   221.026393725017        0.218851221838834E-04
   225.343999215326        0.374106720707158E-04
   229.616861123959        0.623348182839589E-04
   233.822787589224        0.101161787418288E-03
   237.936911171320        0.159761895265137E-03
   241.933236992481        0.245330758910034E-03
   245.786895391305        0.366118903842061E-03
   249.476654024053        0.530947524415105E-03
   252.987045554607        0.748613247238892E-03
   256.309543898537        0.102733503426257E-02
   259.442466886243        0.137436196937559E-02
   262.389834364003        0.179577746921025E-02
   265.159753186719        0.229646927733976E-02
   267.762786977042        0.288019725555171E-02
   270.210591122071        0.354969302162189E-02
   272.514912215921        0.430674610317786E-02
   274.879168772432        0.522328269543990E-02
   277.163880487687        0.612000587042181E-02
   279.355874144016        0.715153851367318E-02
   281.432305670203        0.826204213719317E-02
   283.415627955925        0.937309250161157E-02
   285.306225473133        0.107327385900912E-01
   286.252161672089        0.114137012035107E-01
