   223.867193803196        0.514844241181721E-05
   225.251570704319        0.536589881723179E-05
   226.699093172886        0.556768843780297E-05
   228.217273266565        0.574735790480002E-05
   229.798131395109        0.590522117905477E-05
   231.429023510237        0.604915630561940E-05
   233.096783020172        0.617159820446071E-05
   234.788906467717        0.628394637873604E-05
   236.494055128226        0.638695837471004E-05
   238.202490830104        0.647662018982279E-05
   239.906433657271        0.655212703597947E-05
   241.600239549716        0.662919691652439E-05
   243.280353358319        0.668744595106660E-05
   244.945056327727        0.675200804188098E-05
   246.594069166326        0.679647839788764E-05
   248.228092367967        0.684085669211763E-05
   249.848365647981        0.688513523034692E-05
   251.456310653860        0.691930661896237E-05
   253.053291385566        0.695167806461204E-05
   254.640494078354        0.697364118020266E-05
   256.218902159918        0.699554018670777E-05
   257.789328756980        0.700737197120101E-05
   259.352470202616        0.701913351307798E-05
   260.918513786671        0.702000000000000E-05
   262.548413800873        0.701756221406969E-05
   263.863052895829        0.700603256224377E-05
   264.519709871610        0.698463040861567E-05
   264.421865707006        0.694682401621354E-05
   263.606753607064        0.690731408909346E-05
   262.182811668853        0.685528151930629E-05
   260.286990733659        0.679425259821569E-05
   258.055343023910        0.672574506780022E-05
   255.602207032875        0.664734432288072E-05
   253.009552980296        0.656312291294516E-05
   250.330916703644        0.647904591484330E-05
   247.602412759120        0.638695277512170E-05
   244.854645178323        0.628684184768515E-05
   242.120623919235        0.618844124811365E-05
   239.438276106703        0.609240943204204E-05
   236.849334581598        0.599359103622433E-05
   234.397047141875        0.589453269922731E-05
   232.126493238332        0.579746144475484E-05
   230.063630834917        0.569239881721066E-05
   228.210782727528        0.559922716785740E-05
   226.553818157929        0.550776219911543E-05
   225.067895467870        0.541804446029805E-05
   223.723241439218        0.532985042855675E-05
   222.489546045073        0.524324511781932E-05
   221.339030768234        0.515811247393813E-05
   220.249163695623        0.507439284636946E-05
   219.204160842747        0.499219188233839E-05
   218.194589937177        0.491124223101492E-05
   217.216775337167        0.483171951735961E-05
   216.272330687153        0.475361499953010E-05
   215.366971418867        0.467672498236841E-05
   214.509283751263        0.460597065880271E-05
   213.709140151464        0.453689342437883E-05
   212.974951928776        0.446392001776199E-05
   212.313120972867        0.440340755891664E-05
   211.726287283282        0.434451571549801E-05
   211.212849009389        0.428660058980556E-05
   210.768348531214        0.423571825751323E-05
   210.387132176684        0.419088096844001E-05
   210.063941528804        0.414676229479864E-05
   209.790532983232        0.411251279587820E-05
   209.565189373966        0.408046575041037E-05
   209.396733961299        0.405927926927993E-05
   209.301062444497        0.403857844763204E-05
   209.294738178357        0.401910162297049E-05
   209.397107864133        0.400906989413169E-05
   209.611816907553        0.400000000000000E-05
   209.935409008050        0.401165977292423E-05
   210.365648733900        0.422974506214276E-05
   210.874742939685        0.513604677822887E-05
   211.404506832552        0.605772602051099E-05
   212.104629689301        0.670135986514711E-05
   213.472661821816        0.811426210904518E-05
   216.622197526469        0.123885410494628E-04
   220.965027839608        0.217181298050352E-04
   225.281978346645        0.371331326386060E-04
   229.554349555884        0.618859327351027E-04
   233.760070960199        0.100457033196470E-03
   237.874410946460        0.158690893571165E-03
   241.871483308921        0.243759271806089E-03
   245.726447850907        0.363895215514352E-03
   249.417994563340        0.527910867717334E-03
   252.930511071109        0.744601940237890E-03
   256.255361320302        0.102219733944447E-02
   259.390748939843        0.136796211621521E-02
   262.340592837796        0.178799792307327E-02
   265.112921919821        0.228721006754285E-02
   267.718247196300        0.286937374142766E-02
   270.168194114367        0.353723334252425E-02
   272.474496863121        0.429258904955784E-02
   274.840532281457        0.520847978464845E-02
   277.126613313878        0.610575861104614E-02
   279.319768544605        0.713270167496822E-02
   281.397441491560        0.824389461113114E-02
   283.381242423864        0.934896265786674E-02
   285.273005574661        0.107094807514402E-01
   286.219364115503        0.113907657293862E-01
