     ALT          P          T          FH2O           O3           THEAT        TCOOL        PSATCO2        FCO2
6.6490E+01  3.2610E-05 1.8491E+02    1.5178E-06    5.6471E-09    3.3580E+01   -2.6874E+01    4.4213E-01    1.7950E-04
6.5570E+01  3.8505E-05 1.7335E+02    1.7758E-06    7.3758E-09    5.1980E+00   -1.1559E+01    1.4309E-01    1.8000E-04
6.4705E+01  4.5410E-05 1.6618E+02    2.0183E-06    9.3723E-09    1.5948E+00   -4.3074E+00    6.5590E-02    1.8100E-04
6.3873E+01  5.3485E-05 1.6290E+02    2.2341E-06    1.0878E-08    1.0523E+00   -1.3991E+00    4.4835E-02    1.8100E-04
6.3058E+01  6.2916E-05 1.6225E+02    2.4497E-06    1.2148E-08    9.6056E-01   -4.6015E-01    4.1474E-02    1.8136E-04
6.2248E+01  7.3918E-05 1.6311E+02    2.6870E-06    1.3090E-08    9.2593E-01   -3.5275E-01    4.5947E-02    1.8200E-04
6.1439E+01  8.6734E-05 1.6477E+02    2.9390E-06    1.4057E-08    8.9566E-01   -5.0223E-01    5.5774E-02    1.8200E-04
6.0628E+01  1.0164E-04 1.6682E+02    3.1829E-06    1.5054E-08    8.6722E-01   -6.6715E-01    7.0522E-02    1.8200E-04
5.9812E+01  1.1897E-04 1.6907E+02    3.4109E-06    1.6197E-08    8.4589E-01   -7.5519E-01    9.0512E-02    1.8285E-04
5.8993E+01  1.3906E-04 1.7139E+02    3.6339E-06    1.7689E-08    8.2668E-01   -7.9100E-01    1.1642E-01    1.8300E-04
5.8169E+01  1.6235E-04 1.7375E+02    3.8372E-06    1.9483E-08    8.1130E-01   -7.9764E-01    1.4915E-01    1.8300E-04
5.7341E+01  1.8931E-04 1.7610E+02    4.0281E-06    2.1796E-08    8.0193E-01   -7.9914E-01    1.8978E-01    1.8300E-04
5.6509E+01  2.2045E-04 1.7845E+02    4.2066E-06    2.4863E-08    8.0016E-01   -8.0666E-01    2.3976E-01    1.8300E-04
5.5673E+01  2.5640E-04 1.8079E+02    4.3741E-06    2.8897E-08    8.0745E-01   -8.2577E-01    3.0104E-01    1.8300E-04
5.4833E+01  2.9784E-04 1.8316E+02    4.5340E-06    3.4336E-08    8.2625E-01   -8.5777E-01    3.7639E-01    1.8300E-04
5.3990E+01  3.4554E-04 1.8557E+02    4.6808E-06    4.1536E-08    8.5850E-01   -9.0027E-01    4.6955E-01    1.8300E-04
5.3143E+01  4.0037E-04 1.8803E+02    4.8144E-06    5.0865E-08    9.0590E-01   -9.5145E-01    5.8529E-01    1.8300E-04
5.2292E+01  4.6331E-04 1.9056E+02    4.9428E-06    6.2248E-08    9.6770E-01   -1.0100E+00    7.2930E-01    1.8300E-04
5.1438E+01  5.3548E-04 1.9314E+02    5.0633E-06    7.5085E-08    1.0398E+00   -1.0740E+00    9.0808E-01    1.8300E-04
5.0579E+01  6.1811E-04 1.9578E+02    5.1703E-06    8.8599E-08    1.1168E+00   -1.1423E+00    1.1288E+00    1.8300E-04
4.9717E+01  7.1259E-04 1.9846E+02    5.2738E-06    1.0250E-07    1.1956E+00   -1.2166E+00    1.3991E+00    1.8300E-04
4.8851E+01  8.2047E-04 2.0117E+02    5.3778E-06    1.1633E-07    1.2743E+00   -1.2941E+00    1.7274E+00    1.8300E-04
4.7981E+01  9.4350E-04 2.0388E+02    5.4768E-06    1.3176E-07    1.3586E+00   -1.3732E+00    2.1224E+00    1.8300E-04
4.7108E+01  1.0836E-03 2.0659E+02    5.5670E-06    1.4878E-07    1.4500E+00   -1.4643E+00    2.5925E+00    1.8300E-04
4.6232E+01  1.2430E-03 2.0928E+02    5.6615E-06    1.6745E-07    1.5461E+00   -1.5644E+00    3.1462E+00    1.8300E-04
4.5352E+01  1.4239E-03 2.1194E+02    5.7398E-06    1.8929E-07    1.6473E+00   -1.6649E+00    3.7905E+00    1.8300E-04
4.4471E+01  1.6292E-03 2.1455E+02    5.8224E-06    2.1329E-07    1.7483E+00   -1.7658E+00    4.5294E+00    1.8300E-04
4.3587E+01  1.8618E-03 2.1708E+02    5.9032E-06    2.4148E-07    1.8552E+00   -1.8666E+00    5.2987E+00    1.8300E-04
4.2702E+01  2.1248E-03 2.1951E+02    5.9740E-06    2.7295E-07    1.9637E+00   -1.9694E+00    5.8766E+00    1.8300E-04
4.1816E+01  2.4219E-03 2.2181E+02    6.0362E-06    3.0926E-07    2.0782E+00   -2.0789E+00    6.4661E+00    1.8300E-04
4.0929E+01  2.7572E-03 2.2395E+02    6.0994E-06    3.5195E-07    2.2009E+00   -2.1989E+00    7.0548E+00    1.8300E-04
4.0044E+01  3.1348E-03 2.2592E+02    6.1625E-06    4.0125E-07    2.3259E+00   -2.3287E+00    7.6294E+00    1.8300E-04
3.9160E+01  3.5597E-03 2.2769E+02    6.2055E-06    4.5863E-07    2.4498E+00   -2.4624E+00    8.1767E+00    1.8300E-04
3.8279E+01  4.0371E-03 2.2925E+02    6.2490E-06    5.2872E-07    2.5757E+00   -2.5943E+00    8.6822E+00    1.8300E-04
3.7402E+01  4.5728E-03 2.3057E+02    6.2841E-06    6.1311E-07    2.6950E+00   -2.7169E+00    9.1291E+00    1.8300E-04
3.6529E+01  5.1730E-03 2.3162E+02    6.3045E-06    7.1821E-07    2.8087E+00   -2.8251E+00    9.4964E+00    1.8300E-04
3.5662E+01  5.8446E-03 2.3236E+02    6.3200E-06    8.5341E-07    2.9172E+00   -2.9147E+00    9.7598E+00    1.8300E-04
3.4802E+01  6.5951E-03 2.3273E+02    6.3200E-06    1.0290E-06    3.0102E+00   -2.9778E+00    9.8937E+00    1.8300E-04
3.3951E+01  7.4326E-03 2.3269E+02    6.3039E-06    1.2490E-06    3.0624E+00   -3.0035E+00    9.8789E+00    1.8300E-04
3.3109E+01  8.3659E-03 2.3222E+02    6.2742E-06    1.5302E-06    3.0670E+00   -2.9842E+00    9.7102E+00    1.8300E-04
3.2280E+01  9.4045E-03 2.3136E+02    6.2410E-06    1.8306E-06    2.9714E+00   -2.9114E+00    9.4032E+00    1.8300E-04
3.1463E+01  1.0559E-02 2.3018E+02    6.1866E-06    2.1333E-06    2.8024E+00   -2.7959E+00    8.9933E+00    1.8300E-04
3.0660E+01  1.1840E-02 2.2876E+02    6.1304E-06    2.3961E-06    2.5838E+00   -2.5971E+00    8.5215E+00    1.8300E-04
2.9871E+01  1.3259E-02 2.2721E+02    6.0592E-06    2.5866E-06    2.3428E+00   -2.3740E+00    8.0254E+00    1.8300E-04
2.9096E+01  1.4831E-02 2.2560E+02    5.9840E-06    2.7058E-06    2.1046E+00   -2.1409E+00    7.5339E+00    1.8300E-04
2.8335E+01  1.6567E-02 2.2400E+02    5.9080E-06    2.7568E-06    1.8772E+00   -1.9098E+00    7.0663E+00    1.8300E-04
2.7589E+01  1.8484E-02 2.2243E+02    5.8233E-06    2.7500E-06    1.6654E+00   -1.6903E+00    6.6329E+00    1.8300E-04
2.6857E+01  2.0596E-02 2.2094E+02    5.7421E-06    2.6981E-06    1.4736E+00   -1.4904E+00    6.2379E+00    1.8300E-04
2.6138E+01  2.2920E-02 2.1953E+02    5.6558E-06    2.6158E-06    1.3052E+00   -1.3143E+00    5.8816E+00    1.8300E-04
2.5432E+01  2.5475E-02 2.1822E+02    5.5646E-06    2.5245E-06    1.1628E+00   -1.1632E+00    5.5622E+00    1.8300E-04
2.4739E+01  2.8279E-02 2.1699E+02    5.4780E-06    2.4169E-06    1.0399E+00   -1.0360E+00    5.2773E+00    1.8300E-04
2.4057E+01  3.1352E-02 2.1586E+02    5.3922E-06    2.2980E-06    9.3350E-01   -9.2907E-01    4.9448E+00    1.8300E-04
2.3388E+01  3.4715E-02 2.1483E+02    5.2985E-06    2.1836E-06    8.4316E-01   -8.3756E-01    4.6155E+00    1.8300E-04
2.2730E+01  3.8391E-02 2.1391E+02    5.2065E-06    2.0755E-06    7.6513E-01   -7.5778E-01    4.3360E+00    1.8300E-04
2.2083E+01  4.2402E-02 2.1309E+02    5.1159E-06    1.9587E-06    6.9360E-01   -6.8774E-01    4.1020E+00    1.8300E-04
2.1447E+01  4.6774E-02 2.1239E+02    5.0268E-06    1.8441E-06    6.2899E-01   -6.2539E-01    3.9102E+00    1.8300E-04
2.0821E+01  5.1531E-02 2.1182E+02    4.9392E-06    1.7404E-06    5.7153E-01   -5.6856E-01    3.7576E+00    1.8300E-04
2.0205E+01  5.6700E-02 2.1136E+02    4.8530E-06    1.6308E-06    5.1757E-01   -5.1687E-01    3.6413E+00    1.8300E-04
1.9598E+01  6.2309E-02 2.1103E+02    4.7680E-06    1.5213E-06    4.6773E-01   -4.6832E-01    3.5581E+00    1.8300E-04
1.9000E+01  6.8387E-02 2.1081E+02    4.6843E-06    1.4083E-06    4.2140E-01   -4.2170E-01    3.5041E+00    1.8300E-04
1.8410E+01  7.4963E-02 2.1069E+02    4.6018E-06    1.2905E-06    3.7838E-01   -3.7617E-01    3.4744E+00    1.8300E-04
1.7830E+01  8.2068E-02 2.1064E+02    4.5291E-06    1.1747E-06    3.3950E-01   -3.3081E-01    3.4631E+00    1.8300E-04
1.7257E+01  8.9733E-02 2.1065E+02    4.4605E-06    1.0508E-06    3.0304E-01   -2.8748E-01    3.4633E+00    1.8300E-04
1.6693E+01  9.7991E-02 2.1066E+02    4.3939E-06    9.2290E-07    2.6903E-01   -2.4694E-01    3.4675E+00    1.8300E-04
1.6136E+01  1.0687E-01 2.1067E+02    4.3383E-06    7.9088E-07    2.3602E-01   -1.8877E-01    3.4684E+00    1.8300E-04
1.5588E+01  1.1641E-01 2.1064E+02    4.2868E-06    6.6233E-07    2.0573E-01   -1.5635E-01    3.4609E+00    1.8300E-04
1.5048E+01  1.2665E-01 2.1057E+02    4.2478E-06    5.4228E-07    1.7879E-01   -1.3167E-01    3.4445E+00    1.8300E-04
1.4517E+01  1.3761E-01 2.1048E+02    4.2159E-06    4.3375E-07    1.5521E-01   -1.1464E-01    3.4227E+00    1.8300E-04
1.3994E+01  1.4933E-01 2.1039E+02    4.1845E-06    3.3627E-07    1.3458E-01   -1.0580E-01    3.4023E+00    1.8300E-04
1.3479E+01  1.6184E-01 2.1035E+02    4.1591E-06    2.5190E-07    1.1710E-01   -1.0365E-01    3.3923E+00    1.8300E-04
1.2973E+01  1.7518E-01 2.1039E+02    4.1444E-06    1.8811E-07    1.0377E-01   -1.0222E-01    3.4012E+00    1.8300E-04
1.2474E+01  1.8938E-01 2.1053E+02    4.1345E-06    1.4440E-07    9.4341E-02   -9.7718E-02    3.4355E+00    1.8300E-04
1.1983E+01  2.0447E-01 2.1079E+02    4.2461E-06    1.1320E-07    8.8165E-02   -9.4896E-02    3.4995E+00    1.8300E-04
1.1499E+01  2.2049E-01 2.1117E+02    4.7427E-06    8.9653E-08    8.5565E-02   -9.9447E-02    3.5926E+00    1.8300E-04
1.1023E+01  2.3747E-01 2.1164E+02    5.7460E-06    7.4122E-08    8.6590E-02   -9.8495E-02    3.7125E+00    1.8300E-04
1.0554E+01  2.5543E-01 2.1217E+02    6.4671E-06    6.5257E-08    8.7555E-02   -1.6495E-02    3.8496E+00    1.8300E-04
1.0091E+01  2.7440E-01 2.1270E+02    7.3178E-06    5.9477E-08    9.0629E-02   -4.8699E-02    3.9939E+00    1.8300E-04
9.6328E+00  2.9441E-01 2.1635E+02    1.1959E-05    5.4796E-08    1.1047E-01   -3.5980E-01    5.1092E+00    1.8300E-04
9.1742E+00  3.1548E-01 2.2070E+02    2.1004E-05    5.0632E-08    1.4666E-01   -7.6024E-01    6.1753E+00    1.8300E-04
8.7150E+00  3.3763E-01 2.2502E+02    3.5978E-05    4.6708E-08    1.9664E-01   -1.1762E+00    7.3621E+00    1.8300E-04
8.2557E+00  3.6088E-01 2.2930E+02    6.0070E-05    4.2951E-08    2.5789E-01   -1.5618E+00    8.6980E+00    1.8300E-04
7.7967E+00  3.8525E-01 2.3351E+02    9.7687E-05    3.9446E-08    3.2512E-01   -1.8646E+00    1.0182E+01    1.8300E-04
7.3386E+00  4.1075E-01 2.3763E+02    1.5460E-04    3.6034E-08    3.9537E-01   -2.0716E+00    1.1809E+01    1.8300E-04
6.8818E+00  4.3738E-01 2.4164E+02    2.3791E-04    3.2868E-08    4.7112E-01   -2.2080E+00    1.3567E+01    1.8300E-04
6.4268E+00  4.6515E-01 2.4550E+02    3.5581E-04    2.9897E-08    5.4840E-01   -2.2639E+00    1.5438E+01    1.8300E-04
5.9743E+00  4.9406E-01 2.4921E+02    5.1710E-04    2.7166E-08    6.1364E-01   -2.2713E+00    1.7401E+01    1.8300E-04
5.5248E+00  5.2411E-01 2.5273E+02    7.3061E-04    2.4602E-08    6.6001E-01   -2.2564E+00    1.9434E+01    1.8300E-04
5.0789E+00  5.5528E-01 2.5607E+02    1.0046E-03    2.2214E-08    6.9338E-01   -2.2409E+00    2.1513E+01    1.8300E-04
4.6371E+00  5.8757E-01 2.5922E+02    1.3465E-03    2.0059E-08    7.2036E-01   -2.2012E+00    2.3619E+01    1.8300E-04
4.2002E+00  6.2095E-01 2.6218E+02    1.7623E-03    1.8092E-08    7.4083E-01   -2.1416E+00    2.5735E+01    1.8300E-04
3.7684E+00  6.5540E-01 2.6496E+02    2.2571E-03    1.6371E-08    7.5199E-01   -2.0783E+00    2.7848E+01    1.8300E-04
3.3424E+00  6.9089E-01 2.6757E+02    2.8346E-03    1.4818E-08    7.5399E-01   -1.9881E+00    2.9946E+01    1.8300E-04
2.9226E+00  7.2738E-01 2.7003E+02    3.4977E-03    1.3432E-08    7.4987E-01   -1.8452E+00    3.2024E+01    1.8300E-04
2.5094E+00  7.6484E-01 2.7235E+02    4.2482E-03    1.2207E-08    7.4249E-01   -1.6949E+00    3.4075E+01    1.8300E-04
2.1031E+00  8.0322E-01 2.7470E+02    5.1525E-03    1.1166E-08    7.3739E-01   -1.5980E+00    3.6254E+01    1.8300E-04
1.7037E+00  8.4245E-01 2.7699E+02    6.0524E-03    1.0309E-08    7.1883E-01   -1.5163E+00    3.8481E+01    1.8300E-04
1.3117E+00  8.8249E-01 2.7919E+02    7.0627E-03    9.5626E-09    7.0280E-01   -1.5071E+00    4.0711E+01    1.8300E-04
9.2726E-01  9.2327E-01 2.8127E+02    8.1769E-03    8.9922E-09    6.9203E-01   -1.5747E+00    4.2913E+01    1.8300E-04
5.5075E-01  9.6471E-01 2.8326E+02    9.2607E-03    8.5514E-09    6.8561E-01   -1.7547E+00    4.5097E+01    1.8300E-04
1.8241E-01  1.0068E+00 2.8515E+02    1.0625E-02    8.1959E-09    7.0696E-01   -2.0091E+00    4.7259E+01    1.8300E-04
0.0000E+00  1.0281E+00 2.8610E+02    1.1307E-02    8.2600E-09    7.9974E+00   -3.5437E+00    4.8370E+01    1.8300E-04
