     ALT          P          T          FH2O           O3           THEAT        TCOOL        PSATCO2        FCO2
6.6453E+01  3.2610E-05 1.8485E+02    1.4592E-06    5.8371E-09    3.3583E+01   -2.6835E+01    4.3987E-01    1.7958E-04
6.5534E+01  3.8505E-05 1.7330E+02    1.7170E-06    7.5137E-09    5.1951E+00   -1.1495E+01    1.4231E-01    1.8000E-04
6.4669E+01  4.5410E-05 1.6611E+02    1.9485E-06    9.5575E-09    1.5937E+00   -4.2346E+00    6.5077E-02    1.8100E-04
6.3838E+01  5.3485E-05 1.6280E+02    2.1566E-06    1.1123E-08    1.0514E+00   -1.3710E+00    4.4294E-02    1.8100E-04
6.3023E+01  6.2916E-05 1.6211E+02    2.3662E-06    1.2402E-08    9.5843E-01   -4.5338E-01    4.0766E-02    1.8100E-04
6.2214E+01  7.3917E-05 1.6292E+02    2.6093E-06    1.3428E-08    9.2554E-01   -3.4566E-01    4.4924E-02    1.8200E-04
6.1406E+01  8.6733E-05 1.6453E+02    2.8833E-06    1.4301E-08    8.9545E-01   -4.9673E-01    5.4240E-02    1.8200E-04
6.0596E+01  1.0164E-04 1.6653E+02    3.1433E-06    1.5302E-08    8.6708E-01   -6.5768E-01    6.8213E-02    1.8200E-04
5.9782E+01  1.1896E-04 1.6872E+02    3.3880E-06    1.6444E-08    8.4356E-01   -7.4330E-01    8.7099E-02    1.8200E-04
5.8965E+01  1.3906E-04 1.7099E+02    3.6175E-06    1.7897E-08    8.2395E-01   -7.7741E-01    1.1152E-01    1.8200E-04
5.8143E+01  1.6235E-04 1.7330E+02    3.8360E-06    1.9657E-08    8.0897E-01   -7.8541E-01    1.4234E-01    1.8200E-04
5.7317E+01  1.8930E-04 1.7561E+02    4.0424E-06    2.1976E-08    8.0024E-01   -7.8753E-01    1.8067E-01    1.8200E-04
5.6487E+01  2.2045E-04 1.7794E+02    4.2364E-06    2.5061E-08    7.9910E-01   -7.9591E-01    2.2798E-01    1.8200E-04
5.5654E+01  2.5640E-04 1.8027E+02    4.4082E-06    2.9130E-08    8.0684E-01   -8.1443E-01    2.8630E-01    1.8200E-04
5.4816E+01  2.9784E-04 1.8264E+02    4.5758E-06    3.4585E-08    8.2607E-01   -8.4659E-01    3.5847E-01    1.8200E-04
5.3975E+01  3.4553E-04 1.8506E+02    4.7286E-06    4.1885E-08    8.5906E-01   -8.8944E-01    4.4827E-01    1.8200E-04
5.3131E+01  4.0036E-04 1.8754E+02    4.8708E-06    5.1219E-08    9.0681E-01   -9.4115E-01    5.6052E-01    1.8200E-04
5.2282E+01  4.6330E-04 1.9010E+02    5.0051E-06    6.2593E-08    9.6877E-01   -9.9990E-01    7.0100E-01    1.8200E-04
5.1430E+01  5.3547E-04 1.9272E+02    5.1344E-06    7.5406E-08    1.0409E+00   -1.0645E+00    8.7627E-01    1.8200E-04
5.0573E+01  6.1809E-04 1.9539E+02    5.2544E-06    8.8787E-08    1.1175E+00   -1.1339E+00    1.0936E+00    1.8200E-04
4.9712E+01  7.1257E-04 1.9811E+02    5.3643E-06    1.0256E-07    1.1958E+00   -1.2081E+00    1.3607E+00    1.8200E-04
4.8848E+01  8.2045E-04 2.0085E+02    5.4681E-06    1.1637E-07    1.2741E+00   -1.2858E+00    1.6860E+00    1.8200E-04
4.7979E+01  9.4348E-04 2.0360E+02    5.5723E-06    1.3178E-07    1.3585E+00   -1.3646E+00    2.0780E+00    1.8200E-04
4.7107E+01  1.0836E-03 2.0634E+02    5.6741E-06    1.4877E-07    1.4500E+00   -1.4561E+00    2.5450E+00    1.8200E-04
4.6232E+01  1.2429E-03 2.0905E+02    5.7717E-06    1.6737E-07    1.5454E+00   -1.5558E+00    3.0952E+00    1.8200E-04
4.5354E+01  1.4239E-03 2.1173E+02    5.8595E-06    1.8822E-07    1.6425E+00   -1.6563E+00    3.7354E+00    1.8200E-04
4.4473E+01  1.6292E-03 2.1435E+02    5.9421E-06    2.1264E-07    1.7449E+00   -1.7565E+00    4.4696E+00    1.8200E-04
4.3590E+01  1.8617E-03 2.1690E+02    6.0260E-06    2.4031E-07    1.8499E+00   -1.8568E+00    5.2564E+00    1.8200E-04
4.2705E+01  2.1247E-03 2.1934E+02    6.1036E-06    2.7173E-07    1.9583E+00   -1.9593E+00    5.8329E+00    1.8200E-04
4.1820E+01  2.4219E-03 2.2164E+02    6.1744E-06    3.0798E-07    2.0728E+00   -2.0683E+00    6.4208E+00    1.8200E-04
4.0935E+01  2.7571E-03 2.2379E+02    6.2452E-06    3.5019E-07    2.1939E+00   -2.1878E+00    7.0077E+00    1.8200E-04
4.0050E+01  3.1347E-03 2.2576E+02    6.3020E-06    3.9915E-07    2.3183E+00   -2.3165E+00    7.5806E+00    1.8200E-04
3.9167E+01  3.5596E-03 2.2753E+02    6.3550E-06    4.5699E-07    2.4442E+00   -2.4507E+00    8.1262E+00    1.8200E-04
3.8286E+01  4.0370E-03 2.2909E+02    6.4079E-06    5.2596E-07    2.5678E+00   -2.5831E+00    8.6306E+00    1.8200E-04
3.7409E+01  4.5726E-03 2.3042E+02    6.4436E-06    6.1001E-07    2.6874E+00   -2.7062E+00    9.0771E+00    1.8200E-04
3.6537E+01  5.1728E-03 2.3148E+02    6.4685E-06    7.1529E-07    2.8030E+00   -2.8153E+00    9.4452E+00    1.8200E-04
3.5671E+01  5.8444E-03 2.3222E+02    6.4900E-06    8.4931E-07    2.9111E+00   -2.9054E+00    9.7102E+00    1.8200E-04
3.4811E+01  6.5949E-03 2.3260E+02    6.4900E-06    1.0259E-06    3.0080E+00   -2.9689E+00    9.8464E+00    1.8200E-04
3.3960E+01  7.4324E-03 2.3257E+02    6.4842E-06    1.2451E-06    3.0595E+00   -2.9957E+00    9.8348E+00    1.8200E-04
3.3119E+01  8.3656E-03 2.3211E+02    6.4647E-06    1.5155E-06    3.0536E+00   -2.9769E+00    9.6708E+00    1.8200E-04
3.2290E+01  9.4042E-03 2.3126E+02    6.4223E-06    1.8245E-06    2.9714E+00   -2.9066E+00    9.3695E+00    1.8200E-04
3.1474E+01  1.0558E-02 2.3009E+02    6.3833E-06    2.1282E-06    2.8049E+00   -2.7934E+00    8.9649E+00    1.8200E-04
3.0671E+01  1.1839E-02 2.2869E+02    6.3235E-06    2.3906E-06    2.5857E+00   -2.5956E+00    8.4976E+00    1.8200E-04
2.9882E+01  1.3259E-02 2.2715E+02    6.2604E-06    2.5809E-06    2.3442E+00   -2.3739E+00    8.0051E+00    1.8200E-04
2.9107E+01  1.4830E-02 2.2554E+02    6.1855E-06    2.7015E-06    2.1061E+00   -2.1416E+00    7.5168E+00    1.8200E-04
2.8347E+01  1.6566E-02 2.2395E+02    6.1095E-06    2.7462E-06    1.8759E+00   -1.9110E+00    7.0524E+00    1.8200E-04
2.7601E+01  1.8483E-02 2.2239E+02    6.0349E-06    2.7440E-06    1.6663E+00   -1.6929E+00    6.6222E+00    1.8200E-04
2.6869E+01  2.0595E-02 2.2091E+02    5.9540E-06    2.6993E-06    1.4768E+00   -1.4937E+00    6.2304E+00    1.8200E-04
2.6150E+01  2.2919E-02 2.1952E+02    5.8677E-06    2.6156E-06    1.3073E+00   -1.3179E+00    5.8773E+00    1.8200E-04
2.5444E+01  2.5474E-02 2.1821E+02    5.7830E-06    2.5167E-06    1.1624E+00   -1.1675E+00    5.5612E+00    1.8200E-04
2.4751E+01  2.8278E-02 2.1700E+02    5.6998E-06    2.4098E-06    1.0398E+00   -1.0410E+00    5.2796E+00    1.8200E-04
2.4069E+01  3.1351E-02 2.1589E+02    5.6080E-06    2.3005E-06    9.3570E-01   -9.3408E-01    4.9533E+00    1.8200E-04
2.3400E+01  3.4714E-02 2.1487E+02    5.5206E-06    2.1863E-06    8.4516E-01   -8.4328E-01    4.6284E+00    1.8200E-04
2.2742E+01  3.8389E-02 2.1396E+02    5.4386E-06    2.0682E-06    7.6497E-01   -7.6498E-01    4.3529E+00    1.8200E-04
2.2095E+01  4.2400E-02 2.1317E+02    5.3479E-06    1.9545E-06    6.9409E-01   -6.9555E-01    4.1229E+00    1.8200E-04
2.1458E+01  4.6771E-02 2.1249E+02    5.2588E-06    1.8466E-06    6.3069E-01   -6.3352E-01    3.9350E+00    1.8200E-04
2.0832E+01  5.1528E-02 2.1193E+02    5.1712E-06    1.7341E-06    5.7180E-01   -5.7809E-01    3.7863E+00    1.8200E-04
2.0215E+01  5.6697E-02 2.1149E+02    5.0849E-06    1.6333E-06    5.1928E-01   -5.2641E-01    3.6739E+00    1.8200E-04
1.9608E+01  6.2306E-02 2.1118E+02    4.9998E-06    1.5236E-06    4.6948E-01   -4.7837E-01    3.5945E+00    1.8200E-04
1.9009E+01  6.8384E-02 2.1098E+02    4.9160E-06    1.4107E-06    4.2306E-01   -4.3221E-01    3.5444E+00    1.8200E-04
1.8420E+01  7.4959E-02 2.1087E+02    4.8334E-06    1.2928E-06    3.7993E-01   -3.8707E-01    3.5187E+00    1.8200E-04
1.7838E+01  8.2064E-02 2.1084E+02    4.7604E-06    1.1768E-06    3.4094E-01   -3.4197E-01    3.5116E+00    1.8200E-04
1.7265E+01  8.9729E-02 2.1086E+02    4.6916E-06    1.0529E-06    3.0431E-01   -2.9888E-01    3.5161E+00    1.8200E-04
1.6700E+01  9.7986E-02 2.1090E+02    4.6249E-06    9.2119E-07    2.6965E-01   -2.5946E-01    3.5251E+00    1.8200E-04
1.6143E+01  1.0687E-01 2.1092E+02    4.5713E-06    7.8918E-07    2.3660E-01   -2.0214E-01    3.5310E+00    1.8200E-04
1.5594E+01  1.1641E-01 2.1091E+02    4.5274E-06    6.6144E-07    2.0643E-01   -1.6993E-01    3.5285E+00    1.8200E-04
1.5054E+01  1.2664E-01 2.1086E+02    4.4842E-06    5.4170E-07    1.7951E-01   -1.4490E-01    3.5167E+00    1.8200E-04
1.4522E+01  1.3760E-01 2.1079E+02    4.4462E-06    4.3336E-07    1.5592E-01   -1.2730E-01    3.4987E+00    1.8200E-04
1.3998E+01  1.4932E-01 2.1072E+02    4.4199E-06    3.3608E-07    1.3532E-01   -1.1806E-01    3.4810E+00    1.8200E-04
1.3482E+01  1.6183E-01 2.1068E+02    4.3993E-06    2.5144E-07    1.1781E-01   -1.1560E-01    3.4727E+00    1.8200E-04
1.2975E+01  1.7517E-01 2.1072E+02    4.3845E-06    1.8737E-07    1.0444E-01   -1.1359E-01    3.4826E+00    1.8200E-04
1.2476E+01  1.8937E-01 2.1087E+02    4.3745E-06    1.4413E-07    9.5061E-02   -1.0843E-01    3.5181E+00    1.8200E-04
1.1984E+01  2.0446E-01 2.1113E+02    4.4858E-06    1.1264E-07    8.8840E-02   -1.0502E-01    3.5824E+00    1.8200E-04
1.1499E+01  2.2048E-01 2.1151E+02    5.0161E-06    8.9088E-08    8.6340E-02   -1.1112E-01    3.6793E+00    1.8200E-04
1.1022E+01  2.3745E-01 2.1199E+02    6.0481E-06    7.3946E-08    8.7597E-02   -1.1289E-01    3.8024E+00    1.8200E-04
1.0552E+01  2.5541E-01 2.1254E+02    6.8090E-06    6.5087E-08    8.9847E-02   -4.9196E-02    3.9497E+00    1.8200E-04
1.0089E+01  2.7438E-01 2.1311E+02    7.7457E-06    5.9244E-08    9.1739E-02   -5.3878E-02    4.1086E+00    1.8200E-04
9.6301E+00  2.9439E-01 2.1627E+02    1.1830E-05    5.4588E-08    1.0880E-01   -3.1963E-01    5.0811E+00    1.8200E-04
9.1716E+00  3.1546E-01 2.2061E+02    2.0785E-05    5.0502E-08    1.4415E-01   -7.2401E-01    6.1537E+00    1.8200E-04
8.7126E+00  3.3761E-01 2.2494E+02    3.5613E-05    4.6590E-08    1.9368E-01   -1.1438E+00    7.3373E+00    1.8200E-04
8.2535E+00  3.6086E-01 2.2921E+02    5.9478E-05    4.2928E-08    2.5473E-01   -1.5355E+00    8.6696E+00    1.8200E-04
7.7947E+00  3.8523E-01 2.3342E+02    9.6755E-05    3.9335E-08    3.2202E-01   -1.8454E+00    1.0150E+01    1.8200E-04
7.3367E+00  4.1072E-01 2.3755E+02    1.5318E-04    3.6001E-08    3.9251E-01   -2.0584E+00    1.1774E+01    1.8200E-04
6.8801E+00  4.3735E-01 2.4155E+02    2.3582E-04    3.2852E-08    4.6845E-01   -2.1991E+00    1.3528E+01    1.8200E-04
6.4252E+00  4.6512E-01 2.4542E+02    3.5286E-04    2.9884E-08    5.4600E-01   -2.2582E+00    1.5396E+01    1.8200E-04
5.9729E+00  4.9403E-01 2.4913E+02    5.1307E-04    2.7155E-08    6.1169E-01   -2.2672E+00    1.7357E+01    1.8200E-04
5.5235E+00  5.2408E-01 2.5265E+02    7.2528E-04    2.4592E-08    6.5851E-01   -2.2534E+00    1.9387E+01    1.8200E-04
5.0777E+00  5.5525E-01 2.5600E+02    9.9778E-04    2.2207E-08    6.9215E-01   -2.2386E+00    2.1465E+01    1.8200E-04
4.6361E+00  5.8753E-01 2.5915E+02    1.3379E-03    2.0077E-08    7.1933E-01   -2.1999E+00    2.3571E+01    1.8200E-04
4.1993E+00  6.2091E-01 2.6211E+02    1.7519E-03    1.8176E-08    7.4002E-01   -2.1407E+00    2.5686E+01    1.8200E-04
3.7677E+00  6.5536E-01 2.6490E+02    2.2447E-03    1.6370E-08    7.5141E-01   -2.0780E+00    2.7798E+01    1.8200E-04
3.3418E+00  6.9085E-01 2.6751E+02    2.8202E-03    1.4815E-08    7.5362E-01   -1.9887E+00    2.9896E+01    1.8200E-04
2.9221E+00  7.2734E-01 2.6998E+02    3.4811E-03    1.3430E-08    7.4964E-01   -1.8469E+00    3.1974E+01    1.8200E-04
2.5089E+00  7.6479E-01 2.7229E+02    4.2293E-03    1.2205E-08    7.4240E-01   -1.6972E+00    3.4025E+01    1.8200E-04
2.1027E+00  8.0316E-01 2.7464E+02    5.1324E-03    1.1164E-08    7.3761E-01   -1.6004E+00    3.6204E+01    1.8200E-04
1.7034E+00  8.4240E-01 2.7694E+02    6.0331E-03    1.0309E-08    7.1935E-01   -1.5181E+00    3.8431E+01    1.8200E-04
1.3114E+00  8.8243E-01 2.7914E+02    7.0372E-03    9.5708E-09    7.0300E-01   -1.5068E+00    4.0660E+01    1.8200E-04
9.2709E-01  9.2321E-01 2.8122E+02    8.1524E-03    9.0085E-09    6.9238E-01   -1.5739E+00    4.2863E+01    1.8200E-04
5.5065E-01  9.6465E-01 2.8321E+02    9.2280E-03    8.5713E-09    6.8555E-01   -1.7517E+00    4.5044E+01    1.8200E-04
1.8238E-01  1.0067E+00 2.8511E+02    1.0593E-02    8.2159E-09    7.0711E-01   -2.0068E+00    4.7207E+01    1.8200E-04
0.0000E+00  1.0281E+00 2.8606E+02    1.1276E-02    8.2800E-09    7.9993E+00   -3.5478E+00    4.8317E+01    1.8200E-04
