     ALT          P          T          FH2O           O3           THEAT        TCOOL        PSATCO2        FCO2
6.6471E+01  3.2610E-05 1.8490E+02    1.4841E-06    5.7530E-09    3.3582E+01   -2.6881E+01    4.4193E-01    1.7954E-04
6.5551E+01  3.8505E-05 1.7335E+02    1.7421E-06    7.4418E-09    5.1961E+00   -1.1471E+01    1.4310E-01    1.8000E-04
6.4686E+01  4.5410E-05 1.6617E+02    1.9741E-06    9.4795E-09    1.5940E+00   -4.2913E+00    6.5486E-02    1.8100E-04
6.3854E+01  5.3485E-05 1.6287E+02    2.1901E-06    1.1015E-08    1.0519E+00   -1.3850E+00    4.4631E-02    1.8100E-04
6.3039E+01  6.2916E-05 1.6218E+02    2.4019E-06    1.2340E-08    9.6048E-01   -4.5428E-01    4.1144E-02    1.8140E-04
6.2230E+01  7.3918E-05 1.6302E+02    2.6339E-06    1.3312E-08    9.2570E-01   -3.4731E-01    4.5425E-02    1.8200E-04
6.1422E+01  8.6733E-05 1.6464E+02    2.9015E-06    1.4182E-08    8.9529E-01   -4.9902E-01    5.4956E-02    1.8200E-04
6.0611E+01  1.0164E-04 1.6666E+02    3.1588E-06    1.5181E-08    8.6685E-01   -6.5758E-01    6.9257E-02    1.8200E-04
5.9797E+01  1.1896E-04 1.6887E+02    3.3947E-06    1.6324E-08    8.4320E-01   -7.4604E-01    8.8607E-02    1.8200E-04
5.8978E+01  1.3906E-04 1.7117E+02    3.6184E-06    1.7824E-08    8.2374E-01   -7.8134E-01    1.1365E-01    1.8200E-04
5.8155E+01  1.6235E-04 1.7349E+02    3.8310E-06    1.9625E-08    8.0888E-01   -7.8957E-01    1.4528E-01    1.8200E-04
5.7329E+01  1.8931E-04 1.7583E+02    4.0296E-06    2.1941E-08    8.0000E-01   -7.9155E-01    1.8459E-01    1.8200E-04
5.6498E+01  2.2045E-04 1.7816E+02    4.2141E-06    2.5018E-08    7.9865E-01   -7.9939E-01    2.3304E-01    1.8200E-04
5.5663E+01  2.5640E-04 1.8050E+02    4.3864E-06    2.9062E-08    8.0629E-01   -8.1864E-01    2.9265E-01    1.8200E-04
5.4825E+01  2.9784E-04 1.8287E+02    4.5542E-06    3.4512E-08    8.2547E-01   -8.5114E-01    3.6620E-01    1.8200E-04
5.3983E+01  3.4553E-04 1.8528E+02    4.7022E-06    4.1720E-08    8.5795E-01   -8.9354E-01    4.5748E-01    1.8200E-04
5.3137E+01  4.0036E-04 1.8776E+02    4.8376E-06    5.1132E-08    9.0590E-01   -9.4456E-01    5.7127E-01    1.8200E-04
5.2288E+01  4.6331E-04 1.9030E+02    4.9737E-06    6.2522E-08    9.6794E-01   -1.0037E+00    7.1329E-01    1.8200E-04
5.1434E+01  5.3547E-04 1.9290E+02    5.0940E-06    7.5254E-08    1.0396E+00   -1.0672E+00    8.9005E-01    1.8200E-04
5.0577E+01  6.1810E-04 1.9556E+02    5.2106E-06    8.8750E-08    1.1166E+00   -1.1364E+00    1.1087E+00    1.8200E-04
4.9716E+01  7.1258E-04 1.9826E+02    5.3241E-06    1.0253E-07    1.1951E+00   -1.2113E+00    1.3772E+00    1.8200E-04
4.8850E+01  8.2046E-04 2.0099E+02    5.4279E-06    1.1635E-07    1.2735E+00   -1.2885E+00    1.7038E+00    1.8200E-04
4.7981E+01  9.4349E-04 2.0372E+02    5.5222E-06    1.3177E-07    1.3577E+00   -1.3663E+00    2.0970E+00    1.8200E-04
4.7109E+01  1.0836E-03 2.0645E+02    5.6242E-06    1.4877E-07    1.4492E+00   -1.4580E+00    2.5654E+00    1.8200E-04
4.6233E+01  1.2429E-03 2.0915E+02    5.7118E-06    1.6742E-07    1.5448E+00   -1.5571E+00    3.1171E+00    1.8200E-04
4.5354E+01  1.4239E-03 2.1182E+02    5.7997E-06    1.8846E-07    1.6430E+00   -1.6581E+00    3.7591E+00    1.8200E-04
4.4473E+01  1.6292E-03 2.1444E+02    5.8822E-06    2.1322E-07    1.7467E+00   -1.7588E+00    4.4957E+00    1.8200E-04
4.3590E+01  1.8617E-03 2.1698E+02    5.9629E-06    2.4038E-07    1.8500E+00   -1.8593E+00    5.2752E+00    1.8200E-04
4.2705E+01  2.1248E-03 2.1942E+02    6.0337E-06    2.7273E-07    1.9619E+00   -1.9620E+00    5.8528E+00    1.8200E-04
4.1819E+01  2.4219E-03 2.2172E+02    6.1046E-06    3.0895E-07    2.0764E+00   -2.0715E+00    6.4418E+00    1.8200E-04
4.0934E+01  2.7571E-03 2.2387E+02    6.1755E-06    3.5135E-07    2.1979E+00   -2.1912E+00    7.0298E+00    1.8200E-04
4.0049E+01  3.1348E-03 2.2583E+02    6.2322E-06    4.0035E-07    2.3220E+00   -2.3200E+00    7.6036E+00    1.8200E-04
3.9165E+01  3.5596E-03 2.2761E+02    6.2852E-06    4.5825E-07    2.4476E+00   -2.4540E+00    8.1500E+00    1.8200E-04
3.8284E+01  4.0370E-03 2.2917E+02    6.3287E-06    5.2729E-07    2.5709E+00   -2.5856E+00    8.6550E+00    1.8200E-04
3.7407E+01  4.5727E-03 2.3049E+02    6.3638E-06    6.1211E-07    2.6919E+00   -2.7084E+00    9.1017E+00    1.8200E-04
3.6535E+01  5.1729E-03 2.3155E+02    6.3887E-06    7.1729E-07    2.8062E+00   -2.8170E+00    9.4695E+00    1.8200E-04
3.5668E+01  5.8445E-03 2.3229E+02    6.4017E-06    8.5113E-07    2.9125E+00   -2.9065E+00    9.7342E+00    1.8200E-04
3.4808E+01  6.5950E-03 2.3267E+02    6.4100E-06    1.0271E-06    3.0074E+00   -2.9708E+00    9.8704E+00    1.8200E-04
3.3957E+01  7.4324E-03 2.3263E+02    6.3941E-06    1.2466E-06    3.0600E+00   -2.9974E+00    9.8587E+00    1.8200E-04
3.3116E+01  8.3657E-03 2.3218E+02    6.3745E-06    1.5273E-06    3.0662E+00   -2.9796E+00    9.6933E+00    1.8200E-04
3.2286E+01  9.4043E-03 2.3132E+02    6.3320E-06    1.8366E-06    2.9794E+00   -2.9079E+00    9.3888E+00    1.8200E-04
3.1470E+01  1.0559E-02 2.3014E+02    6.2873E-06    2.1301E-06    2.8012E+00   -2.7921E+00    8.9805E+00    1.8200E-04
3.0667E+01  1.1839E-02 2.2873E+02    6.2331E-06    2.3937E-06    2.5830E+00   -2.5941E+00    8.5101E+00    1.8200E-04
2.9878E+01  1.3259E-02 2.2718E+02    6.1624E-06    2.5847E-06    2.3428E+00   -2.3718E+00    8.0153E+00    1.8200E-04
2.9103E+01  1.4830E-02 2.2557E+02    6.0949E-06    2.7049E-06    2.1053E+00   -2.1399E+00    7.5254E+00    1.8200E-04
2.8343E+01  1.6567E-02 2.2397E+02    6.0107E-06    2.7564E-06    1.8778E+00   -1.9090E+00    7.0592E+00    1.8200E-04
2.7597E+01  1.8483E-02 2.2241E+02    5.9343E-06    2.7437E-06    1.6640E+00   -1.6903E+00    6.6276E+00    1.8200E-04
2.6864E+01  2.0595E-02 2.2093E+02    5.8533E-06    2.6988E-06    1.4747E+00   -1.4911E+00    6.2345E+00    1.8200E-04
2.6145E+01  2.2920E-02 2.1953E+02    5.7670E-06    2.6169E-06    1.3062E+00   -1.3153E+00    5.8801E+00    1.8200E-04
2.5439E+01  2.5474E-02 2.1822E+02    5.6823E-06    2.5195E-06    1.1618E+00   -1.1648E+00    5.5628E+00    1.8200E-04
2.4746E+01  2.8278E-02 2.1700E+02    5.5990E-06    2.4088E-06    1.0384E+00   -1.0382E+00    5.2800E+00    1.8200E-04
2.4065E+01  3.1351E-02 2.1588E+02    5.5073E-06    2.2995E-06    9.3440E-01   -9.3129E-01    4.9523E+00    1.8200E-04
2.3395E+01  3.4714E-02 2.1486E+02    5.4198E-06    2.1852E-06    8.4402E-01   -8.4044E-01    4.6260E+00    1.8200E-04
2.2737E+01  3.8390E-02 2.1395E+02    5.3278E-06    2.0674E-06    7.6412E-01   -7.6156E-01    4.3492E+00    1.8200E-04
2.2090E+01  4.2401E-02 2.1315E+02    5.2371E-06    1.9603E-06    6.9449E-01   -6.9153E-01    4.1177E+00    1.8200E-04
2.1454E+01  4.6772E-02 2.1246E+02    5.1480E-06    1.8457E-06    6.2989E-01   -6.2963E-01    3.9282E+00    1.8200E-04
2.0828E+01  5.1529E-02 2.1189E+02    5.0604E-06    1.7332E-06    5.7098E-01   -5.7401E-01    3.7778E+00    1.8200E-04
2.0211E+01  5.6698E-02 2.1145E+02    4.9741E-06    1.6323E-06    5.1850E-01   -5.2210E-01    3.6638E+00    1.8200E-04
1.9604E+01  6.2307E-02 2.1113E+02    4.8891E-06    1.5226E-06    4.6875E-01   -4.7388E-01    3.5827E+00    1.8200E-04
1.9006E+01  6.8385E-02 2.1092E+02    4.8053E-06    1.4097E-06    4.2237E-01   -4.2760E-01    3.5309E+00    1.8200E-04
1.8416E+01  7.4961E-02 2.1081E+02    4.7228E-06    1.2919E-06    3.7928E-01   -3.8237E-01    3.5035E+00    1.8200E-04
1.7835E+01  8.2065E-02 2.1077E+02    4.6499E-06    1.1759E-06    3.4034E-01   -3.3721E-01    3.4946E+00    1.8200E-04
1.7262E+01  8.9730E-02 2.1078E+02    4.5812E-06    1.0520E-06    3.0377E-01   -2.9404E-01    3.4972E+00    1.8200E-04
1.6697E+01  9.7988E-02 2.1081E+02    4.5145E-06    9.2138E-07    2.6929E-01   -2.5425E-01    3.5040E+00    1.8200E-04
1.6140E+01  1.0687E-01 2.1083E+02    4.4611E-06    7.9010E-07    2.3634E-01   -1.9641E-01    3.5075E+00    1.8200E-04
1.5592E+01  1.1641E-01 2.1081E+02    4.4172E-06    6.6172E-07    2.0609E-01   -1.6420E-01    3.5027E+00    1.8200E-04
1.5052E+01  1.2664E-01 2.1075E+02    4.3740E-06    5.4211E-07    1.7918E-01   -1.3906E-01    3.4886E+00    1.8200E-04
1.4520E+01  1.3760E-01 2.1067E+02    4.3361E-06    4.3338E-07    1.5554E-01   -1.2162E-01    3.4686E+00    1.8200E-04
1.3996E+01  1.4932E-01 2.1059E+02    4.3098E-06    3.3573E-07    1.3488E-01   -1.1278E-01    3.4497E+00    1.8200E-04
1.3481E+01  1.6183E-01 2.1055E+02    4.2892E-06    2.5120E-07    1.1739E-01   -1.1058E-01    3.4405E+00    1.8200E-04
1.2974E+01  1.7517E-01 2.1059E+02    4.2745E-06    1.8725E-07    1.0404E-01   -1.0890E-01    3.4500E+00    1.8200E-04
1.2475E+01  1.8937E-01 2.1073E+02    4.2645E-06    1.4408E-07    9.4668E-02   -1.0385E-01    3.4849E+00    1.8200E-04
1.1983E+01  2.0447E-01 2.1100E+02    4.3603E-06    1.1262E-07    8.8365E-02   -1.0036E-01    3.5499E+00    1.8200E-04
1.1499E+01  2.2049E-01 2.1138E+02    4.8204E-06    8.9144E-08    8.5611E-02   -1.0393E-01    3.6444E+00    1.8200E-04
1.1022E+01  2.3746E-01 2.1186E+02    5.8919E-06    7.4005E-08    8.6945E-02   -1.0598E-01    3.7683E+00    1.8200E-04
1.0553E+01  2.5542E-01 2.1237E+02    6.9655E-06    6.5139E-08    8.8098E-02   -3.0879E-02    3.9044E+00    1.8200E-04
1.0090E+01  2.7439E-01 2.1294E+02    7.5497E-06    5.9357E-08    9.1225E-02   -5.1934E-02    4.0590E+00    1.8200E-04
9.6310E+00  2.9440E-01 2.1630E+02    1.1874E-05    5.4676E-08    1.0956E-01   -3.3812E-01    5.0906E+00    1.8200E-04
9.1725E+00  3.1547E-01 2.2064E+02    2.0859E-05    5.0530E-08    1.4528E-01   -7.4092E-01    6.1610E+00    1.8200E-04
8.7134E+00  3.3762E-01 2.2496E+02    3.5736E-05    4.6692E-08    1.9501E-01   -1.1589E+00    7.3457E+00    1.8200E-04
8.2542E+00  3.6087E-01 2.2924E+02    5.9678E-05    4.2937E-08    2.5614E-01   -1.5476E+00    8.6793E+00    1.8200E-04
7.7954E+00  3.8524E-01 2.3345E+02    9.7071E-05    3.9434E-08    3.2338E-01   -1.8541E+00    1.0161E+01    1.8200E-04
7.3374E+00  4.1073E-01 2.3758E+02    1.5366E-04    3.6023E-08    3.9372E-01   -2.0642E+00    1.1786E+01    1.8200E-04
6.8806E+00  4.3736E-01 2.4158E+02    2.3653E-04    3.2858E-08    4.6953E-01   -2.2029E+00    1.3541E+01    1.8200E-04
6.4258E+00  4.6513E-01 2.4545E+02    3.5386E-04    2.9889E-08    5.4694E-01   -2.2605E+00    1.5410E+01    1.8200E-04
5.9733E+00  4.9404E-01 2.4915E+02    5.1444E-04    2.7159E-08    6.1245E-01   -2.2688E+00    1.7372E+01    1.8200E-04
5.5239E+00  5.2409E-01 2.5268E+02    7.2710E-04    2.4596E-08    6.5909E-01   -2.2546E+00    1.9403E+01    1.8200E-04
5.0781E+00  5.5526E-01 2.5602E+02    1.0001E-03    2.2209E-08    6.9262E-01   -2.2395E+00    2.1482E+01    1.8200E-04
4.6365E+00  5.8754E-01 2.5917E+02    1.3408E-03    2.0080E-08    7.1972E-01   -2.2004E+00    2.3587E+01    1.8200E-04
4.1996E+00  6.2092E-01 2.6213E+02    1.7555E-03    1.8177E-08    7.4033E-01   -2.1411E+00    2.5703E+01    1.8200E-04
3.7679E+00  6.5537E-01 2.6492E+02    2.2489E-03    1.6372E-08    7.5162E-01   -2.0783E+00    2.7815E+01    1.8200E-04
3.3420E+00  6.9086E-01 2.6754E+02    2.8251E-03    1.4816E-08    7.5376E-01   -1.9887E+00    2.9913E+01    1.8200E-04
2.9223E+00  7.2735E-01 2.7000E+02    3.4868E-03    1.3431E-08    7.4973E-01   -1.8465E+00    3.1991E+01    1.8200E-04
2.5091E+00  7.6481E-01 2.7231E+02    4.2358E-03    1.2206E-08    7.4244E-01   -1.6966E+00    3.4042E+01    1.8200E-04
2.1028E+00  8.0318E-01 2.7466E+02    5.1393E-03    1.1165E-08    7.3754E-01   -1.5998E+00    3.6221E+01    1.8200E-04
1.7035E+00  8.4242E-01 2.7696E+02    6.0397E-03    1.0309E-08    7.1918E-01   -1.5177E+00    3.8448E+01    1.8200E-04
1.3115E+00  8.8245E-01 2.7915E+02    7.0460E-03    9.5710E-09    7.0294E-01   -1.5071E+00    4.0678E+01    1.8200E-04
9.2715E-01  9.2323E-01 2.8124E+02    8.1608E-03    9.0019E-09    6.9227E-01   -1.5744E+00    4.2880E+01    1.8200E-04
5.5068E-01  9.6467E-01 2.8323E+02    9.2392E-03    8.5613E-09    6.8558E-01   -1.7529E+00    4.5062E+01    1.8200E-04
1.8239E-01  1.0067E+00 2.8512E+02    1.0604E-02    8.2059E-09    7.0707E-01   -2.0078E+00    4.7225E+01    1.8200E-04
0.0000E+00  1.0281E+00 2.8607E+02    1.1287E-02    8.2700E-09    7.9987E+00   -3.5466E+00    4.8335E+01    1.8200E-04
