     ALT          P          T          FH2O           O3           THEAT        TCOOL        PSATCO2        FCO2
6.6648E+01  3.2610E-05 1.8541E+02    1.3528E-06    6.0720E-09    3.3561E+01   -2.6902E+01    4.6307E-01    1.7900E-04
6.5724E+01  3.8506E-05 1.7430E+02    1.5941E-06    7.4842E-09    5.2036E+00   -1.1472E+01    1.5801E-01    1.8000E-04
6.4852E+01  4.5411E-05 1.6756E+02    1.8126E-06    9.4092E-09    1.5867E+00   -4.3198E+00    7.6596E-02    1.8000E-04
6.4012E+01  5.3487E-05 1.6467E+02    2.0143E-06    1.0822E-08    1.0487E+00   -1.4139E+00    5.5120E-02    1.8100E-04
6.3186E+01  6.2919E-05 1.6436E+02    2.2134E-06    1.1898E-08    9.5452E-01   -4.9769E-01    5.3198E-02    1.8100E-04
6.2365E+01  7.3922E-05 1.6553E+02    2.4112E-06    1.2806E-08    9.1713E-01   -4.0561E-01    6.0907E-02    1.8100E-04
6.1543E+01  8.6739E-05 1.6746E+02    2.5940E-06    1.3695E-08    8.8851E-01   -5.6146E-01    7.5748E-02    1.8200E-04
6.0717E+01  1.0165E-04 1.6973E+02    2.7766E-06    1.4691E-08    8.5877E-01   -7.2557E-01    9.7365E-02    1.8200E-04
5.9887E+01  1.1898E-04 1.7215E+02    2.9518E-06    1.5853E-08    8.3402E-01   -8.1143E-01    1.2614E-01    1.8200E-04
5.9051E+01  1.3908E-04 1.7459E+02    3.1144E-06    1.7241E-08    8.1292E-01   -8.4187E-01    1.6271E-01    1.8200E-04
5.8212E+01  1.6237E-04 1.7700E+02    3.2744E-06    1.9013E-08    7.9696E-01   -8.4351E-01    2.0774E-01    1.8200E-04
5.7368E+01  1.8933E-04 1.7935E+02    3.4187E-06    2.1308E-08    7.8696E-01   -8.3631E-01    2.6190E-01    1.8200E-04
5.6520E+01  2.2048E-04 1.8163E+02    3.5559E-06    2.4234E-08    7.8403E-01   -8.3476E-01    3.2603E-01    1.8200E-04
5.5669E+01  2.5644E-04 1.8386E+02    3.6897E-06    2.8268E-08    7.9079E-01   -8.4538E-01    4.0147E-01    1.8200E-04
5.4815E+01  2.9788E-04 1.8605E+02    3.8097E-06    3.3686E-08    8.0885E-01   -8.6811E-01    4.9039E-01    1.8200E-04
5.3958E+01  3.4559E-04 1.8824E+02    3.9198E-06    4.0993E-08    8.4095E-01   -9.0302E-01    5.9605E-01    1.8200E-04
5.3099E+01  4.0043E-04 1.9045E+02    4.0216E-06    5.0578E-08    8.8916E-01   -9.4887E-01    7.2291E-01    1.8200E-04
5.2237E+01  4.6339E-04 1.9272E+02    4.1179E-06    6.2579E-08    9.5373E-01   -1.0041E+00    8.7652E-01    1.8200E-04
5.1373E+01  5.3557E-04 1.9505E+02    4.2044E-06    7.6531E-08    1.0313E+00   -1.0669E+00    1.0634E+00    1.8200E-04
5.0506E+01  6.1822E-04 1.9745E+02    4.2911E-06    9.1585E-08    1.1164E+00   -1.1381E+00    1.2908E+00    1.8200E-04
4.9637E+01  7.1272E-04 1.9991E+02    4.3745E-06    1.0718E-07    1.2044E+00   -1.2165E+00    1.5669E+00    1.8200E-04
4.8764E+01  8.2064E-04 2.0242E+02    4.4454E-06    1.2304E-07    1.2943E+00   -1.2933E+00    1.9006E+00    1.8200E-04
4.7889E+01  9.4370E-04 2.0497E+02    4.5243E-06    1.3968E-07    1.3852E+00   -1.3786E+00    2.3011E+00    1.8200E-04
4.7011E+01  1.0838E-03 2.0754E+02    4.5884E-06    1.5865E-07    1.4857E+00   -1.4741E+00    2.7780E+00    1.8200E-04
4.6130E+01  1.2432E-03 2.1013E+02    4.6549E-06    1.7875E-07    1.5885E+00   -1.5778E+00    3.3408E+00    1.8200E-04
4.5247E+01  1.4243E-03 2.1271E+02    4.7155E-06    2.0189E-07    1.6951E+00   -1.6826E+00    3.9975E+00    1.8200E-04
4.4362E+01  1.6296E-03 2.1527E+02    4.7772E-06    2.2758E-07    1.8023E+00   -1.7877E+00    4.7533E+00    1.8200E-04
4.3475E+01  1.8622E-03 2.1777E+02    4.8304E-06    2.5713E-07    1.9131E+00   -1.8929E+00    5.4566E+00    1.8200E-04
4.2586E+01  2.1253E-03 2.2018E+02    4.8837E-06    2.9098E-07    2.0283E+00   -2.0010E+00    6.0426E+00    1.8200E-04
4.1697E+01  2.4226E-03 2.2247E+02    4.9270E-06    3.2948E-07    2.1469E+00   -2.1151E+00    6.6425E+00    1.8200E-04
4.0808E+01  2.7579E-03 2.2461E+02    4.9702E-06    3.7433E-07    2.2712E+00   -2.2385E+00    7.2433E+00    1.8200E-04
3.9919E+01  3.1357E-03 2.2658E+02    5.0058E-06    4.2624E-07    2.3971E+00   -2.3698E+00    7.8307E+00    1.8200E-04
3.9032E+01  3.5608E-03 2.2836E+02    5.0356E-06    4.8740E-07    2.5228E+00   -2.5044E+00    8.3901E+00    1.8200E-04
3.8148E+01  4.0383E-03 2.2992E+02    5.0633E-06    5.6101E-07    2.6468E+00   -2.6356E+00    8.9050E+00    1.8200E-04
3.7267E+01  4.5742E-03 2.3123E+02    5.0709E-06    6.5111E-07    2.7662E+00   -2.7560E+00    9.3559E+00    1.8200E-04
3.6392E+01  5.1746E-03 2.3225E+02    5.0800E-06    7.6348E-07    2.8790E+00   -2.8615E+00    9.7194E+00    1.8200E-04
3.5522E+01  5.8465E-03 2.3293E+02    5.0742E-06    9.0816E-07    2.9848E+00   -2.9459E+00    9.9682E+00    1.8200E-04
3.4659E+01  6.5973E-03 2.3322E+02    5.0539E-06    1.0977E-06    3.0760E+00   -3.0013E+00    1.0075E+01    1.8200E-04
3.3806E+01  7.4351E-03 2.3307E+02    5.0198E-06    1.3412E-06    3.1286E+00   -3.0173E+00    1.0020E+01    1.8200E-04
3.2963E+01  8.3688E-03 2.3247E+02    4.9792E-06    1.6291E-06    3.1058E+00   -2.9837E+00    9.8003E+00    1.8200E-04
3.2132E+01  9.4078E-03 2.3146E+02    4.9259E-06    1.9581E-06    3.0100E+00   -2.8978E+00    9.4366E+00    1.8200E-04
3.1315E+01  1.0563E-02 2.3010E+02    4.8606E-06    2.2770E-06    2.8325E+00   -2.7705E+00    8.9678E+00    1.8200E-04
3.0512E+01  1.1844E-02 2.2851E+02    4.7905E-06    2.5372E-06    2.6009E+00   -2.5567E+00    8.4383E+00    1.8200E-04
2.9723E+01  1.3264E-02 2.2677E+02    4.7102E-06    2.7360E-06    2.3609E+00   -2.3208E+00    7.8876E+00    1.8200E-04
2.8950E+01  1.4836E-02 2.2496E+02    4.6246E-06    2.8622E-06    2.1239E+00   -2.0752E+00    7.3447E+00    1.8200E-04
2.8192E+01  1.6573E-02 2.2315E+02    4.5368E-06    2.9100E-06    1.8924E+00   -1.8314E+00    6.8289E+00    1.8200E-04
2.7448E+01  1.8491E-02 2.2138E+02    4.4478E-06    2.8960E-06    1.6757E+00   -1.5999E+00    6.3510E+00    1.8200E-04
2.6719E+01  2.0604E-02 2.1967E+02    4.3591E-06    2.8406E-06    1.4814E+00   -1.3887E+00    5.9155E+00    1.8200E-04
2.6004E+01  2.2930E-02 2.1805E+02    4.2651E-06    2.7550E-06    1.3112E+00   -1.2024E+00    5.5233E+00    1.8200E-04
2.5303E+01  2.5486E-02 2.1653E+02    4.1715E-06    2.6518E-06    1.1651E+00   -1.0429E+00    5.1688E+00    1.8200E-04
2.4615E+01  2.8291E-02 2.1511E+02    4.0855E-06    2.5283E-06    1.0389E+00   -9.0943E-01    4.7028E+00    1.8200E-04
2.3939E+01  3.1365E-02 2.1380E+02    3.9913E-06    2.4072E-06    9.3310E-01   -7.9765E-01    4.3062E+00    1.8200E-04
2.3276E+01  3.4730E-02 2.1262E+02    3.8990E-06    2.2785E-06    8.4104E-01   -7.0381E-01    3.9715E+00    1.8200E-04
2.2625E+01  3.8408E-02 2.1156E+02    3.8112E-06    2.1516E-06    7.6085E-01   -6.2375E-01    3.6919E+00    1.8200E-04
2.1985E+01  4.2421E-02 2.1064E+02    3.7229E-06    2.0308E-06    6.9030E-01   -5.5393E-01    3.4618E+00    1.8200E-04
2.1356E+01  4.6794E-02 2.0985E+02    3.6312E-06    1.9057E-06    6.2538E-01   -4.9288E-01    3.2760E+00    1.8200E-04
2.0737E+01  5.1554E-02 2.0921E+02    3.5449E-06    1.7834E-06    5.6619E-01   -4.3896E-01    3.1302E+00    1.8200E-04
2.0128E+01  5.6726E-02 2.0871E+02    3.4599E-06    1.6709E-06    5.1303E-01   -3.8947E-01    3.0200E+00    1.8200E-04
1.9528E+01  6.2338E-02 2.0834E+02    3.3811E-06    1.5512E-06    4.6282E-01   -3.4426E-01    2.9412E+00    1.8200E-04
1.8938E+01  6.8419E-02 2.0809E+02    3.3039E-06    1.4335E-06    4.1664E-01   -3.0061E-01    2.8894E+00    1.8200E-04
1.8355E+01  7.4999E-02 2.0794E+02    3.2227E-06    1.3095E-06    3.7328E-01   -2.5824E-01    2.8595E+00    1.8200E-04
1.7782E+01  8.2108E-02 2.0788E+02    3.1524E-06    1.1842E-06    3.3351E-01   -2.1693E-01    2.8461E+00    1.8200E-04
1.7216E+01  8.9777E-02 2.0786E+02    3.0948E-06    1.0591E-06    2.9716E-01   -1.7705E-01    2.8430E+00    1.8200E-04
1.6659E+01  9.8039E-02 2.0787E+02    3.0301E-06    9.2578E-07    2.6267E-01   -1.4065E-01    2.8443E+00    1.8200E-04
1.6110E+01  1.0693E-01 2.0787E+02    2.9783E-06    7.9264E-07    2.2982E-01   -8.2946E-02    2.8435E+00    1.8200E-04
1.5569E+01  1.1647E-01 2.0783E+02    2.9351E-06    6.6311E-07    1.9968E-01   -5.6422E-02    2.8370E+00    1.8200E-04
1.5036E+01  1.2671E-01 2.0778E+02    2.8970E-06    5.4201E-07    1.7284E-01   -3.7543E-02    2.8251E+00    1.8200E-04
1.4511E+01  1.3768E-01 2.0771E+02    2.8656E-06    4.3321E-07    1.4942E-01   -2.6435E-02    2.8116E+00    1.8200E-04
1.3994E+01  1.4940E-01 2.0767E+02    2.8398E-06    3.3613E-07    1.2904E-01   -2.3657E-02    2.8028E+00    1.8200E-04
1.3486E+01  1.6192E-01 2.0769E+02    2.8195E-06    2.5178E-07    1.1174E-01   -2.7644E-02    2.8067E+00    1.8200E-04
1.2985E+01  1.7527E-01 2.0780E+02    2.8048E-06    1.8790E-07    9.8527E-02   -3.1510E-02    2.8301E+00    1.8200E-04
1.2492E+01  1.8948E-01 2.0804E+02    2.8201E-06    1.4469E-07    8.9413E-02   -3.2023E-02    2.8786E+00    1.8200E-04
1.2007E+01  2.0458E-01 2.0839E+02    2.9604E-06    1.1360E-07    8.3728E-02   -3.2964E-02    2.9521E+00    1.8200E-04
1.1528E+01  2.2061E-01 2.0885E+02    3.7777E-06    8.9936E-08    8.2919E-02   -4.3607E-02    3.0518E+00    1.8200E-04
1.1057E+01  2.3760E-01 2.0936E+02    4.5626E-06    7.4137E-08    8.2387E-02    1.4143E-02    3.1624E+00    1.8200E-04
1.0592E+01  2.5557E-01 2.0992E+02    4.9598E-06    6.5000E-08    8.3930E-02    6.2291E-03    3.2921E+00    1.8200E-04
1.0132E+01  2.7455E-01 2.1295E+02    7.5580E-06    5.9099E-08    9.6496E-02   -2.2619E-01    4.0626E+00    1.8200E-04
9.6715E+00  2.9457E-01 2.1733E+02    1.3579E-05    5.4331E-08    1.2463E-01   -5.9465E-01    5.3555E+00    1.8200E-04
9.2105E+00  3.1566E-01 2.2170E+02    2.3786E-05    5.0123E-08    1.6576E-01   -9.8955E-01    6.4354E+00    1.8200E-04
8.7489E+00  3.3782E-01 2.2603E+02    4.0614E-05    4.6250E-08    2.1931E-01   -1.3829E+00    7.6628E+00    1.8200E-04
8.2872E+00  3.6109E-01 2.3032E+02    6.7559E-05    4.2446E-08    2.8248E-01   -1.7315E+00    9.0406E+00    1.8200E-04
7.8260E+00  3.8547E-01 2.3453E+02    1.0941E-04    3.8900E-08    3.4988E-01   -1.9920E+00    1.0568E+01    1.8200E-04
7.3655E+00  4.1099E-01 2.3864E+02    1.7234E-04    3.5541E-08    4.2004E-01   -2.1657E+00    1.2236E+01    1.8200E-04
6.9065E+00  4.3763E-01 2.4263E+02    2.6384E-04    3.2362E-08    4.9609E-01   -2.2751E+00    1.4032E+01    1.8200E-04
6.4494E+00  4.6542E-01 2.4648E+02    3.9238E-04    2.9427E-08    5.7164E-01   -2.3091E+00    1.5936E+01    1.8200E-04
5.9948E+00  4.9435E-01 2.5015E+02    5.6687E-04    2.6705E-08    6.3255E-01   -2.3064E+00    1.7927E+01    1.8200E-04
5.5433E+00  5.2442E-01 2.5364E+02    7.9609E-04    2.4168E-08    6.7474E-01   -2.2844E+00    1.9982E+01    1.8200E-04
5.0955E+00  5.5561E-01 2.5693E+02    1.0881E-03    2.1814E-08    7.0575E-01   -2.2636E+00    2.2077E+01    1.8200E-04
4.6521E+00  5.8792E-01 2.6004E+02    1.4500E-03    1.9663E-08    7.3102E-01   -2.2148E+00    2.4193E+01    1.8200E-04
4.2134E+00  6.2132E-01 2.6296E+02    1.8877E-03    1.7757E-08    7.4922E-01   -2.1517E+00    2.6315E+01    1.8200E-04
3.7802E+00  6.5580E-01 2.6570E+02    2.4057E-03    1.6023E-08    7.5774E-01   -2.0833E+00    2.8430E+01    1.8200E-04
3.3527E+00  6.9131E-01 2.6828E+02    3.0077E-03    1.4460E-08    7.5760E-01   -1.9810E+00    3.0528E+01    1.8200E-04
2.9315E+00  7.2783E-01 2.7070E+02    3.6963E-03    1.3064E-08    7.5192E-01   -1.8224E+00    3.2604E+01    1.8200E-04
2.5170E+00  7.6531E-01 2.7298E+02    4.4731E-03    1.1880E-08    7.4321E-01   -1.6769E+00    3.4652E+01    1.8200E-04
2.1094E+00  8.0371E-01 2.7538E+02    5.4136E-03    1.0882E-08    7.3704E-01   -1.5958E+00    3.6904E+01    1.8200E-04
1.7088E+00  8.4298E-01 2.7764E+02    6.3034E-03    1.0025E-08    7.1460E-01   -1.5116E+00    3.9135E+01    1.8200E-04
1.3155E+00  8.8304E-01 2.7982E+02    7.3931E-03    9.3233E-09    7.0199E-01   -1.5252E+00    4.1369E+01    1.8200E-04
9.2993E-01  9.2385E-01 2.8188E+02    8.4951E-03    8.7694E-09    6.8913E-01   -1.5967E+00    4.3574E+01    1.8200E-04
5.5232E-01  9.6532E-01 2.8385E+02    9.6812E-03    8.3372E-09    6.8746E-01   -1.8018E+00    4.5769E+01    1.8200E-04
1.8292E-01  1.0074E+00 2.8573E+02    1.1030E-02    7.9878E-09    7.0637E-01   -2.0471E+00    4.7932E+01    1.8200E-04
0.0000E+00  1.0288E+00 2.8667E+02    1.1706E-02    8.0500E-09    7.9743E+00   -3.4994E+00    4.9045E+01    1.8200E-04
