     ALT          P          T          FH2O           O3           THEAT        TCOOL        PSATCO2        FCO2
6.6424E+01  3.2610E-05 1.8490E+02    1.4287E-06    5.9635E-09    3.3552E+01   -2.6850E+01    4.4198E-01    1.7900E-04
6.5504E+01  3.8505E-05 1.7331E+02    1.6718E-06    7.6130E-09    5.2136E+00   -1.1467E+01    1.4255E-01    1.8000E-04
6.4640E+01  4.5410E-05 1.6609E+02    1.8972E-06    9.6982E-09    1.5927E+00   -4.2817E+00    6.4920E-02    1.8021E-04
6.3808E+01  5.3485E-05 1.6275E+02    2.1049E-06    1.1285E-08    1.0517E+00   -1.3852E+00    4.4017E-02    1.8100E-04
6.2994E+01  6.2916E-05 1.6202E+02    2.3048E-06    1.2600E-08    9.5822E-01   -4.5137E-01    4.0366E-02    1.8100E-04
6.2186E+01  7.3917E-05 1.6281E+02    2.5413E-06    1.3660E-08    9.2519E-01   -3.3822E-01    4.4321E-02    1.8200E-04
6.1379E+01  8.6733E-05 1.6438E+02    2.8242E-06    1.4467E-08    8.9492E-01   -4.8842E-01    5.3312E-02    1.8200E-04
6.0569E+01  1.0164E-04 1.6634E+02    3.0994E-06    1.5445E-08    8.6671E-01   -6.4726E-01    6.6795E-02    1.8200E-04
5.9757E+01  1.1896E-04 1.6849E+02    3.3571E-06    1.6586E-08    8.4343E-01   -7.3490E-01    8.4988E-02    1.8200E-04
5.8940E+01  1.3906E-04 1.7073E+02    3.5954E-06    1.8048E-08    8.2406E-01   -7.6962E-01    1.0848E-01    1.8200E-04
5.8120E+01  1.6235E-04 1.7301E+02    3.8228E-06    1.9900E-08    8.0969E-01   -7.7676E-01    1.3812E-01    1.8200E-04
5.7295E+01  1.8930E-04 1.7530E+02    4.0375E-06    2.2243E-08    8.0120E-01   -7.7924E-01    1.7500E-01    1.8200E-04
5.6467E+01  2.2045E-04 1.7760E+02    4.2370E-06    2.5258E-08    7.9985E-01   -7.8744E-01    2.2060E-01    1.8200E-04
5.5635E+01  2.5640E-04 1.7993E+02    4.4224E-06    2.9353E-08    8.0792E-01   -8.0707E-01    2.7697E-01    1.8200E-04
5.4799E+01  2.9784E-04 1.8229E+02    4.5897E-06    3.4825E-08    8.2725E-01   -8.3842E-01    3.4696E-01    1.8200E-04
5.3960E+01  3.4553E-04 1.8471E+02    4.7517E-06    4.2156E-08    8.6059E-01   -8.8216E-01    4.3440E-01    1.8200E-04
5.3117E+01  4.0036E-04 1.8721E+02    4.9010E-06    5.1512E-08    9.0862E-01   -9.3452E-01    5.4415E-01    1.8200E-04
5.2270E+01  4.6330E-04 1.8978E+02    5.0366E-06    6.2894E-08    9.7067E-01   -9.9309E-01    6.8199E-01    1.8200E-04
5.1418E+01  5.3547E-04 1.9242E+02    5.1661E-06    7.5697E-08    1.0428E+00   -1.0575E+00    8.5449E-01    1.8200E-04
5.0563E+01  6.1809E-04 1.9512E+02    5.2959E-06    8.9054E-08    1.1195E+00   -1.1277E+00    1.0689E+00    1.8200E-04
4.9704E+01  7.1257E-04 1.9785E+02    5.4063E-06    1.0270E-07    1.1972E+00   -1.2017E+00    1.3330E+00    1.8200E-04
4.8840E+01  8.2045E-04 2.0061E+02    5.5190E-06    1.1650E-07    1.2754E+00   -1.2807E+00    1.6552E+00    1.8200E-04
4.7973E+01  9.4348E-04 2.0338E+02    5.6331E-06    1.3190E-07    1.3596E+00   -1.3596E+00    2.0439E+00    1.8200E-04
4.7102E+01  1.0836E-03 2.0613E+02    5.7277E-06    1.4816E-07    1.4475E+00   -1.4499E+00    2.5075E+00    1.8200E-04
4.6227E+01  1.2429E-03 2.0887E+02    5.8322E-06    1.6652E-07    1.5421E+00   -1.5500E+00    3.0543E+00    1.8200E-04
4.5350E+01  1.4239E-03 2.1156E+02    5.9200E-06    1.8832E-07    1.6433E+00   -1.6506E+00    3.6909E+00    1.8200E-04
4.4469E+01  1.6292E-03 2.1419E+02    6.0124E-06    2.1227E-07    1.7440E+00   -1.7515E+00    4.4212E+00    1.8200E-04
4.3587E+01  1.8617E-03 2.1675E+02    6.0962E-06    2.3940E-07    1.8465E+00   -1.8517E+00    5.2221E+00    1.8200E-04
4.2703E+01  2.1247E-03 2.1919E+02    6.1746E-06    2.7080E-07    1.9552E+00   -1.9543E+00    5.7979E+00    1.8200E-04
4.1818E+01  2.4219E-03 2.2151E+02    6.2545E-06    3.0789E-07    2.0731E+00   -2.0639E+00    6.3850E+00    1.8200E-04
4.0933E+01  2.7571E-03 2.2366E+02    6.3253E-06    3.4961E-07    2.1928E+00   -2.1830E+00    6.9708E+00    1.8200E-04
4.0049E+01  3.1347E-03 2.2563E+02    6.3920E-06    3.9877E-07    2.3177E+00   -2.3120E+00    7.5422E+00    1.8200E-04
3.9167E+01  3.5596E-03 2.2740E+02    6.4450E-06    4.5595E-07    2.4417E+00   -2.4457E+00    8.0862E+00    1.8200E-04
3.8287E+01  4.0370E-03 2.2897E+02    6.4978E-06    5.2487E-07    2.5653E+00   -2.5780E+00    8.5892E+00    1.8200E-04
3.7410E+01  4.5726E-03 2.3030E+02    6.5404E-06    6.0883E-07    2.6853E+00   -2.7015E+00    9.0347E+00    1.8200E-04
3.6538E+01  5.1728E-03 2.3136E+02    6.5685E-06    7.1400E-07    2.8010E+00   -2.8109E+00    9.4024E+00    1.8200E-04
3.5672E+01  5.8444E-03 2.3211E+02    6.5916E-06    8.4682E-07    2.9076E+00   -2.9015E+00    9.6680E+00    1.8200E-04
3.4813E+01  6.5949E-03 2.3249E+02    6.6000E-06    1.0248E-06    3.0084E+00   -2.9663E+00    9.8057E+00    1.8200E-04
3.3963E+01  7.4323E-03 2.3246E+02    6.5943E-06    1.2440E-06    3.0605E+00   -2.9935E+00    9.7962E+00    1.8200E-04
3.3122E+01  8.3656E-03 2.3201E+02    6.5749E-06    1.5140E-06    3.0544E+00   -2.9751E+00    9.6347E+00    1.8200E-04
3.2293E+01  9.4042E-03 2.3117E+02    6.5417E-06    1.8227E-06    2.9722E+00   -2.9057E+00    9.3361E+00    1.8200E-04
3.1477E+01  1.0558E-02 2.3000E+02    6.4936E-06    2.1264E-06    2.8058E+00   -2.7921E+00    8.9343E+00    1.8200E-04
3.0675E+01  1.1839E-02 2.2860E+02    6.4439E-06    2.3892E-06    2.5868E+00   -2.5952E+00    8.4697E+00    1.8200E-04
2.9886E+01  1.3259E-02 2.2707E+02    6.3808E-06    2.5797E-06    2.3453E+00   -2.3737E+00    7.9799E+00    1.8200E-04
2.9112E+01  1.4830E-02 2.2547E+02    6.3161E-06    2.7010E-06    2.1074E+00   -2.1422E+00    7.4942E+00    1.8200E-04
2.8352E+01  1.6566E-02 2.2387E+02    6.2401E-06    2.7459E-06    1.8771E+00   -1.9118E+00    7.0322E+00    1.8200E-04
2.7606E+01  1.8483E-02 2.2233E+02    6.1655E-06    2.7442E-06    1.6676E+00   -1.6939E+00    6.6043E+00    1.8200E-04
2.6874E+01  2.0595E-02 2.2085E+02    6.0848E-06    2.6998E-06    1.4781E+00   -1.4948E+00    6.2147E+00    1.8200E-04
2.6155E+01  2.2919E-02 2.1946E+02    5.9985E-06    2.6165E-06    1.3086E+00   -1.3190E+00    5.8635E+00    1.8200E-04
2.5449E+01  2.5474E-02 2.1816E+02    5.9138E-06    2.5176E-06    1.1635E+00   -1.1687E+00    5.5492E+00    1.8200E-04
2.4756E+01  2.8278E-02 2.1695E+02    5.8307E-06    2.4109E-06    1.0407E+00   -1.0422E+00    5.2693E+00    1.8200E-04
2.4075E+01  3.1351E-02 2.1585E+02    5.7489E-06    2.2980E-06    9.3582E-01   -9.3605E-01    4.9404E+00    1.8200E-04
2.3406E+01  3.4714E-02 2.1484E+02    5.6617E-06    2.1846E-06    8.4549E-01   -8.4558E-01    4.6184E+00    1.8200E-04
2.2748E+01  3.8389E-02 2.1394E+02    5.5796E-06    2.0695E-06    7.6600E-01   -7.6745E-01    4.3458E+00    1.8200E-04
2.2101E+01  4.2400E-02 2.1315E+02    5.4890E-06    1.9557E-06    6.9509E-01   -6.9830E-01    4.1184E+00    1.8200E-04
2.1464E+01  4.6771E-02 2.1248E+02    5.3998E-06    1.8480E-06    6.3166E-01   -6.3648E-01    3.9330E+00    1.8200E-04
2.0838E+01  5.1528E-02 2.1193E+02    5.3122E-06    1.7354E-06    5.7272E-01   -5.8119E-01    3.7865E+00    1.8200E-04
2.0221E+01  5.6697E-02 2.1150E+02    5.2259E-06    1.6346E-06    5.2012E-01   -5.2960E-01    3.6762E+00    1.8200E-04
1.9614E+01  6.2306E-02 2.1120E+02    5.1408E-06    1.5220E-06    4.6976E-01   -4.8202E-01    3.5989E+00    1.8200E-04
1.9015E+01  6.8383E-02 2.1100E+02    5.0617E-06    1.4070E-06    4.2304E-01   -4.3648E-01    3.5510E+00    1.8200E-04
1.8426E+01  7.4959E-02 2.1091E+02    4.9844E-06    1.2941E-06    3.8061E-01   -3.9112E-01    3.5278E+00    1.8200E-04
1.7844E+01  8.2064E-02 2.1089E+02    4.9112E-06    1.1698E-06    3.4031E-01   -3.4779E-01    3.5236E+00    1.8200E-04
1.7271E+01  8.9728E-02 2.1093E+02    4.8424E-06    1.0442E-06    3.0343E-01   -3.0583E-01    3.5317E+00    1.8200E-04
1.6706E+01  9.7985E-02 2.1098E+02    4.7755E-06    9.1982E-07    2.6991E-01   -2.6547E-01    3.5449E+00    1.8200E-04
1.6148E+01  1.0687E-01 2.1102E+02    4.7218E-06    7.8860E-07    2.3707E-01   -2.0828E-01    3.5551E+00    1.8200E-04
1.5599E+01  1.1641E-01 2.1103E+02    4.6779E-06    6.6070E-07    2.0687E-01   -1.7644E-01    3.5573E+00    1.8200E-04
1.5059E+01  1.2664E-01 2.1100E+02    4.6346E-06    5.4077E-07    1.7990E-01   -1.5185E-01    3.5501E+00    1.8200E-04
1.4526E+01  1.3760E-01 2.1095E+02    4.5965E-06    4.3222E-07    1.5627E-01   -1.3472E-01    3.5368E+00    1.8200E-04
1.4002E+01  1.4932E-01 2.1089E+02    4.5700E-06    3.3535E-07    1.3573E-01   -1.2572E-01    3.5239E+00    1.8200E-04
1.3486E+01  1.6183E-01 2.1088E+02    4.5494E-06    2.5095E-07    1.1826E-01   -1.2345E-01    3.5201E+00    1.8200E-04
1.2978E+01  1.7517E-01 2.1093E+02    4.5345E-06    1.8730E-07    1.0495E-01   -1.2133E-01    3.5339E+00    1.8200E-04
1.2478E+01  1.8937E-01 2.1109E+02    4.5245E-06    1.4430E-07    9.5603E-02   -1.1589E-01    3.5724E+00    1.8200E-04
1.1986E+01  2.0446E-01 2.1135E+02    4.6248E-06    1.1274E-07    8.9293E-02   -1.1182E-01    3.6389E+00    1.8200E-04
1.1501E+01  2.2048E-01 2.1173E+02    5.1080E-06    8.9020E-08    8.6552E-02   -1.1606E-01    3.7363E+00    1.8200E-04
1.1023E+01  2.3745E-01 2.1220E+02    6.1995E-06    7.3756E-08    8.7986E-02   -1.1913E-01    3.8581E+00    1.8200E-04
1.0553E+01  2.5541E-01 2.1273E+02    6.9785E-06    6.4927E-08    9.0347E-02   -5.6917E-02    4.0013E+00    1.8200E-04
1.0089E+01  2.7438E-01 2.1328E+02    7.9164E-06    5.9139E-08    9.2087E-02   -5.2611E-02    4.1547E+00    1.8200E-04
9.6299E+00  2.9439E-01 2.1626E+02    1.1824E-05    5.4483E-08    1.0825E-01   -3.0492E-01    5.0797E+00    1.8200E-04
9.1714E+00  3.1546E-01 2.2061E+02    2.0774E-05    5.0398E-08    1.4334E-01   -7.1097E-01    6.1527E+00    1.8200E-04
8.7124E+00  3.3761E-01 2.2493E+02    3.5594E-05    4.6486E-08    1.9276E-01   -1.1325E+00    7.3360E+00    1.8200E-04
8.2533E+00  3.6086E-01 2.2921E+02    5.9447E-05    4.2824E-08    2.5380E-01   -1.5267E+00    8.6681E+00    1.8200E-04
7.7946E+00  3.8523E-01 2.3342E+02    9.6705E-05    3.9324E-08    3.2118E-01   -1.8392E+00    1.0149E+01    1.8200E-04
7.3366E+00  4.1072E-01 2.3754E+02    1.5310E-04    3.5914E-08    3.9181E-01   -2.0545E+00    1.1772E+01    1.8200E-04
6.8799E+00  4.3735E-01 2.4155E+02    2.3571E-04    3.2750E-08    4.6790E-01   -2.1968E+00    1.3526E+01    1.8200E-04
6.4251E+00  4.6512E-01 2.4542E+02    3.5269E-04    2.9849E-08    5.4557E-01   -2.2567E+00    1.5393E+01    1.8200E-04
5.9728E+00  4.9403E-01 2.4912E+02    5.1283E-04    2.7095E-08    6.1135E-01   -2.2662E+00    1.7354E+01    1.8200E-04
5.5234E+00  5.2407E-01 2.5265E+02    7.2495E-04    2.4539E-08    6.5826E-01   -2.2528E+00    1.9385E+01    1.8200E-04
5.0777E+00  5.5524E-01 2.5599E+02    9.9735E-04    2.2205E-08    6.9197E-01   -2.2381E+00    2.1462E+01    1.8200E-04
4.6361E+00  5.8753E-01 2.5914E+02    1.3374E-03    2.0051E-08    7.1919E-01   -2.1995E+00    2.3568E+01    1.8200E-04
4.1992E+00  6.2091E-01 2.6211E+02    1.7512E-03    1.8086E-08    7.3990E-01   -2.1404E+00    2.5683E+01    1.8200E-04
3.7676E+00  6.5535E-01 2.6489E+02    2.2439E-03    1.6366E-08    7.5133E-01   -2.0777E+00    2.7795E+01    1.8200E-04
3.3417E+00  6.9084E-01 2.6751E+02    2.8192E-03    1.4815E-08    7.5356E-01   -1.9886E+00    2.9893E+01    1.8200E-04
2.9220E+00  7.2733E-01 2.6997E+02    3.4799E-03    1.3429E-08    7.4960E-01   -1.8468E+00    3.1970E+01    1.8200E-04
2.5089E+00  7.6479E-01 2.7229E+02    4.2280E-03    1.2205E-08    7.4237E-01   -1.6972E+00    3.4022E+01    1.8200E-04
2.1026E+00  8.0316E-01 2.7464E+02    5.1310E-03    1.1164E-08    7.3761E-01   -1.6005E+00    3.6201E+01    1.8200E-04
1.7034E+00  8.4239E-01 2.7693E+02    6.0318E-03    1.0309E-08    7.1937E-01   -1.5181E+00    3.8427E+01    1.8200E-04
1.3114E+00  8.8243E-01 2.7913E+02    7.0354E-03    9.5707E-09    7.0300E-01   -1.5066E+00    4.0657E+01    1.8200E-04
9.2708E-01  9.2320E-01 2.8122E+02    8.1506E-03    9.0018E-09    6.9240E-01   -1.5738E+00    4.2859E+01    1.8200E-04
5.5064E-01  9.6464E-01 2.8321E+02    9.2256E-03    8.5612E-09    6.8554E-01   -1.7514E+00    4.5040E+01    1.8200E-04
1.8238E-01  1.0067E+00 2.8510E+02    1.0591E-02    8.2059E-09    7.0711E-01   -2.0065E+00    4.7203E+01    1.8200E-04
0.0000E+00  1.0280E+00 2.8605E+02    1.1274E-02    8.2700E-09    7.9995E+00   -3.5480E+00    4.8313E+01    1.8200E-04
