   184.895153831197        0.157289300980535E-05
   173.381283534590        0.183689235158859E-05
   166.242068792357        0.208023288298565E-05
   162.988335525906        0.231239129606499E-05
   162.363481376588        0.253112337716451E-05
   163.263201315225        0.276780888114013E-05
   164.964042755848        0.300508605722105E-05
   167.062500504027        0.323163245582479E-05
   169.348581435286        0.344418533713455E-05
   171.713103835804        0.365336882621403E-05
   174.098130591269        0.384110991051464E-05
   176.475049082752        0.402382967368001E-05
   178.835869058821        0.419321562063348E-05
   181.188621027891        0.436010271965592E-05
   183.551469448913        0.450378503724854E-05
   185.945813562612        0.463912965729912E-05
   188.389661859426        0.477327817528795E-05
   190.892511580634        0.489277527758170E-05
   193.453945083331        0.500267566952518E-05
   196.066188878225        0.510987163028052E-05
   198.717818248484        0.521303495905651E-05
   201.395963611636        0.530774293551979E-05
   204.086516334237        0.539690460396490E-05
   206.775858071305        0.548437527043178E-05
   209.451215160297        0.557174409225949E-05
   212.097525252453        0.565019510681464E-05
   214.695420862227        0.572277614329596E-05
   217.220786863382        0.579356259786284E-05
   219.645409655836        0.586447614631321E-05
   221.940735070778        0.592657758154637E-05
   224.081144825190        0.598637600567866E-05
   226.045226729058        0.603295756795929E-05
   227.814978607515        0.608402583783458E-05
   229.372184251282        0.611930653741257E-05
   230.692671819186        0.614721874278907E-05
   231.741479389139        0.616469180991759E-05
   232.473109789277        0.617000000000000E-05
   232.837137541585        0.617000000000000E-05
   232.790959596718        0.615369459872291E-05
   232.318038982643        0.612056288228431E-05
   231.445389980643        0.608050919007757E-05
   230.248079361729        0.602559737285252E-05
   228.820921848376        0.596131309680153E-05
   227.256236226442        0.589019462679725E-05
   225.633431511248        0.581268600062260E-05
   224.012989865541        0.572798339236717E-05
   222.436581499190        0.564838963440394E-05
   220.929331638387        0.556052689191545E-05
   219.504776078665        0.547160353333589E-05
   218.169641837995        0.537953887219965E-05
   216.927709543585        0.529582530999236E-05
   215.781941304627        0.520042972984120E-05
   214.736096130033        0.510681727670559E-05
   213.795347019406        0.501484105457969E-05
   212.965460652501        0.492428044124208E-05
   212.252563258496        0.483529421483267E-05
   211.661905649637        0.474780901180696E-05
   211.195354509976        0.465162901803288E-05
   210.850395846215        0.456670902691834E-05
   210.618611827994        0.448310273050427E-05
   210.484304488594        0.440075528116750E-05
   210.425158894164        0.432825574103092E-05
   210.412780560458        0.425971313175048E-05
   210.416419406711        0.419338978676333E-05
   210.405183963336        0.413784840076074E-05
   210.360985518467        0.408652275629401E-05
   210.283654820849        0.404757968419208E-05
   210.189811591193        0.401576343059011E-05
   210.106857165714        0.398445092985775E-05
   210.062760292473        0.395909754669509E-05
   210.084668687175        0.394444327959346E-05
   210.205786815640        0.393449262404671E-05
   210.458860845299        0.402443609993407E-05
   210.850710687500        0.444753517140188E-05
   211.279398920893        0.547637990250055E-05
   211.984652033640        0.628513734637327E-05
   212.815527803570        0.748894421616341E-05
   216.421552330461        0.120678285203809E-04
   220.769574244291        0.211913632849547E-04
   225.092178307723        0.362911251601423E-04
   229.370821353436        0.605781512585970E-04
   233.583543917750        0.984866384908088E-04
   237.705648272139        0.155815375844820E-03
   241.711186844163        0.239698884467681E-03
   245.575169725247        0.358349553591607E-03
   249.276075581719        0.520581209463969E-03
   252.798039725881        0.735213530831411E-03
   256.132133043796        0.101051228337613E-02
   259.276311434343        0.135378396849567E-02
   262.234318612714        0.177116826097560E-02
   265.014085137537        0.226760031563220E-02
   267.626089201734        0.284687562968697E-02
   270.081971299353        0.351175038384271E-02
   272.393511227631        0.426403027546632E-02
   274.764353857868        0.517891122891445E-02
   277.054199839718        0.607763531857002E-02
   279.250278471241        0.709593989503832E-02
   281.331036621588        0.820875058208263E-02
   283.316310142551        0.930274684600859E-02
   285.210738471170        0.106651492342194E-01
   286.157693481782        0.113468522465247E-01
