   184.914439528340        0.166229042964278E-05
   173.433951766153        0.194604634582980E-05
   166.350589201257        0.220646038566542E-05
   163.158320856935        0.244601404708591E-05
   162.597681212600        0.267777793514560E-05
   163.563821304605        0.289768148688040E-05
   165.331324512175        0.311050359319900E-05
   167.492085140478        0.331323657074946E-05
   169.831662547604        0.351164409530080E-05
   172.238036467376        0.370319660803165E-05
   174.651865483729        0.387614018173102E-05
   177.044332139873        0.405232360973694E-05
   179.407816771775        0.420603888179560E-05
   181.751167742050        0.435696346363897E-05
   184.094108599583        0.449223785216207E-05
   186.460309059851        0.462332255654414E-05
   188.870055379295        0.474272687641215E-05
   191.335117376819        0.485363607856221E-05
   193.857487066084        0.495668676232405E-05
   196.431772808345        0.505684989871954E-05
   199.048770128964        0.515349452093230E-05
   201.695686861080        0.524041905715759E-05
   204.357971981552        0.532214901474455E-05
   207.022041026424        0.540222825543010E-05
   209.675309485727        0.548255964336075E-05
   212.302867207611        0.555306999308464E-05
   214.885478772241        0.562376485683091E-05
   217.398978540778        0.569097638442256E-05
   219.814820187522        0.575421280885184E-05
   222.103873016564        0.580748775219454E-05
   224.239626231968        0.586074852549701E-05
   226.200106009631        0.590396794715258E-05
   227.966745833775        0.594473209605470E-05
   229.520650824992        0.598002344435135E-05
   230.836897242600        0.599760413368604E-05
   231.880067073746        0.601000000000000E-05
   232.604411835484        0.601000000000000E-05
   232.959088626087        0.600030949722316E-05
   232.902176401820        0.597650936398242E-05
   232.416724898702        0.594281602199350E-05
   231.529038476986        0.589919543514963E-05
   230.313309992105        0.583375242431350E-05
   228.864388651906        0.576680058054870E-05
   227.276625558681        0.568786197810533E-05
   225.631052833652        0.561034216669215E-05
   223.987931736082        0.552519653497953E-05
   222.388026549527        0.543560791129081E-05
   220.856431472473        0.534779517773955E-05
   219.406545861048        0.525844964732963E-05
   218.044918274420        0.515971499793989E-05
   216.775384506749        0.507282324299304E-05
   215.601643480916        0.497753985177433E-05
   214.528518733284        0.488405655125575E-05
   213.561435606118        0.479218251178127E-05
   212.706621749487        0.469771262004364E-05
   211.970621284817        0.460293599534325E-05
   211.358876194103        0.451561612921939E-05
   210.873643694723        0.441957060726360E-05
   210.511932051859        0.433482011328708E-05
   210.264648794743        0.425138858287747E-05
   210.116067217664        0.416922012558038E-05
   210.043415250238        0.408826910496908E-05
   210.018745265819        0.401869469472494E-05
   210.012383039643        0.395267005404857E-05
   209.993547213159        0.389725681223460E-05
   209.943025983185        0.384615258048646E-05
   209.858203764143        0.380737878336446E-05
   209.753270481003        0.377563759814326E-05
   209.659136760284        0.374439861981957E-05
   209.613933056889        0.371911084131762E-05
   209.650816973135        0.370447344484058E-05
   209.796481100395        0.369454556633083E-05
   210.071349429662        0.379831895439509E-05
   210.478608635967        0.470086902318323E-05
   210.982780390173        0.540093449490297E-05
   211.512230736504        0.619032616621031E-05
   212.309887581273        0.693248879898127E-05
   216.578986306416        0.123178120426581E-04
   220.929342413743        0.216193181744172E-04
   225.253840420513        0.370042202431715E-04
   229.533715036293        0.617327179549588E-04
   233.746747692727        0.100299185814484E-03
   237.867987870546        0.158568219579116E-03
   241.871312370212        0.243736092098615E-03
   245.731709233670        0.364061621846873E-03
   249.427825293045        0.528381930369368E-03
   252.944103752978        0.745515227278132E-03
   256.271934173457        0.102370158681277E-02
   259.409586563401        0.137020703740683E-02
   262.361076949815        0.179112615164064E-02
   265.134542468571        0.229135190191614E-02
   267.740598072465        0.287464442658647E-02
   270.190959674704        0.354373196602952E-02
   272.497435001861        0.430039813429072E-02
   274.863764819031        0.521712134264889E-02
   277.150192475729        0.611447736022993E-02
   279.343637349102        0.714481821425311E-02
   281.421330009378        0.825594959628683E-02
   283.405505687410        0.936556747472083E-02
   285.297018275966        0.107258177458096E-01
   286.242965101415        0.114067634777995E-01
