   184.919266068207        0.142333026186546E-05
   173.306713647981        0.167260708815046E-05
   166.081536195921        0.189584988388420E-05
   162.733599121433        0.210437754720061E-05
   162.003767401300        0.230562742956714E-05
   162.786278525601        0.254112452702599E-05
   164.358552033589        0.282252212038082E-05
   166.321126306557        0.309685033982297E-05
   168.471331688092        0.335781685574003E-05
   170.708609542373        0.360223559875440E-05
   172.983049339895        0.382604612512611E-05
   175.272594725149        0.403904230252081E-05
   177.573802305451        0.423756144529329E-05
   179.896831573284        0.442511180753864E-05
   182.259932841513        0.460007931506695E-05
   184.682329435759        0.475778899964040E-05
   187.177617870852        0.490384703932657E-05
   189.749651348117        0.504685090810224E-05
   192.391855280972        0.517632218301269E-05
   195.090376836359        0.529606264075184E-05
   197.828701172110        0.541645524979411E-05
   200.590263921897        0.552913840018034E-05
   203.357547899665        0.563319839501518E-05
   206.114728404768        0.573774514668461E-05
   208.847885060052        0.584228349457823E-05
   211.541286814014        0.593001502177456E-05
   214.176135859061        0.602801728370086E-05
   216.729929137819        0.610625756073421E-05
   219.176706452743        0.619374322223756E-05
   221.489191336660        0.626452179861193E-05
   223.642020577893        0.633529912488708E-05
   225.614947556427        0.640202927867021E-05
   227.391582246692        0.646498895323586E-05
   228.954889972706        0.650852983614753E-05
   230.281863767566        0.655358354598530E-05
   231.339367491624        0.658423056982284E-05
   232.083791305397        0.660155342826406E-05
   232.466895875667        0.661000000000000E-05
   232.445261938366        0.660425399135184E-05
   232.001763069112        0.658744586542366E-05
   231.161876508315        0.655259986182271E-05
   229.996735747851        0.651361330188156E-05
   228.598180308845        0.645546150371033E-05
   227.059268432821        0.640085189257337E-05
   225.461253510591        0.632613419440006E-05
   223.866899345159        0.625812422836846E-05
   222.318724847639        0.617555442164749E-05
   220.842509220699        0.610234804309573E-05
   219.451799706807        0.601856994506872E-05
   218.152899704930        0.593385262275097E-05
   216.948826346207        0.585073802929165E-05
   215.841876904638        0.576542276642620E-05
   214.835400142848        0.567863402250572E-05
   213.934444224967        0.558974668157445E-05
   213.145054350851        0.550903052027528E-05
   212.473010439313        0.541990392888339E-05
   211.923020229672        0.533225345996005E-05
   211.496774729279        0.524595667706653E-05
   211.191880374183        0.516085214395766E-05
   211.000341129521        0.507704159208965E-05
   210.906989326254        0.500098945698867E-05
   210.890181234763        0.492309892442221E-05
   210.923472906017        0.486206877321644E-05
   210.977692458877        0.479553413816892E-05
   211.021688959137        0.473979551292465E-05
   211.034527119443        0.468791102108605E-05
   211.010962455632        0.464848730469938E-05
   210.961348489306        0.461653314563113E-05
   210.910656178833        0.459005762175003E-05
   210.891978326004        0.456941804426289E-05
   210.938467976021        0.454910309154451E-05
   211.088557919405        0.454000000000000E-05
   211.346006755621        0.463950328219586E-05
   211.731160523762        0.510860561448186E-05
   212.235499916162        0.622280774807402E-05
   212.774102972494        0.735770783546471E-05
   213.487592061331        0.813183353860633E-05
   216.264249465999        0.118232907229327E-04
   220.609894690986        0.207724265128894E-04
   224.930377629481        0.355917472168391E-04
   229.207385231405        0.594424368485830E-04
   233.419281486122        0.966971136559332E-04
   237.541735111752        0.153087210258441E-03
   241.549083393118        0.235684691002975E-03
   245.416375185010        0.352654512596010E-03
   249.121824647361        0.512782143861819E-03
   252.649297861191        0.724887854282129E-03
   255.989574788411        0.997265241929975E-03
   259.140304103009        0.133726618461307E-02
   262.104954187270        0.175108324609703E-02
   264.891239819773        0.224370383993433E-02
   267.509490227199        0.281897041559294E-02
   269.971256687455        0.347967921187926E-02
   272.288275304215        0.422766919005851E-02
   274.638681100066        0.513069631070769E-02
   276.933506476958        0.603142417002957E-02
   279.133471303560        0.703491722516779E-02
   281.218667360853        0.815017246606120E-02
   283.205622956619        0.922497204100599E-02
   285.104188997480        0.105904463138295E-01
   286.052814465104        0.112734039981939E-01
