   184.906413208829        0.151779231598454E-05
   173.347414692100        0.177579121890054E-05
   166.182968828692        0.201833107779130E-05
   162.904822720686        0.223413932589361E-05
   162.249659035545        0.244965198552537E-05
   163.111892098454        0.268699312841329E-05
   164.769694746433        0.293898189154458E-05
   166.823181990445        0.318291330462493E-05
   169.066073811215        0.341086762732990E-05
   171.392228405041        0.363386127445293E-05
   173.745908202275        0.383717360620477E-05
   176.099899872192        0.402807868565270E-05
   178.446888715127        0.420659435668865E-05
   180.794774818117        0.437412052669682E-05
   183.161431204611        0.453399700694389E-05
   185.567655954050        0.468078294611690E-05
   188.030031072559        0.481443816936210E-05
   190.556203068452        0.494277454559987E-05
   193.143920759969        0.506333990315859E-05
   195.783505573297        0.517025097444820E-05
   198.461975522419        0.527384701732288E-05
   201.165648614819        0.537780000544423E-05
   203.879780784929        0.547683776607681E-05
   206.589962569069        0.556703597648014E-05
   209.282748522979        0.566153388555551E-05
   211.942712852801        0.573984552513427E-05
   214.550882225065        0.582243380888241E-05
   217.083433559688        0.590316169821572E-05
   219.513107205678        0.597402012861191E-05
   221.812045060599        0.603619447475385E-05
   223.954630917474        0.609936746667581E-05
   225.920007083579        0.616250168236603E-05
   227.691312092516        0.620554413036376E-05
   229.250455895244        0.624895541726336E-05
   230.573156819392        0.628406115349102E-05
   231.624993657560        0.630449452991639E-05
   232.360434174699        0.632000000000000E-05
   232.728724970027        0.632000000000000E-05
   232.688374856120        0.630392201951436E-05
   232.223034984135        0.627418491937275E-05
   231.361037418974        0.624099651509968E-05
   230.176594747128        0.618660097097025E-05
   228.762425713656        0.613042134700964E-05
   227.210734762588        0.605920474189114E-05
   225.601341912245        0.598401245332833E-05
   223.995043526211        0.590798868460921E-05
   222.433287534975        0.582334333030763E-05
   220.941520048288        0.574212673543142E-05
   219.533481047447        0.565584177603169E-05
   218.215165358882        0.556461813969418E-05
   216.989563409691        0.547798216524970E-05
   215.859985936000        0.539220343274631E-05
   214.830498742033        0.529853399148280E-05
   213.905696188769        0.520651440747937E-05
   213.091292986296        0.511588518951766E-05
   212.393459125262        0.502682083021812E-05
   211.816888744025        0.493924918905993E-05
   211.363656156094        0.485300003813463E-05
   211.031581004576        0.476798800984096E-05
   210.812460132340        0.468428370216538E-05
   210.690973320017        0.460183332273414E-05
   210.644474587615        0.452908841115846E-05
   210.645052268305        0.446045572277434E-05
   210.662681848281        0.439393538392805E-05
   210.666186409351        0.433831386735225E-05
   210.635369941435        0.428682867233771E-05
   210.567510670212        0.424775833048684E-05
   210.476792004295        0.421589129929819E-05
   210.391905947303        0.418452822923262E-05
   210.349582884161        0.415911559059787E-05
   210.387006520468        0.414443602358588E-05
   210.529973157767        0.413446988343126E-05
   210.793837615508        0.424606148678636E-05
   211.170281436073        0.474273564384937E-05
   211.642324880796        0.574601818698852E-05
   212.166557987380        0.646706479391555E-05
   212.701643441349        0.731780480015448E-05
   216.351926958007        0.119590700986075E-04
   220.698655452999        0.210044301432793E-04
   225.020173743059        0.359784773535745E-04
   229.298040066913        0.600701817798679E-04
   233.510414044379        0.976865909678940E-04
   237.632715358887        0.154596624018069E-03
   241.639081000265        0.237906579406762E-03
   245.504539230744        0.355807541218550E-03
   249.207504020821        0.517102951454918E-03
   252.731983931068        0.730614448054210E-03
   256.068914929155        0.100462234436000E-02
   259.216112484173        0.134645594697442E-02
   262.177195571935        0.176228153247301E-02
   264.959997155956        0.225706095858515E-02
   267.574927205729        0.283461421369894E-02
   270.033583560770        0.349771865775403E-02
   272.347722520461        0.424819744428427E-02
   274.695584337459        0.515247781866137E-02
   276.988383914277        0.605237855172429E-02
   279.186802547947        0.706271407209639E-02
   281.270170106753        0.817694765077751E-02
   283.256615355302        0.926072252979076E-02
   285.153426925956        0.106248778666618E-01
   286.101419150568        0.113073489664657E-01
