   185.650016143515        0.127395442070270E-05
   174.595450456418        0.150370622559999E-05
   167.910343987566        0.171430743688335E-05
   165.081469317650        0.190633869907861E-05
   164.834142913758        0.209584512290199E-05
   166.055111880074        0.228528204317298E-05
   168.019571209082        0.246095945868806E-05
   170.323374623707        0.263748175311527E-05
   172.755058480194        0.280514970122371E-05
   175.203110765193        0.296318864248842E-05
   177.606639086051        0.311604551205013E-05
   179.934551406733        0.325228516061756E-05
   182.178862122519        0.338870268458926E-05
   184.351244501424        0.351123721402902E-05
   186.478506336537        0.362987515947208E-05
   188.595338273799        0.373313681153249E-05
   190.736146473222        0.383651813593370E-05
   192.927909758363        0.392682489268066E-05
   195.186560229653        0.401342541495646E-05
   197.517659901512        0.409212103499276E-05
   199.919250627365        0.417167108558607E-05
   202.382763431390        0.424143053388390E-05
   204.895640794653        0.431140535756571E-05
   207.443678276094        0.437364551419862E-05
   210.011836945063        0.443638700566131E-05
   212.581744024098        0.449927930063420E-05
   215.129492640167        0.455230893673742E-05
   217.625935662726        0.460542624365866E-05
   220.038136480566        0.464861988861997E-05
   222.333033564909        0.469791844338039E-05
   224.480956345062        0.473342611605311E-05
   226.457080932269        0.476890520105019E-05
   228.239088383151        0.479715769318426E-05
   229.802514027221        0.481481291986263E-05
   231.115701674171        0.483000000000000E-05
   232.135798605413        0.483000000000000E-05
   232.809281586039        0.482273808131287E-05
   233.078636911378        0.480103139757975E-05
   232.899170203156        0.476696358136459E-05
   232.258968676081        0.472498133628854E-05
   231.193256726372        0.467033234143468E-05
   229.784271372519        0.460396088549240E-05
   228.130640140743        0.452392723376865E-05
   226.326329771313        0.444544794381223E-05
   224.452039373234        0.436024262024343E-05
   222.570872466957        0.427314903321935E-05
   220.728603122699        0.418303474252536E-05
   218.957353897410        0.409434495508257E-05
   217.278667176813        0.400243575375714E-05
   215.706816544727        0.391521208077519E-05
   214.251931148251        0.382400402193943E-05
   212.922220901664        0.373603598062757E-05
   211.725386794958        0.364415604958816E-05
   210.667855057051        0.355750514738384E-05
   209.754427777625        0.347497229677859E-05
   208.987654543922        0.338777963042803E-05
   208.367017420091        0.330189768141422E-05
   207.888322059833        0.321726892551579E-05
   207.542930477528        0.313398189277718E-05
   207.317298139794        0.305885372848558E-05
   207.192580637166        0.298959803938172E-05
   207.144577968323        0.292134734564637E-05
   207.145098808744        0.285496600910549E-05
   207.165283337359        0.279959839543479E-05
   207.175646106330        0.274804441692437E-05
   207.159903318525        0.270504235151433E-05
   207.119938513999        0.266702912067118E-05
   207.072798230484        0.264050870807305E-05
   207.046062108026        0.261495041177828E-05
   207.088876748696        0.259488468511439E-05
   207.223678694054        0.257985058300871E-05
   207.466501149631        0.259904595843794E-05
   207.853346393480        0.320833453720714E-05
   208.366635427664        0.371210842716413E-05
   208.914844253866        0.428862994817423E-05
   209.788010859505        0.486630085930762E-05
   213.203008919054        0.781914376989533E-05
   217.587950992393        0.140370803565722E-04
   221.957539057229        0.245700915866674E-04
   226.295497468924        0.419177150760315E-04
   230.582195220913        0.696622747900487E-04
   234.794775228754        0.112687951415115E-03
   238.907741501564        0.177283040064250E-03
   242.894208466234        0.271027824774089E-03
   246.729234933578        0.402454490756793E-03
   250.392506413800        0.580508453500824E-03
   253.870282913456        0.813940929095554E-03
   257.156124475719        0.111078441736629E-02
   260.250364782013        0.147801309747897E-02
   263.158721514543        0.192140530086894E-02
   265.890574733031        0.244555816973780E-02
   268.457340333106        0.305398007422376E-02
   270.871168341342        0.374919656435199E-02
   273.164718838044        0.454696581159910E-02
   275.550489594506        0.548092858712710E-02
   277.811704079873        0.636822581672289E-02
   279.980102827354        0.747780239550107E-02
   282.035468857781        0.857673596510359E-02
   284.006515089739        0.978848718753325E-02
   285.877289086547        0.111334573448497E-01
   286.815120131752        0.118083541038583E-01
