   184.959319361790        0.142781989897140E-05
   173.332820693762        0.167095368555767E-05
   166.100589814752        0.189631937506089E-05
   162.753892652885        0.210404160824848E-05
   162.027553891130        0.230911456014755E-05
   162.813701979820        0.254902809664764E-05
   164.390150087484        0.283024762988827E-05
   166.357696074153        0.309828687841985E-05
   168.513529413284        0.335614501828427E-05
   170.756617429323        0.359453569222784E-05
   173.036639153678        0.382210964593275E-05
   175.331331867033        0.403677179519228E-05
   177.636851650736        0.423091139455627E-05
   179.962821349537        0.441414355301238E-05
   182.327153370809        0.458925584889944E-05
   184.748911273016        0.474135912859597E-05
   187.241989981438        0.489323707188158E-05
   189.810643597914        0.503635395592604E-05
   192.448771877062        0.516247568963910E-05
   195.143154820517        0.528571318597090E-05
   197.877807989742        0.540527079433288E-05
   200.636460637906        0.551703940373291E-05
   203.401726581985        0.562298742852011E-05
   206.157446877125        0.572464242320441E-05
   208.888450760203        0.582214892403803E-05
   211.579303717708        0.590989712391388E-05
   214.212102844153        0.600234051888997E-05
   216.764598865607        0.608617003984427E-05
   219.209742086292        0.616460087184527E-05
   221.519655617745        0.624447082163779E-05
   223.669788209964        0.631525678565332E-05
   225.640466643359        0.638200387865081E-05
   227.416040855471        0.643496981046077E-05
   228.980171843272        0.648778002719892E-05
   230.309566129751        0.652357842631990E-05
   231.370326535358        0.655845542103052E-05
   232.117106361493        0.657999999999999E-05
   232.497877893909        0.657999999999999E-05
   232.470881688499        0.657999999999999E-05
   232.022202560220        0.655744166393702E-05
   231.178801812125        0.653172269234186E-05
   230.011920527613        0.648359041775282E-05
   228.612892076732        0.642543370926125E-05
   227.074190675669        0.637080904779831E-05
   225.476592532645        0.629607398650841E-05
   223.882479869175        0.622008314628373E-05
   222.334227814581        0.614548321147661E-05
   220.857541328054        0.606471751062762E-05
   219.466013321870        0.598847279578028E-05
   218.166049986543        0.590375012841975E-05
   216.960813725984        0.582063082724830E-05
   215.852908803935        0.572883208912325E-05
   214.845864505501        0.564851608108080E-05
   213.944496359969        0.555956081920550E-05
   213.154481674090        0.546888277168632E-05
   212.481430353201        0.537975323826441E-05
   211.930144836467        0.530038056484748E-05
   211.502503331552        0.521580157417449E-05
   211.196310572186        0.513069619921410E-05
   211.003776699805        0.504688563386513E-05
   210.909865962956        0.496431641864231E-05
   210.892784980423        0.489110487115674E-05
   210.924874269469        0.482234995009069E-05
   210.976470779001        0.476542665872972E-05
   211.016367654825        0.470969144422244E-05
   211.023330070283        0.465783177631555E-05
   210.992391496070        0.461456508518283E-05
   210.935102493390        0.458099281088779E-05
   210.877905579999        0.455502985702149E-05
   210.855289979456        0.452938838885959E-05
   210.905820952441        0.451454112711991E-05
   211.055329137202        0.450454437659370E-05
   211.320701169248        0.462553056866067E-05
   211.709809099009        0.516486920422291E-05
   212.177163641808        0.621863132776950E-05
   212.737197361890        0.699682297539660E-05
   213.330949494486        0.798024530358925E-05
   216.259809397355        0.118164779761568E-04
   220.605399003766        0.207607829916100E-04
   224.925866980828        0.355724990233983E-04
   229.202904581735        0.594116987501275E-04
   233.414872930405        0.966497025173406E-04
   237.537430725787        0.153016494923506E-03
   241.544904066444        0.235582543583981E-03
   245.412340107049        0.352511687531135E-03
   249.117963304416        0.512589483364477E-03
   252.645630669457        0.724636683014761E-03
   255.986112385063        0.996947902473726E-03
   259.137048228648        0.133687633322499E-02
   262.101899575578        0.175061591065721E-02
   264.888376370939        0.224315530398490E-02
   267.506804938059        0.281833800226937E-02
   269.968735130954        0.347896102921251E-02
   272.285902690861        0.422686389173180E-02
   274.636439319928        0.512985305105427E-02
   276.931370656292        0.603062630790647E-02
   279.131418740471        0.703386823336399E-02
   281.216704879059        0.814917658085347E-02
   283.203697332666        0.922364978597654E-02
   285.102343552053        0.105891879487976E-01
   286.051005875095        0.112721753324045E-01
