   184.915145063067        0.142050472903403E-05
   173.311654551843        0.166341565137502E-05
   166.083405751872        0.188873574015230E-05
   162.733481964144        0.209635289352773E-05
   162.001117875710        0.229638876043141E-05
   162.780493687167        0.253206436942582E-05
   164.349197734015        0.281351738439496E-05
   166.308129159762        0.309122472708208E-05
   168.454903258648        0.334872760405014E-05
   170.689062243279        0.359680703525779E-05
   172.960901076651        0.382409109153407E-05
   175.248499099008        0.403868244379706E-05
   177.548485086189        0.423804635141024E-05
   179.870937361894        0.442322133542060E-05
   182.233923621767        0.459946083399946E-05
   184.656398622230        0.475231896318554E-05
   187.151946596932        0.490410619322357E-05
   189.724490410680        0.504706238772718E-05
   192.367524900080        0.517648876234836E-05
   195.067377330563        0.530621272050958E-05
   197.807282247113        0.541658992524661E-05
   200.570410988270        0.552924325319471E-05
   203.339318395783        0.564329248164704E-05
   206.098112653315        0.574486666363075E-05
   208.832627174765        0.584234566128135E-05
   211.527098300837        0.593807637225543E-05
   214.162711824605        0.602806552932942E-05
   216.717064042045        0.611629899120661E-05
   219.164212409768        0.619471015787923E-05
   221.476958931024        0.627454428520291E-05
   223.629993183098        0.634531657227724E-05
   225.603026489029        0.641203886360322E-05
   227.379558421278        0.646499529360601E-05
   228.942624773609        0.651779639025099E-05
   230.269336017054        0.656037010735705E-05
   231.326641954153        0.658845461508821E-05
   232.071087011442        0.661155047734223E-05
   232.454542179025        0.662000000000000E-05
   232.433580412561        0.661425983969721E-05
   231.990947681066        0.659490249418835E-05
   231.151986241538        0.656174941785552E-05
   229.987733344012        0.652363726161162E-05
   228.589980303175        0.646548669245468E-05
   227.051816146215        0.641088693869552E-05
   225.454573657977        0.633618027984513E-05
   223.861073586102        0.626816290522795E-05
   222.313736366707        0.619271704389561E-05
   220.837674079665        0.611240221517501E-05
   219.446563988447        0.602863875438155E-05
   218.147174303684        0.594392420928791E-05
   216.942770572342        0.586081166896345E-05
   215.835758418730        0.577902193751849E-05
   214.829477790175        0.569181712603715E-05
   213.928872647179        0.559982634255264E-05
   213.139877462533        0.551912527544291E-05
   212.468185926388        0.543000033145903E-05
   211.918432969727        0.534235136642932E-05
   211.492262737995        0.525605728641293E-05
   211.187339576527        0.517095413100726E-05
   210.995923296480        0.509185299132565E-05
   210.903223825342        0.501457556727929E-05
   210.887949737972        0.494132621063620E-05
   210.923555304791        0.487256965756379E-05
   210.980146780470        0.480560980035749E-05
   211.025713299101        0.475190359438827E-05
   211.038511138501        0.470797049652590E-05
   211.013758607088        0.466469714003106E-05
   210.963216686413        0.462657418233712E-05
   210.913189082316        0.460008329977276E-05
   210.898120952125        0.457944215768520E-05
   210.954356196474        0.456456586432201E-05
   211.107788476275        0.455456649068570E-05
   211.378024238157        0.467509608576365E-05
   211.759134514694        0.521825761781553E-05
   212.249608709874        0.627002597921456E-05
   212.774553319100        0.735826479816163E-05
   213.362966249695        0.799654298793042E-05
   216.272991284357        0.118368581766663E-04
   220.618741012574        0.207956073144480E-04
   224.939312431605        0.356303365968091E-04
   229.216380261336        0.595049215566443E-04
   233.428290596150        0.967952786390063E-04
   237.550691452210        0.153236396456781E-03
   241.557904601078        0.235903464180845E-03
   245.424979530860        0.352963837464025E-03
   249.130149972630        0.513204498680466E-03
   252.657295017429        0.725445493088103E-03
   255.997211296944        0.997978856136961E-03
   259.147564640265        0.133815404138323E-02
   262.111838493042        0.175216087745667E-02
   264.897759187693        0.224498416606881E-02
   267.515663689220        0.282046410346294E-02
   269.977107644610        0.348139509158060E-02
   272.293828958958        0.422961462530068E-02
   274.643971527061        0.513275954706307E-02
   276.938585174174        0.603340805239153E-02
   279.138385655784        0.703753051516022E-02
   281.223394313237        0.815268974714219E-02
   283.210286226676        0.922830897346713E-02
   285.108677158892        0.105936620952474E-01
   286.057235020678        0.112765733188942E-01
