     ALT          P          T          FH2O           O3           THEAT        TCOOL        PSATCO2        FCO2
6.1368E+01  3.2610E-05 1.7307E+02    5.6812E-11    3.9817E-09    4.2042E+01   -3.8158E+01    1.3894E-01    7.2138E-04
6.0474E+01  3.8508E-05 1.7418E+02    8.3850E-11    4.6699E-09    3.3465E+00   -9.2014E+00    1.5599E-01    7.3311E-04
5.9577E+01  4.5416E-05 1.7711E+02    1.2498E-10    5.0674E-09    2.8940E+00   -3.0473E+00    2.1000E-01    7.4387E-04
5.8671E+01  5.3495E-05 1.8065E+02    1.8823E-10    5.2467E-09    2.5550E+00   -1.5913E+00    2.9683E-01    7.5571E-04
5.7754E+01  6.2931E-05 1.8398E+02    2.8596E-10    5.2600E-09    2.2625E+00   -1.8551E+00    4.0606E-01    7.6755E-04
5.6830E+01  7.3939E-05 1.8666E+02    4.3831E-10    5.1449E-09    2.0064E+00   -1.6579E+00    5.1824E-01    7.7949E-04
5.5902E+01  8.6763E-05 1.8849E+02    6.7376E-10    4.9197E-09    1.7788E+00   -1.5864E+00    6.0945E-01    7.9148E-04
5.4975E+01  1.0168E-04 1.8942E+02    1.0354E-09    4.5809E-09    1.5787E+00   -1.4092E+00    6.6112E-01    8.0347E-04
5.4054E+01  1.1902E-04 1.8953E+02    1.5907E-09    4.1064E-09    1.4231E+00   -1.3254E+00    6.6769E-01    8.1519E-04
5.3140E+01  1.3913E-04 1.8899E+02    2.4245E-09    3.5093E-09    1.2981E+00   -1.2694E+00    6.3681E-01    8.2716E-04
5.2239E+01  1.6244E-04 1.8799E+02    3.6479E-09    2.8035E-09    1.2031E+00   -1.2395E+00    5.8320E-01    8.3799E-04
5.1350E+01  1.8942E-04 1.8673E+02    5.4085E-09    2.0534E-09    1.1394E+00   -1.2219E+00    5.2157E-01    8.4966E-04
5.0474E+01  2.2059E-04 1.8540E+02    7.8706E-09    1.3720E-09    1.1024E+00   -1.2112E+00    4.6250E-01    8.6018E-04
4.9613E+01  2.5658E-04 1.8413E+02    1.1179E-08    8.4895E-10    1.0885E+00   -1.2040E+00    4.1174E-01    8.7053E-04
4.8764E+01  2.9806E-04 1.8301E+02    1.5209E-08    5.3144E-10    1.0913E+00   -1.2013E+00    3.7123E-01    8.7994E-04
4.7927E+01  3.4580E-04 1.8210E+02    1.9935E-08    3.7798E-10    1.1049E+00   -1.2029E+00    3.4075E-01    8.8978E-04
4.7102E+01  4.0069E-04 1.8140E+02    2.5287E-08    2.9627E-10    1.1215E+00   -1.2044E+00    3.1898E-01    8.9859E-04
4.6286E+01  4.6371E-04 1.8091E+02    3.1210E-08    2.3780E-10    1.1354E+00   -1.2037E+00    3.0429E-01    9.0675E-04
4.5479E+01  5.3597E-04 1.8058E+02    3.7554E-08    1.9183E-10    1.1420E+00   -1.1976E+00    2.9504E-01    9.1347E-04
4.4681E+01  6.1870E-04 1.8040E+02    4.4156E-08    1.5666E-10    1.1407E+00   -1.1863E+00    2.8976E-01    9.2083E-04
4.3890E+01  7.1330E-04 1.8030E+02    5.0355E-08    1.3111E-10    1.1291E+00   -1.1684E+00    2.8721E-01    9.2620E-04
4.3107E+01  8.2133E-04 1.8027E+02    5.5983E-08    1.1289E-10    1.1119E+00   -1.1495E+00    2.8637E-01    9.3136E-04
4.2331E+01  9.4453E-04 1.8028E+02    6.0904E-08    1.0078E-10    1.0936E+00   -1.1354E+00    2.8653E-01    9.3602E-04
4.1563E+01  1.0848E-03 1.8030E+02    6.5126E-08    9.3473E-11    1.0825E+00   -1.1299E+00    2.8717E-01    9.3943E-04
4.0801E+01  1.2444E-03 1.8033E+02    6.8940E-08    9.0162E-11    1.0796E+00   -1.1348E+00    2.8793E-01    9.4248E-04
4.0046E+01  1.4257E-03 1.8035E+02    7.2919E-08    8.9626E-11    1.0826E+00   -1.1451E+00    2.8852E-01    9.4550E-04
3.9299E+01  1.6313E-03 1.8035E+02    7.7634E-08    9.0599E-11    1.0888E+00   -1.1528E+00    2.8853E-01    9.4775E-04
3.8559E+01  1.8642E-03 1.8031E+02    8.3592E-08    9.1739E-11    1.0946E+00   -1.1531E+00    2.8742E-01    9.5023E-04
3.7826E+01  2.1277E-03 1.8021E+02    9.1051E-08    9.2620E-11    1.0950E+00   -1.1436E+00    2.8455E-01    9.5170E-04
3.7101E+01  2.4253E-03 1.8002E+02    1.0005E-07    9.3829E-11    1.0884E+00   -1.1276E+00    2.7935E-01    9.5315E-04
3.6384E+01  2.7611E-03 1.7972E+02    1.1008E-07    9.6510E-11    1.0738E+00   -1.1081E+00    2.7155E-01    9.5400E-04
3.5676E+01  3.1394E-03 1.7933E+02    1.2208E-07    1.0105E-10    1.0523E+00   -1.0879E+00    2.6126E-01    9.5501E-04
3.4976E+01  3.5651E-03 1.7884E+02    1.3364E-07    1.0843E-10    1.0230E+00   -1.0654E+00    2.4905E-01    9.5600E-04
3.4286E+01  4.0434E-03 1.7828E+02    1.4612E-07    1.1832E-10    9.8454E-01   -1.0377E+00    2.3584E-01    9.5680E-04
3.3605E+01  4.5801E-03 1.7770E+02    1.5858E-07    1.3187E-10    9.3471E-01   -1.0014E+00    2.2267E-01    9.5700E-04
3.2933E+01  5.1814E-03 1.7714E+02    1.7103E-07    1.4848E-10    8.7342E-01   -9.5575E-01    2.1058E-01    9.5751E-04
3.2270E+01  5.8544E-03 1.7664E+02    1.8252E-07    1.6832E-10    8.0216E-01   -9.0138E-01    2.0044E-01    9.5800E-04
3.1615E+01  6.6064E-03 1.7626E+02    1.9319E-07    1.9091E-10    7.2557E-01   -8.4136E-01    1.9293E-01    9.5800E-04
3.0969E+01  7.4456E-03 1.7603E+02    2.0311E-07    2.1760E-10    6.5102E-01   -7.8067E-01    1.8846E-01    9.5800E-04
3.0330E+01  8.3808E-03 1.7597E+02    2.1209E-07    2.4730E-10    5.8556E-01   -7.2414E-01    1.8722E-01    9.5800E-04
2.9698E+01  9.4216E-03 1.7607E+02    2.2000E-07    2.8098E-10    5.3410E-01   -6.7558E-01    1.8915E-01    9.5800E-04
2.9073E+01  1.0578E-02 1.7631E+02    2.2752E-07    3.1788E-10    4.9792E-01   -6.2541E-01    1.9392E-01    9.5900E-04
2.8453E+01  1.1862E-02 1.7667E+02    2.3399E-07    3.5907E-10    4.7413E-01   -5.9210E-01    2.0102E-01    9.5900E-04
2.7839E+01  1.3285E-02 1.7710E+02    2.3893E-07    4.0523E-10    4.5893E-01   -5.6811E-01    2.0984E-01    9.5900E-04
2.7230E+01  1.4860E-02 1.7756E+02    2.4382E-07    4.5797E-10    4.4681E-01   -5.4926E-01    2.1974E-01    9.5900E-04
2.6627E+01  1.6600E-02 1.7803E+02    2.4733E-07    5.1800E-10    4.3307E-01   -5.3153E-01    2.3014E-01    9.5900E-04
2.6029E+01  1.8521E-02 1.7848E+02    2.4974E-07    5.8712E-10    4.1486E-01   -5.1276E-01    2.4066E-01    9.5900E-04
2.5436E+01  2.0638E-02 1.7892E+02    2.5156E-07    6.6518E-10    3.9110E-01   -4.9226E-01    2.5115E-01    9.5900E-04
2.4849E+01  2.2968E-02 1.7935E+02    2.5200E-07    7.5440E-10    3.6201E-01   -4.6991E-01    2.6181E-01    9.5900E-04
2.4268E+01  2.5530E-02 1.7978E+02    2.5110E-07    8.5604E-10    3.2886E-01   -4.4558E-01    2.7310E-01    9.5900E-04
2.3692E+01  2.8340E-02 1.8025E+02    2.4994E-07    9.7005E-10    2.9370E-01   -4.1885E-01    2.8570E-01    9.5900E-04
2.3122E+01  3.1421E-02 1.8077E+02    2.4941E-07    1.0916E-09    2.5883E-01   -3.8952E-01    3.0034E-01    9.5900E-04
2.2558E+01  3.4793E-02 1.8136E+02    2.5235E-07    1.2193E-09    2.2656E-01   -3.5816E-01    3.1774E-01    9.5900E-04
2.1998E+01  3.8478E-02 1.8203E+02    2.5867E-07    1.3497E-09    1.9857E-01   -3.2617E-01    3.3847E-01    9.5900E-04
2.1443E+01  4.2500E-02 1.8277E+02    2.6928E-07    1.4723E-09    1.7577E-01   -2.9574E-01    3.6293E-01    9.5900E-04
2.0893E+01  4.6882E-02 1.8358E+02    2.8344E-07    1.5939E-09    1.5834E-01   -2.6901E-01    3.9137E-01    9.5900E-04
2.0348E+01  5.1652E-02 1.8445E+02    3.0030E-07    1.7221E-09    1.4577E-01   -2.4761E-01    4.2399E-01    9.5900E-04
1.9807E+01  5.6835E-02 1.8537E+02    3.2110E-07    1.8696E-09    1.3713E-01   -2.3254E-01    4.6105E-01    9.5900E-04
1.9271E+01  6.2460E-02 1.8633E+02    3.4638E-07    2.0484E-09    1.3146E-01   -2.2370E-01    5.0302E-01    9.5900E-04
1.8740E+01  6.8554E-02 1.8734E+02    3.7604E-07    2.2302E-09    1.2767E-01   -2.2019E-01    5.5069E-01    9.5900E-04
1.8212E+01  7.5149E-02 1.8841E+02    4.1237E-07    2.4092E-09    1.2522E-01   -2.2077E-01    6.0526E-01    9.5900E-04
1.7689E+01  8.2274E-02 1.8954E+02    4.5715E-07    2.5768E-09    1.2368E-01   -2.2395E-01    6.6822E-01    9.5900E-04
1.7170E+01  8.9961E-02 1.9074E+02    5.1062E-07    2.7432E-09    1.2284E-01   -2.2783E-01    7.4117E-01    9.5900E-04
1.6656E+01  9.8242E-02 1.9201E+02    5.7520E-07    2.9100E-09    1.2236E-01   -2.2702E-01    8.2526E-01    9.5900E-04
1.6145E+01  1.0715E-01 1.9330E+02    4.9828E-07    3.0840E-09    1.1926E-01   -1.5479E-01    9.1996E-01    9.5900E-04
1.5638E+01  1.1672E-01 1.9460E+02    4.8534E-07    3.2586E-09    1.1680E-01   -1.5271E-01    1.0245E+00    9.5900E-04
1.5135E+01  1.2698E-01 1.9628E+02    6.1344E-07    3.4616E-09    1.1615E-01   -1.6766E-01    1.1750E+00    9.5900E-04
1.4636E+01  1.3797E-01 1.9760E+02    7.6579E-07    3.7607E-09    1.1595E-01   -1.6078E-01    1.3060E+00    9.5900E-04
1.4142E+01  1.4973E-01 1.9891E+02    9.5136E-07    4.1397E-09    1.1605E-01   -1.5201E-01    1.4492E+00    9.5900E-04
1.3652E+01  1.6228E-01 2.0008E+02    1.1518E-06    4.5547E-09    1.1609E-01   -1.4706E-01    1.5882E+00    9.5900E-04
1.3166E+01  1.7566E-01 2.0146E+02    1.4340E-06    4.9001E-09    1.1630E-01   -1.3924E-01    1.7664E+00    9.5900E-04
1.2686E+01  1.8990E-01 2.0263E+02    1.7253E-06    5.0273E-09    1.1538E-01   -1.3508E-01    1.9319E+00    9.5900E-04
1.2210E+01  2.0505E-01 2.0432E+02    2.2328E-06    4.8284E-09    1.1456E-01   -1.2483E-01    2.1934E+00    9.5900E-04
1.1738E+01  2.2111E-01 2.0578E+02    2.7826E-06    4.2739E-09    1.1281E-01   -1.2652E-01    2.4441E+00    9.5900E-04
1.1269E+01  2.3814E-01 2.0877E+02    4.2846E-06    3.4857E-09    1.1787E-01   -3.1395E-01    3.0326E+00    9.5900E-04
1.0800E+01  2.5616E-01 2.1324E+02    7.9805E-06    2.8390E-09    1.3693E-01   -6.5637E-01    4.1445E+00    9.5900E-04
1.0329E+01  2.7519E-01 2.1772E+02    1.4482E-05    2.3335E-09    1.6661E-01   -1.0161E+00    5.4452E+00    9.5900E-04
9.8568E+00  2.9526E-01 2.2218E+02    2.5601E-05    1.9297E-09    2.0623E-01   -1.3769E+00    6.5640E+00    9.5900E-04
9.3839E+00  3.1640E-01 2.2661E+02    4.4066E-05    1.5936E-09    2.5651E-01   -1.7258E+00    7.8378E+00    9.5900E-04
8.9107E+00  3.3863E-01 2.3098E+02    7.3797E-05    1.3276E-09    3.1738E-01   -2.0395E+00    9.2690E+00    9.5900E-04
8.4375E+00  3.6196E-01 2.3527E+02    1.2012E-04    1.1138E-09    3.8370E-01   -2.2702E+00    1.0854E+01    9.5900E-04
7.9648E+00  3.8641E-01 2.3945E+02    1.8986E-04    9.4577E-10    4.5279E-01   -2.4111E+00    1.2584E+01    9.5900E-04
7.4933E+00  4.1199E-01 2.4349E+02    2.9111E-04    8.1366E-10    5.2798E-01   -2.4861E+00    1.4440E+01    9.5900E-04
7.0236E+00  4.3871E-01 2.4737E+02    4.3285E-04    7.0828E-10    6.0252E-01   -2.4814E+00    1.6403E+01    9.5900E-04
6.5563E+00  4.6657E-01 2.5105E+02    6.2428E-04    6.2447E-10    6.6138E-01   -2.4337E+00    1.8446E+01    9.5900E-04
6.0919E+00  4.9558E-01 2.5455E+02    8.7419E-04    5.5616E-10    7.0077E-01   -2.3733E+00    2.0545E+01    9.5900E-04
5.6312E+00  5.2573E-01 2.5784E+02    1.1905E-03    4.9776E-10    7.2874E-01   -2.3146E+00    2.2677E+01    9.5900E-04
5.1747E+00  5.5701E-01 2.6093E+02    1.5799E-03    4.4686E-10    7.5090E-01   -2.2303E+00    2.4825E+01    9.5900E-04
4.7230E+00  5.8941E-01 2.6383E+02    2.0479E-03    4.0113E-10    7.6569E-01   -2.1369E+00    2.6971E+01    9.5900E-04
4.2766E+00  6.2290E-01 2.6655E+02    2.5990E-03    3.5741E-10    7.7063E-01   -2.0377E+00    2.9107E+01    9.5900E-04
3.8361E+00  6.5747E-01 2.6910E+02    3.2364E-03    3.1728E-10    7.6717E-01   -1.8959E+00    3.1224E+01    9.5900E-04
3.4018E+00  6.9309E-01 2.7150E+02    3.9628E-03    2.8008E-10    7.5923E-01   -1.7184E+00    3.3316E+01    9.5900E-04
2.9741E+00  7.2971E-01 2.7386E+02    4.8278E-03    2.4570E-10    7.5261E-01   -1.5727E+00    3.5471E+01    9.5900E-04
2.5531E+00  7.6730E-01 2.7625E+02    5.7587E-03    2.1537E-10    7.3685E-01   -1.4566E+00    3.7751E+01    9.5900E-04
2.1392E+00  8.0581E-01 2.7852E+02    6.7010E-03    1.8865E-10    7.1217E-01   -1.3797E+00    4.0029E+01    9.5900E-04
1.7326E+00  8.4518E-01 2.8069E+02    7.8539E-03    1.6393E-10    6.9652E-01   -1.3961E+00    4.2296E+01    9.5900E-04
1.3336E+00  8.8537E-01 2.8276E+02    8.9516E-03    1.4132E-10    6.7640E-01   -1.4590E+00    4.4542E+01    9.5900E-04
9.4260E-01  9.2629E-01 2.8474E+02    1.0295E-02    1.2103E-10    6.7335E-01   -1.6195E+00    4.6783E+01    9.5900E-04
5.5975E-01  9.6788E-01 2.8662E+02    1.1639E-02    1.0443E-10    6.7732E-01   -1.8633E+00    4.8991E+01    9.5900E-04
1.8536E-01  1.0101E+00 2.8843E+02    1.2991E-02    9.1011E-11    6.9360E-01   -2.0924E+00    5.1178E+01    9.5900E-04
0.0000E+00  1.0315E+00 2.8934E+02    1.3852E-02    9.3200E-11    8.0120E+00   -3.1164E+00    5.2311E+01    9.5900E-04
