     ALT          P          T          FH2O           O3           THEAT        TCOOL        PSATCO2        FCO2
6.1143E+01  3.2611E-05 1.7302E+02    5.4023E-11    4.0623E-09    4.2020E+01   -3.8179E+01    1.3829E-01    7.1655E-04
6.0250E+01  3.8508E-05 1.7407E+02    8.0000E-11    4.7615E-09    3.3316E+00   -9.1063E+00    1.5426E-01    7.2819E-04
5.9353E+01  4.5416E-05 1.7689E+02    1.1948E-10    5.1715E-09    2.8810E+00   -2.5274E+00    2.0552E-01    7.3895E-04
5.8448E+01  5.3495E-05 1.8034E+02    1.8017E-10    5.3582E-09    2.5450E+00   -1.6873E+00    2.8830E-01    7.5082E-04
5.7533E+01  6.2931E-05 1.8364E+02    2.7467E-10    5.3839E-09    2.2552E+00   -1.8456E+00    3.9337E-01    7.6281E-04
5.6611E+01  7.3939E-05 1.8632E+02    4.2144E-10    5.2849E-09    2.0012E+00   -1.7017E+00    5.0249E-01    7.7489E-04
5.5685E+01  8.6763E-05 1.8816E+02    6.5044E-10    5.0595E-09    1.7752E+00   -1.5109E+00    5.9179E-01    7.8702E-04
5.4759E+01  1.0168E-04 1.8909E+02    1.0049E-09    4.7000E-09    1.5759E+00   -1.3999E+00    6.4253E-01    7.9898E-04
5.3839E+01  1.1902E-04 1.8921E+02    1.5447E-09    4.2061E-09    1.4207E+00   -1.3120E+00    6.4893E-01    8.1087E-04
5.2928E+01  1.3913E-04 1.8865E+02    2.3554E-09    3.5828E-09    1.2952E+00   -1.2607E+00    6.1834E-01    8.2263E-04
5.2027E+01  1.6244E-04 1.8764E+02    3.5595E-09    2.8581E-09    1.2001E+00   -1.2254E+00    5.6522E-01    8.3392E-04
5.1140E+01  1.8942E-04 1.8635E+02    5.2908E-09    2.1054E-09    1.1350E+00   -1.2046E+00    5.0414E-01    8.4467E-04
5.0267E+01  2.2060E-04 1.8499E+02    7.7199E-09    1.4031E-09    1.0982E+00   -1.1914E+00    4.4561E-01    8.5606E-04
4.9407E+01  2.5658E-04 1.8369E+02    1.0931E-08    8.6382E-10    1.0839E+00   -1.1855E+00    3.9531E-01    8.6638E-04
4.8560E+01  2.9806E-04 1.8254E+02    1.4933E-08    5.4215E-10    1.0869E+00   -1.1819E+00    3.5516E-01    8.7655E-04
4.7726E+01  3.4581E-04 1.8159E+02    1.9580E-08    3.8586E-10    1.0997E+00   -1.1817E+00    3.2487E-01    8.8565E-04
4.6902E+01  4.0070E-04 1.8087E+02    2.4806E-08    3.0304E-10    1.1166E+00   -1.1826E+00    3.0313E-01    8.9488E-04
4.6089E+01  4.6372E-04 1.8034E+02    3.0545E-08    2.4306E-10    1.1306E+00   -1.1809E+00    2.8830E-01    9.0282E-04
4.5285E+01  5.3598E-04 1.8000E+02    3.6747E-08    1.9572E-10    1.1380E+00   -1.1746E+00    2.7877E-01    9.1007E-04
4.4489E+01  6.1871E-04 1.7978E+02    4.2773E-08    1.5997E-10    1.1364E+00   -1.1621E+00    2.7311E-01    9.1663E-04
4.3701E+01  7.1332E-04 1.7967E+02    4.8447E-08    1.3421E-10    1.1261E+00   -1.1447E+00    2.7011E-01    9.2294E-04
4.2921E+01  8.2135E-04 1.7962E+02    5.3062E-08    1.1642E-10    1.1087E+00   -1.1251E+00    2.6880E-01    9.2764E-04
4.2148E+01  9.4455E-04 1.7961E+02    5.6669E-08    1.0448E-10    1.0904E+00   -1.1104E+00    2.6850E-01    9.3219E-04
4.1382E+01  1.0849E-03 1.7962E+02    5.9176E-08    9.7867E-11    1.0794E+00   -1.1047E+00    2.6871E-01    9.3588E-04
4.0623E+01  1.2445E-03 1.7963E+02    6.1047E-08    9.6018E-11    1.0765E+00   -1.1093E+00    2.6910E-01    9.3929E-04
3.9872E+01  1.4257E-03 1.7964E+02    6.2551E-08    9.8065E-11    1.0787E+00   -1.1184E+00    2.6936E-01    9.4165E-04
3.9127E+01  1.6313E-03 1.7963E+02    6.4441E-08    1.0242E-10    1.0849E+00   -1.1258E+00    2.6911E-01    9.4414E-04
3.8390E+01  1.8642E-03 1.7958E+02    6.7254E-08    1.0685E-10    1.0904E+00   -1.1255E+00    2.6781E-01    9.4624E-04
3.7660E+01  2.1277E-03 1.7947E+02    7.1068E-08    1.1124E-10    1.0912E+00   -1.1159E+00    2.6483E-01    9.4808E-04
3.6938E+01  2.4254E-03 1.7926E+02    7.6278E-08    1.1505E-10    1.0846E+00   -1.0993E+00    2.5961E-01    9.4953E-04
3.6224E+01  2.7612E-03 1.7895E+02    8.2590E-08    1.1886E-10    1.0698E+00   -1.0785E+00    2.5184E-01    9.5000E-04
3.5519E+01  3.1395E-03 1.7853E+02    8.9920E-08    1.2582E-10    1.0486E+00   -1.0569E+00    2.4161E-01    9.5137E-04
3.4823E+01  3.5652E-03 1.7800E+02    9.7965E-08    1.3430E-10    1.0192E+00   -1.0326E+00    2.2945E-01    9.5200E-04
3.4136E+01  4.0435E-03 1.7740E+02    1.0681E-07    1.4748E-10    9.8102E-01   -1.0034E+00    2.1621E-01    9.5300E-04
3.3458E+01  4.5802E-03 1.7676E+02    1.1494E-07    1.6332E-10    9.3158E-01   -9.6535E-01    2.0288E-01    9.5350E-04
3.2789E+01  5.1816E-03 1.7613E+02    1.2299E-07    1.8325E-10    8.7040E-01   -9.1768E-01    1.9045E-01    9.5400E-04
3.2130E+01  5.8546E-03 1.7556E+02    1.3091E-07    2.0813E-10    7.9898E-01   -8.6138E-01    1.7977E-01    9.5400E-04
3.1480E+01  6.6066E-03 1.7510E+02    1.3827E-07    2.3626E-10    7.2273E-01   -8.0026E-01    1.7146E-01    9.5446E-04
3.0838E+01  7.4459E-03 1.7478E+02    1.4471E-07    2.6883E-10    6.4828E-01   -7.3857E-01    1.6592E-01    9.5500E-04
3.0204E+01  8.3812E-03 1.7463E+02    1.5108E-07    3.0647E-10    5.8247E-01   -6.8111E-01    1.6332E-01    9.5500E-04
2.9577E+01  9.4220E-03 1.7464E+02    1.5708E-07    3.4744E-10    5.3062E-01   -6.3191E-01    1.6360E-01    9.5500E-04
2.8956E+01  1.0579E-02 1.7481E+02    1.6205E-07    3.9414E-10    4.9377E-01   -5.8055E-01    1.6647E-01    9.5500E-04
2.8342E+01  1.1863E-02 1.7510E+02    1.6624E-07    4.4649E-10    4.6990E-01   -5.4752E-01    1.7152E-01    9.5500E-04
2.7733E+01  1.3286E-02 1.7548E+02    1.6991E-07    5.0539E-10    4.5494E-01   -5.2405E-01    1.7823E-01    9.5500E-04
2.7130E+01  1.4860E-02 1.7590E+02    1.7235E-07    5.7142E-10    4.4327E-01   -5.0578E-01    1.8607E-01    9.5500E-04
2.6532E+01  1.6601E-02 1.7635E+02    1.7475E-07    6.4717E-10    4.3024E-01   -4.8916E-01    1.9456E-01    9.5500E-04
2.5940E+01  1.8522E-02 1.7679E+02    1.7656E-07    7.3351E-10    4.1313E-01   -4.7184E-01    2.0336E-01    9.5556E-04
2.5353E+01  2.0639E-02 1.7722E+02    1.7700E-07    8.3238E-10    3.9045E-01   -4.5269E-01    2.1233E-01    9.5600E-04
2.4772E+01  2.2970E-02 1.7765E+02    1.7700E-07    9.4453E-10    3.6231E-01   -4.3163E-01    2.2160E-01    9.5600E-04
2.4196E+01  2.5531E-02 1.7809E+02    1.7594E-07    1.0772E-09    3.3002E-01   -4.0862E-01    2.3152E-01    9.5600E-04
2.3626E+01  2.8342E-02 1.7857E+02    1.7500E-07    1.2157E-09    2.9550E-01   -3.8331E-01    2.4266E-01    9.5600E-04
2.3061E+01  3.1423E-02 1.7910E+02    1.7568E-07    1.3659E-09    2.6110E-01   -3.5551E-01    2.5565E-01    9.5600E-04
2.2501E+01  3.4795E-02 1.7971E+02    1.7884E-07    1.5187E-09    2.2899E-01   -3.2569E-01    2.7112E-01    9.5600E-04
2.1947E+01  3.8480E-02 1.8039E+02    1.8499E-07    1.6689E-09    2.0094E-01   -2.9523E-01    2.8962E-01    9.5600E-04
2.1397E+01  4.2502E-02 1.8116E+02    1.9404E-07    1.8169E-09    1.7797E-01   -2.6616E-01    3.1159E-01    9.5600E-04
2.0852E+01  4.6885E-02 1.8199E+02    2.0617E-07    1.9593E-09    1.6028E-01   -2.4069E-01    3.3735E-01    9.5600E-04
2.0311E+01  5.1655E-02 1.8290E+02    2.2089E-07    2.1005E-09    1.4745E-01   -2.2049E-01    3.6719E-01    9.5600E-04
1.9775E+01  5.6838E-02 1.8386E+02    2.3967E-07    2.2682E-09    1.3869E-01   -2.0661E-01    4.0146E-01    9.5600E-04
1.9243E+01  6.2463E-02 1.8487E+02    2.6189E-07    2.4591E-09    1.3292E-01   -1.9891E-01    4.4072E-01    9.5600E-04
1.8715E+01  6.8558E-02 1.8594E+02    2.8956E-07    2.6492E-09    1.2911E-01   -1.9680E-01    4.8579E-01    9.5600E-04
1.8192E+01  7.5153E-02 1.8708E+02    3.2270E-07    2.8360E-09    1.2665E-01   -1.9886E-01    5.3787E-01    9.5600E-04
1.7672E+01  8.2278E-02 1.8828E+02    3.6352E-07    3.0011E-09    1.2507E-01   -2.0369E-01    5.9845E-01    9.5600E-04
1.7157E+01  8.9966E-02 1.8956E+02    4.1453E-07    3.1560E-09    1.2419E-01   -2.0953E-01    6.6911E-01    9.5600E-04
1.6645E+01  9.8248E-02 1.9090E+02    4.7500E-07    3.3117E-09    1.2363E-01   -2.1051E-01    7.5104E-01    9.5600E-04
1.6137E+01  1.0716E-01 1.9227E+02    4.1755E-07    3.4703E-09    1.2059E-01   -1.3915E-01    8.4386E-01    9.5600E-04
1.5633E+01  1.1673E-01 1.9365E+02    4.1575E-07    3.6116E-09    1.1807E-01   -1.4128E-01    9.4703E-01    9.5600E-04
1.5132E+01  1.2699E-01 1.9546E+02    5.3944E-07    3.7788E-09    1.1726E-01   -1.5940E-01    1.0997E+00    9.5600E-04
1.4635E+01  1.3798E-01 1.9687E+02    6.8404E-07    4.0550E-09    1.1689E-01   -1.5516E-01    1.2321E+00    9.5600E-04
1.4142E+01  1.4974E-01 1.9831E+02    8.6888E-07    4.4030E-09    1.1688E-01   -1.4836E-01    1.3827E+00    9.5600E-04
1.3653E+01  1.6229E-01 1.9955E+02    1.0641E-06    4.7875E-09    1.1669E-01   -1.4544E-01    1.5243E+00    9.5600E-04
1.3169E+01  1.7567E-01 2.0106E+02    1.3532E-06    5.1009E-09    1.1676E-01   -1.3801E-01    1.7138E+00    9.5600E-04
1.2689E+01  1.8992E-01 2.0226E+02    1.6350E-06    5.1812E-09    1.1555E-01   -1.3723E-01    1.8785E+00    9.5600E-04
1.2214E+01  2.0506E-01 2.0414E+02    2.1771E-06    4.9303E-09    1.1484E-01   -1.2490E-01    2.1639E+00    9.5600E-04
1.1742E+01  2.2113E-01 2.0551E+02    2.6764E-06    4.3331E-09    1.1267E-01   -1.2929E-01    2.3947E+00    9.5600E-04
1.1273E+01  2.3816E-01 2.0885E+02    4.3420E-06    3.5055E-09    1.1904E-01   -3.4531E-01    3.0511E+00    9.5600E-04
1.0804E+01  2.5618E-01 2.1333E+02    8.0848E-06    2.8463E-09    1.3861E-01   -6.8342E-01    4.1693E+00    9.5600E-04
1.0333E+01  2.7521E-01 2.1781E+02    1.4667E-05    2.3383E-09    1.6857E-01   -1.0395E+00    5.4660E+00    9.5600E-04
9.8607E+00  2.9528E-01 2.2227E+02    2.5920E-05    1.9333E-09    2.0827E-01   -1.3963E+00    6.5884E+00    9.5600E-04
9.3876E+00  3.1642E-01 2.2670E+02    4.4599E-05    1.6040E-09    2.5859E-01   -1.7418E+00    7.8662E+00    9.5600E-04
8.9141E+00  3.3865E-01 2.3107E+02    7.4661E-05    1.3325E-09    3.1948E-01   -2.0525E+00    9.3015E+00    9.5600E-04
8.4407E+00  3.6198E-01 2.3536E+02    1.2148E-04    1.1220E-09    3.8582E-01   -2.2801E+00    1.0891E+01    9.5600E-04
7.9678E+00  3.8643E-01 2.3954E+02    1.9190E-04    9.5264E-10    4.5497E-01   -2.4186E+00    1.2624E+01    9.5600E-04
7.4961E+00  4.1201E-01 2.4358E+02    2.9408E-04    8.1747E-10    5.3027E-01   -2.4914E+00    1.4484E+01    9.5600E-04
7.0261E+00  4.3874E-01 2.4745E+02    4.3700E-04    7.1187E-10    6.0464E-01   -2.4849E+00    1.6449E+01    9.5600E-04
6.5585E+00  4.6660E-01 2.5114E+02    6.2987E-04    6.2790E-10    6.6308E-01   -2.4359E+00    1.8495E+01    9.5600E-04
6.0940E+00  4.9561E-01 2.5463E+02    8.8147E-04    5.5984E-10    7.0212E-01   -2.3755E+00    2.0596E+01    9.5600E-04
5.6331E+00  5.2577E-01 2.5791E+02    1.1997E-03    5.0203E-10    7.2991E-01   -2.3161E+00    2.2730E+01    9.5600E-04
5.1764E+00  5.5705E-01 2.6100E+02    1.5912E-03    4.5075E-10    7.5191E-01   -2.2311E+00    2.4878E+01    9.5600E-04
4.7245E+00  5.8945E-01 2.6390E+02    2.0615E-03    4.0338E-10    7.6647E-01   -2.1376E+00    2.7025E+01    9.5600E-04
4.2780E+00  6.2295E-01 2.6661E+02    2.6150E-03    3.6051E-10    7.7117E-01   -2.0378E+00    2.9161E+01    9.5600E-04
3.8373E+00  6.5752E-01 2.6916E+02    3.2550E-03    3.1956E-10    7.6753E-01   -1.8949E+00    3.1278E+01    9.5600E-04
3.4028E+00  6.9314E-01 2.7157E+02    3.9840E-03    2.8146E-10    7.5943E-01   -1.7164E+00    3.3371E+01    9.5600E-04
2.9750E+00  7.2976E-01 2.7392E+02    4.8516E-03    2.4737E-10    7.5259E-01   -1.5705E+00    3.5526E+01    9.5600E-04
2.5539E+00  7.6736E-01 2.7630E+02    5.7816E-03    2.1701E-10    7.3641E-01   -1.4548E+00    3.7806E+01    9.5600E-04
2.1398E+00  8.0587E-01 2.7858E+02    6.7313E-03    1.8970E-10    7.1206E-01   -1.3803E+00    4.0086E+01    9.5600E-04
1.7331E+00  8.4525E-01 2.8075E+02    7.8830E-03    1.6496E-10    6.9608E-01   -1.3971E+00    4.2353E+01    9.5600E-04
1.3340E+00  8.8543E-01 2.8281E+02    8.9797E-03    1.4235E-10    6.7587E-01   -1.4607E+00    4.4599E+01    9.5600E-04
9.4288E-01  9.2636E-01 2.8479E+02    1.0331E-02    1.2205E-10    6.7321E-01   -1.6230E+00    4.6841E+01    9.5600E-04
5.5991E-01  9.6796E-01 2.8667E+02    1.1674E-02    1.0532E-10    6.7715E-01   -1.8666E+00    4.9049E+01    9.5600E-04
1.8541E-01  1.0101E+00 2.8848E+02    1.3036E-02    9.1681E-11    6.9382E-01   -2.0971E+00    5.1238E+01    9.5600E-04
0.0000E+00  1.0316E+00 2.8938E+02    1.3896E-02    9.3900E-11    8.0098E+00   -3.1115E+00    5.2371E+01    9.5600E-04
