     ALT          P          T          FH2O           O3           THEAT        TCOOL        PSATCO2        FCO2
6.1088E+01  3.2611E-05 1.7307E+02    5.3455E-11    4.0812E-09    4.2014E+01   -3.8063E+01    1.3901E-01    7.1529E-04
6.0195E+01  3.8509E-05 1.7410E+02    7.9150E-11    4.8007E-09    3.3250E+00   -9.0474E+00    1.5467E-01    7.2602E-04
5.9298E+01  4.5416E-05 1.7694E+02    1.1837E-10    5.2206E-09    2.8786E+00   -2.6320E+00    2.0653E-01    7.3777E-04
5.8393E+01  5.3495E-05 1.8042E+02    1.7812E-10    5.4123E-09    2.5428E+00   -1.6630E+00    2.9045E-01    7.4923E-04
5.7477E+01  6.2931E-05 1.8371E+02    2.7204E-10    5.4356E-09    2.2532E+00   -1.7758E+00    3.9594E-01    7.6104E-04
5.6555E+01  7.3939E-05 1.8634E+02    4.1743E-10    5.3247E-09    1.9991E+00   -1.6010E+00    5.0361E-01    7.7295E-04
5.5629E+01  8.6763E-05 1.8813E+02    6.4460E-10    5.0973E-09    1.7732E+00   -1.5194E+00    5.9044E-01    7.8492E-04
5.4704E+01  1.0168E-04 1.8903E+02    9.9487E-10    4.7338E-09    1.5742E+00   -1.3902E+00    6.3913E-01    7.9689E-04
5.3784E+01  1.1902E-04 1.8913E+02    1.5258E-09    4.2400E-09    1.4195E+00   -1.3058E+00    6.4447E-01    8.0893E-04
5.2872E+01  1.3913E-04 1.8857E+02    2.3379E-09    3.6068E-09    1.2942E+00   -1.2518E+00    6.1366E-01    8.2087E-04
5.1973E+01  1.6244E-04 1.8755E+02    3.5327E-09    2.8750E-09    1.1996E+00   -1.2188E+00    5.6076E-01    8.3267E-04
5.1086E+01  1.8942E-04 1.8626E+02    5.2601E-09    2.1097E-09    1.1343E+00   -1.1988E+00    5.0001E-01    8.4354E-04
5.0213E+01  2.2060E-04 1.8490E+02    7.6761E-09    1.4114E-09    1.0972E+00   -1.1884E+00    4.4177E-01    8.5480E-04
4.9354E+01  2.5658E-04 1.8359E+02    1.0900E-08    8.6703E-10    1.0827E+00   -1.1806E+00    3.9166E-01    8.6511E-04
4.8507E+01  2.9806E-04 1.8243E+02    1.4835E-08    5.4516E-10    1.0855E+00   -1.1777E+00    3.5163E-01    8.7527E-04
4.7673E+01  3.4581E-04 1.8148E+02    1.9541E-08    3.8718E-10    1.0982E+00   -1.1768E+00    3.2139E-01    8.8429E-04
4.6851E+01  4.0070E-04 1.8075E+02    2.4747E-08    3.0475E-10    1.1151E+00   -1.1774E+00    2.9964E-01    8.9347E-04
4.6038E+01  4.6372E-04 1.8022E+02    3.0444E-08    2.4422E-10    1.1293E+00   -1.1756E+00    2.8476E-01    9.0161E-04
4.5234E+01  5.3598E-04 1.7986E+02    3.6615E-08    1.9683E-10    1.1366E+00   -1.1690E+00    2.7516E-01    9.0872E-04
4.4439E+01  6.1871E-04 1.7964E+02    4.2591E-08    1.6080E-10    1.1349E+00   -1.1563E+00    2.6941E-01    9.1509E-04
4.3652E+01  7.1332E-04 1.7952E+02    4.8085E-08    1.3478E-10    1.1246E+00   -1.1387E+00    2.6630E-01    9.2129E-04
4.2872E+01  8.2135E-04 1.7947E+02    5.2497E-08    1.1732E-10    1.1074E+00   -1.1191E+00    2.6489E-01    9.2597E-04
4.2100E+01  9.4456E-04 1.7945E+02    5.5923E-08    1.0496E-10    1.0892E+00   -1.1045E+00    2.6448E-01    9.3061E-04
4.1335E+01  1.0849E-03 1.7946E+02    5.8081E-08    9.8784E-11    1.0783E+00   -1.0988E+00    2.6460E-01    9.3447E-04
4.0577E+01  1.2445E-03 1.7947E+02    5.9476E-08    9.7327E-11    1.0751E+00   -1.1029E+00    2.6490E-01    9.3751E-04
3.9826E+01  1.4257E-03 1.7947E+02    6.0453E-08    1.0026E-10    1.0778E+00   -1.1126E+00    2.6508E-01    9.4051E-04
3.9082E+01  1.6313E-03 1.7946E+02    6.1792E-08    1.0497E-10    1.0842E+00   -1.1201E+00    2.6476E-01    9.4325E-04
3.8345E+01  1.8642E-03 1.7941E+02    6.3848E-08    1.1087E-10    1.0890E+00   -1.1191E+00    2.6341E-01    9.4472E-04
3.7616E+01  2.1277E-03 1.7929E+02    6.7094E-08    1.1653E-10    1.0894E+00   -1.1091E+00    2.6041E-01    9.4618E-04
3.6895E+01  2.4254E-03 1.7908E+02    7.1439E-08    1.2086E-10    1.0830E+00   -1.0924E+00    2.5518E-01    9.4762E-04
3.6182E+01  2.7612E-03 1.7877E+02    7.6919E-08    1.2620E-10    1.0692E+00   -1.0723E+00    2.4742E-01    9.4905E-04
3.5477E+01  3.1396E-03 1.7834E+02    8.3372E-08    1.3274E-10    1.0476E+00   -1.0501E+00    2.3722E-01    9.5000E-04
3.4782E+01  3.5652E-03 1.7781E+02    9.0524E-08    1.4281E-10    1.0184E+00   -1.0256E+00    2.2509E-01    9.5085E-04
3.4095E+01  4.0436E-03 1.7720E+02    9.7888E-08    1.5567E-10    9.8035E-01   -9.9588E-01    2.1186E-01    9.5200E-04
3.3419E+01  4.5803E-03 1.7655E+02    1.0546E-07    1.7304E-10    9.3062E-01   -9.5714E-01    1.9851E-01    9.5200E-04
3.2751E+01  5.1817E-03 1.7590E+02    1.1260E-07    1.9369E-10    8.6981E-01   -9.0935E-01    1.8602E-01    9.5292E-04
3.2093E+01  5.8546E-03 1.7531E+02    1.2018E-07    2.2007E-10    7.9846E-01   -8.5284E-01    1.7522E-01    9.5300E-04
3.1444E+01  6.6067E-03 1.7483E+02    1.2667E-07    2.5018E-10    7.2190E-01   -7.9099E-01    1.6674E-01    9.5300E-04
3.0803E+01  7.4459E-03 1.7448E+02    1.3310E-07    2.8485E-10    6.4724E-01   -7.2888E-01    1.6097E-01    9.5300E-04
3.0170E+01  8.3812E-03 1.7431E+02    1.3836E-07    3.2399E-10    5.8187E-01   -6.7150E-01    1.5806E-01    9.5400E-04
2.9544E+01  9.4221E-03 1.7430E+02    1.4337E-07    3.6772E-10    5.2993E-01   -6.2189E-01    1.5795E-01    9.5400E-04
2.8924E+01  1.0579E-02 1.7445E+02    1.4775E-07    4.1714E-10    4.9293E-01   -5.7025E-01    1.6039E-01    9.5400E-04
2.8311E+01  1.1863E-02 1.7472E+02    1.5144E-07    4.7299E-10    4.6903E-01   -5.3708E-01    1.6495E-01    9.5400E-04
2.7704E+01  1.3286E-02 1.7508E+02    1.5507E-07    5.3584E-10    4.5410E-01   -5.1365E-01    1.7113E-01    9.5400E-04
2.7102E+01  1.4860E-02 1.7549E+02    1.5748E-07    6.0675E-10    4.4250E-01   -4.9552E-01    1.7845E-01    9.5400E-04
2.6506E+01  1.6601E-02 1.7592E+02    1.5943E-07    6.8684E-10    4.2963E-01   -4.7891E-01    1.8643E-01    9.5400E-04
2.5915E+01  1.8522E-02 1.7636E+02    1.6062E-07    7.7881E-10    4.1252E-01   -4.6154E-01    1.9476E-01    9.5400E-04
2.5330E+01  2.0639E-02 1.7678E+02    1.6100E-07    8.8321E-10    3.8998E-01   -4.4252E-01    2.0330E-01    9.5400E-04
2.4750E+01  2.2970E-02 1.7721E+02    1.6100E-07    1.0051E-09    3.6216E-01   -4.2184E-01    2.1215E-01    9.5400E-04
2.4175E+01  2.5531E-02 1.7765E+02    1.5989E-07    1.1434E-09    3.3025E-01   -3.9921E-01    2.2168E-01    9.5411E-04
2.3606E+01  2.8342E-02 1.7813E+02    1.5900E-07    1.2934E-09    2.9618E-01   -3.7451E-01    2.3239E-01    9.5500E-04
2.3043E+01  3.1423E-02 1.7866E+02    1.5975E-07    1.4514E-09    2.6190E-01   -3.4703E-01    2.4491E-01    9.5500E-04
2.2485E+01  3.4795E-02 1.7927E+02    1.6298E-07    1.6081E-09    2.2979E-01   -3.1758E-01    2.5985E-01    9.5500E-04
2.1931E+01  3.8480E-02 1.7996E+02    1.6921E-07    1.7636E-09    2.0170E-01   -2.8750E-01    2.7774E-01    9.5500E-04
2.1383E+01  4.2502E-02 1.8073E+02    1.7761E-07    1.9178E-09    1.7865E-01   -2.5872E-01    2.9904E-01    9.5500E-04
2.0839E+01  4.6885E-02 1.8157E+02    1.8871E-07    2.0629E-09    1.6088E-01   -2.3349E-01    3.2407E-01    9.5500E-04
2.0300E+01  5.1655E-02 1.8248E+02    2.0324E-07    2.2124E-09    1.4799E-01   -2.1363E-01    3.5314E-01    9.5500E-04
1.9765E+01  5.6839E-02 1.8345E+02    2.2112E-07    2.3913E-09    1.3922E-01   -1.9997E-01    3.8664E-01    9.5500E-04
1.9234E+01  6.2464E-02 1.8448E+02    2.4234E-07    2.5826E-09    1.3339E-01   -1.9251E-01    4.2511E-01    9.5500E-04
1.8707E+01  6.8559E-02 1.8556E+02    2.6899E-07    2.7822E-09    1.2961E-01   -1.9063E-01    4.6941E-01    9.5500E-04
1.8185E+01  7.5154E-02 1.8672E+02    3.0120E-07    2.9682E-09    1.2711E-01   -1.9304E-01    5.2071E-01    9.5500E-04
1.7666E+01  8.2279E-02 1.8794E+02    3.4178E-07    3.1314E-09    1.2553E-01   -1.9831E-01    5.8051E-01    9.5500E-04
1.7152E+01  8.9967E-02 1.8923E+02    3.9072E-07    3.2775E-09    1.2457E-01   -2.0444E-01    6.5036E-01    9.5500E-04
1.6641E+01  9.8249E-02 1.9059E+02    4.4931E-07    3.4310E-09    1.2400E-01   -2.0578E-01    7.3147E-01    9.5500E-04
1.6134E+01  1.0716E-01 1.9198E+02    3.9691E-07    3.5812E-09    1.2096E-01   -1.3468E-01    8.2352E-01    9.5500E-04
1.5630E+01  1.1673E-01 1.9338E+02    3.9777E-07    3.7201E-09    1.1846E-01   -1.3784E-01    9.2599E-01    9.5500E-04
1.5130E+01  1.2699E-01 1.9523E+02    5.1959E-07    3.8797E-09    1.1760E-01   -1.5671E-01    1.0787E+00    9.5500E-04
1.4634E+01  1.3798E-01 1.9665E+02    6.6134E-07    4.1515E-09    1.1718E-01   -1.5313E-01    1.2110E+00    9.5500E-04
1.4141E+01  1.4974E-01 1.9814E+02    8.4540E-07    4.4835E-09    1.1710E-01   -1.4674E-01    1.3634E+00    9.5500E-04
1.3653E+01  1.6229E-01 1.9939E+02    1.0380E-06    4.8659E-09    1.1686E-01   -1.4449E-01    1.5050E+00    9.5500E-04
1.3169E+01  1.7567E-01 2.0094E+02    1.3292E-06    5.1677E-09    1.1689E-01   -1.3692E-01    1.6981E+00    9.5500E-04
1.2689E+01  1.8992E-01 2.0214E+02    1.6051E-06    5.2302E-09    1.1555E-01   -1.3706E-01    1.8607E+00    9.5500E-04
1.2214E+01  2.0506E-01 2.0408E+02    2.1596E-06    4.9696E-09    1.1492E-01   -1.2458E-01    2.1548E+00    9.5500E-04
1.1743E+01  2.2113E-01 2.0541E+02    2.6396E-06    4.3545E-09    1.1257E-01   -1.2909E-01    2.3776E+00    9.5500E-04
1.1274E+01  2.3816E-01 2.0887E+02    4.3534E-06    3.5174E-09    1.1935E-01   -3.5424E-01    3.0548E+00    9.5500E-04
1.0805E+01  2.5618E-01 2.1335E+02    8.1056E-06    2.8574E-09    1.3906E-01   -6.9077E-01    4.1742E+00    9.5500E-04
1.0334E+01  2.7521E-01 2.1782E+02    1.4704E-05    2.3491E-09    1.6907E-01   -1.0456E+00    5.4701E+00    9.5500E-04
9.8613E+00  2.9529E-01 2.2229E+02    2.5983E-05    1.9358E-09    2.0874E-01   -1.4011E+00    6.5933E+00    9.5500E-04
9.3882E+00  3.1643E-01 2.2672E+02    4.4704E-05    1.6045E-09    2.5903E-01   -1.7457E+00    7.8718E+00    9.5500E-04
8.9146E+00  3.3866E-01 2.3109E+02    7.4831E-05    1.3400E-09    3.1997E-01   -2.0555E+00    9.3078E+00    9.5500E-04
8.4411E+00  3.6199E-01 2.3538E+02    1.2174E-04    1.1256E-09    3.8627E-01   -2.2822E+00    1.0898E+01    9.5500E-04
7.9682E+00  3.8644E-01 2.3956E+02    1.9230E-04    9.5403E-10    4.5541E-01   -2.4203E+00    1.2632E+01    9.5500E-04
7.4965E+00  4.1202E-01 2.4360E+02    2.9465E-04    8.1960E-10    5.3072E-01   -2.4925E+00    1.4493E+01    9.5500E-04
7.0265E+00  4.3874E-01 2.4747E+02    4.3780E-04    7.1396E-10    6.0505E-01   -2.4856E+00    1.6458E+01    9.5500E-04
6.5589E+00  4.6661E-01 2.5116E+02    6.3095E-04    6.2956E-10    6.6341E-01   -2.4364E+00    1.8504E+01    9.5500E-04
6.0943E+00  4.9562E-01 2.5464E+02    8.8287E-04    5.6089E-10    7.0237E-01   -2.3760E+00    2.0606E+01    9.5500E-04
5.6333E+00  5.2577E-01 2.5793E+02    1.2014E-03    5.0307E-10    7.3013E-01   -2.3164E+00    2.2740E+01    9.5500E-04
5.1766E+00  5.5706E-01 2.6101E+02    1.5934E-03    4.5195E-10    7.5210E-01   -2.2313E+00    2.4888E+01    9.5500E-04
4.7247E+00  5.8946E-01 2.6391E+02    2.0641E-03    4.0535E-10    7.6661E-01   -2.1377E+00    2.7035E+01    9.5500E-04
4.2782E+00  6.2296E-01 2.6663E+02    2.6180E-03    3.6158E-10    7.7126E-01   -2.0378E+00    2.9171E+01    9.5500E-04
3.8374E+00  6.5753E-01 2.6918E+02    3.2585E-03    3.2058E-10    7.6759E-01   -1.8947E+00    3.1288E+01    9.5500E-04
3.4030E+00  6.9315E-01 2.7158E+02    3.9879E-03    2.8248E-10    7.5945E-01   -1.7161E+00    3.3381E+01    9.5500E-04
2.9751E+00  7.2977E-01 2.7393E+02    4.8560E-03    2.4839E-10    7.5257E-01   -1.5701E+00    3.5536E+01    9.5500E-04
2.5540E+00  7.6737E-01 2.7631E+02    5.7859E-03    2.1802E-10    7.3631E-01   -1.4545E+00    3.7816E+01    9.5500E-04
2.1399E+00  8.0588E-01 2.7859E+02    6.7368E-03    1.9046E-10    7.1203E-01   -1.3805E+00    4.0096E+01    9.5500E-04
1.7332E+00  8.4526E-01 2.8076E+02    7.8883E-03    1.6497E-10    6.9598E-01   -1.3973E+00    4.2363E+01    9.5500E-04
1.3341E+00  8.8544E-01 2.8282E+02    8.9848E-03    1.4235E-10    6.7575E-01   -1.4610E+00    4.4610E+01    9.5500E-04
9.4291E-01  9.2637E-01 2.8480E+02    1.0338E-02    1.2272E-10    6.7317E-01   -1.6236E+00    4.6851E+01    9.5500E-04
5.5993E-01  9.6797E-01 2.8668E+02    1.1680E-02    1.0602E-10    6.7711E-01   -1.8672E+00    4.9060E+01    9.5500E-04
1.8542E-01  1.0102E+00 2.8848E+02    1.3044E-02    9.1907E-11    6.9384E-01   -2.0979E+00    5.1249E+01    9.5500E-04
0.0000E+00  1.0316E+00 2.8939E+02    1.3903E-02    9.4200E-11    8.0093E+00   -3.1107E+00    5.2381E+01    9.5500E-04
