     ALT          P          T          FH2O           O3           THEAT        TCOOL        PSATCO2        FCO2
6.0734E+01  3.2611E-05 1.7316E+02    4.8117E-11    4.1950E-09    4.1937E+01   -3.7863E+01    1.4034E-01    7.0007E-04
5.9840E+01  3.8508E-05 1.7399E+02    7.1413E-11    4.9629E-09    3.2813E+00   -9.0693E+00    1.5296E-01    7.1158E-04
5.8945E+01  4.5416E-05 1.7670E+02    1.0726E-10    5.4251E-09    2.8388E+00   -2.5763E+00    2.0155E-01    7.2252E-04
5.8041E+01  5.3495E-05 1.8009E+02    1.6233E-10    5.6436E-09    2.5138E+00   -1.7133E+00    2.8143E-01    7.3437E-04
5.7128E+01  6.2931E-05 1.8333E+02    2.4851E-10    5.6833E-09    2.2319E+00   -1.7352E+00    3.8224E-01    7.4632E-04
5.6207E+01  7.3939E-05 1.8595E+02    3.8261E-10    5.5731E-09    1.9837E+00   -1.6686E+00    4.8597E-01    7.5837E-04
5.5283E+01  8.6763E-05 1.8775E+02    5.9323E-10    5.3333E-09    1.7621E+00   -1.5233E+00    5.7075E-01    7.7037E-04
5.4360E+01  1.0168E-04 1.8867E+02    9.2099E-10    4.9550E-09    1.5660E+00   -1.3752E+00    6.1914E-01    7.8229E-04
5.3442E+01  1.1902E-04 1.8878E+02    1.4262E-09    4.4336E-09    1.4123E+00   -1.2833E+00    6.2530E-01    7.9414E-04
5.2532E+01  1.3913E-04 1.8823E+02    2.1896E-09    3.7701E-09    1.2871E+00   -1.2276E+00    5.9568E-01    8.0587E-04
5.1634E+01  1.6244E-04 1.8720E+02    3.3269E-09    3.0106E-09    1.1916E+00   -1.1957E+00    5.4385E-01    8.1745E-04
5.0749E+01  1.8942E-04 1.8590E+02    4.9946E-09    2.2093E-09    1.1257E+00   -1.1741E+00    4.8387E-01    8.2887E-04
4.9878E+01  2.2060E-04 1.8450E+02    7.3236E-09    1.4719E-09    1.0870E+00   -1.1614E+00    4.2606E-01    8.4003E-04
4.9021E+01  2.5658E-04 1.8315E+02    1.0455E-08    9.0722E-10    1.0712E+00   -1.1543E+00    3.7612E-01    8.5060E-04
4.8177E+01  2.9806E-04 1.8195E+02    1.4395E-08    5.6995E-10    1.0729E+00   -1.1502E+00    3.3604E-01    8.6073E-04
4.7345E+01  3.4581E-04 1.8095E+02    1.8938E-08    4.0618E-10    1.0851E+00   -1.1483E+00    3.0560E-01    8.6993E-04
4.6525E+01  4.0070E-04 1.8017E+02    2.4152E-08    3.1749E-10    1.1018E+00   -1.1483E+00    2.8351E-01    8.7913E-04
4.5715E+01  4.6372E-04 1.7959E+02    2.9866E-08    2.5237E-10    1.1163E+00   -1.1459E+00    2.6818E-01    8.8723E-04
4.4914E+01  5.3597E-04 1.7920E+02    3.5914E-08    2.0243E-10    1.1246E+00   -1.1393E+00    2.5803E-01    8.9459E-04
4.4122E+01  6.1871E-04 1.7894E+02    4.1786E-08    1.6539E-10    1.1246E+00   -1.1271E+00    2.5167E-01    9.0169E-04
4.3338E+01  7.1331E-04 1.7879E+02    4.6963E-08    1.3806E-10    1.1146E+00   -1.1090E+00    2.4792E-01    9.0720E-04
4.2562E+01  8.2134E-04 1.7870E+02    5.0897E-08    1.1975E-10    1.0981E+00   -1.0894E+00    2.4586E-01    9.1206E-04
4.1793E+01  9.4454E-04 1.7866E+02    5.3356E-08    1.0774E-10    1.0802E+00   -1.0744E+00    2.4481E-01    9.1667E-04
4.1031E+01  1.0849E-03 1.7864E+02    5.4200E-08    1.0217E-10    1.0693E+00   -1.0680E+00    2.4433E-01    9.2083E-04
4.0277E+01  1.2444E-03 1.7863E+02    5.3738E-08    1.0192E-10    1.0655E+00   -1.0711E+00    2.4407E-01    9.2385E-04
3.9529E+01  1.4257E-03 1.7861E+02    5.2422E-08    1.0747E-10    1.0672E+00   -1.0794E+00    2.4374E-01    9.2642E-04
3.8789E+01  1.6313E-03 1.7858E+02    5.1000E-08    1.1816E-10    1.0729E+00   -1.0863E+00    2.4299E-01    9.2880E-04
3.8057E+01  1.8642E-03 1.7851E+02    5.0017E-08    1.3056E-10    1.0781E+00   -1.0855E+00    2.4131E-01    9.3036E-04
3.7331E+01  2.1277E-03 1.7838E+02    4.9700E-08    1.4430E-10    1.0796E+00   -1.0764E+00    2.3811E-01    9.3263E-04
3.6614E+01  2.4253E-03 1.7815E+02    5.0424E-08    1.5697E-10    1.0736E+00   -1.0595E+00    2.3284E-01    9.3400E-04
3.5904E+01  2.7612E-03 1.7781E+02    5.2033E-08    1.6897E-10    1.0596E+00   -1.0380E+00    2.2517E-01    9.3467E-04
3.5204E+01  3.1395E-03 1.7735E+02    5.4347E-08    1.8276E-10    1.0389E+00   -1.0150E+00    2.1515E-01    9.3600E-04
3.4512E+01  3.5652E-03 1.7678E+02    5.7334E-08    1.9880E-10    1.0101E+00   -9.8878E-01    2.0321E-01    9.3645E-04
3.3830E+01  4.0435E-03 1.7612E+02    6.0641E-08    2.1821E-10    9.7248E-01   -9.5733E-01    1.9010E-01    9.3700E-04
3.3157E+01  4.5802E-03 1.7540E+02    6.4221E-08    2.4349E-10    9.2461E-01   -9.1804E-01    1.7673E-01    9.3800E-04
3.2494E+01  5.1816E-03 1.7467E+02    6.7664E-08    2.7399E-10    8.6473E-01   -8.6874E-01    1.6402E-01    9.3849E-04
3.1841E+01  5.8545E-03 1.7397E+02    7.1067E-08    3.1070E-10    7.9467E-01   -8.1084E-01    1.5273E-01    9.3900E-04
3.1197E+01  6.6065E-03 1.7337E+02    7.4296E-08    3.5413E-10    7.1871E-01   -7.4730E-01    1.4343E-01    9.3900E-04
3.0562E+01  7.4458E-03 1.7289E+02    7.7214E-08    4.0385E-10    6.4405E-01   -6.8302E-01    1.3647E-01    9.3900E-04
2.9935E+01  8.3810E-03 1.7258E+02    7.9917E-08    4.6075E-10    5.7807E-01   -6.2322E-01    1.3198E-01    9.3961E-04
2.9315E+01  9.4219E-03 1.7242E+02    8.2313E-08    5.2556E-10    5.2549E-01   -5.7135E-01    1.2989E-01    9.4000E-04
2.8703E+01  1.0579E-02 1.7243E+02    8.4305E-08    5.9882E-10    4.8766E-01   -5.1718E-01    1.2995E-01    9.4000E-04
2.8097E+01  1.1863E-02 1.7256E+02    8.5943E-08    6.8149E-10    4.6317E-01   -4.8238E-01    1.3180E-01    9.4000E-04
2.7498E+01  1.3285E-02 1.7279E+02    8.7286E-08    7.7480E-10    4.4818E-01   -4.5747E-01    1.3506E-01    9.4000E-04
2.6904E+01  1.4860E-02 1.7309E+02    8.8205E-08    8.8070E-10    4.3715E-01   -4.3846E-01    1.3931E-01    9.4000E-04
2.6316E+01  1.6601E-02 1.7342E+02    8.8741E-08    1.0032E-09    4.2535E-01   -4.2165E-01    1.4423E-01    9.4000E-04
2.5734E+01  1.8522E-02 1.7377E+02    8.8997E-08    1.1421E-09    4.0977E-01   -4.0454E-01    1.4955E-01    9.4000E-04
2.5157E+01  2.0639E-02 1.7413E+02    8.8697E-08    1.2961E-09    3.8908E-01   -3.8622E-01    1.5517E-01    9.4017E-04
2.4586E+01  2.2969E-02 1.7450E+02    8.7948E-08    1.4842E-09    3.6345E-01   -3.6646E-01    1.6118E-01    9.4100E-04
2.4020E+01  2.5530E-02 1.7489E+02    8.6863E-08    1.6920E-09    3.3330E-01   -3.4473E-01    1.6781E-01    9.4100E-04
2.3460E+01  2.8341E-02 1.7533E+02    8.6030E-08    1.9160E-09    3.0058E-01   -3.2095E-01    1.7546E-01    9.4100E-04
2.2906E+01  3.1422E-02 1.7583E+02    8.6440E-08    2.1562E-09    2.6748E-01   -2.9499E-01    1.8462E-01    9.4100E-04
2.2356E+01  3.4794E-02 1.7641E+02    8.8324E-08    2.3911E-09    2.3605E-01   -2.6723E-01    1.9577E-01    9.4100E-04
2.1812E+01  3.8479E-02 1.7708E+02    9.1819E-08    2.6120E-09    2.0806E-01   -2.3890E-01    2.0940E-01    9.4100E-04
2.1272E+01  4.2501E-02 1.7785E+02    9.7206E-08    2.8286E-09    1.8478E-01   -2.1189E-01    2.2595E-01    9.4100E-04
2.0737E+01  4.6884E-02 1.7870E+02    1.0414E-07    3.0228E-09    1.6649E-01   -1.8829E-01    2.4581E-01    9.4100E-04
2.0206E+01  5.1654E-02 1.7964E+02    1.1390E-07    3.2160E-09    1.5307E-01   -1.6989E-01    2.6938E-01    9.4100E-04
1.9679E+01  5.6837E-02 1.8066E+02    1.2677E-07    3.4396E-09    1.4392E-01   -1.5756E-01    2.9712E-01    9.4100E-04
1.9157E+01  6.2462E-02 1.8175E+02    1.4206E-07    3.6767E-09    1.3784E-01   -1.5124E-01    3.2964E-01    9.4100E-04
1.8638E+01  6.8557E-02 1.8291E+02    1.6154E-07    3.8905E-09    1.3378E-01   -1.5043E-01    3.6779E-01    9.4100E-04
1.8123E+01  7.5152E-02 1.8415E+02    1.8557E-07    4.0791E-09    1.3101E-01   -1.5397E-01    4.1266E-01    9.4100E-04
1.7611E+01  8.2277E-02 1.8547E+02    2.1598E-07    4.2376E-09    1.2916E-01   -1.6045E-01    4.6562E-01    9.4100E-04
1.7103E+01  8.9964E-02 1.8687E+02    2.5369E-07    4.3771E-09    1.2801E-01   -1.6796E-01    5.2809E-01    9.4100E-04
1.6598E+01  9.8246E-02 1.8833E+02    2.9988E-07    4.5084E-09    1.2720E-01   -1.7083E-01    6.0122E-01    9.4100E-04
1.6097E+01  1.0715E-01 1.8983E+02    2.7237E-07    4.6299E-09    1.2422E-01   -9.9573E-02    6.8487E-01    9.4100E-04
1.5599E+01  1.1672E-01 1.9133E+02    2.8304E-07    4.7089E-09    1.2153E-01   -1.1429E-01    7.7889E-01    9.4100E-04
1.5104E+01  1.2699E-01 1.9346E+02    3.8968E-07    4.7952E-09    1.2031E-01   -1.3243E-01    9.3243E-01    9.4100E-04
1.4612E+01  1.3798E-01 1.9489E+02    4.9839E-07    5.0270E-09    1.1938E-01   -1.3324E-01    1.0493E+00    9.4100E-04
1.4123E+01  1.4973E-01 1.9676E+02    6.8028E-07    5.3004E-09    1.1911E-01   -1.2909E-01    1.2215E+00    9.4100E-04
1.3638E+01  1.6229E-01 1.9794E+02    8.2755E-07    5.6342E-09    1.1821E-01   -1.3012E-01    1.3420E+00    9.4100E-04
1.3157E+01  1.7567E-01 1.9999E+02    1.1480E-06    5.8318E-09    1.1800E-01   -1.2566E-01    1.5770E+00    9.4100E-04
1.2680E+01  1.8991E-01 2.0096E+02    1.3432E-06    5.7849E-09    1.1546E-01   -1.2519E-01    1.7005E+00    9.4100E-04
1.2207E+01  2.0505E-01 2.0354E+02    1.9914E-06    5.3788E-09    1.1522E-01   -1.2096E-01    2.0687E+00    9.4100E-04
1.1738E+01  2.2112E-01 2.0452E+02    2.3152E-06    4.6337E-09    1.1141E-01   -1.1870E-01    2.2254E+00    9.4100E-04
1.1270E+01  2.3815E-01 2.0875E+02    4.2813E-06    3.6873E-09    1.2048E-01   -4.0446E-01    3.0301E+00    9.4100E-04
1.0801E+01  2.5617E-01 2.1323E+02    7.9747E-06    2.9788E-09    1.4048E-01   -7.2523E-01    4.1412E+00    9.4100E-04
1.0330E+01  2.7520E-01 2.1771E+02    1.4473E-05    2.4412E-09    1.7017E-01   -1.0682E+00    5.4426E+00    9.4100E-04
9.8580E+00  2.9528E-01 2.2217E+02    2.5589E-05    2.0162E-09    2.0922E-01   -1.4134E+00    6.5614E+00    9.4100E-04
9.3851E+00  3.1642E-01 2.2660E+02    4.4053E-05    1.6682E-09    2.5868E-01   -1.7502E+00    7.8353E+00    9.4100E-04
8.9118E+00  3.3864E-01 2.3097E+02    7.3788E-05    1.3922E-09    3.1891E-01   -2.0561E+00    9.2667E+00    9.4100E-04
8.4385E+00  3.6197E-01 2.3526E+02    1.2013E-04    1.1684E-09    3.8485E-01   -2.2817E+00    1.0852E+01    9.4100E-04
7.9659E+00  3.8642E-01 2.3944E+02    1.8989E-04    9.9124E-10    4.5366E-01   -2.4189E+00    1.2582E+01    9.4100E-04
7.4943E+00  4.1201E-01 2.4349E+02    2.9118E-04    8.5261E-10    5.2867E-01   -2.4917E+00    1.4439E+01    9.4100E-04
7.0245E+00  4.3873E-01 2.4736E+02    4.3300E-04    7.4285E-10    6.0313E-01   -2.4855E+00    1.6402E+01    9.4100E-04
6.5571E+00  4.6659E-01 2.5105E+02    6.2454E-04    6.5518E-10    6.6194E-01   -2.4368E+00    1.8445E+01    9.4100E-04
6.0927E+00  4.9560E-01 2.5455E+02    8.7460E-04    5.8377E-10    7.0125E-01   -2.3760E+00    2.0545E+01    9.4100E-04
5.6319E+00  5.2575E-01 2.5784E+02    1.1911E-03    5.2322E-10    7.2918E-01   -2.3170E+00    2.2679E+01    9.4100E-04
5.1754E+00  5.5704E-01 2.6093E+02    1.5808E-03    4.6955E-10    7.5131E-01   -2.2326E+00    2.4826E+01    9.4100E-04
4.7236E+00  5.8943E-01 2.6383E+02    2.0491E-03    4.2117E-10    7.6609E-01   -2.1393E+00    2.6974E+01    9.4100E-04
4.2772E+00  6.2293E-01 2.6655E+02    2.6005E-03    3.7563E-10    7.7099E-01   -2.0401E+00    2.9110E+01    9.4100E-04
3.8366E+00  6.5750E-01 2.6911E+02    3.2384E-03    3.3371E-10    7.6748E-01   -1.8983E+00    3.1228E+01    9.4100E-04
3.4023E+00  6.9312E-01 2.7151E+02    3.9652E-03    2.9401E-10    7.5946E-01   -1.7206E+00    3.3321E+01    9.4100E-04
2.9745E+00  7.2975E-01 2.7387E+02    4.8307E-03    2.5821E-10    7.5276E-01   -1.5748E+00    3.5476E+01    9.4100E-04
2.5535E+00  7.6734E-01 2.7625E+02    5.7618E-03    2.2616E-10    7.3692E-01   -1.4585E+00    3.7757E+01    9.4100E-04
2.1395E+00  8.0585E-01 2.7853E+02    6.7051E-03    1.9746E-10    7.1224E-01   -1.3815E+00    4.0036E+01    9.4100E-04
1.7328E+00  8.4523E-01 2.8070E+02    7.8580E-03    1.7188E-10    6.9651E-01   -1.3978E+00    4.2303E+01    9.4100E-04
1.3338E+00  8.8541E-01 2.8277E+02    8.9557E-03    1.4764E-10    6.7637E-01   -1.4605E+00    4.4550E+01    9.4100E-04
9.4274E-01  9.2634E-01 2.8475E+02    1.0301E-02    1.2707E-10    6.7337E-01   -1.6212E+00    4.6791E+01    9.4100E-04
5.5983E-01  9.6793E-01 2.8663E+02    1.1645E-02    1.0983E-10    6.7732E-01   -1.8650E+00    4.8999E+01    9.4100E-04
1.8539E-01  1.0101E+00 2.8843E+02    1.2997E-02    9.5346E-11    6.9364E-01   -2.0944E+00    5.1188E+01    9.4100E-04
0.0000E+00  1.0316E+00 2.8934E+02    1.3858E-02    9.7700E-11    8.0105E+00   -3.1182E+00    5.2321E+01    9.4100E-04
