     ALT          P          T          FH2O           O3           THEAT        TCOOL        PSATCO2        FCO2
6.0920E+01  3.2611E-05 1.7314E+02    5.1104E-11    4.1298E-09    4.1985E+01   -3.8064E+01    1.4004E-01    7.0954E-04
6.0026E+01  3.8509E-05 1.7405E+02    7.5829E-11    4.8577E-09    3.3088E+00   -9.4738E+00    1.5392E-01    7.2064E-04
5.9130E+01  4.5416E-05 1.7682E+02    1.1335E-10    5.2954E-09    2.8638E+00   -3.0612E+00    2.0406E-01    7.3202E-04
5.8226E+01  5.3495E-05 1.8026E+02    1.7128E-10    5.5083E-09    2.5325E+00   -1.7955E+00    2.8608E-01    7.4387E-04
5.7311E+01  6.2932E-05 1.8353E+02    2.6218E-10    5.5400E-09    2.2454E+00   -1.6770E+00    3.8939E-01    7.5567E-04
5.6390E+01  7.3940E-05 1.8616E+02    4.0376E-10    5.4341E-09    1.9934E+00   -1.5702E+00    4.9525E-01    7.6758E-04
5.5464E+01  8.6764E-05 1.8795E+02    6.2396E-10    5.1937E-09    1.7691E+00   -1.4721E+00    5.8111E-01    7.7953E-04
5.4540E+01  1.0168E-04 1.8886E+02    9.6402E-10    4.8273E-09    1.5721E+00   -1.3806E+00    6.2948E-01    7.9212E-04
5.3621E+01  1.1902E-04 1.8895E+02    1.4862E-09    4.3246E-09    1.4176E+00   -1.2982E+00    6.3479E-01    8.0415E-04
5.2711E+01  1.3913E-04 1.8839E+02    2.2768E-09    3.6846E-09    1.2921E+00   -1.2411E+00    6.0396E-01    8.1608E-04
5.1812E+01  1.6244E-04 1.8735E+02    3.4564E-09    2.9369E-09    1.1960E+00   -1.2063E+00    5.5105E-01    8.2686E-04
5.0926E+01  1.8942E-04 1.8605E+02    5.1571E-09    2.1431E-09    1.1308E+00   -1.1854E+00    4.9038E-01    8.3849E-04
5.0054E+01  2.2060E-04 1.8466E+02    7.5405E-09    1.4282E-09    1.0924E+00   -1.1736E+00    4.3230E-01    8.4895E-04
4.9196E+01  2.5658E-04 1.8333E+02    1.0689E-08    8.8206E-10    1.0782E+00   -1.1674E+00    3.8240E-01    8.6026E-04
4.8351E+01  2.9806E-04 1.8215E+02    1.4688E-08    5.5463E-10    1.0801E+00   -1.1633E+00    3.4252E-01    8.6966E-04
4.7519E+01  3.4581E-04 1.8118E+02    1.9305E-08    3.9622E-10    1.0932E+00   -1.1628E+00    3.1237E-01    8.7939E-04
4.6697E+01  4.0071E-04 1.8043E+02    2.4438E-08    3.1021E-10    1.1097E+00   -1.1625E+00    2.9060E-01    8.8821E-04
4.5886E+01  4.6373E-04 1.7988E+02    3.0145E-08    2.4819E-10    1.1241E+00   -1.1606E+00    2.7562E-01    8.9632E-04
4.5084E+01  5.3598E-04 1.7950E+02    3.6187E-08    1.9894E-10    1.1324E+00   -1.1545E+00    2.6582E-01    9.0408E-04
4.4291E+01  6.1872E-04 1.7927E+02    4.2066E-08    1.6284E-10    1.1310E+00   -1.1416E+00    2.5982E-01    9.1043E-04
4.3505E+01  7.1332E-04 1.7913E+02    4.7263E-08    1.3682E-10    1.1209E+00   -1.1238E+00    2.5642E-01    9.1629E-04
4.2727E+01  8.2136E-04 1.7906E+02    5.1462E-08    1.1816E-10    1.1047E+00   -1.1050E+00    2.5470E-01    9.2194E-04
4.1957E+01  9.4456E-04 1.7904E+02    5.4181E-08    1.0680E-10    1.0862E+00   -1.0897E+00    2.5399E-01    9.2605E-04
4.1193E+01  1.0849E-03 1.7903E+02    5.5616E-08    1.0093E-10    1.0753E+00   -1.0837E+00    2.5382E-01    9.3011E-04
4.0437E+01  1.2445E-03 1.7903E+02    5.5900E-08    1.0044E-10    1.0718E+00   -1.0873E+00    2.5386E-01    9.3313E-04
3.9688E+01  1.4257E-03 1.7903E+02    5.5593E-08    1.0432E-10    1.0742E+00   -1.0964E+00    2.5380E-01    9.3607E-04
3.8946E+01  1.6314E-03 1.7901E+02    5.5500E-08    1.1226E-10    1.0798E+00   -1.1032E+00    2.5328E-01    9.3810E-04
3.8212E+01  1.8643E-03 1.7895E+02    5.5816E-08    1.2212E-10    1.0850E+00   -1.1024E+00    2.5178E-01    9.4002E-04
3.7484E+01  2.1277E-03 1.7882E+02    5.7215E-08    1.3082E-10    1.0856E+00   -1.0925E+00    2.4868E-01    9.4148E-04
3.6765E+01  2.4254E-03 1.7860E+02    5.9545E-08    1.3857E-10    1.0793E+00   -1.0756E+00    2.4343E-01    9.4292E-04
3.6054E+01  2.7612E-03 1.7827E+02    6.2933E-08    1.4700E-10    1.0656E+00   -1.0550E+00    2.3571E-01    9.4434E-04
3.5351E+01  3.1396E-03 1.7783E+02    6.7167E-08    1.5618E-10    1.0440E+00   -1.0320E+00    2.2559E-01    9.4500E-04
3.4658E+01  3.5653E-03 1.7728E+02    7.1991E-08    1.6741E-10    1.0151E+00   -1.0066E+00    2.1354E-01    9.4600E-04
3.3974E+01  4.0436E-03 1.7664E+02    7.7231E-08    1.8389E-10    9.7688E-01   -9.7561E-01    2.0035E-01    9.4650E-04
3.3299E+01  4.5803E-03 1.7595E+02    8.2594E-08    2.0370E-10    9.2792E-01   -9.3637E-01    1.8698E-01    9.4700E-04
3.2634E+01  5.1817E-03 1.7526E+02    8.7901E-08    2.2887E-10    8.6759E-01   -8.8784E-01    1.7436E-01    9.4800E-04
3.1978E+01  5.8547E-03 1.7462E+02    9.2914E-08    2.5955E-10    7.9650E-01   -8.3014E-01    1.6330E-01    9.4800E-04
3.1331E+01  6.6068E-03 1.7408E+02    9.7710E-08    2.9565E-10    7.2019E-01   -7.6737E-01    1.5440E-01    9.4800E-04
3.0693E+01  7.4460E-03 1.7367E+02    1.0220E-07    3.3635E-10    6.4595E-01   -7.0462E-01    1.4801E-01    9.4900E-04
3.0063E+01  8.3813E-03 1.7343E+02    1.0597E-07    3.8367E-10    5.7984E-01   -6.4558E-01    1.4428E-01    9.4900E-04
2.9441E+01  9.4222E-03 1.7335E+02    1.0971E-07    4.3627E-10    5.2754E-01   -5.9491E-01    1.4315E-01    9.4900E-04
2.8825E+01  1.0579E-02 1.7343E+02    1.1261E-07    4.9595E-10    4.9027E-01   -5.4218E-01    1.4436E-01    9.4900E-04
2.8216E+01  1.1863E-02 1.7364E+02    1.1603E-07    5.6262E-10    4.6621E-01   -5.0867E-01    1.4755E-01    9.4900E-04
2.7612E+01  1.3286E-02 1.7394E+02    1.1747E-07    6.3864E-10    4.5128E-01   -4.8463E-01    1.5226E-01    9.4900E-04
2.7014E+01  1.4861E-02 1.7431E+02    1.1943E-07    7.2437E-10    4.4000E-01   -4.6639E-01    1.5805E-01    9.4900E-04
2.6422E+01  1.6601E-02 1.7470E+02    1.2062E-07    8.2179E-10    4.2765E-01   -4.4998E-01    1.6454E-01    9.4900E-04
2.5835E+01  1.8522E-02 1.7510E+02    1.2100E-07    9.3299E-10    4.1148E-01   -4.3317E-01    1.7143E-01    9.4979E-04
2.5254E+01  2.0640E-02 1.7550E+02    1.2100E-07    1.0554E-09    3.8974E-01   -4.1471E-01    1.7860E-01    9.5000E-04
2.4679E+01  2.2970E-02 1.7591E+02    1.2089E-07    1.2049E-09    3.6273E-01   -3.9453E-01    1.8615E-01    9.5000E-04
2.4109E+01  2.5531E-02 1.7634E+02    1.1975E-07    1.3689E-09    3.3149E-01   -3.7246E-01    1.9438E-01    9.5000E-04
2.3544E+01  2.8343E-02 1.7680E+02    1.1900E-07    1.5532E-09    2.9790E-01   -3.4823E-01    2.0372E-01    9.5000E-04
2.2985E+01  3.1424E-02 1.7733E+02    1.2001E-07    1.7438E-09    2.6412E-01   -3.2171E-01    2.1474E-01    9.5000E-04
2.2430E+01  3.4796E-02 1.7794E+02    1.2284E-07    1.9328E-09    2.3232E-01   -2.9324E-01    2.2798E-01    9.5000E-04
2.1881E+01  3.8481E-02 1.7862E+02    1.2756E-07    2.1132E-09    2.0427E-01   -2.6409E-01    2.4397E-01    9.5000E-04
2.1337E+01  4.2503E-02 1.7940E+02    1.3461E-07    2.2880E-09    1.8108E-01   -2.3633E-01    2.6313E-01    9.5000E-04
2.0797E+01  4.6886E-02 1.8026E+02    1.4484E-07    2.4526E-09    1.6309E-01   -2.1214E-01    2.8586E-01    9.5000E-04
2.0261E+01  5.1656E-02 1.8119E+02    1.5654E-07    2.6234E-09    1.5001E-01   -1.9299E-01    3.1250E-01    9.5000E-04
1.9730E+01  5.6840E-02 1.8218E+02    1.7239E-07    2.8146E-09    1.4104E-01   -1.8010E-01    3.4348E-01    9.5000E-04
1.9203E+01  6.2465E-02 1.8325E+02    1.9067E-07    3.0255E-09    1.3514E-01   -1.7323E-01    3.7939E-01    9.5000E-04
1.8680E+01  6.8560E-02 1.8437E+02    2.1427E-07    3.2324E-09    1.3125E-01   -1.7203E-01    4.2108E-01    9.5000E-04
1.8161E+01  7.5155E-02 1.8557E+02    2.4323E-07    3.4163E-09    1.2865E-01   -1.7517E-01    4.6971E-01    9.5000E-04
1.7645E+01  8.2281E-02 1.8684E+02    2.7891E-07    3.5775E-09    1.2697E-01   -1.8117E-01    5.2672E-01    9.5000E-04
1.7134E+01  8.9968E-02 1.8819E+02    3.2359E-07    3.7210E-09    1.2597E-01   -1.8827E-01    5.9364E-01    9.5000E-04
1.6625E+01  9.8250E-02 1.8960E+02    3.7712E-07    3.8634E-09    1.2531E-01   -1.9065E-01    6.7166E-01    9.5000E-04
1.6121E+01  1.0716E-01 1.9105E+02    3.3736E-07    3.9999E-09    1.2230E-01   -1.2007E-01    7.6058E-01    9.5000E-04
1.5620E+01  1.1673E-01 1.9250E+02    3.4396E-07    4.1128E-09    1.1972E-01   -1.2702E-01    8.6005E-01    9.5000E-04
1.5122E+01  1.2699E-01 1.9445E+02    4.5888E-07    4.2392E-09    1.1871E-01   -1.4680E-01    1.0124E+00    9.5000E-04
1.4627E+01  1.3799E-01 1.9593E+02    5.8941E-07    4.4908E-09    1.1810E-01   -1.4540E-01    1.1418E+00    9.5000E-04
1.4136E+01  1.4974E-01 1.9754E+02    7.7061E-07    4.8029E-09    1.1791E-01   -1.3974E-01    1.3004E+00    9.5000E-04
1.3649E+01  1.6229E-01 1.9881E+02    9.4935E-07    5.1603E-09    1.1743E-01   -1.3997E-01    1.4379E+00    9.5000E-04
1.3167E+01  1.7568E-01 2.0054E+02    1.2508E-06    5.4215E-09    1.1733E-01   -1.3223E-01    1.6461E+00    9.5000E-04
1.2688E+01  1.8992E-01 2.0167E+02    1.4974E-06    5.4410E-09    1.1555E-01   -1.3399E-01    1.7958E+00    9.5000E-04
1.2214E+01  2.0506E-01 2.0388E+02    2.0971E-06    5.1153E-09    1.1511E-01   -1.2334E-01    2.1224E+00    9.5000E-04
1.1743E+01  2.2114E-01 2.0505E+02    2.5078E-06    4.4458E-09    1.1215E-01   -1.2604E-01    2.3162E+00    9.5000E-04
1.1275E+01  2.3817E-01 2.0888E+02    4.3645E-06    3.5617E-09    1.2012E-01   -3.8089E-01    3.0582E+00    9.5000E-04
1.0805E+01  2.5618E-01 2.1336E+02    8.1256E-06    2.8901E-09    1.4017E-01   -7.1126E-01    4.1787E+00    9.5000E-04
1.0334E+01  2.7522E-01 2.1784E+02    1.4739E-05    2.3718E-09    1.7020E-01   -1.0616E+00    5.4739E+00    9.5000E-04
9.8619E+00  2.9529E-01 2.2230E+02    2.6044E-05    1.9568E-09    2.0975E-01   -1.4128E+00    6.5977E+00    9.5000E-04
9.3887E+00  3.1643E-01 2.2673E+02    4.4807E-05    1.6176E-09    2.5985E-01   -1.7540E+00    7.8769E+00    9.5000E-04
8.9151E+00  3.3866E-01 2.3111E+02    7.4998E-05    1.3506E-09    3.2066E-01   -2.0615E+00    9.3138E+00    9.5000E-04
8.4416E+00  3.6199E-01 2.3540E+02    1.2201E-04    1.1360E-09    3.8689E-01   -2.2866E+00    1.0905E+01    9.5000E-04
7.9686E+00  3.8644E-01 2.3958E+02    1.9270E-04    9.6435E-10    4.5598E-01   -2.4234E+00    1.2639E+01    9.5000E-04
7.4969E+00  4.1203E-01 2.4361E+02    2.9523E-04    8.2874E-10    5.3127E-01   -2.4947E+00    1.4501E+01    9.5000E-04
7.0268E+00  4.3875E-01 2.4749E+02    4.3862E-04    7.2213E-10    6.0556E-01   -2.4871E+00    1.6467E+01    9.5000E-04
6.5592E+00  4.6662E-01 2.5117E+02    6.3205E-04    6.3727E-10    6.6383E-01   -2.4375E+00    1.8514E+01    9.5000E-04
6.0946E+00  4.9563E-01 2.5466E+02    8.8432E-04    5.6764E-10    7.0271E-01   -2.3769E+00    2.0615E+01    9.5000E-04
5.6336E+00  5.2578E-01 2.5794E+02    1.2033E-03    5.0914E-10    7.3041E-01   -2.3172E+00    2.2750E+01    9.5000E-04
5.1769E+00  5.5707E-01 2.6103E+02    1.5956E-03    4.5784E-10    7.5236E-01   -2.2319E+00    2.4898E+01    9.5000E-04
4.7249E+00  5.8947E-01 2.6392E+02    2.0668E-03    4.1034E-10    7.6685E-01   -2.1383E+00    2.7045E+01    9.5000E-04
4.2784E+00  6.2297E-01 2.6664E+02    2.6212E-03    3.6567E-10    7.7143E-01   -2.0383E+00    2.9181E+01    9.5000E-04
3.8376E+00  6.5754E-01 2.6919E+02    3.2621E-03    3.2462E-10    7.6769E-01   -1.8949E+00    3.1298E+01    9.5000E-04
3.4031E+00  6.9316E-01 2.7159E+02    3.9921E-03    2.8651E-10    7.5950E-01   -1.7162E+00    3.3391E+01    9.5000E-04
2.9752E+00  7.2979E-01 2.7394E+02    4.8607E-03    2.5183E-10    7.5257E-01   -1.5701E+00    3.5546E+01    9.5000E-04
2.5541E+00  7.6738E-01 2.7633E+02    5.7903E-03    2.2061E-10    7.3622E-01   -1.4545E+00    3.7827E+01    9.5000E-04
2.1400E+00  8.0590E-01 2.7860E+02    6.7427E-03    1.9248E-10    7.1199E-01   -1.3810E+00    4.0107E+01    9.5000E-04
1.7332E+00  8.4528E-01 2.8077E+02    7.8939E-03    1.6698E-10    6.9588E-01   -1.3978E+00    4.2374E+01    9.5000E-04
1.3341E+00  8.8546E-01 2.8283E+02    8.9902E-03    1.4436E-10    6.7563E-01   -1.4616E+00    4.4621E+01    9.5000E-04
9.4295E-01  9.2639E-01 2.8481E+02    1.0345E-02    1.2407E-10    6.7312E-01   -1.6245E+00    4.6862E+01    9.5000E-04
5.5996E-01  9.6799E-01 2.8669E+02    1.1687E-02    1.0712E-10    6.7705E-01   -1.8680E+00    4.9071E+01    9.5000E-04
1.8543E-01  1.0102E+00 2.8849E+02    1.3052E-02    9.3125E-11    6.9386E-01   -2.0991E+00    5.1260E+01    9.5000E-04
0.0000E+00  1.0316E+00 2.8940E+02    1.3912E-02    9.5400E-11    8.0087E+00   -3.1104E+00    5.2393E+01    9.5000E-04
