     ALT          P          T          FH2O           O3           THEAT        TCOOL        PSATCO2        FCO2
6.1722E+01  3.2610E-05 1.7308E+02    6.1120E-11    3.8569E-09    4.2069E+01   -3.8292E+01    1.3920E-01    7.2740E-04
6.0828E+01  3.8508E-05 1.7440E+02    8.9883E-11    4.5043E-09    3.3610E+00   -9.2933E+00    1.5966E-01    7.3814E-04
5.9929E+01  4.5416E-05 1.7747E+02    1.3322E-10    4.8714E-09    2.9067E+00   -2.7625E+00    2.1759E-01    7.4892E-04
5.9021E+01  5.3494E-05 1.8109E+02    2.0016E-10    5.0342E-09    2.5647E+00   -1.6814E+00    3.0966E-01    7.6083E-04
5.8102E+01  6.2930E-05 1.8445E+02    3.0342E-10    5.0600E-09    2.2684E+00   -1.5931E+00    4.2407E-01    7.7186E-04
5.7176E+01  7.3938E-05 1.8714E+02    4.6386E-10    4.9601E-09    2.0113E+00   -1.7456E+00    5.4079E-01    7.8398E-04
5.6245E+01  8.6762E-05 1.8897E+02    7.1187E-10    4.7496E-09    1.7830E+00   -1.5573E+00    6.3579E-01    7.9615E-04
5.5316E+01  1.0168E-04 1.8991E+02    1.0916E-09    4.4183E-09    1.5817E+00   -1.4191E+00    6.9008E-01    8.0786E-04
5.4392E+01  1.1902E-04 1.9005E+02    1.6666E-09    3.9647E-09    1.4260E+00   -1.3401E+00    6.9810E-01    8.1941E-04
5.3476E+01  1.3913E-04 1.8954E+02    2.5320E-09    3.3939E-09    1.3015E+00   -1.2935E+00    6.6776E-01    8.3141E-04
5.2572E+01  1.6244E-04 1.8858E+02    3.7998E-09    2.7200E-09    1.2072E+00   -1.2608E+00    6.1407E-01    8.4228E-04
5.1680E+01  1.8941E-04 1.8737E+02    5.6227E-09    2.0115E-09    1.1435E+00   -1.2446E+00    5.5202E-01    8.5300E-04
5.0802E+01  2.2059E-04 1.8609E+02    8.1527E-09    1.3418E-09    1.1074E+00   -1.2355E+00    4.9245E-01    8.6355E-04
4.9936E+01  2.5657E-04 1.8488E+02    1.1502E-08    8.3438E-10    1.0944E+00   -1.2323E+00    4.4126E-01    8.7395E-04
4.9084E+01  2.9805E-04 1.8383E+02    1.5789E-08    5.1795E-10    1.0982E+00   -1.2332E+00    4.0054E-01    8.8417E-04
4.8243E+01  3.4579E-04 1.8298E+02    2.0749E-08    3.6588E-10    1.1108E+00   -1.2362E+00    3.7011E-01    8.9259E-04
4.7414E+01  4.0068E-04 1.8234E+02    2.6457E-08    2.8584E-10    1.1277E+00   -1.2412E+00    3.4866E-01    9.0191E-04
4.6593E+01  4.6370E-04 1.8191E+02    3.2911E-08    2.2918E-10    1.1405E+00   -1.2425E+00    3.3456E-01    9.0914E-04
4.5782E+01  5.3595E-04 1.8164E+02    4.0113E-08    1.8527E-10    1.1474E+00   -1.2395E+00    3.2612E-01    9.1662E-04
4.4979E+01  6.1867E-04 1.8149E+02    4.7878E-08    1.5000E-10    1.1448E+00   -1.2294E+00    3.2180E-01    9.2306E-04
4.4184E+01  7.1327E-04 1.8145E+02    5.5878E-08    1.2485E-10    1.1337E+00   -1.2140E+00    3.2029E-01    9.2944E-04
4.3396E+01  8.2130E-04 1.8145E+02    6.3807E-08    1.0646E-10    1.1158E+00   -1.1962E+00    3.2049E-01    9.3433E-04
4.2615E+01  9.4449E-04 1.8149E+02    7.1748E-08    9.3238E-11    1.0975E+00   -1.1831E+00    3.2162E-01    9.3902E-04
4.1841E+01  1.0848E-03 1.8154E+02    7.9893E-08    8.4366E-11    1.0868E+00   -1.1791E+00    3.2312E-01    9.4269E-04
4.1074E+01  1.2444E-03 1.8159E+02    8.8502E-08    7.8410E-11    1.0846E+00   -1.1858E+00    3.2461E-01    9.4620E-04
4.0314E+01  1.4256E-03 1.8162E+02    9.8329E-08    7.4577E-11    1.0875E+00   -1.1970E+00    3.2578E-01    9.4863E-04
3.9561E+01  1.6312E-03 1.8164E+02    1.0907E-07    7.1792E-11    1.0941E+00   -1.2060E+00    3.2625E-01    9.5114E-04
3.8816E+01  1.8641E-03 1.8161E+02    1.2224E-07    6.9673E-11    1.0998E+00   -1.2072E+00    3.2548E-01    9.5327E-04
3.8078E+01  2.1275E-03 1.8153E+02    1.3733E-07    6.8254E-11    1.1005E+00   -1.1993E+00    3.2284E-01    9.5512E-04
3.7348E+01  2.4252E-03 1.8136E+02    1.5486E-07    6.8132E-11    1.0934E+00   -1.1848E+00    3.1778E-01    9.5600E-04
3.6625E+01  2.7609E-03 1.8110E+02    1.7343E-07    6.9568E-11    1.0791E+00   -1.1680E+00    3.1004E-01    9.5703E-04
3.5911E+01  3.1392E-03 1.8075E+02    1.9383E-07    7.3216E-11    1.0576E+00   -1.1509E+00    2.9984E-01    9.5800E-04
3.5206E+01  3.5649E-03 1.8033E+02    2.1516E-07    7.8864E-11    1.0284E+00   -1.1321E+00    2.8782E-01    9.5888E-04
3.4510E+01  4.0431E-03 1.7985E+02    2.3711E-07    8.6878E-11    9.8982E-01   -1.1080E+00    2.7497E-01    9.5928E-04
3.3823E+01  4.5798E-03 1.7937E+02    2.5782E-07    9.7177E-11    9.4041E-01   -1.0751E+00    2.6241E-01    9.6000E-04
3.3144E+01  5.1811E-03 1.7892E+02    2.7834E-07    1.0926E-10    8.7878E-01   -1.0315E+00    2.5123E-01    9.6000E-04
3.2474E+01  5.8540E-03 1.7856E+02    2.9712E-07    1.2433E-10    8.0735E-01   -9.7853E-01    2.4235E-01    9.6000E-04
3.1813E+01  6.6059E-03 1.7831E+02    3.1507E-07    1.4168E-10    7.3144E-01   -9.2006E-01    2.3648E-01    9.6070E-04
3.1159E+01  7.4451E-03 1.7820E+02    3.3121E-07    1.6027E-10    6.5732E-01   -8.5981E-01    2.3408E-01    9.6100E-04
3.0512E+01  8.3802E-03 1.7826E+02    3.4648E-07    1.8156E-10    5.9216E-01   -8.0303E-01    2.3532E-01    9.6100E-04
2.9871E+01  9.4210E-03 1.7846E+02    3.6005E-07    2.0535E-10    5.4096E-01   -7.5370E-01    2.4011E-01    9.6100E-04
2.9237E+01  1.0578E-02 1.7879E+02    3.7196E-07    2.3149E-10    5.0452E-01   -7.0245E-01    2.4801E-01    9.6100E-04
2.8608E+01  1.1861E-02 1.7921E+02    3.8219E-07    2.6175E-10    4.8061E-01   -6.6740E-01    2.5835E-01    9.6100E-04
2.7985E+01  1.3284E-02 1.7968E+02    3.9142E-07    2.9540E-10    4.6498E-01   -6.4174E-01    2.7030E-01    9.6100E-04
2.7368E+01  1.4859E-02 1.8015E+02    3.9888E-07    3.3338E-10    4.5205E-01   -6.2076E-01    2.8307E-01    9.6100E-04
2.6756E+01  1.6599E-02 1.8062E+02    4.0452E-07    3.7736E-10    4.3725E-01   -6.0059E-01    2.9594E-01    9.6100E-04
2.6149E+01  1.8520E-02 1.8105E+02    4.0920E-07    4.2743E-10    4.1781E-01   -5.7918E-01    3.0850E-01    9.6100E-04
2.5548E+01  2.0637E-02 1.8146E+02    4.1162E-07    4.8454E-10    3.9269E-01   -5.5592E-01    3.2067E-01    9.6100E-04
2.4953E+01  2.2967E-02 1.8185E+02    4.1351E-07    5.4966E-10    3.6230E-01   -5.3102E-01    3.3280E-01    9.6100E-04
2.4364E+01  2.5527E-02 1.8225E+02    4.1331E-07    6.2395E-10    3.2804E-01   -5.0424E-01    3.4556E-01    9.6100E-04
2.3781E+01  2.8338E-02 1.8268E+02    4.1127E-07    7.0692E-10    2.9199E-01   -4.7510E-01    3.5984E-01    9.6100E-04
2.3203E+01  3.1418E-02 1.8317E+02    4.0800E-07    8.0130E-10    2.5662E-01   -4.4320E-01    3.7656E-01    9.6100E-04
2.2631E+01  3.4790E-02 1.8372E+02    4.0871E-07    9.0013E-10    2.2416E-01   -4.0933E-01    3.9651E-01    9.6100E-04
2.2064E+01  3.8475E-02 1.8435E+02    4.1453E-07    9.9992E-10    1.9623E-01   -3.7499E-01    4.2028E-01    9.6100E-04
2.1502E+01  4.2496E-02 1.8505E+02    4.2489E-07    1.0994E-09    1.7371E-01   -3.4222E-01    4.4816E-01    9.6100E-04
2.0946E+01  4.6878E-02 1.8582E+02    4.3944E-07    1.2057E-09    1.5662E-01   -3.1325E-01    4.8025E-01    9.6100E-04
2.0394E+01  5.1647E-02 1.8662E+02    4.5809E-07    1.3167E-09    1.4432E-01   -2.8971E-01    5.1652E-01    9.6100E-04
1.9847E+01  5.6830E-02 1.8747E+02    4.8019E-07    1.4421E-09    1.3583E-01   -2.7232E-01    5.5701E-01    9.6100E-04
1.9305E+01  6.2454E-02 1.8835E+02    5.0652E-07    1.5987E-09    1.3016E-01   -2.6092E-01    6.0203E-01    9.6100E-04
1.8768E+01  6.8548E-02 1.8927E+02    5.3636E-07    1.7705E-09    1.2635E-01   -2.5448E-01    6.5227E-01    9.6100E-04
1.8235E+01  7.5142E-02 1.9023E+02    5.7249E-07    1.9419E-09    1.2380E-01   -2.5182E-01    7.0885E-01    9.6100E-04
1.7708E+01  8.2266E-02 1.9124E+02    6.1647E-07    2.1118E-09    1.2222E-01   -2.5146E-01    7.7327E-01    9.6100E-04
1.7184E+01  8.9952E-02 1.9232E+02    6.6982E-07    2.2901E-09    1.2138E-01   -2.5177E-01    8.4708E-01    9.6100E-04
1.6666E+01  9.8232E-02 1.9345E+02    7.3166E-07    2.4715E-09    1.2089E-01   -2.4729E-01    9.3135E-01    9.6100E-04
1.6151E+01  1.0714E-01 1.9461E+02    6.2181E-07    2.6777E-09    1.1775E-01   -1.7359E-01    1.0253E+00    9.6100E-04
1.5641E+01  1.1671E-01 1.9578E+02    5.8656E-07    2.8882E-09    1.1534E-01   -1.6483E-01    1.1280E+00    9.6100E-04
1.5136E+01  1.2697E-01 1.9725E+02    7.1314E-07    3.1406E-09    1.1484E-01   -1.7341E-01    1.2705E+00    9.6100E-04
1.4635E+01  1.3796E-01 1.9841E+02    8.6787E-07    3.4795E-09    1.1481E-01   -1.6200E-01    1.3939E+00    9.6100E-04
1.4138E+01  1.4971E-01 1.9955E+02    1.0469E-06    3.8922E-09    1.1500E-01   -1.5014E-01    1.5236E+00    9.6100E-04
1.3647E+01  1.6226E-01 2.0061E+02    1.2461E-06    4.3495E-09    1.1533E-01   -1.4303E-01    1.6553E+00    9.6100E-04
1.3160E+01  1.7564E-01 2.0183E+02    1.5127E-06    4.7417E-09    1.1565E-01   -1.3229E-01    1.8175E+00    9.6100E-04
1.2679E+01  1.8988E-01 2.0292E+02    1.7971E-06    4.9136E-09    1.1488E-01   -1.2583E-01    1.9748E+00    9.6100E-04
1.2202E+01  2.0502E-01 2.0447E+02    2.2763E-06    4.7635E-09    1.1401E-01   -1.1795E-01    2.2177E+00    9.6100E-04
1.1730E+01  2.2109E-01 2.0594E+02    2.8410E-06    4.2488E-09    1.1240E-01   -1.1331E-01    2.4728E+00    9.6100E-04
1.1261E+01  2.3812E-01 2.0861E+02    4.1847E-06    3.4825E-09    1.1616E-01   -2.7763E-01    2.9999E+00    9.6100E-04
1.0793E+01  2.5613E-01 2.1309E+02    7.7990E-06    2.8483E-09    1.3450E-01   -6.2217E-01    4.1008E+00    9.6100E-04
1.0322E+01  2.7516E-01 2.1756E+02    1.4161E-05    2.3462E-09    1.6369E-01   -9.8449E-01    5.4084E+00    9.6100E-04
9.8506E+00  2.9523E-01 2.2202E+02    2.5049E-05    1.9359E-09    2.0306E-01   -1.3494E+00    6.5209E+00    9.6100E-04
9.3781E+00  3.1637E-01 2.2644E+02    4.3145E-05    1.6071E-09    2.5324E-01   -1.7021E+00    7.7880E+00    9.6100E-04
8.9052E+00  3.3859E-01 2.3081E+02    7.2308E-05    1.3372E-09    3.1396E-01   -2.0197E+00    9.2123E+00    9.6100E-04
8.4324E+00  3.6192E-01 2.3511E+02    1.1780E-04    1.1215E-09    3.8023E-01   -2.2551E+00    1.0791E+01    9.6100E-04
7.9602E+00  3.8636E-01 2.3929E+02    1.8636E-04    9.4913E-10    4.4917E-01   -2.3995E+00    1.2514E+01    9.6100E-04
7.4891E+00  4.1194E-01 2.4333E+02    2.8604E-04    8.1387E-10    5.2415E-01   -2.4780E+00    1.4364E+01    9.6100E-04
7.0197E+00  4.3865E-01 2.4721E+02    4.2578E-04    7.0789E-10    5.9895E-01   -2.4764E+00    1.6322E+01    9.6100E-04
6.5526E+00  4.6652E-01 2.5091E+02    6.1476E-04    6.2340E-10    6.5855E-01   -2.4306E+00    1.8361E+01    9.6100E-04
6.0886E+00  4.9552E-01 2.5441E+02    8.6183E-04    5.5466E-10    6.9858E-01   -2.3703E+00    2.0458E+01    9.6100E-04
5.6282E+00  5.2567E-01 2.5770E+02    1.1749E-03    4.9637E-10    7.2688E-01   -2.3127E+00    2.2588E+01    9.6100E-04
5.1720E+00  5.5694E-01 2.6080E+02    1.5608E-03    4.4536E-10    7.4932E-01   -2.2298E+00    2.4735E+01    9.6100E-04
4.7206E+00  5.8933E-01 2.6371E+02    2.0252E-03    3.9892E-10    7.6451E-01   -2.1370E+00    2.6881E+01    9.6100E-04
4.2744E+00  6.2283E-01 2.6643E+02    2.5723E-03    3.5614E-10    7.6990E-01   -2.0391E+00    2.9017E+01    9.6100E-04
3.8341E+00  6.5739E-01 2.6900E+02    3.2058E-03    3.1610E-10    7.6678E-01   -1.9011E+00    3.1134E+01    9.6100E-04
3.4000E+00  6.9300E-01 2.7140E+02    3.9281E-03    2.7892E-10    7.5897E-01   -1.7216E+00    3.3228E+01    9.6100E-04
2.9726E+00  7.2962E-01 2.7374E+02    4.7792E-03    2.4516E-10    7.5159E-01   -1.5705E+00    3.5359E+01    9.6100E-04
2.5519E+00  7.6720E-01 2.7613E+02    5.7123E-03    2.1484E-10    7.3692E-01   -1.4575E+00    3.7639E+01    9.6100E-04
2.1381E+00  8.0571E-01 2.7841E+02    6.6401E-03    1.8757E-10    7.1177E-01   -1.3770E+00    3.9915E+01    9.6100E-04
1.7318E+00  8.4508E-01 2.8059E+02    7.7958E-03    1.6287E-10    6.9699E-01   -1.3938E+00    4.2182E+01    9.6100E-04
1.3330E+00  8.8525E-01 2.8266E+02    8.8959E-03    1.4028E-10    6.7721E-01   -1.4556E+00    4.4427E+01    9.6100E-04
9.4215E-01  9.2617E-01 2.8464E+02    1.0224E-02    1.2067E-10    6.7345E-01   -1.6127E+00    4.6669E+01    9.6100E-04
5.5949E-01  9.6776E-01 2.8653E+02    1.1572E-02    1.0421E-10    6.7753E-01   -1.8570E+00    4.8876E+01    9.6100E-04
1.8527E-01  1.0099E+00 2.8833E+02    1.2903E-02    9.0457E-11    6.9309E-01   -2.0836E+00    5.1062E+01    9.6100E-04
0.0000E+00  1.0314E+00 2.8924E+02    1.3766E-02    9.2700E-11    8.0159E+00   -3.1265E+00    5.2195E+01    9.6100E-04
