     ALT          P          T          FH2O           O3           THEAT        TCOOL        PSATCO2        FCO2
6.2566E+01  3.2610E-05 1.7302E+02    8.2739E-11    3.5336E-09    4.2108E+01   -3.8538E+01    1.3832E-01    7.3723E-04
6.1672E+01  3.8508E-05 1.7454E+02    1.2073E-10    4.1122E-09    3.3884E+00   -9.3216E+00    1.6192E-01    7.4796E-04
6.0772E+01  4.5415E-05 1.7775E+02    1.7816E-10    4.4521E-09    2.9290E+00   -2.2703E+00    2.2376E-01    7.5876E-04
5.9862E+01  5.3493E-05 1.8144E+02    2.6565E-10    4.6023E-09    2.5785E+00   -1.5487E+00    3.2016E-01    7.6969E-04
5.8941E+01  6.2929E-05 1.8487E+02    3.9913E-10    4.6200E-09    2.2783E+00   -1.8113E+00    4.4057E-01    7.8074E-04
5.8012E+01  7.3936E-05 1.8762E+02    6.0513E-10    4.5493E-09    2.0181E+00   -1.6231E+00    5.6424E-01    7.9269E-04
5.7080E+01  8.6759E-05 1.8950E+02    9.2006E-10    4.3719E-09    1.7867E+00   -1.5024E+00    6.6545E-01    8.0407E-04
5.6148E+01  1.0168E-04 1.9049E+02    1.3992E-09    4.0871E-09    1.5838E+00   -1.3877E+00    7.2496E-01    8.1524E-04
5.5220E+01  1.1901E-04 1.9069E+02    2.1201E-09    3.6894E-09    1.4281E+00   -1.3131E+00    7.3766E-01    8.2636E-04
5.4301E+01  1.3912E-04 1.9028E+02    3.1884E-09    3.1733E-09    1.3040E+00   -1.2651E+00    7.1197E-01    8.3738E-04
5.3393E+01  1.6243E-04 1.8946E+02    4.7573E-09    2.5618E-09    1.2120E+00   -1.2454E+00    6.6331E-01    8.4827E-04
5.2496E+01  1.8940E-04 1.8844E+02    7.0118E-09    1.8956E-09    1.1507E+00   -1.2393E+00    6.0682E-01    8.5902E-04
5.1612E+01  2.2058E-04 1.8740E+02    1.0150E-08    1.2769E-09    1.1162E+00   -1.2441E+00    5.5331E-01    8.6863E-04
5.0741E+01  2.5656E-04 1.8645E+02    1.4455E-08    7.8665E-10    1.1051E+00   -1.2575E+00    5.0861E-01    8.7875E-04
4.9880E+01  2.9803E-04 1.8569E+02    1.9965E-08    4.7785E-10    1.1095E+00   -1.2769E+00    4.7474E-01    8.8745E-04
4.9031E+01  3.4577E-04 1.8514E+02    2.6871E-08    3.2476E-10    1.1244E+00   -1.3024E+00    4.5148E-01    8.9690E-04
4.8190E+01  4.0066E-04 1.8479E+02    3.5319E-08    2.4795E-10    1.1414E+00   -1.3291E+00    4.3752E-01    9.0534E-04
4.7358E+01  4.6367E-04 1.8463E+02    4.5762E-08    1.9507E-10    1.1546E+00   -1.3527E+00    4.3114E-01    9.1271E-04
4.6534E+01  5.3591E-04 1.8462E+02    5.8477E-08    1.5348E-10    1.1610E+00   -1.3704E+00    4.3052E-01    9.2021E-04
4.5718E+01  6.1863E-04 1.8470E+02    7.3736E-08    1.2109E-10    1.1571E+00   -1.3778E+00    4.3393E-01    9.2634E-04
4.4908E+01  7.1322E-04 1.8485E+02    9.2177E-08    9.6448E-11    1.1445E+00   -1.3769E+00    4.3976E-01    9.3224E-04
4.4105E+01  8.2123E-04 1.8502E+02    1.1364E-07    7.7931E-11    1.1259E+00   -1.3709E+00    4.4668E-01    9.3711E-04
4.3308E+01  9.4441E-04 1.8519E+02    1.3806E-07    6.4042E-11    1.1076E+00   -1.3675E+00    4.5363E-01    9.4193E-04
4.2518E+01  1.0847E-03 1.8534E+02    1.6711E-07    5.3546E-11    1.0977E+00   -1.3727E+00    4.5996E-01    9.4581E-04
4.1735E+01  1.2443E-03 1.8547E+02    2.0090E-07    4.5599E-11    1.0964E+00   -1.3882E+00    4.6529E-01    9.4898E-04
4.0959E+01  1.4255E-03 1.8557E+02    2.3946E-07    3.9741E-11    1.1011E+00   -1.4090E+00    4.6948E-01    9.5206E-04
4.0190E+01  1.6310E-03 1.8563E+02    2.8297E-07    3.5901E-11    1.1081E+00   -1.4261E+00    4.7236E-01    9.5361E-04
3.9428E+01  1.8639E-03 1.8566E+02    3.3196E-07    3.3592E-11    1.1149E+00   -1.4362E+00    4.7365E-01    9.5615E-04
3.8673E+01  2.1273E-03 1.8565E+02    3.8505E-07    3.2864E-11    1.1155E+00   -1.4357E+00    4.7292E-01    9.5700E-04
3.7926E+01  2.4249E-03 1.8557E+02    4.4231E-07    3.3269E-11    1.1094E+00   -1.4297E+00    4.6978E-01    9.5819E-04
3.7187E+01  2.7606E-03 1.8544E+02    5.0207E-07    3.5021E-11    1.0958E+00   -1.4206E+00    4.6414E-01    9.5900E-04
3.6456E+01  3.1389E-03 1.8525E+02    5.6259E-07    3.7787E-11    1.0746E+00   -1.4088E+00    4.5627E-01    9.5917E-04
3.5733E+01  3.5645E-03 1.8502E+02    6.2250E-07    4.1602E-11    1.0463E+00   -1.3931E+00    4.4687E-01    9.6000E-04
3.5018E+01  4.0427E-03 1.8478E+02    6.8202E-07    4.6284E-11    1.0082E+00   -1.3682E+00    4.3690E-01    9.6000E-04
3.4311E+01  4.5792E-03 1.8454E+02    7.3860E-07    5.1896E-11    9.5900E-01   -1.3311E+00    4.2746E-01    9.6000E-04
3.3613E+01  5.1804E-03 1.8434E+02    7.9215E-07    5.8240E-11    8.9851E-01   -1.2821E+00    4.1963E-01    9.6092E-04
3.2922E+01  5.8532E-03 1.8420E+02    8.4187E-07    6.5464E-11    8.2740E-01   -1.2223E+00    4.1440E-01    9.6100E-04
3.2239E+01  6.6051E-03 1.8415E+02    8.8755E-07    7.3638E-11    7.5127E-01   -1.1566E+00    4.1260E-01    9.6100E-04
3.1563E+01  7.4441E-03 1.8421E+02    9.2916E-07    8.2763E-11    6.7730E-01   -1.0904E+00    4.1482E-01    9.6100E-04
3.0895E+01  8.3791E-03 1.8438E+02    9.6620E-07    9.3170E-11    6.1236E-01   -1.0283E+00    4.2133E-01    9.6100E-04
3.0232E+01  9.4196E-03 1.8465E+02    1.0034E-06    1.0489E-10    5.6117E-01   -9.7390E-01    4.3196E-01    9.6100E-04
2.9576E+01  1.0576E-02 1.8500E+02    1.0321E-06    1.1812E-10    5.2413E-01   -9.1835E-01    4.4601E-01    9.6100E-04
2.8926E+01  1.1860E-02 1.8540E+02    1.0584E-06    1.3335E-10    4.9898E-01   -8.7515E-01    4.6236E-01    9.6100E-04
2.8282E+01  1.3282E-02 1.8580E+02    1.0773E-06    1.5107E-10    4.8146E-01   -8.4127E-01    4.7968E-01    9.6100E-04
2.7643E+01  1.4856E-02 1.8619E+02    1.1002E-06    1.7137E-10    4.6620E-01   -8.1274E-01    4.9674E-01    9.6100E-04
2.7011E+01  1.6596E-02 1.8654E+02    1.1130E-06    1.9482E-10    4.4858E-01   -7.8492E-01    5.1265E-01    9.6100E-04
2.6385E+01  1.8517E-02 1.8685E+02    1.1200E-06    2.2178E-10    4.2608E-01   -7.5601E-01    5.2703E-01    9.6100E-04
2.5765E+01  2.0633E-02 1.8713E+02    1.1282E-06    2.5317E-10    3.9800E-01   -7.2598E-01    5.4014E-01    9.6100E-04
2.5152E+01  2.2963E-02 1.8739E+02    1.1300E-06    2.8790E-10    3.6489E-01   -6.9447E-01    5.5285E-01    9.6100E-04
2.4545E+01  2.5523E-02 1.8766E+02    1.1300E-06    3.2776E-10    3.2845E-01   -6.6147E-01    5.6645E-01    9.6100E-04
2.3944E+01  2.8333E-02 1.8797E+02    1.1300E-06    3.7211E-10    2.9095E-01   -6.2628E-01    5.8238E-01    9.6100E-04
2.3350E+01  3.1413E-02 1.8835E+02    1.1230E-06    4.2178E-10    2.5479E-01   -5.8788E-01    6.0192E-01    9.6100E-04
2.2762E+01  3.4784E-02 1.8879E+02    1.1200E-06    4.7754E-10    2.2221E-01   -5.4703E-01    6.2596E-01    9.6100E-04
2.2180E+01  3.8468E-02 1.8931E+02    1.0993E-06    5.3870E-10    1.9446E-01   -5.0405E-01    6.5484E-01    9.6100E-04
2.1604E+01  4.2488E-02 1.8989E+02    1.0877E-06    6.0697E-10    1.7242E-01   -4.6272E-01    6.8832E-01    9.6100E-04
2.1033E+01  4.6870E-02 1.9050E+02    1.0800E-06    6.8121E-10    1.5585E-01   -4.2509E-01    7.2579E-01    9.6100E-04
2.0468E+01  5.1638E-02 1.9114E+02    1.0748E-06    7.6374E-10    1.4387E-01   -3.9268E-01    7.6644E-01    9.6100E-04
1.9908E+01  5.6819E-02 1.9178E+02    1.0700E-06    8.6321E-10    1.3544E-01   -3.6595E-01    8.0962E-01    9.6100E-04
1.9354E+01  6.2442E-02 1.9243E+02    1.0623E-06    9.9014E-10    1.2950E-01   -3.4443E-01    8.5510E-01    9.6100E-04
1.8806E+01  6.8535E-02 1.9308E+02    1.0600E-06    1.1323E-09    1.2531E-01   -3.2752E-01    9.0326E-01    9.6100E-04
1.8263E+01  7.5127E-02 1.9375E+02    1.0504E-06    1.3037E-09    1.2238E-01   -3.1309E-01    9.5509E-01    9.6100E-04
1.7726E+01  8.2250E-02 1.9445E+02    1.0604E-06    1.4777E-09    1.2047E-01   -3.0135E-01    1.0121E+00    9.6100E-04
1.7194E+01  8.9934E-02 1.9519E+02    1.0711E-06    1.6821E-09    1.1941E-01   -2.8958E-01    1.0756E+00    9.6100E-04
1.6669E+01  9.8213E-02 1.9598E+02    1.0833E-06    1.9081E-09    1.1871E-01   -2.7349E-01    1.1468E+00    9.6100E-04
1.6148E+01  1.0712E-01 1.9679E+02    8.9052E-07    2.1683E-09    1.1553E-01   -1.9593E-01    1.2244E+00    9.6100E-04
1.5633E+01  1.1668E-01 1.9760E+02    7.8400E-07    2.4744E-09    1.1319E-01   -1.7022E-01    1.3070E+00    9.6100E-04
1.5124E+01  1.2694E-01 1.9858E+02    8.7304E-07    2.8254E-09    1.1275E-01   -1.6003E-01    1.4127E+00    9.6100E-04
1.4620E+01  1.3793E-01 1.9939E+02    1.0034E-06    3.2673E-09    1.1297E-01   -1.4056E-01    1.5052E+00    9.6100E-04
1.4121E+01  1.4968E-01 2.0019E+02    1.1488E-06    3.7765E-09    1.1339E-01   -1.2377E-01    1.6020E+00    9.6100E-04
1.3629E+01  1.6223E-01 2.0101E+02    1.3160E-06    4.3346E-09    1.1399E-01   -1.0881E-01    1.7067E+00    9.6100E-04
1.3142E+01  1.7560E-01 2.0190E+02    1.5204E-06    4.8194E-09    1.1424E-01   -9.1377E-02    1.8271E+00    9.6100E-04
1.2661E+01  1.8984E-01 2.0285E+02    1.7685E-06    5.0446E-09    1.1341E-01   -8.2492E-02    1.9639E+00    9.6100E-04
1.2185E+01  2.0498E-01 2.0417E+02    2.1675E-06    4.8996E-09    1.1189E-01   -6.4688E-02    2.1687E+00    9.6100E-04
1.1713E+01  2.2104E-01 2.0555E+02    2.6718E-06    4.3635E-09    1.0973E-01   -6.5304E-02    2.4027E+00    9.6100E-04
1.1245E+01  2.3806E-01 2.0827E+02    3.9699E-06    3.5861E-09    1.1291E-01   -2.3421E-01    2.9273E+00    9.6100E-04
1.0777E+01  2.5607E-01 2.1274E+02    7.4085E-06    2.9295E-09    1.2972E-01   -5.7113E-01    4.0039E+00    9.6100E-04
1.0308E+01  2.7510E-01 2.1720E+02    1.3470E-05    2.4133E-09    1.5766E-01   -9.3205E-01    5.3263E+00    9.6100E-04
9.8372E+00  2.9517E-01 2.2166E+02    2.3860E-05    1.9961E-09    1.9636E-01   -1.3004E+00    6.4250E+00    9.6100E-04
9.3656E+00  3.1630E-01 2.2608E+02    4.1159E-05    1.6445E-09    2.4614E-01   -1.6576E+00    7.6772E+00    9.6100E-04
8.8936E+00  3.3851E-01 2.3045E+02    6.9095E-05    1.3632E-09    3.0652E-01   -1.9810E+00    9.0861E+00    9.6100E-04
8.4217E+00  3.6183E-01 2.3474E+02    1.1278E-04    1.1397E-09    3.7266E-01   -2.2251E+00    1.0649E+01    9.6100E-04
7.9502E+00  3.8627E-01 2.3893E+02    1.7879E-04    9.6565E-10    4.4129E-01   -2.3760E+00    1.2358E+01    9.6100E-04
7.4799E+00  4.1184E-01 2.4298E+02    2.7505E-04    8.2791E-10    5.1579E-01   -2.4613E+00    1.4196E+01    9.6100E-04
7.0113E+00  4.3855E-01 2.4687E+02    4.1041E-04    7.1854E-10    5.9108E-01   -2.4662E+00    1.6142E+01    9.6100E-04
6.5450E+00  4.6640E-01 2.5058E+02    5.9406E-04    6.3176E-10    6.5226E-01   -2.4245E+00    1.8173E+01    9.6100E-04
6.0817E+00  4.9540E-01 2.5409E+02    8.3487E-04    5.6093E-10    6.9372E-01   -2.3641E+00    2.0263E+01    9.6100E-04
5.6219E+00  5.2554E-01 2.5740E+02    1.1409E-03    5.0129E-10    7.2279E-01   -2.3087E+00    2.2389E+01    9.6100E-04
5.1663E+00  5.5681E-01 2.6052E+02    1.5191E-03    4.4952E-10    7.4580E-01   -2.2288E+00    2.4533E+01    9.6100E-04
4.7155E+00  5.8919E-01 2.6344E+02    1.9751E-03    4.0229E-10    7.6184E-01   -2.1369E+00    2.6679E+01    9.6100E-04
4.2699E+00  6.2267E-01 2.6618E+02    2.5136E-03    3.5874E-10    7.6820E-01   -2.0415E+00    2.8815E+01    9.6100E-04
3.8301E+00  6.5723E-01 2.6876E+02    3.1381E-03    3.1873E-10    7.6586E-01   -1.9094E+00    3.0933E+01    9.6100E-04
3.3965E+00  6.9283E-01 2.7118E+02    3.8512E-03    2.8088E-10    7.5845E-01   -1.7299E+00    3.3027E+01    9.6100E-04
2.9695E+00  7.2944E-01 2.7351E+02    4.6822E-03    2.4632E-10    7.5056E-01   -1.5741E+00    3.5136E+01    9.6100E-04
2.5493E+00  7.6701E-01 2.7591E+02    5.6196E-03    2.1565E-10    7.3790E-01   -1.4635E+00    3.7416E+01    9.6100E-04
2.1360E+00  8.0551E-01 2.7819E+02    6.5176E-03    1.8843E-10    7.1154E-01   -1.3740E+00    3.9686E+01    9.6100E-04
1.7301E+00  8.4487E-01 2.8037E+02    7.6789E-03    1.6376E-10    6.9840E-01   -1.3906E+00    4.1953E+01    9.6100E-04
1.3317E+00  8.8503E-01 2.8245E+02    8.7835E-03    1.4121E-10    6.7920E-01   -1.4496E+00    4.4197E+01    9.6100E-04
9.4125E-01  9.2594E-01 2.8444E+02    1.0080E-02    1.2096E-10    6.7387E-01   -1.5994E+00    4.6438E+01    9.6100E-04
5.5896E-01  9.6751E-01 2.8633E+02    1.1434E-02    1.0440E-10    6.7815E-01   -1.8446E+00    4.8645E+01    9.6100E-04
1.8510E-01  1.0097E+00 2.8814E+02    1.2726E-02    9.1002E-11    6.9224E-01   -2.0660E+00    5.0826E+01    9.6100E-04
0.0000E+00  1.0311E+00 2.8905E+02    1.3591E-02    9.3200E-11    8.0237E+00   -3.1474E+00    5.1958E+01    9.6100E-04
