   173.036566349990        0.548361766480289E-10
   174.125761382499        0.810324694279039E-10
   177.027661852437        0.120984621887252E-09
   180.535228999486        0.182037849926264E-09
   183.831479250033        0.277713889364099E-09
   186.484126583014        0.426078904910954E-09
   188.288508154819        0.656516435164111E-09
   189.202973052927        0.100984027483701E-08
   189.304410250791        0.155779470770477E-08
   188.748614266342        0.237551251379407E-08
   187.732218386622        0.358087512930255E-08
   186.457126051348        0.532587396986011E-08
   185.102842535638        0.774937951420540E-08
   183.808950190774        0.109829810343620E-07
   182.669028121645        0.150034575137831E-07
   181.732799084185        0.196622364349428E-07
   181.013633880203        0.249073309019929E-07
   180.498312527506        0.306600568617248E-07
   180.156852524227        0.368870346689984E-07
   179.951317385739        0.431254968879313E-07
   179.843124084224        0.488853452358699E-07
   179.798514272698        0.537625127396877E-07
   179.791648663065        0.577289117152425E-07
   179.804133500799        0.606545621489897E-07
   179.822795422485        0.629377086186111E-07
   179.836053258540        0.651496662058219E-07
   179.829318496135        0.677578523392224E-07
   179.782290550510        0.713492275687769E-07
   179.670313861131        0.761854397004759E-07
   179.469433695502        0.823615050881674E-07
   179.162898337127        0.896688326325872E-07
   178.746576516874        0.981591552850013E-07
   178.231606360605        0.107555195665992E-06
   177.643949015731        0.116248340195679E-06
   177.021820481882        0.125727369404015E-06
   176.411667167120        0.135126189845713E-06
   175.863032081621        0.144355741953290E-06
   175.422468521867        0.152169180352399E-06
   175.127132853135        0.159906352625264E-06
   174.998995152627        0.166642062206201E-06
   175.040990178777        0.172936882386640E-06
   175.234735344137        0.178736773926830E-06
   175.547702045601        0.183680114185593E-06
   175.941716071525        0.187687848230933E-06
   176.379784318359        0.191219100108098E-06
   176.831811495449        0.193623054367992E-06
   177.278692072121        0.195503717038302E-06
   177.714322426914        0.196000000000000E-06
   178.145269484726        0.196000000000000E-06
   178.588023184436        0.195973664179201E-06
   179.064207576007        0.194000000000000E-06
   179.595082444699        0.194591543005853E-06
   180.196692455725        0.198098071995009E-06
   180.876983047674        0.204738493494779E-06
   181.635548032240        0.213753471773855E-06
   182.465846231291        0.226552961113096E-06
   183.358909415979        0.242345260070487E-06
   184.307225495014        0.261246335833687E-06
   185.307680223446        0.284424696211540E-06
   186.362598449606        0.313078575358816E-06
   187.478475690070        0.347318760860120E-06
   188.662552804022        0.389964064033253E-06
   189.917654633615        0.441143159453290E-06
   191.235712197002        0.502835747786586E-06
   192.585326882947        0.440498230857459E-06
   193.940875578031        0.436128276842144E-06
   195.716213264191        0.561528016166771E-06
   197.096257549650        0.708901099390682E-06
   198.501461343435        0.894313702933352E-06
   199.722640839119        0.109188190757475E-05
   201.189442950197        0.137886103355985E-05
   202.387276235358        0.166545318483695E-05
   204.198410583926        0.219536151686475E-05
   205.602973039280        0.271334423304055E-05
   208.827674675296        0.432623485023467E-05
   213.305558507463        0.805629859860971E-05
   217.782580968653        0.146168044731226E-04
   222.244398147792        0.258336633415146E-04
   226.672863919957        0.444557773390432E-04
   231.045650562028        0.744291207007594E-04
   235.336504008436        0.121115348201419E-03
   239.516492093412        0.191355955035585E-03
   243.556405645655        0.293289709917215E-03
   247.430019615543        0.435902156372503E-03
   251.117259299314        0.628399198895276E-03
   254.606047397650        0.879567102335121E-03
   257.892563909012        0.119728408927373E-02
   260.980119241642        0.158826249629845E-02
   263.877257973037        0.205800076019878E-02
   266.595736807100        0.261086715774907E-02
   269.148797924980        0.325023205159856E-02
   271.549901375105        0.397858973076390E-02
   273.908431784327        0.484561711852902E-02
   276.290372652641        0.577590505329583E-02
   278.566264058814        0.672375194362615E-02
   280.734380166941        0.787581030530589E-02
   282.798123988666        0.897283389189720E-02
   284.779390326615        0.103225781750103E-01
   286.661521500805        0.116658174739932E-01
   288.463516632087        0.130248567475970E-01
   289.372589906864        0.138851070046392E-01
