   173.065766350038        0.568121183039852E-10
   174.179442876758        0.838502442560505E-10
   177.108562471361        0.124982582074575E-09
   180.647597327498        0.188234339390501E-09
   183.979814264267        0.285962252598528E-09
   186.662057191684        0.438311273919572E-09
   188.489338828324        0.673759538698186E-09
   189.420553685194        0.103539532889272E-08
   189.534286352856        0.159065401218923E-08
   188.990704806054        0.242452644834088E-08
   187.989573103611        0.364793036257219E-08
   186.733511985066        0.540845108989916E-08
   185.400994808555        0.787055543711817E-08
   184.130198103331        0.111790410180457E-07
   183.013423718663        0.152091833205659E-07
   182.099688814143        0.199351532705399E-07
   181.402025822466        0.252872605145636E-07
   180.907032326637        0.312097919934761E-07
   180.584588447864        0.375543894290407E-07
   180.396628872256        0.441558536239119E-07
   180.304430429822        0.503549166058032E-07
   180.274102231999        0.559827838428384E-07
   180.279720196519        0.609037806242877E-07
   180.302912948268        0.651260754862737E-07
   180.330673655867        0.689403998178456E-07
   180.351745140827        0.729190542189657E-07
   180.352038297044        0.776336156558304E-07
   180.311951401299        0.835922478916705E-07
   180.207764056395        0.910507032677313E-07
   180.016710737268        0.100045246961458E-06
   179.723438681157        0.110078465158171E-06
   179.325356009157        0.122078354960658E-06
   178.835003333139        0.133637205909482E-06
   178.279504599551        0.146120116511296E-06
   177.697720707254        0.158577798917093E-06
   177.135971865438        0.171028619036632E-06
   176.642770720264        0.182521777077518E-06
   176.262808595436        0.193194417586567E-06
   176.030683128636        0.203111512419874E-06
   175.965385631770        0.212092997900262E-06
   176.066805431145        0.219996436126561E-06
   176.313850483095        0.227518224748793E-06
   176.671795768100        0.233991526530946E-06
   177.101025553519        0.238927182850530E-06
   177.564073806230        0.243822806743238E-06
   178.031338046307        0.247334610407659E-06
   178.484990318303        0.249735660988491E-06
   178.920731646755        0.251558042249909E-06
   179.347109979748        0.252000000000000E-06
   179.782402122087        0.251095701767669E-06
   180.249566304118        0.249939943790918E-06
   180.770487654130        0.249408038695638E-06
   181.361062080000        0.252347409583262E-06
   182.028448690113        0.258666632559897E-06
   182.771116255159        0.269277281786862E-06
   183.581340230821        0.283436112740680E-06
   184.449147360421        0.300303850105660E-06
   185.366438490021        0.321096724795076E-06
   186.329973563359        0.346375662610706E-06
   187.342383603322        0.376040774536452E-06
   188.410840286670        0.412367381621020E-06
   189.543525105995        0.457152901670238E-06
   190.744362128384        0.510620123629907E-06
   192.006458252834        0.575197520169294E-06
   193.299611051873        0.498284117837353E-06
   194.598657992171        0.485341732054623E-06
   196.279028730046        0.613438919142900E-06
   197.595093941092        0.765785582036178E-06
   198.907925901387        0.951355871666114E-06
   200.078898515850        0.115181309548763E-05
   201.456314695616        0.143398609977167E-05
   202.630917307692        0.172531536700522E-05
   204.320707168063        0.223280521178770E-05
   205.783864423445        0.278261631453386E-05
   208.765732815209        0.428461310186344E-05
   213.242099338669        0.798046400033399E-05
   217.717640295461        0.144822213817945E-04
   222.178095715488        0.256012958052595E-04
   226.605449839861        0.440662465542621E-04
   230.977540771592        0.737968406445352E-04
   235.268271038243        0.120124387414255E-03
   239.448785907629        0.189859259733698E-03
   243.489842364542        0.291112412484602E-03
   247.365177552529        0.432852139905591E-03
   251.054611826800        0.624280248414345E-03
   254.545919202187        0.874191425197968E-03
   257.835119930788        0.119048101422854E-02
   260.925382158140        0.157988225435036E-02
   263.825142040894        0.204791427443659E-02
   266.546085390247        0.259896366113127E-02
   269.101416336378        0.323641618575527E-02
   271.504582013770        0.396277929073329E-02
   273.864889955249        0.482781258163342E-02
   276.248310096010        0.575869784375699E-02
   278.524685719219        0.670097851195435E-02
   280.694121625943        0.785385350025860E-02
   282.758805956680        0.895156330635040E-02
   284.741248694380        0.102952393472010E-01
   286.624349669412        0.116394855342676E-01
   288.426818502742        0.129907115078538E-01
   289.336355746178        0.138516294048995E-01
