   173.022636566979        0.827386489212940E-10
   174.541381635301        0.120731125981840E-09
   177.747006230525        0.178159301640991E-09
   181.440948061736        0.265653109856079E-09
   184.867779744909        0.399131961920895E-09
   187.616084634182        0.605129647506430E-09
   189.495628806238        0.920055429471508E-09
   190.486734662723        0.139919019258987E-08
   190.689004758875        0.212008791008198E-08
   190.276671793368        0.318844277923340E-08
   189.458507310576        0.475726953390639E-08
   188.440145320658        0.701182777037661E-08
   187.395813956153        0.101501249181754E-07
   186.452961342081        0.144550831173174E-07
   185.688823837167        0.199646703254225E-07
   185.135845133982        0.268710581876931E-07
   184.791835013565        0.353192380439025E-07
   184.631295542593        0.457620845095706E-07
   184.615694791772        0.584771970704886E-07
   184.701735657297        0.737358700486173E-07
   184.847772082118        0.921774227709199E-07
   185.018532223013        0.113642967688046E-06
   185.188119456070        0.138060211986980E-06
   185.340315501508        0.167113967358591E-06
   185.467218247775        0.200899590958615E-06
   185.565905016043        0.239458817291947E-06
   185.633448865081        0.282967106281895E-06
   185.663467941554        0.331963869873841E-06
   185.646338352878        0.385046542906570E-06
   185.572985560580        0.442314091801021E-06
   185.439747026906        0.502065144593962E-06
   185.251692936280        0.562586566688074E-06
   185.023244860620        0.622496374777655E-06
   184.776427589848        0.682019020641601E-06
   184.537980344206        0.738597662364530E-06
   184.336583618638        0.792146989431760E-06
   184.200170820058        0.841874125877484E-06
   184.152844015147        0.887553147617100E-06
   184.211170341896        0.929160239388305E-06
   184.380440660570        0.966196810443267E-06
   184.652104884447        0.100344215620508E-05
   185.002246946179        0.103210480069046E-05
   185.397448939288        0.105842439147955E-05
   185.803134859058        0.107727693133980E-05
   186.190479740000        0.110021213566858E-05
   186.541163210350        0.111300399062878E-05
   186.849960549601        0.112000000000000E-05
   187.125156714922        0.112821537928763E-05
   187.386391334153        0.113000000000000E-05
   187.660139216413        0.113000000000000E-05
   187.973549892946        0.113000000000000E-05
   188.347990688063        0.112295552226158E-05
   188.794281233307        0.112000000000000E-05
   189.310807986031        0.109932733988493E-05
   189.885420603728        0.108768620831232E-05
   190.500028296816        0.108000000000000E-05
   191.136246691386        0.107476527026285E-05
   191.780500899929        0.107000000000000E-05
   192.427322929272        0.106232434601094E-05
   193.080232477339        0.106000000000000E-05
   193.749854938379        0.105036804711026E-05
   194.450103387747        0.106042841417353E-05
   195.192396306930        0.107110579682549E-05
   195.978639746264        0.108331776230136E-05
   196.789151837717        0.890515765750302E-06
   197.604523423565        0.784001759593850E-06
   198.584272129669        0.873035832371188E-06
   199.391123109085        0.100336059420926E-05
   200.190497671345        0.114882972744132E-05
   201.008403398063        0.131597331752473E-05
   201.897912207421        0.152037107886199E-05
   202.848317051127        0.176854668849851E-05
   204.168507727377        0.216752472993652E-05
   205.551251685020        0.267178352427680E-05
   208.271240383042        0.396987204001063E-05
   212.737735608723        0.740845820536901E-05
   217.204116329000        0.134702700422157E-04
   221.656727496978        0.238603896563390E-04
   226.078434812862        0.411590164894193E-04
   230.448158691022        0.690953082180945E-04
   234.740768665171        0.112779462195198E-03
   238.927772348162        0.178792971545970E-03
   242.980016994969        0.275052677380076E-03
   246.870928669389        0.410411145672823E-03
   250.579524259583        0.594056832326526E-03
   254.092456287190        0.834870467288556E-03
   257.404547756256        0.114090559778259E-02
   260.517903427625        0.151908921547977E-02
   263.440146731575        0.197513840091550E-02
   266.182423254658        0.251362238589220E-02
   268.757630797645        0.313808578958431E-02
   271.179085374713        0.385117045679044E-02
   273.505294787122        0.468216340674628E-02
   275.905319804037        0.561960261937435E-02
   278.187968472327        0.651761827512048E-02
   280.371857648749        0.767889706669304E-02
   282.447306871443        0.878354989297279E-02
   284.440995265785        0.100802236075317E-01
   286.333830643730        0.114335197080419E-01
   288.140494345229        0.127259204547779E-01
   289.054848891750        0.135907232444036E-01
