   173.018971607643        0.578853718640646E-10
   174.159960106849        0.852843112203647E-10
   177.123357597944        0.127340452657452E-09
   180.711667233902        0.190696460356449E-09
   184.079410522917        0.289991936817754E-09
   186.785274528362        0.444115872482009E-09
   188.625382495913        0.683073154513194E-09
   189.563360869777        0.105039673558201E-08
   189.684414529064        0.160961583261454E-08
   189.149988079571        0.244704336226273E-08
   188.159683644008        0.368082417564156E-08
   186.915819191045        0.546061565808421E-08
   185.596629191809        0.793154148357810E-08
   184.340228250703        0.112148741552351E-07
   183.238670113992        0.152888293136247E-07
   182.340382641214        0.200593151588826E-07
   181.657829209205        0.255670190668624E-07
   181.177171696592        0.315649762433078E-07
   180.868020596106        0.381579629778973E-07
   180.692155393285        0.449569044419005E-07
   180.610770037111        0.515781189916569E-07
   180.589926527978        0.577997811379566E-07
   180.603667653286        0.633203113218941E-07
   180.633663629339        0.684867872186301E-07
   180.667067453284        0.735180385669778E-07
   180.692892720890        0.787811381919664E-07
   180.697432145049        0.850498988923883E-07
   180.661580605848        0.926543894325928E-07
   180.562253645905        0.101855992808218E-06
   180.377510854054        0.112901358804976E-06
   180.093029025072        0.125776845421391E-06
   179.707234418245        0.139470441934191E-06
   179.233567390852        0.153515084160628E-06
   178.699766532161        0.168017406966278E-06
   178.144881548618        0.183149203750603E-06
   177.614784642604        0.196612615776236E-06
   177.156982877773        0.209963627838874E-06
   176.814753800627        0.223167791937269E-06
   176.620908006183        0.234538052230500E-06
   176.592447466646        0.244835785859006E-06
   176.727332628154        0.254167383134108E-06
   177.002869799431        0.262857623177540E-06
   177.383227316783        0.270352054430685E-06
   177.828277992930        0.276529069690437E-06
   178.300648341051        0.281446323934742E-06
   178.771404175882        0.286159618190895E-06
   179.223764740635        0.288571954422490E-06
   179.654684510774        0.290481632658894E-06
   180.074005866426        0.291000000000000E-06
   180.501146817538        0.291000000000000E-06
   180.959837755502        0.289001069244952E-06
   181.472260278371        0.288149021417721E-06
   182.054131746036        0.290431763798893E-06
   182.712072803133        0.297305427900634E-06
   183.443778824067        0.307831486802546E-06
   184.240704806484        0.322562156339487E-06
   185.092197553806        0.340522660354869E-06
   185.989715545702        0.362355199687961E-06
   186.929847309694        0.387785996601537E-06
   187.915329488832        0.418423669461115E-06
   188.953717886650        0.455693174938574E-06
   190.053749085063        0.500599204528220E-06
   191.220007981732        0.554895048790488E-06
   192.446313137810        0.618685374476883E-06
   193.703270736610        0.533319825510736E-06
   194.966078759532        0.515052100502998E-06
   196.587413008503        0.643545830522769E-06
   197.861584187892        0.797636871974145E-06
   199.120421047570        0.982194423516159E-06
   200.260225042528        0.118309786440194E-05
   201.589786972996        0.146185369264352E-05
   202.742245246207        0.175271384607537E-05
   204.379633168460        0.225036621006772E-05
   205.858802777102        0.281078201817282E-05
   208.722116443528        0.425526319065361E-05
   213.197732291660        0.792733526867725E-05
   217.672566603820        0.143885622334554E-04
   222.132412982451        0.254406778424983E-04
   226.559335255395        0.437987876466320E-04
   230.931270035951        0.733654610188508E-04
   235.222210641397        0.119452233212536E-03
   239.403344284744        0.188849385229568E-03
   243.445401423463        0.289650215909659E-03
   247.322083506578        0.430812162583175E-03
   251.013132705635        0.621534409788354E-03
   254.506218544061        0.870616470989182E-03
   257.797252110185        0.118596311457906E-02
   260.889306235782        0.157431813535254E-02
   263.790746163435        0.204120967079530E-02
   266.513213757857        0.259103056546332E-02
   269.069893619602        0.322717038308279E-02
   271.474233394548        0.395213943355571E-02
   273.835512344585        0.481572154805840E-02
   276.219703811531        0.574692366247416E-02
   278.496172464359        0.668530150734165E-02
   280.666319496446        0.783864338979386E-02
   282.731504649578        0.893676290900890E-02
   284.714656736688        0.102761671277919E-01
   286.598418795063        0.116211271697034E-01
   288.401211346843        0.129669233304106E-01
   289.311184235493        0.138284291334987E-01
