   173.140874243004        0.511044502040530E-10
   174.050094605880        0.758290353693496E-10
   176.821266028663        0.113353223699905E-09
   180.263718427121        0.171283405332752E-09
   183.526697805388        0.262182318640753E-09
   186.157000682669        0.403756672572789E-09
   187.948972532319        0.623956310588670E-09
   188.858363097971        0.964016378582032E-09
   188.954305578279        0.148616394256565E-08
   188.386389697549        0.227677405593505E-08
   187.349736565060        0.345643678284112E-08
   186.047403051395        0.515705162392121E-08
   184.660759668380        0.754049365854418E-08
   183.331491193329        0.106892471595249E-07
   182.154820809943        0.146883658526557E-07
   181.181772137168        0.193049998985457E-07
   180.426720819858        0.244378296498087E-07
   179.877197846884        0.301451780324659E-07
   179.503728448214        0.361865868392463E-07
   179.268653686631        0.420661476217078E-07
   179.133512997766        0.472631409694679E-07
   179.064579896345        0.514621091813030E-07
   179.035949881220        0.541811609113908E-07
   179.029061548517        0.556162524140704E-07
   179.030461514681        0.558999999999999E-07
   179.028172289572        0.555933703570902E-07
   179.007088110247        0.555000000000001E-07
   178.946154847584        0.558164672488999E-07
   178.819592599329        0.572147657116569E-07
   178.601820782234        0.595451301845420E-07
   178.273939454344        0.629332786244491E-07
   177.829264569316        0.671665765936131E-07
   177.276264964934        0.719907758181904E-07
   176.638592015488        0.772309028539712E-07
   175.952819224003        0.825943212786795E-07
   175.264691635541        0.879006932203357E-07
   174.624244247527        0.929143620807070E-07
   174.079893599376        0.977098604011374E-07
   173.671944144626        0.102197622879205E-06
   173.426505628772        0.105974457072491E-06
   173.351218126812        0.109712936583478E-06
   173.432402236282        0.112611618122940E-06
   173.641890835331        0.116027418070787E-06
   173.944933331530        0.117469091400129E-06
   174.306652558089        0.119432269775395E-06
   174.697676629611        0.120618471772710E-06
   175.098267438114        0.121000000000000E-06
   175.500613426796        0.121000000000000E-06
   175.908907998489        0.120887839100791E-06
   176.337132715246        0.119745477736097E-06
   176.804916978565        0.119000000000000E-06
   177.332475410452        0.120006110668452E-06
   177.935935409466        0.122836767510951E-06
   178.624339088313        0.127556027548451E-06
   179.399056332717        0.134611593724247E-06
   180.255489755582        0.144836756401614E-06
   181.186187770908        0.156543426252390E-06
   182.184373472982        0.172390076316156E-06
   183.246647666448        0.190669444743879E-06
   184.374118368343        0.214267232268762E-06
   185.571390564967        0.243232199442969E-06
   186.843401199168        0.278909807289874E-06
   188.190583610405        0.323585699699061E-06
   189.602660751526        0.377115680845804E-06
   191.046371868500        0.337359324365497E-06
   192.495872757565        0.343962622919447E-06
   194.454483980717        0.458878276430428E-06
   195.925215699783        0.589405811077913E-06
   197.541172092903        0.770607037958111E-06
   198.808885226157        0.949348199092558E-06
   200.540367276182        0.125079965250331E-05
   201.671689922639        0.149736380460239E-05
   203.880199106179        0.209706553716217E-05
   205.054487800182        0.250781581736297E-05
   208.883572940596        0.436453234547335E-05
   213.362421878964        0.812559461501185E-05
   217.840456340710        0.147391097435338E-04
   222.303258288679        0.260439633686000E-04
   226.732552518624        0.448072485960228E-04
   231.105838705307        0.749982640097449E-04
   235.396691736766        0.122005328391654E-03
   239.576080231576        0.192696536442091E-03
   243.614814008237        0.295233420610926E-03
   247.486754313152        0.438616158099095E-03
   251.171912435476        0.632052272170198E-03
   254.658336080545        0.884317939003579E-03
   257.942340742998        0.120327292886162E-02
   261.027357924231        0.159560710224045E-02
   263.922024670727        0.206679596316817E-02
   266.638158486560        0.262118645246837E-02
   269.189035199364        0.326212997837894E-02
   271.588128735120        0.399210432740753E-02
   273.944892057711        0.486067153391393E-02
   276.325314854001        0.579034423751207E-02
   278.600521599028        0.674265082547866E-02
   280.767305788668        0.789388308514258E-02
   282.830065203156        0.899019447647657E-02
   284.810129846270        0.103446451388866E-01
   286.691355460464        0.116869205303768E-01
   288.492866828724        0.130520535867857E-01
   289.401510549626        0.139116672851277E-01
