   173.132198281762        0.492292739540879E-10
   173.960688361751        0.730553462688628E-10
   176.648489843088        0.109434681960426E-09
   180.059527382176        0.165759614925672E-09
   183.325617670009        0.253139735058770E-09
   185.972999296830        0.390412805311959E-09
   187.785328548521        0.605130954857471E-09
   188.713691545402        0.934588546435746E-09
   188.826139504547        0.145122186677849E-08
   188.270615962175        0.222174084200353E-08
   187.239989211450        0.337920312850374E-08
   185.936251451956        0.505285356804726E-08
   184.541185871410        0.741052093949490E-08
   183.198036381446        0.105553490561452E-07
   182.004292262411        0.144842394338510E-07
   181.013044715226        0.190566537611133E-07
   180.240185498474        0.242694429077783E-07
   179.674106312620        0.299957132778859E-07
   179.285666272985        0.360353726632925E-07
   179.037218630990        0.418633051335186E-07
   178.890159818385        0.470090758247265E-07
   178.810563930179        0.510320472808414E-07
   178.772313002340        0.534978788105844E-07
   178.756644088697        0.545000000000000E-07
   178.749943890208        0.541778670911508E-07
   178.740142480211        0.531884675466205E-07
   178.712076341438        0.521514657386370E-07
   178.644596383434        0.515750238712219E-07
   178.511657870897        0.517803471185071E-07
   178.287158983723        0.529777470128309E-07
   177.951391851457        0.550976590952094E-07
   177.496629753634        0.580130195045732E-07
   176.930195038935        0.615209957935270E-07
   176.274622972404        0.653518493395107E-07
   175.565567874654        0.694737362161162E-07
   174.848181219417        0.734458029854450E-07
   174.172345902683        0.773737237264955E-07
   173.586840480332        0.810590383380137E-07
   173.132833092138        0.843641645103272E-07
   172.837768829414        0.874764582013481E-07
   172.710945304068        0.902584732305207E-07
   172.740473529886        0.925701067005636E-07
   172.899884314734        0.945561316418819E-07
   173.155892703227        0.960788862620938E-07
   173.474693563246        0.972723600523700E-07
   173.827501172382        0.979852859590771E-07
   174.194718109995        0.983817985848710E-07
   174.568271989257        0.982515707735375E-07
   174.951820320201        0.976052508762998E-07
   175.358727783178        0.965831620612889E-07
   175.808156830589        0.957996373156575E-07
   176.320192836585        0.963747891467538E-07
   176.911271519878        0.985878076166973E-07
   177.591127676110        0.102289248769157E-06
   178.362065223957        0.108349520716374E-06
   179.220412981491        0.116741869853438E-06
   180.159422670926        0.127398398511290E-06
   181.172550922452        0.140403631785328E-06
   182.256118711819        0.157559966660089E-06
   183.410441658965        0.178169657691430E-06
   184.638920450688        0.203968167541850E-06
   185.945070074780        0.235733001887003E-06
   187.327907403968        0.276410359409564E-06
   188.775926487380        0.325535747046916E-06
   190.254906225918        0.293893978167149E-06
   191.739382370793        0.303336493270043E-06
   193.802115464884        0.412433050268822E-06
   195.264510292745        0.529894877366068E-06
   197.032469215420        0.710894415071860E-06
   198.256198596127        0.870705997698337E-06
   200.189391235454        0.118496302356501E-05
   201.220996654973        0.139816781044587E-05
   203.673861819527        0.203328377104716E-05
   204.712236127239        0.238457242842922E-05
   208.828311297950        0.432913980290719E-05
   213.306234505098        0.806146411386113E-05
   217.783546117240        0.146262138283631E-04
   222.245889982614        0.258510695960382E-04
   226.675050599011        0.444877797209819E-04
   231.048579954024        0.744861637968982E-04
   235.340095372726        0.121212143702500E-03
   239.520597055789        0.191511456457550E-03
   243.560908157050        0.293527919130009E-03
   247.434860482684        0.436253123510514E-03
   251.122362191398        0.628896025151784E-03
   254.611333362745        0.880243624828750E-03
   257.897962503333        0.119817269222429E-02
   260.985574023917        0.158939242054303E-02
   263.882726755624        0.205939689599408E-02
   266.601188946643        0.261254913336836E-02
   269.154211258512        0.325221357006053E-02
   271.555260148201        0.398087825686878E-02
   273.913735379666        0.484820572193612E-02
   276.295627610733        0.577845677167809E-02
   278.571574191530        0.672701846120573E-02
   280.739618065694        0.787896253449349E-02
   282.803324354925        0.897584812870827E-02
   284.784497644634        0.103263197786913E-01
   286.666568338766        0.116693201007742E-01
   288.468560995979        0.130292930759465E-01
   289.377618449441        0.138893873266430E-01
