   173.093914148282        0.100029055977453E-09
   174.570747325475        0.145258236642074E-09
   177.741136393193        0.213717088500890E-09
   181.453742003677        0.317373246399748E-09
   184.875997407590        0.475790983975132E-09
   187.583090981536        0.718880894106207E-09
   189.405152433731        0.109013964381462E-08
   190.337758966241        0.165033939039473E-08
   190.498317163861        0.249033391924406E-08
   190.080389738946        0.372954692238483E-08
   189.306567795050        0.553592407224436E-08
   188.387628692839        0.813455788665799E-08
   187.493984917927        0.117909487314564E-07
   186.741940648714        0.166994003955949E-07
   186.193179232921        0.232861482495091E-07
   185.863561776187        0.316022277194542E-07
   185.736396549884        0.420451120421684E-07
   185.775778790865        0.553296830260096E-07
   185.937395283676        0.719222773160452E-07
   186.176069173087        0.923835088689995E-07
   186.450816158288        0.117409366053160E-06
   186.728286628457        0.148133192785594E-06
   186.984898405802        0.183691908625184E-06
   187.206968146107        0.226629645874307E-06
   187.389560009975        0.275588167455966E-06
   187.533555673249        0.333105123701694E-06
   187.640638163337        0.398106322985865E-06
   187.709174619961        0.469012403635661E-06
   187.733747453633        0.545747405703124E-06
   187.708054592987        0.625910617380244E-06
   187.629152008374        0.709065884773741E-06
   187.500441928078        0.791015936717956E-06
   187.332608350441        0.872487094489724E-06
   187.142752083732        0.950359283872852E-06
   186.952831282660        0.102356714154013E-05
   186.788137566504        0.109532735805313E-05
   186.675163612267        0.115737264191853E-05
   186.638407957198        0.122356579610848E-05
   186.695623874119        0.127198435985636E-05
   186.853284358118        0.132335714504771E-05
   187.103612955660        0.136423234693904E-05
   187.423403914055        0.139653956387614E-05
   187.780050618700        0.143329830923833E-05
   188.140181918693        0.145978221254021E-05
   188.476635311317        0.147802169637314E-05
   188.773181114324        0.150100958280587E-05
   189.026709547295        0.151385390225194E-05
   189.247136371559        0.152000000000000E-05
   189.455090488440        0.152913849313856E-05
   189.677193056500        0.153000000000000E-05
   189.939784473024        0.152613323598418E-05
   190.262628694274        0.151398026680772E-05
   190.654475866332        0.150196325546786E-05
   191.111692436012        0.149007848002265E-05
   191.620155114253        0.146661357297598E-05
   192.159964749380        0.144332938806139E-05
   192.711359333756        0.141542987003476E-05
   193.260061366249        0.138128234380533E-05
   193.800773400813        0.134753024389774E-05
   194.337870174034        0.130554885083690E-05
   194.883459563960        0.127121849895110E-05
   195.453062901796        0.123908732231492E-05
   196.059754119403        0.121761099190051E-05
   196.707230701752        0.120000000000000E-05
   197.378050046120        0.977906201191781E-06
   198.053674898398        0.841223898769654E-06
   198.841308714445        0.906391821792281E-06
   199.532713753032        0.102312963515412E-05
   200.228948582172        0.115306074953605E-05
   200.948449663177        0.130131043903628E-05
   201.730598281845        0.147958444497280E-05
   202.622150724202        0.170661322796126E-05
   203.834836132196        0.205980412113780E-05
   205.267589949449        0.255948117852584E-05
   208.160560594194        0.390186583014102E-05
   212.624679345585        0.728458576544827E-05
   217.088889411060        0.132507175432811E-04
   221.539666968448        0.234820976990472E-04
   225.960049940271        0.405263276120252E-04
   230.329159350755        0.680702049840591E-04
   234.622052309044        0.111173946693465E-03
   238.810347169416        0.176366798788957E-03
   242.864943909229        0.271520508159874E-03
   246.759206864391        0.405459075239330E-03
   250.471980088500        0.587365059518726E-03
   253.989668595796        0.826135978973266E-03
   257.306826488137        0.112985922736521E-02
   260.425315956332        0.150550457067225E-02
   263.352572049903        0.195883350567912E-02
   266.099612823799        0.249445659269048E-02
   268.679262146449        0.311595456792130E-02
   271.104803314610        0.382600003784124E-02
   273.434682436958        0.465331241502864E-02
   275.837920254135        0.559201893967990E-02
   278.121430844171        0.648517544399626E-02
   280.308126717433        0.764411448899993E-02
   282.385644851968        0.875016359425743E-02
   284.381352794765        0.100374627060499E-01
   286.276087116096        0.113926274608361E-01
   288.083418628371        0.126861354496543E-01
   288.998691168857        0.135389012110286E-01
