   173.133290520355        0.476633514166278E-10
   173.889945549841        0.707921816156870E-10
   176.575039627750        0.105982785965806E-09
   179.981264503677        0.160853869800903E-09
   183.233209924430        0.246166137383481E-09
   185.877990335305        0.379927458983372E-09
   187.698991855971        0.589246421289142E-09
   188.637633052190        0.913550436840945E-09
   188.760138551150        0.141228633524633E-08
   188.214391083690        0.217381987213634E-08
   187.190913166975        0.330956653698992E-08
   185.889409264142        0.496786574132644E-08
   184.491409910113        0.729132322431311E-08
   183.140918051546        0.103873135857967E-07
   181.936685819219        0.143245477178576E-07
   180.933234221401        0.189001882767086E-07
   180.147625059905        0.240485324936706E-07
   179.569133685762        0.298335726986491E-07
   179.169189823395        0.358929094153795E-07
   178.910423514504        0.417434574447236E-07
   178.754288674311        0.469909839064083E-07
   178.666747552253        0.508865642172601E-07
   178.621495321358        0.534087074031448E-07
   178.599564171488        0.541000000000000E-07
   178.587180058819        0.536161966226510E-07
   178.572184971689        0.521890314965665E-07
   178.539393243841        0.506575306801809E-07
   178.467636340715        0.494957077496318E-07
   178.330758261189        0.491142103148001E-07
   178.102367373976        0.496327184784321E-07
   177.762257419717        0.510502226259285E-07
   177.302018235287        0.532096521582230E-07
   176.728168223538        0.559784912699561E-07
   176.062446357936        0.591565289116473E-07
   175.339814755244        0.625029685104412E-07
   174.604926565493        0.658131567769949E-07
   173.907435652000        0.690016665121715E-07
   173.296227689522        0.720698711734669E-07
   172.812940361121        0.748214044328937E-07
   172.485805180217        0.773902941078186E-07
   172.325125535704        0.796934723544700E-07
   172.320111401086        0.815536490432273E-07
   172.445396893278        0.831522356919175E-07
   172.668658214514        0.843671637760620E-07
   172.956768316336        0.852239847561079E-07
   173.281324841103        0.857530503751727E-07
   173.622810214511        0.857905841435543E-07
   173.972983424527        0.854998224146825E-07
   174.335209532858        0.847916052829834E-07
   174.722561966176        0.836316555731157E-07
   175.154043955658        0.827633045637094E-07
   175.649792759638        0.830891818227943E-07
   176.226549715544        0.848125608688223E-07
   176.894611441802        0.882062433494267E-07
   177.656991854096        0.933239383899001E-07
   178.510730504593        0.100300312409093E-06
   179.449651195925        0.110010721698867E-06
   180.467495893517        0.121988591249959E-06
   181.560447408744        0.137139906758908E-06
   182.728219365578        0.155614898598375E-06
   183.973249950481        0.178906127399082E-06
   185.297903070337        0.209107654050817E-06
   186.699928109386        0.245851610467360E-06
   188.166664466552        0.290804699820623E-06
   189.663078363653        0.264592480985820E-06
   191.164523651050        0.275526031481499E-06
   193.333290392914        0.381350352517954E-06
   194.742791783487        0.486381318185655E-06
   196.654270803541        0.668601941200223E-06
   197.810368286376        0.810929030385400E-06
   199.906115339233        0.113310431402144E-05
   200.859648118294        0.132188675857978E-05
   203.478901796409        0.197307102115679E-05
   204.437221758837        0.228775816044862E-05
   208.716385341378        0.425686144448644E-05
   213.192414535405        0.793050723997187E-05
   217.668122396179        0.143954568885709E-04
   222.129282599277        0.254560340164502E-04
   226.557828693999        0.438317415204295E-04
   230.931468324674        0.734312189072198E-04
   235.223958596816        0.119572842569384E-03
   239.406392681931        0.189054448031118E-03
   243.449606583478        0.289980359812179E-03
   247.327339303150        0.431319589808084E-03
   251.019297558917        0.622279250886446E-03
   254.513141669248        0.871663369872598E-03
   257.804796160835        0.118737795600583E-02
   260.897359426350        0.157616556066346E-02
   263.799223931598        0.204355134936661E-02
   266.522054056143        0.259392384336082E-02
   269.079050596949        0.323066709282224E-02
   271.483671542669        0.395628467087528E-02
   273.845225328771        0.482056035161874E-02
   276.229698887807        0.575183719138698E-02
   278.506629317567        0.669175666728780E-02
   280.676932909680        0.784502889080093E-02
   282.742287320555        0.894299986987059E-02
   284.725459778332        0.102840717814692E-01
   286.609201371665        0.116286211344978E-01
   288.412066921846        0.129765136462704E-01
   289.321977843961        0.138376753479899E-01
