   173.132552086056        0.488929714832300E-10
   173.973833343676        0.726270910768688E-10
   176.714938217392        0.108731383360871E-09
   180.159398617576        0.165069232282464E-09
   183.414161497595        0.252329807050995E-09
   186.028793350657        0.388085764563474E-09
   187.811364242426        0.602175404030357E-09
   188.718293116716        0.932561538469253E-09
   188.817345516199        0.143991002945194E-08
   188.255216547813        0.221141708657145E-08
   187.222790262467        0.336736151106352E-08
   185.919585330063        0.503732159930716E-08
   184.525566065048        0.738404906726877E-08
   183.182716350210        0.105327480178630E-07
   181.987979552927        0.144773760309396E-07
   180.994667244380        0.190665515967845E-07
   180.219125440964        0.241908651492613E-07
   179.650194553575        0.299344589460065E-07
   179.259061525289        0.359732664618302E-07
   179.008252557752        0.418717998991119E-07
   178.859203131611        0.469870445378974E-07
   178.777941365375        0.509984443042608E-07
   178.738270076178        0.534436197573095E-07
   178.721344544549        0.543328817260880E-07
   178.713501042817        0.540642016736024E-07
   178.702641317957        0.529309026649004E-07
   178.673586301541        0.517462778282000E-07
   178.605179492702        0.510717078701346E-07
   178.471353926261        0.511468123507743E-07
   178.245946924804        0.522027355651559E-07
   177.909143153688        0.541387257377264E-07
   177.453073127193        0.568845768091839E-07
   176.884901780016        0.602677186351086E-07
   176.227009491870        0.639683157414801E-07
   175.514906418068        0.678544182120252E-07
   174.793639692061        0.716940516661825E-07
   174.113044959193        0.754189099235554E-07
   173.521926873558        0.789370608093831E-07
   173.061568253804        0.822089437424870E-07
   172.759594150701        0.851863403336921E-07
   172.625522023723        0.878402322818072E-07
   172.647704185530        0.901146151958300E-07
   172.799895795406        0.919112146158928E-07
   173.048994316799        0.934239462711684E-07
   173.361330312758        0.944914142886082E-07
   173.708216688029        0.951967628506405E-07
   174.070107693696        0.954922771401971E-07
   174.438910756977        0.953410156879817E-07
   174.818217906023        0.946891263610764E-07
   175.221312644700        0.936221069196031E-07
   175.667299399456        0.927960142602480E-07
   176.176259387222        0.933306506436802E-07
   176.764683305160        0.954551776080164E-07
   177.442448019112        0.993093987317245E-07
   178.212028131950        0.105435403047590E-06
   179.069871357787        0.112869094231141E-06
   180.009333044488        0.123536570957101E-06
   181.023937093552        0.136477620888891E-06
   182.109968594014        0.152740838626097E-06
   183.267612959408        0.173202923901210E-06
   184.500073735715        0.198192005952789E-06
   185.810639309767        0.229771252550584E-06
   187.198058218866        0.269451491929670E-06
   188.650576985205        0.317586982460739E-06
   190.133829460423        0.287451245247487E-06
   191.622497568795        0.297476398992852E-06
   193.704066799917        0.405793193625608E-06
   195.159161467286        0.520881113171553E-06
   196.955328395985        0.702144539974733E-06
   198.166940143878        0.858500107870224E-06
   200.133434911632        0.117464996195589E-05
   201.148684179151        0.138270099673715E-05
   203.637758315401        0.202213626203479E-05
   204.657369514905        0.236514108727734E-05
   208.811394901974        0.431823418255047E-05
   213.289032998338        0.804170521073030E-05
   217.766107974797        0.145914066636591E-04
   222.228283186258        0.257915147156195E-04
   226.657364943144        0.443889524088473E-04
   231.030927463974        0.743273950795584E-04
   235.322607875358        0.120965698216832E-03
   239.503420028415        0.191142536734434E-03
   243.544190114561        0.292996038308454E-03
   247.418737554168        0.435514807296916E-03
   251.106940072476        0.627908035873527E-03
   254.596678987493        0.878965959780961E-03
   257.884103561896        0.119657059819745E-02
   260.972504680214        0.158743720768697E-02
   263.870416418503        0.205706577891267E-02
   266.589591257746        0.260982451442952E-02
   269.143271635738        0.324908214342527E-02
   271.544921329672        0.397733017901997E-02
   273.903923876540        0.484425729438687E-02
   276.286268811426        0.577468732181459E-02
   278.562438661154        0.672206549258357E-02
   280.730872095566        0.787423325957183E-02
   282.794870106581        0.897130143069352E-02
   284.776387657253        0.103205172324964E-01
   286.658720007664        0.116637512686439E-01
   288.460859689713        0.130220955103212E-01
   289.370044197708        0.138823442391383E-01
