   173.122538989349        0.477689235806464E-10
   173.875214820409        0.710359901065350E-10
   176.573267349355        0.106307261152719E-09
   179.982394996120        0.161278078025605E-09
   183.241302503953        0.246977442228757E-09
   185.889558296382        0.380874903087994E-09
   187.710446013276        0.590925600803703E-09
   188.650031344439        0.917082377779576E-09
   188.772159387948        0.141902165932091E-08
   188.223289666237        0.218230565212572E-08
   187.196507295218        0.331433961355319E-08
   185.893437522642        0.497300611173512E-08
   184.495452565378        0.730588019631152E-08
   183.146091638200        0.104243189429095E-07
   181.943551812613        0.143552423761437E-07
   180.941909209882        0.189132587572652E-07
   180.158050959223        0.240738130878183E-07
   179.581180755725        0.298539681534422E-07
   179.182705922236        0.359080874520467E-07
   178.925256580202        0.417687576078215E-07
   178.770284875768        0.469388084125183E-07
   178.683770742748        0.509438673436914E-07
   178.639433436919        0.533873540166454E-07
   178.618321454107        0.541000000000000E-07
   178.606674220591        0.536266053949546E-07
   178.592347052641        0.523118447445922E-07
   178.560153042949        0.507778762207436E-07
   178.488919241096        0.497058794016677E-07
   178.352497088239        0.494000000000000E-07
   178.124531372585        0.500168559389002E-07
   177.784884328050        0.514950960054333E-07
   177.325233366678        0.537821267822841E-07
   176.752204224931        0.566362389170010E-07
   176.087648936447        0.598936903864966E-07
   175.366622649781        0.632745306884334E-07
   174.633838606217        0.666668338365821E-07
   173.938979341678        0.699385660971284E-07
   173.330931736300        0.731410425683709E-07
   172.851289005102        0.759844050090444E-07
   172.528184254192        0.785554758117193E-07
   172.371784039157        0.808625901765219E-07
   172.371145713938        0.828305325166692E-07
   172.500752298411        0.844647267964288E-07
   172.728156230158        0.857529966001807E-07
   173.020151685067        0.866148089227081E-07
   173.348301864228        0.871471283617714E-07
   173.693094753682        0.872934399621409E-07
   174.046332852688        0.870067014829996E-07
   174.411429363776        0.863035008539125E-07
   174.801498458812        0.851468317574574E-07
   175.235551017803        0.843261337186308E-07
   175.733703438681        0.846811659576873E-07
   176.312651146831        0.864701872244644E-07
   176.982606093607        0.898709751837257E-07
   177.746472602223        0.951661304048316E-07
   178.601189463573        0.102222201654729E-06
   179.540493557231        0.111921928403557E-06
   180.558075163981        0.123884003260548E-06
   181.650135369599        0.139191532851436E-06
   182.816497283993        0.158482538410927E-06
   184.059750058139        0.181745019889025E-06
   185.382406154658        0.211928278338274E-06
   186.782360623179        0.248911272208524E-06
   188.247103125153        0.294854327337869E-06
   189.741725504134        0.268182825794728E-06
   191.241453093181        0.279102935952536E-06
   193.394215839285        0.385319403048844E-06
   194.813322996643        0.492127930234984E-06
   196.704746260436        0.674195431770622E-06
   197.870789655509        0.818899057747739E-06
   199.945302387022        0.114027799129750E-05
   200.908590926540        0.133213339286999E-05
   203.507764587409        0.198205752741128E-05
   204.474916294753        0.230103286972271E-05
   208.736080116528        0.426971362101887E-05
   213.212444637968        0.795378879313141E-05
   217.688446451644        0.144364916949934E-04
   222.149836072033        0.255263318720085E-04
   226.578519191579        0.439486142488544E-04
   230.952173185690        0.736194190677301E-04
   235.244527258638        0.119865754999928E-03
   239.426655917021        0.189494224812745E-03
   243.469392625237        0.290616527493536E-03
   247.346493623332        0.432206167761958E-03
   251.037700619572        0.623471089732706E-03
   254.530719450956        0.873212795936248E-03
   257.821521505316        0.118933260065182E-02
   260.913245698237        0.157856764459878E-02
   263.814314547906        0.204643812150789E-02
   266.536411244567        0.259732859754230E-02
   269.092745466657        0.323462019007979E-02
   271.496776269434        0.396081413572582E-02
   273.857826509464        0.482568214234464E-02
   276.241884681011        0.575679228075518E-02
   278.518693131245        0.669833710371586E-02
   280.688627721258        0.785138446056294E-02
   282.753718642225        0.894916848021387E-02
   284.736560846013        0.102920223514995E-01
   286.620012935620        0.116362855578177E-01
   288.422747434555        0.129864715341663E-01
   289.332493663011        0.138474195438434E-01
