   173.098077284289        0.516121291815175E-10
   174.143508754532        0.765672838642591E-10
   176.944901707261        0.114464554612048E-09
   180.355361577596        0.173201630036698E-09
   183.591162045632        0.264239623575670E-09
   186.205341067497        0.406626903350681E-09
   187.985667845257        0.628437113289824E-09
   188.885574048067        0.971164534037112E-09
   188.976929504722        0.149988799354380E-08
   188.410211522335        0.229591747564445E-08
   187.378727870802        0.347188373880247E-08
   186.083230803522        0.518219589264966E-08
   184.703289653897        0.757129113603370E-08
   183.379670450280        0.107348422608740E-07
   182.207642549003        0.147011484314570E-07
   181.238624586140        0.193303658558610E-07
   180.487361663840        0.244994254078159E-07
   179.941553682998        0.301871332181139E-07
   179.571713800254        0.363096347640856E-07
   179.340102439560        0.421871200096326E-07
   179.208181943833        0.473591350960990E-07
   179.142191095652        0.516803735073039E-07
   179.116224330432        0.544396086373363E-07
   179.111749479650        0.560893230294929E-07
   179.115345733034        0.564501935112759E-07
   179.115076905473        0.565000000000000E-07
   179.095878867601        0.565973593914390E-07
   179.036758169499        0.572747185025147E-07
   178.912030725242        0.589570755975702E-07
   178.696268564045        0.616894369272108E-07
   178.370790179779        0.654480468314314E-07
   177.929193783741        0.701461120355960E-07
   177.380269876351        0.753958180244402E-07
   176.747976517281        0.810390449376569E-07
   176.069131747806        0.868031901470291E-07
   175.389618279244        0.925264877203072E-07
   174.759473630657        0.978591625446886E-07
   174.226986295087        0.102932398966728E-06
   173.832199603707        0.108045462334799E-06
   173.600796088828        0.111825735585027E-06
   173.539885112977        0.115567796116833E-06
   173.635270790419        0.119274009795870E-06
   173.858272665015        0.121964400542141E-06
   174.173728685504        0.124382836262792E-06
   174.546482135360        0.126390789340394E-06
   174.947003119653        0.127578827221882E-06
   175.355540885120        0.128756151928950E-06
   175.764385315068        0.129000000000000E-06
   176.177909714396        0.128921758872282E-06
   176.610295531834        0.127777397827791E-06
   177.081345157056        0.127000000000000E-06
   177.611372370597        0.127950667620596E-06
   178.216473947223        0.130759416412897E-06
   178.905541099387        0.135436487960067E-06
   179.679721505709        0.143231314675218E-06
   180.534183088509        0.153631872762117E-06
   181.461337656839        0.166273526099226E-06
   182.454366423922        0.182127601812737E-06
   183.509946823258        0.201360606890857E-06
   184.629344088903        0.225035727684869E-06
   185.817414785632        0.255014788038609E-06
   187.079414270109        0.291517445447575E-06
   188.416104075309        0.336567985199595E-06
   189.817528618970        0.391905519663737E-06
   191.250664629168        0.349620123521780E-06
   192.689633838972        0.355160676559233E-06
   194.623940184699        0.471636756417165E-06
   196.088570213566        0.604956757010318E-06
   197.672717081088        0.786667855123839E-06
   198.942543503925        0.969198594497841E-06
   200.629657480200        0.126790305220853E-05
   201.780455474956        0.152206821149607E-05
   203.927621817125        0.211173202202614E-05
   205.137349072894        0.253823307782260E-05
   208.886124584873        0.436599978228417E-05
   213.365014284964        0.812826012345307E-05
   217.843061944379        0.147437780935143E-04
   222.305847494144        0.260518412326409E-04
   226.735097843905        0.448200617027576E-04
   231.108318740122        0.750183783650325E-04
   235.399092327868        0.122035855364442E-03
   239.578391009339        0.192741336898745E-03
   243.617022262507        0.295296843483076E-03
   247.488843766413        0.438702505467227E-03
   251.173872899726        0.632165552827385E-03
   254.660163588128        0.884461591786735E-03
   257.944036722680        0.120344968967415E-02
   261.028927858556        0.159581901590646E-02
   263.923476699091        0.206704450383012E-02
   266.639502223758        0.262147270391164E-02
   269.190280824640        0.326245482302264E-02
   271.589286318249        0.399246859950913E-02
   273.945973125325        0.486107210098710E-02
   276.326330321550        0.579072021924510E-02
   278.601498207936        0.674315091275292E-02
   280.768228350906        0.789435769482607E-02
   282.830945899440        0.899065163333551E-02
   284.810965106682        0.103452361293730E-01
   286.692155314759        0.116874940101490E-01
   288.493644179030        0.130528011511389E-01
   289.402269496041        0.139124029581366E-01
