     ALT          P          T          FH2O           O3           THEAT        TCOOL        PSATCO2        FCO2
6.9367E+01  3.2610E-05 1.8970E+02    1.8473E-06    2.1723E-08    3.3776E+01   -2.4706E+01    6.7738E-01    1.7900E-04
6.8414E+01  3.8507E-05 1.8159E+02    2.0415E-06    2.8271E-08    5.3249E+00   -9.4483E+00    3.2462E-01    1.7922E-04
6.7494E+01  4.5413E-05 1.7979E+02    2.2200E-06    3.5102E-08    1.7603E+00   -3.9461E+00    2.7322E-01    1.8000E-04
6.6577E+01  5.3490E-05 1.8295E+02    2.3656E-06    4.0947E-08    1.2602E+00   -3.3612E+00    3.6918E-01    1.8100E-04
6.5648E+01  6.2924E-05 1.8767E+02    2.5010E-06    4.6130E-08    1.1985E+00   -3.8242E+00    5.6681E-01    1.8100E-04
6.4704E+01  7.3929E-05 1.9200E+02    2.6213E-06    5.1210E-08    1.1893E+00   -3.8643E+00    8.2454E-01    1.8100E-04
6.3748E+01  8.6749E-05 1.9559E+02    2.7424E-06    5.7189E-08    1.1884E+00   -3.3743E+00    1.1107E+00    1.8100E-04
6.2784E+01  1.0166E-04 1.9862E+02    2.8481E-06    6.4943E-08    1.1976E+00   -2.7763E+00    1.4163E+00    1.8100E-04
6.1814E+01  1.1899E-04 2.0130E+02    2.9400E-06    7.5645E-08    1.2308E+00   -2.3054E+00    1.7448E+00    1.8100E-04
6.0840E+01  1.3910E-04 2.0375E+02    3.0290E-06    9.0592E-08    1.2921E+00   -2.0227E+00    2.1016E+00    1.8100E-04
5.9862E+01  1.6240E-04 2.0604E+02    3.1091E-06    1.1073E-07    1.3842E+00   -1.8913E+00    2.4907E+00    1.8100E-04
5.8882E+01  1.8936E-04 2.0821E+02    3.1817E-06    1.3399E-07    1.4981E+00   -1.8559E+00    2.9152E+00    1.8100E-04
5.7901E+01  2.2053E-04 2.1029E+02    3.2552E-06    1.6190E-07    1.6391E+00   -1.8809E+00    3.3778E+00    1.8100E-04
5.6918E+01  2.5649E-04 2.1229E+02    3.3195E-06    1.9311E-07    1.7992E+00   -1.9412E+00    3.8812E+00    1.8100E-04
5.5935E+01  2.9795E-04 2.1422E+02    3.3808E-06    2.2500E-07    1.9643E+00   -2.0262E+00    4.4286E+00    1.8100E-04
5.4952E+01  3.4567E-04 2.1610E+02    3.4374E-06    2.5855E-07    2.1364E+00   -2.1272E+00    5.0229E+00    1.8100E-04
5.3969E+01  4.0054E-04 2.1793E+02    3.4842E-06    2.9370E-07    2.3145E+00   -2.2383E+00    5.4943E+00    1.8100E-04
5.2987E+01  4.6352E-04 2.1972E+02    3.5311E-06    3.3281E-07    2.5076E+00   -2.3590E+00    5.9280E+00    1.8100E-04
5.2005E+01  5.3573E-04 2.2148E+02    3.5788E-06    3.7653E-07    2.7163E+00   -2.4859E+00    6.3782E+00    1.8100E-04
5.1025E+01  6.1841E-04 2.2321E+02    3.6169E-06    4.2488E-07    2.9374E+00   -2.6127E+00    6.8455E+00    1.8100E-04
5.0046E+01  7.1295E-04 2.2491E+02    3.6550E-06    4.8038E-07    3.1760E+00   -2.7387E+00    7.3306E+00    1.8100E-04
4.9068E+01  8.2091E-04 2.2659E+02    3.6932E-06    5.4214E-07    3.4217E+00   -2.8598E+00    7.8340E+00    1.8100E-04
4.8093E+01  9.4403E-04 2.2825E+02    3.7213E-06    6.1115E-07    3.6692E+00   -2.9701E+00    8.3561E+00    1.8100E-04
4.7120E+01  1.0842E-03 2.2989E+02    3.7447E-06    6.8827E-07    3.9183E+00   -3.0836E+00    8.8976E+00    1.8100E-04
4.6148E+01  1.2437E-03 2.3152E+02    3.7737E-06    7.7581E-07    4.1629E+00   -3.1916E+00    9.4590E+00    1.8100E-04
4.5180E+01  1.4248E-03 2.3313E+02    3.7927E-06    8.7504E-07    4.3895E+00   -3.2888E+00    1.0041E+01    1.8100E-04
4.4214E+01  1.6303E-03 2.3472E+02    3.8017E-06    9.8804E-07    4.5938E+00   -3.3850E+00    1.0643E+01    1.8100E-04
4.3251E+01  1.8630E-03 2.3631E+02    3.8106E-06    1.1245E-06    4.7884E+00   -3.4981E+00    1.1267E+01    1.8100E-04
4.2291E+01  2.1263E-03 2.3788E+02    3.8200E-06    1.2755E-06    4.9350E+00   -3.6525E+00    1.1912E+01    1.8100E-04
4.1334E+01  2.4237E-03 2.3947E+02    3.8117E-06    1.4606E-06    5.0650E+00   -3.8749E+00    1.2594E+01    1.8100E-04
4.0380E+01  2.7592E-03 2.4103E+02    3.8000E-06    1.6808E-06    5.1628E+00   -4.1333E+00    1.3286E+01    1.8100E-04
3.9430E+01  3.1372E-03 2.4223E+02    3.7742E-06    1.9815E-06    5.2768E+00   -4.3482E+00    1.3839E+01    1.8100E-04
3.8487E+01  3.5625E-03 2.4280E+02    3.7414E-06    2.3638E-06    5.3482E+00   -4.4516E+00    1.4109E+01    1.8100E-04
3.7552E+01  4.0404E-03 2.4260E+02    3.6923E-06    2.8543E-06    5.3583E+00   -4.4181E+00    1.4015E+01    1.8100E-04
3.6629E+01  4.5765E-03 2.4158E+02    3.6377E-06    3.4278E-06    5.2490E+00   -4.2459E+00    1.3540E+01    1.8100E-04
3.5722E+01  5.1774E-03 2.3979E+02    3.5672E-06    4.0084E-06    4.9924E+00   -3.9516E+00    1.2735E+01    1.8100E-04
3.4831E+01  5.8497E-03 2.3735E+02    3.4882E-06    4.5300E-06    4.6387E+00   -3.5753E+00    1.1693E+01    1.8100E-04
3.3960E+01  6.6009E-03 2.3442E+02    3.4086E-06    4.9423E-06    4.2458E+00   -3.1639E+00    1.0525E+01    1.8100E-04
3.3110E+01  7.4393E-03 2.3117E+02    3.3266E-06    5.2112E-06    3.8425E+00   -2.7565E+00    9.3358E+00    1.8100E-04
3.2281E+01  8.3736E-03 2.2779E+02    3.2366E-06    5.3386E-06    3.4463E+00   -2.3783E+00    8.2069E+00    1.8100E-04
3.1473E+01  9.4134E-03 2.2444E+02    3.1583E-06    5.3589E-06    3.0716E+00   -2.0441E+00    7.1935E+00    1.8100E-04
3.0685E+01  1.0569E-02 2.2127E+02    3.0724E-06    5.2758E-06    2.7175E+00   -1.7675E+00    6.3245E+00    1.8100E-04
2.9917E+01  1.1851E-02 2.1839E+02    2.9880E-06    5.1243E-06    2.3931E+00   -1.4927E+00    5.6049E+00    1.8100E-04
2.9166E+01  1.3273E-02 2.1586E+02    2.9099E-06    4.9147E-06    2.1001E+00   -1.2580E+00    4.9436E+00    1.8100E-04
2.8432E+01  1.4846E-02 2.1368E+02    2.8336E-06    4.6820E-06    1.8439E+00   -1.0607E+00    4.2690E+00    1.8100E-04
2.7714E+01  1.6584E-02 2.1184E+02    2.7599E-06    4.4260E-06    1.6208E+00   -8.9785E-01    3.7644E+00    1.8100E-04
2.7009E+01  1.8503E-02 2.1032E+02    2.6843E-06    4.1637E-06    1.4303E+00   -7.6568E-01    3.3859E+00    1.8100E-04
2.6317E+01  2.0618E-02 2.0907E+02    2.6157E-06    3.9055E-06    1.2700E+00   -6.6088E-01    3.0999E+00    1.8100E-04
2.5637E+01  2.2945E-02 2.0805E+02    2.5395E-06    3.6413E-06    1.1338E+00   -5.7909E-01    2.8814E+00    1.8100E-04
2.4969E+01  2.5503E-02 2.0721E+02    2.4736E-06    3.3985E-06    1.0223E+00   -5.1591E-01    2.7121E+00    1.8100E-04
2.4310E+01  2.8311E-02 2.0652E+02    2.4085E-06    3.1655E-06    9.2840E-01   -4.6631E-01    2.5786E+00    1.8100E-04
2.3662E+01  3.1388E-02 2.0594E+02    2.3347E-06    2.9371E-06    8.4704E-01   -4.2544E-01    2.4714E+00    1.8100E-04
2.3024E+01  3.4755E-02 2.0545E+02    2.2715E-06    2.7281E-06    7.7684E-01   -3.8938E-01    2.3840E+00    1.8100E-04
2.2395E+01  3.8436E-02 2.0503E+02    2.2093E-06    2.5293E-06    7.1332E-01   -3.5526E-01    2.3117E+00    1.8100E-04
2.1775E+01  4.2452E-02 2.0467E+02    2.1480E-06    2.3338E-06    6.5338E-01   -3.2201E-01    2.2515E+00    1.8100E-04
2.1164E+01  4.6830E-02 2.0437E+02    2.0874E-06    2.1514E-06    5.9730E-01   -2.8813E-01    2.2014E+00    1.8100E-04
2.0562E+01  5.1593E-02 2.0412E+02    2.0276E-06    1.9766E-06    5.4374E-01   -2.5352E-01    2.1600E+00    1.8100E-04
1.9969E+01  5.6770E-02 2.0391E+02    1.9688E-06    1.8053E-06    4.9205E-01   -2.1810E-01    2.1267E+00    1.8100E-04
1.9384E+01  6.2387E-02 2.0374E+02    1.9108E-06    1.6395E-06    4.4261E-01   -1.8116E-01    2.1004E+00    1.8100E-04
1.8807E+01  6.8473E-02 2.0361E+02    1.8536E-06    1.4704E-06    3.9465E-01   -1.4388E-01    2.0805E+00    1.8100E-04
1.8238E+01  7.5059E-02 2.0352E+02    1.8077E-06    1.3011E-06    3.4903E-01   -1.0731E-01    2.0657E+00    1.8100E-04
1.7678E+01  8.2174E-02 2.0345E+02    1.7632E-06    1.1351E-06    3.0668E-01   -7.1769E-02    2.0551E+00    1.8100E-04
1.7126E+01  8.9851E-02 2.0340E+02    1.7220E-06    9.8074E-07    2.6881E-01   -3.7736E-02    2.0474E+00    1.8100E-04
1.6582E+01  9.8121E-02 2.0336E+02    1.6895E-06    8.3056E-07    2.3436E-01   -9.5668E-03    2.0417E+00    1.8100E-04
1.6045E+01  1.0702E-01 2.0333E+02    1.6575E-06    6.8921E-07    2.0260E-01    4.3645E-02    2.0361E+00    1.8100E-04
1.5517E+01  1.1657E-01 2.0329E+02    1.6260E-06    5.6081E-07    1.7471E-01    5.7910E-02    2.0302E+00    1.8100E-04
1.4997E+01  1.2682E-01 2.0326E+02    1.6000E-06    4.4838E-07    1.5104E-01    6.4924E-02    2.0261E+00    1.8100E-04
1.4484E+01  1.3780E-01 2.0327E+02    1.5848E-06    3.5243E-07    1.3122E-01    6.5094E-02    2.0273E+00    1.8100E-04
1.3979E+01  1.4953E-01 2.0335E+02    1.5696E-06    2.7026E-07    1.1451E-01    5.9027E-02    2.0396E+00    1.8100E-04
1.3482E+01  1.6207E-01 2.0353E+02    1.5549E-06    2.0150E-07    1.0071E-01    4.9746E-02    2.0673E+00    1.8100E-04
1.2992E+01  1.7543E-01 2.0385E+02    1.5692E-06    1.5066E-07    9.0702E-02    4.0315E-02    2.1173E+00    1.8100E-04
1.2510E+01  1.8965E-01 2.0428E+02    1.9479E-06    1.1670E-07    8.6116E-02    2.6987E-02    2.1860E+00    1.8100E-04
1.2033E+01  2.0477E-01 2.0482E+02    2.2282E-06    9.2985E-08    8.3549E-02    5.3241E-02    2.2766E+00    1.8100E-04
1.1564E+01  2.2081E-01 2.0541E+02    2.5786E-06    7.5026E-08    8.1548E-02    3.5109E-02    2.3776E+00    1.8100E-04
1.1099E+01  2.3782E-01 2.0785E+02    3.6778E-06    6.2409E-08    8.5921E-02   -4.9460E-02    2.8402E+00    1.8100E-04
1.0636E+01  2.5581E-01 2.1032E+02    5.2353E-06    5.5022E-08    9.4765E-02   -1.9894E-01    3.3854E+00    1.8100E-04
1.0174E+01  2.7481E-01 2.1474E+02    9.5984E-06    5.0439E-08    1.1871E-01   -5.4490E-01    4.5877E+00    1.8100E-04
9.7111E+00  2.9485E-01 2.1915E+02    1.7145E-05    4.6754E-08    1.5434E-01   -9.1625E-01    5.7874E+00    1.8100E-04
9.2471E+00  3.1596E-01 2.2354E+02    2.9850E-05    4.3498E-08    2.0140E-01   -1.2934E+00    6.9378E+00    1.8100E-04
8.7826E+00  3.3815E-01 2.2789E+02    5.0632E-05    4.0592E-08    2.5945E-01   -1.6511E+00    8.2404E+00    1.8100E-04
8.3180E+00  3.6144E-01 2.3218E+02    8.3608E-05    3.7697E-08    3.2515E-01   -1.9524E+00    9.6959E+00    1.8100E-04
7.8539E+00  3.8585E-01 2.3639E+02    1.3428E-04    3.5039E-08    3.9332E-01   -2.1616E+00    1.1300E+01    1.8100E-04
7.3908E+00  4.1139E-01 2.4048E+02    2.0955E-04    3.2504E-08    4.6534E-01   -2.3002E+00    1.3041E+01    1.8100E-04
6.9291E+00  4.3806E-01 2.4444E+02    3.1752E-04    3.0064E-08    5.4292E-01   -2.3722E+00    1.4903E+01    1.8100E-04
6.4696E+00  4.6588E-01 2.4823E+02    4.6706E-04    2.7777E-08    6.1463E-01   -2.3798E+00    1.6863E+01    1.8100E-04
6.0127E+00  4.9484E-01 2.5183E+02    6.6716E-04    2.5625E-08    6.6783E-01   -2.3599E+00    1.8899E+01    1.8100E-04
5.5591E+00  5.2494E-01 2.5525E+02    9.2637E-04    2.3611E-08    7.0410E-01   -2.3374E+00    2.0987E+01    1.8100E-04
5.1094E+00  5.5617E-01 2.5847E+02    1.2523E-03    2.1749E-08    7.3202E-01   -2.3027E+00    2.3104E+01    1.8100E-04
4.6642E+00  5.8852E-01 2.6149E+02    1.6516E-03    1.9986E-08    7.5436E-01   -2.2400E+00    2.5234E+01    1.8100E-04
4.2240E+00  6.2196E-01 2.6433E+02    2.1294E-03    1.8324E-08    7.6834E-01   -2.1721E+00    2.7362E+01    1.8100E-04
3.7893E+00  6.5647E-01 2.6700E+02    2.6899E-03    1.6753E-08    7.7241E-01   -2.0899E+00    2.9478E+01    1.8100E-04
3.3606E+00  6.9202E-01 2.6951E+02    3.3364E-03    1.5433E-08    7.6890E-01   -1.9589E+00    3.1574E+01    1.8100E-04
2.9383E+00  7.2858E-01 2.7187E+02    4.0711E-03    1.4222E-08    7.6134E-01   -1.8003E+00    3.3645E+01    1.8100E-04
2.5226E+00  7.6611E-01 2.7421E+02    4.9501E-03    1.3149E-08    7.5534E-01   -1.6790E+00    3.5799E+01    1.8100E-04
2.1139E+00  8.0455E-01 2.7655E+02    5.8655E-03    1.2197E-08    7.3808E-01   -1.5774E+00    3.8050E+01    1.8100E-04
1.7123E+00  8.4386E-01 2.7879E+02    6.8336E-03    1.1341E-08    7.1682E-01   -1.5243E+00    4.0303E+01    1.8100E-04
1.3181E+00  8.8397E-01 2.8092E+02    7.9685E-03    1.0708E-08    7.0285E-01   -1.5544E+00    4.2536E+01    1.8100E-04
9.3174E-01  9.2483E-01 2.8294E+02    9.0508E-03    1.0137E-08    6.8750E-01   -1.6356E+00    4.4748E+01    1.8100E-04
5.5336E-01  9.6635E-01 2.8489E+02    1.0406E-02    9.6809E-09    6.9386E-01   -1.8815E+00    4.6949E+01    1.8100E-04
1.8325E-01  1.0085E+00 2.8673E+02    1.1730E-02    9.3154E-09    7.0972E-01   -2.1131E+00    4.9114E+01    1.8100E-04
0.0000E+00  1.0299E+00 2.8765E+02    1.2397E-02    9.3800E-09    7.9066E+00   -3.4186E+00    5.0232E+01    1.8100E-04
