     ALT          P          T          FH2O           O3           THEAT        TCOOL        PSATCO2        FCO2
7.1094E+01  3.2610E-05 1.9484E+02    2.9673E-06    1.3936E-08    3.3837E+01   -2.8880E+01    1.0449E+00    1.7930E-04
7.0097E+01  3.8505E-05 1.9408E+02    3.2937E-06    1.5404E-08    5.2867E+00   -1.8994E+01    9.8178E-01    1.8200E-04
6.9106E+01  4.5409E-05 1.9553E+02    3.6012E-06    1.6765E-08    1.6908E+00   -1.3216E+01    1.1056E+00    1.8200E-04
6.8114E+01  5.3484E-05 1.9773E+02    3.9065E-06    1.8233E-08    1.1917E+00   -9.5684E+00    1.3202E+00    1.8200E-04
6.7118E+01  6.2915E-05 1.9997E+02    4.1853E-06    2.0100E-08    1.1176E+00   -7.0164E+00    1.5747E+00    1.8200E-04
6.6120E+01  7.3916E-05 2.0208E+02    4.4625E-06    2.2693E-08    1.0966E+00   -5.2562E+00    1.8528E+00    1.8200E-04
6.5120E+01  8.6732E-05 2.0408E+02    4.7101E-06    2.6240E-08    1.0840E+00   -4.1311E+00    2.1548E+00    1.8200E-04
6.4118E+01  1.0164E-04 2.0601E+02    4.9380E-06    3.1120E-08    1.0796E+00   -3.4622E+00    2.4851E+00    1.8200E-04
6.3116E+01  1.1896E-04 2.0789E+02    5.1461E-06    3.7835E-08    1.0930E+00   -3.0896E+00    2.8474E+00    1.8200E-04
6.2113E+01  1.3906E-04 2.0972E+02    5.3441E-06    4.7244E-08    1.1239E+00   -2.9013E+00    3.2445E+00    1.8200E-04
6.1109E+01  1.6235E-04 2.1151E+02    5.5220E-06    6.0006E-08    1.1761E+00   -2.8163E+00    3.6790E+00    1.8200E-04
6.0106E+01  1.8930E-04 2.1327E+02    5.6797E-06    7.6647E-08    1.2522E+00   -2.7853E+00    4.1533E+00    1.8200E-04
5.9103E+01  2.2045E-04 2.1501E+02    5.8202E-06    9.6495E-08    1.3484E+00   -2.7832E+00    4.6701E+00    1.8200E-04
5.8101E+01  2.5639E-04 2.1671E+02    5.9505E-06    1.1840E-07    1.4583E+00   -2.7978E+00    5.2141E+00    1.8200E-04
5.7099E+01  2.9783E-04 2.1839E+02    6.0678E-06    1.4246E-07    1.5800E+00   -2.8215E+00    5.6047E+00    1.8200E-04
5.6099E+01  3.4552E-04 2.2006E+02    6.1778E-06    1.6677E-07    1.7050E+00   -2.8515E+00    6.0119E+00    1.8200E-04
5.5100E+01  4.0034E-04 2.2170E+02    6.2818E-06    1.9432E-07    1.8450E+00   -2.8862E+00    6.4362E+00    1.8200E-04
5.4103E+01  4.6329E-04 2.2333E+02    6.3716E-06    2.2454E-07    1.9977E+00   -2.9227E+00    6.8780E+00    1.8200E-04
5.3107E+01  5.3545E-04 2.2494E+02    6.4513E-06    2.5897E-07    2.1679E+00   -2.9620E+00    7.3379E+00    1.8200E-04
5.2113E+01  6.1807E-04 2.2654E+02    6.5308E-06    2.9754E-07    2.3536E+00   -3.0050E+00    7.8165E+00    1.8200E-04
5.1122E+01  7.1254E-04 2.2812E+02    6.6002E-06    3.4095E-07    2.5542E+00   -3.0485E+00    8.3141E+00    1.8200E-04
5.0132E+01  8.2041E-04 2.2970E+02    6.6670E-06    3.8992E-07    2.7681E+00   -3.0919E+00    8.8312E+00    1.8200E-04
4.9145E+01  9.4343E-04 2.3126E+02    6.7262E-06    4.4407E-07    2.9881E+00   -3.1325E+00    9.3684E+00    1.8200E-04
4.8161E+01  1.0835E-03 2.3282E+02    6.7853E-06    5.0568E-07    3.2211E+00   -3.1850E+00    9.9259E+00    1.8200E-04
4.7179E+01  1.2429E-03 2.3436E+02    6.8342E-06    5.7306E-07    3.4490E+00   -3.2386E+00    1.0504E+01    1.8200E-04
4.6200E+01  1.4238E-03 2.3590E+02    6.8820E-06    6.4901E-07    3.6671E+00   -3.2917E+00    1.1104E+01    1.8200E-04
4.5225E+01  1.6291E-03 2.3743E+02    6.9305E-06    7.3532E-07    3.8719E+00   -3.3540E+00    1.1725E+01    1.8200E-04
4.4252E+01  1.8616E-03 2.3895E+02    6.9599E-06    8.3274E-07    4.0557E+00   -3.4380E+00    1.2368E+01    1.8200E-04
4.3283E+01  2.1246E-03 2.4047E+02    6.9893E-06    9.4491E-07    4.2183E+00   -3.5615E+00    1.3033E+01    1.8200E-04
4.2317E+01  2.4217E-03 2.4197E+02    7.0087E-06    1.0703E-06    4.3467E+00   -3.7566E+00    1.3722E+01    1.8200E-04
4.1355E+01  2.7569E-03 2.4354E+02    7.0279E-06    1.2228E-06    4.4640E+00   -4.0205E+00    1.4465E+01    1.8200E-04
4.0396E+01  3.1345E-03 2.4492E+02    7.0300E-06    1.4099E-06    4.5619E+00   -4.2676E+00    1.5145E+01    1.8200E-04
3.9443E+01  3.5594E-03 2.4585E+02    7.0239E-06    1.6285E-06    4.6056E+00   -4.4268E+00    1.5615E+01    1.8200E-04
3.8497E+01  4.0367E-03 2.4619E+02    7.0049E-06    1.8991E-06    4.6048E+00   -4.4751E+00    1.5788E+01    1.8200E-04
3.7561E+01  4.5723E-03 2.4588E+02    6.9724E-06    2.2127E-06    4.5231E+00   -4.4095E+00    1.5631E+01    1.8200E-04
3.6637E+01  5.1724E-03 2.4494E+02    6.9332E-06    2.5495E-06    4.3434E+00   -4.2455E+00    1.5155E+01    1.8200E-04
3.5727E+01  5.8440E-03 2.4344E+02    6.8686E-06    2.8775E-06    4.0764E+00   -4.0079E+00    1.4416E+01    1.8200E-04
3.4834E+01  6.5944E-03 2.4148E+02    6.8067E-06    3.1644E-06    3.7578E+00   -3.7279E+00    1.3493E+01    1.8200E-04
3.3957E+01  7.4317E-03 2.3920E+02    6.7307E-06    3.3840E-06    3.4236E+00   -3.4303E+00    1.2477E+01    1.8200E-04
3.3099E+01  8.3649E-03 2.3675E+02    6.6448E-06    3.5411E-06    3.1063E+00   -3.1350E+00    1.1447E+01    1.8200E-04
3.2258E+01  9.4034E-03 2.3426E+02    6.5608E-06    3.6392E-06    2.8124E+00   -2.8538E+00    1.0465E+01    1.8200E-04
3.1436E+01  1.0557E-02 2.3183E+02    6.4722E-06    3.6763E-06    2.5366E+00   -2.6089E+00    9.5701E+00    1.8200E-04
3.0631E+01  1.1838E-02 2.2955E+02    6.3856E-06    3.6776E-06    2.2840E+00   -2.3387E+00    8.7816E+00    1.8200E-04
2.9842E+01  1.3258E-02 2.2745E+02    6.2910E-06    3.6455E-06    2.0507E+00   -2.0902E+00    8.1006E+00    1.8200E-04
2.9070E+01  1.4829E-02 2.2555E+02    6.1983E-06    3.5819E-06    1.8356E+00   -1.8638E+00    7.5195E+00    1.8200E-04
2.8312E+01  1.6565E-02 2.2385E+02    6.1074E-06    3.4974E-06    1.6417E+00   -1.6603E+00    7.0263E+00    1.8200E-04
2.7569E+01  1.8481E-02 2.2234E+02    6.0182E-06    3.4007E-06    1.4708E+00   -1.4804E+00    6.6077E+00    1.8200E-04
2.6839E+01  2.0593E-02 2.2099E+02    5.9306E-06    3.2840E-06    1.3202E+00   -1.3239E+00    6.2508E+00    1.8200E-04
2.6121E+01  2.2917E-02 2.1979E+02    5.8345E-06    3.1666E-06    1.1922E+00   -1.1899E+00    5.9444E+00    1.8200E-04
2.5416E+01  2.5471E-02 2.1870E+02    5.7499E-06    3.0329E-06    1.0813E+00   -1.0772E+00    5.6790E+00    1.8200E-04
2.4723E+01  2.8275E-02 2.1773E+02    5.6568E-06    2.9040E-06    9.8775E-01   -9.8152E-01    5.4472E+00    1.8200E-04
2.4042E+01  3.1348E-02 2.1684E+02    5.5707E-06    2.7578E-06    9.0416E-01   -8.9993E-01    5.2437E+00    1.8200E-04
2.3371E+01  3.4710E-02 2.1604E+02    5.4768E-06    2.6161E-06    8.3094E-01   -8.2764E-01    5.0048E+00    1.8200E-04
2.2711E+01  3.8385E-02 2.1532E+02    5.3945E-06    2.4712E-06    7.6423E-01   -7.6241E-01    4.7694E+00    1.8200E-04
2.2062E+01  4.2396E-02 2.1467E+02    5.3035E-06    2.3279E-06    7.0254E-01   -7.0135E-01    4.5669E+00    1.8200E-04
2.1423E+01  4.6766E-02 2.1410E+02    5.2206E-06    2.1806E-06    6.4376E-01   -6.4425E-01    4.3940E+00    1.8200E-04
2.0793E+01  5.1522E-02 2.1361E+02    5.1360E-06    2.0301E-06    5.8713E-01   -5.9005E-01    4.2484E+00    1.8200E-04
2.0174E+01  5.6691E-02 2.1318E+02    5.0508E-06    1.8695E-06    5.3166E-01   -5.3864E-01    4.1282E+00    1.8200E-04
1.9564E+01  6.2299E-02 2.1284E+02    4.9737E-06    1.7102E-06    4.7916E-01   -4.8840E-01    4.0313E+00    1.8200E-04
1.8962E+01  6.8376E-02 2.1256E+02    4.8953E-06    1.5478E-06    4.2919E-01   -4.3850E-01    3.9548E+00    1.8200E-04
1.8370E+01  7.4951E-02 2.1234E+02    4.8243E-06    1.3823E-06    3.8201E-01   -3.8920E-01    3.8950E+00    1.8200E-04
1.7787E+01  8.2054E-02 2.1216E+02    4.7543E-06    1.2197E-06    3.3837E-01   -3.4038E-01    3.8469E+00    1.8200E-04
1.7212E+01  8.9718E-02 2.1200E+02    4.6862E-06    1.0488E-06    2.9688E-01   -2.9618E-01    3.8055E+00    1.8200E-04
1.6646E+01  9.7974E-02 2.1185E+02    4.6316E-06    8.9234E-07    2.6032E-01   -2.5529E-01    3.7657E+00    1.8200E-04
1.6089E+01  1.0686E-01 2.1168E+02    4.5870E-06    7.3999E-07    2.2601E-01   -1.9941E-01    3.7225E+00    1.8200E-04
1.5540E+01  1.1639E-01 2.1149E+02    4.5431E-06    6.0098E-07    1.9563E-01   -1.6914E-01    3.6735E+00    1.8200E-04
1.5000E+01  1.2663E-01 2.1128E+02    4.5049E-06    4.7840E-07    1.6961E-01   -1.4704E-01    3.6204E+00    1.8200E-04
1.4468E+01  1.3758E-01 2.1107E+02    4.4731E-06    3.7277E-07    1.4761E-01   -1.3281E-01    3.5683E+00    1.8200E-04
1.3946E+01  1.4930E-01 2.1090E+02    4.4478E-06    2.8232E-07    1.2908E-01   -1.2629E-01    3.5249E+00    1.8200E-04
1.3431E+01  1.6181E-01 2.1079E+02    4.4336E-06    2.0792E-07    1.1399E-01   -1.2496E-01    3.4987E+00    1.8200E-04
1.2925E+01  1.7515E-01 2.1079E+02    4.4235E-06    1.5393E-07    1.0279E-01   -1.2293E-01    3.4976E+00    1.8200E-04
1.2427E+01  1.8934E-01 2.1090E+02    4.4135E-06    1.1881E-07    9.5104E-02   -1.1684E-01    3.5263E+00    1.8200E-04
1.1937E+01  2.0444E-01 2.1115E+02    4.5219E-06    9.3489E-08    9.0110E-02   -1.1289E-01    3.5883E+00    1.8200E-04
1.1454E+01  2.2045E-01 2.1152E+02    5.0200E-06    7.4787E-08    8.8411E-02   -1.1657E-01    3.6816E+00    1.8200E-04
1.0979E+01  2.3742E-01 2.1200E+02    6.0515E-06    6.3140E-08    9.0194E-02   -1.1739E-01    3.8062E+00    1.8200E-04
1.0510E+01  2.5538E-01 2.1252E+02    7.1073E-06    5.6392E-08    9.1669E-02   -4.9861E-02    3.9437E+00    1.8200E-04
1.0048E+01  2.7435E-01 2.1309E+02    7.7129E-06    5.1906E-08    9.4842E-02   -5.1210E-02    4.1028E+00    1.8200E-04
9.5911E+00  2.9435E-01 2.1600E+02    1.1426E-05    4.8325E-08    1.1067E-01   -2.9599E-01    4.9921E+00    1.8200E-04
9.1346E+00  3.1542E-01 2.2034E+02    2.0090E-05    4.5115E-08    1.4521E-01   -6.9827E-01    6.0847E+00    1.8200E-04
8.6776E+00  3.3756E-01 2.2466E+02    3.4450E-05    4.2120E-08    1.9403E-01   -1.1171E+00    7.2573E+00    1.8200E-04
8.2205E+00  3.6081E-01 2.2894E+02    5.7590E-05    3.9215E-08    2.5455E-01   -1.5113E+00    8.5781E+00    1.8200E-04
7.7637E+00  3.8517E-01 2.3315E+02    9.3782E-05    3.6478E-08    3.2169E-01   -1.8265E+00    1.0047E+01    1.8200E-04
7.3077E+00  4.1066E-01 2.3727E+02    1.4865E-04    3.3911E-08    3.9200E-01   -2.0443E+00    1.1659E+01    1.8200E-04
6.8530E+00  4.3729E-01 2.4128E+02    2.2917E-04    3.1437E-08    4.6761E-01   -2.1895E+00    1.3402E+01    1.8200E-04
6.4001E+00  4.6505E-01 2.4515E+02    3.4341E-04    2.9056E-08    5.4546E-01   -2.2535E+00    1.5261E+01    1.8200E-04
5.9496E+00  4.9396E-01 2.4887E+02    5.0012E-04    2.6832E-08    6.1233E-01   -2.2644E+00    1.7213E+01    1.8200E-04
5.5021E+00  5.2400E-01 2.5240E+02    7.0813E-04    2.4785E-08    6.6042E-01   -2.2524E+00    1.9238E+01    1.8200E-04
5.0582E+00  5.5516E-01 2.5576E+02    9.7578E-04    2.2871E-08    6.9480E-01   -2.2383E+00    2.1311E+01    1.8200E-04
4.6184E+00  5.8744E-01 2.5892E+02    1.3105E-03    2.1054E-08    7.2245E-01   -2.2022E+00    2.3413E+01    1.8200E-04
4.1833E+00  6.2082E-01 2.6189E+02    1.7185E-03    1.9335E-08    7.4376E-01   -2.1442E+00    2.5526E+01    1.8200E-04
3.7533E+00  6.5526E-01 2.6469E+02    2.2049E-03    1.7712E-08    7.5592E-01   -2.0827E+00    2.7637E+01    1.8200E-04
3.3291E+00  6.9074E-01 2.6732E+02    2.7737E-03    1.6343E-08    7.5878E-01   -1.9968E+00    2.9736E+01    1.8200E-04
2.9110E+00  7.2723E-01 2.6979E+02    3.4275E-03    1.5067E-08    7.5525E-01   -1.8598E+00    3.1813E+01    1.8200E-04
2.4995E+00  7.6468E-01 2.7212E+02    4.1685E-03    1.3933E-08    7.4833E-01   -1.7084E+00    3.3865E+01    1.8200E-04
2.0947E+00  8.0304E-01 2.7445E+02    5.0577E-03    1.2948E-08    7.4344E-01   -1.6060E+00    3.6020E+01    1.8200E-04
1.6970E+00  8.4227E-01 2.7675E+02    5.9613E-03    1.2090E-08    7.2642E-01   -1.5248E+00    3.8246E+01    1.8200E-04
1.3065E+00  8.8230E-01 2.7896E+02    6.9419E-03    1.1309E-08    7.0904E-01   -1.5064E+00    4.0473E+01    1.8200E-04
9.2363E-01  9.2307E-01 2.8105E+02    8.0606E-03    1.0738E-08    6.9923E-01   -1.5728E+00    4.2674E+01    1.8200E-04
5.4860E-01  9.6450E-01 2.8304E+02    9.1268E-03    1.0283E-08    6.9200E-01   -1.7470E+00    4.4852E+01    1.8200E-04
1.8170E-01  1.0065E+00 2.8494E+02    1.0476E-02    9.8997E-09    7.1305E-01   -1.9996E+00    4.7014E+01    1.8200E-04
0.0000E+00  1.0279E+00 2.8589E+02    1.1161E-02    9.9700E-09    7.9799E+00   -3.5598E+00    4.8123E+01    1.8200E-04
