     ALT          P          T          FH2O           O3           THEAT        TCOOL        PSATCO2        FCO2
7.1139E+01  3.2610E-05 1.9535E+02    2.8621E-06    1.4041E-08    3.3879E+01   -2.9429E+01    1.0893E+00    1.8000E-04
7.0139E+01  3.8505E-05 1.9479E+02    3.1704E-06    1.5522E-08    5.2560E+00   -1.9429E+01    1.0408E+00    1.8200E-04
6.9144E+01  4.5409E-05 1.9622E+02    3.4791E-06    1.6817E-08    1.6838E+00   -1.3494E+01    1.1696E+00    1.8200E-04
6.8149E+01  5.3484E-05 1.9834E+02    3.7662E-06    1.8268E-08    1.1885E+00   -9.6684E+00    1.3861E+00    1.8200E-04
6.7150E+01  6.2915E-05 2.0051E+02    4.0459E-06    2.0220E-08    1.1156E+00   -7.0175E+00    1.6420E+00    1.8200E-04
6.6150E+01  7.3917E-05 2.0256E+02    4.3126E-06    2.2796E-08    1.0943E+00   -5.2133E+00    1.9222E+00    1.8200E-04
6.5147E+01  8.6732E-05 2.0453E+02    4.5533E-06    2.6399E-08    1.0818E+00   -4.0858E+00    2.2271E+00    1.8200E-04
6.4144E+01  1.0164E-04 2.0642E+02    4.7803E-06    3.1272E-08    1.0774E+00   -3.4189E+00    2.5608E+00    1.8200E-04
6.3139E+01  1.1896E-04 2.0827E+02    4.9813E-06    3.8043E-08    1.0909E+00   -3.0498E+00    2.9270E+00    1.8200E-04
6.2134E+01  1.3906E-04 2.1008E+02    5.1701E-06    4.7446E-08    1.1216E+00   -2.8654E+00    3.3284E+00    1.8200E-04
6.1129E+01  1.6235E-04 2.1186E+02    5.3388E-06    6.0331E-08    1.1743E+00   -2.7837E+00    3.7676E+00    1.8200E-04
6.0124E+01  1.8930E-04 2.1360E+02    5.4972E-06    7.7034E-08    1.2509E+00   -2.7588E+00    4.2469E+00    1.8200E-04
5.9120E+01  2.2045E-04 2.1532E+02    5.6353E-06    9.7080E-08    1.3484E+00   -2.7617E+00    4.7689E+00    1.8200E-04
5.8116E+01  2.5639E-04 2.1701E+02    5.7658E-06    1.1980E-07    1.4621E+00   -2.7816E+00    5.2821E+00    1.8200E-04
5.7114E+01  2.9783E-04 2.1868E+02    5.8761E-06    1.4314E-07    1.5811E+00   -2.8085E+00    5.6737E+00    1.8200E-04
5.6112E+01  3.4552E-04 2.2033E+02    5.9836E-06    1.6846E-07    1.7104E+00   -2.8432E+00    6.0820E+00    1.8200E-04
5.5112E+01  4.0035E-04 2.2197E+02    6.0809E-06    1.9600E-07    1.8507E+00   -2.8818E+00    6.5075E+00    1.8200E-04
5.4113E+01  4.6329E-04 2.2359E+02    6.1709E-06    2.2624E-07    2.0036E+00   -2.9236E+00    6.9505E+00    1.8200E-04
5.3116E+01  5.3545E-04 2.2519E+02    6.2506E-06    2.6093E-07    2.1748E+00   -2.9677E+00    7.4118E+00    1.8200E-04
5.2121E+01  6.1807E-04 2.2678E+02    6.3202E-06    2.9949E-07    2.3606E+00   -3.0132E+00    7.8917E+00    1.8200E-04
5.1129E+01  7.1255E-04 2.2836E+02    6.3897E-06    3.4367E-07    2.5645E+00   -3.0609E+00    8.3908E+00    1.8200E-04
5.0138E+01  8.2042E-04 2.2993E+02    6.4567E-06    3.9289E-07    2.7796E+00   -3.1077E+00    8.9094E+00    1.8200E-04
4.9150E+01  9.4344E-04 2.3149E+02    6.5160E-06    4.4785E-07    3.0022E+00   -3.1508E+00    9.4481E+00    1.8200E-04
4.8165E+01  1.0835E-03 2.3304E+02    6.5734E-06    5.0868E-07    3.2316E+00   -3.2046E+00    1.0007E+01    1.8200E-04
4.7182E+01  1.2429E-03 2.3458E+02    6.6227E-06    5.7707E-07    3.4621E+00   -3.2591E+00    1.0587E+01    1.8200E-04
4.6202E+01  1.4238E-03 2.3611E+02    6.6619E-06    6.5305E-07    3.6790E+00   -3.3113E+00    1.1188E+01    1.8200E-04
4.5226E+01  1.6291E-03 2.3764E+02    6.7010E-06    7.3940E-07    3.8824E+00   -3.3726E+00    1.1811E+01    1.8200E-04
4.4253E+01  1.8616E-03 2.3916E+02    6.7400E-06    8.3787E-07    4.0679E+00   -3.4568E+00    1.2456E+01    1.8200E-04
4.3282E+01  2.1246E-03 2.4067E+02    6.7688E-06    9.5017E-07    4.2302E+00   -3.5797E+00    1.3123E+01    1.8200E-04
4.2316E+01  2.4217E-03 2.4217E+02    6.7887E-06    1.0807E-06    4.3701E+00   -3.7753E+00    1.3815E+01    1.8200E-04
4.1353E+01  2.7569E-03 2.4374E+02    6.8000E-06    1.2334E-06    4.4830E+00   -4.0364E+00    1.4559E+01    1.8200E-04
4.0394E+01  3.1346E-03 2.4511E+02    6.8000E-06    1.4179E-06    4.5700E+00   -4.2791E+00    1.5237E+01    1.8200E-04
3.9440E+01  3.5594E-03 2.4602E+02    6.7938E-06    1.6399E-06    4.6149E+00   -4.4347E+00    1.5700E+01    1.8200E-04
3.8494E+01  4.0368E-03 2.4634E+02    6.7748E-06    1.9061E-06    4.6024E+00   -4.4777E+00    1.5865E+01    1.8200E-04
3.7557E+01  4.5724E-03 2.4602E+02    6.7422E-06    2.2187E-06    4.5165E+00   -4.4087E+00    1.5700E+01    1.8200E-04
3.6632E+01  5.1725E-03 2.4507E+02    6.6952E-06    2.5522E-06    4.3329E+00   -4.2419E+00    1.5217E+01    1.8200E-04
3.5722E+01  5.8441E-03 2.4356E+02    6.6382E-06    2.8801E-06    4.0679E+00   -4.0042E+00    1.4472E+01    1.8200E-04
3.4828E+01  6.5945E-03 2.4159E+02    6.5760E-06    3.1670E-06    3.7513E+00   -3.7243E+00    1.3545E+01    1.8200E-04
3.3951E+01  7.4319E-03 2.3931E+02    6.4958E-06    3.3860E-06    3.4184E+00   -3.4264E+00    1.2524E+01    1.8200E-04
3.3092E+01  8.3651E-03 2.3686E+02    6.4139E-06    3.5424E-06    3.1015E+00   -3.1312E+00    1.1490E+01    1.8200E-04
3.2251E+01  9.4036E-03 2.3436E+02    6.3298E-06    3.6301E-06    2.8038E+00   -2.8493E+00    1.0504E+01    1.8200E-04
3.1428E+01  1.0558E-02 2.3193E+02    6.2375E-06    3.6730E-06    2.5319E+00   -2.6052E+00    9.6053E+00    1.8200E-04
3.0623E+01  1.1839E-02 2.2964E+02    6.1443E-06    3.6748E-06    2.2801E+00   -2.3348E+00    8.8131E+00    1.8200E-04
2.9834E+01  1.3258E-02 2.2754E+02    6.0581E-06    3.6349E-06    2.0447E+00   -2.0866E+00    8.1288E+00    1.8200E-04
2.9062E+01  1.4829E-02 2.2564E+02    5.9669E-06    3.5708E-06    1.8304E+00   -1.8606E+00    7.5447E+00    1.8200E-04
2.8304E+01  1.6565E-02 2.2393E+02    5.8760E-06    3.4950E-06    1.6396E+00   -1.6575E+00    7.0487E+00    1.8200E-04
2.7560E+01  1.8481E-02 2.2241E+02    5.7828E-06    3.3928E-06    1.4677E+00   -1.4771E+00    6.6273E+00    1.8200E-04
2.6830E+01  2.0593E-02 2.2106E+02    5.6891E-06    3.2821E-06    1.3184E+00   -1.3202E+00    6.2677E+00    1.8200E-04
2.6112E+01  2.2918E-02 2.1984E+02    5.6001E-06    3.1543E-06    1.1885E+00   -1.1862E+00    5.9586E+00    1.8200E-04
2.5407E+01  2.5472E-02 2.1875E+02    5.5084E-06    3.0274E-06    1.0790E+00   -1.0730E+00    5.6906E+00    1.8200E-04
2.4714E+01  2.8276E-02 2.1777E+02    5.4244E-06    2.8920E-06    9.8455E-01   -9.7771E-01    5.4565E+00    1.8200E-04
2.4032E+01  3.1348E-02 2.1687E+02    5.3334E-06    2.7553E-06    9.0280E-01   -8.9553E-01    5.2507E+00    1.8200E-04
2.3361E+01  3.4711E-02 2.1606E+02    5.2451E-06    2.6134E-06    8.2968E-01   -8.2313E-01    5.0121E+00    1.8200E-04
2.2701E+01  3.8386E-02 2.1533E+02    5.1538E-06    2.4684E-06    7.6288E-01   -7.5731E-01    4.7734E+00    1.8200E-04
2.2052E+01  4.2397E-02 2.1468E+02    5.0717E-06    2.3251E-06    7.0123E-01   -6.9639E-01    4.5677E+00    1.8200E-04
2.1413E+01  4.6767E-02 2.1409E+02    4.9823E-06    2.1776E-06    6.4236E-01   -6.3891E-01    4.3918E+00    1.8200E-04
2.0784E+01  5.1524E-02 2.1359E+02    4.9037E-06    2.0271E-06    5.8594E-01   -5.8472E-01    4.2433E+00    1.8200E-04
2.0164E+01  5.6692E-02 2.1315E+02    4.8175E-06    1.8762E-06    5.3195E-01   -5.3197E-01    4.1198E+00    1.8200E-04
1.9554E+01  6.2301E-02 2.1279E+02    4.7360E-06    1.7129E-06    4.7887E-01   -4.8129E-01    4.0190E+00    1.8200E-04
1.8953E+01  6.8378E-02 2.1250E+02    4.6579E-06    1.5508E-06    4.2879E-01   -4.3076E-01    3.9380E+00    1.8200E-04
1.8361E+01  7.4953E-02 2.1225E+02    4.5829E-06    1.3812E-06    3.8095E-01   -3.8135E-01    3.8729E+00    1.8200E-04
1.7778E+01  8.2057E-02 2.1205E+02    4.5225E-06    1.2167E-06    3.3718E-01   -3.3262E-01    3.8190E+00    1.8200E-04
1.7204E+01  8.9721E-02 2.1187E+02    4.4551E-06    1.0551E-06    2.9698E-01   -2.8576E-01    3.7712E+00    1.8200E-04
1.6638E+01  9.7977E-02 2.1169E+02    4.4008E-06    8.9344E-07    2.5976E-01   -2.4503E-01    3.7246E+00    1.8200E-04
1.6081E+01  1.0686E-01 2.1149E+02    4.3563E-06    7.4106E-07    2.2538E-01   -1.8856E-01    3.6747E+00    1.8200E-04
1.5533E+01  1.1640E-01 2.1128E+02    4.3124E-06    6.0138E-07    1.9491E-01   -1.5830E-01    3.6193E+00    1.8200E-04
1.4993E+01  1.2663E-01 2.1104E+02    4.2745E-06    4.7870E-07    1.6888E-01   -1.3622E-01    3.5603E+00    1.8200E-04
1.4462E+01  1.3759E-01 2.1081E+02    4.2426E-06    3.7347E-07    1.4693E-01   -1.2187E-01    3.5028E+00    1.8200E-04
1.3940E+01  1.4930E-01 2.1060E+02    4.2175E-06    2.8265E-07    1.2834E-01   -1.1520E-01    3.4535E+00    1.8200E-04
1.3427E+01  1.6181E-01 2.1047E+02    4.2035E-06    2.0752E-07    1.1316E-01   -1.1379E-01    3.4212E+00    1.8200E-04
1.2922E+01  1.7515E-01 2.1044E+02    4.1934E-06    1.5425E-07    1.0205E-01   -1.1098E-01    3.4138E+00    1.8200E-04
1.2424E+01  1.8935E-01 2.1053E+02    4.1835E-06    1.1890E-07    9.4343E-02   -1.0421E-01    3.4362E+00    1.8200E-04
1.1935E+01  2.0444E-01 2.1077E+02    4.2990E-06    9.3646E-08    8.9414E-02   -1.0045E-01    3.4935E+00    1.8200E-04
1.1453E+01  2.2046E-01 2.1115E+02    4.8242E-06    7.5069E-08    8.7878E-02   -1.0680E-01    3.5886E+00    1.8200E-04
1.0978E+01  2.3743E-01 2.1165E+02    5.7873E-06    6.3369E-08    8.9566E-02   -1.0436E-01    3.7141E+00    1.8200E-04
1.0510E+01  2.5539E-01 2.1217E+02    6.7782E-06    5.6645E-08    9.2078E-02   -4.8511E-02    3.8510E+00    1.8200E-04
1.0049E+01  2.7435E-01 2.1295E+02    7.5647E-06    5.2175E-08    9.4866E-02   -6.1907E-02    4.0627E+00    1.8200E-04
9.5920E+00  2.9436E-01 2.1603E+02    1.1465E-05    4.8538E-08    1.1163E-01   -3.1751E-01    5.0008E+00    1.8200E-04
9.1355E+00  3.1543E-01 2.2037E+02    2.0157E-05    4.5303E-08    1.4658E-01   -7.1830E-01    6.0915E+00    1.8200E-04
8.6784E+00  3.3758E-01 2.2469E+02    3.4562E-05    4.2231E-08    1.9560E-01   -1.1350E+00    7.2651E+00    1.8200E-04
8.2212E+00  3.6082E-01 2.2896E+02    5.7772E-05    3.9325E-08    2.5620E-01   -1.5256E+00    8.5871E+00    1.8200E-04
7.7644E+00  3.8519E-01 2.3317E+02    9.4071E-05    3.6586E-08    3.2326E-01   -1.8368E+00    1.0057E+01    1.8200E-04
7.3083E+00  4.1068E-01 2.3730E+02    1.4909E-04    3.3929E-08    3.9337E-01   -2.0511E+00    1.1670E+01    1.8200E-04
6.8536E+00  4.3730E-01 2.4131E+02    2.2982E-04    3.1443E-08    4.6880E-01   -2.1940E+00    1.3415E+01    1.8200E-04
6.4006E+00  4.6507E-01 2.4518E+02    3.4434E-04    2.9133E-08    5.4649E-01   -2.2563E+00    1.5274E+01    1.8200E-04
5.9501E+00  4.9398E-01 2.4889E+02    5.0140E-04    2.6937E-08    6.1317E-01   -2.2664E+00    1.7228E+01    1.8200E-04
5.5026E+00  5.2402E-01 2.5243E+02    7.0984E-04    2.4837E-08    6.6105E-01   -2.2538E+00    1.9253E+01    1.8200E-04
5.0586E+00  5.5518E-01 2.5578E+02    9.7797E-04    2.2874E-08    6.9529E-01   -2.2395E+00    2.1327E+01    1.8200E-04
4.6187E+00  5.8747E-01 2.5894E+02    1.3132E-03    2.1057E-08    7.2285E-01   -2.2030E+00    2.3429E+01    1.8200E-04
4.1836E+00  6.2084E-01 2.6192E+02    1.7219E-03    1.9352E-08    7.4408E-01   -2.1448E+00    2.5543E+01    1.8200E-04
3.7536E+00  6.5528E-01 2.6471E+02    2.2090E-03    1.7813E-08    7.5616E-01   -2.0831E+00    2.7654E+01    1.8200E-04
3.3293E+00  6.9077E-01 2.6734E+02    2.7784E-03    1.6359E-08    7.5894E-01   -1.9969E+00    2.9752E+01    1.8200E-04
2.9112E+00  7.2725E-01 2.6981E+02    3.4330E-03    1.5068E-08    7.5535E-01   -1.8595E+00    3.1830E+01    1.8200E-04
2.4996E+00  7.6470E-01 2.7213E+02    4.1747E-03    1.3935E-08    7.4838E-01   -1.7079E+00    3.3882E+01    1.8200E-04
2.0949E+00  8.0307E-01 2.7447E+02    5.0644E-03    1.2949E-08    7.4339E-01   -1.6054E+00    3.6037E+01    1.8200E-04
1.6971E+00  8.4230E-01 2.7677E+02    5.9678E-03    1.2090E-08    7.2627E-01   -1.5245E+00    3.8263E+01    1.8200E-04
1.3066E+00  8.8233E-01 2.7897E+02    6.9505E-03    1.1309E-08    7.0900E-01   -1.5068E+00    4.0490E+01    1.8200E-04
9.2368E-01  9.2310E-01 2.8106E+02    8.0689E-03    1.0738E-08    6.9911E-01   -1.5733E+00    4.2692E+01    1.8200E-04
5.4863E-01  9.6454E-01 2.8305E+02    9.1349E-03    1.0283E-08    6.9186E-01   -1.7475E+00    4.4869E+01    1.8200E-04
1.8171E-01  1.0066E+00 2.8496E+02    1.0487E-02    9.8997E-09    7.1302E-01   -2.0007E+00    4.7032E+01    1.8200E-04
0.0000E+00  1.0279E+00 2.8591E+02    1.1171E-02    9.9700E-09    7.9793E+00   -3.5588E+00    4.8141E+01    1.8200E-04
