     ALT          P          T          FH2O           O3           THEAT        TCOOL        PSATCO2        FCO2
7.1193E+01  3.2610E-05 1.9606E+02    2.6738E-06    1.4369E-08    3.3886E+01   -3.0055E+01    1.1546E+00    1.8000E-04
7.0189E+01  3.8505E-05 1.9576E+02    2.9664E-06    1.5666E-08    5.2459E+00   -2.0043E+01    1.1265E+00    1.8200E-04
6.9189E+01  4.5410E-05 1.9717E+02    3.2555E-06    1.6978E-08    1.6780E+00   -1.3856E+01    1.2628E+00    1.8200E-04
6.8189E+01  5.3485E-05 1.9920E+02    3.5348E-06    1.8502E-08    1.1846E+00   -9.7919E+00    1.4823E+00    1.8200E-04
6.7187E+01  6.2916E-05 2.0126E+02    3.8045E-06    2.0443E-08    1.1123E+00   -7.0147E+00    1.7406E+00    1.8200E-04
6.6182E+01  7.3917E-05 2.0325E+02    4.0458E-06    2.3107E-08    1.0908E+00   -5.1477E+00    2.0241E+00    1.8200E-04
6.5176E+01  8.6733E-05 2.0515E+02    4.2859E-06    2.6711E-08    1.0781E+00   -4.0020E+00    2.3333E+00    1.8200E-04
6.4170E+01  1.0164E-04 2.0701E+02    4.4960E-06    3.1581E-08    1.0733E+00   -3.3356E+00    2.6722E+00    1.8200E-04
6.3162E+01  1.1896E-04 2.0882E+02    4.6959E-06    3.8414E-08    1.0871E+00   -2.9745E+00    3.0442E+00    1.8200E-04
6.2155E+01  1.3906E-04 2.1060E+02    4.8673E-06    4.7973E-08    1.1183E+00   -2.7947E+00    3.4520E+00    1.8200E-04
6.1147E+01  1.6235E-04 2.1235E+02    5.0267E-06    6.0942E-08    1.1715E+00   -2.7200E+00    3.8980E+00    1.8200E-04
6.0140E+01  1.8931E-04 2.1407E+02    5.1757E-06    7.7889E-08    1.2494E+00   -2.7022E+00    4.3846E+00    1.8200E-04
5.9133E+01  2.2045E-04 2.1577E+02    5.3067E-06    9.8456E-08    1.3493E+00   -2.7129E+00    4.9144E+00    1.8200E-04
5.8127E+01  2.5640E-04 2.1744E+02    5.4326E-06    1.2093E-07    1.4625E+00   -2.7416E+00    5.3813E+00    1.8200E-04
5.7123E+01  2.9784E-04 2.1910E+02    5.5431E-06    1.4532E-07    1.5868E+00   -2.7784E+00    5.7744E+00    1.8200E-04
5.6119E+01  3.4553E-04 2.2073E+02    5.6408E-06    1.7143E-07    1.7203E+00   -2.8204E+00    6.1844E+00    1.8200E-04
5.5117E+01  4.0036E-04 2.2235E+02    5.7310E-06    1.9904E-07    1.8612E+00   -2.8668E+00    6.6115E+00    1.8200E-04
5.4117E+01  4.6331E-04 2.2396E+02    5.8111E-06    2.2961E-07    2.0157E+00   -2.9162E+00    7.0564E+00    1.8200E-04
5.3118E+01  5.3547E-04 2.2555E+02    5.8910E-06    2.6512E-07    2.1911E+00   -2.9698E+00    7.5196E+00    1.8200E-04
5.2121E+01  6.1810E-04 2.2713E+02    5.9608E-06    3.0453E-07    2.3809E+00   -3.0239E+00    8.0014E+00    1.8200E-04
5.1127E+01  7.1257E-04 2.2870E+02    6.0278E-06    3.4908E-07    2.5861E+00   -3.0782E+00    8.5025E+00    1.8200E-04
5.0135E+01  8.2046E-04 2.3026E+02    6.0873E-06    3.9844E-07    2.8009E+00   -3.1298E+00    9.0233E+00    1.8200E-04
4.9145E+01  9.4348E-04 2.3182E+02    6.1467E-06    4.5356E-07    3.0233E+00   -3.1777E+00    9.5642E+00    1.8200E-04
4.8159E+01  1.0836E-03 2.3336E+02    6.1959E-06    5.1558E-07    3.2560E+00   -3.2342E+00    1.0126E+01    1.8200E-04
4.7174E+01  1.2429E-03 2.3489E+02    6.2433E-06    5.8420E-07    3.4859E+00   -3.2908E+00    1.0708E+01    1.8200E-04
4.6193E+01  1.4239E-03 2.3642E+02    6.2826E-06    6.6145E-07    3.7049E+00   -3.3441E+00    1.1312E+01    1.8200E-04
4.5215E+01  1.6292E-03 2.3794E+02    6.3217E-06    7.4813E-07    3.9063E+00   -3.4049E+00    1.1937E+01    1.8200E-04
4.4241E+01  1.8617E-03 2.3945E+02    6.3507E-06    8.4703E-07    4.0895E+00   -3.4871E+00    1.2585E+01    1.8200E-04
4.3269E+01  2.1247E-03 2.4096E+02    6.3798E-06    9.6076E-07    4.2525E+00   -3.6094E+00    1.3255E+01    1.8200E-04
4.2302E+01  2.4219E-03 2.4246E+02    6.3992E-06    1.0939E-06    4.3948E+00   -3.8040E+00    1.3950E+01    1.8200E-04
4.1337E+01  2.7571E-03 2.4401E+02    6.4085E-06    1.2473E-06    4.5018E+00   -4.0607E+00    1.4694E+01    1.8200E-04
4.0377E+01  3.1347E-03 2.4537E+02    6.4100E-06    1.4260E-06    4.5712E+00   -4.2966E+00    1.5367E+01    1.8200E-04
3.9422E+01  3.5596E-03 2.4626E+02    6.3932E-06    1.6568E-06    4.6280E+00   -4.4482E+00    1.5823E+01    1.8200E-04
3.8475E+01  4.0370E-03 2.4655E+02    6.3743E-06    1.9243E-06    4.6112E+00   -4.4860E+00    1.5976E+01    1.8200E-04
3.7537E+01  4.5727E-03 2.4621E+02    6.3410E-06    2.2344E-06    4.5161E+00   -4.4114E+00    1.5797E+01    1.8200E-04
3.6612E+01  5.1729E-03 2.4523E+02    6.2910E-06    2.5724E-06    4.3336E+00   -4.2407E+00    1.5300E+01    1.8200E-04
3.5701E+01  5.8445E-03 2.4370E+02    6.2352E-06    2.8988E-06    4.0643E+00   -3.9991E+00    1.4540E+01    1.8200E-04
3.4806E+01  6.5950E-03 2.4171E+02    6.1636E-06    3.1762E-06    3.7402E+00   -3.7148E+00    1.3601E+01    1.8200E-04
3.3929E+01  7.4324E-03 2.3942E+02    6.0867E-06    3.3927E-06    3.4080E+00   -3.4157E+00    1.2570E+01    1.8200E-04
3.3069E+01  8.3657E-03 2.3695E+02    6.0008E-06    3.5467E-06    3.0929E+00   -3.1197E+00    1.1527E+01    1.8200E-04
3.2228E+01  9.4043E-03 2.3443E+02    5.9160E-06    3.6420E-06    2.8006E+00   -2.8382E+00    1.0532E+01    1.8200E-04
3.1405E+01  1.0558E-02 2.3199E+02    5.8244E-06    3.6771E-06    2.5262E+00   -2.5941E+00    9.6253E+00    1.8200E-04
3.0600E+01  1.1839E-02 2.2968E+02    5.7338E-06    3.6768E-06    2.2745E+00   -2.3236E+00    8.8257E+00    1.8200E-04
2.9811E+01  1.3259E-02 2.2756E+02    5.6460E-06    3.6430E-06    2.0420E+00   -2.0753E+00    8.1343E+00    1.8200E-04
2.9038E+01  1.4830E-02 2.2563E+02    5.5532E-06    3.5776E-06    1.8274E+00   -1.8487E+00    7.5433E+00    1.8200E-04
2.8280E+01  1.6567E-02 2.2391E+02    5.4623E-06    3.4923E-06    1.6344E+00   -1.6447E+00    7.0408E+00    1.8200E-04
2.7536E+01  1.8483E-02 2.2236E+02    5.3685E-06    3.3984E-06    1.4651E+00   -1.4638E+00    6.6132E+00    1.8200E-04
2.6806E+01  2.0595E-02 2.2098E+02    5.2755E-06    3.2872E-06    1.3162E+00   -1.3061E+00    6.2476E+00    1.8200E-04
2.6089E+01  2.2920E-02 2.1974E+02    5.1894E-06    3.1589E-06    1.1863E+00   -1.1714E+00    5.9326E+00    1.8200E-04
2.5384E+01  2.5474E-02 2.1862E+02    5.0973E-06    3.0321E-06    1.0769E+00   -1.0572E+00    5.6589E+00    1.8200E-04
2.4691E+01  2.8278E-02 2.1761E+02    5.0104E-06    2.8961E-06    9.8257E-01   -9.6081E-01    5.4192E+00    1.8200E-04
2.4010E+01  3.1351E-02 2.1668E+02    4.9200E-06    2.7597E-06    9.0102E-01   -8.7770E-01    5.2081E+00    1.8200E-04
2.3340E+01  3.4714E-02 2.1585E+02    4.8312E-06    2.6175E-06    8.2800E-01   -8.0433E-01    4.9403E+00    1.8200E-04
2.2680E+01  3.8390E-02 2.1509E+02    4.7490E-06    2.4725E-06    7.6136E-01   -7.3787E-01    4.6955E+00    1.8200E-04
2.2032E+01  4.2401E-02 2.1440E+02    4.6582E-06    2.3296E-06    6.9981E-01   -6.7555E-01    4.4841E+00    1.8200E-04
2.1393E+01  4.6772E-02 2.1379E+02    4.5762E-06    2.1819E-06    6.4109E-01   -6.1736E-01    4.3027E+00    1.8200E-04
2.0765E+01  5.1529E-02 2.1326E+02    4.4911E-06    2.0318E-06    5.8466E-01   -5.6201E-01    4.1487E+00    1.8200E-04
2.0146E+01  5.6698E-02 2.1280E+02    4.4067E-06    1.8728E-06    5.2960E-01   -5.0936E-01    4.0200E+00    1.8200E-04
1.9537E+01  6.2307E-02 2.1241E+02    4.3336E-06    1.7173E-06    4.7769E-01   -4.5781E-01    3.9141E+00    1.8200E-04
1.8937E+01  6.8384E-02 2.1209E+02    4.2553E-06    1.5494E-06    4.2701E-01   -4.0759E-01    3.8280E+00    1.8200E-04
1.8346E+01  7.4960E-02 2.1182E+02    4.1809E-06    1.3845E-06    3.7992E-01   -3.5729E-01    3.7578E+00    1.8200E-04
1.7764E+01  8.2065E-02 2.1159E+02    4.1210E-06    1.2226E-06    3.3659E-01   -3.0774E-01    3.6987E+00    1.8200E-04
1.7191E+01  8.9730E-02 2.1138E+02    4.0537E-06    1.0605E-06    2.9633E-01   -2.6064E-01    3.6455E+00    1.8200E-04
1.6627E+01  9.7987E-02 2.1117E+02    3.9998E-06    8.9636E-07    2.5877E-01   -2.2029E-01    3.5933E+00    1.8200E-04
1.6071E+01  1.0687E-01 2.1095E+02    3.9554E-06    7.4321E-07    2.2425E-01   -1.6324E-01    3.5376E+00    1.8200E-04
1.5524E+01  1.1641E-01 2.1070E+02    3.9117E-06    6.0376E-07    1.9382E-01   -1.3306E-01    3.4770E+00    1.8200E-04
1.4986E+01  1.2664E-01 2.1044E+02    3.8740E-06    4.8064E-07    1.6775E-01   -1.1142E-01    3.4137E+00    1.8200E-04
1.4457E+01  1.3760E-01 2.1018E+02    3.8482E-06    3.7490E-07    1.4577E-01   -9.8126E-02    3.3532E+00    1.8200E-04
1.3937E+01  1.4932E-01 2.0997E+02    3.8274E-06    2.8412E-07    1.2721E-01   -9.2841E-02    3.3034E+00    1.8200E-04
1.3424E+01  1.6183E-01 2.0984E+02    3.8070E-06    2.0933E-07    1.1206E-01   -9.2677E-02    3.2727E+00    1.8200E-04
1.2921E+01  1.7517E-01 2.0982E+02    3.7934E-06    1.5556E-07    1.0086E-01   -9.1701E-02    3.2681E+00    1.8200E-04
1.2425E+01  1.8937E-01 2.0993E+02    3.7835E-06    1.2002E-07    9.3130E-02   -8.7092E-02    3.2943E+00    1.8200E-04
1.1937E+01  2.0447E-01 2.1019E+02    3.8975E-06    9.4403E-08    8.8160E-02   -8.4946E-02    3.3544E+00    1.8200E-04
1.1456E+01  2.2048E-01 2.1057E+02    4.3927E-06    7.5580E-08    8.6533E-02   -8.9388E-02    3.4449E+00    1.8200E-04
1.0983E+01  2.3746E-01 2.1106E+02    5.3119E-06    6.3793E-08    8.8021E-02   -8.5225E-02    3.5649E+00    1.8200E-04
1.0516E+01  2.5542E-01 2.1158E+02    6.2551E-06    5.6984E-08    8.9260E-02    2.6632E-03    3.6971E+00    1.8200E-04
1.0056E+01  2.7439E-01 2.1216E+02    6.7913E-06    5.2453E-08    9.2688E-02   -4.7937E-02    3.8471E+00    1.8200E-04
9.5998E+00  2.9440E-01 2.1623E+02    1.1765E-05    4.8777E-08    1.1475E-01   -3.9330E-01    5.0668E+00    1.8200E-04
9.1427E+00  3.1546E-01 2.2057E+02    2.0670E-05    4.5487E-08    1.5140E-01   -7.8645E-01    6.1425E+00    1.8200E-04
8.6852E+00  3.3762E-01 2.2489E+02    3.5418E-05    4.2472E-08    2.0138E-01   -1.1961E+00    7.3241E+00    1.8200E-04
8.2276E+00  3.6087E-01 2.2917E+02    5.9160E-05    3.9473E-08    2.6247E-01   -1.5755E+00    8.6545E+00    1.8200E-04
7.7703E+00  3.8523E-01 2.3338E+02    9.6257E-05    3.6728E-08    3.2950E-01   -1.8739E+00    1.0133E+01    1.8200E-04
7.3137E+00  4.1073E-01 2.3750E+02    1.5242E-04    3.4066E-08    3.9934E-01   -2.0772E+00    1.1755E+01    1.8200E-04
6.8585E+00  4.3736E-01 2.4151E+02    2.3472E-04    3.1575E-08    4.7459E-01   -2.2120E+00    1.3507E+01    1.8200E-04
6.4052E+00  4.6513E-01 2.4538E+02    3.5129E-04    2.9190E-08    5.5184E-01   -2.2680E+00    1.5374E+01    1.8200E-04
5.9542E+00  4.9404E-01 2.4909E+02    5.1093E-04    2.6961E-08    6.1757E-01   -2.2750E+00    1.7333E+01    1.8200E-04
5.5063E+00  5.2408E-01 2.5261E+02    7.2246E-04    2.4858E-08    6.6446E-01   -2.2602E+00    1.9363E+01    1.8200E-04
5.0620E+00  5.5526E-01 2.5596E+02    9.9417E-04    2.2892E-08    6.9808E-01   -2.2449E+00    2.1441E+01    1.8200E-04
4.6218E+00  5.8754E-01 2.5911E+02    1.3334E-03    2.1072E-08    7.2524E-01   -2.2063E+00    2.3545E+01    1.8200E-04
4.1863E+00  6.2092E-01 2.6208E+02    1.7465E-03    1.9350E-08    7.4599E-01   -2.1471E+00    2.5661E+01    1.8200E-04
3.7560E+00  6.5537E-01 2.6486E+02    2.2383E-03    1.7724E-08    7.5750E-01   -2.0844E+00    2.7772E+01    1.8200E-04
3.3314E+00  6.9086E-01 2.6748E+02    2.8127E-03    1.6352E-08    7.5981E-01   -1.9957E+00    2.9871E+01    1.8200E-04
2.9130E+00  7.2735E-01 2.6995E+02    3.4725E-03    1.5075E-08    7.5588E-01   -1.8543E+00    3.1949E+01    1.8200E-04
2.5012E+00  7.6481E-01 2.7227E+02    4.2195E-03    1.3887E-08    7.4868E-01   -1.7046E+00    3.4000E+01    1.8200E-04
2.0962E+00  8.0318E-01 2.7462E+02    5.1221E-03    1.2852E-08    7.4402E-01   -1.6076E+00    3.6179E+01    1.8200E-04
1.6982E+00  8.4241E-01 2.7691E+02    6.0231E-03    1.2004E-08    7.2585E-01   -1.5244E+00    3.8406E+01    1.8200E-04
1.3074E+00  8.8245E-01 2.7911E+02    7.0240E-03    1.1300E-08    7.0930E-01   -1.5114E+00    4.0635E+01    1.8200E-04
9.2424E-01  9.2322E-01 2.8120E+02    8.1396E-03    1.0739E-08    6.9868E-01   -1.5779E+00    4.2837E+01    1.8200E-04
5.4896E-01  9.6467E-01 2.8319E+02    9.2110E-03    1.0267E-08    6.9154E-01   -1.7545E+00    4.5018E+01    1.8200E-04
1.8182E-01  1.0067E+00 2.8509E+02    1.0577E-02    9.8547E-09    7.1313E-01   -2.0101E+00    4.7181E+01    1.8200E-04
0.0000E+00  1.0281E+00 2.8603E+02    1.1260E-02    9.9300E-09    7.9746E+00   -3.5499E+00    4.8291E+01    1.8200E-04
