     ALT          P          T          FH2O           O3           THEAT        TCOOL        PSATCO2        FCO2
7.1119E+01  3.2610E-05 1.9512E+02    2.9166E-06    1.3995E-08    3.3837E+01   -2.9133E+01    1.0696E+00    1.7925E-04
7.0121E+01  3.8505E-05 1.9447E+02    3.2288E-06    1.5446E-08    5.2851E+00   -1.9243E+01    1.0133E+00    1.8200E-04
6.9128E+01  4.5409E-05 1.9590E+02    3.5345E-06    1.6761E-08    1.6890E+00   -1.3372E+01    1.1395E+00    1.8200E-04
6.8134E+01  5.3484E-05 1.9806E+02    3.8329E-06    1.8275E-08    1.1904E+00   -9.6117E+00    1.3551E+00    1.8200E-04
6.7137E+01  6.2915E-05 2.0026E+02    4.1179E-06    2.0155E-08    1.1167E+00   -7.0292E+00    1.6103E+00    1.8200E-04
6.6137E+01  7.3916E-05 2.0234E+02    4.3858E-06    2.2738E-08    1.0955E+00   -5.2388E+00    1.8896E+00    1.8200E-04
6.5136E+01  8.6732E-05 2.0432E+02    4.6262E-06    2.6350E-08    1.0830E+00   -4.1060E+00    2.1931E+00    1.8200E-04
6.4133E+01  1.0164E-04 2.0623E+02    4.8547E-06    3.1156E-08    1.0783E+00   -3.4415E+00    2.5252E+00    1.8200E-04
6.3130E+01  1.1896E-04 2.0809E+02    5.0633E-06    3.7924E-08    1.0919E+00   -3.0701E+00    2.8895E+00    1.8200E-04
6.2125E+01  1.3906E-04 2.0991E+02    5.2518E-06    4.7326E-08    1.1226E+00   -2.8825E+00    3.2889E+00    1.8200E-04
6.1121E+01  1.6235E-04 2.1169E+02    5.4301E-06    6.0207E-08    1.1755E+00   -2.8007E+00    3.7259E+00    1.8200E-04
6.0117E+01  1.8930E-04 2.1345E+02    5.5882E-06    7.6846E-08    1.2517E+00   -2.7732E+00    4.2028E+00    1.8200E-04
5.9113E+01  2.2045E-04 2.1517E+02    5.7287E-06    9.6913E-08    1.3491E+00   -2.7737E+00    4.7224E+00    1.8200E-04
5.8110E+01  2.5639E-04 2.1687E+02    5.8565E-06    1.1919E-07    1.4609E+00   -2.7905E+00    5.2502E+00    1.8200E-04
5.7108E+01  2.9783E-04 2.1855E+02    5.9739E-06    1.4326E-07    1.5829E+00   -2.8166E+00    5.6413E+00    1.8200E-04
5.6107E+01  3.4552E-04 2.2020E+02    6.0841E-06    1.6757E-07    1.7078E+00   -2.8490E+00    6.0491E+00    1.8200E-04
5.5108E+01  4.0035E-04 2.2184E+02    6.1740E-06    1.9511E-07    1.8474E+00   -2.8830E+00    6.4740E+00    1.8200E-04
5.4110E+01  4.6329E-04 2.2346E+02    6.2711E-06    2.2534E-07    2.0003E+00   -2.9239E+00    6.9165E+00    1.8200E-04
5.3113E+01  5.3545E-04 2.2507E+02    6.3508E-06    2.5976E-07    2.1704E+00   -2.9657E+00    7.3771E+00    1.8200E-04
5.2119E+01  6.1807E-04 2.2667E+02    6.4278E-06    2.9833E-07    2.3563E+00   -3.0104E+00    7.8564E+00    1.8200E-04
5.1127E+01  7.1254E-04 2.2825E+02    6.4973E-06    3.4250E-07    2.5600E+00   -3.0558E+00    8.3548E+00    1.8200E-04
5.0137E+01  8.2041E-04 2.2982E+02    6.5590E-06    3.9093E-07    2.7718E+00   -3.0999E+00    8.8728E+00    1.8200E-04
4.9149E+01  9.4343E-04 2.3138E+02    6.6240E-06    4.4586E-07    2.9947E+00   -3.1425E+00    9.4107E+00    1.8200E-04
4.8164E+01  1.0835E-03 2.3293E+02    6.6751E-06    5.0749E-07    3.2276E+00   -3.1948E+00    9.9691E+00    1.8200E-04
4.7182E+01  1.2429E-03 2.3448E+02    6.7241E-06    5.7501E-07    3.4554E+00   -3.2489E+00    1.0548E+01    1.8200E-04
4.6203E+01  1.4238E-03 2.3601E+02    6.7719E-06    6.5094E-07    3.6727E+00   -3.3021E+00    1.1149E+01    1.8200E-04
4.5227E+01  1.6291E-03 2.3754E+02    6.8109E-06    7.3723E-07    3.8767E+00   -3.3635E+00    1.1771E+01    1.8200E-04
4.4254E+01  1.8616E-03 2.3906E+02    6.8499E-06    8.3563E-07    4.0630E+00   -3.4482E+00    1.2415E+01    1.8200E-04
4.3284E+01  2.1246E-03 2.4057E+02    6.8787E-06    9.4777E-07    4.2265E+00   -3.5716E+00    1.3081E+01    1.8200E-04
4.2318E+01  2.4217E-03 2.4208E+02    6.8987E-06    1.0803E-06    4.3722E+00   -3.7680E+00    1.3771E+01    1.8200E-04
4.1355E+01  2.7569E-03 2.4364E+02    6.9100E-06    1.2306E-06    4.4787E+00   -4.0287E+00    1.4515E+01    1.8200E-04
4.0397E+01  3.1345E-03 2.4502E+02    6.9200E-06    1.4101E-06    4.5560E+00   -4.2720E+00    1.5192E+01    1.8200E-04
3.9443E+01  3.5594E-03 2.4594E+02    6.9100E-06    1.6328E-06    4.6065E+00   -4.4301E+00    1.5659E+01    1.8200E-04
3.8497E+01  4.0367E-03 2.4627E+02    6.8898E-06    1.9048E-06    4.6067E+00   -4.4767E+00    1.5828E+01    1.8200E-04
3.7560E+01  4.5723E-03 2.4595E+02    6.8524E-06    2.2169E-06    4.5209E+00   -4.4088E+00    1.5667E+01    1.8200E-04
3.6636E+01  5.1724E-03 2.4501E+02    6.8131E-06    2.5503E-06    4.3367E+00   -4.2432E+00    1.5188E+01    1.8200E-04
3.5726E+01  5.8440E-03 2.4350E+02    6.7580E-06    2.8783E-06    4.0711E+00   -4.0061E+00    1.4446E+01    1.8200E-04
3.4832E+01  6.5944E-03 2.4154E+02    6.6864E-06    3.1653E-06    3.7538E+00   -3.7259E+00    1.3521E+01    1.8200E-04
3.3955E+01  7.4318E-03 2.3927E+02    6.6103E-06    3.3847E-06    3.4206E+00   -3.4285E+00    1.2504E+01    1.8200E-04
3.3096E+01  8.3649E-03 2.3682E+02    6.5245E-06    3.5415E-06    3.1039E+00   -3.1333E+00    1.1472E+01    1.8200E-04
3.2256E+01  9.4034E-03 2.3432E+02    6.4405E-06    3.6395E-06    2.8105E+00   -2.8521E+00    1.0488E+01    1.8200E-04
3.1433E+01  1.0557E-02 2.3189E+02    6.3518E-06    3.6764E-06    2.5349E+00   -2.6073E+00    9.5908E+00    1.8200E-04
3.0628E+01  1.1838E-02 2.2960E+02    6.2651E-06    3.6751E-06    2.2812E+00   -2.3369E+00    8.8003E+00    1.8200E-04
2.9840E+01  1.3258E-02 2.2750E+02    6.1705E-06    3.6353E-06    2.0459E+00   -2.0882E+00    8.1177E+00    1.8200E-04
2.9067E+01  1.4829E-02 2.2561E+02    6.0778E-06    3.5814E-06    1.8345E+00   -1.8624E+00    7.5352E+00    1.8200E-04
2.8309E+01  1.6565E-02 2.2390E+02    5.9869E-06    3.4968E-06    1.6408E+00   -1.6591E+00    7.0407E+00    1.8200E-04
2.7565E+01  1.8481E-02 2.2239E+02    5.8976E-06    3.3937E-06    1.4684E+00   -1.4791E+00    6.6209E+00    1.8200E-04
2.6835E+01  2.0593E-02 2.2104E+02    5.8100E-06    3.2832E-06    1.3194E+00   -1.3227E+00    6.2629E+00    1.8200E-04
2.6118E+01  2.2917E-02 2.1983E+02    5.7139E-06    3.1656E-06    1.1916E+00   -1.1886E+00    5.9553E+00    1.8200E-04
2.5413E+01  2.5472E-02 2.1874E+02    5.6292E-06    3.0318E-06    1.0804E+00   -1.0757E+00    5.6887E+00    1.8200E-04
2.4719E+01  2.8275E-02 2.1776E+02    5.5361E-06    2.8934E-06    9.8515E-01   -9.8018E-01    5.4559E+00    1.8200E-04
2.4038E+01  3.1348E-02 2.1688E+02    5.4499E-06    2.7567E-06    9.0341E-01   -8.9844E-01    5.2514E+00    1.8200E-04
2.3367E+01  3.4710E-02 2.1607E+02    5.3638E-06    2.6149E-06    8.3036E-01   -8.2636E-01    5.0151E+00    1.8200E-04
2.2707E+01  3.8385E-02 2.1535E+02    5.2737E-06    2.4700E-06    7.6357E-01   -7.6074E-01    4.7783E+00    1.8200E-04
2.2058E+01  4.2396E-02 2.1470E+02    5.1827E-06    2.3267E-06    7.0187E-01   -6.9957E-01    4.5743E+00    1.8200E-04
2.1418E+01  4.6766E-02 2.1412E+02    5.0999E-06    2.1793E-06    6.4307E-01   -6.4242E-01    4.3999E+00    1.8200E-04
2.0789E+01  5.1523E-02 2.1362E+02    5.0152E-06    2.0287E-06    5.8647E-01   -5.8813E-01    4.2528E+00    1.8200E-04
2.0169E+01  5.6691E-02 2.1319E+02    4.9301E-06    1.8697E-06    5.3135E-01   -5.3637E-01    4.1309E+00    1.8200E-04
1.9559E+01  6.2299E-02 2.1284E+02    4.8529E-06    1.7147E-06    4.7940E-01   -4.8537E-01    4.0320E+00    1.8200E-04
1.8958E+01  6.8376E-02 2.1255E+02    4.7747E-06    1.5462E-06    4.2854E-01   -4.3599E-01    3.9533E+00    1.8200E-04
1.8366E+01  7.4951E-02 2.1232E+02    4.7036E-06    1.3808E-06    3.8129E-01   -3.8664E-01    3.8910E+00    1.8200E-04
1.7782E+01  8.2055E-02 2.1213E+02    4.6337E-06    1.2182E-06    3.3782E-01   -3.3748E-01    3.8402E+00    1.8200E-04
1.7208E+01  8.9718E-02 2.1196E+02    4.5756E-06    1.0565E-06    2.9763E-01   -2.9126E-01    3.7954E+00    1.8200E-04
1.6642E+01  9.7975E-02 2.1179E+02    4.5190E-06    8.9284E-07    2.6011E-01   -2.5102E-01    3.7518E+00    1.8200E-04
1.6085E+01  1.0686E-01 2.1161E+02    4.4666E-06    7.4065E-07    2.2569E-01   -1.9431E-01    3.7045E+00    1.8200E-04
1.5536E+01  1.1639E-01 2.1140E+02    4.4227E-06    6.0137E-07    1.9527E-01   -1.6390E-01    3.6518E+00    1.8200E-04
1.4996E+01  1.2663E-01 2.1118E+02    4.3847E-06    4.7846E-07    1.6922E-01   -1.4208E-01    3.5956E+00    1.8200E-04
1.4465E+01  1.3758E-01 2.1096E+02    4.3585E-06    3.7304E-07    1.4727E-01   -1.2822E-01    3.5409E+00    1.8200E-04
1.3943E+01  1.4930E-01 2.1077E+02    4.3377E-06    2.8276E-07    1.2878E-01   -1.2183E-01    3.4948E+00    1.8200E-04
1.3429E+01  1.6181E-01 2.1065E+02    4.3171E-06    2.0780E-07    1.1359E-01   -1.2008E-01    3.4650E+00    1.8200E-04
1.2923E+01  1.7515E-01 2.1062E+02    4.3034E-06    1.5440E-07    1.0244E-01   -1.1640E-01    3.4583E+00    1.8200E-04
1.2425E+01  1.8935E-01 2.1072E+02    4.2935E-06    1.1897E-07    9.4716E-02   -1.0938E-01    3.4812E+00    1.8200E-04
1.1936E+01  2.0444E-01 2.1096E+02    4.3963E-06    9.3538E-08    8.9679E-02   -1.0583E-01    3.5412E+00    1.8200E-04
1.1453E+01  2.2045E-01 2.1131E+02    4.8752E-06    7.4939E-08    8.7933E-02   -1.0679E-01    3.6284E+00    1.8200E-04
1.0978E+01  2.3742E-01 2.1182E+02    5.8979E-06    6.3263E-08    8.9749E-02   -1.0875E-01    3.7588E+00    1.8200E-04
1.0510E+01  2.5538E-01 2.1239E+02    6.9992E-06    5.6536E-08    9.1526E-02   -5.5864E-02    3.9097E+00    1.8200E-04
1.0048E+01  2.7435E-01 2.1314E+02    7.7594E-06    5.2064E-08    9.5518E-02   -6.5069E-02    4.1153E+00    1.8200E-04
9.5909E+00  2.9435E-01 2.1599E+02    1.1413E-05    4.8428E-08    1.1108E-01   -3.0210E-01    4.9891E+00    1.8200E-04
9.1344E+00  3.1542E-01 2.2033E+02    2.0066E-05    4.5218E-08    1.4566E-01   -7.0479E-01    6.0824E+00    1.8200E-04
8.6774E+00  3.3757E-01 2.2465E+02    3.4412E-05    4.2222E-08    1.9451E-01   -1.1229E+00    7.2546E+00    1.8200E-04
8.2203E+00  3.6081E-01 2.2893E+02    5.7527E-05    3.9317E-08    2.5501E-01   -1.5156E+00    8.5751E+00    1.8200E-04
7.7635E+00  3.8518E-01 2.3314E+02    9.3685E-05    3.6580E-08    3.2207E-01   -1.8294E+00    1.0044E+01    1.8200E-04
7.3075E+00  4.1067E-01 2.3726E+02    1.4851E-04    3.3923E-08    3.9225E-01   -2.0459E+00    1.1655E+01    1.8200E-04
6.8528E+00  4.3729E-01 2.4127E+02    2.2895E-04    3.1438E-08    4.6773E-01   -2.1904E+00    1.3398E+01    1.8200E-04
6.4000E+00  4.6506E-01 2.4515E+02    3.4311E-04    2.9129E-08    5.4551E-01   -2.2540E+00    1.5256E+01    1.8200E-04
5.9495E+00  4.9396E-01 2.4886E+02    4.9972E-04    2.6933E-08    6.1236E-01   -2.2647E+00    1.7209E+01    1.8200E-04
5.5020E+00  5.2400E-01 2.5240E+02    7.0761E-04    2.4834E-08    6.6043E-01   -2.2525E+00    1.9233E+01    1.8200E-04
5.0581E+00  5.5517E-01 2.5575E+02    9.7511E-04    2.2872E-08    6.9478E-01   -2.2384E+00    2.1306E+01    1.8200E-04
4.6183E+00  5.8745E-01 2.5891E+02    1.3097E-03    2.1055E-08    7.2242E-01   -2.2023E+00    2.3408E+01    1.8200E-04
4.1832E+00  6.2082E-01 2.6189E+02    1.7175E-03    1.9350E-08    7.4374E-01   -2.1443E+00    2.5522E+01    1.8200E-04
3.7533E+00  6.5526E-01 2.6468E+02    2.2038E-03    1.7812E-08    7.5592E-01   -2.0827E+00    2.7633E+01    1.8200E-04
3.3291E+00  6.9075E-01 2.6731E+02    2.7723E-03    1.6358E-08    7.5878E-01   -1.9969E+00    2.9731E+01    1.8200E-04
2.9110E+00  7.2723E-01 2.6978E+02    3.4260E-03    1.5067E-08    7.5525E-01   -1.8600E+00    3.1809E+01    1.8200E-04
2.4994E+00  7.6468E-01 2.7211E+02    4.1667E-03    1.3934E-08    7.4834E-01   -1.7086E+00    3.3861E+01    1.8200E-04
2.0947E+00  8.0305E-01 2.7444E+02    5.0558E-03    1.2948E-08    7.4347E-01   -1.6062E+00    3.6016E+01    1.8200E-04
1.6970E+00  8.4227E-01 2.7675E+02    5.9596E-03    1.2090E-08    7.2647E-01   -1.5250E+00    3.8242E+01    1.8200E-04
1.3065E+00  8.8230E-01 2.7895E+02    6.9396E-03    1.1309E-08    7.0906E-01   -1.5064E+00    4.0468E+01    1.8200E-04
9.2361E-01  9.2307E-01 2.8104E+02    8.0584E-03    1.0738E-08    6.9927E-01   -1.5728E+00    4.2670E+01    1.8200E-04
5.4859E-01  9.6451E-01 2.8303E+02    9.1246E-03    1.0287E-08    6.9204E-01   -1.7469E+00    4.4847E+01    1.8200E-04
1.8170E-01  1.0065E+00 2.8494E+02    1.0473E-02    9.9110E-09    7.1306E-01   -1.9994E+00    4.7010E+01    1.8200E-04
0.0000E+00  1.0279E+00 2.8589E+02    1.1158E-02    9.9800E-09    7.9800E+00   -3.5601E+00    4.8119E+01    1.8200E-04
