     ALT          P          T          FH2O           O3           THEAT        TCOOL        PSATCO2        FCO2
7.0334E+01  3.2610E-05 1.9330E+02    1.8788E-06    2.0668E-08    3.3883E+01   -2.6777E+01    9.2027E-01    1.8000E-04
6.9344E+01  3.8507E-05 1.9218E+02    2.0713E-06    2.5459E-08    5.2991E+00   -1.6979E+01    8.3751E-01    1.8300E-04
6.8361E+01  4.5412E-05 1.9374E+02    2.2497E-06    2.8853E-08    1.7198E+00   -1.1695E+01    9.5425E-01    1.8300E-04
6.7376E+01  5.3489E-05 1.9618E+02    2.4147E-06    3.0333E-08    1.2216E+00   -8.3987E+00    1.1656E+00    1.8300E-04
6.6387E+01  6.2923E-05 1.9863E+02    2.5796E-06    3.1645E-08    1.1421E+00   -6.0855E+00    1.4173E+00    1.8300E-04
6.5394E+01  7.3927E-05 2.0089E+02    2.7306E-06    3.3924E-08    1.1148E+00   -4.4216E+00    1.6911E+00    1.8300E-04
6.4398E+01  8.6746E-05 2.0300E+02    2.8832E-06    3.7615E-08    1.1004E+00   -3.3367E+00    1.9870E+00    1.8300E-04
6.3400E+01  1.0166E-04 2.0502E+02    3.0181E-06    4.3212E-08    1.0977E+00   -2.6845E+00    2.3097E+00    1.8300E-04
6.2401E+01  1.1899E-04 2.0696E+02    3.1347E-06    5.1283E-08    1.1166E+00   -2.3275E+00    2.6632E+00    1.8300E-04
6.1401E+01  1.3909E-04 2.0885E+02    3.2516E-06    6.2655E-08    1.1571E+00   -2.1625E+00    3.0506E+00    1.8300E-04
6.0400E+01  1.6239E-04 2.1069E+02    3.3589E-06    7.8479E-08    1.2254E+00   -2.1064E+00    3.4745E+00    1.8300E-04
5.9399E+01  1.8935E-04 2.1249E+02    3.4487E-06    9.9287E-08    1.3245E+00   -2.1112E+00    3.9372E+00    1.8300E-04
5.8398E+01  2.2051E-04 2.1426E+02    3.5368E-06    1.2516E-07    1.4539E+00   -2.1550E+00    4.4415E+00    1.8300E-04
5.7398E+01  2.5648E-04 2.1600E+02    3.6110E-06    1.5404E-07    1.6020E+00   -2.2207E+00    4.9900E+00    1.8300E-04
5.6399E+01  2.9793E-04 2.1771E+02    3.6866E-06    1.8451E-07    1.7599E+00   -2.3050E+00    5.4423E+00    1.8300E-04
5.5400E+01  3.4565E-04 2.1939E+02    3.7489E-06    2.1598E-07    1.9227E+00   -2.3985E+00    5.8462E+00    1.8300E-04
5.4403E+01  4.0051E-04 2.2105E+02    3.8079E-06    2.4960E-07    2.0946E+00   -2.5012E+00    6.2668E+00    1.8300E-04
5.3407E+01  4.6348E-04 2.2270E+02    3.8668E-06    2.8607E-07    2.2782E+00   -2.6109E+00    6.7047E+00    1.8300E-04
5.2413E+01  5.3569E-04 2.2432E+02    3.9157E-06    3.2735E-07    2.4795E+00   -2.7222E+00    7.1604E+00    1.8300E-04
5.1420E+01  6.1836E-04 2.2594E+02    3.9597E-06    3.7290E-07    2.6938E+00   -2.8335E+00    7.6344E+00    1.8300E-04
5.0430E+01  7.1289E-04 2.2754E+02    3.9988E-06    4.2414E-07    2.9221E+00   -2.9420E+00    8.1274E+00    1.8300E-04
4.9442E+01  8.2084E-04 2.2912E+02    4.0379E-06    4.8141E-07    3.1604E+00   -3.0453E+00    8.6396E+00    1.8300E-04
4.8456E+01  9.4394E-04 2.3070E+02    4.0769E-06    5.4586E-07    3.4051E+00   -3.1398E+00    9.1717E+00    1.8300E-04
4.7472E+01  1.0841E-03 2.3226E+02    4.1058E-06    6.1714E-07    3.6517E+00   -3.2370E+00    9.7241E+00    1.8300E-04
4.6492E+01  1.2436E-03 2.3382E+02    4.1347E-06    6.9704E-07    3.8930E+00   -3.3282E+00    1.0297E+01    1.8300E-04
4.5514E+01  1.4247E-03 2.3536E+02    4.1617E-06    7.8729E-07    4.1189E+00   -3.4110E+00    1.0891E+01    1.8300E-04
4.4539E+01  1.6301E-03 2.3690E+02    4.1810E-06    8.8972E-07    4.3222E+00   -3.4942E+00    1.1507E+01    1.8300E-04
4.3567E+01  1.8628E-03 2.3843E+02    4.1903E-06    1.0018E-06    4.4895E+00   -3.5926E+00    1.2145E+01    1.8300E-04
4.2599E+01  2.1260E-03 2.3995E+02    4.2000E-06    1.1456E-06    4.6667E+00   -3.7393E+00    1.2805E+01    1.8300E-04
4.1634E+01  2.4234E-03 2.4150E+02    4.2000E-06    1.2985E-06    4.7792E+00   -3.9487E+00    1.3504E+01    1.8300E-04
4.0672E+01  2.7588E-03 2.4300E+02    4.1923E-06    1.4861E-06    4.8739E+00   -4.1911E+00    1.4206E+01    1.8300E-04
3.9715E+01  3.1368E-03 2.4418E+02    4.1733E-06    1.7219E-06    4.9511E+00   -4.3912E+00    1.4774E+01    1.8300E-04
3.8764E+01  3.5620E-03 2.4480E+02    4.1445E-06    2.0121E-06    4.9825E+00   -4.4936E+00    1.5082E+01    1.8300E-04
3.7822E+01  4.0398E-03 2.4475E+02    4.1016E-06    2.3661E-06    4.9481E+00   -4.4779E+00    1.5058E+01    1.8300E-04
3.6891E+01  4.5759E-03 2.4399E+02    4.0493E-06    2.7717E-06    4.8208E+00   -4.3451E+00    1.4684E+01    1.8300E-04
3.5973E+01  5.1766E-03 2.4255E+02    3.9860E-06    3.2186E-06    4.6105E+00   -4.1141E+00    1.3991E+01    1.8300E-04
3.5072E+01  5.8488E-03 2.4050E+02    3.9056E-06    3.6370E-06    4.3104E+00   -3.8066E+00    1.3048E+01    1.8300E-04
3.4189E+01  6.5999E-03 2.3796E+02    3.8198E-06    3.9932E-06    3.9700E+00   -3.4567E+00    1.1946E+01    1.8300E-04
3.3326E+01  7.4382E-03 2.3507E+02    3.7348E-06    4.2718E-06    3.6289E+00   -3.0950E+00    1.0777E+01    1.8300E-04
3.2482E+01  8.3723E-03 2.3198E+02    3.6424E-06    4.4659E-06    3.3002E+00   -2.7411E+00    9.6230E+00    1.8300E-04
3.1659E+01  9.4119E-03 2.2883E+02    3.5553E-06    4.5730E-06    2.9840E+00   -2.4087E+00    8.5435E+00    1.8300E-04
3.0856E+01  1.0567E-02 2.2575E+02    3.4709E-06    4.6085E-06    2.6835E+00   -2.1223E+00    7.5785E+00    1.8300E-04
3.0072E+01  1.1849E-02 2.2285E+02    3.3787E-06    4.5794E-06    2.3986E+00   -1.8199E+00    6.7454E+00    1.8300E-04
2.9306E+01  1.3270E-02 2.2018E+02    3.2887E-06    4.4849E-06    2.1301E+00   -1.5491E+00    6.0443E+00    1.8300E-04
2.8558E+01  1.4843E-02 2.1780E+02    3.2072E-06    4.3543E-06    1.8874E+00   -1.3124E+00    5.4651E+00    1.8300E-04
2.7826E+01  1.6581E-02 2.1571E+02    3.1245E-06    4.1980E-06    1.6722E+00   -1.1094E+00    4.8967E+00    1.8300E-04
2.7110E+01  1.8500E-02 2.1391E+02    3.0399E-06    4.0094E-06    1.4818E+00   -9.3953E-01    4.3365E+00    1.8300E-04
2.6407E+01  2.0614E-02 2.1236E+02    2.9658E-06    3.8073E-06    1.3180E+00   -8.0184E-01    3.9022E+00    1.8300E-04
2.5717E+01  2.2941E-02 2.1105E+02    2.8854E-06    3.5906E-06    1.1779E+00   -6.9268E-01    3.5635E+00    1.8300E-04
2.5039E+01  2.5498E-02 2.0994E+02    2.8109E-06    3.3764E-06    1.0606E+00   -6.0806E-01    3.2969E+00    1.8300E-04
2.4373E+01  2.8305E-02 2.0901E+02    2.7362E-06    3.1664E-06    9.6196E-01   -5.4225E-01    3.0851E+00    1.8300E-04
2.3717E+01  3.1382E-02 2.0821E+02    2.6604E-06    2.9607E-06    8.7731E-01   -4.8941E-01    2.9149E+00    1.8300E-04
2.3072E+01  3.4749E-02 2.0754E+02    2.5918E-06    2.7640E-06    8.0339E-01   -4.4460E-01    2.7767E+00    1.8300E-04
2.2437E+01  3.8428E-02 2.0696E+02    2.5163E-06    2.5704E-06    7.3612E-01   -4.0376E-01    2.6636E+00    1.8300E-04
2.1812E+01  4.2444E-02 2.0647E+02    2.4518E-06    2.3852E-06    6.7416E-01   -3.6517E-01    2.5704E+00    1.8300E-04
2.1196E+01  4.6820E-02 2.0606E+02    2.3806E-06    2.2033E-06    6.1535E-01   -3.2719E-01    2.4937E+00    1.8300E-04
2.0589E+01  5.1583E-02 2.0571E+02    2.3164E-06    2.0302E-06    5.5986E-01   -2.8924E-01    2.4308E+00    1.8300E-04
1.9991E+01  5.6758E-02 2.0542E+02    2.2511E-06    1.8581E-06    5.0634E-01   -2.5102E-01    2.3799E+00    1.8300E-04
1.9402E+01  6.2374E-02 2.0519E+02    2.1926E-06    1.6869E-06    4.5487E-01   -2.1248E-01    2.3395E+00    1.8300E-04
1.8822E+01  6.8459E-02 2.0501E+02    2.1350E-06    1.5145E-06    4.0556E-01   -1.7349E-01    2.3082E+00    1.8300E-04
1.8250E+01  7.5043E-02 2.0487E+02    2.0782E-06    1.3444E-06    3.5915E-01   -1.3415E-01    2.2844E+00    1.8300E-04
1.7686E+01  8.2156E-02 2.0476E+02    2.0237E-06    1.1753E-06    3.1581E-01   -9.6301E-02    2.2662E+00    1.8300E-04
1.7130E+01  8.9831E-02 2.0467E+02    1.9795E-06    1.0120E-06    2.7633E-01   -6.1792E-02    2.2517E+00    1.8300E-04
1.6583E+01  9.8098E-02 2.0460E+02    1.9395E-06    8.5963E-07    2.4121E-01   -3.1330E-02    2.2393E+00    1.8300E-04
1.6044E+01  1.0699E-01 2.0452E+02    1.9073E-06    7.1299E-07    2.0851E-01    2.1869E-02    2.2264E+00    1.8300E-04
1.5512E+01  1.1655E-01 2.0444E+02    1.8757E-06    5.8026E-07    1.7978E-01    3.7733E-02    2.2128E+00    1.8300E-04
1.4989E+01  1.2679E-01 2.0436E+02    1.8496E-06    4.6323E-07    1.5525E-01    4.5869E-02    2.2004E+00    1.8300E-04
1.4474E+01  1.3776E-01 2.0432E+02    1.8291E-06    3.6357E-07    1.3468E-01    4.7449E-02    2.1928E+00    1.8300E-04
1.3967E+01  1.4950E-01 2.0436E+02    1.8145E-06    2.7820E-07    1.1734E-01    3.9926E-02    2.2000E+00    1.8300E-04
1.3468E+01  1.6203E-01 2.0448E+02    1.7991E-06    2.0653E-07    1.0302E-01    3.0902E-02    2.2204E+00    1.8300E-04
1.2976E+01  1.7538E-01 2.0473E+02    1.8004E-06    1.5441E-07    9.2639E-02    2.4618E-02    2.2612E+00    1.8300E-04
1.2491E+01  1.8960E-01 2.0507E+02    2.2005E-06    1.1938E-07    8.7844E-02    1.0000E-02    2.3193E+00    1.8300E-04
1.2013E+01  2.0472E-01 2.0564E+02    2.5140E-06    9.4603E-08    8.5220E-02    1.0185E-02    2.4185E+00    1.8300E-04
1.1542E+01  2.2076E-01 2.0630E+02    2.9445E-06    7.6238E-08    8.3282E-02    2.0538E-02    2.5381E+00    1.8300E-04
1.1076E+01  2.3776E-01 2.0767E+02    3.5841E-06    6.3570E-08    8.4487E-02    4.8462E-03    2.8029E+00    1.8300E-04
1.0615E+01  2.5574E-01 2.1001E+02    5.0152E-06    5.6211E-08    9.1987E-02   -1.4114E-01    3.3120E+00    1.8300E-04
1.0154E+01  2.7474E-01 2.1424E+02    8.9771E-06    5.1512E-08    1.1345E-01   -4.6400E-01    4.4342E+00    1.8300E-04
9.6917E+00  2.9478E-01 2.1864E+02    1.6059E-05    4.7695E-08    1.4723E-01   -8.3477E-01    5.6629E+00    1.8300E-04
9.2289E+00  3.1587E-01 2.2302E+02    2.8008E-05    4.4459E-08    1.9288E-01   -1.2180E+00    6.7932E+00    1.8300E-04
8.7656E+00  3.3806E-01 2.2737E+02    4.7597E-05    4.1389E-08    2.4981E-01   -1.5850E+00    8.0743E+00    1.8300E-04
8.3023E+00  3.6134E-01 2.3166E+02    7.8763E-05    3.8491E-08    3.1491E-01   -1.8982E+00    9.5079E+00    1.8300E-04
7.8394E+00  3.8575E-01 2.3587E+02    1.2680E-04    3.5688E-08    3.8284E-01   -2.1201E+00    1.1090E+01    1.8300E-04
7.3774E+00  4.1128E-01 2.3997E+02    1.9840E-04    3.3126E-08    4.5422E-01   -2.2670E+00    1.2811E+01    1.8300E-04
6.9169E+00  4.3795E-01 2.4393E+02    3.0151E-04    3.0628E-08    5.3143E-01   -2.3490E+00    1.4654E+01    1.8300E-04
6.4584E+00  4.6576E-01 2.4773E+02    4.4490E-04    2.8260E-08    6.0446E-01   -2.3628E+00    1.6599E+01    1.8300E-04
6.0025E+00  4.9471E-01 2.5136E+02    6.3755E-04    2.6074E-08    6.5990E-01   -2.3471E+00    1.8623E+01    1.8300E-04
5.5499E+00  5.2480E-01 2.5480E+02    8.8808E-04    2.4028E-08    6.9774E-01   -2.3247E+00    2.0702E+01    1.8300E-04
5.1012E+00  5.5602E-01 2.5804E+02    1.2043E-03    2.2082E-08    7.2647E-01   -2.2941E+00    2.2814E+01    1.8300E-04
4.6568E+00  5.8836E-01 2.6109E+02    1.5928E-03    2.0255E-08    7.4968E-01   -2.2347E+00    2.4940E+01    1.8300E-04
4.2175E+00  6.2179E-01 2.6395E+02    2.0591E-03    1.8597E-08    7.6490E-01   -2.1678E+00    2.7067E+01    1.8300E-04
3.7835E+00  6.5629E-01 2.6664E+02    2.6076E-03    1.7031E-08    7.7020E-01   -2.0897E+00    2.9182E+01    1.8300E-04
3.3555E+00  6.9183E-01 2.6917E+02    3.2413E-03    1.5637E-08    7.6759E-01   -1.9662E+00    3.1279E+01    1.8300E-04
2.9339E+00  7.2838E-01 2.7154E+02    3.9629E-03    1.4409E-08    7.6064E-01   -1.8083E+00    3.3351E+01    1.8300E-04
2.5189E+00  7.6589E-01 2.7388E+02    4.8205E-03    1.3291E-08    7.5478E-01   -1.6825E+00    3.5482E+01    1.8300E-04
2.1109E+00  8.0433E-01 2.7623E+02    5.7415E-03    1.2318E-08    7.3991E-01   -1.5827E+00    3.7733E+01    1.8300E-04
1.7099E+00  8.4362E-01 2.7848E+02    6.6680E-03    1.1529E-08    7.1676E-01   -1.5167E+00    3.9979E+01    1.8300E-04
1.3163E+00  8.8372E-01 2.8062E+02    7.8097E-03    1.0818E-08    7.0464E-01   -1.5472E+00    4.2212E+01    1.8300E-04
9.3045E-01  9.2456E-01 2.8265E+02    8.8971E-03    1.0235E-08    6.8986E-01   -1.6255E+00    4.4420E+01    1.8300E-04
5.5260E-01  9.6607E-01 2.8460E+02    1.0207E-02    9.7801E-09    6.9400E-01   -1.8605E+00    4.6622E+01    1.8300E-04
1.8301E-01  1.0082E+00 2.8645E+02    1.1537E-02    9.4151E-09    7.1053E-01   -2.0958E+00    4.8786E+01    1.8300E-04
0.0000E+00  1.0296E+00 2.8738E+02    1.2206E-02    9.4800E-09    7.9185E+00   -3.4406E+00    4.9902E+01    1.8300E-04
