     ALT          P          T          FH2O           O3           THEAT        TCOOL        PSATCO2        FCO2
7.1157E+01  3.2610E-05 1.9559E+02    2.7958E-06    1.4113E-08    3.3881E+01   -2.9639E+01    1.1114E+00    1.8000E-04
7.0156E+01  3.8505E-05 1.9512E+02    3.1050E-06    1.5517E-08    5.2525E+00   -1.9635E+01    1.0693E+00    1.8200E-04
6.9160E+01  4.5410E-05 1.9654E+02    3.4026E-06    1.6813E-08    1.6816E+00   -1.3605E+01    1.2005E+00    1.8200E-04
6.8162E+01  5.3484E-05 1.9863E+02    3.6921E-06    1.8341E-08    1.1871E+00   -9.7074E+00    1.4180E+00    1.8200E-04
6.7163E+01  6.2916E-05 2.0076E+02    3.9623E-06    2.0289E-08    1.1144E+00   -7.0144E+00    1.6746E+00    1.8200E-04
6.6161E+01  7.3917E-05 2.0279E+02    4.2198E-06    2.2959E-08    1.0933E+00   -5.1978E+00    1.9559E+00    1.8200E-04
6.5157E+01  8.6732E-05 2.0474E+02    4.4608E-06    2.6473E-08    1.0803E+00   -4.0567E+00    2.2622E+00    1.8200E-04
6.4153E+01  1.0164E-04 2.0662E+02    4.6803E-06    3.1337E-08    1.0757E+00   -3.3891E+00    2.5975E+00    1.8200E-04
6.3147E+01  1.1896E-04 2.0845E+02    4.8877E-06    3.8196E-08    1.0898E+00   -3.0258E+00    2.9656E+00    1.8200E-04
6.2141E+01  1.3906E-04 2.1025E+02    5.0688E-06    4.7645E-08    1.1206E+00   -2.8424E+00    3.3691E+00    1.8200E-04
6.1136E+01  1.6235E-04 2.1202E+02    5.2377E-06    6.0536E-08    1.1734E+00   -2.7641E+00    3.8105E+00    1.8200E-04
6.0130E+01  1.8930E-04 2.1376E+02    5.3864E-06    7.7355E-08    1.2505E+00   -2.7392E+00    4.2921E+00    1.8200E-04
5.9125E+01  2.2045E-04 2.1547E+02    5.5247E-06    9.7598E-08    1.3489E+00   -2.7454E+00    4.8167E+00    1.8200E-04
5.8121E+01  2.5640E-04 2.1715E+02    5.6528E-06    1.1996E-07    1.4612E+00   -2.7681E+00    5.3147E+00    1.8200E-04
5.7117E+01  2.9783E-04 2.1882E+02    5.7631E-06    1.4407E-07    1.5837E+00   -2.7982E+00    5.7068E+00    1.8200E-04
5.6115E+01  3.4552E-04 2.2047E+02    5.8634E-06    1.6940E-07    1.7134E+00   -2.8343E+00    6.1156E+00    1.8200E-04
5.5114E+01  4.0035E-04 2.2209E+02    5.9635E-06    1.9695E-07    1.8539E+00   -2.8770E+00    6.5416E+00    1.8200E-04
5.4115E+01  4.6329E-04 2.2371E+02    6.0508E-06    2.2747E-07    2.0078E+00   -2.9216E+00    6.9853E+00    1.8200E-04
5.3118E+01  5.3546E-04 2.2531E+02    6.1306E-06    2.6191E-07    2.1784E+00   -2.9686E+00    7.4471E+00    1.8200E-04
5.2122E+01  6.1808E-04 2.2690E+02    6.2003E-06    3.0126E-07    2.3675E+00   -3.0169E+00    7.9277E+00    1.8200E-04
5.1129E+01  7.1255E-04 2.2847E+02    6.2673E-06    3.4547E-07    2.5717E+00   -3.0665E+00    8.4274E+00    1.8200E-04
5.0138E+01  8.2043E-04 2.3004E+02    6.3368E-06    3.9474E-07    2.7869E+00   -3.1155E+00    8.9467E+00    1.8200E-04
4.9150E+01  9.4345E-04 2.3160E+02    6.3941E-06    4.4996E-07    3.0101E+00   -3.1597E+00    9.4861E+00    1.8200E-04
4.8164E+01  1.0836E-03 2.3314E+02    6.4453E-06    5.1083E-07    3.2391E+00   -3.2137E+00    1.0046E+01    1.8200E-04
4.7181E+01  1.2429E-03 2.3468E+02    6.4929E-06    5.7928E-07    3.4694E+00   -3.2688E+00    1.0627E+01    1.8200E-04
4.6201E+01  1.4239E-03 2.3621E+02    6.5331E-06    6.5623E-07    3.6891E+00   -3.3217E+00    1.1229E+01    1.8200E-04
4.5224E+01  1.6291E-03 2.3774E+02    6.5806E-06    7.4277E-07    3.8922E+00   -3.3834E+00    1.1852E+01    1.8200E-04
4.4250E+01  1.8616E-03 2.3925E+02    6.6101E-06    8.4134E-07    4.0764E+00   -3.4661E+00    1.2498E+01    1.8200E-04
4.3279E+01  2.1247E-03 2.4076E+02    6.6390E-06    9.5376E-07    4.2367E+00   -3.5884E+00    1.3166E+01    1.8200E-04
4.2312E+01  2.4218E-03 2.4227E+02    6.6588E-06    1.0815E-06    4.3671E+00   -3.7825E+00    1.3858E+01    1.8200E-04
4.1349E+01  2.7570E-03 2.4383E+02    6.6681E-06    1.2343E-06    4.4803E+00   -4.0423E+00    1.4603E+01    1.8200E-04
4.0390E+01  3.1346E-03 2.4519E+02    6.6700E-06    1.4221E-06    4.5738E+00   -4.2845E+00    1.5280E+01    1.8200E-04
3.9435E+01  3.5595E-03 2.4610E+02    6.6636E-06    1.6416E-06    4.6137E+00   -4.4379E+00    1.5741E+01    1.8200E-04
3.8489E+01  4.0368E-03 2.4641E+02    6.6394E-06    1.9133E-06    4.6081E+00   -4.4800E+00    1.5904E+01    1.8200E-04
3.7552E+01  4.5725E-03 2.4609E+02    6.6078E-06    2.2212E-06    4.5143E+00   -4.4085E+00    1.5734E+01    1.8200E-04
3.6627E+01  5.1726E-03 2.4513E+02    6.5623E-06    2.5572E-06    4.3324E+00   -4.2410E+00    1.5248E+01    1.8200E-04
3.5716E+01  5.8442E-03 2.4361E+02    6.5069E-06    2.8826E-06    4.0648E+00   -4.0023E+00    1.4499E+01    1.8200E-04
3.4822E+01  6.5946E-03 2.4164E+02    6.4354E-06    3.1694E-06    3.7485E+00   -3.7216E+00    1.3569E+01    1.8200E-04
3.3945E+01  7.4320E-03 2.3936E+02    6.3590E-06    3.3877E-06    3.4159E+00   -3.4240E+00    1.2546E+01    1.8200E-04
3.3086E+01  8.3652E-03 2.3691E+02    6.2731E-06    3.5435E-06    3.0997E+00   -3.1288E+00    1.1510E+01    1.8200E-04
3.2245E+01  9.4038E-03 2.3441E+02    6.1888E-06    3.6406E-06    2.8067E+00   -2.8474E+00    1.0521E+01    1.8200E-04
3.1422E+01  1.0558E-02 2.3197E+02    6.0967E-06    3.6767E-06    2.5314E+00   -2.6028E+00    9.6197E+00    1.8200E-04
3.0617E+01  1.1839E-02 2.2968E+02    6.0061E-06    3.6745E-06    2.2778E+00   -2.3320E+00    8.8247E+00    1.8200E-04
2.9828E+01  1.3258E-02 2.2757E+02    5.9187E-06    3.6344E-06    2.0427E+00   -2.0835E+00    8.1379E+00    1.8200E-04
2.9055E+01  1.4829E-02 2.2566E+02    5.8259E-06    3.5739E-06    1.8297E+00   -1.8574E+00    7.5514E+00    1.8200E-04
2.8297E+01  1.6566E-02 2.2395E+02    5.7350E-06    3.4950E-06    1.6381E+00   -1.6541E+00    7.0533E+00    1.8200E-04
2.7553E+01  1.8482E-02 2.2242E+02    5.6457E-06    3.3916E-06    1.4660E+00   -1.4739E+00    6.6301E+00    1.8200E-04
2.6823E+01  2.0594E-02 2.2106E+02    5.5494E-06    3.2807E-06    1.3171E+00   -1.3168E+00    6.2687E+00    1.8200E-04
2.6105E+01  2.2918E-02 2.1984E+02    5.4620E-06    3.1628E-06    1.1895E+00   -1.1826E+00    5.9578E+00    1.8200E-04
2.5400E+01  2.5473E-02 2.1874E+02    5.3703E-06    3.0287E-06    1.0783E+00   -1.0690E+00    5.6880E+00    1.8200E-04
2.4707E+01  2.8276E-02 2.1775E+02    5.2833E-06    2.8903E-06    9.8321E-01   -9.7320E-01    5.4520E+00    1.8200E-04
2.4025E+01  3.1349E-02 2.1684E+02    5.1924E-06    2.7537E-06    9.0152E-01   -8.9067E-01    5.2444E+00    1.8200E-04
2.3355E+01  3.4712E-02 2.1603E+02    5.1039E-06    2.6117E-06    8.2848E-01   -8.1798E-01    4.9999E+00    1.8200E-04
2.2695E+01  3.8387E-02 2.1529E+02    5.0216E-06    2.4667E-06    7.6183E-01   -7.5226E-01    4.7589E+00    1.8200E-04
2.2046E+01  4.2398E-02 2.1462E+02    4.9307E-06    2.3235E-06    7.0018E-01   -6.9071E-01    4.5512E+00    1.8200E-04
2.1407E+01  4.6769E-02 2.1403E+02    4.8482E-06    2.1759E-06    6.4139E-01   -6.3331E-01    4.3735E+00    1.8200E-04
2.0778E+01  5.1525E-02 2.1352E+02    4.7633E-06    2.0255E-06    5.8502E-01   -5.7875E-01    4.2233E+00    1.8200E-04
2.0158E+01  5.6694E-02 2.1308E+02    4.6785E-06    1.8745E-06    5.3109E-01   -5.2593E-01    4.0982E+00    1.8200E-04
1.9548E+01  6.2302E-02 2.1271E+02    4.6011E-06    1.7154E-06    4.7872E-01   -4.7480E-01    3.9958E+00    1.8200E-04
1.8948E+01  6.8379E-02 2.1240E+02    4.5232E-06    1.5529E-06    4.2873E-01   -4.2396E-01    3.9129E+00    1.8200E-04
1.8356E+01  7.4955E-02 2.1215E+02    4.4523E-06    1.3877E-06    3.8144E-01   -3.7373E-01    3.8457E+00    1.8200E-04
1.7773E+01  8.2059E-02 2.1194E+02    4.3824E-06    1.2157E-06    3.3655E-01   -3.2570E-01    3.7896E+00    1.8200E-04
1.7199E+01  8.9723E-02 2.1175E+02    4.3246E-06    1.0539E-06    2.9630E-01   -2.7945E-01    3.7396E+00    1.8200E-04
1.6634E+01  9.7980E-02 2.1156E+02    4.2681E-06    8.9395E-07    2.5933E-01   -2.3820E-01    3.6908E+00    1.8200E-04
1.6077E+01  1.0686E-01 2.1135E+02    4.2160E-06    7.4143E-07    2.2493E-01   -1.8105E-01    3.6384E+00    1.8200E-04
1.5529E+01  1.1640E-01 2.1112E+02    4.1766E-06    6.0209E-07    1.9453E-01   -1.5069E-01    3.5803E+00    1.8200E-04
1.4990E+01  1.2663E-01 2.1087E+02    4.1443E-06    4.7911E-07    1.6850E-01   -1.2872E-01    3.5187E+00    1.8200E-04
1.4460E+01  1.3759E-01 2.1063E+02    4.1125E-06    3.7407E-07    1.4658E-01   -1.1415E-01    3.4589E+00    1.8200E-04
1.3938E+01  1.4931E-01 2.1042E+02    4.0875E-06    2.8338E-07    1.2801E-01   -1.0773E-01    3.4087E+00    1.8200E-04
1.3425E+01  1.6182E-01 2.1028E+02    4.0670E-06    2.0837E-07    1.1281E-01   -1.0673E-01    3.3768E+00    1.8200E-04
1.2920E+01  1.7516E-01 2.1026E+02    4.0534E-06    1.5448E-07    1.0160E-01   -1.0491E-01    3.3706E+00    1.8200E-04
1.2424E+01  1.8936E-01 2.1037E+02    4.0500E-06    1.1889E-07    9.3889E-02   -1.0018E-01    3.3961E+00    1.8200E-04
1.1935E+01  2.0445E-01 2.1061E+02    4.1688E-06    9.3736E-08    8.8998E-02   -9.7102E-02    3.4545E+00    1.8200E-04
1.1453E+01  2.2047E-01 2.1099E+02    4.6866E-06    7.5204E-08    8.7462E-02   -1.0243E-01    3.5469E+00    1.8200E-04
1.0978E+01  2.3744E-01 2.1147E+02    5.6372E-06    6.3497E-08    8.9121E-02   -1.0093E-01    3.6687E+00    1.8200E-04
1.0511E+01  2.5539E-01 2.1199E+02    6.6082E-06    5.6716E-08    9.1529E-02   -3.0452E-02    3.8018E+00    1.8200E-04
1.0050E+01  2.7436E-01 2.1259E+02    7.2067E-06    5.2192E-08    9.3689E-02   -4.9492E-02    3.9643E+00    1.8200E-04
9.5937E+00  2.9437E-01 2.1607E+02    1.1532E-05    4.8553E-08    1.1242E-01   -3.4131E-01    5.0155E+00    1.8200E-04
9.1370E+00  3.1544E-01 2.2042E+02    2.0270E-05    4.5340E-08    1.4791E-01   -7.3859E-01    6.1028E+00    1.8200E-04
8.6798E+00  3.3759E-01 2.2473E+02    3.4751E-05    4.2342E-08    1.9719E-01   -1.1528E+00    7.2782E+00    1.8200E-04
8.2226E+00  3.6084E-01 2.2901E+02    5.8078E-05    3.9429E-08    2.5791E-01   -1.5399E+00    8.6021E+00    1.8200E-04
7.7656E+00  3.8520E-01 2.3322E+02    9.4553E-05    3.6598E-08    3.2492E-01   -1.8473E+00    1.0074E+01    1.8200E-04
7.3095E+00  4.1069E-01 2.3734E+02    1.4983E-04    3.4026E-08    3.9492E-01   -2.0583E+00    1.1689E+01    1.8200E-04
6.8546E+00  4.3732E-01 2.4135E+02    2.3090E-04    3.1550E-08    4.7025E-01   -2.1987E+00    1.3435E+01    1.8200E-04
6.4016E+00  4.6509E-01 2.4522E+02    3.4587E-04    2.9168E-08    5.4779E-01   -2.2593E+00    1.5296E+01    1.8200E-04
5.9510E+00  4.9399E-01 2.4894E+02    5.0350E-04    2.6942E-08    6.1422E-01   -2.2685E+00    1.7251E+01    1.8200E-04
5.5034E+00  5.2403E-01 2.5247E+02    7.1260E-04    2.4841E-08    6.6185E-01   -2.2553E+00    1.9277E+01    1.8200E-04
5.0593E+00  5.5520E-01 2.5582E+02    9.8151E-04    2.2878E-08    6.9593E-01   -2.2406E+00    2.1352E+01    1.8200E-04
4.6194E+00  5.8748E-01 2.5898E+02    1.3176E-03    2.1061E-08    7.2338E-01   -2.2036E+00    2.3455E+01    1.8200E-04
4.1842E+00  6.2086E-01 2.6195E+02    1.7272E-03    1.9354E-08    7.4449E-01   -2.1451E+00    2.5568E+01    1.8200E-04
3.7542E+00  6.5531E-01 2.6474E+02    2.2152E-03    1.7815E-08    7.5642E-01   -2.0830E+00    2.7679E+01    1.8200E-04
3.3299E+00  6.9079E-01 2.6737E+02    2.7856E-03    1.6361E-08    7.5908E-01   -1.9960E+00    2.9778E+01    1.8200E-04
2.9117E+00  7.2728E-01 2.6984E+02    3.4413E-03    1.5070E-08    7.5540E-01   -1.8564E+00    3.1855E+01    1.8200E-04
2.5001E+00  7.6473E-01 2.7216E+02    4.1840E-03    1.3936E-08    7.4846E-01   -1.7077E+00    3.3906E+01    1.8200E-04
2.0952E+00  8.0310E-01 2.7452E+02    5.0839E-03    1.2950E-08    7.4434E-01   -1.6110E+00    3.6085E+01    1.8200E-04
1.6974E+00  8.4233E-01 2.7682E+02    5.9863E-03    1.2091E-08    7.2673E-01   -1.5266E+00    3.8311E+01    1.8200E-04
1.3068E+00  8.8236E-01 2.7902E+02    6.9749E-03    1.1310E-08    7.0953E-01   -1.5095E+00    4.0538E+01    1.8200E-04
9.2383E-01  9.2313E-01 2.8111E+02    8.0922E-03    1.0738E-08    6.9927E-01   -1.5753E+00    4.2739E+01    1.8200E-04
5.4872E-01  9.6457E-01 2.8310E+02    9.1573E-03    1.0279E-08    6.9184E-01   -1.7496E+00    4.4917E+01    1.8200E-04
1.8174E-01  1.0066E+00 2.8500E+02    1.0516E-02    9.8885E-09    7.1322E-01   -2.0039E+00    4.7080E+01    1.8200E-04
0.0000E+00  1.0280E+00 2.8595E+02    1.1200E-02    9.9600E-09    7.9780E+00   -3.5562E+00    4.8189E+01    1.8200E-04
