     ALT          P          T          FH2O           O3           THEAT        TCOOL        PSATCO2        FCO2
7.1104E+01  3.2610E-05 1.9495E+02    2.9547E-06    1.3996E-08    3.3837E+01   -2.8983E+01    1.0549E+00    1.7928E-04
7.0107E+01  3.8505E-05 1.9424E+02    3.2715E-06    1.5466E-08    5.2863E+00   -1.9089E+01    9.9487E-01    1.8200E-04
6.9115E+01  4.5409E-05 1.9568E+02    3.5791E-06    1.6783E-08    1.6903E+00   -1.3281E+01    1.1197E+00    1.8200E-04
6.8122E+01  5.3484E-05 1.9787E+02    3.8772E-06    1.8222E-08    1.1911E+00   -9.5819E+00    1.3347E+00    1.8200E-04
6.7126E+01  6.2915E-05 2.0009E+02    4.1637E-06    2.0163E-08    1.1176E+00   -7.0183E+00    1.5895E+00    1.8200E-04
6.6127E+01  7.3916E-05 2.0219E+02    4.4311E-06    2.2777E-08    1.0965E+00   -5.2493E+00    1.8681E+00    1.8200E-04
6.5126E+01  8.6732E-05 2.0418E+02    4.6789E-06    2.6296E-08    1.0837E+00   -4.1212E+00    2.1708E+00    1.8200E-04
6.4124E+01  1.0164E-04 2.0610E+02    4.9070E-06    3.1117E-08    1.0791E+00   -3.4541E+00    2.5018E+00    1.8200E-04
6.3121E+01  1.1896E-04 2.0797E+02    5.1227E-06    3.7901E-08    1.0930E+00   -3.0845E+00    2.8650E+00    1.8200E-04
6.2118E+01  1.3906E-04 2.0980E+02    5.3134E-06    4.7301E-08    1.1237E+00   -2.8956E+00    3.2631E+00    1.8200E-04
6.1114E+01  1.6235E-04 2.1159E+02    5.4840E-06    6.0128E-08    1.1761E+00   -2.8096E+00    3.6986E+00    1.8200E-04
6.0110E+01  1.8930E-04 2.1335E+02    5.6420E-06    7.6685E-08    1.2519E+00   -2.7798E+00    4.1741E+00    1.8200E-04
5.9107E+01  2.2045E-04 2.1508E+02    5.7897E-06    9.6841E-08    1.3498E+00   -2.7811E+00    4.6920E+00    1.8200E-04
5.8105E+01  2.5639E-04 2.1678E+02    5.9172E-06    1.1907E-07    1.4611E+00   -2.7963E+00    5.2293E+00    1.8200E-04
5.7103E+01  2.9783E-04 2.1846E+02    6.0374E-06    1.4240E-07    1.5800E+00   -2.8215E+00    5.6201E+00    1.8200E-04
5.6102E+01  3.4552E-04 2.2012E+02    6.1446E-06    1.6771E-07    1.7091E+00   -2.8515E+00    6.0276E+00    1.8200E-04
5.5103E+01  4.0034E-04 2.2176E+02    6.2445E-06    1.9498E-07    1.8480E+00   -2.8860E+00    6.4521E+00    1.8200E-04
5.4106E+01  4.6329E-04 2.2338E+02    6.3315E-06    2.2475E-07    1.9983E+00   -2.9231E+00    6.8943E+00    1.8200E-04
5.3110E+01  5.3545E-04 2.2499E+02    6.4211E-06    2.5917E-07    2.1683E+00   -2.9651E+00    7.3546E+00    1.8200E-04
5.2116E+01  6.1807E-04 2.2659E+02    6.4907E-06    2.9748E-07    2.3529E+00   -3.0071E+00    7.8334E+00    1.8200E-04
5.1124E+01  7.1254E-04 2.2818E+02    6.5675E-06    3.4164E-07    2.5567E+00   -3.0525E+00    8.3314E+00    1.8200E-04
5.0134E+01  8.2041E-04 2.2975E+02    6.6269E-06    3.9008E-07    2.7687E+00   -3.0952E+00    8.8489E+00    1.8200E-04
4.9147E+01  9.4343E-04 2.3131E+02    6.6862E-06    4.4501E-07    2.9914E+00   -3.1364E+00    9.3865E+00    1.8200E-04
4.8162E+01  1.0835E-03 2.3287E+02    6.7452E-06    5.0579E-07    3.2214E+00   -3.1892E+00    9.9444E+00    1.8200E-04
4.7180E+01  1.2429E-03 2.3441E+02    6.7942E-06    5.7400E-07    3.4521E+00   -3.2432E+00    1.0523E+01    1.8200E-04
4.6201E+01  1.4238E-03 2.3595E+02    6.8419E-06    6.4996E-07    3.6702E+00   -3.2964E+00    1.1123E+01    1.8200E-04
4.5225E+01  1.6291E-03 2.3748E+02    6.8810E-06    7.3628E-07    3.8745E+00   -3.3581E+00    1.1745E+01    1.8200E-04
4.4252E+01  1.8616E-03 2.3900E+02    6.9199E-06    8.3371E-07    4.0580E+00   -3.4428E+00    1.2388E+01    1.8200E-04
4.3283E+01  2.1246E-03 2.4051E+02    6.9493E-06    9.4589E-07    4.2228E+00   -3.5669E+00    1.3054E+01    1.8200E-04
4.2317E+01  2.4217E-03 2.4202E+02    6.9687E-06    1.0803E-06    4.3746E+00   -3.7644E+00    1.3743E+01    1.8200E-04
4.1355E+01  2.7569E-03 2.4358E+02    6.9879E-06    1.2306E-06    4.4815E+00   -4.0262E+00    1.4486E+01    1.8200E-04
4.0396E+01  3.1345E-03 2.4496E+02    6.9900E-06    1.4100E-06    4.5582E+00   -4.2689E+00    1.5163E+01    1.8200E-04
3.9443E+01  3.5594E-03 2.4588E+02    6.9839E-06    1.6326E-06    4.6075E+00   -4.4271E+00    1.5629E+01    1.8200E-04
3.8497E+01  4.0367E-03 2.4621E+02    6.9649E-06    1.8993E-06    4.5995E+00   -4.4731E+00    1.5799E+01    1.8200E-04
3.7561E+01  4.5723E-03 2.4590E+02    6.9324E-06    2.2129E-06    4.5179E+00   -4.4071E+00    1.5640E+01    1.8200E-04
3.6637E+01  5.1724E-03 2.4496E+02    6.8855E-06    2.5498E-06    4.3392E+00   -4.2428E+00    1.5163E+01    1.8200E-04
3.5727E+01  5.8440E-03 2.4346E+02    6.8286E-06    2.8778E-06    4.0734E+00   -4.0061E+00    1.4424E+01    1.8200E-04
3.4833E+01  6.5944E-03 2.4150E+02    6.7666E-06    3.1647E-06    3.7556E+00   -3.7267E+00    1.3501E+01    1.8200E-04
3.3956E+01  7.4317E-03 2.3922E+02    6.6864E-06    3.3843E-06    3.4220E+00   -3.4293E+00    1.2486E+01    1.8200E-04
3.3098E+01  8.3649E-03 2.3677E+02    6.6047E-06    3.5412E-06    3.1051E+00   -3.1345E+00    1.1456E+01    1.8200E-04
3.2257E+01  9.4034E-03 2.3428E+02    6.5207E-06    3.6393E-06    2.8115E+00   -2.8534E+00    1.0473E+01    1.8200E-04
3.1435E+01  1.0557E-02 2.3185E+02    6.4284E-06    3.6763E-06    2.5358E+00   -2.6084E+00    9.5777E+00    1.8200E-04
3.0630E+01  1.1838E-02 2.2957E+02    6.3379E-06    3.6752E-06    2.2823E+00   -2.3378E+00    8.7886E+00    1.8200E-04
2.9841E+01  1.3258E-02 2.2747E+02    6.2509E-06    3.6436E-06    2.0495E+00   -2.0898E+00    8.1072E+00    1.8200E-04
2.9069E+01  1.4829E-02 2.2557E+02    6.1581E-06    3.5817E-06    1.8352E+00   -1.8637E+00    7.5257E+00    1.8200E-04
2.8311E+01  1.6565E-02 2.2387E+02    6.0672E-06    3.4972E-06    1.6414E+00   -1.6602E+00    7.0320E+00    1.8200E-04
2.7567E+01  1.8481E-02 2.2236E+02    5.9779E-06    3.4005E-06    1.4705E+00   -1.4802E+00    6.6130E+00    1.8200E-04
2.6837E+01  2.0593E-02 2.2101E+02    5.8821E-06    3.2837E-06    1.3198E+00   -1.3234E+00    6.2558E+00    1.8200E-04
2.6120E+01  2.2917E-02 2.1980E+02    5.7943E-06    3.1662E-06    1.1919E+00   -1.1897E+00    5.9490E+00    1.8200E-04
2.5415E+01  2.5471E-02 2.1872E+02    5.7029E-06    3.0325E-06    1.0810E+00   -1.0767E+00    5.6832E+00    1.8200E-04
2.4722E+01  2.8275E-02 2.1774E+02    5.6159E-06    2.9035E-06    9.8746E-01   -9.8125E-01    5.4511E+00    1.8200E-04
2.4040E+01  3.1348E-02 2.1686E+02    5.5246E-06    2.7574E-06    9.0388E-01   -8.9945E-01    5.2472E+00    1.8200E-04
2.3369E+01  3.4710E-02 2.1606E+02    5.4365E-06    2.6157E-06    8.3068E-01   -8.2731E-01    5.0096E+00    1.8200E-04
2.2710E+01  3.8385E-02 2.1533E+02    5.3542E-06    2.4707E-06    7.6396E-01   -7.6205E-01    4.7735E+00    1.8200E-04
2.2060E+01  4.2396E-02 2.1468E+02    5.2632E-06    2.3274E-06    7.0227E-01   -7.0091E-01    4.5704E+00    1.8200E-04
2.1421E+01  4.6766E-02 2.1411E+02    5.1737E-06    2.1801E-06    6.4346E-01   -6.4349E-01    4.3969E+00    1.8200E-04
2.0792E+01  5.1522E-02 2.1361E+02    5.0949E-06    2.0295E-06    5.8687E-01   -5.8949E-01    4.2508E+00    1.8200E-04
2.0172E+01  5.6691E-02 2.1319E+02    5.0089E-06    1.8689E-06    5.3138E-01   -5.3806E-01    4.1300E+00    1.8200E-04
1.9562E+01  6.2299E-02 2.1284E+02    4.9272E-06    1.7096E-06    4.7887E-01   -4.8765E-01    4.0326E+00    1.8200E-04
1.8961E+01  6.8376E-02 2.1256E+02    4.8492E-06    1.5472E-06    4.2890E-01   -4.3781E-01    3.9557E+00    1.8200E-04
1.8368E+01  7.4951E-02 2.1234E+02    4.7740E-06    1.3817E-06    3.8171E-01   -3.8846E-01    3.8952E+00    1.8200E-04
1.7785E+01  8.2054E-02 2.1215E+02    4.7134E-06    1.2191E-06    3.3826E-01   -3.3988E-01    3.8464E+00    1.8200E-04
1.7210E+01  8.9718E-02 2.1199E+02    4.6459E-06    1.0574E-06    2.9801E-01   -2.9350E-01    3.8039E+00    1.8200E-04
1.6644E+01  9.7974E-02 2.1184E+02    4.5915E-06    8.9273E-07    2.6035E-01   -2.5385E-01    3.7626E+00    1.8200E-04
1.6087E+01  1.0685E-01 2.1166E+02    4.5436E-06    7.4043E-07    2.2592E-01   -1.9768E-01    3.7176E+00    1.8200E-04
1.5538E+01  1.1639E-01 2.1146E+02    4.4972E-06    6.0103E-07    1.9547E-01   -1.6723E-01    3.6668E+00    1.8200E-04
1.4998E+01  1.2663E-01 2.1125E+02    4.4648E-06    4.7800E-07    1.6942E-01   -1.4543E-01    3.6121E+00    1.8200E-04
1.4467E+01  1.3758E-01 2.1103E+02    4.4330E-06    3.7309E-07    1.4752E-01   -1.3094E-01    3.5587E+00    1.8200E-04
1.3944E+01  1.4930E-01 2.1085E+02    4.4077E-06    2.8240E-07    1.2895E-01   -1.2455E-01    3.5144E+00    1.8200E-04
1.3430E+01  1.6181E-01 2.1074E+02    4.3872E-06    2.0774E-07    1.1380E-01   -1.2323E-01    3.4873E+00    1.8200E-04
1.2924E+01  1.7515E-01 2.1074E+02    4.3735E-06    1.5381E-07    1.0259E-01   -1.2111E-01    3.4852E+00    1.8200E-04
1.2426E+01  1.8934E-01 2.1085E+02    4.3700E-06    1.1874E-07    9.4942E-02   -1.1529E-01    3.5130E+00    1.8200E-04
1.1936E+01  2.0444E-01 2.1109E+02    4.4760E-06    9.3512E-08    8.9954E-02   -1.1078E-01    3.5728E+00    1.8200E-04
1.1453E+01  2.2045E-01 2.1146E+02    4.9656E-06    7.4860E-08    8.8229E-02   -1.1414E-01    3.6646E+00    1.8200E-04
1.0978E+01  2.3742E-01 2.1192E+02    5.9875E-06    6.3169E-08    8.9980E-02   -1.1484E-01    3.7857E+00    1.8200E-04
1.0509E+01  2.5538E-01 2.1245E+02    6.7285E-06    5.6437E-08    9.1413E-02   -4.4183E-02    3.9254E+00    1.8200E-04
1.0048E+01  2.7435E-01 2.1299E+02    7.6075E-06    5.1962E-08    9.4490E-02   -4.8363E-02    4.0727E+00    1.8200E-04
9.5909E+00  2.9435E-01 2.1600E+02    1.1416E-05    4.8325E-08    1.1078E-01   -3.0140E-01    4.9899E+00    1.8200E-04
9.1344E+00  3.1542E-01 2.2034E+02    2.0073E-05    4.5115E-08    1.4542E-01   -7.0260E-01    6.0830E+00    1.8200E-04
8.6774E+00  3.3756E-01 2.2465E+02    3.4422E-05    4.2120E-08    1.9425E-01   -1.1206E+00    7.2553E+00    1.8200E-04
8.2203E+00  3.6081E-01 2.2893E+02    5.7544E-05    3.9215E-08    2.5476E-01   -1.5139E+00    8.5759E+00    1.8200E-04
7.7636E+00  3.8517E-01 2.3314E+02    9.3712E-05    3.6478E-08    3.2186E-01   -1.8283E+00    1.0045E+01    1.8200E-04
7.3076E+00  4.1066E-01 2.3726E+02    1.4855E-04    3.3911E-08    3.9210E-01   -2.0452E+00    1.1656E+01    1.8200E-04
6.8529E+00  4.3729E-01 2.4127E+02    2.2901E-04    3.1437E-08    4.6764E-01   -2.1900E+00    1.3399E+01    1.8200E-04
6.4000E+00  4.6505E-01 2.4515E+02    3.4319E-04    2.9056E-08    5.4545E-01   -2.2538E+00    1.5258E+01    1.8200E-04
5.9495E+00  4.9396E-01 2.4886E+02    4.9983E-04    2.6895E-08    6.1233E-01   -2.2646E+00    1.7210E+01    1.8200E-04
5.5020E+00  5.2400E-01 2.5240E+02    7.0775E-04    2.4833E-08    6.6041E-01   -2.2525E+00    1.9234E+01    1.8200E-04
5.0581E+00  5.5516E-01 2.5575E+02    9.7530E-04    2.2871E-08    6.9478E-01   -2.2384E+00    2.1308E+01    1.8200E-04
4.6183E+00  5.8744E-01 2.5891E+02    1.3099E-03    2.1054E-08    7.2243E-01   -2.2023E+00    2.3410E+01    1.8200E-04
4.1832E+00  6.2082E-01 2.6189E+02    1.7178E-03    1.9349E-08    7.4374E-01   -2.1442E+00    2.5523E+01    1.8200E-04
3.7533E+00  6.5526E-01 2.6469E+02    2.2041E-03    1.7811E-08    7.5592E-01   -2.0827E+00    2.7634E+01    1.8200E-04
3.3291E+00  6.9074E-01 2.6731E+02    2.7727E-03    1.6358E-08    7.5878E-01   -1.9969E+00    2.9732E+01    1.8200E-04
2.9110E+00  7.2723E-01 2.6979E+02    3.4264E-03    1.5067E-08    7.5525E-01   -1.8599E+00    3.1810E+01    1.8200E-04
2.4994E+00  7.6468E-01 2.7211E+02    4.1672E-03    1.3933E-08    7.4834E-01   -1.7085E+00    3.3862E+01    1.8200E-04
2.0947E+00  8.0304E-01 2.7445E+02    5.0564E-03    1.2948E-08    7.4346E-01   -1.6061E+00    3.6017E+01    1.8200E-04
1.6970E+00  8.4227E-01 2.7675E+02    5.9601E-03    1.2090E-08    7.2646E-01   -1.5249E+00    3.8243E+01    1.8200E-04
1.3065E+00  8.8230E-01 2.7895E+02    6.9402E-03    1.1309E-08    7.0906E-01   -1.5064E+00    4.0469E+01    1.8200E-04
9.2362E-01  9.2306E-01 2.8104E+02    8.0590E-03    1.0738E-08    6.9926E-01   -1.5728E+00    4.2671E+01    1.8200E-04
5.4859E-01  9.6450E-01 2.8303E+02    9.1253E-03    1.0287E-08    6.9203E-01   -1.7469E+00    4.4848E+01    1.8200E-04
1.8170E-01  1.0065E+00 2.8494E+02    1.0474E-02    9.9110E-09    7.1306E-01   -1.9994E+00    4.7011E+01    1.8200E-04
0.0000E+00  1.0279E+00 2.8589E+02    1.1159E-02    9.9800E-09    7.9800E+00   -3.5600E+00    4.8120E+01    1.8200E-04
