     ALT          P          T          FH2O           O3           THEAT        TCOOL        PSATCO2        FCO2
7.1101E+01  3.2610E-05 1.9492E+02    2.9558E-06    1.4000E-08    3.3837E+01   -2.8951E+01    1.0516E+00    1.7929E-04
7.0103E+01  3.8505E-05 1.9419E+02    3.2751E-06    1.5470E-08    5.2864E+00   -1.9052E+01    9.9045E-01    1.8200E-04
6.9112E+01  4.5409E-05 1.9563E+02    3.5899E-06    1.6760E-08    1.6904E+00   -1.3263E+01    1.1150E+00    1.8200E-04
6.8119E+01  5.3484E-05 1.9782E+02    3.8879E-06    1.8227E-08    1.1913E+00   -9.5753E+00    1.3298E+00    1.8200E-04
6.7123E+01  6.2915E-05 2.0005E+02    4.1744E-06    2.0168E-08    1.1178E+00   -7.0238E+00    1.5845E+00    1.8200E-04
6.6125E+01  7.3916E-05 2.0215E+02    4.4416E-06    2.2760E-08    1.0966E+00   -5.2483E+00    1.8629E+00    1.8200E-04
6.5124E+01  8.6732E-05 2.0415E+02    4.6894E-06    2.6304E-08    1.0840E+00   -4.1242E+00    2.1654E+00    1.8200E-04
6.4122E+01  1.0164E-04 2.0607E+02    4.9250E-06    3.1105E-08    1.0794E+00   -3.4616E+00    2.4962E+00    1.8200E-04
6.3120E+01  1.1896E-04 2.0794E+02    5.1356E-06    3.7838E-08    1.0929E+00   -3.0883E+00    2.8590E+00    1.8200E-04
6.2116E+01  1.3906E-04 2.0977E+02    5.3237E-06    4.7243E-08    1.1236E+00   -2.8978E+00    3.2568E+00    1.8200E-04
6.1113E+01  1.6235E-04 2.1156E+02    5.5016E-06    6.0074E-08    1.1761E+00   -2.8135E+00    3.6920E+00    1.8200E-04
6.0109E+01  1.8930E-04 2.1332E+02    5.6594E-06    7.6711E-08    1.2522E+00   -2.7834E+00    4.1671E+00    1.8200E-04
5.9106E+01  2.2045E-04 2.1505E+02    5.7999E-06    9.6532E-08    1.3486E+00   -2.7816E+00    4.6847E+00    1.8200E-04
5.8104E+01  2.5639E-04 2.1676E+02    5.9303E-06    1.1909E-07    1.4613E+00   -2.7970E+00    5.2242E+00    1.8200E-04
5.7102E+01  2.9783E-04 2.1844E+02    6.0476E-06    1.4243E-07    1.5803E+00   -2.8212E+00    5.6150E+00    1.8200E-04
5.6102E+01  3.4552E-04 2.2010E+02    6.1576E-06    1.6773E-07    1.7092E+00   -2.8518E+00    6.0223E+00    1.8200E-04
5.5102E+01  4.0034E-04 2.2174E+02    6.2617E-06    1.9429E-07    1.8449E+00   -2.8870E+00    6.4468E+00    1.8200E-04
5.4105E+01  4.6329E-04 2.2336E+02    6.3515E-06    2.2451E-07    1.9971E+00   -2.9241E+00    6.8888E+00    1.8200E-04
5.3109E+01  5.3545E-04 2.2498E+02    6.4312E-06    2.5893E-07    2.1673E+00   -2.9638E+00    7.3490E+00    1.8200E-04
5.2115E+01  6.1807E-04 2.2657E+02    6.5107E-06    2.9750E-07    2.3531E+00   -3.0072E+00    7.8278E+00    1.8200E-04
5.1123E+01  7.1254E-04 2.2816E+02    6.5801E-06    3.4091E-07    2.5538E+00   -3.0510E+00    8.3256E+00    1.8200E-04
5.0134E+01  8.2041E-04 2.2973E+02    6.6470E-06    3.9011E-07    2.7689E+00   -3.0948E+00    8.8431E+00    1.8200E-04
4.9146E+01  9.4343E-04 2.3130E+02    6.7062E-06    4.4484E-07    2.9911E+00   -3.1357E+00    9.3805E+00    1.8200E-04
4.8162E+01  1.0835E-03 2.3285E+02    6.7653E-06    5.0565E-07    3.2213E+00   -3.1882E+00    9.9382E+00    1.8200E-04
4.7180E+01  1.2429E-03 2.3440E+02    6.8142E-06    5.7403E-07    3.4527E+00   -3.2421E+00    1.0517E+01    1.8200E-04
4.6201E+01  1.4238E-03 2.3593E+02    6.8620E-06    6.4999E-07    3.6705E+00   -3.2951E+00    1.1117E+01    1.8200E-04
4.5225E+01  1.6291E-03 2.3746E+02    6.9010E-06    7.3536E-07    3.8714E+00   -3.3566E+00    1.1738E+01    1.8200E-04
4.4252E+01  1.8616E-03 2.3898E+02    6.9399E-06    8.3274E-07    4.0548E+00   -3.4414E+00    1.2381E+01    1.8200E-04
4.3283E+01  2.1246E-03 2.4050E+02    6.9687E-06    9.4491E-07    4.2200E+00   -3.5655E+00    1.3047E+01    1.8200E-04
4.2317E+01  2.4217E-03 2.4201E+02    6.9887E-06    1.0789E-06    4.3715E+00   -3.7630E+00    1.3737E+01    1.8200E-04
4.1355E+01  2.7569E-03 2.4357E+02    7.0000E-06    1.2306E-06    4.4825E+00   -4.0246E+00    1.4479E+01    1.8200E-04
4.0397E+01  3.1345E-03 2.4494E+02    7.0100E-06    1.4100E-06    4.5587E+00   -4.2680E+00    1.5156E+01    1.8200E-04
3.9443E+01  3.5594E-03 2.4587E+02    7.0000E-06    1.6286E-06    4.6010E+00   -4.4253E+00    1.5622E+01    1.8200E-04
3.8497E+01  4.0367E-03 2.4620E+02    6.9849E-06    1.8993E-06    4.6008E+00   -4.4733E+00    1.5793E+01    1.8200E-04
3.7561E+01  4.5723E-03 2.4589E+02    6.9524E-06    2.2128E-06    4.5197E+00   -4.4077E+00    1.5634E+01    1.8200E-04
3.6637E+01  5.1724E-03 2.4495E+02    6.9032E-06    2.5497E-06    4.3406E+00   -4.2434E+00    1.5159E+01    1.8200E-04
3.5727E+01  5.8440E-03 2.4345E+02    6.8481E-06    2.8777E-06    4.0745E+00   -4.0068E+00    1.4420E+01    1.8200E-04
3.4833E+01  6.5944E-03 2.4149E+02    6.7766E-06    3.1646E-06    3.7563E+00   -3.7266E+00    1.3498E+01    1.8200E-04
3.3957E+01  7.4317E-03 2.3921E+02    6.7065E-06    3.3842E-06    3.4226E+00   -3.4297E+00    1.2482E+01    1.8200E-04
3.3098E+01  8.3649E-03 2.3677E+02    6.6247E-06    3.5412E-06    3.1056E+00   -3.1349E+00    1.1452E+01    1.8200E-04
3.2258E+01  9.4034E-03 2.3427E+02    6.5407E-06    3.6393E-06    2.8118E+00   -2.8538E+00    1.0469E+01    1.8200E-04
3.1435E+01  1.0557E-02 2.3184E+02    6.4484E-06    3.6763E-06    2.5362E+00   -2.6088E+00    9.5746E+00    1.8200E-04
3.0630E+01  1.1838E-02 2.2956E+02    6.3555E-06    3.6776E-06    2.2835E+00   -2.3382E+00    8.7859E+00    1.8200E-04
2.9842E+01  1.3258E-02 2.2746E+02    6.2691E-06    3.6455E-06    2.0504E+00   -2.0901E+00    8.1046E+00    1.8200E-04
2.9069E+01  1.4829E-02 2.2557E+02    6.1782E-06    3.5818E-06    1.8353E+00   -1.8639E+00    7.5233E+00    1.8200E-04
2.8312E+01  1.6565E-02 2.2387E+02    6.0873E-06    3.4973E-06    1.6415E+00   -1.6604E+00    7.0298E+00    1.8200E-04
2.7568E+01  1.8481E-02 2.2235E+02    5.9943E-06    3.4006E-06    1.4706E+00   -1.4803E+00    6.6110E+00    1.8200E-04
2.6838E+01  2.0593E-02 2.2100E+02    5.9004E-06    3.2838E-06    1.3199E+00   -1.3235E+00    6.2539E+00    1.8200E-04
2.6121E+01  2.2917E-02 2.1980E+02    5.8143E-06    3.1663E-06    1.1920E+00   -1.1900E+00    5.9473E+00    1.8200E-04
2.5416E+01  2.5471E-02 2.1871E+02    5.7230E-06    3.0326E-06    1.0811E+00   -1.0770E+00    5.6816E+00    1.8200E-04
2.4723E+01  2.8275E-02 2.1774E+02    5.6360E-06    2.9037E-06    9.8758E-01   -9.8149E-01    5.4497E+00    1.8200E-04
2.4041E+01  3.1348E-02 2.1685E+02    5.5447E-06    2.7576E-06    9.0398E-01   -8.9968E-01    5.2459E+00    1.8200E-04
2.3370E+01  3.4710E-02 2.1605E+02    5.4566E-06    2.6159E-06    8.3079E-01   -8.2756E-01    5.0078E+00    1.8200E-04
2.2710E+01  3.8385E-02 2.1533E+02    5.3651E-06    2.4709E-06    7.6403E-01   -7.6195E-01    4.7721E+00    1.8200E-04
2.2061E+01  4.2396E-02 2.1468E+02    5.2833E-06    2.3276E-06    7.0239E-01   -7.0122E-01    4.5692E+00    1.8200E-04
2.1422E+01  4.6766E-02 2.1411E+02    5.1938E-06    2.1803E-06    6.4358E-01   -6.4384E-01    4.3960E+00    1.8200E-04
2.0793E+01  5.1522E-02 2.1361E+02    5.1058E-06    2.0297E-06    5.8694E-01   -5.8950E-01    4.2501E+00    1.8200E-04
2.0173E+01  5.6691E-02 2.1319E+02    5.0290E-06    1.8691E-06    5.3150E-01   -5.3846E-01    4.1296E+00    1.8200E-04
1.9563E+01  6.2299E-02 2.1284E+02    4.9473E-06    1.7099E-06    4.7899E-01   -4.8806E-01    4.0324E+00    1.8200E-04
1.8961E+01  6.8376E-02 2.1256E+02    4.8694E-06    1.5474E-06    4.2902E-01   -4.3812E-01    3.9555E+00    1.8200E-04
1.8369E+01  7.4951E-02 2.1234E+02    4.7941E-06    1.3819E-06    3.8182E-01   -3.8858E-01    3.8951E+00    1.8200E-04
1.7786E+01  8.2054E-02 2.1215E+02    4.7242E-06    1.2193E-06    3.3819E-01   -3.3975E-01    3.8464E+00    1.8200E-04
1.7211E+01  8.9718E-02 2.1200E+02    4.6660E-06    1.0485E-06    2.9678E-01   -2.9591E-01    3.8043E+00    1.8200E-04
1.6645E+01  9.7974E-02 2.1184E+02    4.6094E-06    8.9270E-07    2.6029E-01   -2.5457E-01    3.7636E+00    1.8200E-04
1.6088E+01  1.0686E-01 2.1167E+02    4.5569E-06    7.3999E-07    2.2591E-01   -1.9814E-01    3.7192E+00    1.8200E-04
1.5539E+01  1.1639E-01 2.1147E+02    4.5173E-06    6.0119E-07    1.9557E-01   -1.6787E-01    3.6691E+00    1.8200E-04
1.4999E+01  1.2663E-01 2.1126E+02    4.4849E-06    4.7813E-07    1.6952E-01   -1.4647E-01    3.6158E+00    1.8200E-04
1.4468E+01  1.3758E-01 2.1106E+02    4.4530E-06    3.7319E-07    1.4761E-01   -1.3256E-01    3.5641E+00    1.8200E-04
1.3945E+01  1.4930E-01 2.1088E+02    4.4278E-06    2.8248E-07    1.2904E-01   -1.2648E-01    3.5212E+00    1.8200E-04
1.3431E+01  1.6181E-01 2.1077E+02    4.4072E-06    2.0779E-07    1.1388E-01   -1.2503E-01    3.4945E+00    1.8200E-04
1.2925E+01  1.7515E-01 2.1075E+02    4.3935E-06    1.5385E-07    1.0266E-01   -1.2166E-01    3.4899E+00    1.8200E-04
1.2427E+01  1.8934E-01 2.1085E+02    4.3835E-06    1.1876E-07    9.4983E-02   -1.1365E-01    3.5130E+00    1.8200E-04
1.1937E+01  2.0444E-01 2.1108E+02    4.4921E-06    9.3521E-08    8.9999E-02   -1.0887E-01    3.5706E+00    1.8200E-04
1.1454E+01  2.2045E-01 2.1146E+02    4.9799E-06    7.4865E-08    8.8268E-02   -1.1348E-01    3.6661E+00    1.8200E-04
1.0979E+01  2.3742E-01 2.1190E+02    6.0095E-06    6.3171E-08    9.0169E-02   -1.1155E-01    3.7797E+00    1.8200E-04
1.0510E+01  2.5538E-01 2.1255E+02    6.8146E-06    5.6437E-08    9.2883E-02   -6.7726E-02    3.9519E+00    1.8200E-04
1.0048E+01  2.7435E-01 2.1328E+02    7.9605E-06    5.1962E-08    9.5978E-02   -6.9785E-02    4.1562E+00    1.8200E-04
9.5908E+00  2.9435E-01 2.1599E+02    1.1409E-05    4.8325E-08    1.1063E-01   -2.8932E-01    4.9883E+00    1.8200E-04
9.1343E+00  3.1542E-01 2.2033E+02    2.0060E-05    4.5115E-08    1.4499E-01   -6.9378E-01    6.0817E+00    1.8200E-04
8.6773E+00  3.3756E-01 2.2465E+02    3.4401E-05    4.2120E-08    1.9374E-01   -1.1133E+00    7.2539E+00    1.8200E-04
8.2202E+00  3.6081E-01 2.2892E+02    5.7510E-05    3.9215E-08    2.5423E-01   -1.5081E+00    8.5742E+00    1.8200E-04
7.7634E+00  3.8517E-01 2.3313E+02    9.3657E-05    3.6478E-08    3.2136E-01   -1.8242E+00    1.0043E+01    1.8200E-04
7.3074E+00  4.1066E-01 2.3726E+02    1.4846E-04    3.3911E-08    3.9168E-01   -2.0426E+00    1.1654E+01    1.8200E-04
6.8528E+00  4.3729E-01 2.4127E+02    2.2888E-04    3.1437E-08    4.6729E-01   -2.1884E+00    1.3397E+01    1.8200E-04
6.3999E+00  4.6505E-01 2.4514E+02    3.4301E-04    2.9056E-08    5.4516E-01   -2.2528E+00    1.5255E+01    1.8200E-04
5.9494E+00  4.9396E-01 2.4886E+02    4.9958E-04    2.6832E-08    6.1208E-01   -2.2640E+00    1.7207E+01    1.8200E-04
5.5020E+00  5.2400E-01 2.5239E+02    7.0741E-04    2.4785E-08    6.6023E-01   -2.2520E+00    1.9231E+01    1.8200E-04
5.0580E+00  5.5516E-01 2.5575E+02    9.7485E-04    2.2871E-08    6.9464E-01   -2.2380E+00    2.1305E+01    1.8200E-04
4.6182E+00  5.8744E-01 2.5891E+02    1.3093E-03    2.1054E-08    7.2231E-01   -2.2021E+00    2.3406E+01    1.8200E-04
4.1831E+00  6.2082E-01 2.6188E+02    1.7171E-03    1.9349E-08    7.4366E-01   -2.1441E+00    2.5520E+01    1.8200E-04
3.7532E+00  6.5526E-01 2.6468E+02    2.2033E-03    1.7811E-08    7.5585E-01   -2.0826E+00    2.7631E+01    1.8200E-04
3.3290E+00  6.9074E-01 2.6731E+02    2.7717E-03    1.6358E-08    7.5873E-01   -1.9968E+00    2.9729E+01    1.8200E-04
2.9109E+00  7.2723E-01 2.6978E+02    3.4253E-03    1.5067E-08    7.5522E-01   -1.8600E+00    3.1807E+01    1.8200E-04
2.4994E+00  7.6468E-01 2.7211E+02    4.1659E-03    1.3933E-08    7.4831E-01   -1.7086E+00    3.3858E+01    1.8200E-04
2.0947E+00  8.0304E-01 2.7444E+02    5.0549E-03    1.2948E-08    7.4346E-01   -1.6062E+00    3.6014E+01    1.8200E-04
1.6970E+00  8.4227E-01 2.7674E+02    5.9587E-03    1.2090E-08    7.2648E-01   -1.5250E+00    3.8239E+01    1.8200E-04
1.3065E+00  8.8230E-01 2.7895E+02    6.9384E-03    1.1309E-08    7.0906E-01   -1.5063E+00    4.0466E+01    1.8200E-04
9.2361E-01  9.2306E-01 2.8104E+02    8.0573E-03    1.0738E-08    6.9928E-01   -1.5727E+00    4.2667E+01    1.8200E-04
5.4858E-01  9.6450E-01 2.8303E+02    9.1235E-03    1.0283E-08    6.9205E-01   -1.7468E+00    4.4845E+01    1.8200E-04
1.8170E-01  1.0065E+00 2.8494E+02    1.0472E-02    9.8997E-09    7.1306E-01   -1.9992E+00    4.7007E+01    1.8200E-04
0.0000E+00  1.0279E+00 2.8589E+02    1.1156E-02    9.9700E-09    7.9801E+00   -3.5603E+00    4.8117E+01    1.8200E-04
