     ALT          P          T          FH2O           O3           THEAT        TCOOL        PSATCO2        FCO2
7.1148E+01  3.2610E-05 1.9546E+02    2.8290E-06    1.4127E-08    3.3880E+01   -2.9524E+01    1.0996E+00    1.8000E-04
7.0147E+01  3.8505E-05 1.9495E+02    3.1396E-06    1.5512E-08    5.2543E+00   -1.9523E+01    1.0541E+00    1.8200E-04
6.9151E+01  4.5409E-05 1.9637E+02    3.4449E-06    1.6825E-08    1.6829E+00   -1.3549E+01    1.1841E+00    1.8200E-04
6.8155E+01  5.3484E-05 1.9848E+02    3.7342E-06    1.8338E-08    1.1881E+00   -9.6825E+00    1.4010E+00    1.8200E-04
6.7156E+01  6.2916E-05 2.0063E+02    4.0124E-06    2.0288E-08    1.1154E+00   -7.0179E+00    1.6573E+00    1.8200E-04
6.6155E+01  7.3917E-05 2.0267E+02    4.2712E-06    2.2878E-08    1.0939E+00   -5.2102E+00    1.9379E+00    1.8200E-04
6.5152E+01  8.6732E-05 2.0462E+02    4.5120E-06    2.6395E-08    1.0809E+00   -4.0694E+00    2.2435E+00    1.8200E-04
6.4148E+01  1.0164E-04 2.0651E+02    4.7313E-06    3.1263E-08    1.0763E+00   -3.4031E+00    2.5780E+00    1.8200E-04
6.3143E+01  1.1896E-04 2.0836E+02    4.9384E-06    3.8109E-08    1.0903E+00   -3.0385E+00    2.9450E+00    1.8200E-04
6.2138E+01  1.3906E-04 2.1016E+02    5.1273E-06    4.7503E-08    1.1211E+00   -2.8566E+00    3.3474E+00    1.8200E-04
6.1132E+01  1.6235E-04 2.1193E+02    5.2959E-06    6.0460E-08    1.1742E+00   -2.7759E+00    3.7876E+00    1.8200E-04
6.0127E+01  1.8930E-04 2.1367E+02    5.4467E-06    7.7179E-08    1.2508E+00   -2.7499E+00    4.2680E+00    1.8200E-04
5.9122E+01  2.2045E-04 2.1539E+02    5.5850E-06    9.7488E-08    1.3495E+00   -2.7542E+00    4.7912E+00    1.8200E-04
5.8118E+01  2.5640E-04 2.1708E+02    5.7155E-06    1.2000E-07    1.4626E+00   -2.7759E+00    5.2973E+00    1.8200E-04
5.7115E+01  2.9783E-04 2.1875E+02    5.8259E-06    1.4410E-07    1.5852E+00   -2.8044E+00    5.6892E+00    1.8200E-04
5.6113E+01  3.4552E-04 2.2039E+02    5.9335E-06    1.6942E-07    1.7148E+00   -2.8402E+00    6.0977E+00    1.8200E-04
5.5113E+01  4.0035E-04 2.2203E+02    6.0235E-06    1.9671E-07    1.8538E+00   -2.8786E+00    6.5234E+00    1.8200E-04
5.4114E+01  4.6329E-04 2.2364E+02    6.1135E-06    2.2721E-07    2.0076E+00   -2.9221E+00    6.9667E+00    1.8200E-04
5.3117E+01  5.3545E-04 2.2525E+02    6.1979E-06    2.6165E-07    2.1779E+00   -2.9687E+00    7.4282E+00    1.8200E-04
5.2122E+01  6.1808E-04 2.2683E+02    6.2702E-06    3.0023E-07    2.3637E+00   -3.0159E+00    7.9084E+00    1.8200E-04
5.1129E+01  7.1255E-04 2.2841E+02    6.3373E-06    3.4466E-07    2.5684E+00   -3.0638E+00    8.4078E+00    1.8200E-04
5.0138E+01  8.2043E-04 2.2998E+02    6.3967E-06    3.9368E-07    2.7826E+00   -3.1102E+00    8.9267E+00    1.8200E-04
4.9150E+01  9.4345E-04 2.3154E+02    6.4560E-06    4.4888E-07    3.0058E+00   -3.1543E+00    9.4657E+00    1.8200E-04
4.8164E+01  1.0835E-03 2.3309E+02    6.5152E-06    5.0972E-07    3.2351E+00   -3.2089E+00    1.0025E+01    1.8200E-04
4.7181E+01  1.2429E-03 2.3463E+02    6.5628E-06    5.7813E-07    3.4657E+00   -3.2637E+00    1.0606E+01    1.8200E-04
4.6202E+01  1.4239E-03 2.3616E+02    6.6120E-06    6.5505E-07    3.6858E+00   -3.3172E+00    1.1207E+01    1.8200E-04
4.5225E+01  1.6291E-03 2.3768E+02    6.6511E-06    7.4148E-07    3.8886E+00   -3.3781E+00    1.1830E+01    1.8200E-04
4.4251E+01  1.8616E-03 2.3920E+02    6.6800E-06    8.3904E-07    4.0703E+00   -3.4608E+00    1.2476E+01    1.8200E-04
4.3281E+01  2.1246E-03 2.4071E+02    6.7094E-06    9.5232E-07    4.2342E+00   -3.5838E+00    1.3143E+01    1.8200E-04
4.2314E+01  2.4218E-03 2.4222E+02    6.7288E-06    1.0810E-06    4.3683E+00   -3.7785E+00    1.3835E+01    1.8200E-04
4.1351E+01  2.7570E-03 2.4378E+02    6.7400E-06    1.2337E-06    4.4809E+00   -4.0388E+00    1.4579E+01    1.8200E-04
4.0392E+01  3.1346E-03 2.4514E+02    6.7400E-06    1.4184E-06    4.5683E+00   -4.2805E+00    1.5256E+01    1.8200E-04
3.9438E+01  3.5594E-03 2.4605E+02    6.7337E-06    1.6406E-06    4.6136E+00   -4.4353E+00    1.5718E+01    1.8200E-04
3.8491E+01  4.0368E-03 2.4637E+02    6.7148E-06    1.9070E-06    4.6012E+00   -4.4779E+00    1.5882E+01    1.8200E-04
3.7554E+01  4.5724E-03 2.4605E+02    6.6821E-06    2.2197E-06    4.5155E+00   -4.4086E+00    1.5715E+01    1.8200E-04
3.6630E+01  5.1726E-03 2.4510E+02    6.6326E-06    2.5532E-06    4.3319E+00   -4.2414E+00    1.5232E+01    1.8200E-04
3.5719E+01  5.8441E-03 2.4358E+02    6.5773E-06    2.8812E-06    4.0670E+00   -4.0037E+00    1.4485E+01    1.8200E-04
3.4825E+01  6.5945E-03 2.4162E+02    6.5057E-06    3.1680E-06    3.7505E+00   -3.7231E+00    1.3557E+01    1.8200E-04
3.3948E+01  7.4320E-03 2.3934E+02    6.4356E-06    3.3867E-06    3.4176E+00   -3.4257E+00    1.2536E+01    1.8200E-04
3.3089E+01  8.3652E-03 2.3688E+02    6.3535E-06    3.5429E-06    3.1007E+00   -3.1304E+00    1.1500E+01    1.8200E-04
3.2248E+01  9.4037E-03 2.3438E+02    6.2595E-06    3.6303E-06    2.8030E+00   -2.8478E+00    1.0512E+01    1.8200E-04
3.1425E+01  1.0558E-02 2.3195E+02    6.1771E-06    3.6731E-06    2.5312E+00   -2.6043E+00    9.6127E+00    1.8200E-04
3.0620E+01  1.1839E-02 2.2966E+02    6.0839E-06    3.6746E-06    2.2794E+00   -2.3339E+00    8.8193E+00    1.8200E-04
2.9831E+01  1.3258E-02 2.2756E+02    5.9893E-06    3.6346E-06    2.0440E+00   -2.0852E+00    8.1340E+00    1.8200E-04
2.9058E+01  1.4829E-02 2.2565E+02    5.8965E-06    3.5704E-06    1.8297E+00   -1.8591E+00    7.5489E+00    1.8200E-04
2.8300E+01  1.6565E-02 2.2394E+02    5.8056E-06    3.4946E-06    1.6390E+00   -1.6559E+00    7.0519E+00    1.8200E-04
2.7557E+01  1.8482E-02 2.2242E+02    5.7163E-06    3.3922E-06    1.4671E+00   -1.4756E+00    6.6295E+00    1.8200E-04
2.6826E+01  2.0593E-02 2.2106E+02    5.6287E-06    3.2815E-06    1.3179E+00   -1.3188E+00    6.2689E+00    1.8200E-04
2.6109E+01  2.2918E-02 2.1984E+02    5.5396E-06    3.1537E-06    1.1880E+00   -1.1848E+00    5.9588E+00    1.8200E-04
2.5404E+01  2.5472E-02 2.1875E+02    5.4479E-06    3.0267E-06    1.0785E+00   -1.0715E+00    5.6900E+00    1.8200E-04
2.4711E+01  2.8276E-02 2.1776E+02    5.3639E-06    2.8912E-06    9.8408E-01   -9.7597E-01    5.4551E+00    1.8200E-04
2.4029E+01  3.1349E-02 2.1686E+02    5.2684E-06    2.7546E-06    9.0232E-01   -8.9345E-01    5.2485E+00    1.8200E-04
2.3358E+01  3.4711E-02 2.1605E+02    5.1825E-06    2.6126E-06    8.2923E-01   -8.2101E-01    5.0077E+00    1.8200E-04
2.2698E+01  3.8387E-02 2.1531E+02    5.0933E-06    2.4676E-06    7.6245E-01   -7.5516E-01    4.7680E+00    1.8200E-04
2.2049E+01  4.2397E-02 2.1465E+02    5.0113E-06    2.3244E-06    7.0082E-01   -6.9412E-01    4.5613E+00    1.8200E-04
2.1410E+01  4.6768E-02 2.1407E+02    4.9218E-06    2.1769E-06    6.4196E-01   -6.3650E-01    4.3846E+00    1.8200E-04
2.0781E+01  5.1524E-02 2.1356E+02    4.8338E-06    2.0264E-06    5.8550E-01   -5.8184E-01    4.2352E+00    1.8200E-04
2.0161E+01  5.6693E-02 2.1312E+02    4.7571E-06    1.8754E-06    5.3156E-01   -5.2946E-01    4.1109E+00    1.8200E-04
1.9551E+01  6.2301E-02 2.1276E+02    4.6757E-06    1.7121E-06    4.7849E-01   -4.7885E-01    4.0094E+00    1.8200E-04
1.8950E+01  6.8378E-02 2.1246E+02    4.5975E-06    1.5501E-06    4.2857E-01   -4.2818E-01    3.9277E+00    1.8200E-04
1.8358E+01  7.4954E-02 2.1221E+02    4.5226E-06    1.3885E-06    3.8183E-01   -3.7739E-01    3.8617E+00    1.8200E-04
1.7775E+01  8.2058E-02 2.1200E+02    4.4623E-06    1.2165E-06    3.3702E-01   -3.2973E-01    3.8068E+00    1.8200E-04
1.7201E+01  8.9722E-02 2.1182E+02    4.3949E-06    1.0546E-06    2.9668E-01   -2.8306E-01    3.7580E+00    1.8200E-04
1.6636E+01  9.7978E-02 2.1163E+02    4.3407E-06    8.9387E-07    2.5961E-01   -2.4202E-01    3.7102E+00    1.8200E-04
1.6079E+01  1.0686E-01 2.1143E+02    4.2961E-06    7.4157E-07    2.2525E-01   -1.8518E-01    3.6588E+00    1.8200E-04
1.5531E+01  1.1640E-01 2.1121E+02    4.2523E-06    6.0200E-07    1.9479E-01   -1.5456E-01    3.6016E+00    1.8200E-04
1.4991E+01  1.2663E-01 2.1096E+02    4.2144E-06    4.7884E-07    1.6869E-01   -1.3236E-01    3.5410E+00    1.8200E-04
1.4461E+01  1.3759E-01 2.1072E+02    4.1826E-06    3.7327E-07    1.4670E-01   -1.1802E-01    3.4822E+00    1.8200E-04
1.3939E+01  1.4931E-01 2.1052E+02    4.1575E-06    2.8320E-07    1.2822E-01   -1.1144E-01    3.4330E+00    1.8200E-04
1.3426E+01  1.6182E-01 2.1039E+02    4.1435E-06    2.0845E-07    1.1310E-01   -1.1057E-01    3.4020E+00    1.8200E-04
1.2921E+01  1.7515E-01 2.1037E+02    4.1334E-06    1.5450E-07    1.0189E-01   -1.0897E-01    3.3968E+00    1.8200E-04
1.2424E+01  1.8935E-01 2.1047E+02    4.1235E-06    1.1889E-07    9.4143E-02   -1.0363E-01    3.4221E+00    1.8200E-04
1.1934E+01  2.0444E-01 2.1072E+02    4.2389E-06    9.3652E-08    8.9217E-02   -1.0047E-01    3.4809E+00    1.8200E-04
1.1452E+01  2.2046E-01 2.1108E+02    4.7634E-06    7.5082E-08    8.7685E-02   -1.0516E-01    3.5711E+00    1.8200E-04
1.0978E+01  2.3743E-01 2.1156E+02    5.7104E-06    6.3380E-08    8.9186E-02   -1.0234E-01    3.6911E+00    1.8200E-04
1.0510E+01  2.5539E-01 2.1207E+02    6.6838E-06    5.6653E-08    9.0443E-02   -2.4024E-02    3.8232E+00    1.8200E-04
1.0049E+01  2.7436E-01 2.1263E+02    7.2387E-06    5.2182E-08    9.3599E-02   -4.6312E-02    3.9732E+00    1.8200E-04
9.5928E+00  2.9436E-01 2.1605E+02    1.1492E-05    4.8545E-08    1.1206E-01   -3.3432E-01    5.0067E+00    1.8200E-04
9.1362E+00  3.1543E-01 2.2039E+02    2.0202E-05    4.5333E-08    1.4737E-01   -7.3188E-01    6.0960E+00    1.8200E-04
8.6791E+00  3.3758E-01 2.2471E+02    3.4637E-05    4.2336E-08    1.9654E-01   -1.1466E+00    7.2703E+00    1.8200E-04
8.2218E+00  3.6083E-01 2.2898E+02    5.7894E-05    3.9423E-08    2.5719E-01   -1.5347E+00    8.5931E+00    1.8200E-04
7.7650E+00  3.8519E-01 2.3319E+02    9.4263E-05    3.6593E-08    3.2420E-01   -1.8434E+00    1.0064E+01    1.8200E-04
7.3089E+00  4.1068E-01 2.3732E+02    1.4939E-04    3.4021E-08    3.9421E-01   -2.0554E+00    1.1678E+01    1.8200E-04
6.8541E+00  4.3731E-01 2.4133E+02    2.3025E-04    3.1466E-08    4.6954E-01   -2.1967E+00    1.3423E+01    1.8200E-04
6.4011E+00  4.6508E-01 2.4520E+02    3.4495E-04    2.9136E-08    5.4713E-01   -2.2580E+00    1.5283E+01    1.8200E-04
5.9505E+00  4.9398E-01 2.4891E+02    5.0224E-04    2.6939E-08    6.1367E-01   -2.2675E+00    1.7237E+01    1.8200E-04
5.5030E+00  5.2402E-01 2.5245E+02    7.1093E-04    2.4839E-08    6.6142E-01   -2.2545E+00    1.9263E+01    1.8200E-04
5.0589E+00  5.5519E-01 2.5580E+02    9.7936E-04    2.2876E-08    6.9557E-01   -2.2399E+00    2.1337E+01    1.8200E-04
4.6191E+00  5.8747E-01 2.5895E+02    1.3149E-03    2.1059E-08    7.2307E-01   -2.2032E+00    2.3439E+01    1.8200E-04
4.1839E+00  6.2085E-01 2.6193E+02    1.7239E-03    1.9353E-08    7.4423E-01   -2.1447E+00    2.5553E+01    1.8200E-04
3.7539E+00  6.5529E-01 2.6472E+02    2.2113E-03    1.7814E-08    7.5623E-01   -2.0827E+00    2.7663E+01    1.8200E-04
3.3296E+00  6.9078E-01 2.6735E+02    2.7809E-03    1.6360E-08    7.5894E-01   -1.9959E+00    2.9761E+01    1.8200E-04
2.9115E+00  7.2727E-01 2.6982E+02    3.4358E-03    1.5069E-08    7.5530E-01   -1.8566E+00    3.1838E+01    1.8200E-04
2.4999E+00  7.6472E-01 2.7214E+02    4.1776E-03    1.3935E-08    7.4839E-01   -1.7081E+00    3.3889E+01    1.8200E-04
2.0951E+00  8.0308E-01 2.7450E+02    5.0770E-03    1.2949E-08    7.4436E-01   -1.6114E+00    3.6068E+01    1.8200E-04
1.6973E+00  8.4231E-01 2.7680E+02    5.9795E-03    1.2091E-08    7.2685E-01   -1.5269E+00    3.8293E+01    1.8200E-04
1.3067E+00  8.8234E-01 2.7900E+02    6.9656E-03    1.1309E-08    7.0953E-01   -1.5090E+00    4.0520E+01    1.8200E-04
9.2377E-01  9.2311E-01 2.8109E+02    8.0831E-03    1.0738E-08    6.9934E-01   -1.5748E+00    4.2720E+01    1.8200E-04
5.4868E-01  9.6455E-01 2.8308E+02    9.1482E-03    1.0283E-08    6.9193E-01   -1.7488E+00    4.4898E+01    1.8200E-04
1.8173E-01  1.0066E+00 2.8498E+02    1.0504E-02    9.8998E-09    7.1319E-01   -2.0026E+00    4.7060E+01    1.8200E-04
0.0000E+00  1.0280E+00 2.8593E+02    1.1188E-02    9.9700E-09    7.9786E+00   -3.5573E+00    4.8169E+01    1.8200E-04
