   195.346335755378        0.286209254921654E-05
   194.790324629595        0.317043981411789E-05
   196.222129814945        0.347908985161952E-05
   198.344020455524        0.376618350801808E-05
   200.508536975281        0.404591786984308E-05
   202.564866366871        0.431258344726233E-05
   204.525634705947        0.455330913996976E-05
   206.421337781110        0.478029202831484E-05
   208.269813434784        0.498127344012682E-05
   210.079487557865        0.517011578128119E-05
   211.855047815709        0.533875645481264E-05
   213.600053359661        0.549715028073671E-05
   215.317655414663        0.563527682459178E-05
   217.010711911216        0.576575692672218E-05
   218.681802369824        0.587612207725616E-05
   220.333245667044        0.598362969630495E-05
   221.967116773154        0.608094808274594E-05
   223.585254623405        0.617085860610491E-05
   225.189263885843        0.625062676643064E-05
   226.780518008966        0.632023808798507E-05
   228.360169881094        0.638967872039857E-05
   229.929172660485        0.645670547152121E-05
   231.488309171403        0.651599973852529E-05
   233.038225516224        0.657342661531838E-05
   234.579464149619        0.662273984710821E-05
   236.112493110622        0.666193594961608E-05
   237.637730092321        0.670100903080890E-05
   239.155561471165        0.673995317002622E-05
   240.666356973047        0.676875945654430E-05
   242.172918880511        0.678871360870560E-05
   243.735032554962        0.680000000000000E-05
   245.106315772072        0.680000000000002E-05
   246.018963456771        0.679375539673041E-05
   246.339765509695        0.677482317966026E-05
   246.018391311355        0.674216939136216E-05
   245.067693636204        0.669518331362883E-05
   243.555240472967        0.663815601969542E-05
   241.591761727839        0.657598522775254E-05
   239.313160152997        0.649581047291872E-05
   236.859822049509        0.641385829660435E-05
   234.361774354088        0.632978730030599E-05
   231.930870842759        0.623749799598596E-05
   229.643131619203        0.614434817493973E-05
   227.540027349564        0.605810075044540E-05
   225.637588748890        0.596692976847638E-05
   223.933244298620        0.587601687714130E-05
   222.412962215359        0.578282123954547E-05
   221.056721795253        0.568911296628995E-05
   219.843060567003        0.560014850557317E-05
   218.751779966613        0.550837790608772E-05
   217.765948195246        0.542443511690660E-05
   216.872644588905        0.533336320086302E-05
   216.062996512069        0.524505198597955E-05
   215.331633996309        0.515375547426891E-05
   214.675765739276        0.507172898842106E-05
   214.094419624135        0.498226218625655E-05
   213.587557482488        0.490365170081587E-05
   213.154515500358        0.481748169739284E-05
   212.792803510258        0.473603648735513E-05
   212.496246336208        0.465790408631614E-05
   212.254131485272        0.458293856541229E-05
   212.051158098040        0.452252563697334E-05
   211.868981195300        0.445509071714475E-05
   211.689573142546        0.440081791419602E-05
   211.494811671379        0.435626253516758E-05
   211.276321711534        0.431241116250384E-05
   211.040471799237        0.427445733802334E-05
   210.807220095314        0.424262469234884E-05
   210.604608800029        0.421754819633592E-05
   210.470717737731        0.420351051835451E-05
   210.439914987288        0.419341016537622E-05
   210.533028322625        0.418347006519800E-05
   210.769134212823        0.429896511262339E-05
   211.154148736504        0.482421334702462E-05
   211.648810815544        0.578725814193142E-05
   212.172042404697        0.677817829114533E-05
   212.950776363051        0.756469614959320E-05
   216.029256076609        0.114654886804048E-04
   220.370492161691        0.201568380155976E-04
   224.687560265452        0.345623713226842E-04
   228.962465705995        0.577719883075794E-04
   233.173881020493        0.940709119252927E-04
   237.297720207501        0.149093814659164E-03
   241.308453055597        0.229819254077135E-03
   245.181120629097        0.344339278978323E-03
   248.893773185116        0.501403379724250E-03
   252.429890850989        0.709836296125618E-03
   255.779771264276        0.977972481187253E-03
   258.940573758237        0.131322833572228E-02
   261.915341102383        0.172186988534099E-02
   264.711463012206        0.220895516762495E-02
   267.339049735300        0.277838764605233E-02
   269.809525659224        0.343301276072003E-02
   272.134570432507        0.417470771752274E-02
   274.466939751878        0.506441472989028E-02
   276.768482040320        0.596778145274839E-02
   278.972948761393        0.695051323393001E-02
   281.064062744587        0.806894989058091E-02
   283.053313512765        0.913486866472475E-02
   284.957279640359        0.104866280765910E-01
   285.908006563972        0.111711207424256E-01
