   187.433855042891        0.163766388927838E-05
   177.667027926304        0.181173853331071E-05
   172.251649682594        0.195231413061326E-05
   170.638722213633        0.208999195479431E-05
   171.537956850569        0.221306463109234E-05
   173.840951681589        0.232615430689437E-05
   176.824531309714        0.242434609440902E-05
   180.114191785736        0.252242216070092E-05
   183.534067652308        0.260910106605569E-05
   186.755186942826        0.268077111595982E-05
   189.972354481504        0.275269468668863E-05
   193.830252033887        0.281862503014277E-05
   197.902107979939        0.288277287894169E-05
   201.613037278533        0.292689792881007E-05
   204.851969321145        0.298063608736277E-05
   207.714127460676        0.302486105759032E-05
   210.311811538853        0.306244544695206E-05
   212.722959460562        0.309824138493399E-05
   214.995526067035        0.313198816343631E-05
   217.159875249539        0.315963917453531E-05
   219.236721145353        0.318761711525195E-05
   221.241079812240        0.321538854987153E-05
   223.184296455120        0.323313515980804E-05
   225.075192073303        0.325085673993499E-05
   226.920772391565        0.326854770802394E-05
   228.726705153545        0.327620784608762E-05
   230.497656297205        0.328000000000000E-05
   232.237531374592        0.328000000000000E-05
   233.949651490222        0.327102823733673E-05
   235.719348970709        0.326355046690441E-05
   237.312350856652        0.324232032319339E-05
   238.208301685920        0.320779983639762E-05
   238.110044537623        0.316538111355110E-05
   237.015612546940        0.311955170389143E-05
   235.077354950404        0.306297641288786E-05
   232.502738789161        0.299748769414348E-05
   229.501913356417        0.293317427855675E-05
   226.268960263037        0.286023065879845E-05
   222.980821411790        0.279283511696003E-05
   219.793509133157        0.271769848216008E-05
   216.835340676596        0.265263275549292E-05
   214.199227251414        0.257967523890960E-05
   211.931208582716        0.251219452022283E-05
   210.034501860964        0.244709515215051E-05
   208.482241719329        0.237998030792286E-05
   207.230873361902        0.231884668554669E-05
   206.231272062668        0.226108202500013E-05
   205.435633732793        0.219767184759335E-05
   204.801010829645        0.213877231221408E-05
   204.290465787730        0.208317644382366E-05
   203.873870528785        0.202190115087280E-05
   203.527815282209        0.197129691968132E-05
   203.234691828259        0.191423525295671E-05
   202.982314906502        0.186222574817145E-05
   202.763285378566        0.181197524655769E-05
   202.574348316970        0.175560484157319E-05
   202.415115164049        0.170829347067209E-05
   202.286173629519        0.166165025513993E-05
   202.187771305781        0.161566400058861E-05
   202.119208134026        0.157032308141148E-05
   202.077177422947        0.152663500993653E-05
   202.055662777221        0.149349482031990E-05
   202.048001930652        0.146082200404037E-05
   202.046870476866        0.142861365953062E-05
   202.041738310767        0.140126418628882E-05
   202.036390219759        0.138041298865514E-05
   202.048629041024        0.135987195788724E-05
   202.102454133766        0.134482820016940E-05
   202.232431230825        0.132970239054256E-05
   202.478651396126        0.132000000000000E-05
   202.858129060243        0.154543863066200E-05
   203.285666092829        0.177114888852713E-05
   203.941513833654        0.199163021352591E-05
   204.698899924844        0.234216081380905E-05
   208.125029772721        0.383426112666206E-05
   210.934436267224        0.571382960163826E-05
   215.360765407230        0.104466627768791E-04
   219.778198526606        0.186144539947913E-04
   224.171639236507        0.323181404369332E-04
   228.522999819052        0.546484665150414E-04
   232.810725696757        0.899414817613225E-04
   237.008474506264        0.143933509396745E-03
   241.088288021402        0.223754976411418E-03
   245.023128509854        0.337678199313872E-03
   248.789786137356        0.494631169301710E-03
   252.371337805429        0.703582316594180E-03
   255.758441557445        0.972956555156231E-03
   258.949226295849        0.131021735675813E-02
   261.948064307690        0.172166506115331E-02
   264.763786799155        0.221241695499188E-02
   267.407869588050        0.278649217442380E-02
   269.892923780480        0.344692861325281E-02
   272.231606834717        0.419588375398027E-02
   274.607391319804        0.510389618025815E-02
   276.928875305752        0.601235397819194E-02
   279.155866977876        0.702653960710592E-02
   281.268299517341        0.815289450491462E-02
   283.285317221022        0.925485503519376E-02
   285.212975752050        0.106368919105458E-01
   287.045204482856        0.119525035292926E-01
   287.967782776066        0.126154706369020E-01
