   196.763351103980        0.241967810383539E-05
   196.752944338477        0.269236478598873E-05
   198.169720299565        0.295397696026115E-05
   200.098244752551        0.321450123234343E-05
   202.074980021084        0.345646087486833E-05
   203.986779083349        0.369566780139642E-05
   205.837664793155        0.390777942040153E-05
   207.645855776956        0.410802713159182E-05
   209.421670096137        0.428787174493863E-05
   211.169459153877        0.444970567488676E-05
   212.891431142695        0.459882749658535E-05
   214.589393962775        0.473743771554757E-05
   216.265190339558        0.485863692821813E-05
   217.920709384350        0.496644542027455E-05
   219.557827823047        0.506723183537563E-05
   221.178356195568        0.516431334800027E-05
   222.783992277587        0.524470651031039E-05
   224.376280730211        0.532495914265330E-05
   225.956583298851        0.539505701649278E-05
   227.526064279888        0.546124637110452E-05
   229.085692835991        0.552105739179844E-05
   230.636259990856        0.557715268329123E-05
   232.178405503221        0.562682633436172E-05
   233.712648959642        0.567639075611680E-05
   235.239420229234        0.571584005169548E-05
   236.759086239654        0.575516846551327E-05
   238.271972964994        0.579218663746091E-05
   239.778382826257        0.581344006528819E-05
   241.278608162762        0.584118700499932E-05
   242.783351953753        0.585058165180634E-05
   244.315847409172        0.586000000000000E-05
   245.629454286141        0.586000000000000E-05
   246.472891514581        0.584172784476136E-05
   246.719539562999        0.581550517131501E-05
   246.324225021733        0.577796259992601E-05
   245.304516261760        0.572637510539224E-05
   243.730168090059        0.566891951832563E-05
   241.710076665308        0.559666757807962E-05
   239.377470257161        0.551712859657926E-05
   236.870311468974        0.542754390797628E-05
   234.315475377935        0.533891501902885E-05
   231.822923635248        0.524801862967618E-05
   229.468273649983        0.515618567524073E-05
   227.292637264201        0.506695167614685E-05
   225.311705483659        0.497429295524582E-05
   223.523791365967        0.488359517042211E-05
   221.915689760521        0.478860711479105E-05
   220.468289127765        0.469726663900012E-05
   219.161324017094        0.461142937534210E-05
   217.975783916908        0.451844929202084E-05
   216.896082331735        0.443183441576423E-05
   215.911067717477        0.434306590313589E-05
   215.013765001483        0.426315467114865E-05
   214.200172568995        0.417181953311974E-05
   213.468462795791        0.408702906808510E-05
   212.818281914552        0.400275473239249E-05
   212.249366822745        0.392540519010745E-05
   211.760113829131        0.384225636633288E-05
   211.346872319560        0.376963658935095E-05
   211.002608917800        0.369816743719640E-05
   210.715558593695        0.362781472455353E-05
   210.469989050331        0.355877332203591E-05
   210.247644038032        0.350183288299912E-05
   210.030470649871        0.344863483411287E-05
   209.800965313208        0.340449830312737E-05
   209.551789163173        0.336580878101649E-05
   209.291621920631        0.333375827564595E-05
   209.045543496501        0.330816042141683E-05
   208.854677597069        0.328748433167994E-05
   208.752125425558        0.326714341073775E-05
   208.764869868937        0.325356693957469E-05
   208.896214077678        0.324371457033591E-05
   209.184380022123        0.335240426555611E-05
   209.592897229303        0.422191826997928E-05
   210.162870854673        0.484028171482885E-05
   210.792130356510        0.561943907617439E-05
   212.268784847441        0.689336114842564E-05
   216.635969380335        0.124090599086844E-04
   220.986382286672        0.217733031981058E-04
   225.310931756359        0.372578683952916E-04
   229.590775066838        0.621398102976368E-04
   233.803589076820        0.100934190331837E-03
   237.924307926956        0.159528175617058E-03
   241.926713141170        0.245138928635749E-03
   245.785753800655        0.366040360769553E-03
   249.480116445703        0.531076303471072E-03
   252.994350673448        0.749063537938215E-03
   256.319970230009        0.102823399223947E-02
   259.455337830695        0.137583885528168E-02
   262.404551251245        0.179795572850493E-02
   265.175810434597        0.229946106319718E-02
   267.779772382898        0.288410035380349E-02
   270.228176599784        0.355458945313004E-02
   272.532840281710        0.431270161639694E-02
   274.897525641382        0.522991288576505E-02
   277.182668344846        0.612672460435188E-02
   279.374979009472        0.716097165857289E-02
   281.451523055195        0.827143659559953E-02
   283.435208898407        0.938615032177469E-02
   285.325651275996        0.107455646602878E-01
   286.271210290036        0.114261967365234E-01
