   197.019971396885        0.197041074353912E-05
   197.072400100542        0.219171210690796E-05
   198.483288355873        0.241193942733451E-05
   200.383795949255        0.263210795763748E-05
   202.333027942691        0.283287382852522E-05
   204.222626502000        0.302362072084527E-05
   206.055668167582        0.320489345253426E-05
   207.848904781956        0.336563104352187E-05
   209.611729628430        0.351612443592738E-05
   211.347974589279        0.365630333234801E-05
   213.059520555573        0.377734149957654E-05
   214.747941111528        0.388833849788627E-05
   216.414906079412        0.399618889893169E-05
   218.062181817828        0.408673930814013E-05
   219.691563412659        0.416720432990097E-05
   221.304811088646        0.424756686646320E-05
   222.903594178169        0.431586338596823E-05
   224.489442840673        0.437594552097313E-05
   226.063712399058        0.443591598195498E-05
   227.627564988459        0.449384627903414E-05
   229.181969688870        0.454365675516926E-05
   230.727718383173        0.458505415371486E-05
   232.265451979279        0.463298719029622E-05
   233.795690954313        0.467124853467762E-05
   235.318865201834        0.470188915474856E-05
   236.835340139214        0.473058288638989E-05
   238.345438025451        0.476015786336697E-05
   239.849454744243        0.477966689848846E-05
   241.347672753021        0.478910745001484E-05
   242.865445509537        0.479847831167841E-05
   244.361207298972        0.479221969109227E-05
   245.579298663572        0.478300842917282E-05
   246.291025480239        0.475783356544479E-05
   246.382889062278        0.471999152113874E-05
   245.816586083080        0.467887404483289E-05
   244.612788267892        0.462142851355035E-05
   242.842875650184        0.454896308529816E-05
   240.617841041100        0.446979082757005E-05
   238.068914073440        0.438275593334980E-05
   235.329608338108        0.428770640901890E-05
   232.523863798934        0.419555835777998E-05
   229.763044032054        0.410810485689647E-05
   227.127940623341        0.401305887496215E-05
   224.667936565362        0.392006953513571E-05
   222.408997424074        0.382923370314300E-05
   220.359270336084        0.374027378701778E-05
   218.514830780463        0.365324058502848E-05
   216.864710667382        0.356779249234147E-05
   215.393605462195        0.348413043335973E-05
   214.085364357957        0.339877223137142E-05
   212.924935548540        0.331103009516737E-05
   211.898697784653        0.323173251761091E-05
   210.995352714826        0.315354364363581E-05
   210.205092541923        0.307668397681582E-05
   209.519295877541        0.300112395022266E-05
   208.930238347397        0.292674247390315E-05
   208.431344691834        0.285334473924605E-05
   208.016361723957        0.278111234871221E-05
   207.677845938409        0.271000568523943E-05
   207.406496476516        0.264833789703067E-05
   207.190268710271        0.258103378800160E-05
   207.014498385520        0.252531456838769E-05
   206.862955357846        0.247824133983081E-05
   206.720166091945        0.242657370364987E-05
   206.569152062700        0.238742176099388E-05
   206.407737088733        0.235539847858418E-05
   206.252974303844        0.232925899546653E-05
   206.134571932698        0.230283930298684E-05
   206.076911378202        0.228410756630043E-05
   206.110023796263        0.226815315277994E-05
   206.251633527187        0.225420798612055E-05
   206.547014512239        0.229919456969605E-05
   206.962029861151        0.288885804530207E-05
   207.527866610950        0.331564328183916E-05
   208.148208656232        0.385398385971672E-05
   209.749182771701        0.483931028472880E-05
   213.435854036819        0.806716846845308E-05
   217.823462489983        0.144692171274503E-04
   222.195440370857        0.253039523791840E-04
   226.535206738830        0.431306018443196E-04
   230.822645565670        0.716084351330822E-04
   235.034301207804        0.115710256752288E-03
   239.144269018037        0.181814113048784E-03
   243.125914368015        0.277586488399218E-03
   246.954381358560        0.411616383673500E-03
   250.609625753761        0.592868493593492E-03
   254.078323962081        0.830075512518138E-03
   257.354511113464        0.113122319808193E-02
   260.438967503690        0.150322521474396E-02
   263.337769577644        0.195179863856060E-02
   266.060545570896        0.248148656590461E-02
   268.618856180997        0.309575337383477E-02
   271.024915550908        0.379709023070310E-02
   273.311335537380        0.460323149965302E-02
   275.690821798640        0.553468625409942E-02
   277.947647765382        0.642020931999536E-02
   280.110649533624        0.754590272467471E-02
   282.162113981989        0.864267477719781E-02
   284.130109216494        0.987520331430887E-02
   285.997160040621        0.112173947356950E-01
   286.933781189925        0.118913637698516E-01
