   195.054476161021        0.293101190550159E-05
   194.373325246433        0.325069395571223E-05
   195.811065846766        0.355612263642301E-05
   197.979263071004        0.385438800227510E-05
   200.187515896494        0.413910248277849E-05
   202.276707583939        0.440679629771929E-05
   204.261887657053        0.465490571701517E-05
   206.176658127832        0.488320762816542E-05
   208.040730772870        0.509154784500758E-05
   209.863536078919        0.528227998079094E-05
   211.650360718591        0.545049507510263E-05
   213.405175001975        0.561115046683166E-05
   215.131428630134        0.575632569421676E-05
   216.832195431300        0.588668762023543E-05
   218.510209992025        0.600412535862099E-05
   220.167904892709        0.610705657798152E-05
   221.807442845466        0.620418377647886E-05
   223.430734524298        0.630119846968145E-05
   225.039445423005        0.638090362086515E-05
   226.635001003557        0.645784526353459E-05
   228.218598442276        0.652738175489088E-05
   229.791228606630        0.658903692761274E-05
   231.353706703910        0.665603518447540E-05
   232.906706980984        0.670513270793455E-05
   234.450796631044        0.676271170855880E-05
   235.986465654094        0.680188314989338E-05
   237.514151406589        0.685046647680130E-05
   239.034257992042        0.687985291667332E-05
   240.547171188586        0.690931877037876E-05
   242.055853834955        0.692864121036494E-05
   243.618708639922        0.694789357515845E-05
   244.992215989225        0.695000000000001E-05
   245.910934666407        0.694385822616391E-05
   246.241140092850        0.692493451147869E-05
   245.930478943724        0.689240736813836E-05
   244.989289256230        0.684314878297213E-05
   243.484032120714        0.678806943659507E-05
   241.525714263822        0.671653634158327E-05
   239.251203953952        0.664638482056256E-05
   236.801619894681        0.656460356168141E-05
   234.306620360634        0.648058850110385E-05
   231.878459074185        0.638828765826653E-05
   229.593961856326        0.629532403092217E-05
   227.494302963537        0.620892822430482E-05
   225.595104221552        0.611794760896500E-05
   223.894433855219        0.602704572963996E-05
   222.378948613013        0.593404639314088E-05
   221.028631571994        0.584016765606826E-05
   219.821200091491        0.575139631426906E-05
   218.736156738654        0.565944607842543E-05
   217.756797269401        0.557568973441787E-05
   216.870330181790        0.548443203031754E-05
   216.067789084452        0.539628559487717E-05
   215.343585226257        0.530481053138832E-05
   214.694701815058        0.522294260449858E-05
   214.120045110805        0.513345163540388E-05
   213.619760264816        0.504541624275571E-05
   213.194311584708        0.496862870401597E-05
   212.842114410816        0.488699102921531E-05
   212.557451674217        0.480898064778339E-05
   212.329481074301        0.473382418437242E-05
   212.142296003663        0.466387124576960E-05
   211.976940808186        0.460576464890764E-05
   211.814631993376        0.454914546736597E-05
   211.636333791589        0.449673249386540E-05
   211.432931435817        0.445713958177385E-05
   211.210390023701        0.442474784218142E-05
   210.989170729724        0.439288049209725E-05
   210.799944322083        0.436769410447097E-05
   210.680186258333        0.434713638304347E-05
   210.663123401091        0.433345809329705E-05
   210.770628227878        0.432350622349338E-05
   211.019002916537        0.445089130862926E-05
   211.386379733133        0.501137203055372E-05
   211.876475663925        0.598058149261143E-05
   212.406852937430        0.700405244311972E-05
   213.023215402061        0.763943824522527E-05
   215.994501136393        0.114136901486941E-04
   220.335293675748        0.200682246817439E-04
   224.651969849558        0.344146108180333E-04
   228.926583203489        0.575322366761338E-04
   233.137876469228        0.936933079277934E-04
   237.261845067625        0.148518219561892E-03
   241.273021409245        0.228972192894817E-03
   245.146449091051        0.343136860141412E-03
   248.860109743372        0.499754714728466E-03
   252.397437141498        0.707650279373809E-03
   255.748666207367        0.975163246937040E-03
   258.910889546608        0.130971893802126E-02
   261.887089769181        0.171759379655153E-02
   264.684609260399        0.220385597680301E-02
   267.313525571520        0.277241771239334E-02
   269.785243614732        0.342613151621664E-02
   272.111433712334        0.416688001305754E-02
   274.444799390898        0.505599279147853E-02
   276.747153776650        0.595970090800210E-02
   278.952137126466        0.693973845001908E-02
   281.043960537831        0.805858421266045E-02
   283.033726183529        0.912480810629925E-02
   284.938332750530        0.104734935281357E-01
   285.889254954153        0.111581467761483E-01
