   196.389604729708        0.255021191915201E-05
   196.206562235048        0.284243124213339E-05
   197.617892061054        0.311338117866479E-05
   199.596280721014        0.338345364980947E-05
   201.623503916312        0.364380561051638E-05
   203.574581053711        0.388428474432253E-05
   205.455517741152        0.410615166067333E-05
   207.287806176823        0.431490320091806E-05
   209.083771441025        0.450480111610118E-05
   210.848833473848        0.467635963919003E-05
   212.585844089341        0.482789219142100E-05
   214.297069326329        0.497454053676254E-05
   215.984699397138        0.509556069812900E-05
   217.650884060273        0.521647355807163E-05
   219.297690505226        0.532438668098018E-05
   220.927066906439        0.542193040515711E-05
   222.540812108959        0.550526771509180E-05
   224.140548353503        0.558928800102286E-05
   225.727700594550        0.566237946292806E-05
   227.303487428280        0.572916856460458E-05
   228.868926131998        0.578891297919673E-05
   230.424850777503        0.584851387154852E-05
   231.971939592818        0.590531121179324E-05
   233.510746496301        0.595483497195746E-05
   235.041732123130        0.599636289002387E-05
   236.565291233397        0.604176850076122E-05
   238.081775271869        0.607269889103004E-05
   239.591510214392        0.610173198061854E-05
   241.094810349868        0.613031441707341E-05
   242.598717140086        0.614000000000000E-05
   244.143675416173        0.615000000000000E-05
   245.481727811996        0.615000000000000E-05
   246.353536474156        0.614266541564061E-05
   246.629083336161        0.611740355884011E-05
   246.261522818227        0.607988026148445E-05
   245.267387993816        0.602927382190868E-05
   243.716307000713        0.597280604131756E-05
   241.719038361193        0.590122490291176E-05
   239.410373566996        0.582100148523517E-05
   236.928802210574        0.573779800563187E-05
   234.401522623563        0.564372877560609E-05
   231.939310942493        0.556142700940840E-05
   229.618008856372        0.546704586479475E-05
   227.478258693048        0.537249172458593E-05
   225.535513193449        0.527971955584607E-05
   223.787183130006        0.518891744561603E-05
   222.219682328004        0.509967993166126E-05
   220.813618810264        0.501224138610570E-05
   219.547931309259        0.491622052148448E-05
   218.403077195253        0.483180718056024E-05
   217.363049207504        0.473881478515582E-05
   216.415849251645        0.465169509643464E-05
   215.553432909710        0.456700172012532E-05
   214.771017883889        0.447805807715051E-05
   214.066069808243        0.439542230567220E-05
   213.437701526391        0.431400914471134E-05
   212.885839600604        0.422869943382189E-05
   212.410228520159        0.414479729260736E-05
   212.008265245407        0.407189761129286E-05
   211.673092378053        0.399348822852723E-05
   211.393028837672        0.391952025939760E-05
   211.152709865854        0.385998585517370E-05
   210.934217717520        0.380282775248306E-05
   210.719321711023        0.374655988011043E-05
   210.489366138695        0.369495475712403E-05
   210.236770016234        0.365602826906255E-05
   209.970574396119        0.362385963403451E-05
   209.715276106507        0.359815157748123E-05
   209.505500015535        0.357740311533465E-05
   209.376950699461        0.355699384153455E-05
   209.360059216150        0.354345982954363E-05
   209.478432953819        0.353357763032472E-05
   209.744954089169        0.363963364077434E-05
   210.152396641920        0.454339175047583E-05
   210.657259754995        0.518427548653014E-05
   211.186910578591        0.592033634446977E-05
   212.149557745503        0.678344555716156E-05
   216.391232493193        0.120200235083334E-04
   220.737816908342        0.211068665925300E-04
   225.059300079824        0.361470107501747E-04
   229.337183891598        0.603411264328285E-04
   233.549523031577        0.981108118802944E-04
   237.671598663031        0.155240709457442E-03
   241.677418918513        0.238850923257075E-03
   245.541953008350        0.357141398869884E-03
   249.243662027632        0.518918900016030E-03
   252.766665250458        0.733003842170452E-03
   256.101954172387        0.100766628511488E-02
   259.247399383373        0.135021906195941E-02
   262.206672701826        0.176680831091323E-02
   264.987651389378        0.226237421252085E-02
   267.600779161802        0.284071518134202E-02
   270.057678338457        0.350458837662576E-02
   272.370123623826        0.425579941207558E-02
   274.741715986284        0.517010439978318E-02
   277.032055222640        0.606901075304506E-02
   279.228442649561        0.708435899021638E-02
   281.309649870757        0.819739703361216E-02
   283.294934984917        0.928749240308985E-02
   285.189863542333        0.106502396624556E-01
   286.136952216584        0.113320323971600E-01
