   189.700412648619        0.184728071862389E-05
   181.586679769408        0.204148993101210E-05
   179.786998772194        0.222003478777446E-05
   182.953823198781        0.236556588714653E-05
   187.667363131096        0.250103102387260E-05
   191.996119348998        0.262131008197291E-05
   195.585500085483        0.274236530410620E-05
   198.616446127264        0.284810691152258E-05
   201.295393658035        0.293995480556078E-05
   203.748161688122        0.302904090693372E-05
   206.041531372169        0.310914559678512E-05
   208.213396955927        0.318171224905080E-05
   210.288646925342        0.325516969335635E-05
   212.285408742928        0.331945847279211E-05
   214.217449702704        0.338080690306233E-05
   216.095392082071        0.343735886690592E-05
   217.927537644828        0.348415856813513E-05
   219.720473691948        0.353113198691201E-05
   221.479509014022        0.357880740695555E-05
   223.208979723157        0.361690474488230E-05
   224.912463236931        0.365502781982661E-05
   226.592931487881        0.369315610344519E-05
   228.252865900652        0.372127173373265E-05
   229.894348859693        0.374468281618195E-05
   231.519139761585        0.377370498792944E-05
   233.128739186261        0.379269927891621E-05
   234.724442543778        0.380165983701765E-05
   236.307383998691        0.381058126653662E-05
   237.878571640776        0.382000000000000E-05
   239.472549383911        0.381171047469588E-05
   241.025190383644        0.380000000000000E-05
   242.226238478652        0.377424620646597E-05
   242.798647351273        0.374142872381196E-05
   242.598509465783        0.369225848997236E-05
   241.581950213993        0.363773839648533E-05
   239.794577168531        0.356718655466425E-05
   237.353234345836        0.348820400719851E-05
   234.418185279856        0.340862650004585E-05
   231.168916096247        0.332660314006933E-05
   227.786542870363        0.323656027458229E-05
   224.439663461288        0.315834868202664E-05
   221.274591877830        0.307236367657996E-05
   218.394566006487        0.298797954339453E-05
   215.856136288424        0.290994568939884E-05
   213.676392245967        0.283355923805742E-05
   211.842699984515        0.275991878371923E-05
   210.322792202353        0.268428034727072E-05
   209.073948823679        0.261571704413184E-05
   208.050977821276        0.253948189461695E-05
   207.210897088652        0.247361937317296E-05
   206.515983525789        0.240852308472971E-05
   205.935520719216        0.233465165981138E-05
   205.445582514412        0.227150634125913E-05
   205.028460025746        0.220930772531211E-05
   204.672223662328        0.214798557403492E-05
   204.369334378338        0.208736079315981E-05
   204.115212325079        0.202762782661628E-05
   203.906862307755        0.196876746860307E-05
   203.741083132864        0.191076121616827E-05
   203.613552481709        0.185359144990151E-05
   203.518685293794        0.180773761639280E-05
   203.450087778919        0.176318394713174E-05
   203.400644854799        0.172197288547156E-05
   203.363072470946        0.168952239567094E-05
   203.326761642830        0.165754622596863E-05
   203.288325061335        0.162604295825493E-05
   203.261202857687        0.160002231423022E-05
   203.269253121470        0.158482980634803E-05
   203.349856078816        0.156956894672227E-05
   203.529372652415        0.155490217354050E-05
   203.847785554454        0.156922707076485E-05
   204.275266890028        0.194788076974447E-05
   204.821547335799        0.222815598229463E-05
   205.408903395824        0.257859605001754E-05
   207.850630885215        0.367775667376990E-05
   210.320586027940        0.523531474413296E-05
   214.740626439445        0.959843878377958E-05
   219.150588405242        0.171454932108807E-04
   223.539969046978        0.298500258630583E-04
   227.891651472107        0.506320599119250E-04
   232.183404958379        0.836083759049867E-04
   236.389643874782        0.134277953356905E-03
   240.482862647965        0.209547134409449E-03
   244.435983962136        0.317521504498719E-03
   248.225190218588        0.467056596864887E-03
   251.832476570655        0.667155487493379E-03
   255.247181841488        0.926368554798650E-03
   258.466152896129        0.125234100593961E-02
   261.492712475695        0.165157469518984E-02
   264.334934029577        0.212937790815970E-02
   267.003819441673        0.268993367089547E-02
   269.511741164981        0.333641232503596E-02
   271.871289444274        0.407107528610485E-02
   274.214178057152        0.495008881748962E-02
   276.553135671586        0.586554403911201E-02
   278.791672040877        0.683358929514862E-02
   280.919181605091        0.796847719025983E-02
   282.944049747736        0.905075659559079E-02
   284.885196702071        0.104059309982620E-01
   286.727834812358        0.117301664455026E-01
   287.654579533247        0.123967960024527E-01
