   196.158198206542        0.188611087615368E-05
   195.892792624476        0.210232784011702E-05
   197.307200002036        0.230847628316828E-05
   199.315396075058        0.250743901019787E-05
   201.371029181745        0.269529287453412E-05
   203.343443366989        0.287653909108647E-05
   205.240035821153        0.303849166911363E-05
   207.084223322478        0.319087731985392E-05
   208.889507362213        0.333074188157085E-05
   210.661948666966        0.346350286155938E-05
   212.404795977152        0.357631041229950E-05
   214.120606257810        0.367637011751401E-05
   215.811800822015        0.377641432023801E-05
   217.480716855810        0.385914105264103E-05
   219.129575425935        0.393908268086356E-05
   220.760453939421        0.401171755007527E-05
   222.375263190259        0.408154335898162E-05
   223.975725335362        0.414128381658134E-05
   225.563356365230        0.419092653342955E-05
   227.139458506426        0.424364502321517E-05
   228.705125645519        0.429325361653439E-05
   230.261261301255        0.433277470972937E-05
   231.808605720099        0.437220148356376E-05
   233.347767203638        0.441152733019803E-05
   234.879253003509        0.444074582079386E-05
   236.403496623889        0.446492817135432E-05
   237.920880268076        0.448442077061298E-05
   239.431752563126        0.450385053486855E-05
   240.936442246433        0.451999999999999E-05
   242.464967658605        0.451999999999999E-05
   243.956530703071        0.451825914126803E-05
   245.148545033989        0.449912162757686E-05
   245.815581329069        0.447021554705636E-05
   245.844379919586        0.443378547666936E-05
   245.197969177697        0.438792385567520E-05
   243.900467831036        0.432718214902797E-05
   242.026215895746        0.425137458883532E-05
   239.686447072976        0.417311875011855E-05
   237.012157667046        0.408676526699146E-05
   234.138368390543        0.399238291264893E-05
   231.192974250765        0.389811211394233E-05
   228.293506086508        0.380980479702543E-05
   225.528682796697        0.371768348063783E-05
   222.955600446656        0.362593251824857E-05
   220.606704961232        0.353611126982911E-05
   218.495214190802        0.344836356979014E-05
   216.620118183281        0.336230628576888E-05
   214.970142581045        0.327796622302559E-05
   213.527076408258        0.319526227093150E-05
   212.269797561084        0.311384362079540E-05
   211.177256612829        0.303393990461858E-05
   210.229934893728        0.295614735456834E-05
   209.410884763370        0.288788536240624E-05
   208.705314506018        0.281170265251076E-05
   208.100857762983        0.273676648957742E-05
   207.587222476899        0.266287074806238E-05
   207.155674570401        0.258999473041297E-05
   206.798477588706        0.252356724043749E-05
   206.508271428088        0.245760474958170E-05
   206.277046057166        0.239669903971188E-05
   206.094906328761        0.233955847676783E-05
   205.949742128338        0.228451556845604E-05
   205.828606020310        0.224005334916425E-05
   205.718422165169        0.219625306957970E-05
   205.603367872409        0.215734967241420E-05
   205.479999463360        0.212548449884836E-05
   205.362079352700        0.209410765218108E-05
   205.273811647012        0.206882192190961E-05
   205.246680065139        0.205427749179703E-05
   205.332505966344        0.203857172871987E-05
   205.528319364259        0.202445527934062E-05
   205.873222399605        0.240884645229356E-05
   206.372164930754        0.277602142349239E-05
   206.916539984314        0.320779973454834E-05
   207.755367618838        0.363033341529999E-05
   209.880823427553        0.492775739181119E-05
   213.805434138091        0.847602293093753E-05
   218.199156368747        0.151844371899720E-04
   222.576267283935        0.265215251423331E-04
   226.919692367931        0.451447666306230E-04
   231.208698504045        0.748396468264921E-04
   235.419174980204        0.120725531607384E-03
   239.524702598278        0.189329399586550E-03
   243.498498843127        0.288444423783113E-03
   247.316023706906        0.426741467971036E-03
   250.957708667887        0.613198290079645E-03
   254.410931421538        0.856493454459228E-03
   257.670508826706        0.116450704731267E-02
   260.737947420136        0.154401903686184E-02
   263.619908611843        0.200060670321128E-02
   266.326436914262        0.253868235526929E-02
   268.869356679465        0.316159685765980E-02
   271.261030614516        0.387174940211578E-02
   273.582195770351        0.470737923431223E-02
   275.947621906041        0.563329847057169E-02
   278.196710561262        0.652228258638112E-02
   280.347619399932        0.766983188509249E-02
   282.389927930675        0.876163348736330E-02
   284.350065895936        0.100298889135046E-01
   286.209136698023        0.113662269347761E-01
   287.142356068763        0.120376818034270E-01
