   195.592803402941        0.279577223399677E-05
   195.120593541763        0.310499857799867E-05
   196.544889128054        0.340261930353161E-05
   198.631458289400        0.369210811416401E-05
   200.762857538003        0.396227107196926E-05
   202.794034438486        0.421978033868710E-05
   204.735867619040        0.446080200711904E-05
   206.616631809037        0.468025224850433E-05
   208.452811774212        0.488767137160429E-05
   210.252094131389        0.506880276243570E-05
   212.018715891965        0.523773678853221E-05
   213.755921288677        0.538637986108649E-05
   215.466629610245        0.552471561753745E-05
   217.153528903698        0.565275004909293E-05
   218.819075798715        0.576312923140088E-05
   220.465499503183        0.586338702836381E-05
   222.094807105372        0.596350277198151E-05
   223.708783364978        0.605077184946515E-05
   225.308987692669        0.613059045417824E-05
   226.896754817682        0.620025029892604E-05
   228.473204324550        0.626730765087204E-05
   230.039260733866        0.633678362558381E-05
   231.595682161655        0.639407624939266E-05
   233.143093228427        0.644527913534676E-05
   234.682017542627        0.649285532150436E-05
   236.212906461318        0.653310471106156E-05
   237.736162783145        0.658058217833570E-05
   239.252159475286        0.661006328335425E-05
   240.761254096315        0.663895128139990E-05
   242.266787936488        0.665881833775965E-05
   243.826084967373        0.666809000710548E-05
   245.192387668705        0.667000000000000E-05
   246.099453157077        0.666362669292718E-05
   246.413578401364        0.663937223688170E-05
   246.085221236390        0.660782613187918E-05
   245.128129909593        0.656233372142955E-05
   243.610681887914        0.650693958209458E-05
   241.643860373873        0.643537335409738E-05
   239.363216082668        0.635897078673839E-05
   236.908178778862        0.627305787777658E-05
   234.406989636303        0.618880744057695E-05
   231.971207264394        0.609667288242123E-05
   229.677741663164        0.600612680386544E-05
   227.568675188916        0.591870505786471E-05
   225.660032182983        0.582590905564205E-05
   223.949387461887        0.573499992985325E-05
   222.422966853215        0.564569329965955E-05
   221.060617246161        0.554944206803857E-05
   219.840097272574        0.546198172877536E-05
   218.741024608163        0.537026169651198E-05
   217.746804295629        0.528327698186701E-05
   216.844808505014        0.519239069873555E-05
   216.026371033152        0.510394663551839E-05
   215.286357880539        0.502162151272966E-05
   214.622100552305        0.493067665847539E-05
   214.032738680820        0.484822779017630E-05
   213.518215901236        0.476329042567978E-05
   213.077698239068        0.467847922519051E-05
   212.708241331132        0.460113918648981E-05
   212.403305527052        0.452321958091454E-05
   212.151922716816        0.445227315045057E-05
   211.939278852676        0.438241344521114E-05
   211.747511775142        0.432461634387037E-05
   211.558122311653        0.426808327490145E-05
   211.352143958751        0.421595763158868E-05
   211.121042868803        0.417661803227000E-05
   210.872228152798        0.414428864957114E-05
   210.627128887766        0.411248688780964E-05
   210.418601669252        0.408747763840356E-05
   210.284675243796        0.406696685237786E-05
   210.258297239848        0.405339701761072E-05
   210.365834608038        0.405000000000000E-05
   210.608759876849        0.416875089625740E-05
   210.986576148019        0.468660719276710E-05
   211.471499041369        0.563721797170178E-05
   211.985637225159        0.660815938747982E-05
   212.593149401221        0.720672250607650E-05
   216.073343788245        0.115316741861691E-04
   220.415134488402        0.202700350461122E-04
   224.732698648692        0.347511077749250E-04
   229.007979689908        0.580782420668915E-04
   233.219552430094        0.945532539001240E-04
   237.343212345994        0.149828775364305E-03
   241.353335141467        0.230899623951030E-03
   245.224955767031        0.345869850835577E-03
   248.936223152770        0.503496420010144E-03
   252.470672734312        0.712601752776743E-03
   255.818678681474        0.981509936193232E-03
   258.977482622061        0.131762108596128E-02
   261.950202252665        0.172718177265046E-02
   264.744287326407        0.221522984095936E-02
   267.369891479078        0.278564953667344E-02
   269.838468203312        0.344126920168311E-02
   272.161716386724        0.418395206705780E-02
   274.517562278454        0.508394268342469E-02
   276.816633754832        0.598633823255339E-02
   279.019324932921        0.697488071323913E-02
   281.108307558473        0.809217102606699E-02
   283.096169016752        0.915733595271347E-02
   284.998355297441        0.105156174643782E-01
   285.948261152948        0.111995112953705E-01
