   196.600024351839        0.248926228019558E-05
   196.498550505888        0.276180033786438E-05
   197.909486296400        0.304221903194551E-05
   199.860874110369        0.330357814109009E-05
   201.861370487506        0.355421369693314E-05
   203.791679437732        0.379490426796860E-05
   205.656706298469        0.401546768545719E-05
   207.476245525004        0.421576880183519E-05
   209.261576278701        0.439766409296113E-05
   211.017551913223        0.456741074592524E-05
   212.746677632156        0.471670233621350E-05
   214.450971574986        0.485809354912306E-05
   216.132436001783        0.498662961182808E-05
   217.793079643627        0.509762747023718E-05
   219.434866395790        0.520234178104356E-05
   221.059669532834        0.529599921507803E-05
   222.669232740469        0.538314956268731E-05
   224.265135880165        0.546335279689784E-05
   225.848769404307        0.553340296898712E-05
   227.421322284550        0.559997075118081E-05
   228.983785493818        0.565974827371298E-05
   230.536969434876        0.571938127507614E-05
   232.081530992880        0.576886042900113E-05
   233.618004828593        0.581817670198284E-05
   235.146834128446        0.586488395837004E-05
   236.668397724431        0.590419300958751E-05
   238.183032408830        0.593337599411214E-05
   239.691050610981        0.596242732580900E-05
   241.192754090483        0.599067127341583E-05
   242.697418081952        0.600005702403827E-05
   244.234914724473        0.601000000000000E-05
   245.558382664769        0.601000000000000E-05
   246.413499497474        0.599227613512418E-05
   246.672944353710        0.597330835508710E-05
   246.291333178463        0.593361306882613E-05
   245.285828522411        0.588806040557278E-05
   243.725965798614        0.582117512480363E-05
   241.721667605266        0.574959440947666E-05
   239.405743315209        0.567170370873494E-05
   236.915012658015        0.558575756451463E-05
   234.376272216450        0.550002478884179E-05
   231.900527389525        0.540941956914193E-05
   229.564036859563        0.531465355035450E-05
   227.407920353915        0.522015092634101E-05
   225.448077532453        0.512740664879067E-05
   223.682271495838        0.503664419430041E-05
   222.097099186674        0.494747636638354E-05
   220.673194210775        0.486011957977020E-05
   219.389327752577        0.476983240456328E-05
   218.226216626976        0.467983902106705E-05
   217.168319121718        0.459472985784766E-05
   216.203901937005        0.450539655620315E-05
   215.325033725339        0.441621023851008E-05
   214.527206320927        0.433421004136540E-05
   213.808547682952        0.424891688314892E-05
   213.168924643411        0.416476639837964E-05
   212.608417514202        0.407765223132640E-05
   212.125975788061        0.400368366382162E-05
   211.718349845137        0.392603428489550E-05
   211.378261144771        0.384927971687153E-05
   211.093984059875        0.377877257614530E-05
   210.849612208114        0.371934613426300E-05
   210.627345552695        0.365392266371795E-05
   210.409497320902        0.360622212771911E-05
   210.178017892927        0.355476013855921E-05
   209.926084839662        0.351593777934695E-05
   209.662918281265        0.348382291227434E-05
   209.411549855699        0.345816223755867E-05
   209.205404867951        0.343744707429925E-05
   209.082953113234        0.341706884987547E-05
   209.079334643641        0.340351189229565E-05
   209.217170246369        0.339364363776994E-05
   209.500471154688        0.351002625677906E-05
   209.912752855715        0.437966509609436E-05
   210.313700195204        0.500211090707788E-05
   211.116559243426        0.565159019106233E-05
   212.110219374675        0.683485276646133E-05
   216.501149919347        0.121933964612341E-04
   220.849501905559        0.214040567750671E-04
   225.172406325824        0.366426938832144E-04
   229.451210264568        0.611442132541033E-04
   233.663800099651        0.993721816745796E-04
   237.785303470853        0.157157429052837E-03
   241.789629312726        0.241664049835767E-03
   245.651739927591        0.361125957703780E-03
   249.350199102812        0.524367695291465E-03
   252.869320684606        0.740209557708178E-03
   256.200333141795        0.101690645785773E-02
   259.341332378986        0.136174624667567E-02
   262.296185644465        0.178084778489636E-02
   265.072918276473        0.227912697213981E-02
   267.682071231619        0.286036348073183E-02
   270.135318664768        0.352730122351431E-02
   272.444451057708        0.428173621008425E-02
   274.813123977896        0.519755440727539E-02
   277.101336330764        0.609560638094893E-02
   279.296193046958        0.711983915490307E-02
   281.375489331270        0.823182627951452E-02
   283.360265859354        0.933352301921028E-02
   285.253286547094        0.106948589575268E-01
   286.199821174302        0.113762300555636E-01
