     ALT          P          T          FH2O           O3           THEAT        TCOOL        PSATCO2        FCO2
7.3800E+01  3.2610E-05 2.2826E+02    4.6760E-06    1.7885E-07    3.8026E+01   -8.1241E+01    8.3584E+00    2.2700E-04
7.2653E+01  3.8506E-05 2.2970E+02    4.8441E-06    2.2824E-07    5.6937E+00   -5.1090E+01    8.8322E+00    2.2700E-04
7.1509E+01  4.5411E-05 2.3121E+02    4.9915E-06    2.8138E-07    3.3548E+00   -3.1450E+01    9.3495E+00    2.2700E-04
7.0366E+01  5.3486E-05 2.3279E+02    5.1188E-06    3.3720E-07    3.3983E+00   -1.9402E+01    9.9167E+00    2.2700E-04
6.9224E+01  6.2919E-05 2.3444E+02    5.2339E-06    3.9338E-07    3.6510E+00   -1.2569E+01    1.0535E+01    2.2700E-04
6.8083E+01  7.3921E-05 2.3615E+02    5.3352E-06    4.5208E-07    3.9293E+00   -8.9687E+00    1.1202E+01    2.2700E-04
6.6944E+01  8.6738E-05 2.3789E+02    5.4264E-06    5.1661E-07    4.2365E+00   -7.2002E+00    1.1916E+01    2.2700E-04
6.5805E+01  1.0165E-04 2.3966E+02    5.5081E-06    5.8798E-07    4.5794E+00   -6.4211E+00    1.2674E+01    2.2700E-04
6.4667E+01  1.1897E-04 2.4143E+02    5.5764E-06    6.6797E-07    4.9767E+00   -6.1708E+00    1.3473E+01    2.2700E-04
6.3531E+01  1.3908E-04 2.4322E+02    5.6446E-06    7.5673E-07    5.4137E+00   -6.1877E+00    1.4308E+01    2.2700E-04
6.2396E+01  1.6237E-04 2.4499E+02    5.7028E-06    8.5394E-07    5.8829E+00   -6.3334E+00    1.5177E+01    2.2700E-04
6.1262E+01  1.8932E-04 2.4675E+02    5.7505E-06    9.6034E-07    6.3803E+00   -6.5452E+00    1.6077E+01    2.2700E-04
6.0131E+01  2.2048E-04 2.4849E+02    5.7958E-06    1.0772E-06    6.9007E+00   -6.8004E+00    1.7007E+01    2.2700E-04
5.9001E+01  2.5643E-04 2.5021E+02    5.8410E-06    1.2028E-06    7.4291E+00   -7.0811E+00    1.7965E+01    2.2700E-04
5.7873E+01  2.9787E-04 2.5192E+02    5.8762E-06    1.3463E-06    7.9884E+00   -7.3588E+00    1.8951E+01    2.2700E-04
5.6747E+01  3.4558E-04 2.5361E+02    5.9012E-06    1.5042E-06    8.5439E+00   -7.6520E+00    1.9965E+01    2.2700E-04
5.5624E+01  4.0042E-04 2.5528E+02    5.9331E-06    1.6742E-06    9.0681E+00   -7.9583E+00    2.1010E+01    2.2700E-04
5.4504E+01  4.6338E-04 2.5694E+02    5.9555E-06    1.8689E-06    9.5798E+00   -8.2672E+00    2.2085E+01    2.2700E-04
5.3387E+01  5.3556E-04 2.5859E+02    5.9678E-06    2.0780E-06    1.0019E+01   -8.5659E+00    2.3191E+01    2.2700E-04
5.2272E+01  6.1820E-04 2.6023E+02    5.9800E-06    2.3117E-06    1.0395E+01   -8.8550E+00    2.4332E+01    2.2700E-04
5.1161E+01  7.1270E-04 2.6187E+02    5.9900E-06    2.5780E-06    1.0701E+01   -9.1316E+00    2.5507E+01    2.2700E-04
5.0053E+01  8.2061E-04 2.6349E+02    5.9900E-06    2.8582E-06    1.0857E+01   -9.4188E+00    2.6717E+01    2.2700E-04
4.8949E+01  9.4366E-04 2.6517E+02    5.9834E-06    3.1522E-06    1.0852E+01   -9.7217E+00    2.8014E+01    2.2700E-04
4.7848E+01  1.0838E-03 2.6672E+02    5.9713E-06    3.4694E-06    1.0716E+01   -9.9862E+00    2.9249E+01    2.2700E-04
4.6752E+01  1.2432E-03 2.6778E+02    5.9494E-06    3.8090E-06    1.0439E+01   -1.0040E+01    3.0115E+01    2.2700E-04
4.5664E+01  1.4242E-03 2.6815E+02    5.9253E-06    4.1692E-06    1.0019E+01   -9.8105E+00    3.0423E+01    2.2700E-04
4.4586E+01  1.6296E-03 2.6781E+02    5.8922E-06    4.5356E-06    9.4606E+00   -9.3445E+00    3.0138E+01    2.2700E-04
4.3522E+01  1.8621E-03 2.6681E+02    5.8396E-06    4.8925E-06    8.7946E+00   -8.7263E+00    2.9320E+01    2.2700E-04
4.2473E+01  2.1252E-03 2.6526E+02    5.7814E-06    5.2222E-06    8.0698E+00   -8.0416E+00    2.8084E+01    2.2700E-04
4.1441E+01  2.4225E-03 2.6329E+02    5.7195E-06    5.5150E-06    7.3427E+00   -7.3512E+00    2.6565E+01    2.2700E-04
4.0427E+01  2.7578E-03 2.6102E+02    5.6416E-06    5.7577E-06    6.6513E+00   -6.6878E+00    2.4892E+01    2.2700E-04
3.9433E+01  3.1355E-03 2.5856E+02    5.5621E-06    5.9526E-06    6.0261E+00   -6.0720E+00    2.3165E+01    2.2700E-04
3.8458E+01  3.5606E-03 2.5597E+02    5.4777E-06    6.1151E-06    5.4822E+00   -5.5143E+00    2.1451E+01    2.2700E-04
3.7503E+01  4.0381E-03 2.5331E+02    5.3878E-06    6.2432E-06    5.0088E+00   -5.0185E+00    1.9784E+01    2.2700E-04
3.6568E+01  4.5739E-03 2.5060E+02    5.2887E-06    6.3512E-06    4.5972E+00   -4.5855E+00    1.8182E+01    2.2700E-04
3.5653E+01  5.1743E-03 2.4784E+02    5.1946E-06    6.4302E-06    4.2294E+00   -4.2050E+00    1.6656E+01    2.2700E-04
3.4757E+01  5.8462E-03 2.4507E+02    5.0877E-06    6.4914E-06    3.8974E+00   -3.8688E+00    1.5217E+01    2.2700E-04
3.3881E+01  6.5969E-03 2.4230E+02    4.9921E-06    6.5359E-06    3.5924E+00   -3.5650E+00    1.3875E+01    2.2700E-04
3.3024E+01  7.4347E-03 2.3958E+02    4.8892E-06    6.5349E-06    3.2994E+00   -3.2783E+00    1.2643E+01    2.2700E-04
3.2185E+01  8.3683E-03 2.3695E+02    4.7787E-06    6.4906E-06    3.0186E+00   -3.0020E+00    1.1529E+01    2.2700E-04
3.1365E+01  9.4073E-03 2.3446E+02    4.6803E-06    6.4003E-06    2.7497E+00   -2.7378E+00    1.0540E+01    2.2700E-04
3.0562E+01  1.0562E-02 2.3213E+02    4.5840E-06    6.2422E-06    2.4890E+00   -2.5169E+00    9.6777E+00    2.2700E-04
2.9775E+01  1.1843E-02 2.3001E+02    4.4897E-06    6.0293E-06    2.2421E+00   -2.2538E+00    8.9374E+00    2.2700E-04
2.9004E+01  1.3263E-02 2.2809E+02    4.3872E-06    5.7613E-06    2.0115E+00   -2.0070E+00    8.3044E+00    2.2700E-04
2.8248E+01  1.4835E-02 2.2636E+02    4.2967E-06    5.4571E-06    1.8017E+00   -1.7816E+00    7.7614E+00    2.2700E-04
2.7506E+01  1.6572E-02 2.2478E+02    4.2076E-06    5.1096E-06    1.6114E+00   -1.5787E+00    7.2908E+00    2.2700E-04
2.6778E+01  1.8489E-02 2.2332E+02    4.1204E-06    4.7518E-06    1.4446E+00   -1.3990E+00    6.8763E+00    2.2700E-04
2.6063E+01  2.0602E-02 2.2196E+02    4.0346E-06    4.3742E-06    1.2970E+00   -1.2428E+00    6.5046E+00    2.2700E-04
2.5360E+01  2.2928E-02 2.2066E+02    3.9587E-06    3.9961E-06    1.1682E+00   -1.1083E+00    6.1654E+00    2.2700E-04
2.4670E+01  2.5484E-02 2.1941E+02    3.8778E-06    3.6336E-06    1.0563E+00   -9.9131E-01    5.8515E+00    2.2700E-04
2.3992E+01  2.8289E-02 2.1820E+02    3.7965E-06    3.2728E-06    9.5538E-01   -8.8891E-01    5.5583E+00    2.2700E-04
2.3326E+01  3.1363E-02 2.1702E+02    3.7168E-06    2.9375E-06    8.6525E-01   -7.9670E-01    5.2832E+00    2.2700E-04
2.2672E+01  3.4728E-02 2.1586E+02    3.6484E-06    2.6242E-06    7.8281E-01   -7.1262E-01    4.9463E+00    2.2700E-04
2.2029E+01  3.8405E-02 2.1475E+02    3.5762E-06    2.3280E-06    7.0544E-01   -6.3532E-01    4.5909E+00    2.2700E-04
2.1398E+01  4.2418E-02 2.1368E+02    3.5058E-06    2.0537E-06    6.3304E-01   -5.6428E-01    4.2713E+00    2.2700E-04
2.0778E+01  4.6791E-02 2.1268E+02    3.4414E-06    1.8053E-06    5.6598E-01   -4.9877E-01    3.9874E+00    2.2700E-04
2.0169E+01  5.1550E-02 2.1174E+02    3.3706E-06    1.5766E-06    5.0360E-01   -4.3801E-01    3.7383E+00    2.2700E-04
1.9571E+01  5.6721E-02 2.1089E+02    3.3108E-06    1.3725E-06    4.4690E-01   -3.8118E-01    3.5226E+00    2.2700E-04
1.8982E+01  6.2333E-02 2.1012E+02    3.2521E-06    1.1783E-06    3.9439E-01   -3.2968E-01    3.3384E+00    2.2700E-04
1.8404E+01  6.8413E-02 2.0945E+02    3.2015E-06    1.0049E-06    3.4792E-01   -2.8212E-01    3.1829E+00    2.2700E-04
1.7835E+01  7.4993E-02 2.0886E+02    3.1477E-06    8.5126E-07    3.0757E-01   -2.3855E-01    3.0532E+00    2.2700E-04
1.7276E+01  8.2101E-02 2.0836E+02    3.1015E-06    7.1429E-07    2.7286E-01   -2.0159E-01    2.9459E+00    2.2700E-04
1.6726E+01  8.9769E-02 2.0794E+02    3.0676E-06    5.9237E-07    2.4326E-01   -1.7346E-01    2.8586E+00    2.2700E-04
1.6184E+01  9.8031E-02 2.0760E+02    3.0258E-06    4.8438E-07    2.1808E-01   -1.5402E-01    2.7891E+00    2.2700E-04
1.5651E+01  1.0692E-01 2.0733E+02    2.9959E-06    3.9169E-07    1.9599E-01   -1.1047E-01    2.7349E+00    2.2700E-04
1.5127E+01  1.1646E-01 2.0712E+02    2.9750E-06    3.1332E-07    1.7745E-01   -1.0086E-01    2.6952E+00    2.2700E-04
1.4611E+01  1.2670E-01 2.0700E+02    2.9544E-06    2.4921E-07    1.6227E-01   -9.5590E-02    2.6713E+00    2.2700E-04
1.4103E+01  1.3767E-01 2.0697E+02    2.9370E-06    1.9619E-07    1.4969E-01   -9.4134E-02    2.6654E+00    2.2700E-04
1.3602E+01  1.4939E-01 2.0705E+02    2.9270E-06    1.5274E-07    1.3937E-01   -9.4790E-02    2.6805E+00    2.2700E-04
1.3109E+01  1.6191E-01 2.0724E+02    2.9172E-06    1.1946E-07    1.3123E-01   -9.4232E-02    2.7187E+00    2.2700E-04
1.2624E+01  1.7526E-01 2.0755E+02    2.9199E-06    9.7445E-08    1.2535E-01   -8.9371E-02    2.7798E+00    2.2700E-04
1.2145E+01  1.8946E-01 2.0796E+02    2.9996E-06    8.2034E-08    1.2155E-01   -8.3827E-02    2.8625E+00    2.2700E-04
1.1673E+01  2.0456E-01 2.0845E+02    3.6261E-06    7.0264E-08    1.2130E-01   -8.9330E-02    2.9640E+00    2.2700E-04
1.1208E+01  2.2059E-01 2.0897E+02    4.0946E-06    6.1561E-08    1.2101E-01   -5.1642E-02    3.0775E+00    2.2700E-04
1.0749E+01  2.3758E-01 2.0951E+02    4.6522E-06    5.6537E-08    1.2193E-01   -6.6906E-02    3.1966E+00    2.2700E-04
1.0296E+01  2.5554E-01 2.1150E+02    6.1712E-06    5.3434E-08    1.2767E-01   -9.2204E-02    3.6772E+00    2.2700E-04
9.8467E+00  2.7452E-01 2.1298E+02    7.5875E-06    5.0936E-08    1.3432E-01   -1.8462E-01    4.0704E+00    2.2700E-04
9.3993E+00  2.9454E-01 2.1735E+02    1.3610E-05    4.8585E-08    1.6127E-01   -5.7342E-01    5.3594E+00    2.2700E-04
8.9512E+00  3.1563E-01 2.2170E+02    2.3804E-05    4.6370E-08    2.0188E-01   -9.8073E-01    6.4367E+00    2.2700E-04
8.5026E+00  3.3779E-01 2.2602E+02    4.0584E-05    4.4214E-08    2.5509E-01   -1.3886E+00    7.6606E+00    2.2700E-04
8.0539E+00  3.6105E-01 2.3030E+02    6.7433E-05    4.2019E-08    3.1835E-01   -1.7522E+00    9.0348E+00    2.2700E-04
7.6056E+00  3.8544E-01 2.3450E+02    1.0910E-04    3.9808E-08    3.8629E-01   -2.0263E+00    1.0557E+01    2.2700E-04
7.1582E+00  4.1094E-01 2.3861E+02    1.7173E-04    3.7681E-08    4.5702E-01   -2.2090E+00    1.2221E+01    2.2700E-04
6.7121E+00  4.3759E-01 2.4259E+02    2.6274E-04    3.5633E-08    5.3360E-01   -2.3251E+00    1.4012E+01    2.2700E-04
6.2679E+00  4.6538E-01 2.4643E+02    3.9057E-04    3.3590E-08    6.1033E-01   -2.3628E+00    1.5912E+01    2.2700E-04
5.8261E+00  4.9430E-01 2.5010E+02    5.6410E-04    3.1635E-08    6.7300E-01   -2.3595E+00    1.7898E+01    2.2700E-04
5.3874E+00  5.2436E-01 2.5358E+02    7.9210E-04    2.9623E-08    7.1657E-01   -2.3341E+00    1.9949E+01    2.2700E-04
4.9523E+00  5.5556E-01 2.5688E+02    1.0826E-03    2.7677E-08    7.4818E-01   -2.3111E+00    2.2040E+01    2.2700E-04
4.5213E+00  5.8786E-01 2.5998E+02    1.4428E-03    2.5825E-08    7.7372E-01   -2.2602E+00    2.4154E+01    2.2700E-04
4.0950E+00  6.2126E-01 2.6290E+02    1.8785E-03    2.4068E-08    7.9228E-01   -2.1928E+00    2.6273E+01    2.2700E-04
3.6740E+00  6.5573E-01 2.6564E+02    2.3944E-03    2.2405E-08    8.0117E-01   -2.1210E+00    2.8386E+01    2.2700E-04
3.2586E+00  6.9124E-01 2.6822E+02    2.9941E-03    2.0835E-08    8.0109E-01   -2.0175E+00    3.0483E+01    2.2700E-04
2.8492E+00  7.2775E-01 2.7065E+02    3.6802E-03    1.9348E-08    7.9521E-01   -1.8570E+00    3.2557E+01    2.2700E-04
2.4464E+00  7.6523E-01 2.7293E+02    4.4544E-03    1.8077E-08    7.8631E-01   -1.7085E+00    3.4604E+01    2.2700E-04
2.0502E+00  8.0363E-01 2.7532E+02    5.3943E-03    1.6928E-08    7.8030E-01   -1.6239E+00    3.6855E+01    2.2700E-04
1.6609E+00  8.4289E-01 2.7759E+02    6.2845E-03    1.5880E-08    7.5750E-01   -1.5343E+00    3.9084E+01    2.2700E-04
1.2787E+00  8.8295E-01 2.7977E+02    7.3677E-03    1.4967E-08    7.4397E-01   -1.5426E+00    4.1317E+01    2.2700E-04
9.0390E-01  9.2375E-01 2.8183E+02    8.4702E-03    1.4272E-08    7.3027E-01   -1.6119E+00    4.3521E+01    2.2700E-04
5.3686E-01  9.6522E-01 2.8381E+02    9.6480E-03    1.3697E-08    7.2718E-01   -1.8165E+00    4.5715E+01    2.2700E-04
1.7781E-01  1.0073E+00 2.8568E+02    1.0998E-02    1.3202E-08    7.4565E-01   -2.0659E+00    4.7877E+01    2.2700E-04
0.0000E+00  1.0287E+00 2.8662E+02    1.1675E-02    1.3300E-08    7.8894E+00   -3.5081E+00    4.8990E+01    2.2700E-04
