     ALT          P          T          FH2O           O3           THEAT        TCOOL        PSATCO2        FCO2
7.2227E+01  3.2610E-05 2.2931E+02    3.1348E-06    2.7601E-07    3.8325E+01   -7.9949E+01    8.7031E+00    2.2100E-04
7.1075E+01  3.8507E-05 2.3077E+02    3.2389E-06    3.4891E-07    6.4533E+00   -5.0495E+01    9.1960E+00    2.2100E-04
6.9925E+01  4.5414E-05 2.3229E+02    3.3338E-06    4.2743E-07    4.1429E+00   -3.1071E+01    9.7340E+00    2.2100E-04
6.8777E+01  5.3491E-05 2.3389E+02    3.4086E-06    5.0690E-07    4.2980E+00   -1.8996E+01    1.0324E+01    2.2100E-04
6.7630E+01  6.2926E-05 2.3555E+02    3.4833E-06    5.8686E-07    4.6807E+00   -1.2064E+01    1.0966E+01    2.2100E-04
6.6484E+01  7.3932E-05 2.3727E+02    3.5440E-06    6.7036E-07    5.0936E+00   -8.3710E+00    1.1660E+01    2.2100E-04
6.5339E+01  8.6753E-05 2.3903E+02    3.6043E-06    7.6049E-07    5.5370E+00   -6.5780E+00    1.2402E+01    2.2100E-04
6.4195E+01  1.0167E-04 2.4081E+02    3.6484E-06    8.6107E-07    6.0282E+00   -5.8197E+00    1.3190E+01    2.2100E-04
6.3052E+01  1.1900E-04 2.4261E+02    3.7006E-06    9.7370E-07    6.5842E+00   -5.6356E+00    1.4019E+01    2.2100E-04
6.1910E+01  1.3911E-04 2.4440E+02    3.7327E-06    1.0980E-06    7.1839E+00   -5.7330E+00    1.4886E+01    2.2100E-04
6.0769E+01  1.6241E-04 2.4619E+02    3.7724E-06    1.2364E-06    7.8274E+00   -5.9920E+00    1.5788E+01    2.2100E-04
5.9630E+01  1.8938E-04 2.4796E+02    3.8034E-06    1.3866E-06    8.4947E+00   -6.3345E+00    1.6722E+01    2.2100E-04
5.8493E+01  2.2055E-04 2.4972E+02    3.8243E-06    1.5585E-06    9.2076E+00   -6.7303E+00    1.7686E+01    2.2100E-04
5.7357E+01  2.5652E-04 2.5146E+02    3.8453E-06    1.7468E-06    9.9282E+00   -7.1507E+00    1.8678E+01    2.2100E-04
5.6224E+01  2.9798E-04 2.5317E+02    3.8661E-06    1.9608E-06    1.0664E+01   -7.5997E+00    1.9700E+01    2.2100E-04
5.5093E+01  3.4571E-04 2.5487E+02    3.8800E-06    2.2030E-06    1.1398E+01   -8.0713E+00    2.0750E+01    2.2100E-04
5.3965E+01  4.0058E-04 2.5656E+02    3.8900E-06    2.4879E-06    1.2136E+01   -8.5615E+00    2.1830E+01    2.2100E-04
5.2839E+01  4.6357E-04 2.5823E+02    3.9000E-06    2.8051E-06    1.2803E+01   -9.0563E+00    2.2942E+01    2.2100E-04
5.1716E+01  5.3580E-04 2.5989E+02    3.9000E-06    3.1834E-06    1.3435E+01   -9.5500E+00    2.4087E+01    2.2100E-04
5.0596E+01  6.1849E-04 2.6154E+02    3.8902E-06    3.6145E-06    1.3953E+01   -1.0030E+01    2.5265E+01    2.2100E-04
4.9479E+01  7.1305E-04 2.6318E+02    3.8797E-06    4.1176E-06    1.4343E+01   -1.0543E+01    2.6480E+01    2.2100E-04
4.8366E+01  8.2103E-04 2.6488E+02    3.8592E-06    4.6843E-06    1.4539E+01   -1.1099E+01    2.7787E+01    2.2100E-04
4.7256E+01  9.4417E-04 2.6646E+02    3.8288E-06    5.3862E-06    1.4631E+01   -1.1553E+01    2.9038E+01    2.2100E-04
4.6151E+01  1.0844E-03 2.6742E+02    3.7956E-06    6.2579E-06    1.4589E+01   -1.1785E+01    2.9815E+01    2.2100E-04
4.5055E+01  1.2439E-03 2.6740E+02    3.7455E-06    7.2814E-06    1.4283E+01   -1.1615E+01    2.9801E+01    2.2100E-04
4.3971E+01  1.4251E-03 2.6629E+02    3.6863E-06    8.4066E-06    1.3642E+01   -1.0989E+01    2.8903E+01    2.2100E-04
4.2905E+01  1.6306E-03 2.6415E+02    3.6177E-06    9.4570E-06    1.2624E+01   -9.9859E+00    2.7222E+01    2.2100E-04
4.1859E+01  1.8633E-03 2.6116E+02    3.5421E-06    1.0280E-05    1.1373E+01   -8.7601E+00    2.4991E+01    2.2100E-04
4.0836E+01  2.1267E-03 2.5753E+02    3.4681E-06    1.0859E-05    1.0115E+01   -7.4927E+00    2.2476E+01    2.2100E-04
3.9838E+01  2.4241E-03 2.5352E+02    3.3800E-06    1.1160E-05    8.9418E+00   -6.3046E+00    1.9912E+01    2.2100E-04
3.8866E+01  2.7597E-03 2.4932E+02    3.2919E-06    1.1300E-05    7.9266E+00   -5.2674E+00    1.7465E+01    2.2100E-04
3.7920E+01  3.1378E-03 2.4510E+02    3.2059E-06    1.1200E-05    7.0068E+00   -4.3808E+00    1.5231E+01    2.2100E-04
3.6999E+01  3.5632E-03 2.4096E+02    3.1216E-06    1.1046E-05    6.2289E+00   -3.6587E+00    1.3254E+01    2.2100E-04
3.6103E+01  4.0412E-03 2.3697E+02    3.0291E-06    1.0858E-05    5.5628E+00   -3.0773E+00    1.1536E+01    2.2100E-04
3.5231E+01  4.5775E-03 2.3318E+02    2.9481E-06    1.0594E-05    4.9690E+00   -2.6137E+00    1.0061E+01    2.2100E-04
3.4381E+01  5.1785E-03 2.2961E+02    2.8590E-06    1.0276E-05    4.4411E+00   -2.2485E+00    8.8019E+00    2.2100E-04
3.3552E+01  5.8510E-03 2.2627E+02    2.7713E-06    9.8981E-06    3.9700E+00   -1.9620E+00    7.7354E+00    2.2100E-04
3.2744E+01  6.6024E-03 2.2318E+02    2.6949E-06    9.5174E-06    3.5622E+00   -1.7352E+00    6.8372E+00    2.2100E-04
3.1955E+01  7.4411E-03 2.2035E+02    2.6100E-06    9.0996E-06    3.2003E+00   -1.5484E+00    6.0858E+00    2.2100E-04
3.1184E+01  8.3756E-03 2.1779E+02    2.5363E-06    8.6440E-06    2.8765E+00   -1.3896E+00    5.4622E+00    2.2100E-04
3.0430E+01  9.4157E-03 2.1552E+02    2.4641E-06    8.1468E-06    2.5833E+00   -1.2521E+00    4.8328E+00    2.2100E-04
2.9691E+01  1.0572E-02 2.1353E+02    2.3929E-06    7.6223E-06    2.3176E+00   -1.1319E+00    4.2274E+00    2.2100E-04
2.8967E+01  1.1854E-02 2.1183E+02    2.3230E-06    7.0827E-06    2.0766E+00   -9.8776E-01    3.7602E+00    2.2100E-04
2.8257E+01  1.3276E-02 2.1037E+02    2.2640E-06    6.5399E-06    1.8586E+00   -8.5848E-01    3.3976E+00    2.2100E-04
2.7559E+01  1.4850E-02 2.0914E+02    2.1961E-06    5.9966E-06    1.6613E+00   -7.4423E-01    3.1136E+00    2.2100E-04
2.6872E+01  1.6589E-02 2.0808E+02    2.1392E-06    5.4740E-06    1.4862E+00   -6.4566E-01    2.8883E+00    2.2100E-04
2.6197E+01  1.8508E-02 2.0718E+02    2.0765E-06    4.9631E-06    1.3303E+00   -5.6231E-01    2.7068E+00    2.2100E-04
2.5533E+01  2.0623E-02 2.0641E+02    2.0245E-06    4.4876E-06    1.1956E+00   -4.9341E-01    2.5579E+00    2.2100E-04
2.4878E+01  2.2952E-02 2.0572E+02    1.9732E-06    4.0461E-06    1.0793E+00   -4.3709E-01    2.4333E+00    2.2100E-04
2.4234E+01  2.5511E-02 2.0512E+02    1.9205E-06    3.6299E-06    9.7719E-01   -3.9151E-01    2.3266E+00    2.2100E-04
2.3599E+01  2.8319E-02 2.0456E+02    1.8624E-06    3.2454E-06    8.8727E-01   -3.5333E-01    2.2335E+00    2.2100E-04
2.2973E+01  3.1397E-02 2.0406E+02    1.8131E-06    2.8963E-06    8.0732E-01   -3.2002E-01    2.1507E+00    2.2100E-04
2.2357E+01  3.4766E-02 2.0359E+02    1.7645E-06    2.5783E-06    7.3427E-01   -2.8926E-01    2.0761E+00    2.2100E-04
2.1750E+01  3.8448E-02 2.0315E+02    1.7265E-06    2.2792E-06    6.6506E-01   -2.6147E-01    2.0087E+00    2.2100E-04
2.1152E+01  4.2466E-02 2.0274E+02    1.6791E-06    2.0112E-06    6.0042E-01   -2.3360E-01    1.9479E+00    2.2100E-04
2.0562E+01  4.6844E-02 2.0237E+02    1.6324E-06    1.7699E-06    5.3977E-01   -2.0612E-01    1.8940E+00    2.2100E-04
1.9982E+01  5.1610E-02 2.0204E+02    1.5923E-06    1.5456E-06    4.8212E-01   -1.8035E-01    1.8472E+00    2.2100E-04
1.9410E+01  5.6788E-02 2.0176E+02    1.5510E-06    1.3452E-06    4.2872E-01   -1.5443E-01    1.8077E+00    2.2100E-04
1.8846E+01  6.2407E-02 2.0153E+02    1.5147E-06    1.1555E-06    3.7871E-01   -1.3051E-01    1.7758E+00    2.2100E-04
1.8290E+01  6.8496E-02 2.0134E+02    1.4817E-06    9.8970E-07    3.3438E-01   -1.0579E-01    1.7512E+00    2.2100E-04
1.7743E+01  7.5084E-02 2.0121E+02    1.4490E-06    8.3959E-07    2.9508E-01   -8.2098E-02    1.7335E+00    2.2100E-04
1.7203E+01  8.2202E-02 2.0112E+02    1.4179E-06    7.0505E-07    2.6093E-01   -6.0938E-02    1.7219E+00    2.2100E-04
1.6671E+01  8.9881E-02 2.0108E+02    1.3967E-06    5.8565E-07    2.3176E-01   -4.4501E-02    1.7160E+00    2.2100E-04
1.6147E+01  9.8154E-02 2.0108E+02    1.3758E-06    4.7970E-07    2.0701E-01   -3.3480E-02    1.7156E+00    2.2100E-04
1.5630E+01  1.0705E-01 2.0111E+02    1.3553E-06    3.8891E-07    1.8547E-01    1.1369E-02    1.7199E+00    2.2100E-04
1.5121E+01  1.1661E-01 2.0118E+02    1.3375E-06    3.1223E-07    1.6752E-01    1.6178E-02    1.7295E+00    2.2100E-04
1.4619E+01  1.2687E-01 2.0131E+02    1.3275E-06    2.4920E-07    1.5291E-01    1.7452E-02    1.7461E+00    2.2100E-04
1.4125E+01  1.3785E-01 2.0150E+02    1.3177E-06    1.9705E-07    1.4083E-01    1.6172E-02    1.7726E+00    2.2100E-04
1.3637E+01  1.4959E-01 2.0179E+02    1.3080E-06    1.5376E-07    1.3085E-01    1.4170E-02    1.8115E+00    2.2100E-04
1.3156E+01  1.6212E-01 2.0216E+02    1.3078E-06    1.2066E-07    1.2316E-01    1.4403E-02    1.8643E+00    2.2100E-04
1.2682E+01  1.7549E-01 2.0262E+02    1.5268E-06    9.8192E-08    1.1904E-01    1.4502E-02    1.9302E+00    2.2100E-04
1.2214E+01  1.8972E-01 2.0312E+02    1.7323E-06    8.3146E-08    1.1633E-01    5.0544E-02    2.0053E+00    2.2100E-04
1.1753E+01  2.0485E-01 2.0364E+02    1.9775E-06    7.1376E-08    1.1478E-01    6.5021E-02    2.0846E+00    2.2100E-04
1.1297E+01  2.2090E-01 2.0547E+02    2.6024E-06    6.2544E-08    1.1686E-01   -2.8201E-02    2.3875E+00    2.2100E-04
1.0843E+01  2.3791E-01 2.0847E+02    4.0284E-06    5.7033E-08    1.2471E-01   -1.4113E-01    2.9688E+00    2.2100E-04
1.0391E+01  2.5590E-01 2.1120E+02    5.9281E-06    5.3482E-08    1.3602E-01   -3.0185E-01    3.5989E+00    2.2100E-04
9.9391E+00  2.7491E-01 2.1562E+02    1.0814E-05    5.0750E-08    1.6241E-01   -6.6281E-01    4.8649E+00    2.2100E-04
9.4860E+00  2.9497E-01 2.2003E+02    1.9227E-05    4.8356E-08    2.0017E-01   -1.0422E+00    6.0047E+00    2.2100E-04
9.0322E+00  3.1608E-01 2.2441E+02    3.3312E-05    4.6121E-08    2.4892E-01   -1.4196E+00    7.1860E+00    2.2100E-04
8.5779E+00  3.3828E-01 2.2876E+02    5.6216E-05    4.3936E-08    3.0833E-01   -1.7735E+00    8.5201E+00    2.2100E-04
8.1236E+00  3.6158E-01 2.3304E+02    9.2339E-05    4.1751E-08    3.7489E-01   -2.0659E+00    1.0007E+01    2.2100E-04
7.6698E+00  3.8600E-01 2.3723E+02    1.4749E-04    3.9585E-08    4.4366E-01   -2.2640E+00    1.1641E+01    2.2100E-04
7.2170E+00  4.1155E-01 2.4130E+02    2.2884E-04    3.7502E-08    5.1693E-01   -2.3949E+00    1.3409E+01    2.2100E-04
6.7658E+00  4.3824E-01 2.4522E+02    3.4472E-04    3.5420E-08    5.9519E-01   -2.4551E+00    1.5294E+01    2.2100E-04
6.3166E+00  4.6607E-01 2.4898E+02    5.0405E-04    3.3343E-08    6.6547E-01   -2.4548E+00    1.7273E+01    2.2100E-04
5.8702E+00  4.9505E-01 2.5255E+02    7.1579E-04    3.1355E-08    7.1624E-01   -2.4264E+00    1.9322E+01    2.2100E-04
5.4271E+00  5.2516E-01 2.5592E+02    9.8831E-04    2.9396E-08    7.5079E-01   -2.4001E+00    2.1418E+01    2.2100E-04
4.9878E+00  5.5641E-01 2.5910E+02    1.3291E-03    2.7510E-08    7.7756E-01   -2.3563E+00    2.3540E+01    2.2100E-04
4.5530E+00  5.8876E-01 2.6209E+02    1.7443E-03    2.5680E-08    7.9853E-01   -2.2854E+00    2.5671E+01    2.2100E-04
4.1232E+00  6.2222E-01 2.6490E+02    2.2390E-03    2.3900E-08    8.1069E-01   -2.2108E+00    2.7799E+01    2.2100E-04
3.6987E+00  6.5675E-01 2.6753E+02    2.8173E-03    2.2227E-08    8.1290E-01   -2.1182E+00    2.9912E+01    2.2100E-04
3.2802E+00  6.9232E-01 2.7001E+02    3.4822E-03    2.0720E-08    8.0780E-01   -1.9707E+00    3.2004E+01    2.2100E-04
2.8680E+00  7.2890E-01 2.7234E+02    4.2358E-03    1.9301E-08    7.9906E-01   -1.8138E+00    3.4071E+01    2.2100E-04
2.4623E+00  7.6644E-01 2.7471E+02    5.1462E-03    1.8031E-08    7.9369E-01   -1.7053E+00    3.6272E+01    2.2100E-04
2.0633E+00  8.0490E-01 2.7703E+02    6.0530E-03    1.6910E-08    7.7233E-01   -1.5919E+00    3.8524E+01    2.2100E-04
1.6713E+00  8.4423E-01 2.7926E+02    7.0799E-03    1.5926E-08    7.5287E-01   -1.5515E+00    4.0783E+01    2.2100E-04
1.2865E+00  8.8436E-01 2.8136E+02    8.2044E-03    1.5081E-08    7.3566E-01   -1.5803E+00    4.3016E+01    2.2100E-04
9.0938E-01  9.2524E-01 2.8338E+02    9.3229E-03    1.4383E-08    7.2075E-01   -1.6733E+00    4.5236E+01    2.2100E-04
5.4007E-01  9.6678E-01 2.8531E+02    1.0703E-02    1.3803E-08    7.2673E-01   -1.9254E+00    4.7436E+01    2.2100E-04
1.7885E-01  1.0089E+00 2.8714E+02    1.2016E-02    1.3304E-08    7.4070E-01   -2.1551E+00    4.9603E+01    2.2100E-04
0.0000E+00  1.0303E+00 2.8806E+02    1.2679E-02    1.3400E-08    7.8226E+00   -3.3931E+00    5.0725E+01    2.2100E-04
