     ALT          P          T          FH2O           O3           THEAT        TCOOL        PSATCO2        FCO2
7.3797E+01  3.2610E-05 2.2761E+02    5.4613E-06    1.7109E-07    3.7915E+01   -8.0203E+01    8.1521E+00    2.2500E-04
7.2654E+01  3.8506E-05 2.2905E+02    5.6551E-06    2.1802E-07    5.6943E+00   -5.0922E+01    8.6146E+00    2.2500E-04
7.1514E+01  4.5410E-05 2.3055E+02    5.8229E-06    2.6916E-07    3.3027E+00   -3.1700E+01    9.1200E+00    2.2500E-04
7.0374E+01  5.3485E-05 2.3212E+02    5.9750E-06    3.2212E-07    3.3240E+00   -1.9853E+01    9.6747E+00    2.2500E-04
6.9236E+01  6.2917E-05 2.3377E+02    6.1114E-06    3.7664E-07    3.5671E+00   -1.3065E+01    1.0280E+01    2.2500E-04
6.8099E+01  7.3919E-05 2.3547E+02    6.2250E-06    4.3368E-07    3.8373E+00   -9.4406E+00    1.0933E+01    2.2500E-04
6.6963E+01  8.6735E-05 2.3721E+02    6.3329E-06    4.9642E-07    4.1361E+00   -7.6376E+00    1.1633E+01    2.2500E-04
6.5828E+01  1.0165E-04 2.3897E+02    6.4237E-06    5.6587E-07    4.4699E+00   -6.8092E+00    1.2377E+01    2.2500E-04
6.4694E+01  1.1897E-04 2.4075E+02    6.5133E-06    6.4402E-07    4.8587E+00   -6.5179E+00    1.3161E+01    2.2500E-04
6.3561E+01  1.3907E-04 2.4253E+02    6.5813E-06    7.3019E-07    5.2843E+00   -6.4808E+00    1.3981E+01    2.2500E-04
6.2430E+01  1.6236E-04 2.4430E+02    6.6492E-06    8.2589E-07    5.7477E+00   -6.5784E+00    1.4835E+01    2.2500E-04
6.1300E+01  1.8931E-04 2.4606E+02    6.7080E-06    9.3009E-07    6.2392E+00   -6.7430E+00    1.5721E+01    2.2500E-04
6.0171E+01  2.2046E-04 2.4780E+02    6.7631E-06    1.0477E-06    6.7667E+00   -6.9495E+00    1.6636E+01    2.2500E-04
5.9045E+01  2.5641E-04 2.4953E+02    6.8082E-06    1.1702E-06    7.2869E+00   -7.1794E+00    1.7579E+01    2.2500E-04
5.7920E+01  2.9785E-04 2.5123E+02    6.8532E-06    1.3092E-06    7.8324E+00   -7.4139E+00    1.8550E+01    2.2500E-04
5.6798E+01  3.4555E-04 2.5292E+02    6.8881E-06    1.4631E-06    8.3810E+00   -7.6578E+00    1.9549E+01    2.2500E-04
5.5679E+01  4.0038E-04 2.5460E+02    6.9214E-06    1.6312E-06    8.9102E+00   -7.9154E+00    2.0577E+01    2.2500E-04
5.4562E+01  4.6333E-04 2.5626E+02    6.9438E-06    1.8233E-06    9.4288E+00   -8.1797E+00    2.1636E+01    2.2500E-04
5.3448E+01  5.3550E-04 2.5791E+02    6.9660E-06    2.0299E-06    9.8811E+00   -8.4419E+00    2.2726E+01    2.2500E-04
5.2337E+01  6.1814E-04 2.5954E+02    6.9800E-06    2.2705E-06    1.0299E+01   -8.6993E+00    2.3848E+01    2.2500E-04
5.1229E+01  7.1262E-04 2.6117E+02    6.9904E-06    2.5254E-06    1.0594E+01   -8.9409E+00    2.5004E+01    2.2500E-04
5.0124E+01  8.2052E-04 2.6280E+02    7.0000E-06    2.8121E-06    1.0791E+01   -9.1940E+00    2.6194E+01    2.2500E-04
4.9023E+01  9.4355E-04 2.6444E+02    7.0000E-06    3.1128E-06    1.0824E+01   -9.4815E+00    2.7447E+01    2.2500E-04
4.7926E+01  1.0837E-03 2.6606E+02    6.9935E-06    3.4266E-06    1.0696E+01   -9.7880E+00    2.8720E+01    2.2500E-04
4.6833E+01  1.2430E-03 2.6728E+02    6.9816E-06    3.7631E-06    1.0427E+01   -9.9149E+00    2.9700E+01    2.2500E-04
4.5746E+01  1.4240E-03 2.6780E+02    6.9499E-06    4.1212E-06    1.0016E+01   -9.7465E+00    3.0132E+01    2.2500E-04
4.4670E+01  1.6293E-03 2.6758E+02    6.9168E-06    4.4868E-06    9.4665E+00   -9.3241E+00    2.9952E+01    2.2500E-04
4.3607E+01  1.8619E-03 2.6667E+02    6.8743E-06    4.8482E-06    8.8122E+00   -8.7336E+00    2.9210E+01    2.2500E-04
4.2558E+01  2.1249E-03 2.6518E+02    6.8223E-06    5.1771E-06    8.0875E+00   -8.0609E+00    2.8023E+01    2.2500E-04
4.1527E+01  2.4221E-03 2.6325E+02    6.7621E-06    5.4722E-06    7.3606E+00   -7.3761E+00    2.6534E+01    2.2500E-04
4.0513E+01  2.7574E-03 2.6100E+02    6.6910E-06    5.7218E-06    6.6719E+00   -6.7169E+00    2.4878E+01    2.2500E-04
3.9519E+01  3.1351E-03 2.5855E+02    6.6115E-06    5.9314E-06    6.0515E+00   -6.1037E+00    2.3160E+01    2.2500E-04
3.8545E+01  3.5600E-03 2.5597E+02    6.5294E-06    6.0927E-06    5.5012E+00   -5.5452E+00    2.1449E+01    2.2500E-04
3.7590E+01  4.0375E-03 2.5331E+02    6.4440E-06    6.2291E-06    5.0272E+00   -5.0495E+00    1.9784E+01    2.2500E-04
3.6656E+01  4.5732E-03 2.5060E+02    6.3505E-06    6.3394E-06    4.6134E+00   -4.6163E+00    1.8184E+01    2.2500E-04
3.5740E+01  5.1735E-03 2.4785E+02    6.2490E-06    6.4308E-06    4.2477E+00   -4.2356E+00    1.6662E+01    2.2500E-04
3.4845E+01  5.8451E-03 2.4509E+02    6.1513E-06    6.4943E-06    3.9138E+00   -3.8996E+00    1.5227E+01    2.2500E-04
3.3969E+01  6.5957E-03 2.4234E+02    6.0462E-06    6.5356E-06    3.6053E+00   -3.5952E+00    1.3892E+01    2.2500E-04
3.3112E+01  7.4333E-03 2.3964E+02    5.9433E-06    6.5445E-06    3.3137E+00   -3.3100E+00    1.2666E+01    2.2500E-04
3.2274E+01  8.3667E-03 2.3703E+02    5.8428E-06    6.5014E-06    3.0317E+00   -3.0360E+00    1.1561E+01    2.2500E-04
3.1453E+01  9.4054E-03 2.3456E+02    5.7442E-06    6.4083E-06    2.7609E+00   -2.7737E+00    1.0581E+01    2.2500E-04
3.0650E+01  1.0560E-02 2.3228E+02    5.6479E-06    6.2557E-06    2.5005E+00   -2.5537E+00    9.7299E+00    2.2500E-04
2.9863E+01  1.1841E-02 2.3020E+02    5.5457E-06    6.0435E-06    2.2529E+00   -2.2921E+00    9.0017E+00    2.2500E-04
2.9092E+01  1.3261E-02 2.2833E+02    5.4509E-06    5.7757E-06    2.0216E+00   -2.0482E+00    8.3821E+00    2.2500E-04
2.8335E+01  1.4832E-02 2.2666E+02    5.3601E-06    5.4649E-06    1.8099E+00   -1.8252E+00    7.8535E+00    2.2500E-04
2.7592E+01  1.6569E-02 2.2514E+02    5.2709E-06    5.1228E-06    1.6200E+00   -1.6252E+00    7.3982E+00    2.2500E-04
2.6863E+01  1.8486E-02 2.2376E+02    5.1834E-06    4.7571E-06    1.4514E+00   -1.4488E+00    6.9999E+00    2.2500E-04
2.6146E+01  2.0598E-02 2.2248E+02    5.0974E-06    4.3822E-06    1.3038E+00   -1.2957E+00    6.6450E+00    2.2500E-04
2.5442E+01  2.2923E-02 2.2127E+02    5.0129E-06    4.0012E-06    1.1743E+00   -1.1643E+00    6.3229E+00    2.2500E-04
2.4750E+01  2.5478E-02 2.2011E+02    4.9299E-06    3.6397E-06    1.0624E+00   -1.0507E+00    6.0258E+00    2.2500E-04
2.4070E+01  2.8282E-02 2.1899E+02    4.8482E-06    3.2775E-06    9.6121E-01   -9.5160E-01    5.7487E+00    2.2500E-04
2.3402E+01  3.1356E-02 2.1790E+02    4.7680E-06    2.9433E-06    8.7120E-01   -8.6241E-01    5.4888E+00    2.2500E-04
2.2745E+01  3.4720E-02 2.1685E+02    4.6993E-06    2.6272E-06    7.8838E-01   -7.8132E-01    5.2450E+00    2.2500E-04
2.2099E+01  3.8396E-02 2.1583E+02    4.6218E-06    2.3312E-06    7.1102E-01   -7.0615E-01    4.9340E+00    2.2500E-04
2.1465E+01  4.2407E-02 2.1485E+02    4.5514E-06    2.0575E-06    6.3864E-01   -6.3703E-01    4.6218E+00    2.2500E-04
2.0842E+01  4.6779E-02 2.1393E+02    4.4809E-06    1.8049E-06    5.7099E-01   -5.7340E-01    4.3432E+00    2.2500E-04
2.0229E+01  5.1537E-02 2.1308E+02    4.4174E-06    1.5818E-06    5.0922E-01   -5.1364E-01    4.0980E+00    2.2500E-04
1.9627E+01  5.6707E-02 2.1230E+02    4.3476E-06    1.3686E-06    4.5116E-01   -4.5896E-01    3.8856E+00    2.2500E-04
1.9035E+01  6.2317E-02 2.1161E+02    4.2883E-06    1.1782E-06    3.9900E-01   -4.0767E-01    3.7047E+00    2.2500E-04
1.8452E+01  6.8396E-02 2.1101E+02    4.2301E-06    1.0054E-06    3.5253E-01   -3.5988E-01    3.5528E+00    2.2500E-04
1.7879E+01  7.4973E-02 2.1050E+02    4.1803E-06    8.5289E-07    3.1229E-01   -3.1593E-01    3.4271E+00    2.2500E-04
1.7316E+01  8.2079E-02 2.1006E+02    4.1265E-06    7.1645E-07    2.7757E-01   -2.7752E-01    3.3243E+00    2.2500E-04
1.6761E+01  8.9746E-02 2.0970E+02    4.0906E-06    5.9509E-07    2.4796E-01   -2.4741E-01    3.2415E+00    2.2500E-04
1.6215E+01  9.8004E-02 2.0942E+02    4.0479E-06    4.8718E-07    2.2269E-01   -2.2561E-01    3.1764E+00    2.2500E-04
1.5678E+01  1.0689E-01 2.0919E+02    4.0156E-06    3.9394E-07    2.0044E-01   -1.8138E-01    3.1259E+00    2.2500E-04
1.5149E+01  1.1643E-01 2.0902E+02    3.9859E-06    3.1560E-07    1.8172E-01   -1.6753E-01    3.0890E+00    2.2500E-04
1.4628E+01  1.2667E-01 2.0892E+02    3.9651E-06    2.5063E-07    1.6633E-01   -1.5886E-01    3.0666E+00    2.2500E-04
1.4115E+01  1.3763E-01 2.0890E+02    3.9473E-06    1.9744E-07    1.5366E-01   -1.5361E-01    3.0609E+00    2.2500E-04
1.3611E+01  1.4935E-01 2.0896E+02    3.9372E-06    1.5335E-07    1.4318E-01   -1.5063E-01    3.0747E+00    2.2500E-04
1.3113E+01  1.6186E-01 2.0912E+02    3.9273E-06    1.1959E-07    1.3490E-01   -1.4649E-01    3.1103E+00    2.2500E-04
1.2623E+01  1.7520E-01 2.0939E+02    3.9225E-06    9.7386E-08    1.2889E-01   -1.3885E-01    3.1699E+00    2.2500E-04
1.2141E+01  1.8941E-01 2.0976E+02    3.9814E-06    8.1936E-08    1.2492E-01   -1.3232E-01    3.2547E+00    2.2500E-04
1.1665E+01  2.0450E-01 2.1023E+02    4.7073E-06    7.0121E-08    1.2478E-01   -1.4286E-01    3.3632E+00    2.2500E-04
1.1196E+01  2.2053E-01 2.1075E+02    5.2693E-06    6.1464E-08    1.2471E-01   -1.2600E-01    3.4887E+00    2.2500E-04
1.0733E+01  2.3750E-01 2.1129E+02    5.9563E-06    5.6382E-08    1.2566E-01   -1.1163E-01    3.6216E+00    2.2500E-04
1.0277E+01  2.5547E-01 2.1237E+02    6.9443E-06    5.3279E-08    1.2821E-01   -8.7673E-02    3.9031E+00    2.2500E-04
9.8267E+00  2.7444E-01 2.1364E+02    8.2958E-06    5.0804E-08    1.3326E-01   -1.2961E-01    4.2578E+00    2.2500E-04
9.3794E+00  2.9445E-01 2.1682E+02    1.2710E-05    4.8534E-08    1.5180E-01   -3.9899E-01    5.2385E+00    2.2500E-04
8.9325E+00  3.1553E-01 2.2116E+02    2.2259E-05    4.6361E-08    1.8892E-01   -8.1803E-01    6.2951E+00    2.2500E-04
8.4851E+00  3.3768E-01 2.2548E+02    3.8020E-05    4.4212E-08    2.4017E-01   -1.2460E+00    7.4973E+00    2.2500E-04
8.0376E+00  3.6094E-01 2.2975E+02    6.3299E-05    4.2063E-08    3.0256E-01   -1.6379E+00    8.8488E+00    2.2500E-04
7.5906E+00  3.8531E-01 2.3395E+02    1.0264E-04    3.9918E-08    3.7074E-01   -1.9422E+00    1.0348E+01    2.2500E-04
7.1443E+00  4.1081E-01 2.3806E+02    1.6196E-04    3.7801E-08    4.4198E-01   -2.1486E+00    1.1990E+01    2.2500E-04
6.6993E+00  4.3745E-01 2.4206E+02    2.4848E-04    3.5760E-08    5.1879E-01   -2.2829E+00    1.3760E+01    2.2500E-04
6.2562E+00  4.6523E-01 2.4590E+02    3.7048E-04    3.3727E-08    5.9671E-01   -2.3345E+00    1.5641E+01    2.2500E-04
5.8155E+00  4.9414E-01 2.4959E+02    5.3679E-04    3.1780E-08    6.6194E-01   -2.3382E+00    1.7613E+01    2.2500E-04
5.3778E+00  5.2419E-01 2.5309E+02    7.5619E-04    2.9847E-08    7.0800E-01   -2.3174E+00    1.9651E+01    2.2500E-04
4.9437E+00  5.5537E-01 2.5641E+02    1.0369E-03    2.7932E-08    7.4102E-01   -2.2978E+00    2.1734E+01    2.2500E-04
4.5136E+00  5.8767E-01 2.5954E+02    1.3860E-03    2.6086E-08    7.6756E-01   -2.2524E+00    2.3841E+01    2.2500E-04
4.0882E+00  6.2105E-01 2.6248E+02    1.8097E-03    2.4300E-08    7.8740E-01   -2.1873E+00    2.5957E+01    2.2500E-04
3.6680E+00  6.5551E-01 2.6524E+02    2.3128E-03    2.2577E-08    7.9775E-01   -2.1185E+00    2.8068E+01    2.2500E-04
3.2533E+00  6.9101E-01 2.6784E+02    2.8989E-03    2.1012E-08    7.9888E-01   -2.0216E+00    3.0164E+01    2.2500E-04
2.8447E+00  7.2751E-01 2.7028E+02    3.5709E-03    1.9611E-08    7.9388E-01   -1.8689E+00    3.2239E+01    2.2500E-04
2.4426E+00  7.6497E-01 2.7258E+02    4.3304E-03    1.8300E-08    7.8579E-01   -1.7202E+00    3.4287E+01    2.2500E-04
2.0470E+00  8.0335E-01 2.7497E+02    5.2574E-03    1.7118E-08    7.8114E-01   -1.6308E+00    3.6513E+01    2.2500E-04
1.6583E+00  8.4260E-01 2.7725E+02    6.1524E-03    1.6092E-08    7.6027E-01   -1.5401E+00    3.8739E+01    2.2500E-04
1.2767E+00  8.8264E-01 2.7944E+02    7.1938E-03    1.5257E-08    7.4483E-01   -1.5354E+00    4.0970E+01    2.2500E-04
9.0254E-01  9.2343E-01 2.8151E+02    8.3023E-03    1.4498E-08    7.3215E-01   -1.6019E+00    4.3171E+01    2.2500E-04
5.3607E-01  9.6488E-01 2.8349E+02    9.4259E-03    1.3896E-08    7.2649E-01   -1.7928E+00    4.5359E+01    2.2500E-04
1.7755E-01  1.0069E+00 2.8538E+02    1.0783E-02    1.3401E-08    7.4621E-01   -2.0466E+00    4.7520E+01    2.2500E-04
0.0000E+00  1.0283E+00 2.8632E+02    1.1463E-02    1.3500E-08    7.9005E+00   -3.5318E+00    4.8631E+01    2.2500E-04
