     ALT          P          T          FH2O           O3           THEAT        TCOOL        PSATCO2        FCO2
7.3811E+01  3.2610E-05 2.2808E+02    4.8814E-06    1.7686E-07    3.8018E+01   -8.1089E+01    8.3002E+00    2.2700E-04
7.2665E+01  3.8506E-05 2.2952E+02    5.0528E-06    2.2508E-07    5.6820E+00   -5.1071E+01    8.7708E+00    2.2700E-04
7.1522E+01  4.5411E-05 2.3102E+02    5.1983E-06    2.7809E-07    3.3403E+00   -3.1491E+01    9.2847E+00    2.2700E-04
7.0380E+01  5.3486E-05 2.3260E+02    5.3354E-06    3.3302E-07    3.3795E+00   -1.9489E+01    9.8483E+00    2.2700E-04
6.9239E+01  6.2918E-05 2.3425E+02    5.4520E-06    3.8897E-07    3.6306E+00   -1.2666E+01    1.0463E+01    2.2700E-04
6.8099E+01  7.3920E-05 2.3596E+02    5.5628E-06    4.4746E-07    3.9077E+00   -9.0699E+00    1.1126E+01    2.2700E-04
6.6961E+01  8.6737E-05 2.3770E+02    5.6539E-06    5.1114E-07    4.2111E+00   -7.3044E+00    1.1836E+01    2.2700E-04
6.5823E+01  1.0165E-04 2.3946E+02    5.7449E-06    5.8273E-07    4.5545E+00   -6.5189E+00    1.2590E+01    2.2700E-04
6.4687E+01  1.1897E-04 2.4124E+02    5.8144E-06    6.6148E-07    4.9463E+00   -6.2603E+00    1.3384E+01    2.2700E-04
6.3551E+01  1.3907E-04 2.4302E+02    5.8826E-06    7.4992E-07    5.3812E+00   -6.2643E+00    1.4215E+01    2.2700E-04
6.2417E+01  1.6237E-04 2.4479E+02    5.9438E-06    8.4603E-07    5.8461E+00   -6.3996E+00    1.5080E+01    2.2700E-04
6.1285E+01  1.8932E-04 2.4655E+02    5.9991E-06    9.5270E-07    6.3459E+00   -6.6023E+00    1.5976E+01    2.2700E-04
6.0154E+01  2.2047E-04 2.4830E+02    6.0443E-06    1.0706E-06    6.8737E+00   -6.8440E+00    1.6901E+01    2.2700E-04
5.9025E+01  2.5643E-04 2.5002E+02    6.0895E-06    1.1982E-06    7.4088E+00   -7.1145E+00    1.7855E+01    2.2700E-04
5.7898E+01  2.9787E-04 2.5173E+02    6.1246E-06    1.3335E-06    7.9345E+00   -7.3746E+00    1.8836E+01    2.2700E-04
5.6774E+01  3.4557E-04 2.5341E+02    6.1498E-06    1.4886E-06    8.4793E+00   -7.6531E+00    1.9847E+01    2.2700E-04
5.5652E+01  4.0041E-04 2.5509E+02    6.1822E-06    1.6598E-06    9.0116E+00   -7.9474E+00    2.0886E+01    2.2700E-04
5.4532E+01  4.6336E-04 2.5675E+02    6.2046E-06    1.8512E-06    9.5209E+00   -8.2440E+00    2.1956E+01    2.2700E-04
5.3416E+01  5.3554E-04 2.5840E+02    6.2200E-06    2.0693E-06    9.9979E+00   -8.5377E+00    2.3058E+01    2.2700E-04
5.2302E+01  6.1818E-04 2.6004E+02    6.2393E-06    2.3016E-06    1.0374E+01   -8.8184E+00    2.4193E+01    2.2700E-04
5.1192E+01  7.1267E-04 2.6167E+02    6.2415E-06    2.5587E-06    1.0659E+01   -9.0798E+00    2.5363E+01    2.2700E-04
5.0085E+01  8.2058E-04 2.6329E+02    6.2500E-06    2.8463E-06    1.0841E+01   -9.3604E+00    2.6567E+01    2.2700E-04
4.8982E+01  9.4362E-04 2.6497E+02    6.2400E-06    3.1389E-06    1.0840E+01   -9.6555E+00    2.7852E+01    2.2700E-04
4.7882E+01  1.0838E-03 2.6653E+02    6.2323E-06    3.4572E-06    1.0711E+01   -9.9330E+00    2.9098E+01    2.2700E-04
4.6787E+01  1.2431E-03 2.6764E+02    6.2104E-06    3.7938E-06    1.0433E+01   -1.0008E+01    2.9999E+01    2.2700E-04
4.5700E+01  1.4242E-03 2.6806E+02    6.1873E-06    4.1539E-06    1.0018E+01   -9.7972E+00    3.0347E+01    2.2700E-04
4.4622E+01  1.6295E-03 2.6776E+02    6.1542E-06    4.5287E-06    9.4746E+00   -9.3458E+00    3.0095E+01    2.2700E-04
4.3558E+01  1.8620E-03 2.6678E+02    6.1074E-06    4.8806E-06    8.8017E+00   -8.7327E+00    2.9300E+01    2.2700E-04
4.2509E+01  2.1251E-03 2.6525E+02    6.0496E-06    5.2071E-06    8.0721E+00   -8.0491E+00    2.8078E+01    2.2700E-04
4.1477E+01  2.4223E-03 2.6330E+02    5.9825E-06    5.4952E-06    7.3413E+00   -7.3584E+00    2.6570E+01    2.2700E-04
4.0463E+01  2.7576E-03 2.6104E+02    5.9156E-06    5.7467E-06    6.6575E+00   -6.6989E+00    2.4904E+01    2.2700E-04
3.9469E+01  3.1354E-03 2.5858E+02    5.8361E-06    5.9436E-06    6.0326E+00   -6.0839E+00    2.3183E+01    2.2700E-04
3.8494E+01  3.5604E-03 2.5600E+02    5.7481E-06    6.1036E-06    5.4859E+00   -5.5255E+00    2.1471E+01    2.2700E-04
3.7539E+01  4.0379E-03 2.5335E+02    5.6571E-06    6.2373E-06    5.0139E+00   -5.0302E+00    1.9807E+01    2.2700E-04
3.6604E+01  4.5737E-03 2.5064E+02    5.5636E-06    6.3363E-06    4.5977E+00   -4.5968E+00    1.8208E+01    2.2700E-04
3.5689E+01  5.1740E-03 2.4789E+02    5.4621E-06    6.4263E-06    4.2341E+00   -4.2173E+00    1.6685E+01    2.2700E-04
3.4793E+01  5.8458E-03 2.4513E+02    5.3631E-06    6.4885E-06    3.9019E+00   -3.8819E+00    1.5249E+01    2.2700E-04
3.3917E+01  6.5965E-03 2.4238E+02    5.2578E-06    6.5240E-06    3.5930E+00   -3.5772E+00    1.3911E+01    2.2700E-04
3.3059E+01  7.4342E-03 2.3967E+02    5.1550E-06    6.5258E-06    3.3008E+00   -3.2912E+00    1.2682E+01    2.2700E-04
3.2221E+01  8.3677E-03 2.3706E+02    5.0544E-06    6.4853E-06    3.0210E+00   -3.0164E+00    1.1572E+01    2.2700E-04
3.1400E+01  9.4066E-03 2.3458E+02    4.9559E-06    6.3885E-06    2.7502E+00   -2.7530E+00    1.0587E+01    2.2700E-04
3.0596E+01  1.0561E-02 2.3228E+02    4.8595E-06    6.2289E-06    2.4890E+00   -2.5328E+00    9.7301E+00    2.2700E-04
2.9809E+01  1.1842E-02 2.3018E+02    4.7560E-06    6.0219E-06    2.2434E+00   -2.2703E+00    8.9951E+00    2.2700E-04
2.9038E+01  1.3263E-02 2.2829E+02    4.6625E-06    5.7525E-06    2.0125E+00   -2.0255E+00    8.3677E+00    2.2700E-04
2.8281E+01  1.4834E-02 2.2658E+02    4.5718E-06    5.4464E-06    1.8022E+00   -1.8013E+00    7.8306E+00    2.2700E-04
2.7539E+01  1.6571E-02 2.2503E+02    4.4827E-06    5.0997E-06    1.6119E+00   -1.5999E+00    7.3659E+00    2.2700E-04
2.6810E+01  1.8488E-02 2.2361E+02    4.3953E-06    4.7416E-06    1.4450E+00   -1.4221E+00    6.9576E+00    2.2700E-04
2.6093E+01  2.0601E-02 2.2228E+02    4.3093E-06    4.3655E-06    1.2975E+00   -1.2673E+00    6.5921E+00    2.2700E-04
2.5390E+01  2.2926E-02 2.2102E+02    4.2250E-06    3.9860E-06    1.1684E+00   -1.1340E+00    6.2590E+00    2.2700E-04
2.4699E+01  2.5482E-02 2.1981E+02    4.1434E-06    3.6249E-06    1.0568E+00   -1.0186E+00    5.9508E+00    2.2700E-04
2.4019E+01  2.8287E-02 2.1864E+02    4.0706E-06    3.2705E-06    9.5688E-01   -9.1759E-01    5.6627E+00    2.2700E-04
2.3352E+01  3.1361E-02 2.1749E+02    3.9906E-06    2.9331E-06    8.6637E-01   -8.2650E-01    5.3921E+00    2.2700E-04
2.2697E+01  3.4725E-02 2.1637E+02    3.9134E-06    2.6186E-06    7.8362E-01   -7.4292E-01    5.1160E+00    2.2700E-04
2.2052E+01  3.8402E-02 2.1529E+02    3.8448E-06    2.3255E-06    7.0668E-01   -6.6592E-01    4.7601E+00    2.2700E-04
2.1420E+01  4.2414E-02 2.1425E+02    3.7690E-06    2.0545E-06    6.3467E-01   -5.9428E-01    4.4387E+00    2.2700E-04
2.0798E+01  4.6787E-02 2.1327E+02    3.7038E-06    1.8045E-06    5.6729E-01   -5.2867E-01    4.1516E+00    2.2700E-04
2.0187E+01  5.1545E-02 2.1235E+02    3.6413E-06    1.5743E-06    5.0460E-01   -4.6806E-01    3.8986E+00    2.2700E-04
1.9587E+01  5.6716E-02 2.1151E+02    3.5728E-06    1.3692E-06    4.4760E-01   -4.1040E-01    3.6785E+00    2.2700E-04
1.8997E+01  6.2327E-02 2.1075E+02    3.5138E-06    1.1738E-06    3.9487E-01   -3.5834E-01    3.4898E+00    2.2700E-04
1.8417E+01  6.8407E-02 2.1009E+02    3.4627E-06    1.0020E-06    3.4861E-01   -3.0950E-01    3.3298E+00    2.2700E-04
1.7847E+01  7.4986E-02 2.0950E+02    3.4090E-06    8.4942E-07    3.0842E-01   -2.6459E-01    3.1957E+00    2.2700E-04
1.7286E+01  8.2093E-02 2.0900E+02    3.3624E-06    7.1275E-07    2.7377E-01   -2.2632E-01    3.0843E+00    2.2700E-04
1.6734E+01  8.9761E-02 2.0858E+02    3.3283E-06    5.9141E-07    2.4426E-01   -1.9666E-01    2.9929E+00    2.2700E-04
1.6191E+01  9.8022E-02 2.0823E+02    3.2862E-06    4.8374E-07    2.1913E-01   -1.7564E-01    2.9193E+00    2.2700E-04
1.5656E+01  1.0691E-01 2.0795E+02    3.2561E-06    3.9079E-07    1.9699E-01   -1.3143E-01    2.8611E+00    2.2700E-04
1.5131E+01  1.1645E-01 2.0774E+02    3.2351E-06    3.1280E-07    1.7847E-01   -1.2027E-01    2.8177E+00    2.2700E-04
1.4613E+01  1.2669E-01 2.0760E+02    3.2144E-06    2.4874E-07    1.6329E-01   -1.1380E-01    2.7904E+00    2.2700E-04
1.4103E+01  1.3765E-01 2.0756E+02    3.1941E-06    1.9586E-07    1.5068E-01   -1.1100E-01    2.7812E+00    2.2700E-04
1.3602E+01  1.4937E-01 2.0761E+02    3.1770E-06    1.5198E-07    1.4025E-01   -1.0993E-01    2.7922E+00    2.2700E-04
1.3107E+01  1.6189E-01 2.0777E+02    3.1671E-06    1.1931E-07    1.3216E-01   -1.0685E-01    2.8248E+00    2.2700E-04
1.2621E+01  1.7524E-01 2.0806E+02    3.1677E-06    9.7263E-08    1.2625E-01   -1.0108E-01    2.8825E+00    2.2700E-04
1.2141E+01  1.8944E-01 2.0843E+02    3.2384E-06    8.1779E-08    1.2239E-01   -9.4199E-02    2.9614E+00    2.2700E-04
1.1668E+01  2.0454E-01 2.0892E+02    3.8974E-06    7.0042E-08    1.2219E-01   -1.0221E-01    3.0672E+00    2.2700E-04
1.1202E+01  2.2057E-01 2.0946E+02    4.5970E-06    6.1471E-08    1.2207E-01   -8.1145E-02    3.1854E+00    2.2700E-04
1.0742E+01  2.3755E-01 2.1009E+02    5.0468E-06    5.6462E-08    1.2327E-01   -8.7158E-02    3.3320E+00    2.2700E-04
1.0288E+01  2.5552E-01 2.1162E+02    6.2726E-06    5.3369E-08    1.2721E-01   -6.7939E-02    3.7075E+00    2.2700E-04
9.8386E+00  2.7450E-01 2.1284E+02    7.4460E-06    5.0885E-08    1.3242E-01   -1.4553E-01    4.0316E+00    2.2700E-04
9.3917E+00  2.9451E-01 2.1714E+02    1.3247E-05    4.8610E-08    1.5805E-01   -5.2591E-01    5.3113E+00    2.2700E-04
8.9440E+00  3.1559E-01 2.2149E+02    2.3176E-05    4.6368E-08    1.9767E-01   -9.3348E-01    6.3799E+00    2.2700E-04
8.4959E+00  3.3775E-01 2.2581E+02    3.9543E-05    4.4177E-08    2.5020E-01   -1.3464E+00    7.5952E+00    2.2700E-04
8.0477E+00  3.6101E-01 2.3008E+02    6.5757E-05    4.2024E-08    3.1312E-01   -1.7178E+00    8.9604E+00    2.2700E-04
7.5999E+00  3.8539E-01 2.3428E+02    1.0649E-04    3.9875E-08    3.8104E-01   -2.0004E+00    1.0474E+01    2.2700E-04
7.1529E+00  4.1090E-01 2.3839E+02    1.6778E-04    3.7752E-08    4.5177E-01   -2.1897E+00    1.2129E+01    2.2700E-04
6.7072E+00  4.3754E-01 2.4238E+02    2.5700E-04    3.5706E-08    5.2825E-01   -2.3112E+00    1.3912E+01    2.2700E-04
6.2635E+00  4.6532E-01 2.4622E+02    3.8250E-04    3.3667E-08    6.0534E-01   -2.3533E+00    1.5804E+01    2.2700E-04
5.8221E+00  4.9425E-01 2.4990E+02    5.5315E-04    3.1629E-08    6.6894E-01   -2.3524E+00    1.7785E+01    2.2700E-04
5.3838E+00  5.2431E-01 2.5339E+02    7.7773E-04    2.9679E-08    7.1342E-01   -2.3279E+00    1.9831E+01    2.2700E-04
4.9490E+00  5.5549E-01 2.5669E+02    1.0644E-03    2.7760E-08    7.4552E-01   -2.3062E+00    2.1919E+01    2.2700E-04
4.5184E+00  5.8779E-01 2.5981E+02    1.4202E-03    2.5911E-08    7.7140E-01   -2.2572E+00    2.4030E+01    2.2700E-04
4.0925E+00  6.2119E-01 2.6273E+02    1.8511E-03    2.4156E-08    7.9044E-01   -2.1905E+00    2.6148E+01    2.2700E-04
3.6718E+00  6.5565E-01 2.6549E+02    2.3619E-03    2.2495E-08    7.9989E-01   -2.1198E+00    2.8260E+01    2.2700E-04
3.2566E+00  6.9116E-01 2.6807E+02    2.9562E-03    2.0927E-08    8.0026E-01   -2.0187E+00    3.0357E+01    2.2700E-04
2.8476E+00  7.2767E-01 2.7050E+02    3.6367E-03    1.9441E-08    7.9471E-01   -1.8604E+00    3.2432E+01    2.2700E-04
2.4450E+00  7.6514E-01 2.7279E+02    4.4050E-03    1.8109E-08    7.8615E-01   -1.7131E+00    3.4479E+01    2.2700E-04
2.0491E+00  8.0353E-01 2.7519E+02    5.3441E-03    1.6967E-08    7.8110E-01   -1.6289E+00    3.6729E+01    2.2700E-04
1.6599E+00  8.4278E-01 2.7747E+02    6.2359E-03    1.5978E-08    7.5890E-01   -1.5374E+00    3.8957E+01    2.2700E-04
1.2780E+00  8.8284E-01 2.7965E+02    7.3037E-03    1.5065E-08    7.4458E-01   -1.5403E+00    4.1190E+01    2.2700E-04
9.0341E-01  9.2364E-01 2.8171E+02    8.4083E-03    1.4371E-08    7.3116E-01   -1.6083E+00    4.3392E+01    2.2700E-04
5.3657E-01  9.6510E-01 2.8369E+02    9.5661E-03    1.3797E-08    7.2708E-01   -1.8078E+00    4.5583E+01    2.2700E-04
1.7771E-01  1.0072E+00 2.8557E+02    1.0918E-02    1.3302E-08    7.4596E-01   -2.0587E+00    4.7745E+01    2.2700E-04
0.0000E+00  1.0285E+00 2.8651E+02    1.1597E-02    1.3400E-08    7.8937E+00   -3.5167E+00    4.8857E+01    2.2700E-04
