     ALT          P          T          FH2O           O3           THEAT        TCOOL        PSATCO2        FCO2
7.3800E+01  3.2610E-05 2.2764E+02    5.4309E-06    1.7109E-07    3.7914E+01   -8.0215E+01    8.1599E+00    2.2500E-04
7.2657E+01  3.8506E-05 2.2907E+02    5.6229E-06    2.1791E-07    5.6931E+00   -5.0925E+01    8.6229E+00    2.2500E-04
7.1516E+01  4.5410E-05 2.3057E+02    5.7926E-06    2.6951E-07    3.3038E+00   -3.1686E+01    9.1287E+00    2.2500E-04
7.0376E+01  5.3485E-05 2.3215E+02    5.9347E-06    3.2274E-07    3.3262E+00   -1.9824E+01    9.6838E+00    2.2500E-04
6.9238E+01  6.2917E-05 2.3380E+02    6.0712E-06    3.7656E-07    3.5662E+00   -1.3041E+01    1.0289E+01    2.2500E-04
6.8101E+01  7.3919E-05 2.3549E+02    6.1848E-06    4.3386E-07    3.8376E+00   -9.4203E+00    1.0943E+01    2.2500E-04
6.6964E+01  8.6735E-05 2.3723E+02    6.2928E-06    4.9732E-07    4.1398E+00   -7.6183E+00    1.1644E+01    2.2500E-04
6.5829E+01  1.0165E-04 2.3900E+02    6.3836E-06    5.6676E-07    4.4740E+00   -6.7935E+00    1.2388E+01    2.2500E-04
6.4695E+01  1.1897E-04 2.4077E+02    6.4732E-06    6.4491E-07    4.8630E+00   -6.5029E+00    1.3172E+01    2.2500E-04
6.3562E+01  1.3907E-04 2.4255E+02    6.5412E-06    7.3172E-07    5.2912E+00   -6.4682E+00    1.3993E+01    2.2500E-04
6.2431E+01  1.6236E-04 2.4433E+02    6.6091E-06    8.2678E-07    5.7519E+00   -6.5678E+00    1.4848E+01    2.2500E-04
6.1301E+01  1.8931E-04 2.4609E+02    6.6680E-06    9.3099E-07    6.2425E+00   -6.7340E+00    1.5734E+01    2.2500E-04
6.0172E+01  2.2046E-04 2.4783E+02    6.7231E-06    1.0476E-06    6.7672E+00   -6.9422E+00    1.6649E+01    2.2500E-04
5.9046E+01  2.5641E-04 2.4955E+02    6.7682E-06    1.1741E-06    7.3027E+00   -7.1753E+00    1.7593E+01    2.2500E-04
5.7921E+01  2.9785E-04 2.5126E+02    6.8131E-06    1.3091E-06    7.8323E+00   -7.4099E+00    1.8564E+01    2.2500E-04
5.6799E+01  3.4555E-04 2.5295E+02    6.8480E-06    1.4630E-06    8.3790E+00   -7.6554E+00    1.9564E+01    2.2500E-04
5.5679E+01  4.0038E-04 2.5462E+02    6.8814E-06    1.6311E-06    8.9083E+00   -7.9148E+00    2.0593E+01    2.2500E-04
5.4562E+01  4.6333E-04 2.5628E+02    6.9038E-06    1.8233E-06    9.4271E+00   -8.1806E+00    2.1652E+01    2.2500E-04
5.3448E+01  5.3550E-04 2.5793E+02    6.9260E-06    2.0298E-06    9.8795E+00   -8.4440E+00    2.2743E+01    2.2500E-04
5.2337E+01  6.1814E-04 2.5957E+02    6.9400E-06    2.2706E-06    1.0297E+01   -8.7027E+00    2.3865E+01    2.2500E-04
5.1229E+01  7.1262E-04 2.6120E+02    6.9504E-06    2.5254E-06    1.0593E+01   -8.9453E+00    2.5022E+01    2.2500E-04
5.0124E+01  8.2052E-04 2.6282E+02    6.9600E-06    2.8122E-06    1.0790E+01   -9.1995E+00    2.6213E+01    2.2500E-04
4.9023E+01  9.4355E-04 2.6447E+02    6.9600E-06    3.1129E-06    1.0823E+01   -9.4874E+00    2.7467E+01    2.2500E-04
4.7925E+01  1.0837E-03 2.6609E+02    6.9500E-06    3.4268E-06    1.0695E+01   -9.7922E+00    2.8740E+01    2.2500E-04
4.6832E+01  1.2430E-03 2.6730E+02    6.9316E-06    3.7634E-06    1.0426E+01   -9.9164E+00    2.9718E+01    2.2500E-04
4.5746E+01  1.4240E-03 2.6782E+02    6.9099E-06    4.1215E-06    1.0016E+01   -9.7489E+00    3.0148E+01    2.2500E-04
4.4670E+01  1.6293E-03 2.6760E+02    6.8768E-06    4.4886E-06    9.4684E+00   -9.3260E+00    2.9966E+01    2.2500E-04
4.3606E+01  1.8619E-03 2.6669E+02    6.8342E-06    4.8486E-06    8.8117E+00   -8.7342E+00    2.9222E+01    2.2500E-04
4.2557E+01  2.1249E-03 2.6520E+02    6.7784E-06    5.1775E-06    8.0867E+00   -8.0606E+00    2.8035E+01    2.2500E-04
4.1526E+01  2.4221E-03 2.6326E+02    6.7165E-06    5.4725E-06    7.3599E+00   -7.3755E+00    2.6545E+01    2.2500E-04
4.0513E+01  2.7574E-03 2.6101E+02    6.6509E-06    5.7221E-06    6.6713E+00   -6.7168E+00    2.4889E+01    2.2500E-04
3.9519E+01  3.1351E-03 2.5856E+02    6.5714E-06    5.9316E-06    6.0510E+00   -6.1037E+00    2.3170E+01    2.2500E-04
3.8544E+01  3.5600E-03 2.5599E+02    6.4893E-06    6.0929E-06    5.5008E+00   -5.5452E+00    2.1459E+01    2.2500E-04
3.7589E+01  4.0375E-03 2.5333E+02    6.3971E-06    6.2293E-06    5.0268E+00   -5.0490E+00    1.9794E+01    2.2500E-04
3.6654E+01  4.5732E-03 2.5062E+02    6.3084E-06    6.3396E-06    4.6131E+00   -4.6160E+00    1.8195E+01    2.2500E-04
3.5739E+01  5.1734E-03 2.4787E+02    6.2086E-06    6.4309E-06    4.2475E+00   -4.2353E+00    1.6672E+01    2.2500E-04
3.4844E+01  5.8451E-03 2.4511E+02    6.1093E-06    6.4944E-06    3.9135E+00   -3.8991E+00    1.5237E+01    2.2500E-04
3.3968E+01  6.5957E-03 2.4236E+02    6.0060E-06    6.5357E-06    3.6048E+00   -3.5947E+00    1.3900E+01    2.2500E-04
3.3111E+01  7.4333E-03 2.3966E+02    5.9031E-06    6.5372E-06    3.3111E+00   -3.3091E+00    1.2674E+01    2.2500E-04
3.2272E+01  8.3667E-03 2.3705E+02    5.8025E-06    6.5013E-06    3.0315E+00   -3.0355E+00    1.1568E+01    2.2500E-04
3.1452E+01  9.4054E-03 2.3458E+02    5.7040E-06    6.4080E-06    2.7608E+00   -2.7734E+00    1.0588E+01    2.2500E-04
3.0648E+01  1.0560E-02 2.3230E+02    5.6056E-06    6.2552E-06    2.5003E+00   -2.5533E+00    9.7371E+00    2.2500E-04
2.9861E+01  1.1841E-02 2.3022E+02    5.5032E-06    6.0428E-06    2.2527E+00   -2.2917E+00    9.0085E+00    2.2500E-04
2.9090E+01  1.3261E-02 2.2835E+02    5.4106E-06    5.7749E-06    2.0213E+00   -2.0479E+00    8.3883E+00    2.2500E-04
2.8333E+01  1.4832E-02 2.2668E+02    5.3198E-06    5.4640E-06    1.8096E+00   -1.8250E+00    7.8593E+00    2.2500E-04
2.7590E+01  1.6569E-02 2.2516E+02    5.2307E-06    5.1217E-06    1.6196E+00   -1.6249E+00    7.4035E+00    2.2500E-04
2.6861E+01  1.8485E-02 2.2378E+02    5.1353E-06    4.7559E-06    1.4510E+00   -1.4480E+00    7.0049E+00    2.2500E-04
2.6144E+01  2.0598E-02 2.2249E+02    5.0471E-06    4.3809E-06    1.3034E+00   -1.2948E+00    6.6495E+00    2.2500E-04
2.5440E+01  2.2923E-02 2.2128E+02    4.9688E-06    4.0000E-06    1.1739E+00   -1.1636E+00    6.3270E+00    2.2500E-04
2.4748E+01  2.5478E-02 2.2013E+02    4.8896E-06    3.6383E-06    1.0620E+00   -1.0502E+00    6.0294E+00    2.2500E-04
2.4068E+01  2.8282E-02 2.1900E+02    4.8079E-06    3.2762E-06    9.6083E-01   -9.5115E-01    5.7519E+00    2.2500E-04
2.3399E+01  3.1356E-02 2.1792E+02    4.7277E-06    2.9421E-06    8.7082E-01   -8.6192E-01    5.4917E+00    2.2500E-04
2.2743E+01  3.4719E-02 2.1686E+02    4.6492E-06    2.6260E-06    7.8796E-01   -7.8039E-01    5.2476E+00    2.2500E-04
2.2097E+01  3.8396E-02 2.1584E+02    4.5815E-06    2.3301E-06    7.1066E-01   -7.0562E-01    4.9373E+00    2.2500E-04
2.1463E+01  4.2407E-02 2.1486E+02    4.5053E-06    2.0564E-06    6.3826E-01   -6.3626E-01    4.6244E+00    2.2500E-04
2.0840E+01  4.6779E-02 2.1394E+02    4.4388E-06    1.8039E-06    5.7063E-01   -5.7270E-01    4.3451E+00    2.2500E-04
2.0227E+01  5.1537E-02 2.1308E+02    4.3676E-06    1.5808E-06    5.0884E-01   -5.1254E-01    4.0991E+00    2.2500E-04
1.9625E+01  5.6707E-02 2.1230E+02    4.3073E-06    1.3677E-06    4.5085E-01   -4.5818E-01    3.8859E+00    2.2500E-04
1.9032E+01  6.2317E-02 2.1161E+02    4.2481E-06    1.1773E-06    3.9870E-01   -4.0684E-01    3.7040E+00    2.2500E-04
1.8450E+01  6.8396E-02 2.1100E+02    4.1898E-06    1.0047E-06    3.5226E-01   -3.5890E-01    3.5512E+00    2.2500E-04
1.7877E+01  7.4973E-02 2.1048E+02    4.1326E-06    8.5225E-07    3.1200E-01   -3.1449E-01    3.4244E+00    2.2500E-04
1.7314E+01  8.2079E-02 2.1005E+02    4.0850E-06    7.1589E-07    2.7731E-01   -2.7614E-01    3.3205E+00    2.2500E-04
1.6759E+01  8.9745E-02 2.0968E+02    4.0406E-06    5.9460E-07    2.4768E-01   -2.4556E-01    3.2364E+00    2.2500E-04
1.6213E+01  9.8004E-02 2.0939E+02    4.0077E-06    4.8673E-07    2.2247E-01   -2.2410E-01    3.1700E+00    2.2500E-04
1.5676E+01  1.0689E-01 2.0916E+02    3.9755E-06    3.9357E-07    2.0024E-01   -1.7975E-01    3.1182E+00    2.2500E-04
1.5147E+01  1.1643E-01 2.0898E+02    3.9458E-06    3.1531E-07    1.8154E-01   -1.6573E-01    3.0799E+00    2.2500E-04
1.4626E+01  1.2667E-01 2.0887E+02    3.9250E-06    2.5040E-07    1.6615E-01   -1.5694E-01    3.0562E+00    2.2500E-04
1.4114E+01  1.3763E-01 2.0884E+02    3.9073E-06    1.9727E-07    1.5349E-01   -1.5177E-01    3.0496E+00    2.2500E-04
1.3609E+01  1.4935E-01 2.0890E+02    3.8943E-06    1.5322E-07    1.4300E-01   -1.4876E-01    3.0625E+00    2.2500E-04
1.3112E+01  1.6186E-01 2.0906E+02    3.8800E-06    1.1951E-07    1.3471E-01   -1.4467E-01    3.0976E+00    2.2500E-04
1.2622E+01  1.7520E-01 2.0932E+02    3.8800E-06    9.7339E-08    1.2873E-01   -1.3682E-01    3.1557E+00    2.2500E-04
1.2140E+01  1.8941E-01 2.0970E+02    3.9320E-06    8.1905E-08    1.2474E-01   -1.3014E-01    3.2399E+00    2.2500E-04
1.1664E+01  2.0450E-01 2.1015E+02    4.6616E-06    7.0102E-08    1.2471E-01   -1.4053E-01    3.3444E+00    2.2500E-04
1.1195E+01  2.2053E-01 2.1068E+02    5.2214E-06    6.1455E-08    1.2553E-01   -1.3259E-01    3.4728E+00    2.2500E-04
1.0733E+01  2.3750E-01 2.1125E+02    5.9351E-06    5.6378E-08    1.2567E-01   -1.1268E-01    3.6130E+00    2.2500E-04
1.0277E+01  2.5547E-01 2.1230E+02    6.8849E-06    5.3276E-08    1.2798E-01   -8.2012E-02    3.8861E+00    2.2500E-04
9.8263E+00  2.7444E-01 2.1355E+02    8.2037E-06    5.0802E-08    1.3293E-01   -1.2620E-01    4.2338E+00    2.2500E-04
9.3791E+00  2.9445E-01 2.1681E+02    1.2693E-05    4.8533E-08    1.5184E-01   -4.0243E-01    5.2362E+00    2.2500E-04
8.9322E+00  3.1553E-01 2.2115E+02    2.2231E-05    4.6360E-08    1.8900E-01   -8.2032E-01    6.2924E+00    2.2500E-04
8.4848E+00  3.3768E-01 2.2547E+02    3.7974E-05    4.4211E-08    2.4022E-01   -1.2475E+00    7.4943E+00    2.2500E-04
8.0374E+00  3.6094E-01 2.2974E+02    6.3224E-05    4.2063E-08    3.0259E-01   -1.6389E+00    8.8454E+00    2.2500E-04
7.5903E+00  3.8531E-01 2.3394E+02    1.0252E-04    3.9918E-08    3.7073E-01   -1.9427E+00    1.0345E+01    2.2500E-04
7.1441E+00  4.1081E-01 2.3805E+02    1.6178E-04    3.7801E-08    4.4192E-01   -2.1488E+00    1.1985E+01    2.2500E-04
6.6991E+00  4.3745E-01 2.4205E+02    2.4823E-04    3.5759E-08    5.1868E-01   -2.2829E+00    1.3755E+01    2.2500E-04
6.2561E+00  4.6522E-01 2.4589E+02    3.7013E-04    3.3727E-08    5.9658E-01   -2.3345E+00    1.5636E+01    2.2500E-04
5.8154E+00  4.9414E-01 2.4958E+02    5.3631E-04    3.1779E-08    6.6182E-01   -2.3381E+00    1.7608E+01    2.2500E-04
5.3777E+00  5.2419E-01 2.5308E+02    7.5556E-04    2.9847E-08    7.0791E-01   -2.3174E+00    1.9646E+01    2.2500E-04
4.9436E+00  5.5537E-01 2.5640E+02    1.0361E-03    2.7931E-08    7.4094E-01   -2.2978E+00    2.1728E+01    2.2500E-04
4.5135E+00  5.8766E-01 2.5953E+02    1.3850E-03    2.6086E-08    7.6748E-01   -2.2524E+00    2.3836E+01    2.2500E-04
4.0881E+00  6.2105E-01 2.6247E+02    1.8085E-03    2.4300E-08    7.8733E-01   -2.1872E+00    2.5952E+01    2.2500E-04
3.6679E+00  6.5551E-01 2.6523E+02    2.3113E-03    2.2577E-08    7.9770E-01   -2.1185E+00    2.8062E+01    2.2500E-04
3.2533E+00  6.9100E-01 2.6783E+02    2.8972E-03    2.1012E-08    7.9885E-01   -2.0217E+00    3.0159E+01    2.2500E-04
2.8447E+00  7.2751E-01 2.7028E+02    3.5689E-03    1.9611E-08    7.9386E-01   -1.8691E+00    3.2234E+01    2.2500E-04
2.4425E+00  7.6497E-01 2.7258E+02    4.3282E-03    1.8300E-08    7.8578E-01   -1.7204E+00    3.4282E+01    2.2500E-04
2.0470E+00  8.0335E-01 2.7496E+02    5.2551E-03    1.7118E-08    7.8116E-01   -1.6310E+00    3.6507E+01    2.2500E-04
1.6583E+00  8.4259E-01 2.7724E+02    6.1502E-03    1.6092E-08    7.6032E-01   -1.5403E+00    3.8733E+01    2.2500E-04
1.2767E+00  8.8264E-01 2.7943E+02    7.1907E-03    1.5257E-08    7.4485E-01   -1.5352E+00    4.0964E+01    2.2500E-04
9.0252E-01  9.2343E-01 2.8150E+02    8.2993E-03    1.4498E-08    7.3218E-01   -1.6017E+00    4.3165E+01    2.2500E-04
5.3605E-01  9.6488E-01 2.8348E+02    9.4219E-03    1.3896E-08    7.2647E-01   -1.7924E+00    4.5352E+01    2.2500E-04
1.7754E-01  1.0069E+00 2.8537E+02    1.0779E-02    1.3401E-08    7.4622E-01   -2.0462E+00    4.7514E+01    2.2500E-04
0.0000E+00  1.0283E+00 2.8632E+02    1.1459E-02    1.3500E-08    7.9007E+00   -3.5323E+00    4.8625E+01    2.2500E-04
