     ALT          P          T          FH2O           O3           THEAT        TCOOL        PSATCO2        FCO2
7.3572E+01  3.2610E-05 2.2869E+02    4.0358E-06    1.8788E-07    3.8109E+01   -8.1788E+01    8.4981E+00    2.2800E-04
7.2423E+01  3.8506E-05 2.3014E+02    4.1773E-06    2.3891E-07    5.7180E+00   -5.1133E+01    8.9795E+00    2.2800E-04
7.1275E+01  4.5412E-05 2.3165E+02    4.3024E-06    2.9406E-07    3.4118E+00   -3.1190E+01    9.5047E+00    2.2800E-04
7.0129E+01  5.3488E-05 2.3324E+02    4.4170E-06    3.5185E-07    3.4705E+00   -1.9037E+01    1.0080E+01    2.2800E-04
6.8985E+01  6.2921E-05 2.3489E+02    4.5215E-06    4.1050E-07    3.7363E+00   -1.2174E+01    1.0706E+01    2.2800E-04
6.7842E+01  7.3925E-05 2.3659E+02    4.6047E-06    4.7124E-07    4.0251E+00   -8.5701E+00    1.1382E+01    2.2800E-04
6.6699E+01  8.6744E-05 2.3834E+02    4.6921E-06    5.3730E-07    4.3406E+00   -6.8293E+00    1.2105E+01    2.2800E-04
6.5558E+01  1.0166E-04 2.4010E+02    4.7606E-06    6.1114E-07    4.6950E+00   -6.0812E+00    1.2872E+01    2.2800E-04
6.4418E+01  1.1898E-04 2.4188E+02    4.8193E-06    6.9276E-07    5.1000E+00   -5.8670E+00    1.3679E+01    2.2800E-04
6.3279E+01  1.3909E-04 2.4366E+02    4.8774E-06    7.8312E-07    5.5437E+00   -5.9178E+00    1.4523E+01    2.2800E-04
6.2141E+01  1.6238E-04 2.4543E+02    4.9304E-06    8.8269E-07    6.0216E+00   -6.1033E+00    1.5401E+01    2.2800E-04
6.1005E+01  1.8934E-04 2.4719E+02    4.9759E-06    9.8992E-07    6.5222E+00   -6.3566E+00    1.6310E+01    2.2800E-04
5.9871E+01  2.2050E-04 2.4893E+02    5.0113E-06    1.1131E-06    7.0657E+00   -6.6522E+00    1.7247E+01    2.2800E-04
5.8738E+01  2.5646E-04 2.5065E+02    5.0466E-06    1.2394E-06    7.5928E+00   -6.9667E+00    1.8213E+01    2.2800E-04
5.7608E+01  2.9791E-04 2.5235E+02    5.0759E-06    1.3850E-06    8.1493E+00   -7.2891E+00    1.9207E+01    2.2800E-04
5.6480E+01  3.4563E-04 2.5404E+02    5.0985E-06    1.5390E-06    8.6805E+00   -7.6247E+00    2.0230E+01    2.2800E-04
5.5355E+01  4.0048E-04 2.5571E+02    5.1210E-06    1.7176E-06    9.2222E+00   -7.9742E+00    2.1282E+01    2.2800E-04
5.4232E+01  4.6345E-04 2.5737E+02    5.1434E-06    1.9103E-06    9.7151E+00   -8.3243E+00    2.2365E+01    2.2800E-04
5.3112E+01  5.3565E-04 2.5902E+02    5.1558E-06    2.1276E-06    1.0166E+01   -8.6650E+00    2.3481E+01    2.2800E-04
5.1996E+01  6.1831E-04 2.6065E+02    5.1600E-06    2.3693E-06    1.0544E+01   -8.9899E+00    2.4630E+01    2.2800E-04
5.0882E+01  7.1283E-04 2.6228E+02    5.1700E-06    2.6254E-06    1.0796E+01   -9.2945E+00    2.5814E+01    2.2800E-04
4.9772E+01  8.2076E-04 2.6391E+02    5.1600E-06    2.9136E-06    1.0948E+01   -9.6259E+00    2.7034E+01    2.2800E-04
4.8665E+01  9.4385E-04 2.6562E+02    5.1552E-06    3.2060E-06    1.0917E+01   -9.9564E+00    2.8365E+01    2.2800E-04
4.7562E+01  1.0840E-03 2.6709E+02    5.1400E-06    3.5284E-06    1.0771E+01   -1.0188E+01    2.9545E+01    2.2800E-04
4.6465E+01  1.2435E-03 2.6797E+02    5.1112E-06    3.8786E-06    1.0495E+01   -1.0176E+01    3.0274E+01    2.2800E-04
4.5376E+01  1.4245E-03 2.6816E+02    5.0789E-06    4.2490E-06    1.0070E+01   -9.8836E+00    3.0428E+01    2.2800E-04
4.4298E+01  1.6299E-03 2.6764E+02    5.0358E-06    4.6248E-06    9.5023E+00   -9.3695E+00    3.0001E+01    2.2800E-04
4.3234E+01  1.8626E-03 2.6649E+02    4.9800E-06    4.9862E-06    8.8227E+00   -8.7185E+00    2.9064E+01    2.2800E-04
4.2186E+01  2.1258E-03 2.6481E+02    4.9171E-06    5.3237E-06    8.0914E+00   -8.0128E+00    2.7734E+01    2.2800E-04
4.1155E+01  2.4231E-03 2.6273E+02    4.8505E-06    5.6128E-06    7.3520E+00   -7.3067E+00    2.6145E+01    2.2800E-04
4.0143E+01  2.7585E-03 2.6036E+02    4.7697E-06    5.8604E-06    6.6612E+00   -6.6343E+00    2.4420E+01    2.2800E-04
3.9151E+01  3.1364E-03 2.5780E+02    4.6805E-06    6.0636E-06    6.0409E+00   -6.0119E+00    2.2654E+01    2.2800E-04
3.8179E+01  3.5616E-03 2.5512E+02    4.5887E-06    6.2339E-06    5.5013E+00   -5.4488E+00    2.0907E+01    2.2800E-04
3.7227E+01  4.0393E-03 2.5236E+02    4.4937E-06    6.3726E-06    5.0322E+00   -4.9482E+00    1.9212E+01    2.2800E-04
3.6295E+01  4.5753E-03 2.4954E+02    4.3908E-06    6.4909E-06    4.6240E+00   -4.5084E+00    1.7584E+01    2.2800E-04
3.5384E+01  5.1759E-03 2.4666E+02    4.2900E-06    6.5900E-06    4.2623E+00   -4.1198E+00    1.6032E+01    2.2800E-04
3.4492E+01  5.8480E-03 2.4375E+02    4.1834E-06    6.6787E-06    3.9366E+00   -3.7747E+00    1.4566E+01    2.2800E-04
3.3621E+01  6.5990E-03 2.4083E+02    4.0792E-06    6.7353E-06    3.6306E+00   -3.4576E+00    1.3197E+01    2.2800E-04
3.2769E+01  7.4370E-03 2.3794E+02    3.9775E-06    6.7600E-06    3.3405E+00   -3.1570E+00    1.1936E+01    2.2800E-04
3.1936E+01  8.3710E-03 2.3511E+02    3.8695E-06    6.7427E-06    3.0618E+00   -2.8657E+00    1.0793E+01    2.2800E-04
3.1122E+01  9.4104E-03 2.3240E+02    3.7711E-06    6.6563E-06    2.7888E+00   -2.5853E+00    9.7756E+00    2.2800E-04
3.0326E+01  1.0565E-02 2.2986E+02    3.6757E-06    6.5119E-06    2.5268E+00   -2.3469E+00    8.8860E+00    2.2800E-04
2.9547E+01  1.1847E-02 2.2751E+02    3.5734E-06    6.2923E-06    2.2752E+00   -2.0667E+00    8.1191E+00    2.2800E-04
2.8785E+01  1.3268E-02 2.2536E+02    3.4827E-06    6.0143E-06    2.0403E+00   -1.8055E+00    7.4616E+00    2.2800E-04
2.8038E+01  1.4841E-02 2.2339E+02    3.3938E-06    5.6844E-06    1.8247E+00   -1.5670E+00    6.8971E+00    2.2800E-04
2.7306E+01  1.6578E-02 2.2160E+02    3.3068E-06    5.3246E-06    1.6317E+00   -1.3543E+00    6.4091E+00    2.2800E-04
2.6588E+01  1.8496E-02 2.1994E+02    3.2260E-06    4.9244E-06    1.4579E+00   -1.1693E+00    5.9828E+00    2.2800E-04
2.5883E+01  2.0610E-02 2.1840E+02    3.1475E-06    4.5256E-06    1.3074E+00   -1.0114E+00    5.6060E+00    2.2800E-04
2.5192E+01  2.2937E-02 2.1695E+02    3.0652E-06    4.1272E-06    1.1761E+00   -8.7852E-01    5.2692E+00    2.2800E-04
2.4513E+01  2.5494E-02 2.1559E+02    2.9904E-06    3.7363E-06    1.0608E+00   -7.6764E-01    4.8564E+00    2.2800E-04
2.3847E+01  2.8300E-02 2.1430E+02    2.9153E-06    3.3640E-06    9.5905E-01   -6.7375E-01    4.4521E+00    2.2800E-04
2.3193E+01  3.1376E-02 2.1307E+02    2.8495E-06    3.0137E-06    8.6773E-01   -5.9278E-01    4.0957E+00    2.2800E-04
2.2550E+01  3.4742E-02 2.1191E+02    2.7808E-06    2.6861E-06    7.8408E-01   -5.2092E-01    3.7817E+00    2.2800E-04
2.1919E+01  3.8421E-02 2.1082E+02    2.7131E-06    2.3809E-06    7.0625E-01   -4.5658E-01    3.5057E+00    2.2800E-04
2.1299E+01  4.2435E-02 2.0981E+02    2.6516E-06    2.0970E-06    6.3331E-01   -3.9919E-01    3.2649E+00    2.2800E-04
2.0690E+01  4.6811E-02 2.0888E+02    2.5910E-06    1.8427E-06    5.6608E-01   -3.4661E-01    3.0567E+00    2.2800E-04
2.0091E+01  5.1572E-02 2.0804E+02    2.5315E-06    1.6074E-06    5.0331E-01   -2.9886E-01    2.8786E+00    2.2800E-04
1.9503E+01  5.6746E-02 2.0729E+02    2.4730E-06    1.3959E-06    4.4596E-01   -2.5420E-01    2.7282E+00    2.2800E-04
1.8924E+01  6.2361E-02 2.0665E+02    2.4224E-06    1.2003E-06    3.9349E-01   -2.1347E-01    2.6030E+00    2.2800E-04
1.8355E+01  6.8444E-02 2.0609E+02    2.3688E-06    1.0244E-06    3.4676E-01   -1.7554E-01    2.5003E+00    2.2800E-04
1.7795E+01  7.5027E-02 2.0563E+02    2.3225E-06    8.6728E-07    3.0599E-01   -1.4173E-01    2.4175E+00    2.2800E-04
1.7243E+01  8.2138E-02 2.0526E+02    2.2886E-06    7.2776E-07    2.7094E-01   -1.1396E-01    2.3521E+00    2.2800E-04
1.6701E+01  8.9811E-02 2.0497E+02    2.2466E-06    6.0301E-07    2.4085E-01   -9.3518E-02    2.3023E+00    2.2800E-04
1.6167E+01  9.8077E-02 2.0476E+02    2.2146E-06    4.9306E-07    2.1537E-01   -8.1606E-02    2.2665E+00    2.2800E-04
1.5641E+01  1.0697E-01 2.0462E+02    2.1855E-06    3.9844E-07    1.9310E-01   -4.1465E-02    2.2425E+00    2.2800E-04
1.5123E+01  1.1652E-01 2.0454E+02    2.1648E-06    3.1930E-07    1.7452E-01   -3.7862E-02    2.2294E+00    2.2800E-04
1.4613E+01  1.2676E-01 2.0453E+02    2.1473E-06    2.5433E-07    1.5933E-01   -3.7671E-02    2.2286E+00    2.2800E-04
1.4110E+01  1.3773E-01 2.0462E+02    2.1345E-06    2.0052E-07    1.4676E-01   -4.0162E-02    2.2420E+00    2.2800E-04
1.3615E+01  1.4946E-01 2.0480E+02    2.1174E-06    1.5572E-07    1.3626E-01   -4.3806E-02    2.2727E+00    2.2800E-04
1.3127E+01  1.6199E-01 2.0509E+02    2.1100E-06    1.2132E-07    1.2804E-01   -4.5185E-02    2.3219E+00    2.2800E-04
1.2646E+01  1.7534E-01 2.0549E+02    2.1254E-06    9.8500E-08    1.2238E-01   -4.2973E-02    2.3912E+00    2.2800E-04
1.2172E+01  1.8956E-01 2.0596E+02    2.5405E-06    8.3298E-08    1.2060E-01   -4.6965E-02    2.4760E+00    2.2800E-04
1.1704E+01  2.0467E-01 2.0650E+02    2.8622E-06    7.1323E-08    1.1972E-01   -1.8148E-02    2.5749E+00    2.2800E-04
1.1243E+01  2.2071E-01 2.0705E+02    3.2644E-06    6.2354E-08    1.1877E-01   -3.6350E-02    2.6809E+00    2.2800E-04
1.0787E+01  2.3770E-01 2.0908E+02    4.3766E-06    5.7209E-08    1.2286E-01   -6.9388E-02    3.1011E+00    2.2800E-04
1.0335E+01  2.5568E-01 2.1044E+02    5.3270E-06    5.3851E-08    1.2714E-01   -1.0713E-01    3.4142E+00    2.2800E-04
9.8853E+00  2.7467E-01 2.1395E+02    8.6439E-06    5.1201E-08    1.4391E-01   -3.7818E-01    4.3495E+00    2.2800E-04
9.4357E+00  2.9470E-01 2.1834E+02    1.5457E-05    4.8863E-08    1.7558E-01   -7.6264E-01    5.5912E+00    2.2800E-04
8.9852E+00  3.1579E-01 2.2271E+02    2.6952E-05    4.6606E-08    2.1973E-01   -1.1632E+00    6.7071E+00    2.2800E-04
8.5343E+00  3.3797E-01 2.2704E+02    4.5803E-05    4.4348E-08    2.7563E-01   -1.5507E+00    7.9725E+00    2.2800E-04
8.0834E+00  3.6125E-01 2.3132E+02    7.5815E-05    4.2124E-08    3.4039E-01   -1.8855E+00    9.3893E+00    2.2800E-04
7.6329E+00  3.8565E-01 2.3552E+02    1.2212E-04    3.9938E-08    4.0861E-01   -2.1272E+00    1.0954E+01    2.2800E-04
7.1833E+00  4.1117E-01 2.3962E+02    1.9127E-04    3.7717E-08    4.7995E-01   -2.2870E+00    1.2658E+01    2.2800E-04
6.7351E+00  4.3783E-01 2.4359E+02    2.9105E-04    3.5658E-08    5.5733E-01   -2.3811E+00    1.4486E+01    2.2800E-04
6.2888E+00  4.6563E-01 2.4739E+02    4.3011E-04    3.3598E-08    6.3220E-01   -2.4015E+00    1.6418E+01    2.2800E-04
5.8451E+00  4.9458E-01 2.5103E+02    6.1743E-04    3.1548E-08    6.9051E-01   -2.3872E+00    1.8430E+01    2.2800E-04
5.4046E+00  5.2466E-01 2.5447E+02    8.6166E-04    2.9513E-08    7.3036E-01   -2.3615E+00    2.0500E+01    2.2800E-04
4.9677E+00  5.5587E-01 2.5773E+02    1.1707E-03    2.7554E-08    7.5995E-01   -2.3313E+00    2.2605E+01    2.2800E-04
4.5351E+00  5.8820E-01 2.6079E+02    1.5512E-03    2.5692E-08    7.8384E-01   -2.2712E+00    2.4727E+01    2.2800E-04
4.1073E+00  6.2162E-01 2.6367E+02    2.0088E-03    2.3925E-08    8.0009E-01   -2.2005E+00    2.6850E+01    2.2800E-04
3.6848E+00  6.5611E-01 2.6637E+02    2.5480E-03    2.2254E-08    8.0639E-01   -2.1219E+00    2.8964E+01    2.2800E-04
3.2680E+00  6.9164E-01 2.6891E+02    3.1721E-03    2.0675E-08    8.0428E-01   -2.0022E+00    3.1060E+01    2.2800E-04
2.8575E+00  7.2818E-01 2.7130E+02    3.8836E-03    1.9181E-08    7.9739E-01   -1.8414E+00    3.3132E+01    2.2800E-04
2.4534E+00  7.6568E-01 2.7362E+02    4.7208E-03    1.7901E-08    7.9088E-01   -1.7076E+00    3.5240E+01    2.2800E-04
2.0559E+00  8.0410E-01 2.7598E+02    5.6459E-03    1.6747E-08    7.7771E-01   -1.6067E+00    3.7489E+01    2.2800E-04
1.6654E+00  8.4338E-01 2.7823E+02    6.5391E-03    1.5711E-08    7.5245E-01   -1.5269E+00    3.9727E+01    2.2800E-04
1.2821E+00  8.8347E-01 2.8038E+02    7.6859E-03    1.4870E-08    7.4139E-01   -1.5557E+00    4.1959E+01    2.2800E-04
9.0632E-01  9.2430E-01 2.8242E+02    8.7772E-03    1.4176E-08    7.2622E-01   -1.6307E+00    4.4166E+01    2.2800E-04
5.3828E-01  9.6580E-01 2.8438E+02    1.0050E-02    1.3600E-08    7.2769E-01   -1.8588E+00    4.6366E+01    2.2800E-04
1.7827E-01  1.0079E+00 2.8624E+02    1.1386E-02    1.3103E-08    7.4423E-01   -2.1005E+00    4.8529E+01    2.2800E-04
0.0000E+00  1.0293E+00 2.8717E+02    1.2057E-02    1.3200E-08    7.8664E+00   -3.4644E+00    4.9644E+01    2.2800E-04
