     ALT          P          T          FH2O           O3           THEAT        TCOOL        PSATCO2        FCO2
7.3799E+01  3.2610E-05 2.2763E+02    5.4410E-06    1.7102E-07    3.7914E+01   -8.0207E+01    8.1569E+00    2.2500E-04
7.2656E+01  3.8506E-05 2.2906E+02    5.6349E-06    2.1795E-07    5.6935E+00   -5.0914E+01    8.6197E+00    2.2500E-04
7.1515E+01  4.5410E-05 2.3056E+02    5.8027E-06    2.6954E-07    3.3039E+00   -3.1697E+01    9.1253E+00    2.2500E-04
7.0375E+01  5.3485E-05 2.3214E+02    5.9523E-06    3.2205E-07    3.3233E+00   -1.9832E+01    9.6803E+00    2.2500E-04
6.9237E+01  6.2917E-05 2.3379E+02    6.0815E-06    3.7660E-07    3.5663E+00   -1.3051E+01    1.0285E+01    2.2500E-04
6.8100E+01  7.3919E-05 2.3548E+02    6.2049E-06    4.3390E-07    3.8378E+00   -9.4320E+00    1.0939E+01    2.2500E-04
6.6964E+01  8.6735E-05 2.3722E+02    6.3085E-06    4.9635E-07    4.1357E+00   -7.6236E+00    1.1640E+01    2.2500E-04
6.5829E+01  1.0165E-04 2.3899E+02    6.4036E-06    5.6680E-07    4.4742E+00   -6.8028E+00    1.2384E+01    2.2500E-04
6.4695E+01  1.1897E-04 2.4076E+02    6.4844E-06    6.4495E-07    4.8630E+00   -6.5067E+00    1.3168E+01    2.2500E-04
6.3562E+01  1.3907E-04 2.4254E+02    6.5612E-06    7.3075E-07    5.2868E+00   -6.4756E+00    1.3989E+01    2.2500E-04
6.2431E+01  1.6236E-04 2.4432E+02    6.6291E-06    8.2582E-07    5.7476E+00   -6.5738E+00    1.4843E+01    2.2500E-04
6.1300E+01  1.8931E-04 2.4608E+02    6.6870E-06    9.3102E-07    6.2428E+00   -6.7393E+00    1.5729E+01    2.2500E-04
6.0172E+01  2.2046E-04 2.4782E+02    6.7431E-06    1.0476E-06    6.7680E+00   -6.9468E+00    1.6644E+01    2.2500E-04
5.9045E+01  2.5641E-04 2.4954E+02    6.7882E-06    1.1742E-06    7.3034E+00   -7.1789E+00    1.7587E+01    2.2500E-04
5.7921E+01  2.9785E-04 2.5125E+02    6.8266E-06    1.3092E-06    7.8328E+00   -7.4098E+00    1.8559E+01    2.2500E-04
5.6799E+01  3.4555E-04 2.5294E+02    6.8590E-06    1.4630E-06    8.3795E+00   -7.6537E+00    1.9558E+01    2.2500E-04
5.5679E+01  4.0038E-04 2.5461E+02    6.8914E-06    1.6311E-06    8.9087E+00   -7.9128E+00    2.0587E+01    2.2500E-04
5.4562E+01  4.6333E-04 2.5627E+02    6.9238E-06    1.8233E-06    9.4276E+00   -8.1815E+00    2.1646E+01    2.2500E-04
5.3448E+01  5.3550E-04 2.5792E+02    6.9400E-06    2.0298E-06    9.8799E+00   -8.4428E+00    2.2736E+01    2.2500E-04
5.2337E+01  6.1814E-04 2.5956E+02    6.9583E-06    2.2705E-06    1.0297E+01   -8.7022E+00    2.3859E+01    2.2500E-04
5.1229E+01  7.1262E-04 2.6119E+02    6.9700E-06    2.5254E-06    1.0593E+01   -8.9444E+00    2.5015E+01    2.2500E-04
5.0124E+01  8.2052E-04 2.6281E+02    6.9725E-06    2.8122E-06    1.0790E+01   -9.1963E+00    2.6206E+01    2.2500E-04
4.9023E+01  9.4355E-04 2.6446E+02    6.9755E-06    3.1128E-06    1.0823E+01   -9.4849E+00    2.7460E+01    2.2500E-04
4.7925E+01  1.0837E-03 2.6608E+02    6.9700E-06    3.4267E-06    1.0695E+01   -9.7910E+00    2.8733E+01    2.2500E-04
4.6832E+01  1.2430E-03 2.6729E+02    6.9516E-06    3.7632E-06    1.0426E+01   -9.9157E+00    2.9711E+01    2.2500E-04
4.5746E+01  1.4240E-03 2.6781E+02    6.9298E-06    4.1214E-06    1.0016E+01   -9.7485E+00    3.0141E+01    2.2500E-04
4.4670E+01  1.6293E-03 2.6759E+02    6.8968E-06    4.4885E-06    9.4686E+00   -9.3259E+00    2.9960E+01    2.2500E-04
4.3606E+01  1.8619E-03 2.6668E+02    6.8513E-06    4.8484E-06    8.8118E+00   -8.7339E+00    2.9217E+01    2.2500E-04
4.2558E+01  2.1249E-03 2.6519E+02    6.7984E-06    5.1773E-06    8.0869E+00   -8.0608E+00    2.8030E+01    2.2500E-04
4.1526E+01  2.4221E-03 2.6326E+02    6.7365E-06    5.4723E-06    7.3601E+00   -7.3757E+00    2.6541E+01    2.2500E-04
4.0513E+01  2.7574E-03 2.6101E+02    6.6657E-06    5.7220E-06    6.6715E+00   -6.7166E+00    2.4885E+01    2.2500E-04
3.9519E+01  3.1351E-03 2.5856E+02    6.5914E-06    5.9315E-06    6.0512E+00   -6.1040E+00    2.3166E+01    2.2500E-04
3.8545E+01  3.5600E-03 2.5598E+02    6.5035E-06    6.0928E-06    5.5009E+00   -5.5451E+00    2.1455E+01    2.2500E-04
3.7590E+01  4.0375E-03 2.5332E+02    6.4139E-06    6.2292E-06    5.0269E+00   -5.0491E+00    1.9790E+01    2.2500E-04
3.6655E+01  4.5732E-03 2.5061E+02    6.3204E-06    6.3395E-06    4.6132E+00   -4.6158E+00    1.8191E+01    2.2500E-04
3.5740E+01  5.1734E-03 2.4786E+02    6.2287E-06    6.4309E-06    4.2476E+00   -4.2357E+00    1.6669E+01    2.2500E-04
3.4844E+01  5.8451E-03 2.4510E+02    6.1212E-06    6.4944E-06    3.9136E+00   -3.8992E+00    1.5234E+01    2.2500E-04
3.3968E+01  6.5957E-03 2.4235E+02    6.0260E-06    6.5356E-06    3.6052E+00   -3.5953E+00    1.3898E+01    2.2500E-04
3.3111E+01  7.4333E-03 2.3965E+02    5.9232E-06    6.5444E-06    3.3136E+00   -3.3102E+00    1.2672E+01    2.2500E-04
3.2273E+01  8.3667E-03 2.3704E+02    5.8131E-06    6.5013E-06    3.0315E+00   -3.0356E+00    1.1566E+01    2.2500E-04
3.1452E+01  9.4054E-03 2.3458E+02    5.7141E-06    6.4081E-06    2.7607E+00   -2.7732E+00    1.0586E+01    2.2500E-04
3.0649E+01  1.0560E-02 2.3229E+02    5.6177E-06    6.2554E-06    2.5003E+00   -2.5533E+00    9.7348E+00    2.2500E-04
2.9862E+01  1.1841E-02 2.3021E+02    5.5233E-06    6.0431E-06    2.2527E+00   -2.2921E+00    9.0063E+00    2.2500E-04
2.9091E+01  1.3261E-02 2.2835E+02    5.4207E-06    5.7752E-06    2.0213E+00   -2.0478E+00    8.3864E+00    2.2500E-04
2.8334E+01  1.4832E-02 2.2667E+02    5.3299E-06    5.4644E-06    1.8097E+00   -1.8248E+00    7.8576E+00    2.2500E-04
2.7591E+01  1.6569E-02 2.2516E+02    5.2408E-06    5.1221E-06    1.6197E+00   -1.6248E+00    7.4020E+00    2.2500E-04
2.6862E+01  1.8485E-02 2.2377E+02    5.1532E-06    4.7564E-06    1.4511E+00   -1.4484E+00    7.0034E+00    2.2500E-04
2.6145E+01  2.0598E-02 2.2249E+02    5.0672E-06    4.3814E-06    1.3035E+00   -1.2953E+00    6.6483E+00    2.2500E-04
2.5441E+01  2.2923E-02 2.2128E+02    4.9827E-06    4.0005E-06    1.1740E+00   -1.1638E+00    6.3258E+00    2.2500E-04
2.4749E+01  2.5478E-02 2.2012E+02    4.8998E-06    3.6389E-06    1.0621E+00   -1.0501E+00    6.0284E+00    2.2500E-04
2.4069E+01  2.8282E-02 2.1900E+02    4.8217E-06    3.2767E-06    9.6097E-01   -9.5129E-01    5.7510E+00    2.2500E-04
2.3400E+01  3.1356E-02 2.1791E+02    4.7479E-06    2.9426E-06    8.7099E-01   -8.6237E-01    5.4909E+00    2.2500E-04
2.2744E+01  3.4719E-02 2.1686E+02    4.6691E-06    2.6265E-06    7.8812E-01   -7.8081E-01    5.2468E+00    2.2500E-04
2.2098E+01  3.8396E-02 2.1583E+02    4.5947E-06    2.3305E-06    7.1079E-01   -7.0574E-01    4.9363E+00    2.2500E-04
2.1464E+01  4.2407E-02 2.1486E+02    4.5255E-06    2.0568E-06    6.3841E-01   -6.3666E-01    4.6238E+00    2.2500E-04
2.0840E+01  4.6779E-02 2.1394E+02    4.4507E-06    1.8043E-06    5.7075E-01   -5.7280E-01    4.3447E+00    2.2500E-04
2.0228E+01  5.1537E-02 2.1308E+02    4.3877E-06    1.5812E-06    5.0899E-01   -5.1305E-01    4.0990E+00    2.2500E-04
1.9625E+01  5.6707E-02 2.1230E+02    4.3249E-06    1.3680E-06    4.5098E-01   -4.5863E-01    3.8862E+00    2.2500E-04
1.9033E+01  6.2317E-02 2.1161E+02    4.2582E-06    1.1777E-06    3.9879E-01   -4.0695E-01    3.7047E+00    2.2500E-04
1.8451E+01  6.8396E-02 2.1101E+02    4.1999E-06    1.0050E-06    3.5233E-01   -3.5905E-01    3.5522E+00    2.2500E-04
1.7878E+01  7.4973E-02 2.1049E+02    4.1501E-06    8.5249E-07    3.1211E-01   -3.1506E-01    3.4258E+00    2.2500E-04
1.7314E+01  8.2079E-02 2.1005E+02    4.1051E-06    7.1610E-07    2.7743E-01   -2.7690E-01    3.3223E+00    2.2500E-04
1.6760E+01  8.9745E-02 2.0969E+02    4.0607E-06    5.9479E-07    2.4779E-01   -2.4634E-01    3.2386E+00    2.2500E-04
1.6214E+01  9.8004E-02 2.0940E+02    4.0270E-06    4.8690E-07    2.2258E-01   -2.2479E-01    3.1726E+00    2.2500E-04
1.5677E+01  1.0689E-01 2.0917E+02    3.9870E-06    3.9371E-07    2.0030E-01   -1.8019E-01    3.1214E+00    2.2500E-04
1.5148E+01  1.1643E-01 2.0900E+02    3.9659E-06    3.1542E-07    1.8163E-01   -1.6664E-01    3.0837E+00    2.2500E-04
1.4627E+01  1.2667E-01 2.0889E+02    3.9450E-06    2.5048E-07    1.6624E-01   -1.5790E-01    3.0605E+00    2.2500E-04
1.4114E+01  1.3763E-01 2.0886E+02    3.9245E-06    1.9733E-07    1.5356E-01   -1.5239E-01    3.0541E+00    2.2500E-04
1.3610E+01  1.4935E-01 2.0892E+02    3.9072E-06    1.5327E-07    1.4305E-01   -1.4909E-01    3.0672E+00    2.2500E-04
1.3112E+01  1.6186E-01 2.0909E+02    3.8972E-06    1.1954E-07    1.3478E-01   -1.4519E-01    3.1026E+00    2.2500E-04
1.2623E+01  1.7520E-01 2.0936E+02    3.8926E-06    9.7355E-08    1.2877E-01   -1.3800E-01    3.1624E+00    2.2500E-04
1.2140E+01  1.8941E-01 2.0974E+02    3.9518E-06    8.1915E-08    1.2481E-01   -1.3238E-01    3.2493E+00    2.2500E-04
1.1664E+01  2.0450E-01 2.1014E+02    4.6806E-06    7.0108E-08    1.2469E-01   -1.3620E-01    3.3431E+00    2.2500E-04
1.1195E+01  2.2053E-01 2.1071E+02    5.2394E-06    6.1458E-08    1.2457E-01   -1.2757E-01    3.4782E+00    2.2500E-04
1.0733E+01  2.3750E-01 2.1135E+02    6.0319E-06    5.6379E-08    1.2524E-01   -1.1349E-01    3.6371E+00    2.2500E-04
1.0277E+01  2.5547E-01 2.1228E+02    6.8608E-06    5.3277E-08    1.2816E-01   -8.1595E-02    3.8792E+00    2.2500E-04
9.8263E+00  2.7444E-01 2.1359E+02    8.2372E-06    5.0803E-08    1.3311E-01   -1.2916E-01    4.2426E+00    2.2500E-04
9.3791E+00  2.9445E-01 2.1681E+02    1.2696E-05    4.8533E-08    1.5187E-01   -4.0213E-01    5.2366E+00    2.2500E-04
8.9322E+00  3.1553E-01 2.2115E+02    2.2235E-05    4.6360E-08    1.8903E-01   -8.2045E-01    6.2928E+00    2.2500E-04
8.4849E+00  3.3768E-01 2.2547E+02    3.7980E-05    4.4211E-08    2.4026E-01   -1.2478E+00    7.4947E+00    2.2500E-04
8.0374E+00  3.6094E-01 2.2974E+02    6.3235E-05    4.2063E-08    3.0263E-01   -1.6391E+00    8.8458E+00    2.2500E-04
7.5904E+00  3.8531E-01 2.3394E+02    1.0254E-04    3.9918E-08    3.7077E-01   -1.9429E+00    1.0345E+01    2.2500E-04
7.1441E+00  4.1081E-01 2.3805E+02    1.6181E-04    3.7801E-08    4.4196E-01   -2.1489E+00    1.1986E+01    2.2500E-04
6.6992E+00  4.3745E-01 2.4205E+02    2.4826E-04    3.5759E-08    5.1871E-01   -2.2829E+00    1.3756E+01    2.2500E-04
6.2561E+00  4.6522E-01 2.4590E+02    3.7018E-04    3.3727E-08    5.9661E-01   -2.3345E+00    1.5637E+01    2.2500E-04
5.8154E+00  4.9414E-01 2.4958E+02    5.3638E-04    3.1779E-08    6.6185E-01   -2.3381E+00    1.7608E+01    2.2500E-04
5.3777E+00  5.2419E-01 2.5309E+02    7.5565E-04    2.9847E-08    7.0793E-01   -2.3174E+00    1.9646E+01    2.2500E-04
4.9436E+00  5.5537E-01 2.5640E+02    1.0362E-03    2.7931E-08    7.4096E-01   -2.2978E+00    2.1729E+01    2.2500E-04
4.5135E+00  5.8766E-01 2.5953E+02    1.3852E-03    2.6086E-08    7.6750E-01   -2.2524E+00    2.3837E+01    2.2500E-04
4.0882E+00  6.2105E-01 2.6247E+02    1.8087E-03    2.4300E-08    7.8735E-01   -2.1872E+00    2.5952E+01    2.2500E-04
3.6679E+00  6.5551E-01 2.6524E+02    2.3116E-03    2.2577E-08    7.9772E-01   -2.1185E+00    2.8063E+01    2.2500E-04
3.2533E+00  6.9100E-01 2.6783E+02    2.8975E-03    2.1012E-08    7.9887E-01   -2.0217E+00    3.0160E+01    2.2500E-04
2.8447E+00  7.2751E-01 2.7028E+02    3.5693E-03    1.9611E-08    7.9388E-01   -1.8691E+00    3.2235E+01    2.2500E-04
2.4425E+00  7.6497E-01 2.7258E+02    4.3286E-03    1.8300E-08    7.8579E-01   -1.7204E+00    3.4283E+01    2.2500E-04
2.0470E+00  8.0335E-01 2.7496E+02    5.2556E-03    1.7118E-08    7.8117E-01   -1.6310E+00    3.6508E+01    2.2500E-04
1.6583E+00  8.4259E-01 2.7724E+02    6.1507E-03    1.6092E-08    7.6033E-01   -1.5403E+00    3.8735E+01    2.2500E-04
1.2767E+00  8.8264E-01 2.7943E+02    7.1915E-03    1.5257E-08    7.4486E-01   -1.5353E+00    4.0966E+01    2.2500E-04
9.0253E-01  9.2343E-01 2.8150E+02    8.3001E-03    1.4498E-08    7.3218E-01   -1.6018E+00    4.3167E+01    2.2500E-04
5.3606E-01  9.6488E-01 2.8349E+02    9.4230E-03    1.3896E-08    7.2649E-01   -1.7925E+00    4.5354E+01    2.2500E-04
1.7754E-01  1.0069E+00 2.8537E+02    1.0780E-02    1.3401E-08    7.4623E-01   -2.0464E+00    4.7515E+01    2.2500E-04
0.0000E+00  1.0283E+00 2.8632E+02    1.1461E-02    1.3500E-08    7.9007E+00   -3.5322E+00    4.8626E+01    2.2500E-04
