     ALT          P          T          FH2O           O3           THEAT        TCOOL        PSATCO2        FCO2
7.2835E+01  3.2610E-05 2.2844E+02    3.4753E-06    1.9530E-07    3.8067E+01   -8.0530E+01    8.4163E+00    2.2600E-04
7.1687E+01  3.8507E-05 2.2988E+02    3.6014E-06    2.4828E-07    5.7898E+00   -5.0407E+01    8.8931E+00    2.2600E-04
7.0540E+01  4.5413E-05 2.3139E+02    3.7164E-06    3.0600E-07    3.4611E+00   -3.0759E+01    9.4126E+00    2.2600E-04
6.9395E+01  5.3490E-05 2.3297E+02    3.8131E-06    3.6542E-07    3.5225E+00   -1.8704E+01    9.9811E+00    2.2600E-04
6.8251E+01  6.2924E-05 2.3461E+02    3.9037E-06    4.2529E-07    3.7951E+00   -1.1856E+01    1.0599E+01    2.2600E-04
6.7109E+01  7.3929E-05 2.3631E+02    3.9825E-06    4.8754E-07    4.0926E+00   -8.2543E+00    1.1266E+01    2.2600E-04
6.5967E+01  8.6749E-05 2.3804E+02    4.0513E-06    5.5516E-07    4.4164E+00   -6.5076E+00    1.1978E+01    2.2600E-04
6.4827E+01  1.0166E-04 2.3979E+02    4.1200E-06    6.3004E-07    4.7767E+00   -5.7665E+00    1.2733E+01    2.2600E-04
6.3688E+01  1.1899E-04 2.4155E+02    4.1758E-06    7.1278E-07    5.1869E+00   -5.5659E+00    1.3527E+01    2.2600E-04
6.2550E+01  1.3910E-04 2.4332E+02    4.2215E-06    8.0387E-07    5.6333E+00   -5.6309E+00    1.4358E+01    2.2600E-04
6.1413E+01  1.6240E-04 2.4507E+02    4.2671E-06    9.0446E-07    6.1163E+00   -5.8363E+00    1.5221E+01    2.2600E-04
6.0278E+01  1.8937E-04 2.4682E+02    4.3028E-06    1.0167E-06    6.6349E+00   -6.1142E+00    1.6114E+01    2.2600E-04
5.9145E+01  2.2053E-04 2.4854E+02    4.3383E-06    1.1345E-06    7.1523E+00   -6.4390E+00    1.7035E+01    2.2600E-04
5.8013E+01  2.5650E-04 2.5025E+02    4.3669E-06    1.2609E-06    7.6728E+00   -6.7896E+00    1.7984E+01    2.2600E-04
5.6884E+01  2.9796E-04 2.5194E+02    4.3896E-06    1.4073E-06    8.2291E+00   -7.1457E+00    1.8960E+01    2.2600E-04
5.5758E+01  3.4568E-04 2.5361E+02    4.4122E-06    1.5673E-06    8.7790E+00   -7.5228E+00    1.9965E+01    2.2600E-04
5.4634E+01  4.0054E-04 2.5527E+02    4.4348E-06    1.7479E-06    9.3192E+00   -7.9132E+00    2.0998E+01    2.2600E-04
5.3512E+01  4.6353E-04 2.5691E+02    4.4473E-06    1.9355E-06    9.7835E+00   -8.2971E+00    2.2062E+01    2.2600E-04
5.2394E+01  5.3574E-04 2.5854E+02    4.4500E-06    2.1580E-06    1.0237E+01   -8.6782E+00    2.3158E+01    2.2600E-04
5.1279E+01  6.1843E-04 2.6017E+02    4.4500E-06    2.3940E-06    1.0583E+01   -9.0430E+00    2.4287E+01    2.2600E-04
5.0167E+01  7.1297E-04 2.6179E+02    4.4500E-06    2.6442E-06    1.0801E+01   -9.4038E+00    2.5451E+01    2.2600E-04
4.9058E+01  8.2094E-04 2.6343E+02    4.4431E-06    2.9185E-06    1.0908E+01   -9.7799E+00    2.6674E+01    2.2600E-04
4.7953E+01  9.4406E-04 2.6505E+02    4.4209E-06    3.2168E-06    1.0892E+01   -1.0090E+01    2.7918E+01    2.2600E-04
4.6852E+01  1.0843E-03 2.6632E+02    4.3976E-06    3.5510E-06    1.0781E+01   -1.0280E+01    2.8923E+01    2.2600E-04
4.5758E+01  1.2438E-03 2.6699E+02    4.3537E-06    3.9516E-06    1.0611E+01   -1.0251E+01    2.9466E+01    2.2600E-04
4.4673E+01  1.4249E-03 2.6697E+02    4.3103E-06    4.4095E-06    1.0327E+01   -9.9728E+00    2.9453E+01    2.2600E-04
4.3600E+01  1.6303E-03 2.6625E+02    4.2514E-06    4.9229E-06    9.9169E+00   -9.4819E+00    2.8865E+01    2.2600E-04
4.2541E+01  1.8631E-03 2.6483E+02    4.1786E-06    5.4637E-06    9.3690E+00   -8.8348E+00    2.7745E+01    2.2600E-04
4.1499E+01  2.1263E-03 2.6279E+02    4.0996E-06    5.9962E-06    8.7115E+00   -8.0930E+00    2.6191E+01    2.2600E-04
4.0477E+01  2.4238E-03 2.6024E+02    4.0097E-06    6.4981E-06    8.0101E+00   -7.3109E+00    2.4335E+01    2.2600E-04
3.9476E+01  2.7593E-03 2.5729E+02    3.9148E-06    6.9437E-06    7.3193E+00   -6.5310E+00    2.2314E+01    2.2600E-04
3.8496E+01  3.1373E-03 2.5407E+02    3.8201E-06    7.3326E-06    6.6837E+00   -5.7862E+00    2.0247E+01    2.2600E-04
3.7539E+01  3.5626E-03 2.5065E+02    3.7180E-06    7.6498E-06    6.1091E+00   -5.0953E+00    1.8215E+01    2.2600E-04
3.6605E+01  4.0405E-03 2.4712E+02    3.6159E-06    7.9201E-06    5.6029E+00   -4.4664E+00    1.6272E+01    2.2600E-04
3.5693E+01  4.5767E-03 2.4351E+02    3.5112E-06    8.1277E-06    5.1410E+00   -3.9108E+00    1.4448E+01    2.2600E-04
3.4805E+01  5.1776E-03 2.3986E+02    3.4091E-06    8.2676E-06    4.7094E+00   -3.4269E+00    1.2764E+01    2.2600E-04
3.3939E+01  5.8499E-03 2.3623E+02    3.3061E-06    8.3468E-06    4.3040E+00   -3.0072E+00    1.1236E+01    2.2600E-04
3.3095E+01  6.6012E-03 2.3268E+02    3.2026E-06    8.3409E-06    3.9150E+00   -2.6401E+00    9.8756E+00    2.2600E-04
3.2272E+01  7.4396E-03 2.2927E+02    3.1077E-06    8.2517E-06    3.5451E+00   -2.3166E+00    8.6888E+00    2.2600E-04
3.1470E+01  8.3740E-03 2.2607E+02    3.0152E-06    8.0764E-06    3.1952E+00   -2.0295E+00    7.6734E+00    2.2600E-04
3.0688E+01  9.4138E-03 2.2312E+02    2.9245E-06    7.7957E-06    2.8630E+00   -1.7761E+00    6.8214E+00    2.2600E-04
2.9923E+01  1.0569E-02 2.2048E+02    2.8359E-06    7.4509E-06    2.5578E+00   -1.5665E+00    6.1195E+00    2.2600E-04
2.9176E+01  1.1852E-02 2.1816E+02    2.7541E-06    7.0282E-06    2.2755E+00   -1.3394E+00    5.5482E+00    2.2600E-04
2.8444E+01  1.3273E-02 2.1613E+02    2.6736E-06    6.5697E-06    2.0218E+00   -1.1395E+00    5.0358E+00    2.2600E-04
2.7727E+01  1.4846E-02 2.1438E+02    2.5997E-06    6.0866E-06    1.7956E+00   -9.6772E-01    4.4786E+00    2.2600E-04
2.7024E+01  1.6585E-02 2.1287E+02    2.5244E-06    5.5849E-06    1.5946E+00   -8.2282E-01    4.0394E+00    2.2600E-04
2.6333E+01  1.8504E-02 2.1154E+02    2.4569E-06    5.0971E-06    1.4206E+00   -7.0333E-01    3.6871E+00    2.2600E-04
2.5655E+01  2.0619E-02 2.1038E+02    2.3863E-06    4.6156E-06    1.2687E+00   -6.0684E-01    3.3990E+00    2.2600E-04
2.4988E+01  2.2946E-02 2.0934E+02    2.3148E-06    4.1587E-06    1.1381E+00   -5.2983E-01    3.1589E+00    2.2600E-04
2.4332E+01  2.5505E-02 2.0840E+02    2.2504E-06    3.7426E-06    1.0270E+00   -4.6794E-01    2.9551E+00    2.2600E-04
2.3687E+01  2.8312E-02 2.0755E+02    2.1968E-06    3.3386E-06    9.2724E-01   -4.1887E-01    2.7793E+00    2.2600E-04
2.3052E+01  3.1390E-02 2.0677E+02    2.1341E-06    2.9727E-06    8.3909E-01   -3.7599E-01    2.6262E+00    2.2600E-04
2.2427E+01  3.4757E-02 2.0605E+02    2.0725E-06    2.6432E-06    7.5986E-01   -3.3667E-01    2.4915E+00    2.2600E-04
2.1813E+01  3.8438E-02 2.0538E+02    2.0215E-06    2.3387E-06    6.8611E-01   -3.0086E-01    2.3727E+00    2.2600E-04
2.1208E+01  4.2455E-02 2.0477E+02    1.9635E-06    2.0548E-06    6.1628E-01   -2.6752E-01    2.2681E+00    2.2600E-04
2.0612E+01  4.6832E-02 2.0422E+02    1.9128E-06    1.8057E-06    5.5211E-01   -2.3502E-01    2.1768E+00    2.2600E-04
2.0026E+01  5.1596E-02 2.0373E+02    1.8598E-06    1.5716E-06    4.9131E-01   -2.0473E-01    2.0982E+00    2.2600E-04
1.9449E+01  5.6773E-02 2.0330E+02    1.8140E-06    1.3675E-06    4.3618E-01   -1.7418E-01    2.0319E+00    2.2600E-04
1.8880E+01  6.2391E-02 2.0294E+02    1.7689E-06    1.1760E-06    3.8508E-01   -1.4540E-01    1.9773E+00    2.2600E-04
1.8321E+01  6.8478E-02 2.0264E+02    1.7244E-06    1.0039E-06    3.3934E-01   -1.1752E-01    1.9336E+00    2.2600E-04
1.7769E+01  7.5064E-02 2.0241E+02    1.6905E-06    8.5101E-07    2.9939E-01   -9.1517E-02    1.9001E+00    2.2600E-04
1.7226E+01  8.2179E-02 2.0224E+02    1.6487E-06    7.1495E-07    2.6482E-01   -6.8473E-02    1.8759E+00    2.2600E-04
1.6691E+01  8.9857E-02 2.0213E+02    1.6261E-06    5.9329E-07    2.3529E-01   -5.2113E-02    1.8601E+00    2.2600E-04
1.6164E+01  9.8127E-02 2.0208E+02    1.5964E-06    4.8540E-07    2.1017E-01   -4.1789E-02    1.8522E+00    2.2600E-04
1.5644E+01  1.0702E-01 2.0207E+02    1.5757E-06    3.9377E-07    1.8843E-01    3.9548E-04    1.8513E+00    2.2600E-04
1.5132E+01  1.1658E-01 2.0212E+02    1.5553E-06    3.1610E-07    1.7021E-01    3.0332E-03    1.8579E+00    2.2600E-04
1.4627E+01  1.2683E-01 2.0222E+02    1.5376E-06    2.5183E-07    1.5527E-01    2.3792E-03    1.8732E+00    2.2600E-04
1.4130E+01  1.3781E-01 2.0240E+02    1.5254E-06    1.9902E-07    1.4299E-01    1.5478E-04    1.8990E+00    2.2600E-04
1.3640E+01  1.4954E-01 2.0266E+02    1.5100E-06    1.5471E-07    1.3274E-01   -1.4014E-03    1.9358E+00    2.2600E-04
1.3157E+01  1.6208E-01 2.0302E+02    1.5133E-06    1.2148E-07    1.2498E-01   -2.5360E-03    1.9890E+00    2.2600E-04
1.2680E+01  1.7544E-01 2.0346E+02    1.7647E-06    9.8920E-08    1.2096E-01   -7.4182E-03    2.0563E+00    2.2600E-04
1.2210E+01  1.8966E-01 2.0401E+02    1.9818E-06    8.3500E-08    1.1866E-01    6.4565E-03    2.1435E+00    2.2600E-04
1.1746E+01  2.0478E-01 2.0461E+02    2.2756E-06    7.1709E-08    1.1672E-01    3.7812E-02    2.2408E+00    2.2600E-04
1.1288E+01  2.2083E-01 2.0578E+02    2.7112E-06    6.2726E-08    1.1714E-01   -1.8201E-02    2.4426E+00    2.2600E-04
1.0834E+01  2.3783E-01 2.0853E+02    4.0500E-06    5.7284E-08    1.2367E-01   -9.9890E-02    2.9826E+00    2.2600E-04
1.0381E+01  2.5582E-01 2.1066E+02    5.4832E-06    5.3796E-08    1.3181E-01   -2.1656E-01    3.4658E+00    2.2600E-04
9.9303E+00  2.7483E-01 2.1507E+02    1.0028E-05    5.1088E-08    1.5611E-01   -5.7617E-01    4.6907E+00    2.2600E-04
9.4780E+00  2.9487E-01 2.1947E+02    1.7868E-05    4.8704E-08    1.9215E-01   -9.5718E-01    5.8671E+00    2.2600E-04
9.0249E+00  3.1598E-01 2.2386E+02    3.1036E-05    4.6432E-08    2.3955E-01   -1.3429E+00    7.0276E+00    2.2600E-04
8.5714E+00  3.3817E-01 2.2820E+02    5.2526E-05    4.4160E-08    2.9795E-01   -1.7076E+00    8.3403E+00    2.2600E-04
8.1178E+00  3.6147E-01 2.3249E+02    8.6540E-05    4.1913E-08    3.6406E-01   -2.0136E+00    9.8058E+00    2.2600E-04
7.6647E+00  3.8588E-01 2.3668E+02    1.3867E-04    3.9737E-08    4.3270E-01   -2.2250E+00    1.1419E+01    2.2600E-04
7.2125E+00  4.1142E-01 2.4077E+02    2.1591E-04    3.7573E-08    5.0533E-01   -2.3647E+00    1.3168E+01    2.2600E-04
6.7619E+00  4.3810E-01 2.4471E+02    3.2642E-04    3.5496E-08    5.8352E-01   -2.4356E+00    1.5037E+01    2.2600E-04
6.3133E+00  4.6592E-01 2.4848E+02    4.7907E-04    3.3422E-08    6.5557E-01   -2.4409E+00    1.7002E+01    2.2600E-04
5.8673E+00  4.9488E-01 2.5207E+02    6.8285E-04    3.1360E-08    7.0883E-01   -2.4164E+00    1.9042E+01    2.2600E-04
5.4246E+00  5.2499E-01 2.5547E+02    9.4625E-04    2.9380E-08    7.4499E-01   -2.3902E+00    2.1131E+01    2.2600E-04
4.9858E+00  5.5622E-01 2.5868E+02    1.2768E-03    2.7443E-08    7.7265E-01   -2.3506E+00    2.3249E+01    2.2600E-04
4.5513E+00  5.8856E-01 2.6169E+02    1.6810E-03    2.5568E-08    7.9461E-01   -2.2823E+00    2.5379E+01    2.2600E-04
4.1217E+00  6.2201E-01 2.6452E+02    2.1641E-03    2.3790E-08    8.0811E-01   -2.2088E+00    2.7506E+01    2.2600E-04
3.6975E+00  6.5652E-01 2.6718E+02    2.7302E-03    2.2110E-08    8.1159E-01   -2.1208E+00    2.9620E+01    2.2600E-04
3.2792E+00  6.9208E-01 2.6967E+02    3.3823E-03    2.0520E-08    8.0739E-01   -1.9825E+00    3.1714E+01    2.2600E-04
2.8671E+00  7.2864E-01 2.7202E+02    4.1229E-03    1.9096E-08    7.9921E-01   -1.8222E+00    3.3783E+01    2.2600E-04
2.4616E+00  7.6617E-01 2.7439E+02    5.0160E-03    1.7828E-08    7.9334E-01   -1.7028E+00    3.5960E+01    2.2600E-04
2.0627E+00  8.0462E-01 2.7672E+02    5.9283E-03    1.6668E-08    7.7439E-01   -1.5943E+00    3.8211E+01    2.2600E-04
1.6709E+00  8.4393E-01 2.7895E+02    6.9165E-03    1.5625E-08    7.5334E-01   -1.5432E+00    4.0466E+01    2.2600E-04
1.2862E+00  8.8405E-01 2.8107E+02    8.0478E-03    1.4780E-08    7.3765E-01   -1.5707E+00    4.2698E+01    2.2600E-04
9.0919E-01  9.2490E-01 2.8309E+02    9.1277E-03    1.4082E-08    7.2093E-01   -1.6527E+00    4.4911E+01    2.2600E-04
5.3997E-01  9.6643E-01 2.8503E+02    1.0505E-02    1.3545E-08    7.2748E-01   -1.9060E+00    4.7111E+01    2.2600E-04
1.7882E-01  1.0085E+00 2.8686E+02    1.1827E-02    1.3117E-08    7.4235E-01   -2.1398E+00    4.9278E+01    2.2600E-04
0.0000E+00  1.0300E+00 2.8779E+02    1.2492E-02    1.3200E-08    7.8383E+00   -3.4143E+00    5.0397E+01    2.2600E-04
