   228.415684421582        0.444505184521266E-05
   229.857651969177        0.460202008159250E-05
   231.367144606231        0.474298000393366E-05
   232.952177847390        0.486748699659247E-05
   234.604011378267        0.497943428122688E-05
   236.308716198321        0.507079678731408E-05
   238.051675009019        0.516210105658000E-05
   239.818948989687        0.524249329990000E-05
   241.597911610209        0.531082155886614E-05
   243.377794754513        0.536909233531695E-05
   245.150123459546        0.542729597316384E-05
   246.908924320486        0.547359680438543E-05
   248.650660137297        0.551892512086445E-05
   250.373917721678        0.555418160988241E-05
   252.078926038564        0.558967902835660E-05
   253.767005866620        0.562221574569927E-05
   255.440050612385        0.564470230450084E-05
   257.100113939734        0.566000000000000E-05
   258.749141528951        0.567951170768206E-05
   260.388843588595        0.568999999999999E-05
   262.020673790581        0.568999999999999E-05
   263.645866724972        0.568999999999999E-05
   265.337422170888        0.568999999999999E-05
   266.861783869510        0.567958791895614E-05
   267.869500647552        0.565765275442444E-05
   268.189136934681        0.562587629862652E-05
   267.801110213233        0.558862616080310E-05
   266.765183013346        0.553604182313554E-05
   265.185600894573        0.547612280951953E-05
   263.187970073431        0.541423270133575E-05
   260.897245877225        0.533460638402146E-05
   258.416496712824        0.525511718495879E-05
   255.816833944235        0.516720242648987E-05
   253.139450206336        0.507358619621363E-05
   250.406328866137        0.498017083678344E-05
   247.632623723432        0.487875395676797E-05
   244.837652435714        0.477719331240681E-05
   242.049241020025        0.467227104375093E-05
   239.303377182387        0.456954261191422E-05
   236.641146935553        0.446914542061259E-05
   234.105661188282        0.436120345728982E-05
   231.742144185849        0.426484962081112E-05
   229.575678432668        0.417081977127572E-05
   227.606343920916        0.407170002472255E-05
   225.816820371478        0.397828898919514E-05
   224.180087904269        0.388963970542109E-05
   222.665725467257        0.380273274767951E-05
   221.244550067225        0.372277288310611E-05
   219.892010464662        0.364359952722626E-05
   218.590340540365        0.356123645939661E-05
   217.329057520529        0.348704361754284E-05
   216.104064684505        0.341119906847988E-05
   214.917301341862        0.333600629876794E-05
   213.775391462252        0.326665034812167E-05
   212.688242787321        0.319964099964290E-05
   211.667547045121        0.313781082310843E-05
   210.725570501812        0.306768777281975E-05
   209.872578105757        0.300827974631103E-05
   209.114854980864        0.294991248638421E-05
   208.453904588889        0.290004924798860E-05
   207.887209378539        0.285491936912685E-05
   207.409817861682        0.281052895344018E-05
   207.016679276806        0.276760946599361E-05
   206.703878807116        0.273534128497335E-05
   206.463355056491        0.270572788120209E-05
   206.293706113045        0.268488701482345E-05
   206.202748468734        0.266436785713041E-05
   206.202253682809        0.264708469239685E-05
   206.305190725921        0.263425866071030E-05
   206.523069522194        0.262000000000000E-05
   206.867517884511        0.263157388676431E-05
   207.255200189594        0.308217238124086E-05
   207.803941596310        0.345730011527674E-05
   208.424616122508        0.398407843059285E-05
   209.306574576019        0.452013441503283E-05
   211.050341522607        0.579650510262422E-05
   213.269467303423        0.789022665278202E-05
   217.644140101011        0.141408136334378E-04
   222.003219561384        0.247123105074693E-04
   226.330506475267        0.420974336177580E-04
   230.606891671882        0.698670111590383E-04
   234.810403566876        0.112893773392435E-03
   238.914969186836        0.177436092984448E-03
   242.893858482290        0.271041381222374E-03
   246.722288183315        0.402207681765255E-03
   250.380036604304        0.579850874883272E-03
   253.853371595120        0.812702324315719E-03
   257.135781293240        0.110878641118989E-02
   260.227473220536        0.147507986144879E-02
   263.134017050823        0.191737156725675E-02
   265.864648653448        0.244027450978104E-02
   268.430656194257        0.304731568818391E-02
   270.844082436781        0.374104010294277E-02
   273.137483020474        0.453078338020786E-02
   275.522849324170        0.547064873636852E-02
   277.783615665939        0.635783459371145E-02
   279.952024429940        0.746355559335308E-02
   282.007354317728        0.856254879813207E-02
   283.978312739590        0.976920464136510E-02
   285.849436264680        0.111145218088216E-01
   286.787940259641        0.117899488354082E-01
