   227.613902324042        0.546134040615122E-05
   229.046094145652        0.565511996769147E-05
   230.546880798208        0.582294136021338E-05
   232.124408709600        0.597500436319291E-05
   233.769879578110        0.611136148546799E-05
   235.469305630474        0.622502811762842E-05
   237.208051591387        0.633290572515580E-05
   238.972181616654        0.642372019844392E-05
   240.749062125567        0.651333297301484E-05
   242.527882730139        0.658129233014325E-05
   244.300075603091        0.664918400047763E-05
   246.059519046592        0.670799919024313E-05
   247.802477198073        0.676313346647261E-05
   249.527300677125        0.680819075636520E-05
   251.233961869140        0.685316834348754E-05
   252.923521929582        0.688805772888550E-05
   254.597625507506        0.692142214431224E-05
   256.258096679024        0.694376066508858E-05
   257.906673228313        0.696604283947634E-05
   259.544877594165        0.698000000000000E-05
   261.173993014137        0.699042385136545E-05
   262.795099979951        0.699999999999999E-05
   264.444471818063        0.700000000000000E-05
   266.064562588381        0.699350890079492E-05
   267.275048736529        0.698164911949478E-05
   267.799750961564        0.694992742753012E-05
   267.581579405584        0.691679854524542E-05
   266.673125750153        0.687425080327878E-05
   265.184145411584        0.682230897238849E-05
   263.248955972465        0.676208235018022E-05
   261.000098786597        0.669102890610283E-05
   258.547570506145        0.661150828238649E-05
   255.969223968579        0.652943478749605E-05
   253.311534989449        0.644397353674060E-05
   250.600021130486        0.635049990535642E-05
   247.852005405135        0.624901528051968E-05
   245.088152411085        0.615131919020146E-05
   242.337625597484        0.604615975413609E-05
   239.637696751344        0.594332888824761E-05
   237.031151629749        0.584276399839975E-05
   234.562581207654        0.574424709671666E-05
   232.277662665292        0.564788250991717E-05
   230.201265271171        0.554568353463136E-05
   228.333302029137        0.545087017565767E-05
   226.656444170872        0.536008773338044E-05
   225.142929040054        0.527092574574406E-05
   223.760661899954        0.518340448000894E-05
   222.478193029066        0.509741190757616E-05
   221.268523131278        0.501288689302958E-05
   220.110783149778        0.492993181892599E-05
   218.991520120346        0.484823827941773E-05
   217.904050864575        0.476804398491811E-05
   216.847694645328        0.469930314740363E-05
   215.826994873383        0.462177204271523E-05
   214.850680268149        0.455138266665531E-05
   213.930129309444        0.448087690951459E-05
   213.077013432030        0.441739690251253E-05
   212.301837627948        0.434756182587490E-05
   211.611976837638        0.428832489020758E-05
   211.010313837822        0.423008664138051E-05
   210.495177196561        0.418025952826194E-05
   210.061774156274        0.412647232609277E-05
   209.704291566833        0.409062301566512E-05
   209.417276530870        0.404786534788748E-05
   209.191659186598        0.401562032419568E-05
   209.024429650233        0.398592492806065E-05
   208.922026528726        0.396509619830542E-05
   208.896158830804        0.394729719703679E-05
   208.959056477419        0.393720050849079E-05
   209.120914266986        0.392725582662827E-05
   209.388585244661        0.392253668971855E-05
   209.761644120342        0.398143837485290E-05
   210.226946874997        0.470726685842603E-05
   210.749503429416        0.526928838843131E-05
   211.285705960147        0.595629411293013E-05
   212.366876165254        0.694426787246389E-05
   213.637917117418        0.829578895331584E-05
   216.818978877475        0.127097397389953E-04
   221.161892168311        0.222591914232769E-04
   225.478325635126        0.380202049371878E-04
   229.749349556630        0.632990809672728E-04
   233.952662201128        0.102640237926949E-03
   238.063344910364        0.161955603680635E-03
   242.055422625757        0.248477453171474E-03
   245.904107697914        0.370480437122180E-03
   249.588292417532        0.536790520579146E-03
   253.092676742690        0.756187408050729E-03
   256.408973091128        0.103685893016768E-02
   259.535717788367        0.138601438280981E-02
   262.477102551072        0.180969542880352E-02
   265.241351097132        0.231275085209466E-02
   267.839094367694        0.289890692191845E-02
   270.282017694662        0.357086809841754E-02
   272.581873231372        0.433040355339745E-02
   274.967508303342        0.525740426273066E-02
   277.247910360589        0.615244560233813E-02
   279.436124354244        0.719376361429564E-02
   281.508887559448        0.830230847761688E-02
   283.490222474217        0.942588473304689E-02
   285.377618804445        0.107832240864839E-01
   286.322266221496        0.114632536070033E-01
