   227.749849324968        0.528985466005144E-05
   229.183696798005        0.547394363283852E-05
   230.685992010361        0.564202177402105E-05
   232.264862847334        0.578431373111130E-05
   233.911515425943        0.591087300438806E-05
   235.611963463238        0.602461928869174E-05
   237.351565903081        0.613264366439120E-05
   239.116378499019        0.622352362180178E-05
   240.893762819591        0.630323496053181E-05
   242.672912160703        0.637124230437481E-05
   244.445273868594        0.643918204917795E-05
   246.204753576817        0.649802997038927E-05
   247.947653387732        0.655319560598860E-05
   249.672369277741        0.659828403329129E-05
   251.378922222015        0.663329260745842E-05
   253.068421059397        0.666910703609517E-05
   254.742553920221        0.670151473075968E-05
   256.403182192496        0.672386828145685E-05
   258.052074204741        0.674616540568992E-05
   259.690776589134        0.676000000000000E-05
   261.320591289434        0.677000000000001E-05
   262.942612784862        0.678000000000000E-05
   264.598787738738        0.677527867790292E-05
   266.204397601795        0.677000000000001E-05
   267.383420956457        0.675144092211304E-05
   267.876123908061        0.672941931796276E-05
   267.631987809526        0.669635032077953E-05
   266.705388394746        0.665068604140495E-05
   265.204948304677        0.659776381102109E-05
   263.263599425982        0.653114776389061E-05
   261.012655211507        0.646008761808552E-05
   258.561205942508        0.638056049183863E-05
   255.985919397124        0.629824053011244E-05
   253.331992310954        0.621276870416484E-05
   250.624224263812        0.611928320943184E-05
   247.880286447185        0.601778581120306E-05
   245.120481085395        0.591983728770467E-05
   242.373527575202        0.581465604881774E-05
   239.676692674071        0.571180264345852E-05
   237.072855943217        0.561123087998509E-05
   234.606563961835        0.551268483065388E-05
   232.323425278221        0.541629316035262E-05
   230.248158598176        0.531381704792112E-05
   228.380377213917        0.521924071191119E-05
   226.702540256047        0.512845044311917E-05
   225.186579442988        0.503926042178706E-05
   223.800245791014        0.495173432656884E-05
   222.512451113108        0.486571792615927E-05
   221.296403184668        0.478119077288637E-05
   220.131758206981        0.469822010161722E-05
   219.005062411530        0.461652756309281E-05
   217.909461381901        0.454362969818257E-05
   216.844153119001        0.446759547489084E-05
   215.813573685710        0.439007716388080E-05
   214.826341071316        0.431998765561511E-05
   213.893649503618        0.424922986576576E-05
   213.026880346279        0.418575901035186E-05
   212.236141693929        0.411622492289706E-05
   211.528431747358        0.405702047817638E-05
   210.906287218133        0.399882121409435E-05
   210.367764518557        0.394928387618455E-05
   209.908097519893        0.390424987178500E-05
   209.522089302026        0.385995797152109E-05
   209.205650233098        0.382723514970022E-05
   208.951039869652        0.379503412497290E-05
   208.756196066407        0.376556672211337E-05
   208.627887566186        0.374477242555454E-05
   208.578793300937        0.372430220991769E-05
   208.620585619287        0.370707624283874E-05
   208.781796223376        0.369715093058622E-05
   209.038641861033        0.369262177901232E-05
   209.396711584911        0.375291216938732E-05
   209.826559203149        0.445369598545027E-05
   210.398746401646        0.501322269689113E-05
   211.027426570054        0.576524631081002E-05
   212.108333458264        0.670393454254290E-05
   213.239114576462        0.786199825713687E-05
   216.838213378714        0.127413507439800E-04
   221.181361340480        0.223130334168853E-04
   225.498077596717        0.381099442615970E-04
   229.769400326788        0.634451225665665E-04
   233.972971021785        0.102871489486812E-03
   238.083797619371        0.162310381234770E-03
   242.075838981291        0.249002795814584E-03
   245.924282131097        0.371229988031157E-03
   249.608054347883        0.537822474693497E-03
   253.111924600094        0.757563345098149E-03
   256.427638147392        0.103863994143095E-02
   259.553767801731        0.138825954395492E-02
   262.494539160602        0.181246158724405E-02
   265.258203011078        0.231609339897828E-02
   267.855408569095        0.290288091453458E-02
   270.297850458474        0.357552906223339E-02
   272.597282188646        0.433580747044296E-02
   274.982541750054        0.526312604102771E-02
   277.262744216802        0.615807482271189E-02
   279.450800154100        0.720137388657375E-02
   281.523358101112        0.830979075756695E-02
   283.504709660493        0.943599666306934E-02
   285.391834690931        0.107931182796648E-01
   286.336482629933        0.114731359093949E-01
