   227.686960543440        0.538013971596919E-05
   229.120034049881        0.556413680582086E-05
   230.621599689512        0.573214123678296E-05
   232.199791987908        0.587437218058245E-05
   233.845820941653        0.601088448319710E-05
   235.545709194354        0.612459517877184E-05
   237.284829254842        0.623259529969023E-05
   239.049251342697        0.632344601524250E-05
   240.826348235051        0.640420428283960E-05
   242.605317833594        0.648114147723363E-05
   244.377603505483        0.654905990953543E-05
   246.137097939020        0.660689946428323E-05
   247.880082497830        0.665308646297344E-05
   249.604926998721        0.669816123306206E-05
   251.311623812113        0.674315626151880E-05
   253.001253615756        0.677806304774661E-05
   254.675479032280        0.681143340574375E-05
   256.336139799876        0.683378046942201E-05
   257.984986664862        0.685607116083606E-05
   259.623552261111        0.687000000000000E-05
   261.253127387164        0.688046907995202E-05
   262.874797660245        0.689000000000000E-05
   264.526955602446        0.689000000000000E-05
   266.141756425859        0.688000000000000E-05
   267.341148787880        0.686157103948662E-05
   267.855563789035        0.683984295306308E-05
   267.627681271548        0.680661943546125E-05
   266.711083751742        0.676406394353341E-05
   265.216733963472        0.670816891523442E-05
   263.278780756131        0.664627106119899E-05
   261.029161297113        0.657547557608325E-05
   258.577329319706        0.650109946239351E-05
   256.000521533475        0.641314016711878E-05
   253.344554804176        0.632344632427674E-05
   250.634437016307        0.622996414690021E-05
   247.887317435955        0.613816319032387E-05
   245.123834800717        0.603065830691710E-05
   242.373657669415        0.593548532734452E-05
   239.674542302777        0.583264076331544E-05
   237.068843758070        0.573206940714857E-05
   234.600490075399        0.562353625261957E-05
   232.315027597103        0.552715687280060E-05
   230.237596824182        0.543271928025303E-05
   228.368486367804        0.533679339651282E-05
   226.690157615583        0.523933195747108E-05
   225.174676308272        0.515015373375493E-05
   223.789977682328        0.506262668484170E-05
   222.504929054776        0.497661955129292E-05
   221.292573309249        0.489208971346051E-05
   220.132407940657        0.480927044419481E-05
   219.010927090381        0.473742602313617E-05
   217.921118124959        0.465723090036613E-05
   216.861958268760        0.457848141585869E-05
   215.837770538776        0.450413702078300E-05
   214.857147940747        0.443482394273144E-05
   213.931294587407        0.436006390546183E-05
   213.071726595736        0.429715416513736E-05
   212.288857142589        0.423425394456520E-05
   211.589920403766        0.416766267617926E-05
   210.977697806006        0.411556176511915E-05
   210.450335440163        0.406218097700300E-05
   210.003016131588        0.401469386211422E-05
   209.630381787845        0.397035972539841E-05
   209.327840945571        0.393752638532172E-05
   209.086324762523        0.390530040878028E-05
   208.903345553792        0.387572616074288E-05
   208.786173253230        0.385491310883581E-05
   208.748572020775        0.383721429497856E-05
   208.801417497027        0.382424794783059E-05
   208.956702184664        0.381000000000000E-05
   209.214344893563        0.381000000000000E-05
   209.585190714241        0.386247034313278E-05
   210.036008446243        0.458653080604974E-05
   210.575357665000        0.514180746690852E-05
   211.145830763266        0.584987163074735E-05
   212.236435573929        0.682209516706031E-05
   213.427321909038        0.806410000784087E-05
   216.811141110542        0.126967149691312E-04
   221.153965699128        0.222370174196419E-04
   225.470393801476        0.379837371783146E-04
   229.741502929558        0.632412214068567E-04
   233.944987383293        0.102551721334017E-03
   238.055912903125        0.161824949733474E-03
   242.048283041754        0.248291131217719E-03
   245.897293984890        0.370223458479610E-03
   249.581834933689        0.536447858778389E-03
   253.086607319035        0.755745982874274E-03
   256.403304476468        0.103630788140882E-02
   259.530446301366        0.138534540241114E-02
   262.472212301606        0.180890268550356E-02
   265.236818388798        0.231183065926132E-02
   267.834891353802        0.289785728433094E-02
   270.278114984737        0.356968822576021E-02
   272.578241600192        0.432909340699997E-02
   274.964121037036        0.525607092536204E-02
   277.244713923858        0.615118245584436E-02
   279.433094248751        0.719213528443449E-02
   281.506015993273        0.830075949679825E-02
   283.487450600823        0.942387876895011E-02
   285.374982651647        0.107813094345149E-01
   286.319698582052        0.114613851784403E-01
