   228.041539519332        0.496036373231227E-05
   229.478944033917        0.513282776919125E-05
   230.984434151562        0.528286739587006E-05
   232.566095250800        0.541770833298130E-05
   234.215159075930        0.554180506750410E-05
   235.917669173113        0.565257877930372E-05
   237.659002656322        0.574365171921531E-05
   239.425226158662        0.583466453287307E-05
   241.203713045099        0.590557449466516E-05
   242.983676093374        0.597819603953221E-05
   244.756594116260        0.604032463594218E-05
   246.516417958802        0.608885583729225E-05
   248.259508063120        0.614408180929424E-05
   249.984329304932        0.617923261332321E-05
   251.690978299467        0.621715328735885E-05
   253.380642053816        0.624964294691019E-05
   255.055085576007        0.628207997201751E-05
   256.716242932452        0.630446341545666E-05
   258.365949062957        0.631999999999999E-05
   260.005810084142        0.633905704657159E-05
   261.637179593368        0.634125856655298E-05
   263.261195080010        0.635000000000000E-05
   264.930444792178        0.634453714511263E-05
   266.509422432730        0.633254317310875E-05
   267.630177419179        0.632064781853714E-05
   268.062035186029        0.628889777943465E-05
   267.765587318081        0.625469992202012E-05
   266.799637924176        0.620818402344117E-05
   265.273548775358        0.615524509215882E-05
   263.317195982684        0.608777345899790E-05
   261.058240212241        0.601670136033052E-05
   258.603466093561        0.593716344588819E-05
   256.027541450256        0.585397990765066E-05
   253.373880520707        0.575849353510471E-05
   250.666576618444        0.566499300760679E-05
   247.922184804664        0.557217059316649E-05
   245.160486170534        0.546469794031260E-05
   242.410246864086        0.536949158400711E-05
   239.708511752958        0.526661677000960E-05
   237.097147288202        0.516538013733531E-05
   234.619814961273        0.505752053144323E-05
   232.322232681922        0.496111697476232E-05
   230.229817942755        0.486673076344816E-05
   228.342830430669        0.477411478293828E-05
   226.643706946190        0.467395920251105E-05
   225.104482767768        0.458421667015210E-05
   223.692689809105        0.449678223024307E-05
   222.376626237411        0.441079977524189E-05
   221.129167193869        0.433366571947524E-05
   219.929966550862        0.425348344598497E-05
   218.766077500660        0.417192450637393E-05
   217.631574747345        0.409189657250002E-05
   216.526583632920        0.402326114575339E-05
   215.456128005367        0.394591809351885E-05
   214.429073352645        0.387668472431741E-05
   213.456640132681        0.380547886815620E-05
   212.550166588465        0.374348556287105E-05
   211.719673874880        0.368342835110815E-05
   210.972095020914        0.362442296278644E-05
   210.310272400803        0.356643262186210E-05
   209.733014877396        0.350942204827496E-05
   209.236660891568        0.346269032251607E-05
   208.817373870603        0.342855010779194E-05
   208.471992173256        0.338632769367594E-05
   208.193117956277        0.335618115979549E-05
   207.979245507939        0.333514727195609E-05
   207.838407295501        0.331444484242444E-05
   207.784943700311        0.329406480423638E-05
   207.829447574268        0.327700193976626E-05
   208.006356299731        0.326711956508444E-05
   208.273782764447        0.326781488024275E-05
   208.634758919001        0.334157288056222E-05
   209.063623335224        0.399026699772997E-05
   209.669989120326        0.452119761643434E-05
   210.349175006484        0.525483025839801E-05
   211.685543497774        0.632681053452625E-05
   212.834890520946        0.744295246479221E-05
   217.071450041782        0.131324136397958E-04
   221.417776464702        0.229798680917974E-04
   225.736999477274        0.392167005630876E-04
   230.009828159305        0.652298918360439E-04
   234.213530157250        0.105661958680841E-03
   238.322760228140        0.166530996374820E-03
   242.311243145847        0.255167259351800E-03
   246.154150232939        0.379917026161749E-03
   249.830655741768        0.549640177998617E-03
   253.325976764267        0.773112079685710E-03
   256.632351065414        0.105847979859260E-02
   259.748805482847        0.141288907062875E-02
   262.679953150875        0.184231208562599E-02
   265.434334719134        0.235153378292559E-02
   268.022788446558        0.294422782347252E-02
   270.457111041114        0.362305761684444E-02
   272.749091806265        0.438975978621951E-02
   275.127600691090        0.531876079884993E-02
   277.402870104343        0.621171888359870E-02
   279.586403278927        0.727220195633918E-02
   281.654548835339        0.837818067471566E-02
   283.633800579127        0.952669303695045E-02
   285.516741072797        0.108806996626675E-01
   286.459902361025        0.115595886172305E-01
