     ALT          P          T          FH2O           O3           THEAT        TCOOL        PSATCO2        FCO2
6.6506E+01  3.2610E-05 1.8436E+02    1.0176E-05    1.0199E-07    3.5473E+01   -2.8897E+01    4.2054E-01    1.9600E-04
6.5585E+01  3.8507E-05 1.7642E+02    1.0380E-05    1.1937E-07    5.7402E+00   -1.3466E+01    1.9604E-01    1.9600E-04
6.4699E+01  4.5413E-05 1.7295E+02    1.0583E-05    1.3642E-07    2.5197E+00   -6.2642E+00    1.3730E-01    1.9600E-04
6.3829E+01  5.3490E-05 1.7317E+02    1.0700E-05    1.5452E-07    2.1744E+00   -3.4895E+00    1.4054E-01    1.9600E-04
6.2959E+01  6.2924E-05 1.7563E+02    1.0883E-05    1.7330E-07    2.1994E+00   -2.8512E+00    1.8096E-01    1.9600E-04
6.2081E+01  7.3929E-05 1.7913E+02    1.1000E-05    1.9409E-07    2.2735E+00   -2.9958E+00    2.5638E-01    1.9600E-04
6.1192E+01  8.6749E-05 1.8295E+02    1.1177E-05    2.1725E-07    2.3641E+00   -3.2833E+00    3.6901E-01    1.9600E-04
6.0292E+01  1.0166E-04 1.8669E+02    1.1272E-05    2.4131E-07    2.4593E+00   -3.4312E+00    5.1933E-01    1.9600E-04
5.9382E+01  1.1899E-04 1.9014E+02    1.1400E-05    2.6705E-07    2.5688E+00   -3.4418E+00    7.0393E-01    1.9600E-04
5.8464E+01  1.3910E-04 1.9324E+02    1.1500E-05    2.9541E-07    2.6917E+00   -3.3445E+00    9.1565E-01    1.9600E-04
5.7540E+01  1.6240E-04 1.9597E+02    1.1600E-05    3.2434E-07    2.8189E+00   -3.1985E+00    1.1457E+00    1.9600E-04
5.6612E+01  1.8936E-04 1.9835E+02    1.1700E-05    3.5481E-07    2.9536E+00   -3.0422E+00    1.3873E+00    1.9600E-04
5.5681E+01  2.2053E-04 2.0048E+02    1.1800E-05    3.8678E-07    3.0948E+00   -2.8899E+00    1.6381E+00    1.9600E-04
5.4748E+01  2.5650E-04 2.0242E+02    1.1806E-05    4.1913E-07    3.2367E+00   -2.7323E+00    1.9015E+00    1.9600E-04
5.3815E+01  2.9795E-04 2.0427E+02    1.1900E-05    4.5393E-07    3.3926E+00   -2.6244E+00    2.1858E+00    1.9600E-04
5.2881E+01  3.4568E-04 2.0610E+02    1.2000E-05    5.0091E-07    3.6024E+00   -2.5490E+00    2.5020E+00    1.9600E-04
5.1948E+01  4.0054E-04 2.0795E+02    1.2000E-05    5.5639E-07    3.8450E+00   -2.4935E+00    2.8609E+00    1.9600E-04
5.1014E+01  4.6352E-04 2.0985E+02    1.2100E-05    6.1680E-07    4.1000E+00   -2.4823E+00    3.2743E+00    1.9600E-04
5.0081E+01  5.3574E-04 2.1181E+02    1.2100E-05    6.8314E-07    4.3637E+00   -2.5024E+00    3.7570E+00    1.9600E-04
4.9146E+01  6.1842E-04 2.1387E+02    1.2183E-05    7.6417E-07    4.6715E+00   -2.5750E+00    4.3246E+00    1.9600E-04
4.8211E+01  7.1296E-04 2.1603E+02    1.2200E-05    8.7314E-07    5.0592E+00   -2.6889E+00    5.0018E+00    1.9600E-04
4.7276E+01  8.2092E-04 2.1822E+02    1.2200E-05    1.0021E-06    5.4771E+00   -2.8433E+00    5.5642E+00    1.9600E-04
4.6339E+01  9.4404E-04 2.2035E+02    1.2200E-05    1.1601E-06    5.9221E+00   -3.0316E+00    6.0875E+00    1.9600E-04
4.5403E+01  1.0843E-03 2.2244E+02    1.2200E-05    1.3351E-06    6.3339E+00   -3.2502E+00    6.6333E+00    1.9600E-04
4.4466E+01  1.2437E-03 2.2438E+02    1.2200E-05    1.5535E-06    6.7547E+00   -3.4762E+00    7.1764E+00    1.9600E-04
4.3531E+01  1.4249E-03 2.2606E+02    1.2200E-05    1.8047E-06    7.1134E+00   -3.6719E+00    7.6714E+00    1.9600E-04
4.2600E+01  1.6303E-03 2.2733E+02    1.2200E-05    2.1121E-06    7.4214E+00   -3.8049E+00    8.0634E+00    1.9600E-04
4.1672E+01  1.8630E-03 2.2806E+02    1.2200E-05    2.4566E-06    7.5880E+00   -3.8380E+00    8.2930E+00    1.9600E-04
4.0753E+01  2.1263E-03 2.2811E+02    1.2200E-05    2.8469E-06    7.5942E+00   -3.7539E+00    8.3104E+00    1.9600E-04
3.9843E+01  2.4237E-03 2.2744E+02    1.2149E-05    3.2397E-06    7.3648E+00   -3.5535E+00    8.0984E+00    1.9600E-04
3.8947E+01  2.7592E-03 2.2610E+02    1.2100E-05    3.6198E-06    6.9394E+00   -3.2723E+00    7.6843E+00    1.9600E-04
3.8066E+01  3.1372E-03 2.2423E+02    1.2035E-05    3.9596E-06    6.3798E+00   -2.9518E+00    7.1320E+00    1.9600E-04
3.7202E+01  3.5625E-03 2.2201E+02    1.1980E-05    4.2280E-06    5.7586E+00   -2.6308E+00    6.5192E+00    1.9600E-04
3.6355E+01  4.0404E-03 2.1966E+02    1.1900E-05    4.4280E-06    5.1579E+00   -2.3365E+00    5.9131E+00    1.9600E-04
3.5526E+01  4.5766E-03 2.1734E+02    1.1875E-05    4.5677E-06    4.6202E+00   -2.0875E+00    5.3571E+00    1.9600E-04
3.4714E+01  5.1774E-03 2.1515E+02    1.1800E-05    4.6578E-06    4.1549E+00   -1.8866E+00    4.7149E+00    1.9600E-04
3.3918E+01  5.8497E-03 2.1314E+02    1.1676E-05    4.7048E-06    3.7532E+00   -1.7306E+00    4.1153E+00    1.9600E-04
3.3137E+01  6.6010E-03 2.1132E+02    1.1600E-05    4.7129E-06    3.4012E+00   -1.6137E+00    3.6305E+00    1.9600E-04
3.2372E+01  7.4394E-03 2.0969E+02    1.1500E-05    4.6799E-06    3.0829E+00   -1.5226E+00    3.2379E+00    1.9600E-04
3.1620E+01  8.3737E-03 2.0824E+02    1.1439E-05    4.5873E-06    2.7842E+00   -1.4485E+00    2.9202E+00    1.9600E-04
3.0881E+01  9.4135E-03 2.0697E+02    1.1397E-05    4.4772E-06    2.5149E+00   -1.3840E+00    2.6643E+00    1.9600E-04
3.0154E+01  1.0569E-02 2.0587E+02    1.1300E-05    4.3458E-06    2.2688E+00   -1.3131E+00    2.4601E+00    1.9600E-04
2.9439E+01  1.1852E-02 2.0495E+02    1.1217E-05    4.2150E-06    2.0480E+00   -1.2236E+00    2.2982E+00    1.9600E-04
2.8735E+01  1.3273E-02 2.0418E+02    1.1100E-05    4.0689E-06    1.8456E+00   -1.1362E+00    2.1704E+00    1.9600E-04
2.8041E+01  1.4846E-02 2.0354E+02    1.1043E-05    3.9270E-06    1.6653E+00   -1.0529E+00    2.0697E+00    1.9600E-04
2.7357E+01  1.6584E-02 2.0303E+02    1.0908E-05    3.7792E-06    1.5033E+00   -9.7132E-01    1.9908E+00    1.9600E-04
2.6683E+01  1.8503E-02 2.0261E+02    1.0875E-05    3.6177E-06    1.3586E+00   -8.9705E-01    1.9290E+00    1.9600E-04
2.6018E+01  2.0618E-02 2.0228E+02    1.0800E-05    3.4523E-06    1.2324E+00   -8.2754E-01    1.8807E+00    1.9600E-04
2.5361E+01  2.2946E-02 2.0201E+02    1.0714E-05    3.2881E-06    1.1242E+00   -7.6405E-01    1.8426E+00    1.9600E-04
2.4714E+01  2.5504E-02 2.0179E+02    1.0600E-05    3.1098E-06    1.0289E+00   -7.0750E-01    1.8120E+00    1.9600E-04
2.4074E+01  2.8311E-02 2.0160E+02    1.0559E-05    2.9319E-06    9.4659E-01   -6.5922E-01    1.7865E+00    1.9600E-04
2.3444E+01  3.1388E-02 2.0144E+02    1.0434E-05    2.7499E-06    8.7269E-01   -6.1444E-01    1.7643E+00    1.9600E-04
2.2821E+01  3.4756E-02 2.0129E+02    1.0400E-05    2.5649E-06    8.0512E-01   -5.7545E-01    1.7443E+00    1.9600E-04
2.2207E+01  3.8437E-02 2.0115E+02    1.0288E-05    2.3816E-06    7.4161E-01   -5.3619E-01    1.7257E+00    1.9600E-04
2.1601E+01  4.2453E-02 2.0102E+02    1.0200E-05    2.1968E-06    6.8038E-01   -4.9828E-01    1.7081E+00    1.9600E-04
2.1003E+01  4.6831E-02 2.0089E+02    1.0148E-05    2.0061E-06    6.2016E-01   -4.6184E-01    1.6916E+00    1.9600E-04
2.0413E+01  5.1594E-02 2.0078E+02    1.0031E-05    1.8253E-06    5.6261E-01   -4.2226E-01    1.6766E+00    1.9600E-04
1.9832E+01  5.6771E-02 2.0068E+02    9.9576E-06    1.6433E-06    5.0663E-01   -3.8336E-01    1.6638E+00    1.9600E-04
1.9258E+01  6.2388E-02 2.0060E+02    9.8806E-06    1.4613E-06    4.5268E-01   -3.4437E-01    1.6538E+00    1.9600E-04
1.8692E+01  6.8475E-02 2.0055E+02    9.8116E-06    1.2897E-06    4.0271E-01   -3.0430E-01    1.6473E+00    1.9600E-04
1.8134E+01  7.5061E-02 2.0053E+02    9.7384E-06    1.1158E-06    3.5552E-01   -2.6607E-01    1.6444E+00    1.9600E-04
1.7584E+01  8.2176E-02 2.0053E+02    9.6802E-06    9.6264E-07    3.1449E-01   -2.2660E-01    1.6445E+00    1.9600E-04
1.7042E+01  8.9853E-02 2.0054E+02    9.6194E-06    8.1746E-07    2.7793E-01   -1.8935E-01    1.6467E+00    1.9600E-04
1.6508E+01  9.8123E-02 2.0057E+02    9.5661E-06    6.8304E-07    2.4587E-01   -1.5546E-01    1.6495E+00    1.9600E-04
1.5981E+01  1.0702E-01 2.0058E+02    9.5136E-06    5.6125E-07    2.1687E-01   -8.9117E-02    1.6510E+00    1.9600E-04
1.5462E+01  1.1657E-01 2.0058E+02    9.4731E-06    4.5485E-07    1.9214E-01   -6.0385E-02    1.6515E+00    1.9600E-04
1.4950E+01  1.2682E-01 2.0060E+02    9.4366E-06    3.6306E-07    1.7146E-01   -3.6197E-02    1.6539E+00    1.9600E-04
1.4446E+01  1.3780E-01 2.0068E+02    9.4082E-06    2.8620E-07    1.5441E-01   -1.5652E-02    1.6636E+00    1.9600E-04
1.3950E+01  1.4954E-01 2.0087E+02    9.3827E-06    2.2118E-07    1.4020E-01    1.3747E-03    1.6884E+00    1.9600E-04
1.3460E+01  1.6207E-01 2.0118E+02    9.3590E-06    1.6704E-07    1.2664E-01    3.3074E-02    1.7292E+00    1.9600E-04
1.2978E+01  1.7543E-01 2.0164E+02    4.6284E-06    1.2757E-07    1.0122E-01    1.1248E-01    1.7920E+00    1.9600E-04
1.2502E+01  1.8966E-01 2.0216E+02    1.5714E-06    1.0111E-07    8.7495E-02    1.7380E-01    1.8645E+00    1.9600E-04
1.2032E+01  2.0477E-01 2.0283E+02    1.7443E-06    8.2253E-08    7.9169E-02    2.2439E-01    1.9610E+00    1.9600E-04
1.1568E+01  2.2082E-01 2.0454E+02    2.2634E-06    6.7854E-08    7.8244E-02    1.4400E-01    2.2289E+00    1.9600E-04
1.1105E+01  2.3782E-01 2.0850E+02    4.0324E-06    5.7645E-08    8.4017E-02   -1.9152E-02    2.9759E+00    1.9600E-04
1.0642E+01  2.5581E-01 2.1215E+02    6.7313E-06    5.1647E-08    9.5105E-02   -1.7282E-01    3.8450E+00    1.9600E-04
1.0178E+01  2.7482E-01 2.1607E+02    1.1436E-05    4.7917E-08    1.1492E-01   -4.2792E-01    5.0131E+00    1.9600E-04
9.7138E+00  2.9486E-01 2.2049E+02    2.0328E-05    4.4943E-08    1.4949E-01   -8.0794E-01    6.1225E+00    1.9600E-04
9.2488E+00  3.1596E-01 2.2489E+02    3.5208E-05    4.2320E-08    1.9929E-01   -1.2295E+00    7.3251E+00    1.9600E-04
8.7833E+00  3.3815E-01 2.2925E+02    5.9379E-05    3.9873E-08    2.6258E-01   -1.6389E+00    8.6819E+00    1.9600E-04
8.3179E+00  3.6145E-01 2.3354E+02    9.7428E-05    3.7517E-08    3.3376E-01   -1.9740E+00    1.0192E+01    1.9600E-04
7.8529E+00  3.8586E-01 2.3773E+02    1.5537E-04    3.5253E-08    4.0831E-01   -2.2040E+00    1.1848E+01    1.9600E-04
7.3890E+00  4.1140E-01 2.4179E+02    2.4059E-04    3.3082E-08    4.8788E-01   -2.3539E+00    1.3638E+01    1.9600E-04
6.9267E+00  4.3808E-01 2.4571E+02    3.6157E-04    3.1006E-08    5.6985E-01   -2.4177E+00    1.5541E+01    1.9600E-04
6.4666E+00  4.6590E-01 2.4945E+02    5.2729E-04    2.9027E-08    6.4042E-01   -2.4212E+00    1.7536E+01    1.9600E-04
6.0093E+00  4.9486E-01 2.5300E+02    7.4670E-04    2.7146E-08    6.9038E-01   -2.3951E+00    1.9597E+01    1.9600E-04
5.5554E+00  5.2496E-01 2.5636E+02    1.0281E-03    2.5363E-08    7.2491E-01   -2.3716E+00    2.1701E+01    1.9600E-04
5.1056E+00  5.5619E-01 2.5952E+02    1.3787E-03    2.3650E-08    7.5203E-01   -2.3253E+00    2.3829E+01    1.9600E-04
4.6603E+00  5.8853E-01 2.6248E+02    1.8046E-03    2.1975E-08    7.7271E-01   -2.2549E+00    2.5963E+01    1.9600E-04
4.2202E+00  6.2197E-01 2.6527E+02    2.3108E-03    2.0400E-08    7.8396E-01   -2.1820E+00    2.8091E+01    1.9600E-04
3.7857E+00  6.5649E-01 2.6789E+02    2.9011E-03    1.8919E-08    7.8536E-01   -2.0859E+00    3.0203E+01    1.9600E-04
3.3573E+00  6.9204E-01 2.7034E+02    3.5784E-03    1.7531E-08    7.7990E-01   -1.9322E+00    3.2293E+01    1.9600E-04
2.9353E+00  7.2861E-01 2.7266E+02    4.3450E-03    1.6304E-08    7.7097E-01   -1.7772E+00    3.4358E+01    1.9600E-04
2.5200E+00  7.6613E-01 2.7507E+02    5.2802E-03    1.5186E-08    7.6503E-01   -1.6757E+00    3.6606E+01    1.9600E-04
2.1116E+00  8.0458E-01 2.7737E+02    6.1820E-03    1.4155E-08    7.4221E-01   -1.5659E+00    3.8859E+01    1.9600E-04
1.7104E+00  8.4389E-01 2.7958E+02    7.2502E-03    1.3216E-08    7.2502E-01   -1.5409E+00    4.1119E+01    1.9600E-04
1.3166E+00  8.8400E-01 2.8168E+02    8.3689E-03    1.2427E-08    7.0742E-01   -1.5746E+00    4.3352E+01    1.9600E-04
9.3060E-01  9.2486E-01 2.8368E+02    9.5403E-03    1.1847E-08    6.9581E-01   -1.6816E+00    4.5578E+01    1.9600E-04
5.5265E-01  9.6638E-01 2.8560E+02    1.0913E-02    1.1359E-08    7.0155E-01   -1.9290E+00    4.7777E+01    1.9600E-04
1.8301E-01  1.0085E+00 2.8742E+02    1.2222E-02    1.0922E-08    7.1582E-01   -2.1532E+00    4.9945E+01    1.9600E-04
0.0000E+00  1.0299E+00 2.8834E+02    1.2928E-02    1.1000E-08    7.8762E+00   -3.3544E+00    5.1068E+01    1.9600E-04
