     ALT          P          T          FH2O           O3           THEAT        TCOOL        PSATCO2        FCO2
7.2873E+01  3.2610E-05 2.1177E+02    3.2247E-06    2.6903E-08    3.4957E+01   -4.9263E+01    3.7463E+00    1.9400E-04
7.1788E+01  3.8506E-05 2.1310E+02    3.4956E-06    3.0237E-08    4.9828E+00   -3.3517E+01    4.1048E+00    1.9400E-04
7.0704E+01  4.5410E-05 2.1447E+02    3.7444E-06    3.4846E-08    1.7912E+00   -2.2156E+01    4.5059E+00    1.9400E-04
6.9622E+01  5.3486E-05 2.1589E+02    3.9795E-06    4.1339E-08    1.4245E+00   -1.4439E+01    4.9563E+00    1.9400E-04
6.8542E+01  6.2918E-05 2.1736E+02    4.1911E-06    5.0337E-08    1.4041E+00   -9.5521E+00    5.3617E+00    1.9400E-04
6.7463E+01  7.3920E-05 2.1885E+02    4.3855E-06    6.3121E-08    1.4366E+00   -6.6800E+00    5.7154E+00    1.9400E-04
6.6385E+01  8.6736E-05 2.2037E+02    4.5619E-06    8.0763E-08    1.4985E+00   -5.0994E+00    6.0925E+00    1.9400E-04
6.5309E+01  1.0165E-04 2.2191E+02    4.7150E-06    1.0412E-07    1.5932E+00   -4.2804E+00    6.4925E+00    1.9400E-04
6.4234E+01  1.1897E-04 2.2346E+02    4.8548E-06    1.3214E-07    1.7246E+00   -3.8957E+00    6.9144E+00    1.9400E-04
6.3161E+01  1.3907E-04 2.2500E+02    4.9813E-06    1.6429E-07    1.8802E+00   -3.7435E+00    7.3574E+00    1.9400E-04
6.2089E+01  1.6236E-04 2.2655E+02    5.0885E-06    1.9779E-07    2.0464E+00   -3.7064E+00    7.8208E+00    1.9400E-04
6.1020E+01  1.8932E-04 2.2809E+02    5.1955E-06    2.3354E-07    2.2251E+00   -3.7322E+00    8.3039E+00    1.9400E-04
5.9952E+01  2.2047E-04 2.2962E+02    5.2859E-06    2.7116E-07    2.4143E+00   -3.7854E+00    8.8063E+00    1.9400E-04
5.8886E+01  2.5642E-04 2.3115E+02    5.3712E-06    3.1250E-07    2.6219E+00   -3.8567E+00    9.3278E+00    1.9400E-04
5.7823E+01  2.9786E-04 2.3266E+02    5.4372E-06    3.5983E-07    2.8566E+00   -3.9366E+00    9.8685E+00    1.9400E-04
5.6762E+01  3.4556E-04 2.3416E+02    5.5109E-06    4.1281E-07    3.1150E+00   -4.0308E+00    1.0429E+01    1.9400E-04
5.5704E+01  4.0040E-04 2.3566E+02    5.5730E-06    4.7134E-07    3.3921E+00   -4.1303E+00    1.1009E+01    1.9400E-04
5.4648E+01  4.6335E-04 2.3715E+02    5.6252E-06    5.3641E-07    3.6869E+00   -4.2338E+00    1.1609E+01    1.9400E-04
5.3595E+01  5.3552E-04 2.3863E+02    5.6773E-06    6.0832E-07    3.9944E+00   -4.3414E+00    1.2230E+01    1.9400E-04
5.2546E+01  6.1816E-04 2.4011E+02    5.7193E-06    6.8795E-07    4.3093E+00   -4.4469E+00    1.2873E+01    1.9400E-04
5.1499E+01  7.1265E-04 2.4157E+02    5.7612E-06    7.7539E-07    4.6218E+00   -4.5488E+00    1.3537E+01    1.9400E-04
5.0456E+01  8.2055E-04 2.4304E+02    5.7930E-06    8.7246E-07    4.9269E+00   -4.6413E+00    1.4224E+01    1.9400E-04
4.9416E+01  9.4359E-04 2.4450E+02    5.8273E-06    9.8078E-07    5.2155E+00   -4.7243E+00    1.4933E+01    1.9400E-04
4.8380E+01  1.0837E-03 2.4595E+02    5.8480E-06    1.0979E-06    5.4758E+00   -4.8196E+00    1.5666E+01    1.9400E-04
4.7347E+01  1.2431E-03 2.4740E+02    5.8787E-06    1.2405E-06    5.7396E+00   -4.9259E+00    1.6422E+01    1.9400E-04
4.6319E+01  1.4241E-03 2.4885E+02    5.8893E-06    1.3940E-06    5.9402E+00   -5.0364E+00    1.7203E+01    1.9400E-04
4.5294E+01  1.6294E-03 2.5029E+02    5.9000E-06    1.5779E-06    6.1111E+00   -5.1937E+00    1.8007E+01    1.9400E-04
4.4273E+01  1.8620E-03 2.5177E+02    5.9000E-06    1.7721E-06    6.1903E+00   -5.4156E+00    1.8863E+01    1.9400E-04
4.3256E+01  2.1250E-03 2.5318E+02    5.8995E-06    2.0062E-06    6.2299E+00   -5.6639E+00    1.9706E+01    1.9400E-04
4.2245E+01  2.4222E-03 2.5419E+02    5.8792E-06    2.2705E-06    6.1894E+00   -5.8244E+00    2.0326E+01    1.9400E-04
4.1241E+01  2.7575E-03 2.5457E+02    5.8491E-06    2.5734E-06    6.0673E+00   -5.8395E+00    2.0558E+01    1.9400E-04
4.0246E+01  3.1352E-03 2.5424E+02    5.8178E-06    2.9023E-06    5.8434E+00   -5.7033E+00    2.0352E+01    1.9400E-04
3.9265E+01  3.5602E-03 2.5324E+02    5.7689E-06    3.2363E-06    5.5174E+00   -5.4373E+00    1.9739E+01    1.9400E-04
3.8298E+01  4.0377E-03 2.5166E+02    5.7109E-06    3.5455E-06    5.1133E+00   -5.0800E+00    1.8800E+01    1.9400E-04
3.7349E+01  4.5734E-03 2.4964E+02    5.6352E-06    3.8129E-06    4.6791E+00   -4.6745E+00    1.7639E+01    1.9400E-04
3.6417E+01  5.1737E-03 2.4727E+02    5.5606E-06    4.0231E-06    4.2525E+00   -4.2584E+00    1.6353E+01    1.9400E-04
3.5504E+01  5.8455E-03 2.4469E+02    5.4720E-06    4.1789E-06    3.8597E+00   -3.8669E+00    1.5026E+01    1.9400E-04
3.4611E+01  6.5961E-03 2.4198E+02    5.3827E-06    4.2872E-06    3.5088E+00   -3.5142E+00    1.3723E+01    1.9400E-04
3.3737E+01  7.4337E-03 2.3923E+02    5.2945E-06    4.3627E-06    3.1989E+00   -3.2004E+00    1.2489E+01    1.9400E-04
3.2882E+01  8.3672E-03 2.3653E+02    5.2000E-06    4.4060E-06    2.9185E+00   -2.9173E+00    1.1355E+01    1.9400E-04
3.2046E+01  9.4060E-03 2.3393E+02    5.1017E-06    4.4200E-06    2.6602E+00   -2.6589E+00    1.0340E+01    1.9400E-04
3.1229E+01  1.0560E-02 2.3150E+02    5.0047E-06    4.4079E-06    2.4192E+00   -2.4456E+00    9.4510E+00    1.9400E-04
3.0428E+01  1.1842E-02 2.2927E+02    4.9176E-06    4.3688E-06    2.1930E+00   -2.2018E+00    8.6874E+00    1.9400E-04
2.9644E+01  1.3262E-02 2.2725E+02    4.8236E-06    4.3063E-06    1.9823E+00   -1.9754E+00    8.0373E+00    1.9400E-04
2.8875E+01  1.4833E-02 2.2544E+02    4.7233E-06    4.2133E-06    1.7864E+00   -1.7669E+00    7.4857E+00    1.9400E-04
2.8121E+01  1.6570E-02 2.2382E+02    4.6310E-06    4.1046E-06    1.6102E+00   -1.5780E+00    7.0169E+00    1.9400E-04
2.7380E+01  1.8487E-02 2.2237E+02    4.5423E-06    3.9703E-06    1.4520E+00   -1.4094E+00    6.6157E+00    1.9400E-04
2.6653E+01  2.0599E-02 2.2106E+02    4.4551E-06    3.8200E-06    1.3135E+00   -1.2614E+00    6.2689E+00    1.9400E-04
2.5938E+01  2.2924E-02 2.1987E+02    4.3695E-06    3.6487E-06    1.1920E+00   -1.1334E+00    5.9655E+00    1.9400E-04
2.5236E+01  2.5480E-02 2.1878E+02    4.2854E-06    3.4699E-06    1.0875E+00   -1.0235E+00    5.6967E+00    1.9400E-04
2.4546E+01  2.8284E-02 2.1776E+02    4.1980E-06    3.2856E-06    9.9669E-01   -9.2817E-01    5.4560E+00    1.9400E-04
2.3867E+01  3.1358E-02 2.1682E+02    4.1113E-06    3.0879E-06    9.1473E-01   -8.4407E-01    5.2383E+00    1.9400E-04
2.3199E+01  3.4722E-02 2.1593E+02    4.0314E-06    2.8981E-06    8.4163E-01   -7.6740E-01    4.9684E+00    1.9400E-04
2.2542E+01  3.8399E-02 2.1510E+02    3.9527E-06    2.6963E-06    7.7177E-01   -6.9639E-01    4.6998E+00    1.9400E-04
2.1897E+01  4.2411E-02 2.1432E+02    3.8754E-06    2.4903E-06    7.0467E-01   -6.2976E-01    4.4600E+00    1.9400E-04
2.1261E+01  4.6783E-02 2.1360E+02    3.7894E-06    2.2883E-06    6.4074E-01   -5.6604E-01    4.2468E+00    1.9400E-04
2.0636E+01  5.1541E-02 2.1294E+02    3.7145E-06    2.0876E-06    5.7935E-01   -5.0570E-01    4.0585E+00    1.9400E-04
2.0021E+01  5.6712E-02 2.1233E+02    3.6408E-06    1.8908E-06    5.2071E-01   -4.4743E-01    3.8934E+00    1.9400E-04
1.9416E+01  6.2322E-02 2.1179E+02    3.5753E-06    1.6906E-06    4.6408E-01   -3.9186E-01    3.7495E+00    1.9400E-04
1.8821E+01  6.8401E-02 2.1130E+02    3.5072E-06    1.4895E-06    4.1022E-01   -3.3846E-01    3.6245E+00    1.9400E-04
1.8235E+01  7.4979E-02 2.1086E+02    3.4475E-06    1.3017E-06    3.6137E-01   -2.8628E-01    3.5155E+00    1.9400E-04
1.7658E+01  8.2086E-02 2.1046E+02    3.3900E-06    1.1177E-06    3.1649E-01   -2.3812E-01    3.4188E+00    1.9400E-04
1.7091E+01  8.9753E-02 2.1009E+02    3.3367E-06    9.4560E-07    2.7640E-01   -1.9527E-01    3.3313E+00    1.9400E-04
1.6533E+01  9.8013E-02 2.0974E+02    3.2921E-06    7.8540E-07    2.4095E-01   -1.6019E-01    3.2502E+00    1.9400E-04
1.5983E+01  1.0690E-01 2.0940E+02    3.2482E-06    6.4001E-07    2.0901E-01   -1.0720E-01    3.1728E+00    1.9400E-04
1.5443E+01  1.1644E-01 2.0907E+02    3.2113E-06    5.1266E-07    1.8161E-01   -8.5231E-02    3.0989E+00    1.9400E-04
1.4911E+01  1.2668E-01 2.0876E+02    3.1863E-06    4.0372E-07    1.5868E-01   -7.1833E-02    3.0316E+00    1.9400E-04
1.4388E+01  1.3764E-01 2.0850E+02    3.1655E-06    3.1275E-07    1.3970E-01   -6.5447E-02    2.9760E+00    1.9400E-04
1.3874E+01  1.4936E-01 2.0833E+02    3.1449E-06    2.3680E-07    1.2396E-01   -6.5059E-02    2.9387E+00    1.9400E-04
1.3368E+01  1.6188E-01 2.0826E+02    3.1247E-06    1.7524E-07    1.1128E-01   -6.7783E-02    2.9251E+00    1.9400E-04
1.2870E+01  1.7522E-01 2.0833E+02    3.1124E-06    1.3255E-07    1.0210E-01   -6.8066E-02    2.9402E+00    1.9400E-04
1.2380E+01  1.8943E-01 2.0854E+02    3.1100E-06    1.0454E-07    9.5799E-02   -6.3707E-02    2.9847E+00    1.9400E-04
1.1897E+01  2.0452E-01 2.0889E+02    3.2417E-06    8.4215E-08    9.2079E-02   -6.2066E-02    3.0598E+00    1.9400E-04
1.1421E+01  2.2055E-01 2.0933E+02    4.0737E-06    6.9257E-08    9.2910E-02   -7.2604E-02    3.1573E+00    1.9400E-04
1.0952E+01  2.3753E-01 2.0986E+02    4.6460E-06    5.9969E-08    9.4554E-02   -3.6940E-02    3.2780E+00    1.9400E-04
1.0490E+01  2.5549E-01 2.1042E+02    5.3288E-06    5.4509E-08    9.5318E-02    6.6512E-03    3.4098E+00    1.9400E-04
1.0033E+01  2.7447E-01 2.1241E+02    7.0296E-06    5.0747E-08    1.0340E-01   -1.4387E-01    3.9155E+00    1.9400E-04
9.5777E+00  2.9448E-01 2.1678E+02    1.2646E-05    4.7641E-08    1.2940E-01   -5.1192E-01    5.2300E+00    1.9400E-04
9.1214E+00  3.1556E-01 2.2113E+02    2.2178E-05    4.4839E-08    1.6861E-01   -9.0611E-01    6.2877E+00    1.9400E-04
8.6646E+00  3.3772E-01 2.2546E+02    3.7922E-05    4.2134E-08    2.2049E-01   -1.3077E+00    7.4912E+00    1.9400E-04
8.2077E+00  3.6098E-01 2.2974E+02    6.3200E-05    3.9588E-08    2.8274E-01   -1.6709E+00    8.8446E+00    1.9400E-04
7.7512E+00  3.8535E-01 2.3395E+02    1.0257E-04    3.7127E-08    3.5002E-01   -1.9494E+00    1.0347E+01    1.9400E-04
7.2955E+00  4.1086E-01 2.3807E+02    1.6199E-04    3.4747E-08    4.1998E-01   -2.1365E+00    1.1991E+01    1.9400E-04
6.8411E+00  4.3749E-01 2.4206E+02    2.4870E-04    3.2458E-08    4.9563E-01   -2.2580E+00    1.3764E+01    1.9400E-04
6.3887E+00  4.6527E-01 2.4592E+02    3.7101E-04    3.0261E-08    5.7231E-01   -2.3024E+00    1.5649E+01    1.9400E-04
5.9386E+00  4.9419E-01 2.4961E+02    5.3779E-04    2.8222E-08    6.3604E-01   -2.3037E+00    1.7624E+01    1.9400E-04
5.4916E+00  5.2425E-01 2.5312E+02    7.5783E-04    2.6251E-08    6.8083E-01   -2.2836E+00    1.9665E+01    1.9400E-04
5.0483E+00  5.5543E-01 2.5644E+02    1.0393E-03    2.4340E-08    7.1324E-01   -2.2650E+00    2.1751E+01    1.9400E-04
4.6091E+00  5.8773E-01 2.5956E+02    1.3895E-03    2.2555E-08    7.3953E-01   -2.2204E+00    2.3862E+01    1.9400E-04
4.1747E+00  6.2112E-01 2.6251E+02    1.8144E-03    2.0909E-08    7.5912E-01   -2.1578E+00    2.5980E+01    1.9400E-04
3.7455E+00  6.5558E-01 2.6527E+02    2.3188E-03    1.9289E-08    7.6922E-01   -2.0912E+00    2.8093E+01    1.9400E-04
3.3221E+00  6.9108E-01 2.6787E+02    2.9065E-03    1.7840E-08    7.7029E-01   -1.9950E+00    3.0191E+01    1.9400E-04
2.9048E+00  7.2759E-01 2.7031E+02    3.5802E-03    1.6553E-08    7.6543E-01   -1.8433E+00    3.2267E+01    1.9400E-04
2.4941E+00  7.6506E-01 2.7261E+02    4.3415E-03    1.5370E-08    7.5750E-01   -1.6963E+00    3.4317E+01    1.9400E-04
2.0902E+00  8.0344E-01 2.7500E+02    5.2695E-03    1.4307E-08    7.5276E-01   -1.6094E+00    3.6544E+01    1.9400E-04
1.6933E+00  8.4269E-01 2.7728E+02    6.1645E-03    1.3396E-08    7.3209E-01   -1.5224E+00    3.8772E+01    1.9400E-04
1.3037E+00  8.8274E-01 2.7947E+02    7.2105E-03    1.2694E-08    7.1730E-01   -1.5216E+00    4.1004E+01    1.9400E-04
9.2157E-01  9.2353E-01 2.8154E+02    8.3188E-03    1.2069E-08    7.0515E-01   -1.5899E+00    4.3207E+01    1.9400E-04
5.4736E-01  9.6499E-01 2.8352E+02    9.4485E-03    1.1553E-08    7.0050E-01   -1.7812E+00    4.5396E+01    1.9400E-04
1.8129E-01  1.0070E+00 2.8541E+02    1.0805E-02    1.1120E-08    7.2048E-01   -2.0320E+00    4.7558E+01    1.9400E-04
0.0000E+00  1.0284E+00 2.8635E+02    1.1485E-02    1.1200E-08    7.9412E+00   -3.5214E+00    4.8669E+01    1.9400E-04
