   210.991800593497        0.384953537735839E-05
   212.324212664474        0.416460014323089E-05
   213.701202989311        0.446548693203592E-05
   215.126933869982        0.473283242071889E-05
   216.594885222833        0.497685922969645E-05
   218.095897139312        0.520761837718091E-05
   219.621048941927        0.540516118110056E-05
   221.162286885230        0.558954327998643E-05
   222.712543664459        0.575081386504519E-05
   224.265840589853        0.589897758823416E-05
   225.817389189048        0.602707546331573E-05
   227.363634053992        0.614497400804250E-05
   228.902207358021        0.625178519504266E-05
   230.431796469651        0.634674422600121E-05
   231.951944551723        0.643152900219213E-05
   233.462813848117        0.651612638551494E-05
   234.964945230966        0.658052025708282E-05
   236.459045673985        0.665234276244654E-05
   237.945827483482        0.670646503261576E-05
   239.425910520260        0.675924130518441E-05
   240.899784339598        0.680789151772836E-05
   242.367815421175        0.684948945597119E-05
   243.830279149470        0.689095236647574E-05
   245.287397999890        0.692227484483518E-05
   246.739374138682        0.694672737357298E-05
   248.186412126075        0.697000000000000E-05
   249.628732375153        0.698767472157557E-05
   251.094786115401        0.699802988573396E-05
   252.548665440625        0.700000000000002E-05
   253.654934607246        0.699000000000000E-05
   254.138101169149        0.696295850041981E-05
   253.910564508429        0.693326435742027E-05
   252.998853275882        0.688608629675534E-05
   251.495462560931        0.683815648236125E-05
   249.521198797319        0.676495190863407E-05
   247.200525085963        0.669557896115086E-05
   244.649573398927        0.661436747554901E-05
   241.972467939482        0.652510012628061E-05
   239.261293580020        0.643773460990213E-05
   236.595791547187        0.634226386951343E-05
   234.044003731522        0.624868935471399E-05
   231.665375112663        0.615827379381109E-05
   229.495680874851        0.606211500147543E-05
   227.545815264386        0.596798991992939E-05
   225.809666053459        0.587555752986127E-05
   224.270302367444        0.578496226459781E-05
   222.904232702777        0.569589382771088E-05
   221.685403371612        0.560825139397864E-05
   220.587967374281        0.551245709394464E-05
   219.588910178697        0.542796302479648E-05
   218.669744771482        0.534224369345973E-05
   217.816587248670        0.525298111844636E-05
   217.020232721759        0.517257679572112E-05
   216.275461426739        0.508334254823078E-05
   215.580506631111        0.500541581448506E-05
   214.936360879810        0.492024627187825E-05
   214.345268054352        0.484334839735992E-05
   213.810164566502        0.476904058353026E-05
   213.332387898273        0.469594066923750E-05
   212.910094777922        0.462401618537036E-05
   212.537167202722        0.455323746591270E-05
   212.203259495504        0.449458264062774E-05
   211.896418354572        0.443989453330462E-05
   211.605290242788        0.439104256768673E-05
   211.318033850261        0.434539467252110E-05
   211.032183595503        0.431268333815899E-05
   210.758274338846        0.428050399390802E-05
   210.518344532068        0.425590546461837E-05
   210.342119387071        0.423514767519801E-05
   210.259299642087        0.421472590635451E-05
   210.293038438257        0.420231677436823E-05
   210.457827450927        0.420000000000000E-05
   210.757161808844        0.434534718600704E-05
   211.176892681428        0.492513967006258E-05
   211.649974682104        0.584339467813068E-05
   212.255097055749        0.656862955251935E-05
   212.915996033444        0.755733098147921E-05
   216.129843338724        0.116175397358999E-04
   220.470689631777        0.204126264275683E-04
   224.787100163248        0.349813357891860E-04
   229.060971632968        0.584391084155722E-04
   233.270862704990        0.951016418819838E-04
   237.392589714070        0.150636046577745E-03
   241.400571433136        0.232050309065898E-03
   245.269873891516        0.347457245931783E-03
   248.978654468198        0.505614314909775E-03
   252.510537630040        0.715339127075806E-03
   255.855990956429        0.984946510790845E-03
   259.012338281768        0.132182558683759E-02
   261.982758657712        0.173221270395106E-02
   264.774739740264        0.222113785578331E-02
   267.398452135279        0.279248035494367E-02
   269.865350115215        0.344906621924511E-02
   272.187121943270        0.419275805697850E-02
   274.541653828714        0.509331912894934E-02
   276.839687352137        0.599532104360085E-02
   279.041695995109        0.698675062300939E-02
   281.129813406331        0.810359308964633E-02
   283.117402792852        0.916862388468869E-02
   285.018798553436        0.105302252878177E-01
   285.968524065417        0.112139960863643E-01
