   211.993317953066        0.302215330661814E-05
   213.320388976900        0.327191041299182E-05
   214.691652987659        0.351050081044337E-05
   216.111381542578        0.373443463962043E-05
   217.573197777308        0.393482068830845E-05
   219.068000377097        0.411171396312141E-05
   220.586836836906        0.427517515277214E-05
   222.121567512397        0.442519859016849E-05
   223.665026561738        0.455431404034734E-05
   225.211158051089        0.467939511130638E-05
   226.755140212633        0.478136505622300E-05
   228.293438528867        0.487706331441344E-05
   229.823758655397        0.496260813407314E-05
   231.344903084126        0.503849109364496E-05
   232.856555438270        0.511237159898372E-05
   234.359026623239        0.517609873797366E-05
   235.853000197218        0.523645203795059E-05
   237.339310736786        0.528872560547991E-05
   238.818779186807        0.533088370774370E-05
   240.292115128312        0.537292061256059E-05
   241.759881055756        0.541483072580457E-05
   243.222502292650        0.544660857007028E-05
   244.680301306494        0.546912512849620E-05
   246.133537513047        0.549987318207086E-05
   247.582440696924        0.552000000000000E-05
   249.027233785834        0.553000000000000E-05
   250.468145749274        0.554000000000000E-05
   251.957147195469        0.554000000000000E-05
   253.348761534170        0.552754400313222E-05
   254.312850297616        0.551459170375685E-05
   254.631875858971        0.548440546338501E-05
   254.248995035909        0.544463298621715E-05
   253.204006475283        0.539306370150047E-05
   251.589997360498        0.533346050262371E-05
   249.522937176883        0.525754542224801E-05
   247.122298300405        0.518308480645848E-05
   244.499421236714        0.509267019125690E-05
   241.752267139725        0.500346438231955E-05
   238.966512541336        0.490625702503839E-05
   236.217454066758        0.481123885623972E-05
   233.570894344396        0.471111979960827E-05
   231.086255414926        0.462329118234009E-05
   228.799774126171        0.452759075828712E-05
   226.723276445278        0.443379521822080E-05
   224.851936421009        0.434203140690399E-05
   223.170248208900        0.425187927250004E-05
   221.656471113349        0.416360046192748E-05
   220.286590186094        0.406678147282582E-05
   219.037286879700        0.398163155874641E-05
   217.888755818424        0.389793925589993E-05
   216.825452898359        0.381565567065929E-05
   215.835974639066        0.373489535692238E-05
   214.913287640108        0.365536470250917E-05
   214.053571456520        0.357718352352356E-05
   213.255317763354        0.349209789530327E-05
   212.518848800900        0.341482339928005E-05
   211.845885484991        0.334367240723452E-05
   211.237895840308        0.327721035981065E-05
   210.694550483389        0.320525183410644E-05
   210.212354028581        0.314373375655648E-05
   209.783614849232        0.307562397097045E-05
   209.398143904911        0.302072637628169E-05
   209.045453745051        0.297568092556731E-05
   208.715890000005        0.293135591121340E-05
   208.398951999644        0.289331945249618E-05
   208.095044921815        0.286113638370997E-05
   207.818443494173        0.282947423944149E-05
   207.592839359575        0.280555675002079E-05
   207.445706318020        0.278512339579694E-05
   207.419088146718        0.277251009840020E-05
   207.522436222513        0.276261092107499E-05
   207.756604953000        0.278137214359872E-05
   208.144434355266        0.338519872634869E-05
   208.659906027829        0.388645385612080E-05
   209.210017317594        0.447114927910435E-05
   210.096332429042        0.508106687889790E-05
   212.753755093413        0.736051448513270E-05
   217.127963787744        0.132273484042263E-04
   221.487601312624        0.231779168648601E-04
   225.817037073481        0.395901993275371E-04
   230.098116664775        0.658907582011887E-04
   234.309201017267        0.106781658104975E-03
   238.424599066910        0.168346233849801E-03
   242.417722822860        0.257981061309331E-03
   246.263554494792        0.384087852613054E-03
   249.941268325121        0.555560595922147E-03
   253.436271141635        0.781183382049803E-03
   256.741106903697        0.106908901471861E-02
   259.855121248269        0.142639009329677E-02
   262.783209357852        0.185901287137979E-02
   265.534151478107        0.237169200659157E-02
   268.118976396524        0.296805248773194E-02
   270.549621054991        0.365071333012750E-02
   272.837970974649        0.442137164217193E-02
   275.238833445020        0.536124781039762E-02
   277.510793139373        0.625283705459342E-02
   279.690903467053        0.732655151687538E-02
   281.755844374537        0.843072291712903E-02
   283.733230515162        0.959624519952004E-02
   285.612959864524        0.109478214768545E-01
   286.554357623165        0.116253791273451E-01
