   211.354712295787        0.357063587404298E-05
   212.684945937456        0.386542990890995E-05
   214.059692435426        0.414626847879923E-05
   215.483163350702        0.440321349337978E-05
   216.948883391289        0.463043077118914E-05
   218.447702705667        0.484221385353506E-05
   219.970678420179        0.503069675429560E-05
   221.509716564915        0.519769934253564E-05
   223.057706819169        0.535797373149468E-05
   224.608637062901        0.548681589971060E-05
   226.157703082137        0.561264564536385E-05
   227.701354733632        0.572555815659770E-05
   229.237249239599        0.582604350363767E-05
   230.764114090727        0.591596573059075E-05
   232.281541102015        0.599318834151354E-05
   233.789743126877        0.606675396879856E-05
   235.289308428260        0.614016654443883E-05
   236.780985057273        0.619340265861725E-05
   238.265518961540        0.625431553479248E-05
   239.743556433825        0.629935748842447E-05
   241.215607099844        0.634804300344742E-05
   242.682052098437        0.638485885899883E-05
   244.143176871811        0.642124871258709E-05
   245.599209951969        0.644632298287802E-05
   247.050355954002        0.647694637809617E-05
   248.496818510167        0.649749387258048E-05
   249.938813864540        0.650796291860676E-05
   251.410028622244        0.651000000000000E-05
   252.850634259257        0.651000000000000E-05
   253.924178352935        0.650000000000000E-05
   254.367030934094        0.647213263111475E-05
   254.101086627903        0.644239377885184E-05
   253.157846941566        0.639472436235600E-05
   251.630264030615        0.633674602885537E-05
   249.638230260398        0.627301449307992E-05
   247.305881147430        0.619848158899825E-05
   244.747996110821        0.611182016167702E-05
   242.066341276042        0.602249653743218E-05
   239.350701657460        0.593509644479071E-05
   236.679279876792        0.583957060993952E-05
   234.120090279569        0.574594697275502E-05
   231.732866678196        0.565495907992668E-05
   229.553127834571        0.555874398901639E-05
   227.591662825337        0.546457698939196E-05
   225.841981193680        0.537213548081500E-05
   224.286754277415        0.528151143891515E-05
   222.902558359215        0.519245232099797E-05
   221.663476872579        0.510422192034804E-05
   220.543948869473        0.500903414362950E-05
   219.521381907578        0.492459020759188E-05
   218.577525387269        0.484143116374682E-05
   217.698979907275        0.475295257534741E-05
   216.876421519701        0.466936081389526E-05
   216.104416673745        0.459017733749902E-05
   215.381172422589        0.450605574580311E-05
   214.707903068417        0.442583830645567E-05
   214.087480959590        0.435047860246066E-05
   213.522494395915        0.427629636818470E-05
   213.013350688775        0.420333648082752E-05
   212.557355368010        0.413156588091793E-05
   212.147741723641        0.406095452469105E-05
   211.773975668585        0.400279767175935E-05
   211.424521666462        0.394858891546086E-05
   211.088942588052        0.390366837931731E-05
   210.756366282633        0.385947572064350E-05
   210.426015165739        0.382201366340614E-05
   210.111246703213        0.378994770974320E-05
   209.835934482672        0.376561314232508E-05
   209.629762429135        0.374493492032933E-05
   209.523169719538        0.373229912300141E-05
   209.541609690434        0.372229107925892E-05
   209.699866024146        0.371243948324923E-05
   209.998239476367        0.384698080286476E-05
   210.420674234244        0.474325473729295E-05
   210.925915334045        0.539069258708548E-05
   211.452014127645        0.613865119902274E-05
   212.368777169669        0.698945971300700E-05
   216.317658526873        0.119056798425295E-04
   220.661701176063        0.209072467975305E-04
   224.980899964361        0.358082880519782E-04
   229.256878367842        0.597833757362013E-04
   233.467844514943        0.972214771365106E-04
   237.589241225259        0.153870765436461E-03
   241.595204187686        0.236816319496410E-03
   245.460747199773        0.354231034421433E-03
   249.164265299412        0.514907597450741E-03
   252.689725464799        0.727667184843823E-03
   256.027954539172        0.100079640729754E-02
   259.176654579686        0.134163624260906E-02
   262.139342893745        0.175636699951431E-02
   264.923771376244        0.224996442168417E-02
   267.540291561875        0.282626070208817E-02
   270.000463262835        0.348804315492456E-02
   272.316021327469        0.423714285575366E-02
   274.665075726999        0.514068217105750E-02
   276.958786614637        0.604093758727374E-02
   279.157877425269        0.704747372328901E-02
   281.242092643622        0.816215883029685E-02
   283.228696491329        0.924093001736011E-02
   285.126370494147        0.106057049228153E-01
   286.074780877790        0.112884772906647E-01
