   210.256956596339        0.224051555441355E-05
   211.594178375977        0.242952603644649E-05
   212.972882348275        0.260193827299579E-05
   214.396831937000        0.275969019661276E-05
   215.859799972928        0.290052361405147E-05
   217.353084916149        0.303615173625024E-05
   218.868211582823        0.315138390854619E-05
   220.397530364026        0.325584164947133E-05
   221.934339874135        0.334818016685994E-05
   223.472990637292        0.343160054767638E-05
   225.008985452115        0.351120697193024E-05
   226.539022142122        0.358362571914881E-05
   228.060950954203        0.364064386058866E-05
   229.573647711121        0.369818615554319E-05
   231.076821188867        0.375030702468609E-05
   232.570782783452        0.379487680010267E-05
   234.056210799596        0.383612258491694E-05
   235.533940522757        0.386863879733172E-05
   237.004804124082        0.390832623370180E-05
   238.469532270336        0.392963610713210E-05
   239.928715023350        0.396005164696851E-05
   241.382807651154        0.398040710840219E-05
   242.832161282051        0.400000000000000E-05
   244.277060086707        0.401000000000000E-05
   245.717753414083        0.402000000000000E-05
   247.154478698584        0.401881735952168E-05
   248.604754851168        0.400880014623298E-05
   250.082688636535        0.399770384944032E-05
   251.260705059328        0.396797264466757E-05
   251.820334443736        0.392850855481190E-05
   251.615703647015        0.388921089377143E-05
   250.610691220263        0.382206864353152E-05
   248.849107595754        0.375666679678920E-05
   246.432667364659        0.367619242976619E-05
   243.495016149634        0.359635474448349E-05
   240.180107635783        0.349889022002423E-05
   236.630937562367        0.341375491134168E-05
   232.985309345448        0.332075944273148E-05
   229.372987254721        0.322796909830001E-05
   225.910607136327        0.314116652007511E-05
   222.696586307784        0.305417070543852E-05
   219.806794221713        0.297067216638030E-05
   217.279385590111        0.289212402900373E-05
   215.115685073189        0.281277679410812E-05
   213.291475967390        0.273173709426681E-05
   211.767568790425        0.266181832784961E-05
   210.498518934498        0.258377912866461E-05
   209.439163880054        0.251538361230336E-05
   208.548143428309        0.244867433888112E-05
   207.789725691555        0.238303656634312E-05
   207.134745152833        0.231817781114018E-05
   206.560450887955        0.225425988910097E-05
   206.049637197018        0.219131912867770E-05
   205.589764834687        0.212931593590416E-05
   205.172884828580        0.206799261674956E-05
   204.795138591070        0.200759321597072E-05
   204.455582291423        0.195450317754346E-05
   204.154912676452        0.189949233211413E-05
   203.893587045226        0.184175308207364E-05
   203.671109611021        0.179578588938157E-05
   203.485690206803        0.175080736303865E-05
   203.333610055947        0.170988726068750E-05
   203.209683612969        0.167282405449458E-05
   203.109003493845        0.163993093042850E-05
   203.023640078063        0.161308318135069E-05
   202.956896845373        0.158785819076037E-05
   202.925906351626        0.156729036203460E-05
   202.957774256916        0.154702883439496E-05
   203.078629130825        0.153354062199154E-05
   203.314002770421        0.152370417104241E-05
   203.663036998273        0.165674192729739E-05
   204.121838111705        0.195392741609488E-05
   204.614731963475        0.227680659057139E-05
   205.166045793409        0.248161615217807E-05
   208.160259347468        0.384267773186404E-05
   210.391234030886        0.528672826579886E-05
   214.810638079569        0.968801638816953E-05
   219.219946792538        0.172976474598357E-04
   223.608450811024        0.301013240815190E-04
   227.959067264798        0.510356754070720E-04
   232.249491359985        0.842375759767500E-04
   236.454078881284        0.135228126013632E-03
   240.545297721250        0.210934875289232E-03
   244.496089488113        0.319480106024047E-03
   248.282703922588        0.469728681030180E-03
   251.887240803121        0.670684923188333E-03
   255.299159229144        0.930894185249244E-03
   258.515418786197        0.125799376072956E-02
   261.539430991596        0.165847810566920E-02
   264.379327725237        0.213765088985940E-02
   267.046139794658        0.269969394053721E-02
   269.552244341521        0.334777910469401E-02
   271.910218690999        0.408417045854311E-02
   274.251806848414        0.496460369125201E-02
   276.589736432737        0.587966241870982E-02
   278.827943879811        0.685266188968479E-02
   280.954580798496        0.798708908058976E-02
   282.978896713388        0.906907613504297E-02
   284.919194789135        0.104299818598997E-01
   286.761240751007        0.117537932945868E-01
   287.688084222301        0.124204918222739E-01
