   212.062288872101        0.290790388202081E-05
   213.389059701271        0.315628057565226E-05
   214.759915422609        0.338504971400345E-05
   216.179125066343        0.359781773996165E-05
   217.640324746211        0.378956816877405E-05
   219.134419177974        0.397263229030140E-05
   220.652451958236        0.412472452723552E-05
   222.186274300925        0.427339162706568E-05
   223.728711721527        0.439882240666817E-05
   225.273704677412        0.451632901493150E-05
   226.816435534640        0.461367593177572E-05
   228.353382410274        0.471084824736892E-05
   229.882271067904        0.478826532065697E-05
   231.401929235042        0.486364794691754E-05
   232.912067939462        0.493663350639676E-05
   234.413024853658        0.499692683132096E-05
   235.905507620878        0.504932406624854E-05
   237.390371229386        0.510161140060617E-05
   238.868453359232        0.514378288481488E-05
   240.340477311542        0.518583279445882E-05
   241.807017210285        0.521887872368667E-05
   243.268508789224        0.524977304447174E-05
   244.725284363179        0.528059718270003E-05
   246.177613032123        0.530134939387978E-05
   247.625734247190        0.532202755573180E-05
   249.069880470601        0.533262914671008E-05
   250.510289676484        0.534000000000000E-05
   252.004145442293        0.534000000000000E-05
   253.381589269972        0.533000000000000E-05
   254.314181905237        0.531157963184065E-05
   254.598295059690        0.528139488682972E-05
   254.182169028234        0.524163046900676E-05
   253.105726257316        0.518857927820271E-05
   251.462174654207        0.512064381627565E-05
   249.367739283529        0.505164970850287E-05
   246.940377843708        0.496727158449078E-05
   244.289302924343        0.488552032516627E-05
   241.511503402895        0.478641107699850E-05
   238.692430564579        0.469516425007114E-05
   235.907089845067        0.459423440324169E-05
   233.221326860148        0.450321113849819E-05
   230.694529358640        0.440557332764496E-05
   228.363565069480        0.431019097696003E-05
   226.241007943958        0.421662760761038E-05
   224.322992819701        0.412515401081552E-05
   222.595057755561        0.403534232315519E-05
   221.036954735107        0.394741532793761E-05
   219.626327646147        0.386093704162403E-05
   218.341381052316        0.377619336991857E-05
   217.162867336377        0.369282409718893E-05
   216.075466919287        0.360441430429997E-05
   215.068052527689        0.352058990901676E-05
   214.133611393671        0.344137775903117E-05
   213.268147290752        0.336357745081795E-05
   212.469692861237        0.328714735683947E-05
   211.738301597779        0.321325053856200E-05
   211.074932337297        0.314779132338391E-05
   210.479547340273        0.307494022488925E-05
   209.950119366758        0.300329526361800E-05
   209.482042405720        0.294235226706580E-05
   209.068233706898        0.288445619792943E-05
   208.699387789051        0.282997177588029E-05
   208.365218623082        0.278134858555692E-05
   208.055722721044        0.273571264128878E-05
   207.760306506505        0.269747152985735E-05
   207.479514286004        0.266737088203359E-05
   207.229085725749        0.263948389586466E-05
   207.032235266049        0.261562759439306E-05
   206.919110335815        0.259525315080013E-05
   206.918278010567        0.258260252370736E-05
   207.047985586963        0.257272854374848E-05
   207.320869734068        0.260486705174635E-05
   207.735381528200        0.322565398964638E-05
   208.248049377088        0.367858847005450E-05
   208.785436862005        0.420894947713100E-05
   210.030486751685        0.503408623263003E-05
   212.984881488311        0.759332540845240E-05
   217.362930120944        0.136355179583036E-04
   221.726159053089        0.238754361402511E-04
   226.058620549058        0.407503457142272E-04
   230.341245587408        0.677612413971028E-04
   234.551891900854        0.109697667063407E-03
   238.665039031935        0.172741484856651E-03
   242.653946059517        0.264376527867780E-03
   246.493637688637        0.393065817060809E-03
   250.163540723240        0.567726334511583E-03
   253.649479283246        0.797124632669864E-03
   256.944491360161        0.108934392871353E-02
   260.048399059328        0.145142949672755E-02
   262.966488962344        0.188923619311796E-02
   265.707821502803        0.240743260144338E-02
   268.283602394984        0.300958810808368E-02
   270.705861269468        0.369827745090093E-02
   272.986514014836        0.447516288328825E-02
   275.380287366224        0.541554002703571E-02
   277.647192326267        0.630510565439318E-02
   279.822001368468        0.739507487572407E-02
   281.882456878405        0.849678689677317E-02
   283.857050721484        0.968329220361358E-02
   285.732597373903        0.110317760156976E-01
   286.672386413213        0.117081283039700E-01
