   211.514197097818        0.346225390774629E-05
   212.843565260051        0.374716967785715E-05
   214.217407567666        0.401737025970950E-05
   215.639955810680        0.426275813163017E-05
   217.104756933394        0.448858098773844E-05
   218.602670397767        0.468878439493971E-05
   220.124749380090        0.487567271226918E-05
   221.662887702200        0.503930093362708E-05
   223.209960206558        0.518968628290475E-05
   224.759941981240        0.531835601969133E-05
   226.308021306630        0.544400405856439E-05
   227.850647468283        0.555086876757732E-05
   229.385484153003        0.564754705491161E-05
   230.911271188553        0.573722540530939E-05
   232.427616651965        0.581222738054768E-05
   233.934751413835        0.588703918157692E-05
   235.433281612828        0.595122858139362E-05
   236.923971715458        0.600450366431715E-05
   238.407581953554        0.605760861127774E-05
   239.884770625537        0.610702681549655E-05
   241.356057247142        0.614885277954379E-05
   242.821831004677        0.619054790957493E-05
   244.282383801190        0.622210677229761E-05
   245.737949223441        0.625352404399880E-05
   247.188735624245        0.627739876203506E-05
   248.634949055874        0.629795770183746E-05
   250.076806788972        0.630843805400448E-05
   251.551614924598        0.631000000000000E-05
   252.982356781195        0.631000000000000E-05
   254.034613726403        0.629062524484801E-05
   254.454903207167        0.627055299878326E-05
   254.169312317307        0.623135443790821E-05
   253.210428629208        0.618315266444792E-05
   251.670982378659        0.612688089802163E-05
   249.669936532822        0.606089609468775E-05
   247.329738239719        0.598635639031056E-05
   244.764626119132        0.589915809422291E-05
   242.076283645891        0.580983250643149E-05
   239.354154166897        0.572245582180106E-05
   236.675749819698        0.563030640327586E-05
   234.107649551027        0.553331453922706E-05
   231.708956774502        0.544184407229779E-05
   229.516026535579        0.534564162392290E-05
   227.540067454056        0.525149706701970E-05
   225.775013645654        0.515911544035535E-05
   224.203599687752        0.506852632464330E-05
   222.802302573204        0.497954124364006E-05
   221.545297122709        0.489088095105924E-05
   220.407206378173        0.479626015489095E-05
   219.365640095208        0.471191572578194E-05
   218.402575471473        0.462882436191286E-05
   217.504865794537        0.454004093113407E-05
   216.663503143611        0.445695303539459E-05
   215.873519659458        0.437788897208270E-05
   215.133341103910        0.429353485239047E-05
   214.443891151378        0.421381240864991E-05
   213.807630614597        0.413855975279933E-05
   213.226914330512        0.406451541740707E-05
   212.702386815082        0.399169834356012E-05
   212.231215677222        0.392007462777951E-05
   211.806500987300        0.385967319013969E-05
   211.418568788473        0.380178689661116E-05
   211.056488281548        0.374483624012696E-05
   210.710150999010        0.369305929459589E-05
   210.369014540925        0.365423494820601E-05
   210.032352819755        0.362170625352984E-05
   209.713193634881        0.358971345336888E-05
   209.435839345520        0.356550506398696E-05
   209.231878462408        0.354487348058345E-05
   209.133897857441        0.353229100027705E-05
   209.165153881797        0.352230425949977E-05
   209.353625631480        0.351247256004504E-05
   209.630520711796        0.363882604333439E-05
   210.057884328494        0.451673639753607E-05
   210.545565407474        0.539651110348596E-05
   211.241215761013        0.595449988769808E-05
   212.237743865274        0.686534253045136E-05
   216.445990193412        0.121063923895687E-04
   220.791602988783        0.212499895399891E-04
   225.112001115233        0.363779775672810E-04
   229.388636182075        0.607035377898722E-04
   233.599517625196        0.986627506238091E-04
   237.719896490411        0.156055146928541E-03
   241.723776694094        0.240013761252657E-03
   245.586156153528        0.358747003412429E-03
   249.285556520995        0.521064021870905E-03
   252.806179164830        0.735781643057394E-03
   256.139103245701        0.101116218596941E-02
   259.282277426460        0.135450929273266E-02
   262.239433049612        0.177196102316294E-02
   265.018484991860        0.226845215706967E-02
   267.629894082434        0.284777876880247E-02
   270.085283059481        0.351269811690549E-02
   272.396414718233        0.426501705849382E-02
   274.766826000635        0.517982910754594E-02
   277.056302650238        0.607840274993978E-02
   279.252071925328        0.709683082459629E-02
   281.332550916372        0.820948469899485E-02
   283.317615572216        0.930359932201638E-02
   285.211838244019        0.106658439193689E-01
   286.158826247780        0.113475650300176E-01
