   211.067880530258        0.379872571288484E-05
   212.399806957657        0.410392831384784E-05
   213.776287966298        0.439495114710786E-05
   215.201496092704        0.466240063976916E-05
   216.668924330826        0.490652257272491E-05
   218.169420353064        0.512736629663818E-05
   219.694064804530        0.532498351552163E-05
   221.234801066967        0.550942887398605E-05
   222.784557207531        0.567075201648257E-05
   224.337350185288        0.580895462852164E-05
   225.888388875473        0.593708235415189E-05
   227.434117678336        0.606085209207213E-05
   228.972171169030        0.616182911836064E-05
   230.501241334959        0.625680721772122E-05
   232.020877486525        0.634161071002671E-05
   233.531248763938        0.641717183092670E-05
   235.032902993703        0.649047852580800E-05
   236.526553661055        0.655361277322884E-05
   238.012918838623        0.661438836642053E-05
   239.492623258310        0.666624814429462E-05
   240.966160394026        0.670798377850929E-05
   242.433899686944        0.674958971708726E-05
   243.896118555335        0.679106049426565E-05
   245.353040632549        0.682239071450549E-05
   246.804868429308        0.684678912879237E-05
   248.251806101442        0.686730559895941E-05
   249.694072973062        0.688774393083734E-05
   251.161233702973        0.689810279918700E-05
   252.612737085399        0.689161767415657E-05
   253.710888045614        0.688143858582398E-05
   254.182242062992        0.686139823199241E-05
   253.944240448592        0.683309768573721E-05
   253.026045452612        0.678583391632153E-05
   251.517997410199        0.672790275626236E-05
   249.539645030304        0.666461289047931E-05
   247.216167451025        0.659013156838491E-05
   244.664044743264        0.650716172899013E-05
   241.987094008951        0.642467671950505E-05
   239.276724916686        0.632877038010909E-05
   236.612037094214        0.623619706779238E-05
   234.060694926730        0.614590775541655E-05
   231.682052091253        0.604776345067035E-05
   229.512370168783        0.596159854482973E-05
   227.562701218129        0.586746809282215E-05
   225.826966275780        0.577503286187212E-05
   224.287906992219        0.568349748334922E-05
   222.921527503134        0.558535929385932E-05
   221.701496068898        0.549796170828229E-05
   220.602045898541        0.541191378500773E-05
   219.600433916121        0.532742035415505E-05
   218.678593344006        0.523424266254923E-05
   217.823114938433        0.515243509098268E-05
   217.024860584814        0.506237314429256E-05
   216.278594226735        0.498279958398953E-05
   215.582347555163        0.489900805974067E-05
   214.936420893583        0.481826159352654E-05
   214.342822168205        0.474282196602301E-05
   213.804171008711        0.466852258983543E-05
   213.321657621218        0.459543305385254E-05
   212.892887969183        0.452352102918728E-05
   212.511813576610        0.445275733478635E-05
   212.168487147788        0.439419122330775E-05
   211.851077286583        0.433698204498987E-05
   211.548460215665        0.428456021098158E-05
   211.249162719159        0.424519510678573E-05
   210.950901146178        0.420665420604832E-05
   210.664902244044        0.417689702990701E-05
   210.414078013831        0.414870342501659E-05
   210.228392370283        0.413253378931467E-05
   210.137935991968        0.411465540236076E-05
   210.166966757572        0.410228886663655E-05
   210.330054273587        0.409240470180901E-05
   210.632066173761        0.422111321668574E-05
   211.028579102138        0.474257714969361E-05
   211.543264755503        0.569853742352597E-05
   212.100761563490        0.671882037874580E-05
   212.767915234172        0.737938714784596E-05
   216.146256350740        0.116424090334600E-04
   220.487309814628        0.204551396984562E-04
   224.803939879765        0.350523302759930E-04
   229.078018248326        0.585547034071947E-04
   233.288058324256        0.952845682282043E-04
   237.409817450925        0.150916254970135E-03
   241.417665985583        0.232464356720604E-03
   245.286667962473        0.348046960468932E-03
   248.995034272338        0.506426075418086E-03
   252.526409210746        0.716420344894583E-03
   255.871289058570        0.986343142168025E-03
   259.027029315891        0.132358052642400E-02
   261.996838271440        0.173436525717992E-02
   264.788226845882        0.222372406259860E-02
   267.411381503051        0.279553370972200E-02
   269.877765247240        0.345261834919166E-02
   272.199069298780        0.419683910077757E-02
   274.553193102320        0.509773015568550E-02
   276.850922974975        0.599960480578921E-02
   279.052770867318        0.699251713288283E-02
   281.140608629284        0.810919938089758E-02
   283.128192154002        0.917421567290929E-02
   285.029297426055        0.105375621089524E-01
   285.978962386849        0.112212819445184E-01
