     ALT          P          T          FH2O           O3           THEAT        TCOOL        PSATCO2        FCO2
7.2837E+01  3.2610E-05 2.2546E+02    3.2459E-06    1.3141E-07    3.7261E+01   -7.3940E+01    7.4929E+00    2.2000E-04
7.1696E+01  3.8507E-05 2.2687E+02    3.3827E-06    1.6862E-07    5.3763E+00   -4.6897E+01    7.9184E+00    2.2000E-04
7.0558E+01  4.5413E-05 2.2833E+02    3.5128E-06    2.1456E-07    2.8970E+00   -2.8914E+01    8.3815E+00    2.2000E-04
6.9422E+01  5.3490E-05 2.2986E+02    3.6265E-06    2.6727E-07    2.9029E+00   -1.7692E+01    8.8875E+00    2.2000E-04
6.8286E+01  6.2924E-05 2.3146E+02    3.7181E-06    3.2172E-07    3.1455E+00   -1.1208E+01    9.4372E+00    2.2000E-04
6.7153E+01  7.3929E-05 2.3310E+02    3.8088E-06    3.7711E-07    3.4084E+00   -7.7226E+00    1.0029E+01    2.2000E-04
6.6020E+01  8.6749E-05 2.3477E+02    3.8895E-06    4.3402E-07    3.6792E+00   -5.9977E+00    1.0662E+01    2.2000E-04
6.4889E+01  1.0166E-04 2.3647E+02    3.9600E-06    4.9604E-07    3.9756E+00   -5.2343E+00    1.1333E+01    2.2000E-04
6.3759E+01  1.1899E-04 2.3818E+02    4.0252E-06    5.6424E-07    4.3153E+00   -4.9934E+00    1.2039E+01    2.2000E-04
6.2630E+01  1.3910E-04 2.3989E+02    4.0804E-06    6.4002E-07    4.6910E+00   -5.0118E+00    1.2777E+01    2.2000E-04
6.1503E+01  1.6240E-04 2.4159E+02    4.1255E-06    7.2415E-07    5.1025E+00   -5.1606E+00    1.3545E+01    2.2000E-04
6.0377E+01  1.8937E-04 2.4328E+02    4.1706E-06    8.1632E-07    5.5433E+00   -5.3843E+00    1.4341E+01    2.2000E-04
5.9254E+01  2.2053E-04 2.4496E+02    4.2156E-06    9.1819E-07    6.0112E+00   -5.6545E+00    1.5163E+01    2.2000E-04
5.8132E+01  2.5650E-04 2.4662E+02    4.2453E-06    1.0260E-06    6.4828E+00   -5.9472E+00    1.6010E+01    2.2000E-04
5.7013E+01  2.9796E-04 2.4826E+02    4.2777E-06    1.1481E-06    6.9803E+00   -6.2673E+00    1.6883E+01    2.2000E-04
5.5896E+01  3.4568E-04 2.4989E+02    4.3000E-06    1.2801E-06    7.4733E+00   -6.6001E+00    1.7781E+01    2.2000E-04
5.4782E+01  4.0054E-04 2.5150E+02    4.3223E-06    1.4260E-06    7.9645E+00   -6.9260E+00    1.8707E+01    2.2000E-04
5.3671E+01  4.6353E-04 2.5311E+02    4.3446E-06    1.5962E-06    8.4666E+00   -7.2597E+00    1.9660E+01    2.2000E-04
5.2562E+01  5.3574E-04 2.5470E+02    4.3568E-06    1.7738E-06    8.8987E+00   -7.5832E+00    2.0642E+01    2.2000E-04
5.1457E+01  6.1842E-04 2.5629E+02    4.3600E-06    1.9788E-06    9.3007E+00   -7.8978E+00    2.1654E+01    2.2000E-04
5.0355E+01  7.1297E-04 2.5786E+02    4.3700E-06    2.2005E-06    9.6160E+00   -8.1993E+00    2.2697E+01    2.2000E-04
4.9257E+01  8.2093E-04 2.5944E+02    4.3600E-06    2.4451E-06    9.8380E+00   -8.4950E+00    2.3772E+01    2.2000E-04
4.8162E+01  9.4405E-04 2.6104E+02    4.3551E-06    2.7082E-06    9.9416E+00   -8.8106E+00    2.4906E+01    2.2000E-04
4.7071E+01  1.0843E-03 2.6260E+02    4.3332E-06    3.0039E-06    9.9584E+00   -9.1405E+00    2.6050E+01    2.2000E-04
4.5984E+01  1.2437E-03 2.6381E+02    4.3030E-06    3.3440E-06    9.8939E+00   -9.3348E+00    2.6957E+01    2.2000E-04
4.4904E+01  1.4249E-03 2.6439E+02    4.2699E-06    3.7514E-06    9.7574E+00   -9.3018E+00    2.7408E+01    2.2000E-04
4.3834E+01  1.6303E-03 2.6426E+02    4.2159E-06    4.2219E-06    9.5100E+00   -9.0347E+00    2.7306E+01    2.2000E-04
4.2776E+01  1.8631E-03 2.6338E+02    4.1530E-06    4.7411E-06    9.1255E+00   -8.5724E+00    2.6635E+01    2.2000E-04
4.1733E+01  2.1263E-03 2.6179E+02    4.0814E-06    5.2954E-06    8.6190E+00   -7.9693E+00    2.5450E+01    2.2000E-04
4.0708E+01  2.4237E-03 2.5957E+02    3.9983E-06    5.8243E-06    7.9973E+00   -7.2727E+00    2.3863E+01    2.2000E-04
3.9702E+01  2.7593E-03 2.5684E+02    3.9176E-06    6.3059E-06    7.3348E+00   -6.5366E+00    2.2016E+01    2.2000E-04
3.8718E+01  3.1373E-03 2.5374E+02    3.8224E-06    6.7199E-06    6.6900E+00   -5.8008E+00    2.0046E+01    2.2000E-04
3.7757E+01  3.5626E-03 2.5039E+02    3.7197E-06    7.0708E-06    6.1025E+00   -5.1017E+00    1.8062E+01    2.2000E-04
3.6818E+01  4.0405E-03 2.4686E+02    3.6214E-06    7.3431E-06    5.5713E+00   -4.4534E+00    1.6138E+01    2.2000E-04
3.5902E+01  4.5767E-03 2.4324E+02    3.5260E-06    7.5520E-06    5.0942E+00   -3.8811E+00    1.4321E+01    2.2000E-04
3.5009E+01  5.1775E-03 2.3958E+02    3.4234E-06    7.7064E-06    4.6609E+00   -3.3865E+00    1.2641E+01    2.2000E-04
3.4139E+01  5.8499E-03 2.3594E+02    3.3235E-06    7.7971E-06    4.2564E+00   -2.9627E+00    1.1118E+01    2.2000E-04
3.3291E+01  6.6012E-03 2.3238E+02    3.2259E-06    7.8143E-06    3.8728E+00   -2.5982E+00    9.7657E+00    2.2000E-04
3.2465E+01  7.4396E-03 2.2897E+02    3.1307E-06    7.7592E-06    3.5098E+00   -2.2814E+00    8.5883E+00    2.2000E-04
3.1659E+01  8.3739E-03 2.2577E+02    3.0376E-06    7.6295E-06    3.1678E+00   -2.0034E+00    7.5837E+00    2.2000E-04
3.0873E+01  9.4137E-03 2.2284E+02    2.9467E-06    7.4199E-06    2.8462E+00   -1.7596E+00    6.7427E+00    2.2000E-04
3.0105E+01  1.0569E-02 2.2021E+02    2.8575E-06    7.1310E-06    2.5457E+00   -1.5586E+00    6.0516E+00    2.2000E-04
2.9354E+01  1.1852E-02 2.1791E+02    2.7718E-06    6.7852E-06    2.2707E+00   -1.3408E+00    5.4906E+00    2.2000E-04
2.8619E+01  1.3273E-02 2.1592E+02    2.6943E-06    6.3925E-06    2.0215E+00   -1.1484E+00    4.9639E+00    2.2000E-04
2.7898E+01  1.4846E-02 2.1420E+02    2.6201E-06    5.9707E-06    1.7990E+00   -9.8207E-01    4.4236E+00    2.2000E-04
2.7191E+01  1.6585E-02 2.1272E+02    2.5471E-06    5.5325E-06    1.6022E+00   -8.4063E-01    3.9996E+00    2.2000E-04
2.6497E+01  1.8504E-02 2.1144E+02    2.4730E-06    5.0843E-06    1.4293E+00   -7.2292E-01    3.6611E+00    2.2000E-04
2.5814E+01  2.0619E-02 2.1032E+02    2.4061E-06    4.6547E-06    1.2813E+00   -6.2673E-01    3.3855E+00    2.2000E-04
2.5144E+01  2.2946E-02 2.0933E+02    2.3402E-06    4.2309E-06    1.1523E+00   -5.4945E-01    3.1566E+00    2.2000E-04
2.4484E+01  2.5504E-02 2.0844E+02    2.2753E-06    3.8299E-06    1.0408E+00   -4.8706E-01    2.9627E+00    2.2000E-04
2.3835E+01  2.8312E-02 2.0763E+02    2.2114E-06    3.4483E-06    9.4236E-01   -4.3574E-01    2.7958E+00    2.2000E-04
2.3196E+01  3.1389E-02 2.0689E+02    2.1483E-06    3.0954E-06    8.5483E-01   -3.9117E-01    2.6501E+00    2.2000E-04
2.2567E+01  3.4757E-02 2.0621E+02    2.0862E-06    2.7689E-06    7.7523E-01   -3.5050E-01    2.5216E+00    2.2000E-04
2.1948E+01  3.8438E-02 2.0558E+02    2.0321E-06    2.4705E-06    7.0180E-01   -3.1215E-01    2.4076E+00    2.2000E-04
2.1339E+01  4.2454E-02 2.0500E+02    1.9748E-06    2.1915E-06    6.3229E-01   -2.7566E-01    2.3063E+00    2.2000E-04
2.0739E+01  4.6832E-02 2.0446E+02    1.9255E-06    1.9311E-06    5.6628E-01   -2.4144E-01    2.2170E+00    2.2000E-04
2.0149E+01  5.1596E-02 2.0399E+02    1.8695E-06    1.6956E-06    5.0470E-01   -2.0760E-01    2.1391E+00    2.2000E-04
1.9567E+01  5.6773E-02 2.0356E+02    1.8234E-06    1.4729E-06    4.4663E-01   -1.7624E-01    2.0726E+00    2.2000E-04
1.8995E+01  6.2390E-02 2.0320E+02    1.7779E-06    1.2738E-06    3.9393E-01   -1.4494E-01    2.0170E+00    2.2000E-04
1.8431E+01  6.8477E-02 2.0290E+02    1.7331E-06    1.0904E-06    3.4619E-01   -1.1502E-01    1.9719E+00    2.2000E-04
1.7876E+01  7.5063E-02 2.0266E+02    1.6890E-06    9.2682E-07    3.0424E-01   -8.6550E-02    1.9366E+00    2.2000E-04
1.7328E+01  8.2179E-02 2.0248E+02    1.6541E-06    7.8028E-07    2.6784E-01   -6.1908E-02    1.9101E+00    2.2000E-04
1.6789E+01  8.9855E-02 2.0235E+02    1.6220E-06    6.4953E-07    2.3659E-01   -4.2881E-02    1.8917E+00    2.2000E-04
1.6258E+01  9.8126E-02 2.0228E+02    1.5903E-06    5.3214E-07    2.0981E-01   -3.0829E-02    1.8806E+00    2.2000E-04
1.5735E+01  1.0702E-01 2.0224E+02    1.5694E-06    4.3124E-07    1.8653E-01    1.1564E-02    1.8758E+00    2.2000E-04
1.5220E+01  1.1658E-01 2.0225E+02    1.5489E-06    3.4562E-07    1.6703E-01    1.4805E-02    1.8775E+00    2.2000E-04
1.4712E+01  1.2683E-01 2.0233E+02    1.5293E-06    2.7463E-07    1.5104E-01    1.3957E-02    1.8881E+00    2.2000E-04
1.4211E+01  1.3780E-01 2.0247E+02    1.5194E-06    2.1647E-07    1.3799E-01    1.1008E-02    1.9086E+00    2.2000E-04
1.3718E+01  1.4954E-01 2.0270E+02    1.5096E-06    1.6797E-07    1.2716E-01    7.2799E-03    1.9424E+00    2.2000E-04
1.3232E+01  1.6207E-01 2.0302E+02    1.5004E-06    1.2961E-07    1.1863E-01    5.3486E-03    1.9899E+00    2.2000E-04
1.2753E+01  1.7544E-01 2.0347E+02    1.7607E-06    1.0378E-07    1.1415E-01   -2.4183E-03    2.0582E+00    2.2000E-04
1.2280E+01  1.8966E-01 2.0396E+02    2.0524E-06    8.6770E-08    1.1130E-01    1.1079E-02    2.1358E+00    2.2000E-04
1.1813E+01  2.0478E-01 2.0458E+02    2.2598E-06    7.3742E-08    1.0973E-01    4.3948E-02    2.2363E+00    2.2000E-04
1.1353E+01  2.2083E-01 2.0562E+02    2.6510E-06    6.3841E-08    1.0987E-01   -8.2190E-03    2.4150E+00    2.2000E-04
1.0896E+01  2.3783E-01 2.0843E+02    3.9901E-06    5.7553E-08    1.1646E-01   -9.6568E-02    2.9601E+00    2.2000E-04
1.0441E+01  2.5582E-01 2.1060E+02    5.4390E-06    5.3583E-08    1.2482E-01   -2.1622E-01    3.4516E+00    2.2000E-04
9.9876E+00  2.7482E-01 2.1501E+02    9.9526E-06    5.0659E-08    1.4916E-01   -5.7310E-01    4.6728E+00    2.2000E-04
9.5327E+00  2.9487E-01 2.1942E+02    1.7743E-05    4.8139E-08    1.8518E-01   -9.5181E-01    5.8535E+00    2.2000E-04
9.0770E+00  3.1598E-01 2.2381E+02    3.0834E-05    4.5797E-08    2.3256E-01   -1.3351E+00    7.0125E+00    2.2000E-04
8.6209E+00  3.3817E-01 2.2815E+02    5.2207E-05    4.3512E-08    2.9090E-01   -1.6977E+00    8.3237E+00    2.2000E-04
8.1647E+00  3.6146E-01 2.3244E+02    8.6054E-05    4.1244E-08    3.5693E-01   -2.0020E+00    9.7878E+00    2.2000E-04
7.7090E+00  3.8587E-01 2.3664E+02    1.3795E-04    3.9056E-08    4.2548E-01   -2.2124E+00    1.1400E+01    2.2000E-04
7.2543E+00  4.1141E-01 2.4072E+02    2.1488E-04    3.6871E-08    4.9799E-01   -2.3514E+00    1.3148E+01    2.2000E-04
6.8011E+00  4.3809E-01 2.4466E+02    3.2500E-04    3.4772E-08    5.7606E-01   -2.4223E+00    1.5015E+01    2.2000E-04
6.3499E+00  4.6591E-01 2.4844E+02    4.7718E-04    3.2687E-08    6.4801E-01   -2.4278E+00    1.6980E+01    2.2000E-04
5.9014E+00  4.9488E-01 2.5204E+02    6.8040E-04    3.0684E-08    7.0121E-01   -2.4040E+00    1.9019E+01    2.2000E-04
5.4561E+00  5.2498E-01 2.5544E+02    9.4317E-04    2.8718E-08    7.3738E-01   -2.3784E+00    2.1109E+01    2.2000E-04
5.0147E+00  5.5621E-01 2.5865E+02    1.2731E-03    2.6770E-08    7.6510E-01   -2.3393E+00    2.3227E+01    2.2000E-04
4.5777E+00  5.8856E-01 2.6166E+02    1.6766E-03    2.4915E-08    7.8714E-01   -2.2717E+00    2.5357E+01    2.2000E-04
4.1456E+00  6.2200E-01 2.6449E+02    2.1588E-03    2.3188E-08    8.0071E-01   -2.1989E+00    2.7484E+01    2.2000E-04
3.7190E+00  6.5651E-01 2.6715E+02    2.7241E-03    2.1500E-08    8.0427E-01   -2.1115E+00    2.9599E+01    2.2000E-04
3.2982E+00  6.9207E-01 2.6965E+02    3.3755E-03    1.9980E-08    8.0019E-01   -1.9737E+00    3.1693E+01    2.2000E-04
2.8838E+00  7.2863E-01 2.7200E+02    4.1152E-03    1.8551E-08    7.9214E-01   -1.8141E+00    3.3762E+01    2.2000E-04
2.4759E+00  7.6616E-01 2.7436E+02    5.0077E-03    1.7270E-08    7.8641E-01   -1.6954E+00    3.5939E+01    2.2000E-04
2.0747E+00  8.0461E-01 2.7670E+02    5.9204E-03    1.6175E-08    7.6769E-01   -1.5878E+00    3.8191E+01    2.2000E-04
1.6806E+00  8.4392E-01 2.7893E+02    6.9061E-03    1.5246E-08    7.4662E-01   -1.5368E+00    4.0445E+01    2.2000E-04
1.2937E+00  8.8403E-01 2.8105E+02    8.0379E-03    1.4396E-08    7.3118E-01   -1.5650E+00    4.2678E+01    2.2000E-04
9.1447E-01  9.2489E-01 2.8307E+02    9.1179E-03    1.3691E-08    7.1468E-01   -1.6470E+00    4.4890E+01    2.2000E-04
5.4310E-01  9.6642E-01 2.8501E+02    1.0493E-02    1.3149E-08    7.2126E-01   -1.8991E+00    4.7091E+01    2.2000E-04
1.7986E-01  1.0085E+00 2.8685E+02    1.1814E-02    1.2718E-08    7.3629E-01   -2.1322E+00    4.9257E+01    2.2000E-04
0.0000E+00  1.0300E+00 2.8777E+02    1.2480E-02    1.2800E-08    7.8466E+00   -3.4107E+00    5.0376E+01    2.2000E-04
