     ALT          P          T          FH2O           O3           THEAT        TCOOL        PSATCO2        FCO2
7.3838E+01  3.2610E-05 2.2497E+02    4.9022E-06    1.1378E-07    3.7139E+01   -7.3979E+01    7.3486E+00    2.1900E-04
7.2702E+01  3.8506E-05 2.2637E+02    5.1076E-06    1.4655E-07    5.3209E+00   -4.7488E+01    7.7665E+00    2.1900E-04
7.1567E+01  4.5410E-05 2.2783E+02    5.2854E-06    1.8806E-07    2.7900E+00   -2.9802E+01    8.2222E+00    2.1900E-04
7.0435E+01  5.3485E-05 2.2937E+02    5.4441E-06    2.3402E-07    2.7548E+00   -1.8721E+01    8.7215E+00    2.1900E-04
6.9303E+01  6.2917E-05 2.3097E+02    5.5936E-06    2.8258E-07    2.9647E+00   -1.2263E+01    9.2651E+00    2.1900E-04
6.8173E+01  7.3919E-05 2.3261E+02    5.7177E-06    3.3230E-07    3.1970E+00   -8.7551E+00    9.8520E+00    2.1900E-04
6.7045E+01  8.6735E-05 2.3430E+02    5.8306E-06    3.8372E-07    3.4391E+00   -6.9838E+00    1.0480E+01    2.1900E-04
6.5917E+01  1.0165E-04 2.3601E+02    5.9367E-06    4.4120E-07    3.7121E+00   -6.1538E+00    1.1147E+01    2.1900E-04
6.4791E+01  1.1897E-04 2.3773E+02    6.0269E-06    5.0466E-07    4.0280E+00   -5.8358E+00    1.1850E+01    2.1900E-04
6.3665E+01  1.3907E-04 2.3946E+02    6.1052E-06    5.7472E-07    4.3768E+00   -5.7726E+00    1.2587E+01    2.1900E-04
6.2542E+01  1.6236E-04 2.4118E+02    6.1826E-06    6.5330E-07    4.7642E+00   -5.8404E+00    1.3354E+01    2.1900E-04
6.1420E+01  1.8931E-04 2.4289E+02    6.2433E-06    7.4037E-07    5.1849E+00   -5.9691E+00    1.4150E+01    2.1900E-04
6.0299E+01  2.2046E-04 2.4458E+02    6.2981E-06    8.3579E-07    5.6313E+00   -6.1368E+00    1.4974E+01    2.1900E-04
5.9181E+01  2.5641E-04 2.4626E+02    6.3529E-06    9.3989E-07    6.0957E+00   -6.3321E+00    1.5823E+01    2.1900E-04
5.8065E+01  2.9785E-04 2.4792E+02    6.3975E-06    1.0522E-06    6.5660E+00   -6.5445E+00    1.6699E+01    2.1900E-04
5.6951E+01  3.4555E-04 2.4957E+02    6.4421E-06    1.1759E-06    7.0459E+00   -6.7731E+00    1.7601E+01    2.1900E-04
5.5839E+01  4.0039E-04 2.5120E+02    6.4766E-06    1.3195E-06    7.5519E+00   -6.9954E+00    1.8530E+01    2.1900E-04
5.4731E+01  4.6334E-04 2.5282E+02    6.5009E-06    1.4731E-06    8.0268E+00   -7.2155E+00    1.9486E+01    2.1900E-04
5.3625E+01  5.3551E-04 2.5443E+02    6.5326E-06    1.6427E-06    8.4724E+00   -7.4401E+00    2.0472E+01    2.1900E-04
5.2523E+01  6.1814E-04 2.5603E+02    6.5546E-06    1.8411E-06    8.9071E+00   -7.6608E+00    2.1488E+01    2.1900E-04
5.1423E+01  7.1263E-04 2.5762E+02    6.5666E-06    2.0557E-06    9.2614E+00   -7.8666E+00    2.2534E+01    2.1900E-04
5.0327E+01  8.2052E-04 2.5921E+02    6.5785E-06    2.2937E-06    9.5319E+00   -8.0614E+00    2.3612E+01    2.1900E-04
4.9235E+01  9.4356E-04 2.6078E+02    6.5800E-06    2.5547E-06    9.6949E+00   -8.2710E+00    2.4722E+01    2.1900E-04
4.8146E+01  1.0837E-03 2.6240E+02    6.5800E-06    2.8300E-06    9.7240E+00   -8.5765E+00    2.5901E+01    2.1900E-04
4.7061E+01  1.2430E-03 2.6395E+02    6.5761E-06    3.1337E-06    9.6387E+00   -8.8678E+00    2.7063E+01    2.1900E-04
4.5981E+01  1.4240E-03 2.6504E+02    6.5545E-06    3.4571E-06    9.4079E+00   -8.9582E+00    2.7913E+01    2.1900E-04
4.4908E+01  1.6293E-03 2.6545E+02    6.5330E-06    3.8006E-06    9.0426E+00   -8.7959E+00    2.8233E+01    2.1900E-04
4.3845E+01  1.8619E-03 2.6512E+02    6.4936E-06    4.1591E-06    8.5587E+00   -8.4163E+00    2.7972E+01    2.1900E-04
4.2796E+01  2.1250E-03 2.6411E+02    6.4516E-06    4.5063E-06    7.9667E+00   -7.8919E+00    2.7187E+01    2.1900E-04
4.1762E+01  2.4221E-03 2.6253E+02    6.3903E-06    4.8183E-06    7.3080E+00   -7.2927E+00    2.5997E+01    2.1900E-04
4.0745E+01  2.7574E-03 2.6053E+02    6.3291E-06    5.0929E-06    6.6491E+00   -6.6776E+00    2.4541E+01    2.1900E-04
3.9746E+01  3.1351E-03 2.5823E+02    6.2592E-06    5.3318E-06    6.0339E+00   -6.0801E+00    2.2946E+01    2.1900E-04
3.8767E+01  3.5600E-03 2.5574E+02    6.1809E-06    5.5080E-06    5.4666E+00   -5.5177E+00    2.1304E+01    2.1900E-04
3.7808E+01  4.0375E-03 2.5314E+02    6.0941E-06    5.6528E-06    4.9742E+00   -5.0098E+00    1.9678E+01    2.1900E-04
3.6868E+01  4.5732E-03 2.5046E+02    6.0011E-06    5.7766E-06    4.5513E+00   -4.5646E+00    1.8102E+01    2.1900E-04
3.5948E+01  5.1735E-03 2.4773E+02    5.9091E-06    5.8708E-06    4.1784E+00   -4.1748E+00    1.6597E+01    2.1900E-04
3.5047E+01  5.8452E-03 2.4499E+02    5.8090E-06    5.9425E-06    3.8447E+00   -3.8354E+00    1.5176E+01    2.1900E-04
3.4166E+01  6.5958E-03 2.4225E+02    5.7091E-06    5.9936E-06    3.5406E+00   -3.5337E+00    1.3852E+01    2.1900E-04
3.3304E+01  7.4334E-03 2.3957E+02    5.6057E-06    6.0281E-06    3.2596E+00   -3.2558E+00    1.2638E+01    2.1900E-04
3.2461E+01  8.3668E-03 2.3698E+02    5.5045E-06    6.0182E-06    2.9888E+00   -2.9913E+00    1.1541E+01    2.1900E-04
3.1636E+01  9.4055E-03 2.3453E+02    5.4055E-06    5.9679E-06    2.7289E+00   -2.7389E+00    1.0568E+01    2.1900E-04
3.0828E+01  1.0560E-02 2.3225E+02    5.3086E-06    5.8700E-06    2.4792E+00   -2.5279E+00    9.7215E+00    2.1900E-04
3.0037E+01  1.1841E-02 2.3019E+02    5.2135E-06    5.7169E-06    2.2402E+00   -2.2762E+00    8.9964E+00    2.1900E-04
2.9261E+01  1.3261E-02 2.2832E+02    5.1205E-06    5.5211E-06    2.0173E+00   -2.0405E+00    8.3792E+00    2.1900E-04
2.8500E+01  1.4832E-02 2.2666E+02    5.0291E-06    5.2720E-06    1.8104E+00   -1.8236E+00    7.8532E+00    2.1900E-04
2.7752E+01  1.6569E-02 2.2515E+02    4.9395E-06    4.9983E-06    1.6253E+00   -1.6279E+00    7.4015E+00    2.1900E-04
2.7018E+01  1.8486E-02 2.2379E+02    4.8514E-06    4.6841E-06    1.4588E+00   -1.4545E+00    7.0084E+00    2.1900E-04
2.6297E+01  2.0598E-02 2.2253E+02    4.7649E-06    4.3678E-06    1.3148E+00   -1.3033E+00    6.6601E+00    2.1900E-04
2.5589E+01  2.2923E-02 2.2136E+02    4.6799E-06    4.0316E-06    1.1875E+00   -1.1730E+00    6.3458E+00    2.1900E-04
2.4892E+01  2.5478E-02 2.2024E+02    4.5963E-06    3.7040E-06    1.0770E+00   -1.0601E+00    6.0575E+00    2.1900E-04
2.4208E+01  2.8283E-02 2.1916E+02    4.5142E-06    3.3773E-06    9.7817E-01   -9.6117E-01    5.7894E+00    2.1900E-04
2.3535E+01  3.1356E-02 2.1811E+02    4.4334E-06    3.0618E-06    8.8884E-01   -8.7206E-01    5.5382E+00    2.1900E-04
2.2874E+01  3.4720E-02 2.1710E+02    4.3541E-06    2.7604E-06    8.0657E-01   -7.8982E-01    5.3020E+00    2.1900E-04
2.2224E+01  3.8396E-02 2.1611E+02    4.2768E-06    2.4754E-06    7.2964E-01   -7.1314E-01    5.0288E+00    2.1900E-04
2.1585E+01  4.2408E-02 2.1517E+02    4.2094E-06    2.1997E-06    6.5619E-01   -6.4259E-01    4.7206E+00    2.1900E-04
2.0957E+01  4.6780E-02 2.1426E+02    4.1341E-06    1.9482E-06    5.8778E-01   -5.7593E-01    4.4427E+00    2.1900E-04
2.0339E+01  5.1538E-02 2.1342E+02    4.0684E-06    1.7107E-06    5.2334E-01   -5.1441E-01    4.1952E+00    2.1900E-04
1.9733E+01  5.6708E-02 2.1264E+02    3.9978E-06    1.4921E-06    4.6379E-01   -4.5627E-01    3.9777E+00    2.1900E-04
1.9136E+01  6.2318E-02 2.1194E+02    3.9381E-06    1.2903E-06    4.0941E-01   -4.0181E-01    3.7890E+00    2.1900E-04
1.8549E+01  6.8397E-02 2.1131E+02    3.8794E-06    1.1061E-06    3.6069E-01   -3.5048E-01    3.6270E+00    2.1900E-04
1.7972E+01  7.4974E-02 2.1075E+02    3.8218E-06    9.3924E-07    3.1776E-01   -3.0304E-01    3.4890E+00    2.1900E-04
1.7405E+01  8.2080E-02 2.1026E+02    3.7720E-06    7.8960E-07    2.8059E-01   -2.6136E-01    3.3718E+00    2.1900E-04
1.6846E+01  8.9747E-02 2.0984E+02    3.7274E-06    6.5548E-07    2.4866E-01   -2.2757E-01    3.2727E+00    2.1900E-04
1.6297E+01  9.8006E-02 2.0948E+02    3.6926E-06    5.3666E-07    2.2155E-01   -2.0283E-01    3.1896E+00    2.1900E-04
1.5756E+01  1.0689E-01 2.0916E+02    3.6602E-06    4.3366E-07    1.9767E-01   -1.5651E-01    3.1200E+00    2.1900E-04
1.5224E+01  1.1643E-01 2.0891E+02    3.6289E-06    3.4663E-07    1.7753E-01   -1.4088E-01    3.0629E+00    2.1900E-04
1.4701E+01  1.2667E-01 2.0871E+02    3.6080E-06    2.7348E-07    1.6088E-01   -1.3156E-01    3.0200E+00    2.1900E-04
1.4186E+01  1.3763E-01 2.0859E+02    3.5874E-06    2.1471E-07    1.4734E-01   -1.2584E-01    2.9945E+00    2.1900E-04
1.3679E+01  1.4935E-01 2.0857E+02    3.5686E-06    1.6556E-07    1.3610E-01   -1.2329E-01    2.9896E+00    2.1900E-04
1.3180E+01  1.6186E-01 2.0865E+02    3.5586E-06    1.2761E-07    1.2724E-01   -1.2038E-01    3.0080E+00    2.1900E-04
1.2688E+01  1.7521E-01 2.0885E+02    3.5512E-06    1.0163E-07    1.2074E-01   -1.1390E-01    3.0515E+00    2.1900E-04
1.2204E+01  1.8941E-01 2.0918E+02    3.5807E-06    8.4998E-08    1.1657E-01   -1.0726E-01    3.1228E+00    2.1900E-04
1.1726E+01  2.0451E-01 2.0962E+02    4.2868E-06    7.1880E-08    1.1637E-01   -1.2032E-01    3.2220E+00    2.1900E-04
1.1256E+01  2.2053E-01 2.1014E+02    4.8264E-06    6.2127E-08    1.1628E-01   -1.0619E-01    3.3419E+00    2.1900E-04
1.0792E+01  2.3751E-01 2.1067E+02    5.4764E-06    5.6678E-08    1.1728E-01   -9.5414E-02    3.4702E+00    2.1900E-04
1.0335E+01  2.5547E-01 2.1178E+02    6.4132E-06    5.3201E-08    1.1976E-01   -5.1369E-02    3.7489E+00    2.1900E-04
9.8828E+00  2.7444E-01 2.1287E+02    7.4773E-06    5.0536E-08    1.2418E-01   -1.1040E-01    4.0397E+00    2.1900E-04
9.4337E+00  2.9446E-01 2.1677E+02    1.2630E-05    4.8146E-08    1.4664E-01   -4.4668E-01    5.2276E+00    2.1900E-04
8.9843E+00  3.1553E-01 2.2112E+02    2.2129E-05    4.5861E-08    1.8462E-01   -8.5403E-01    6.2829E+00    2.1900E-04
8.5343E+00  3.3769E-01 2.2543E+02    3.7815E-05    4.3654E-08    2.3601E-01   -1.2718E+00    7.4840E+00    2.1900E-04
8.0843E+00  3.6095E-01 2.2971E+02    6.2986E-05    4.1460E-08    2.9826E-01   -1.6529E+00    8.8345E+00    2.1900E-04
7.6347E+00  3.8532E-01 2.3391E+02    1.0218E-04    3.9238E-08    3.6604E-01   -1.9477E+00    1.0333E+01    2.1900E-04
7.1858E+00  4.1082E-01 2.3803E+02    1.6130E-04    3.7101E-08    4.3670E-01   -2.1468E+00    1.1974E+01    2.1900E-04
6.7383E+00  4.3746E-01 2.4202E+02    2.4757E-04    3.5048E-08    5.1296E-01   -2.2765E+00    1.3744E+01    2.1900E-04
6.2927E+00  4.6523E-01 2.4587E+02    3.6928E-04    3.2994E-08    5.9045E-01   -2.3258E+00    1.5625E+01    2.1900E-04
5.8494E+00  4.9415E-01 2.4956E+02    5.3524E-04    3.1028E-08    6.5533E-01   -2.3284E+00    1.7596E+01    2.1900E-04
5.4092E+00  5.2420E-01 2.5307E+02    7.5424E-04    2.9085E-08    7.0113E-01   -2.3076E+00    1.9635E+01    2.1900E-04
4.9725E+00  5.5538E-01 2.5638E+02    1.0345E-03    2.7217E-08    7.3403E-01   -2.2881E+00    2.1718E+01    2.1900E-04
4.5400E+00  5.8767E-01 2.5951E+02    1.3832E-03    2.5399E-08    7.6053E-01   -2.2428E+00    2.3826E+01    2.1900E-04
4.1121E+00  6.2106E-01 2.6246E+02    1.8064E-03    2.3633E-08    7.8035E-01   -2.1781E+00    2.5942E+01    2.1900E-04
3.6894E+00  6.5552E-01 2.6522E+02    2.3090E-03    2.1975E-08    7.9071E-01   -2.1097E+00    2.8054E+01    2.1900E-04
3.2723E+00  6.9102E-01 2.6782E+02    2.8947E-03    2.0478E-08    7.9189E-01   -2.0131E+00    3.0150E+01    2.1900E-04
2.8613E+00  7.2752E-01 2.7027E+02    3.5661E-03    1.9067E-08    7.8695E-01   -1.8608E+00    3.2226E+01    2.1900E-04
2.4568E+00  7.6498E-01 2.7257E+02    4.3251E-03    1.7806E-08    7.7895E-01   -1.7125E+00    3.4274E+01    2.1900E-04
2.0590E+00  8.0337E-01 2.7495E+02    5.2520E-03    1.6652E-08    7.7439E-01   -1.6238E+00    3.6500E+01    2.1900E-04
1.6680E+00  8.4261E-01 2.7723E+02    6.1472E-03    1.5614E-08    7.5367E-01   -1.5339E+00    3.8726E+01    2.1900E-04
1.2842E+00  8.8266E-01 2.7942E+02    7.1870E-03    1.4773E-08    7.3824E-01   -1.5294E+00    4.0957E+01    2.1900E-04
9.0780E-01  9.2344E-01 2.8150E+02    8.2957E-03    1.4078E-08    7.2574E-01   -1.5963E+00    4.3158E+01    2.1900E-04
5.3919E-01  9.6490E-01 2.8348E+02    9.4173E-03    1.3500E-08    7.2017E-01   -1.7865E+00    4.5345E+01    2.1900E-04
1.7858E-01  1.0069E+00 2.8537E+02    1.0775E-02    1.3003E-08    7.4002E-01   -2.0396E+00    4.7507E+01    2.1900E-04
0.0000E+00  1.0283E+00 2.8631E+02    1.1455E-02    1.3100E-08    7.9088E+00   -3.5284E+00    4.8617E+01    2.1900E-04
