     ALT          P          T          FH2O           O3           THEAT        TCOOL        PSATCO2        FCO2
7.3447E+01  3.2610E-05 2.2580E+02    3.6363E-06    1.2622E-07    3.7277E+01   -7.4934E+01    7.5921E+00    2.2100E-04
7.2306E+01  3.8507E-05 2.2720E+02    3.7860E-06    1.6150E-07    5.3297E+00   -4.7503E+01    8.0232E+00    2.2100E-04
7.1166E+01  4.5412E-05 2.2867E+02    3.9290E-06    2.0645E-07    2.8628E+00   -2.9311E+01    8.4927E+00    2.2100E-04
7.0028E+01  5.3489E-05 2.3021E+02    4.0464E-06    2.5634E-07    2.8579E+00   -1.7991E+01    9.0062E+00    2.2100E-04
6.8892E+01  6.2922E-05 2.3182E+02    4.1599E-06    3.0946E-07    3.0928E+00   -1.1471E+01    9.5645E+00    2.2100E-04
6.7756E+01  7.3926E-05 2.3347E+02    4.2587E-06    3.6307E-07    3.3459E+00   -7.9749E+00    1.0166E+01    2.2100E-04
6.6622E+01  8.6745E-05 2.3515E+02    4.3421E-06    4.1828E-07    3.6073E+00   -6.2432E+00    1.0810E+01    2.2100E-04
6.5490E+01  1.0166E-04 2.3686E+02    4.4201E-06    4.7905E-07    3.8970E+00   -5.4715E+00    1.1492E+01    2.2100E-04
6.4358E+01  1.1899E-04 2.3858E+02    4.4879E-06    5.4603E-07    4.2303E+00   -5.2180E+00    1.2210E+01    2.2100E-04
6.3228E+01  1.3909E-04 2.4031E+02    4.5557E-06    6.2010E-07    4.5981E+00   -5.2275E+00    1.2962E+01    2.2100E-04
6.2099E+01  1.6239E-04 2.4202E+02    4.6056E-06    7.0250E-07    5.0021E+00   -5.3615E+00    1.3744E+01    2.2100E-04
6.0972E+01  1.8935E-04 2.4373E+02    4.6607E-06    7.9344E-07    5.4382E+00   -5.5704E+00    1.4555E+01    2.2100E-04
5.9847E+01  2.2051E-04 2.4541E+02    4.7057E-06    8.9311E-07    5.9004E+00   -5.8177E+00    1.5392E+01    2.2100E-04
5.8723E+01  2.5647E-04 2.4709E+02    4.7406E-06    1.0043E-06    6.3873E+00   -6.0910E+00    1.6255E+01    2.2100E-04
5.7602E+01  2.9793E-04 2.4874E+02    4.7754E-06    1.1184E-06    6.8568E+00   -6.3843E+00    1.7145E+01    2.2100E-04
5.6484E+01  3.4564E-04 2.5038E+02    4.8001E-06    1.2505E-06    7.3552E+00   -6.6871E+00    1.8060E+01    2.2100E-04
5.5368E+01  4.0050E-04 2.5201E+02    4.8324E-06    1.3964E-06    7.8527E+00   -6.9875E+00    1.9003E+01    2.2100E-04
5.4255E+01  4.6347E-04 2.5362E+02    4.8500E-06    1.5566E-06    8.3277E+00   -7.2862E+00    1.9974E+01    2.2100E-04
5.3145E+01  5.3567E-04 2.5523E+02    4.8668E-06    1.7343E-06    8.7694E+00   -7.5816E+00    2.0975E+01    2.2100E-04
5.2037E+01  6.1834E-04 2.5682E+02    4.8790E-06    1.9305E-06    9.1592E+00   -7.8653E+00    2.2006E+01    2.2100E-04
5.0934E+01  7.1287E-04 2.5841E+02    4.8900E-06    2.1511E-06    9.4912E+00   -8.1347E+00    2.3068E+01    2.2100E-04
4.9833E+01  8.2081E-04 2.6000E+02    4.8900E-06    2.3957E-06    9.7388E+00   -8.3883E+00    2.4163E+01    2.2100E-04
4.8737E+01  9.4390E-04 2.6158E+02    4.8850E-06    2.6636E-06    9.8748E+00   -8.6701E+00    2.5297E+01    2.2100E-04
4.7643E+01  1.0841E-03 2.6323E+02    4.8732E-06    2.9446E-06    9.8719E+00   -9.0082E+00    2.6517E+01    2.2100E-04
4.6554E+01  1.2435E-03 2.6459E+02    4.8514E-06    3.2582E-06    9.7628E+00   -9.2257E+00    2.7561E+01    2.2100E-04
4.5471E+01  1.4246E-03 2.6535E+02    4.8296E-06    3.6036E-06    9.5284E+00   -9.1966E+00    2.8157E+01    2.2100E-04
4.4397E+01  1.6300E-03 2.6540E+02    4.7867E-06    3.9679E-06    9.1487E+00   -8.9177E+00    2.8196E+01    2.2100E-04
4.3334E+01  1.8627E-03 2.6475E+02    4.7442E-06    4.3411E-06    8.6388E+00   -8.4520E+00    2.7680E+01    2.2100E-04
4.2285E+01  2.1259E-03 2.6345E+02    4.6886E-06    4.7039E-06    8.0276E+00   -7.8686E+00    2.6685E+01    2.2100E-04
4.1253E+01  2.4233E-03 2.6162E+02    4.6168E-06    5.0352E-06    7.3607E+00   -7.2309E+00    2.5330E+01    2.2100E-04
4.0239E+01  2.7587E-03 2.5940E+02    4.5416E-06    5.3193E-06    6.6907E+00   -6.5863E+00    2.3748E+01    2.2100E-04
3.9245E+01  3.1366E-03 2.5690E+02    4.4579E-06    5.5583E-06    6.0658E+00   -5.9654E+00    2.2054E+01    2.2100E-04
3.8270E+01  3.5618E-03 2.5421E+02    4.3708E-06    5.7542E-06    5.5084E+00   -5.3880E+00    2.0336E+01    2.2100E-04
3.7316E+01  4.0396E-03 2.5140E+02    4.2731E-06    5.9224E-06    5.0266E+00   -4.8667E+00    1.8644E+01    2.2100E-04
3.6382E+01  4.5756E-03 2.4849E+02    4.1731E-06    6.0610E-06    4.6083E+00   -4.4024E+00    1.7008E+01    2.2100E-04
3.5469E+01  5.1763E-03 2.4552E+02    4.0729E-06    6.1966E-06    4.2491E+00   -3.9955E+00    1.5445E+01    2.2100E-04
3.4576E+01  5.8485E-03 2.4250E+02    3.9665E-06    6.3105E-06    3.9246E+00   -3.6352E+00    1.3968E+01    2.2100E-04
3.3704E+01  6.5995E-03 2.3946E+02    3.8627E-06    6.4026E-06    3.6249E+00   -3.3081E+00    1.2589E+01    2.2100E-04
3.2852E+01  7.4377E-03 2.3644E+02    3.7602E-06    6.4728E-06    3.3438E+00   -3.0021E+00    1.1322E+01    2.2100E-04
3.2020E+01  8.3718E-03 2.3350E+02    3.6528E-06    6.4979E-06    3.0711E+00   -2.7086E+00    1.0177E+01    2.2100E-04
3.1207E+01  9.4113E-03 2.3066E+02    3.5563E-06    6.4643E-06    2.8042E+00   -2.4288E+00    9.1603E+00    2.2100E-04
3.0412E+01  1.0566E-02 2.2801E+02    3.4622E-06    6.3630E-06    2.5440E+00   -2.1900E+00    8.2769E+00    2.2100E-04
2.9635E+01  1.1849E-02 2.2556E+02    3.3701E-06    6.1951E-06    2.2946E+00   -1.9155E+00    7.5212E+00    2.2100E-04
2.8875E+01  1.3269E-02 2.2333E+02    3.2802E-06    5.9605E-06    2.0595E+00   -1.6612E+00    6.8802E+00    2.2100E-04
2.8130E+01  1.4842E-02 2.2132E+02    3.1919E-06    5.6711E-06    1.8431E+00   -1.4317E+00    6.3377E+00    2.2100E-04
2.7400E+01  1.6580E-02 2.1952E+02    3.1056E-06    5.3420E-06    1.6483E+00   -1.2293E+00    5.8770E+00    2.2100E-04
2.6684E+01  1.8498E-02 2.1788E+02    3.0207E-06    4.9855E-06    1.4757E+00   -1.0554E+00    5.4830E+00    2.2100E-04
2.5982E+01  2.0612E-02 2.1639E+02    2.9446E-06    4.6105E-06    1.3243E+00   -9.0968E-01    5.1226E+00    2.2100E-04
2.5293E+01  2.2939E-02 2.1503E+02    2.8666E-06    4.2403E-06    1.1937E+00   -7.8882E-01    4.6769E+00    2.2100E-04
2.4616E+01  2.5497E-02 2.1377E+02    2.7955E-06    3.8638E-06    1.0779E+00   -6.9004E-01    4.2952E+00    2.2100E-04
2.3951E+01  2.8303E-02 2.1259E+02    2.7238E-06    3.5031E-06    9.7616E-01   -6.0741E-01    3.9646E+00    2.2100E-04
2.3298E+01  3.1379E-02 2.1150E+02    2.6493E-06    3.1661E-06    8.8567E-01   -5.3573E-01    3.6761E+00    2.2100E-04
2.2656E+01  3.4746E-02 2.1048E+02    2.5856E-06    2.8362E-06    8.0114E-01   -4.7341E-01    3.4233E+00    2.2100E-04
2.2025E+01  3.8425E-02 2.0953E+02    2.5177E-06    2.5285E-06    7.2276E-01   -4.1672E-01    3.2015E+00    2.2100E-04
2.1405E+01  4.2440E-02 2.0865E+02    2.4516E-06    2.2496E-06    6.5041E-01   -3.6398E-01    3.0075E+00    2.2100E-04
2.0795E+01  4.6816E-02 2.0784E+02    2.3912E-06    1.9851E-06    5.8174E-01   -3.1611E-01    2.8388E+00    2.2100E-04
2.0195E+01  5.1578E-02 2.0712E+02    2.3333E-06    1.7452E-06    5.1801E-01   -2.7115E-01    2.6934E+00    2.2100E-04
1.9606E+01  5.6753E-02 2.0647E+02    2.2830E-06    1.5169E-06    4.5810E-01   -2.3019E-01    2.5696E+00    2.2100E-04
1.9026E+01  6.2368E-02 2.0590E+02    2.2254E-06    1.3140E-06    4.0402E-01   -1.9006E-01    2.4656E+00    2.2100E-04
1.8455E+01  6.8453E-02 2.0542E+02    2.1749E-06    1.1210E-06    3.5441E-01   -1.5430E-01    2.3798E+00    2.2100E-04
1.7893E+01  7.5036E-02 2.0502E+02    2.1303E-06    9.5128E-07    3.1128E-01   -1.2109E-01    2.3100E+00    2.2100E-04
1.7340E+01  8.2149E-02 2.0469E+02    2.0863E-06    8.0103E-07    2.7415E-01   -9.1928E-02    2.2543E+00    2.2100E-04
1.6796E+01  8.9823E-02 2.0443E+02    2.0523E-06    6.6564E-07    2.4215E-01   -7.0357E-02    2.2111E+00    2.2100E-04
1.6260E+01  9.8090E-02 2.0424E+02    2.0203E-06    5.4489E-07    2.1479E-01   -5.7157E-02    2.1794E+00    2.2100E-04
1.5732E+01  1.0698E-01 2.0410E+02    1.9892E-06    4.4094E-07    1.9090E-01   -1.6193E-02    2.1578E+00    2.2100E-04
1.5212E+01  1.1653E-01 2.0403E+02    1.9684E-06    3.5184E-07    1.7076E-01   -1.3556E-02    2.1458E+00    2.2100E-04
1.4700E+01  1.2678E-01 2.0402E+02    1.9490E-06    2.7942E-07    1.5440E-01   -1.4129E-02    2.1444E+00    2.2100E-04
1.4196E+01  1.3775E-01 2.0408E+02    1.9380E-06    2.1919E-07    1.4092E-01   -1.7222E-02    2.1551E+00    2.2100E-04
1.3699E+01  1.4948E-01 2.0424E+02    1.9191E-06    1.6977E-07    1.2976E-01   -2.0734E-02    2.1807E+00    2.2100E-04
1.3210E+01  1.6201E-01 2.0452E+02    1.9107E-06    1.3090E-07    1.2094E-01   -2.3853E-02    2.2261E+00    2.2100E-04
1.2727E+01  1.7537E-01 2.0489E+02    1.9232E-06    1.0441E-07    1.1481E-01   -2.0850E-02    2.2875E+00    2.2100E-04
1.2251E+01  1.8959E-01 2.0538E+02    2.3240E-06    8.7062E-08    1.1273E-01   -2.5310E-02    2.3729E+00    2.2100E-04
1.1782E+01  2.0470E-01 2.0593E+02    2.7596E-06    7.3811E-08    1.1123E-01    8.2564E-04    2.4698E+00    2.2100E-04
1.1319E+01  2.2074E-01 2.0661E+02    3.0579E-06    6.3804E-08    1.1120E-01   -2.2667E-02    2.5956E+00    2.2100E-04
1.0861E+01  2.3773E-01 2.0865E+02    4.1209E-06    5.7712E-08    1.1532E-01   -5.5986E-02    3.0082E+00    2.2100E-04
1.0407E+01  2.5571E-01 2.1025E+02    5.1832E-06    5.3897E-08    1.2067E-01   -1.2692E-01    3.3675E+00    2.2100E-04
9.9545E+00  2.7471E-01 2.1419E+02    8.9251E-06    5.1040E-08    1.4025E-01   -4.3538E-01    4.4209E+00    2.2100E-04
9.5016E+00  2.9474E-01 2.1858E+02    1.5953E-05    4.8505E-08    1.7326E-01   -8.1558E-01    5.6503E+00    2.2100E-04
9.0479E+00  3.1584E-01 2.2296E+02    2.7802E-05    4.6129E-08    2.1833E-01   -1.2094E+00    6.7764E+00    2.2100E-04
8.5937E+00  3.3802E-01 2.2730E+02    4.7220E-05    4.3825E-08    2.7487E-01   -1.5875E+00    8.0529E+00    2.2100E-04
8.1395E+00  3.6131E-01 2.3158E+02    7.8102E-05    4.1505E-08    3.3991E-01   -1.9118E+00    9.4814E+00    2.2100E-04
7.6857E+00  3.8571E-01 2.3579E+02    1.2569E-04    3.9315E-08    4.0811E-01   -2.1432E+00    1.1058E+01    2.2100E-04
7.2328E+00  4.1123E-01 2.3988E+02    1.9665E-04    3.7057E-08    4.7960E-01   -2.2962E+00    1.2773E+01    2.2100E-04
6.7814E+00  4.3790E-01 2.4384E+02    2.9885E-04    3.4973E-08    5.5709E-01   -2.3836E+00    1.4612E+01    2.2100E-04
6.3319E+00  4.6571E-01 2.4765E+02    4.4102E-04    3.2896E-08    6.3116E-01   -2.3996E+00    1.6552E+01    2.2100E-04
5.8851E+00  4.9466E-01 2.5127E+02    6.3215E-04    3.0832E-08    6.8803E-01   -2.3831E+00    1.8572E+01    2.2100E-04
5.4414E+00  5.2474E-01 2.5471E+02    8.8085E-04    2.8846E-08    7.2683E-01   -2.3578E+00    2.0647E+01    2.2100E-04
5.0014E+00  5.5596E-01 2.5795E+02    1.1949E-03    2.6905E-08    7.5591E-01   -2.3257E+00    2.2756E+01    2.2100E-04
4.5658E+00  5.8829E-01 2.6100E+02    1.5810E-03    2.5024E-08    7.7935E-01   -2.2638E+00    2.4880E+01    2.2100E-04
4.1351E+00  6.2172E-01 2.6387E+02    2.0446E-03    2.3264E-08    7.9492E-01   -2.1930E+00    2.7004E+01    2.2100E-04
3.7097E+00  6.5621E-01 2.6656E+02    2.5901E-03    2.1654E-08    8.0052E-01   -2.1125E+00    2.9118E+01    2.2100E-04
3.2900E+00  6.9175E-01 2.6909E+02    3.2206E-03    2.0057E-08    7.9791E-01   -1.9880E+00    3.1213E+01    2.2100E-04
2.8767E+00  7.2830E-01 2.7147E+02    3.9385E-03    1.8625E-08    7.9081E-01   -1.8285E+00    3.3284E+01    2.2100E-04
2.4698E+00  7.6581E-01 2.7380E+02    4.7921E-03    1.7350E-08    7.8493E-01   -1.7003E+00    3.5413E+01    2.2100E-04
2.0697E+00  8.0423E-01 2.7616E+02    5.7135E-03    1.6224E-08    7.7027E-01   -1.5971E+00    3.7661E+01    2.2100E-04
1.6766E+00  8.4352E-01 2.7840E+02    6.6291E-03    1.5237E-08    7.4610E-01   -1.5248E+00    3.9902E+01    2.2100E-04
1.2907E+00  8.8362E-01 2.8054E+02    7.7714E-03    1.4389E-08    7.3389E-01   -1.5535E+00    4.2133E+01    2.2100E-04
9.1235E-01  9.2446E-01 2.8258E+02    8.8595E-03    1.3756E-08    7.1847E-01   -1.6305E+00    4.4340E+01    2.2100E-04
5.4186E-01  9.6596E-01 2.8453E+02    1.0157E-02    1.3205E-08    7.2135E-01   -1.8644E+00    4.6540E+01    2.2100E-04
1.7945E-01  1.0081E+00 2.8638E+02    1.1490E-02    1.2704E-08    7.3758E-01   -2.1034E+00    4.8704E+01    2.2100E-04
0.0000E+00  1.0295E+00 2.8732E+02    1.2160E-02    1.2800E-08    7.8672E+00   -3.4478E+00    4.9821E+01    2.2100E-04
