     ALT          P          T          FH2O           O3           THEAT        TCOOL        PSATCO2        FCO2
7.3821E+01  3.2610E-05 2.2477E+02    5.1552E-06    1.1216E-07    3.7092E+01   -7.3583E+01    7.2898E+00    2.1800E-04
7.2686E+01  3.8505E-05 2.2617E+02    5.3698E-06    1.4489E-07    5.3377E+00   -4.7437E+01    7.7044E+00    2.1800E-04
7.1553E+01  4.5410E-05 2.2763E+02    5.5611E-06    1.8518E-07    2.7804E+00   -2.9905E+01    8.1567E+00    2.1800E-04
7.0422E+01  5.3485E-05 2.2916E+02    5.7256E-06    2.3050E-07    2.7371E+00   -1.8875E+01    8.6524E+00    2.1800E-04
6.9292E+01  6.2917E-05 2.3076E+02    5.8748E-06    2.7812E-07    2.9421E+00   -1.2430E+01    9.1923E+00    2.1800E-04
6.8163E+01  7.3918E-05 2.3240E+02    6.0102E-06    3.2767E-07    3.1737E+00   -8.9184E+00    9.7753E+00    2.1800E-04
6.7035E+01  8.6734E-05 2.3409E+02    6.1313E-06    3.7906E-07    3.4157E+00   -7.1330E+00    1.0399E+01    2.1800E-04
6.5909E+01  1.0164E-04 2.3580E+02    6.2372E-06    4.3551E-07    3.6838E+00   -6.2822E+00    1.1062E+01    2.1800E-04
6.4783E+01  1.1897E-04 2.3752E+02    6.3372E-06    4.9794E-07    3.9949E+00   -5.9502E+00    1.1761E+01    2.1800E-04
6.3659E+01  1.3907E-04 2.3924E+02    6.4172E-06    5.6778E-07    4.3423E+00   -5.8692E+00    1.2494E+01    2.1800E-04
6.2537E+01  1.6236E-04 2.4096E+02    6.4927E-06    6.4546E-07    4.7256E+00   -5.9193E+00    1.3257E+01    2.1800E-04
6.1416E+01  1.8931E-04 2.4267E+02    6.5600E-06    7.3143E-07    5.1416E+00   -6.0340E+00    1.4049E+01    2.1800E-04
6.0297E+01  2.2046E-04 2.4437E+02    6.6272E-06    8.2585E-07    5.5845E+00   -6.1895E+00    1.4868E+01    2.1800E-04
5.9179E+01  2.5641E-04 2.4604E+02    6.6742E-06    9.2973E-07    6.0491E+00   -6.3651E+00    1.5713E+01    2.1800E-04
5.8064E+01  2.9785E-04 2.4771E+02    6.7274E-06    1.0419E-06    6.5209E+00   -6.5642E+00    1.6584E+01    2.1800E-04
5.6951E+01  3.4555E-04 2.4935E+02    6.7719E-06    1.1654E-06    7.0021E+00   -6.7769E+00    1.7482E+01    2.1800E-04
5.5841E+01  4.0038E-04 2.5099E+02    6.8063E-06    1.3069E-06    7.5036E+00   -6.9868E+00    1.8406E+01    2.1800E-04
5.4734E+01  4.6332E-04 2.5261E+02    6.8403E-06    1.4622E-06    7.9888E+00   -7.1965E+00    1.9359E+01    2.1800E-04
5.3629E+01  5.3549E-04 2.5422E+02    6.8624E-06    1.6313E-06    8.4356E+00   -7.4055E+00    2.0339E+01    2.1800E-04
5.2527E+01  6.1813E-04 2.5582E+02    6.8845E-06    1.8239E-06    8.8551E+00   -7.6134E+00    2.1350E+01    2.1800E-04
5.1429E+01  7.1261E-04 2.5741E+02    6.9064E-06    2.0400E-06    9.2212E+00   -7.8139E+00    2.2391E+01    2.1800E-04
5.0334E+01  8.2050E-04 2.5899E+02    6.9183E-06    2.2794E-06    9.5049E+00   -8.0022E+00    2.3463E+01    2.1800E-04
4.9243E+01  9.4353E-04 2.6057E+02    6.9202E-06    2.5418E-06    9.6785E+00   -8.2034E+00    2.4568E+01    2.1800E-04
4.8155E+01  1.0836E-03 2.6218E+02    6.9281E-06    2.8163E-06    9.7114E+00   -8.5054E+00    2.5735E+01    2.1800E-04
4.7071E+01  1.2430E-03 2.6374E+02    6.9164E-06    3.1196E-06    9.6302E+00   -8.8076E+00    2.6906E+01    2.1800E-04
4.5991E+01  1.4240E-03 2.6488E+02    6.9048E-06    3.4420E-06    9.4027E+00   -8.9200E+00    2.7785E+01    2.1800E-04
4.4919E+01  1.6293E-03 2.6533E+02    6.8767E-06    3.7853E-06    9.0410E+00   -8.7747E+00    2.8137E+01    2.1800E-04
4.3857E+01  1.8618E-03 2.6503E+02    6.8443E-06    4.1432E-06    8.5596E+00   -8.4085E+00    2.7903E+01    2.1800E-04
4.2808E+01  2.1249E-03 2.6404E+02    6.8023E-06    4.4902E-06    7.9693E+00   -7.8918E+00    2.7138E+01    2.1800E-04
4.1774E+01  2.4220E-03 2.6248E+02    6.7414E-06    4.8029E-06    7.3128E+00   -7.2971E+00    2.5962E+01    2.1800E-04
4.0758E+01  2.7573E-03 2.6049E+02    6.6804E-06    5.0882E-06    6.6620E+00   -6.6860E+00    2.4514E+01    2.1800E-04
3.9760E+01  3.1350E-03 2.5820E+02    6.6107E-06    5.3181E-06    6.0379E+00   -6.0877E+00    2.2921E+01    2.1800E-04
3.8781E+01  3.5599E-03 2.5571E+02    6.5324E-06    5.5046E-06    5.4762E+00   -5.5269E+00    2.1281E+01    2.1800E-04
3.7821E+01  4.0373E-03 2.5310E+02    6.4470E-06    5.6587E-06    4.9867E+00   -5.0194E+00    1.9654E+01    2.1800E-04
3.6882E+01  4.5730E-03 2.5041E+02    6.3530E-06    5.7743E-06    4.5569E+00   -4.5719E+00    1.8077E+01    2.1800E-04
3.5962E+01  5.1733E-03 2.4768E+02    6.2610E-06    5.8689E-06    4.1827E+00   -4.1810E+00    1.6571E+01    2.1800E-04
3.5062E+01  5.8449E-03 2.4493E+02    6.1672E-06    5.9451E-06    3.8502E+00   -3.8419E+00    1.5150E+01    2.1800E-04
3.4181E+01  6.5955E-03 2.4220E+02    6.0630E-06    6.0028E-06    3.5479E+00   -3.5402E+00    1.3827E+01    2.1800E-04
3.3319E+01  7.4330E-03 2.3952E+02    5.9682E-06    6.0373E-06    3.2661E+00   -3.2628E+00    1.2614E+01    2.1800E-04
3.2477E+01  8.3664E-03 2.3693E+02    5.8670E-06    6.0290E-06    2.9949E+00   -2.9985E+00    1.1518E+01    2.1800E-04
3.1652E+01  9.4051E-03 2.3447E+02    5.7680E-06    5.9800E-06    2.7347E+00   -2.7464E+00    1.0547E+01    2.1800E-04
3.0844E+01  1.0559E-02 2.3220E+02    5.6711E-06    5.8829E-06    2.4846E+00   -2.5351E+00    9.7024E+00    2.1800E-04
3.0053E+01  1.1840E-02 2.3014E+02    5.5661E-06    5.7321E-06    2.2455E+00   -2.2830E+00    8.9796E+00    2.1800E-04
2.9277E+01  1.3260E-02 2.2828E+02    5.4731E-06    5.5271E-06    2.0203E+00   -2.0473E+00    8.3651E+00    2.1800E-04
2.8516E+01  1.4832E-02 2.2662E+02    5.3817E-06    5.2846E-06    1.8144E+00   -1.8310E+00    7.8423E+00    2.1800E-04
2.7769E+01  1.6568E-02 2.2513E+02    5.2921E-06    5.0066E-06    1.6287E+00   -1.6359E+00    7.3941E+00    2.1800E-04
2.7035E+01  1.8485E-02 2.2378E+02    5.2040E-06    4.7037E-06    1.4638E+00   -1.4627E+00    7.0045E+00    2.1800E-04
2.6314E+01  2.0597E-02 2.2253E+02    5.1175E-06    4.3784E-06    1.3181E+00   -1.3119E+00    6.6598E+00    2.1800E-04
2.5606E+01  2.2922E-02 2.2137E+02    5.0325E-06    4.0417E-06    1.1904E+00   -1.1818E+00    6.3492E+00    2.1800E-04
2.4909E+01  2.5477E-02 2.2026E+02    4.9489E-06    3.7142E-06    1.0799E+00   -1.0693E+00    6.0644E+00    2.1800E-04
2.4225E+01  2.8281E-02 2.1920E+02    4.8668E-06    3.3868E-06    9.8095E-01   -9.7066E-01    5.8000E+00    2.1800E-04
2.3552E+01  3.1354E-02 2.1817E+02    4.7860E-06    3.0661E-06    8.9073E-01   -8.8225E-01    5.5524E+00    2.1800E-04
2.2890E+01  3.4718E-02 2.1718E+02    4.7066E-06    2.7620E-06    8.0804E-01   -8.0105E-01    5.3202E+00    2.1800E-04
2.2240E+01  3.8394E-02 2.1621E+02    4.6286E-06    2.4750E-06    7.3096E-01   -7.2549E-01    5.0626E+00    2.1800E-04
2.1601E+01  4.2405E-02 2.1529E+02    4.5549E-06    2.2046E-06    6.5832E-01   -6.5528E-01    4.7602E+00    2.1800E-04
2.0973E+01  4.6777E-02 2.1441E+02    4.4864E-06    1.9518E-06    5.8994E-01   -5.9014E-01    4.4881E+00    2.1800E-04
2.0355E+01  5.1534E-02 2.1360E+02    4.4123E-06    1.7177E-06    5.2600E-01   -5.2891E-01    4.2462E+00    2.1800E-04
1.9748E+01  5.6704E-02 2.1285E+02    4.3496E-06    1.4986E-06    4.6644E-01   -4.7205E-01    4.0343E+00    2.1800E-04
1.9150E+01  6.2314E-02 2.1217E+02    4.2878E-06    1.2960E-06    4.1192E-01   -4.1841E-01    3.8510E+00    2.1800E-04
1.8563E+01  6.8392E-02 2.1157E+02    4.2211E-06    1.1111E-06    3.6296E-01   -3.6750E-01    3.6944E+00    2.1800E-04
1.7985E+01  7.4969E-02 2.1105E+02    4.1687E-06    9.4236E-07    3.1973E-01   -3.2129E-01    3.5618E+00    2.1800E-04
1.7417E+01  8.2075E-02 2.1059E+02    4.1232E-06    7.9117E-07    2.8229E-01   -2.8067E-01    3.4503E+00    2.1800E-04
1.6858E+01  8.9741E-02 2.1020E+02    4.0785E-06    6.5726E-07    2.5032E-01   -2.4698E-01    3.3570E+00    2.1800E-04
1.6307E+01  9.7999E-02 2.0987E+02    4.0345E-06    5.3804E-07    2.2308E-01   -2.2175E-01    3.2798E+00    2.1800E-04
1.5766E+01  1.0688E-01 2.0959E+02    4.0009E-06    4.3549E-07    1.9919E-01   -1.7540E-01    3.2158E+00    2.1800E-04
1.5233E+01  1.1642E-01 2.0936E+02    3.9693E-06    3.4716E-07    1.7885E-01   -1.5964E-01    3.1642E+00    2.1800E-04
1.4708E+01  1.2666E-01 2.0919E+02    3.9483E-06    2.7450E-07    1.6223E-01   -1.4947E-01    3.1264E+00    2.1800E-04
1.4192E+01  1.3762E-01 2.0910E+02    3.9276E-06    2.1543E-07    1.4863E-01   -1.4324E-01    3.1057E+00    2.1800E-04
1.3684E+01  1.4934E-01 2.0910E+02    3.9087E-06    1.6601E-07    1.3734E-01   -1.4029E-01    3.1055E+00    2.1800E-04
1.3183E+01  1.6185E-01 2.0921E+02    3.8987E-06    1.2783E-07    1.2844E-01   -1.3742E-01    3.1289E+00    2.1800E-04
1.2690E+01  1.7519E-01 2.0943E+02    3.8912E-06    1.0171E-07    1.2190E-01   -1.3165E-01    3.1786E+00    2.1800E-04
1.2205E+01  1.8940E-01 2.0977E+02    3.9196E-06    8.5018E-08    1.1748E-01   -1.2401E-01    3.2569E+00    2.1800E-04
1.1726E+01  2.0449E-01 2.1018E+02    4.1537E-06    7.1862E-08    1.1515E-01   -1.1739E-01    3.3526E+00    2.1800E-04
1.1255E+01  2.2051E-01 2.1071E+02    5.0285E-06    6.2084E-08    1.1639E-01   -1.2372E-01    3.4794E+00    2.1800E-04
1.0790E+01  2.3749E-01 2.1129E+02    5.9725E-06    5.6638E-08    1.1763E-01   -1.0200E-01    3.6222E+00    2.1800E-04
1.0331E+01  2.5545E-01 2.1202E+02    6.6276E-06    5.3169E-08    1.2018E-01   -6.1033E-02    3.8118E+00    2.1800E-04
9.8786E+00  2.7442E-01 2.1334E+02    7.9674E-06    5.0506E-08    1.2534E-01   -1.1864E-01    4.1715E+00    2.1800E-04
9.4292E+00  2.9444E-01 2.1667E+02    1.2458E-05    4.8117E-08    1.4458E-01   -3.9883E-01    5.2037E+00    2.1800E-04
8.9800E+00  3.1551E-01 2.2101E+02    2.1835E-05    4.5834E-08    1.8157E-01   -8.1193E-01    6.2551E+00    2.1800E-04
8.5303E+00  3.3766E-01 2.2532E+02    3.7325E-05    4.3630E-08    2.3250E-01   -1.2352E+00    7.4518E+00    2.1800E-04
8.0806E+00  3.6092E-01 2.2960E+02    6.2192E-05    4.1472E-08    2.9456E-01   -1.6238E+00    8.7976E+00    2.1800E-04
7.6312E+00  3.8529E-01 2.3380E+02    1.0093E-04    3.9317E-08    3.6243E-01   -1.9264E+00    1.0292E+01    2.1800E-04
7.1826E+00  4.1079E-01 2.3792E+02    1.5940E-04    3.7168E-08    4.3329E-01   -2.1319E+00    1.1928E+01    2.1800E-04
6.7353E+00  4.3742E-01 2.4191E+02    2.4479E-04    3.5034E-08    5.0968E-01   -2.2662E+00    1.3693E+01    2.1800E-04
6.2899E+00  4.6519E-01 2.4577E+02    3.6534E-04    3.3071E-08    5.8748E-01   -2.3190E+00    1.5570E+01    2.1800E-04
5.8469E+00  4.9411E-01 2.4946E+02    5.2986E-04    3.1115E-08    6.5291E-01   -2.3234E+00    1.7539E+01    2.1800E-04
5.4069E+00  5.2416E-01 2.5297E+02    7.4716E-04    2.9173E-08    6.9926E-01   -2.3039E+00    1.9575E+01    2.1800E-04
4.9704E+00  5.5534E-01 2.5629E+02    1.0254E-03    2.7306E-08    7.3250E-01   -2.2852E+00    2.1656E+01    2.1800E-04
4.5381E+00  5.8763E-01 2.5942E+02    1.3720E-03    2.5489E-08    7.5924E-01   -2.2412E+00    2.3763E+01    2.1800E-04
4.1104E+00  6.2101E-01 2.6237E+02    1.7929E-03    2.3724E-08    7.7934E-01   -2.1772E+00    2.5879E+01    2.1800E-04
3.6879E+00  6.5546E-01 2.6514E+02    2.2930E-03    2.2068E-08    7.9003E-01   -2.1097E+00    2.7990E+01    2.1800E-04
3.2710E+00  6.9096E-01 2.6775E+02    2.8761E-03    2.0573E-08    7.9148E-01   -2.0148E+00    3.0087E+01    2.1800E-04
2.8602E+00  7.2746E-01 2.7019E+02    3.5449E-03    1.9162E-08    7.8676E-01   -1.8656E+00    3.2163E+01    2.1800E-04
2.4558E+00  7.6492E-01 2.7250E+02    4.3013E-03    1.7841E-08    7.7884E-01   -1.7147E+00    3.4212E+01    2.1800E-04
2.0581E+00  8.0330E-01 2.7486E+02    5.2175E-03    1.6689E-08    7.7372E-01   -1.6203E+00    3.6414E+01    2.1800E-04
1.6673E+00  8.4254E-01 2.7715E+02    6.1144E-03    1.5713E-08    7.5368E-01   -1.5333E+00    3.8641E+01    2.1800E-04
1.2837E+00  8.8258E-01 2.7934E+02    7.1441E-03    1.4872E-08    7.3797E-01   -1.5267E+00    4.0872E+01    2.1800E-04
9.0745E-01  9.2336E-01 2.8142E+02    8.2549E-03    1.4177E-08    7.2590E-01   -1.5936E+00    4.3074E+01    2.1800E-04
5.3898E-01  9.6481E-01 2.8340E+02    9.3635E-03    1.3600E-08    7.1979E-01   -1.7807E+00    4.5260E+01    2.1800E-04
1.7851E-01  1.0069E+00 2.8529E+02    1.0724E-02    1.3103E-08    7.4003E-01   -2.0352E+00    4.7421E+01    2.1800E-04
0.0000E+00  1.0282E+00 2.8624E+02    1.1405E-02    1.3200E-08    7.9113E+00   -3.5343E+00    4.8532E+01    2.1800E-04
