     ALT          P          T          FH2O           O3           THEAT        TCOOL        PSATCO2        FCO2
7.3775E+01  3.2610E-05 2.2551E+02    4.2035E-06    1.1958E-07    3.7245E+01   -7.4863E+01    7.5081E+00    2.2100E-04
7.2635E+01  3.8506E-05 2.2692E+02    4.3825E-06    1.5430E-07    5.3056E+00   -4.7630E+01    7.9347E+00    2.2100E-04
7.1498E+01  4.5411E-05 2.2839E+02    4.5359E-06    1.9674E-07    2.8229E+00   -2.9556E+01    8.3996E+00    2.2100E-04
7.0362E+01  5.3487E-05 2.2993E+02    4.6823E-06    2.4507E-07    2.8079E+00   -1.8311E+01    8.9085E+00    2.2100E-04
6.9228E+01  6.2919E-05 2.3153E+02    4.8071E-06    2.9516E-07    3.0271E+00   -1.1802E+01    9.4622E+00    2.2100E-04
6.8094E+01  7.3922E-05 2.3318E+02    4.9163E-06    3.4723E-07    3.2711E+00   -8.3214E+00    1.0059E+01    2.2100E-04
6.6962E+01  8.6739E-05 2.3487E+02    5.0169E-06    4.0102E-07    3.5247E+00   -6.5794E+00    1.0698E+01    2.2100E-04
6.5832E+01  1.0165E-04 2.3658E+02    5.0981E-06    4.5931E-07    3.8019E+00   -5.7821E+00    1.1376E+01    2.2100E-04
6.4702E+01  1.1898E-04 2.3830E+02    5.1779E-06    5.2478E-07    4.1273E+00   -5.5050E+00    1.2091E+01    2.2100E-04
6.3574E+01  1.3908E-04 2.4003E+02    5.2536E-06    5.9721E-07    4.4872E+00   -5.4894E+00    1.2838E+01    2.2100E-04
6.2447E+01  1.6237E-04 2.4175E+02    5.3142E-06    6.7703E-07    4.8799E+00   -5.5937E+00    1.3617E+01    2.2100E-04
6.1322E+01  1.8933E-04 2.4346E+02    5.3692E-06    7.6634E-07    5.3091E+00   -5.7670E+00    1.4424E+01    2.2100E-04
6.0198E+01  2.2048E-04 2.4515E+02    5.4242E-06    8.6338E-07    5.7610E+00   -5.9815E+00    1.5258E+01    2.2100E-04
5.9077E+01  2.5644E-04 2.4682E+02    5.4645E-06    9.6985E-07    6.2318E+00   -6.2180E+00    1.6118E+01    2.2100E-04
5.7957E+01  2.9788E-04 2.4848E+02    5.5038E-06    1.0843E-06    6.7084E+00   -6.4748E+00    1.7004E+01    2.2100E-04
5.6841E+01  3.4559E-04 2.5013E+02    5.5385E-06    1.2155E-06    7.2114E+00   -6.7456E+00    1.7917E+01    2.2100E-04
5.5726E+01  4.0043E-04 2.5176E+02    5.5716E-06    1.3591E-06    7.7102E+00   -7.0055E+00    1.8857E+01    2.2100E-04
5.4615E+01  4.6339E-04 2.5338E+02    5.5938E-06    1.5162E-06    8.1837E+00   -7.2666E+00    1.9825E+01    2.2100E-04
5.3506E+01  5.3558E-04 2.5499E+02    5.6160E-06    1.6873E-06    8.6170E+00   -7.5250E+00    2.0823E+01    2.2100E-04
5.2401E+01  6.1823E-04 2.5659E+02    5.6281E-06    1.8824E-06    9.0215E+00   -7.7738E+00    2.1851E+01    2.2100E-04
5.1299E+01  7.1273E-04 2.5818E+02    5.6400E-06    2.1013E-06    9.3700E+00   -8.0106E+00    2.2910E+01    2.2100E-04
5.0200E+01  8.2064E-04 2.5977E+02    5.6500E-06    2.3429E-06    9.6288E+00   -8.2315E+00    2.4002E+01    2.2100E-04
4.9105E+01  9.4371E-04 2.6135E+02    5.6500E-06    2.5977E-06    9.7533E+00   -8.4712E+00    2.5128E+01    2.2100E-04
4.8013E+01  1.0839E-03 2.6299E+02    5.6441E-06    2.8757E-06    9.7679E+00   -8.7949E+00    2.6343E+01    2.2100E-04
4.6925E+01  1.2433E-03 2.6447E+02    5.6324E-06    3.1764E-06    9.6599E+00   -9.0473E+00    2.7466E+01    2.2100E-04
4.5843E+01  1.4243E-03 2.6542E+02    5.6107E-06    3.5085E-06    9.4304E+00   -9.0761E+00    2.8207E+01    2.2100E-04
4.4768E+01  1.6296E-03 2.6567E+02    5.5784E-06    3.8531E-06    9.0527E+00   -8.8539E+00    2.8408E+01    2.2100E-04
4.3705E+01  1.8622E-03 2.6521E+02    5.5359E-06    4.2145E-06    8.5602E+00   -8.4335E+00    2.8044E+01    2.2100E-04
4.2654E+01  2.1254E-03 2.6410E+02    5.4908E-06    4.5583E-06    7.9571E+00   -7.8840E+00    2.7181E+01    2.2100E-04
4.1620E+01  2.4226E-03 2.6245E+02    5.4288E-06    4.8756E-06    7.3010E+00   -7.2731E+00    2.5938E+01    2.2100E-04
4.0603E+01  2.7579E-03 2.6040E+02    5.3578E-06    5.1485E-06    6.6391E+00   -6.6496E+00    2.4447E+01    2.2100E-04
3.9605E+01  3.1357E-03 2.5806E+02    5.2839E-06    5.3701E-06    6.0137E+00   -6.0455E+00    2.2830E+01    2.2100E-04
3.8626E+01  3.5608E-03 2.5554E+02    5.2020E-06    5.5586E-06    5.4591E+00   -5.4834E+00    2.1174E+01    2.2100E-04
3.7667E+01  4.0384E-03 2.5291E+02    5.1161E-06    5.6965E-06    4.9658E+00   -4.9742E+00    1.9538E+01    2.2100E-04
3.6728E+01  4.5743E-03 2.5019E+02    5.0223E-06    5.8092E-06    4.5400E+00   -4.5278E+00    1.7953E+01    2.2100E-04
3.5808E+01  5.1747E-03 2.4743E+02    4.9205E-06    5.9096E-06    4.1725E+00   -4.1373E+00    1.6439E+01    2.2100E-04
3.4909E+01  5.8466E-03 2.4465E+02    4.8226E-06    5.9816E-06    3.8407E+00   -3.7969E+00    1.5009E+01    2.2100E-04
3.4029E+01  6.5974E-03 2.4187E+02    4.7170E-06    6.0364E-06    3.5384E+00   -3.4926E+00    1.3675E+01    2.2100E-04
3.3168E+01  7.4352E-03 2.3914E+02    4.6139E-06    6.0627E-06    3.2549E+00   -3.2105E+00    1.2449E+01    2.2100E-04
3.2326E+01  8.3689E-03 2.3649E+02    4.5130E-06    6.0605E-06    2.9866E+00   -2.9420E+00    1.1339E+01    2.2100E-04
3.1502E+01  9.4080E-03 2.3396E+02    4.4142E-06    6.0102E-06    2.7268E+00   -2.6849E+00    1.0351E+01    2.2100E-04
3.0696E+01  1.0563E-02 2.3160E+02    4.3177E-06    5.9136E-06    2.4774E+00   -2.4698E+00    9.4892E+00    2.2100E-04
2.9907E+01  1.1844E-02 2.2944E+02    4.2231E-06    5.7640E-06    2.2391E+00   -2.2128E+00    8.7469E+00    2.2100E-04
2.9133E+01  1.3265E-02 2.2748E+02    4.1304E-06    5.5609E-06    2.0150E+00   -1.9714E+00    8.1112E+00    2.2100E-04
2.8375E+01  1.4836E-02 2.2571E+02    4.0396E-06    5.3256E-06    1.8110E+00   -1.7491E+00    7.5658E+00    2.2100E-04
2.7631E+01  1.6574E-02 2.2409E+02    3.9505E-06    5.0412E-06    1.6245E+00   -1.5474E+00    7.0939E+00    2.2100E-04
2.6900E+01  1.8491E-02 2.2261E+02    3.8553E-06    4.7353E-06    1.4595E+00   -1.3677E+00    6.6800E+00    2.2100E-04
2.6183E+01  2.0604E-02 2.2122E+02    3.7773E-06    4.4083E-06    1.3142E+00   -1.2115E+00    6.3113E+00    2.2100E-04
2.5478E+01  2.2930E-02 2.1992E+02    3.6929E-06    4.0706E-06    1.1868E+00   -1.0762E+00    5.9775E+00    2.2100E-04
2.4786E+01  2.5486E-02 2.1867E+02    3.6103E-06    3.7411E-06    1.0764E+00   -9.5899E-01    5.6713E+00    2.2100E-04
2.4107E+01  2.8292E-02 2.1747E+02    3.5289E-06    3.4140E-06    9.7781E-01   -8.5629E-01    5.3875E+00    2.2100E-04
2.3439E+01  3.1366E-02 2.1631E+02    3.4559E-06    3.0945E-06    8.8813E-01   -7.6469E-01    5.0937E+00    2.2100E-04
2.2783E+01  3.4731E-02 2.1518E+02    3.3807E-06    2.7925E-06    8.0583E-01   -6.8058E-01    4.7252E+00    2.2100E-04
2.2139E+01  3.8409E-02 2.1410E+02    3.3063E-06    2.4979E-06    7.2763E-01   -6.0358E-01    4.3923E+00    2.2100E-04
2.1505E+01  4.2422E-02 2.1306E+02    3.2378E-06    2.2196E-06    6.5383E-01   -5.3313E-01    4.0937E+00    2.2100E-04
2.0883E+01  4.6796E-02 2.1209E+02    3.1712E-06    1.9634E-06    5.8506E-01   -4.6789E-01    3.8287E+00    2.2100E-04
2.0272E+01  5.1555E-02 2.1118E+02    3.1004E-06    1.7314E-06    5.2150E-01   -4.0649E-01    3.5961E+00    2.2100E-04
1.9672E+01  5.6727E-02 2.1036E+02    3.0405E-06    1.5062E-06    4.6135E-01   -3.5119E-01    3.3944E+00    2.2100E-04
1.9081E+01  6.2339E-02 2.0962E+02    2.9816E-06    1.3051E-06    4.0709E-01   -2.9883E-01    3.2217E+00    2.2100E-04
1.8501E+01  6.8421E-02 2.0896E+02    2.9290E-06    1.1134E-06    3.5745E-01   -2.5205E-01    3.0755E+00    2.2100E-04
1.7930E+01  7.5001E-02 2.0839E+02    2.8768E-06    9.4514E-07    3.1439E-01   -2.0881E-01    2.9529E+00    2.2100E-04
1.7368E+01  8.2110E-02 2.0790E+02    2.8287E-06    7.9596E-07    2.7738E-01   -1.7118E-01    2.8509E+00    2.2100E-04
1.6816E+01  8.9779E-02 2.0749E+02    2.7935E-06    6.6118E-07    2.4548E-01   -1.4246E-01    2.7667E+00    2.2100E-04
1.6273E+01  9.8042E-02 2.0714E+02    2.7513E-06    5.4140E-07    2.1822E-01   -1.2246E-01    2.6983E+00    2.2100E-04
1.5738E+01  1.0693E-01 2.0686E+02    2.7193E-06    4.3692E-07    1.9416E-01   -7.9204E-02    2.6433E+00    2.2100E-04
1.5211E+01  1.1648E-01 2.0663E+02    2.6983E-06    3.4852E-07    1.7400E-01   -7.0622E-02    2.6009E+00    2.2100E-04
1.4693E+01  1.2672E-01 2.0648E+02    2.6777E-06    2.7630E-07    1.5758E-01   -6.6375E-02    2.5726E+00    2.2100E-04
1.4184E+01  1.3768E-01 2.0642E+02    2.6573E-06    2.1642E-07    1.4395E-01   -6.6092E-02    2.5612E+00    2.2100E-04
1.3682E+01  1.4941E-01 2.0647E+02    2.6386E-06    1.6680E-07    1.3269E-01   -6.7807E-02    2.5693E+00    2.2100E-04
1.3187E+01  1.6193E-01 2.0663E+02    2.6300E-06    1.2837E-07    1.2386E-01   -6.8962E-02    2.5999E+00    2.2100E-04
1.2700E+01  1.7528E-01 2.0693E+02    2.6347E-06    1.0311E-07    1.1775E-01   -6.8204E-02    2.6565E+00    2.2100E-04
1.2220E+01  1.8949E-01 2.0731E+02    3.0164E-06    8.5801E-08    1.1532E-01   -7.4368E-02    2.7318E+00    2.2100E-04
1.1746E+01  2.0459E-01 2.0782E+02    3.4358E-06    7.2633E-08    1.1405E-01   -7.2050E-02    2.8348E+00    2.2100E-04
1.1280E+01  2.2062E-01 2.0839E+02    3.9553E-06    6.2886E-08    1.1329E-01   -4.1817E-02    2.9513E+00    2.2100E-04
1.0819E+01  2.3760E-01 2.0909E+02    4.3825E-06    5.7157E-08    1.1432E-01   -3.9639E-02    3.1025E+00    2.2100E-04
1.0364E+01  2.5558E-01 2.1089E+02    5.6735E-06    5.3550E-08    1.1946E-01   -8.1299E-02    3.5242E+00    2.2100E-04
9.9129E+00  2.7456E-01 2.1317E+02    7.7840E-06    5.0766E-08    1.2982E-01   -2.3944E-01    4.1238E+00    2.2100E-04
9.4625E+00  2.9458E-01 2.1754E+02    1.3959E-05    4.8321E-08    1.5817E-01   -6.2233E-01    5.4047E+00    2.2100E-04
9.0113E+00  3.1567E-01 2.2190E+02    2.4408E-05    4.6019E-08    1.9976E-01   -1.0258E+00    6.4905E+00    2.2100E-04
8.5595E+00  3.3783E-01 2.2623E+02    4.1605E-05    4.3758E-08    2.5368E-01   -1.4258E+00    7.7237E+00    2.2100E-04
8.1077E+00  3.6110E-01 2.3051E+02    6.9092E-05    4.1499E-08    3.1727E-01   -1.7792E+00    9.1073E+00    2.2100E-04
7.6563E+00  3.8548E-01 2.3472E+02    1.1171E-04    3.9262E-08    3.8517E-01   -2.0427E+00    1.0640E+01    2.2100E-04
7.2058E+00  4.1100E-01 2.3882E+02    1.7569E-04    3.7111E-08    4.5588E-01   -2.2179E+00    1.2312E+01    2.2100E-04
6.7566E+00  4.3765E-01 2.4280E+02    2.6855E-04    3.5047E-08    5.3253E-01   -2.3277E+00    1.4112E+01    2.2100E-04
6.3093E+00  4.6544E-01 2.4664E+02    3.9878E-04    3.2981E-08    6.0871E-01   -2.3607E+00    1.6020E+01    2.2100E-04
5.8645E+00  4.9437E-01 2.5030E+02    5.7529E-04    3.0926E-08    6.7018E-01   -2.3550E+00    1.8013E+01    2.2100E-04
5.4228E+00  5.2443E-01 2.5378E+02    8.0684E-04    2.8954E-08    7.1276E-01   -2.3299E+00    2.0068E+01    2.2100E-04
4.9847E+00  5.5563E-01 2.5706E+02    1.1015E-03    2.7022E-08    7.4385E-01   -2.3058E+00    2.2164E+01    2.2100E-04
4.5509E+00  5.8794E-01 2.6016E+02    1.4662E-03    2.5193E-08    7.6903E-01   -2.2530E+00    2.4280E+01    2.2100E-04
4.1217E+00  6.2134E-01 2.6307E+02    1.9068E-03    2.3479E-08    7.8709E-01   -2.1855E+00    2.6401E+01    2.2100E-04
3.6979E+00  6.5582E-01 2.6581E+02    2.4280E-03    2.1801E-08    7.9538E-01   -2.1130E+00    2.8514E+01    2.2100E-04
3.2797E+00  6.9133E-01 2.6838E+02    3.0333E-03    2.0214E-08    7.9488E-01   -2.0071E+00    3.0612E+01    2.2100E-04
2.8677E+00  7.2785E-01 2.7079E+02    3.7252E-03    1.8791E-08    7.8874E-01   -1.8445E+00    3.2686E+01    2.2100E-04
2.4622E+00  7.6534E-01 2.7307E+02    4.5055E-03    1.7525E-08    7.7953E-01   -1.6955E+00    3.4733E+01    2.2100E-04
2.0634E+00  8.0374E-01 2.7546E+02    5.4458E-03    1.6405E-08    7.7253E-01   -1.6111E+00    3.6984E+01    2.2100E-04
1.6716E+00  8.4300E-01 2.7772E+02    6.3341E-03    1.5424E-08    7.4924E-01   -1.5247E+00    3.9215E+01    2.2100E-04
1.2869E+00  8.8307E-01 2.7989E+02    7.4329E-03    1.4580E-08    7.3663E-01   -1.5392E+00    4.1449E+01    2.2100E-04
9.0971E-01  9.2388E-01 2.8195E+02    8.5333E-03    1.3882E-08    7.2284E-01   -1.6104E+00    4.3653E+01    2.2100E-04
5.4031E-01  9.6535E-01 2.8392E+02    9.7311E-03    1.3302E-08    7.2095E-01   -1.8198E+00    4.5849E+01    2.2100E-04
1.7895E-01  1.0074E+00 2.8580E+02    1.1078E-02    1.2804E-08    7.3911E-01   -2.0669E+00    4.8012E+01    2.2100E-04
0.0000E+00  1.0288E+00 2.8674E+02    1.1754E-02    1.2900E-08    7.8920E+00   -3.4946E+00    4.9125E+01    2.2100E-04
