     ALT          P          T          FH2O           O3           THEAT        TCOOL        PSATCO2        FCO2
7.3813E+01  3.2610E-05 2.2470E+02    5.2169E-06    1.1136E-07    3.7089E+01   -7.3533E+01    7.2695E+00    2.1800E-04
7.2679E+01  3.8505E-05 2.2610E+02    5.4325E-06    1.4426E-07    5.3357E+00   -4.7403E+01    7.6830E+00    2.1800E-04
7.1546E+01  4.5410E-05 2.2756E+02    5.6323E-06    1.8447E-07    2.7780E+00   -2.9897E+01    8.1342E+00    2.1800E-04
7.0415E+01  5.3485E-05 2.2909E+02    5.7966E-06    2.2980E-07    2.7347E+00   -1.8897E+01    8.6286E+00    2.1800E-04
6.9285E+01  6.2917E-05 2.3068E+02    5.9549E-06    2.7741E-07    2.9394E+00   -1.2466E+01    9.1671E+00    2.1800E-04
6.8157E+01  7.3918E-05 2.3233E+02    6.0892E-06    3.2594E-07    3.1662E+00   -8.9559E+00    9.7486E+00    2.1800E-04
6.7029E+01  8.6734E-05 2.3401E+02    6.2119E-06    3.7735E-07    3.4078E+00   -7.1662E+00    1.0371E+01    2.1800E-04
6.5903E+01  1.0164E-04 2.3572E+02    6.3176E-06    4.3380E-07    3.6760E+00   -6.3119E+00    1.1033E+01    2.1800E-04
6.4778E+01  1.1897E-04 2.3744E+02    6.4176E-06    4.9625E-07    3.9872E+00   -5.9756E+00    1.1730E+01    2.1800E-04
6.3655E+01  1.3907E-04 2.3917E+02    6.4975E-06    5.6608E-07    4.3347E+00   -5.8918E+00    1.2461E+01    2.1800E-04
6.2532E+01  1.6236E-04 2.4089E+02    6.5773E-06    6.4377E-07    4.7183E+00   -5.9394E+00    1.3222E+01    2.1800E-04
6.1412E+01  1.8931E-04 2.4259E+02    6.6502E-06    7.2975E-07    5.1345E+00   -6.0524E+00    1.4013E+01    2.1800E-04
6.0293E+01  2.2046E-04 2.4429E+02    6.7074E-06    8.2416E-07    5.5771E+00   -6.1994E+00    1.4830E+01    2.1800E-04
5.9176E+01  2.5641E-04 2.4597E+02    6.7629E-06    9.2718E-07    6.0380E+00   -6.3735E+00    1.5673E+01    2.1800E-04
5.8061E+01  2.9785E-04 2.4763E+02    6.8075E-06    1.0385E-06    6.5079E+00   -6.5650E+00    1.6543E+01    2.1800E-04
5.6949E+01  3.4554E-04 2.4928E+02    6.8520E-06    1.1657E-06    7.0049E+00   -6.7752E+00    1.7439E+01    2.1800E-04
5.5839E+01  4.0038E-04 2.5091E+02    6.8882E-06    1.3072E-06    7.5042E+00   -6.9833E+00    1.8361E+01    2.1800E-04
5.4732E+01  4.6332E-04 2.5253E+02    6.9207E-06    1.4528E-06    7.9539E+00   -7.1858E+00    1.9312E+01    2.1800E-04
5.3627E+01  5.3549E-04 2.5414E+02    6.9524E-06    1.6292E-06    8.4271E+00   -7.3974E+00    2.0290E+01    2.1800E-04
5.2526E+01  6.1812E-04 2.5574E+02    6.9745E-06    1.8197E-06    8.8428E+00   -7.6017E+00    2.1299E+01    2.1800E-04
5.1428E+01  7.1261E-04 2.5733E+02    6.9964E-06    2.0337E-06    9.2028E+00   -7.7983E+00    2.2338E+01    2.1800E-04
5.0334E+01  8.2050E-04 2.5891E+02    7.0083E-06    2.2712E-06    9.4824E+00   -7.9834E+00    2.3408E+01    2.1800E-04
4.9242E+01  9.4353E-04 2.6048E+02    7.0100E-06    2.5319E-06    9.6577E+00   -8.1813E+00    2.4510E+01    2.1800E-04
4.8155E+01  1.0836E-03 2.6209E+02    7.0100E-06    2.8161E-06    9.7175E+00   -8.4841E+00    2.5672E+01    2.1800E-04
4.7071E+01  1.2430E-03 2.6366E+02    7.0064E-06    3.1128E-06    9.6240E+00   -8.7893E+00    2.6846E+01    2.1800E-04
4.5992E+01  1.4240E-03 2.6481E+02    6.9948E-06    3.4365E-06    9.4005E+00   -8.9085E+00    2.7734E+01    2.1800E-04
4.4920E+01  1.6293E-03 2.6528E+02    6.9668E-06    3.7813E-06    9.0425E+00   -8.7697E+00    2.8096E+01    2.1800E-04
4.3858E+01  1.8618E-03 2.6499E+02    6.9343E-06    4.1348E-06    8.5567E+00   -8.4073E+00    2.7872E+01    2.1800E-04
4.2809E+01  2.1249E-03 2.6401E+02    6.8924E-06    4.4895E-06    7.9770E+00   -7.8957E+00    2.7115E+01    2.1800E-04
4.1776E+01  2.4220E-03 2.6246E+02    6.8315E-06    4.8023E-06    7.3199E+00   -7.3021E+00    2.5943E+01    2.1800E-04
4.0759E+01  2.7573E-03 2.6047E+02    6.7705E-06    5.0877E-06    6.6674E+00   -6.6907E+00    2.4497E+01    2.1800E-04
3.9761E+01  3.1350E-03 2.5817E+02    6.7009E-06    5.3176E-06    6.0420E+00   -6.0918E+00    2.2906E+01    2.1800E-04
3.8782E+01  3.5599E-03 2.5568E+02    6.6225E-06    5.5042E-06    5.4792E+00   -5.5301E+00    2.1265E+01    2.1800E-04
3.7823E+01  4.0373E-03 2.5307E+02    6.5372E-06    5.6583E-06    4.9890E+00   -5.0220E+00    1.9638E+01    2.1800E-04
3.6883E+01  4.5730E-03 2.5038E+02    6.4506E-06    5.7740E-06    4.5587E+00   -4.5747E+00    1.8061E+01    2.1800E-04
3.5964E+01  5.1733E-03 2.4765E+02    6.3513E-06    5.8686E-06    4.1844E+00   -4.1831E+00    1.6555E+01    2.1800E-04
3.5064E+01  5.8449E-03 2.4490E+02    6.2575E-06    5.9512E-06    3.8542E+00   -3.8443E+00    1.5134E+01    2.1800E-04
3.4183E+01  6.5955E-03 2.4217E+02    6.1619E-06    6.0040E-06    3.5496E+00   -3.5428E+00    1.3812E+01    2.1800E-04
3.3322E+01  7.4330E-03 2.3948E+02    6.0585E-06    6.0386E-06    3.2674E+00   -3.2650E+00    1.2599E+01    2.1800E-04
3.2479E+01  8.3664E-03 2.3689E+02    5.9573E-06    6.0346E-06    2.9975E+00   -3.0011E+00    1.1505E+01    2.1800E-04
3.1654E+01  9.4051E-03 2.3444E+02    5.8584E-06    5.9903E-06    2.7385E+00   -2.7492E+00    1.0534E+01    2.1800E-04
3.0847E+01  1.0559E-02 2.3217E+02    5.7615E-06    5.8934E-06    2.4879E+00   -2.5377E+00    9.6910E+00    2.1800E-04
3.0055E+01  1.1840E-02 2.3011E+02    5.6626E-06    5.7369E-06    2.2471E+00   -2.2856E+00    8.9690E+00    2.1800E-04
2.9280E+01  1.3260E-02 2.2825E+02    5.5635E-06    5.5381E-06    2.0230E+00   -2.0495E+00    8.3551E+00    2.1800E-04
2.8519E+01  1.4831E-02 2.2659E+02    5.4721E-06    5.2906E-06    1.8161E+00   -1.8330E+00    7.8329E+00    2.1800E-04
2.7772E+01  1.6568E-02 2.2510E+02    5.3826E-06    5.0180E-06    1.6310E+00   -1.6376E+00    7.3851E+00    2.1800E-04
2.7038E+01  1.8485E-02 2.2375E+02    5.2945E-06    4.7054E-06    1.4643E+00   -1.4642E+00    6.9959E+00    2.1800E-04
2.6318E+01  2.0597E-02 2.2250E+02    5.2080E-06    4.3802E-06    1.3187E+00   -1.3134E+00    6.6517E+00    2.1800E-04
2.5609E+01  2.2922E-02 2.2134E+02    5.1230E-06    4.0507E-06    1.1922E+00   -1.1831E+00    6.3415E+00    2.1800E-04
2.4913E+01  2.5477E-02 2.2024E+02    5.0394E-06    3.7162E-06    1.0806E+00   -1.0707E+00    6.0572E+00    2.1800E-04
2.4228E+01  2.8281E-02 2.1917E+02    4.9573E-06    3.3889E-06    9.8149E-01   -9.7197E-01    5.7932E+00    2.1800E-04
2.3556E+01  3.1354E-02 2.1815E+02    4.8765E-06    3.0682E-06    8.9133E-01   -8.8363E-01    5.5461E+00    2.1800E-04
2.2894E+01  3.4718E-02 2.1715E+02    4.7971E-06    2.7640E-06    8.0866E-01   -8.0248E-01    5.3145E+00    2.1800E-04
2.2244E+01  3.8394E-02 2.1619E+02    4.7193E-06    2.4770E-06    7.3160E-01   -7.2704E-01    5.0550E+00    2.1800E-04
2.1605E+01  4.2405E-02 2.1527E+02    4.6524E-06    2.2065E-06    6.5900E-01   -6.5722E-01    4.7539E+00    2.1800E-04
2.0976E+01  4.6777E-02 2.1440E+02    4.5770E-06    1.9535E-06    5.9057E-01   -5.9194E-01    4.4831E+00    2.1800E-04
2.0359E+01  5.1534E-02 2.1359E+02    4.5108E-06    1.7193E-06    5.2666E-01   -5.3117E-01    4.2428E+00    2.1800E-04
1.9751E+01  5.6704E-02 2.1284E+02    4.4401E-06    1.5002E-06    4.6705E-01   -4.7411E-01    4.0324E+00    2.1800E-04
1.9154E+01  6.2314E-02 2.1217E+02    4.3784E-06    1.2975E-06    4.1251E-01   -4.2062E-01    3.8508E+00    2.1800E-04
1.8567E+01  6.8392E-02 2.1158E+02    4.3115E-06    1.1124E-06    3.6353E-01   -3.6992E-01    3.6961E+00    2.1800E-04
1.7989E+01  7.4969E-02 2.1106E+02    4.2590E-06    9.4360E-07    3.2027E-01   -3.2394E-01    3.5656E+00    2.1800E-04
1.7421E+01  8.2074E-02 2.1062E+02    4.2136E-06    7.9226E-07    2.8280E-01   -2.8358E-01    3.4563E+00    2.1800E-04
1.6861E+01  8.9740E-02 2.1024E+02    4.1688E-06    6.5820E-07    2.5083E-01   -2.5015E-01    3.3656E+00    2.1800E-04
1.6311E+01  9.7999E-02 2.0992E+02    4.1248E-06    5.3975E-07    2.2368E-01   -2.2490E-01    3.2911E+00    2.1800E-04
1.5769E+01  1.0688E-01 2.0965E+02    4.0911E-06    4.3619E-07    1.9966E-01   -1.7908E-01    3.2300E+00    2.1800E-04
1.5236E+01  1.1642E-01 2.0944E+02    4.0594E-06    3.4873E-07    1.7942E-01   -1.6319E-01    3.1814E+00    2.1800E-04
1.4711E+01  1.2666E-01 2.0928E+02    4.0384E-06    2.7584E-07    1.6276E-01   -1.5324E-01    3.1466E+00    2.1800E-04
1.4195E+01  1.3762E-01 2.0920E+02    4.0178E-06    2.1577E-07    1.4902E-01   -1.4749E-01    3.1286E+00    2.1800E-04
1.3686E+01  1.4934E-01 2.0922E+02    3.9987E-06    1.6625E-07    1.3769E-01   -1.4483E-01    3.1312E+00    2.1800E-04
1.3186E+01  1.6185E-01 2.0933E+02    3.9887E-06    1.2814E-07    1.2881E-01   -1.4209E-01    3.1574E+00    2.1800E-04
1.2692E+01  1.7519E-01 2.0956E+02    3.9800E-06    1.0265E-07    1.2234E-01   -1.3558E-01    3.2090E+00    2.1800E-04
1.2207E+01  1.8940E-01 2.0990E+02    3.9988E-06    8.5070E-08    1.1776E-01   -1.2723E-01    3.2874E+00    2.1800E-04
1.1728E+01  2.0449E-01 2.1035E+02    4.2315E-06    7.1891E-08    1.1540E-01   -1.2415E-01    3.3916E+00    2.1800E-04
1.1256E+01  2.2051E-01 2.1083E+02    5.1303E-06    6.2102E-08    1.1680E-01   -1.2874E-01    3.5080E+00    2.1800E-04
1.0790E+01  2.3749E-01 2.1144E+02    5.8168E-06    5.6645E-08    1.1894E-01   -1.0949E-01    3.6619E+00    2.1800E-04
1.0332E+01  2.5545E-01 2.1212E+02    6.7415E-06    5.3170E-08    1.2042E-01   -6.7354E-02    3.8370E+00    2.1800E-04
9.8788E+00  2.7442E-01 2.1349E+02    8.1333E-06    5.0506E-08    1.2572E-01   -1.2034E-01    4.2152E+00    2.1800E-04
9.4292E+00  2.9443E-01 2.1667E+02    1.2462E-05    4.8115E-08    1.4415E-01   -3.8646E-01    5.2043E+00    2.1800E-04
8.9800E+00  3.1551E-01 2.2101E+02    2.1841E-05    4.5833E-08    1.8094E-01   -8.0137E-01    6.2557E+00    2.1800E-04
8.5303E+00  3.3766E-01 2.2533E+02    3.7335E-05    4.3629E-08    2.3182E-01   -1.2265E+00    7.4525E+00    2.1800E-04
8.0806E+00  3.6092E-01 2.2960E+02    6.2208E-05    4.1471E-08    2.9390E-01   -1.6173E+00    8.7984E+00    2.1800E-04
7.6312E+00  3.8529E-01 2.3380E+02    1.0096E-04    3.9316E-08    3.6186E-01   -1.9220E+00    1.0292E+01    2.1800E-04
7.1826E+00  4.1078E-01 2.3792E+02    1.5944E-04    3.7181E-08    4.3286E-01   -2.1292E+00    1.1928E+01    2.1800E-04
6.7354E+00  4.3742E-01 2.4191E+02    2.4484E-04    3.5130E-08    5.0940E-01   -2.2647E+00    1.3694E+01    2.1800E-04
6.2899E+00  4.6519E-01 2.4577E+02    3.6540E-04    3.3078E-08    5.8726E-01   -2.3181E+00    1.5571E+01    2.1800E-04
5.8469E+00  4.9411E-01 2.4946E+02    5.2994E-04    3.1114E-08    6.5275E-01   -2.3228E+00    1.7539E+01    2.1800E-04
5.4069E+00  5.2416E-01 2.5297E+02    7.4726E-04    2.9173E-08    6.9914E-01   -2.3036E+00    1.9576E+01    2.1800E-04
4.9704E+00  5.5533E-01 2.5629E+02    1.0256E-03    2.7306E-08    7.3242E-01   -2.2849E+00    2.1657E+01    2.1800E-04
4.5381E+00  5.8762E-01 2.5942E+02    1.3721E-03    2.5489E-08    7.5918E-01   -2.2410E+00    2.3764E+01    2.1800E-04
4.1104E+00  6.2101E-01 2.6237E+02    1.7930E-03    2.3724E-08    7.7930E-01   -2.1770E+00    2.5879E+01    2.1800E-04
3.6879E+00  6.5546E-01 2.6514E+02    2.2931E-03    2.2068E-08    7.8999E-01   -2.1096E+00    2.7991E+01    2.1800E-04
3.2710E+00  6.9096E-01 2.6775E+02    2.8762E-03    2.0573E-08    7.9145E-01   -2.0147E+00    3.0088E+01    2.1800E-04
2.8602E+00  7.2745E-01 2.7019E+02    3.5451E-03    1.9162E-08    7.8674E-01   -1.8655E+00    3.2163E+01    2.1800E-04
2.4558E+00  7.6492E-01 2.7250E+02    4.3014E-03    1.7841E-08    7.7882E-01   -1.7146E+00    3.4213E+01    2.1800E-04
2.0581E+00  8.0329E-01 2.7486E+02    5.2177E-03    1.6689E-08    7.7370E-01   -1.6203E+00    3.6414E+01    2.1800E-04
1.6673E+00  8.4253E-01 2.7715E+02    6.1146E-03    1.5713E-08    7.5366E-01   -1.5332E+00    3.8641E+01    2.1800E-04
1.2837E+00  8.8258E-01 2.7934E+02    7.1443E-03    1.4872E-08    7.3796E-01   -1.5267E+00    4.0872E+01    2.1800E-04
9.0745E-01  9.2336E-01 2.8142E+02    8.2550E-03    1.4177E-08    7.2588E-01   -1.5935E+00    4.3074E+01    2.1800E-04
5.3898E-01  9.6481E-01 2.8340E+02    9.3637E-03    1.3600E-08    7.1978E-01   -1.7807E+00    4.5260E+01    2.1800E-04
1.7851E-01  1.0069E+00 2.8529E+02    1.0724E-02    1.3103E-08    7.4002E-01   -2.0352E+00    4.7422E+01    2.1800E-04
0.0000E+00  1.0282E+00 2.8624E+02    1.1405E-02    1.3200E-08    7.9112E+00   -3.5342E+00    4.8533E+01    2.1800E-04
