     ALT          P          T          FH2O           O3           THEAT        TCOOL        PSATCO2        FCO2
7.3844E+01  3.2610E-05 2.2508E+02    4.7734E-06    1.1470E-07    3.7143E+01   -7.4054E+01    7.3790E+00    2.1900E-04
7.2707E+01  3.8506E-05 2.2648E+02    4.9772E-06    1.4847E-07    5.3270E+00   -4.7475E+01    7.7985E+00    2.1900E-04
7.1573E+01  4.5410E-05 2.2794E+02    5.1488E-06    1.8899E-07    2.7931E+00   -2.9773E+01    8.2560E+00    2.1900E-04
7.0439E+01  5.3486E-05 2.2948E+02    5.3076E-06    2.3598E-07    2.7624E+00   -1.8665E+01    8.7571E+00    2.1900E-04
6.9307E+01  6.2917E-05 2.3107E+02    5.4536E-06    2.8456E-07    2.9731E+00   -1.2195E+01    9.3026E+00    2.1900E-04
6.8177E+01  7.3919E-05 2.3272E+02    5.5777E-06    3.3446E-07    3.2066E+00   -8.6926E+00    9.8915E+00    2.1900E-04
6.7047E+01  8.6736E-05 2.3441E+02    5.6865E-06    3.8677E-07    3.4527E+00   -6.9165E+00    1.0522E+01    2.1900E-04
6.5919E+01  1.0165E-04 2.3612E+02    5.7868E-06    4.4395E-07    3.7247E+00   -6.0898E+00    1.1191E+01    2.1900E-04
6.4792E+01  1.1897E-04 2.3784E+02    5.8771E-06    5.0773E-07    4.0419E+00   -5.7815E+00    1.1896E+01    2.1900E-04
6.3666E+01  1.3907E-04 2.3957E+02    5.9554E-06    5.7793E-07    4.3917E+00   -5.7239E+00    1.2635E+01    2.1900E-04
6.2542E+01  1.6236E-04 2.4129E+02    6.0228E-06    6.5717E-07    4.7815E+00   -5.7946E+00    1.3404E+01    2.1900E-04
6.1419E+01  1.8932E-04 2.4299E+02    6.0902E-06    7.4373E-07    5.2001E+00   -5.9343E+00    1.4203E+01    2.1900E-04
6.0298E+01  2.2047E-04 2.4469E+02    6.1475E-06    8.3934E-07    5.6472E+00   -6.1105E+00    1.5028E+01    2.1900E-04
5.9179E+01  2.5642E-04 2.4637E+02    6.1931E-06    9.4446E-07    6.1164E+00   -6.3098E+00    1.5880E+01    2.1900E-04
5.8062E+01  2.9786E-04 2.4803E+02    6.2378E-06    1.0592E-06    6.5983E+00   -6.5304E+00    1.6757E+01    2.1900E-04
5.6948E+01  3.4556E-04 2.4968E+02    6.2762E-06    1.1868E-06    7.0897E+00   -6.7653E+00    1.7662E+01    2.1900E-04
5.5836E+01  4.0039E-04 2.5131E+02    6.3084E-06    1.3205E-06    7.5541E+00   -6.9890E+00    1.8593E+01    2.1900E-04
5.4727E+01  4.6334E-04 2.5293E+02    6.3406E-06    1.4749E-06    8.0302E+00   -7.2188E+00    1.9552E+01    2.1900E-04
5.3621E+01  5.3552E-04 2.5454E+02    6.3628E-06    1.6517E-06    8.4994E+00   -7.4496E+00    2.0540E+01    2.1900E-04
5.2517E+01  6.1815E-04 2.5614E+02    6.3848E-06    1.8429E-06    8.9078E+00   -7.6731E+00    2.1558E+01    2.1900E-04
5.1417E+01  7.1264E-04 2.5773E+02    6.4000E-06    2.0578E-06    9.2600E+00   -7.8849E+00    2.2607E+01    2.1900E-04
5.0321E+01  8.2054E-04 2.5932E+02    6.4100E-06    2.2962E-06    9.5314E+00   -8.0840E+00    2.3688E+01    2.1900E-04
4.9228E+01  9.4358E-04 2.6089E+02    6.4200E-06    2.5581E-06    9.6982E+00   -8.3013E+00    2.4802E+01    2.1900E-04
4.8138E+01  1.0837E-03 2.6252E+02    6.4100E-06    2.8411E-06    9.7434E+00   -8.6096E+00    2.5987E+01    2.1900E-04
4.7053E+01  1.2431E-03 2.6405E+02    6.4058E-06    3.1374E-06    9.6383E+00   -8.8921E+00    2.7144E+01    2.1900E-04
4.5972E+01  1.4241E-03 2.6513E+02    6.3842E-06    3.4614E-06    9.4062E+00   -8.9730E+00    2.7979E+01    2.1900E-04
4.4899E+01  1.6294E-03 2.6552E+02    6.3628E-06    3.8052E-06    9.0404E+00   -8.8027E+00    2.8284E+01    2.1900E-04
4.3836E+01  1.8619E-03 2.6517E+02    6.3230E-06    4.1641E-06    8.5565E+00   -8.4180E+00    2.8010E+01    2.1900E-04
4.2786E+01  2.1250E-03 2.6414E+02    6.2810E-06    4.5113E-06    7.9642E+00   -7.8912E+00    2.7216E+01    2.1900E-04
4.1752E+01  2.4222E-03 2.6256E+02    6.2194E-06    4.8226E-06    7.3056E+00   -7.2908E+00    2.6021E+01    2.1900E-04
4.0735E+01  2.7575E-03 2.6056E+02    6.1579E-06    5.1063E-06    6.6540E+00   -6.6764E+00    2.4561E+01    2.1900E-04
3.9736E+01  3.1352E-03 2.5826E+02    6.0880E-06    5.3345E-06    6.0298E+00   -6.0759E+00    2.2961E+01    2.1900E-04
3.8757E+01  3.5601E-03 2.5576E+02    6.0095E-06    5.5107E-06    5.4628E+00   -5.5126E+00    2.1317E+01    2.1900E-04
3.7797E+01  4.0376E-03 2.5315E+02    5.9229E-06    5.6550E-06    4.9710E+00   -5.0043E+00    1.9689E+01    2.1900E-04
3.6857E+01  4.5733E-03 2.5047E+02    5.8295E-06    5.7785E-06    4.5483E+00   -4.5589E+00    1.8111E+01    2.1900E-04
3.5937E+01  5.1736E-03 2.4774E+02    5.7375E-06    5.8659E-06    4.1731E+00   -4.1683E+00    1.6603E+01    2.1900E-04
3.5036E+01  5.8454E-03 2.4500E+02    5.6375E-06    5.9435E-06    3.8425E+00   -3.8294E+00    1.5181E+01    2.1900E-04
3.4155E+01  6.5960E-03 2.4226E+02    5.5372E-06    5.9942E-06    3.5385E+00   -3.5276E+00    1.3856E+01    2.1900E-04
3.3293E+01  7.4336E-03 2.3958E+02    5.4338E-06    6.0194E-06    3.2546E+00   -3.2490E+00    1.2639E+01    2.1900E-04
3.2450E+01  8.3671E-03 2.3698E+02    5.3326E-06    6.0138E-06    2.9857E+00   -2.9847E+00    1.1541E+01    2.1900E-04
3.1625E+01  9.4058E-03 2.3452E+02    5.2336E-06    5.9663E-06    2.7271E+00   -2.7325E+00    1.0566E+01    2.1900E-04
3.0817E+01  1.0560E-02 2.3224E+02    5.1367E-06    5.8678E-06    2.4774E+00   -2.5217E+00    9.7172E+00    2.1900E-04
3.0025E+01  1.1841E-02 2.3017E+02    5.0417E-06    5.7132E-06    2.2381E+00   -2.2698E+00    8.9899E+00    2.1900E-04
2.9249E+01  1.3261E-02 2.2830E+02    4.9484E-06    5.5163E-06    2.0151E+00   -2.0339E+00    8.3705E+00    2.1900E-04
2.8488E+01  1.4833E-02 2.2662E+02    4.8472E-06    5.2667E-06    1.8082E+00   -1.8165E+00    7.8423E+00    2.1900E-04
2.7741E+01  1.6570E-02 2.2511E+02    4.7577E-06    4.9921E-06    1.6233E+00   -1.6206E+00    7.3884E+00    2.1900E-04
2.7007E+01  1.8486E-02 2.2374E+02    4.6696E-06    4.6874E-06    1.4584E+00   -1.4469E+00    6.9928E+00    2.1900E-04
2.6286E+01  2.0599E-02 2.2247E+02    4.5832E-06    4.3619E-06    1.3130E+00   -1.2954E+00    6.6420E+00    2.1900E-04
2.5578E+01  2.2924E-02 2.2128E+02    4.4981E-06    4.0311E-06    1.1865E+00   -1.1645E+00    6.3251E+00    2.1900E-04
2.4882E+01  2.5479E-02 2.2014E+02    4.4146E-06    3.7050E-06    1.0763E+00   -1.0509E+00    6.0339E+00    2.1900E-04
2.4197E+01  2.8284E-02 2.1905E+02    4.3425E-06    3.3794E-06    9.7770E-01   -9.5172E-01    5.7628E+00    2.1900E-04
2.3525E+01  3.1357E-02 2.1799E+02    4.2618E-06    3.0602E-06    8.8773E-01   -8.6218E-01    5.5087E+00    2.1900E-04
2.2864E+01  3.4721E-02 2.1696E+02    4.1826E-06    2.7569E-06    8.0510E-01   -7.7970E-01    5.2700E+00    2.1900E-04
2.2214E+01  3.8398E-02 2.1596E+02    4.1047E-06    2.4707E-06    7.2807E-01   -7.0279E-01    4.9774E+00    2.1900E-04
2.1575E+01  4.2410E-02 2.1500E+02    4.0317E-06    2.2011E-06    6.5555E-01   -6.3125E-01    4.6677E+00    2.1900E-04
2.0948E+01  4.6782E-02 2.1408E+02    3.9628E-06    1.9503E-06    5.8746E-01   -5.6448E-01    4.3885E+00    2.1900E-04
2.0331E+01  5.1540E-02 2.1323E+02    3.8974E-06    1.7170E-06    5.2367E-01   -5.0196E-01    4.1397E+00    2.1900E-04
1.9725E+01  5.6710E-02 2.1243E+02    3.8268E-06    1.4987E-06    4.6418E-01   -4.4305E-01    3.9206E+00    2.1900E-04
1.9129E+01  6.2321E-02 2.1171E+02    3.7672E-06    1.2945E-06    4.0937E-01   -3.8846E-01    3.7302E+00    2.1900E-04
1.8543E+01  6.8400E-02 2.1107E+02    3.7086E-06    1.1036E-06    3.5966E-01   -3.3820E-01    3.5664E+00    2.1900E-04
1.7966E+01  7.4977E-02 2.1049E+02    3.6510E-06    9.3849E-07    3.1691E-01   -2.9044E-01    3.4267E+00    2.1900E-04
1.7399E+01  8.2084E-02 2.0999E+02    3.6015E-06    7.8930E-07    2.7987E-01   -2.4866E-01    3.3082E+00    2.1900E-04
1.6841E+01  8.9751E-02 2.0956E+02    3.5570E-06    6.5611E-07    2.4807E-01   -2.1480E-01    3.2080E+00    2.1900E-04
1.6293E+01  9.8010E-02 2.0918E+02    3.5224E-06    5.3682E-07    2.2090E-01   -1.9051E-01    3.1241E+00    2.1900E-04
1.5753E+01  1.0689E-01 2.0886E+02    3.4900E-06    4.3403E-07    1.9704E-01   -1.4424E-01    3.0538E+00    2.1900E-04
1.5222E+01  1.1644E-01 2.0860E+02    3.4588E-06    3.4627E-07    1.7683E-01   -1.2952E-01    2.9964E+00    2.1900E-04
1.4699E+01  1.2667E-01 2.0840E+02    3.4379E-06    2.7411E-07    1.6031E-01   -1.2058E-01    2.9537E+00    2.1900E-04
1.4185E+01  1.3763E-01 2.0828E+02    3.4173E-06    2.1459E-07    1.4669E-01   -1.1582E-01    2.9284E+00    2.1900E-04
1.3678E+01  1.4936E-01 2.0825E+02    3.3986E-06    1.6554E-07    1.3546E-01   -1.1377E-01    2.9238E+00    2.1900E-04
1.3180E+01  1.6187E-01 2.0834E+02    3.3886E-06    1.2765E-07    1.2662E-01   -1.1128E-01    2.9423E+00    2.1900E-04
1.2689E+01  1.7522E-01 2.0856E+02    3.3824E-06    1.0168E-07    1.2014E-01   -1.0600E-01    2.9875E+00    2.1900E-04
1.2205E+01  1.8942E-01 2.0888E+02    3.4197E-06    8.5062E-08    1.1601E-01   -9.9414E-02    3.0581E+00    2.1900E-04
1.1729E+01  2.0452E-01 2.0932E+02    4.1164E-06    7.1943E-08    1.1583E-01   -1.1114E-01    3.1552E+00    2.1900E-04
1.1259E+01  2.2054E-01 2.0985E+02    4.6390E-06    6.2195E-08    1.1569E-01   -9.5940E-02    3.2755E+00    2.1900E-04
1.0796E+01  2.3752E-01 2.1040E+02    5.2783E-06    5.6725E-08    1.1675E-01   -8.9265E-02    3.4055E+00    2.1900E-04
1.0338E+01  2.5548E-01 2.1162E+02    6.2671E-06    5.3234E-08    1.1953E-01   -4.8207E-02    3.7056E+00    2.1900E-04
9.8868E+00  2.7446E-01 2.1273E+02    7.3403E-06    5.0563E-08    1.2420E-01   -1.1742E-01    4.0022E+00    2.1900E-04
9.4377E+00  2.9447E-01 2.1686E+02    1.2783E-05    4.8171E-08    1.4818E-01   -4.7623E-01    5.2487E+00    2.1900E-04
8.9880E+00  3.1555E-01 2.2121E+02    2.2392E-05    4.5883E-08    1.8679E-01   -8.8158E-01    6.3076E+00    2.1900E-04
8.5379E+00  3.3771E-01 2.2553E+02    3.8252E-05    4.3631E-08    2.3854E-01   -1.2962E+00    7.5125E+00    2.1900E-04
8.0876E+00  3.6097E-01 2.2980E+02    6.3693E-05    4.1414E-08    3.0097E-01   -1.6727E+00    8.8670E+00    2.1900E-04
7.6377E+00  3.8534E-01 2.3401E+02    1.0329E-04    3.9256E-08    3.6873E-01   -1.9623E+00    1.0370E+01    2.1900E-04
7.1887E+00  4.1084E-01 2.3812E+02    1.6298E-04    3.7117E-08    4.3933E-01   -2.1574E+00    1.2014E+01    2.1900E-04
6.7409E+00  4.3748E-01 2.4212E+02    2.5004E-04    3.5063E-08    5.1557E-01   -2.2840E+00    1.3788E+01    2.1900E-04
6.2951E+00  4.6526E-01 2.4597E+02    3.7277E-04    3.3006E-08    5.9288E-01   -2.3308E+00    1.5673E+01    2.1900E-04
5.8516E+00  4.9418E-01 2.4965E+02    5.4000E-04    3.1039E-08    6.5733E-01   -2.3323E+00    1.7647E+01    2.1900E-04
5.4112E+00  5.2423E-01 2.5315E+02    7.6054E-04    2.9095E-08    7.0270E-01   -2.3106E+00    1.9688E+01    2.1900E-04
4.9743E+00  5.5541E-01 2.5647E+02    1.0426E-03    2.7226E-08    7.3535E-01   -2.2905E+00    2.1773E+01    2.1900E-04
4.5416E+00  5.8771E-01 2.5959E+02    1.3933E-03    2.5406E-08    7.6168E-01   -2.2443E+00    2.3882E+01    2.1900E-04
4.1135E+00  6.2110E-01 2.6253E+02    1.8187E-03    2.3640E-08    7.8129E-01   -2.1793E+00    2.5999E+01    2.1900E-04
3.6906E+00  6.5556E-01 2.6530E+02    2.3237E-03    2.1968E-08    7.9140E-01   -2.1106E+00    2.8111E+01    2.1900E-04
3.2734E+00  6.9106E-01 2.6789E+02    2.9119E-03    2.0387E-08    7.9236E-01   -2.0129E+00    3.0209E+01    2.1900E-04
2.8623E+00  7.2756E-01 2.7033E+02    3.5862E-03    1.8970E-08    7.8729E-01   -1.8595E+00    3.2284E+01    2.1900E-04
2.4576E+00  7.6503E-01 2.7263E+02    4.3481E-03    1.7709E-08    7.7913E-01   -1.7107E+00    3.4333E+01    2.1900E-04
2.0596E+00  8.0341E-01 2.7502E+02    5.2761E-03    1.6594E-08    7.7417E-01   -1.6218E+00    3.6560E+01    2.1900E-04
1.6685E+00  8.4266E-01 2.7730E+02    6.1708E-03    1.5616E-08    7.5314E-01   -1.5328E+00    3.8787E+01    2.1900E-04
1.2846E+00  8.8271E-01 2.7948E+02    7.2185E-03    1.4774E-08    7.3811E-01   -1.5309E+00    4.1020E+01    2.1900E-04
9.0809E-01  9.2350E-01 2.8156E+02    8.3265E-03    1.4079E-08    7.2545E-01   -1.5984E+00    4.3222E+01    2.1900E-04
5.3936E-01  9.6496E-01 2.8354E+02    9.4585E-03    1.3501E-08    7.2037E-01   -1.7912E+00    4.5411E+01    2.1900E-04
1.7864E-01  1.0070E+00 2.8542E+02    1.0815E-02    1.3003E-08    7.4001E-01   -2.0437E+00    4.7573E+01    2.1900E-04
0.0000E+00  1.0284E+00 2.8637E+02    1.1495E-02    1.3100E-08    7.9068E+00   -3.5242E+00    4.8685E+01    2.1900E-04
