     ALT          P          T          FH2O           O3           THEAT        TCOOL        PSATCO2        FCO2
7.3833E+01  3.2610E-05 2.2520E+02    4.6166E-06    1.1615E-07    3.7190E+01   -7.4377E+01    7.4144E+00    2.2000E-04
7.2696E+01  3.8506E-05 2.2660E+02    4.8102E-06    1.5008E-07    5.3129E+00   -4.7562E+01    7.8358E+00    2.2000E-04
7.1560E+01  4.5410E-05 2.2806E+02    4.9879E-06    1.9138E-07    2.8027E+00   -2.9721E+01    8.2954E+00    2.2000E-04
7.0426E+01  5.3486E-05 2.2960E+02    5.1400E-06    2.3848E-07    2.7768E+00   -1.8539E+01    8.7986E+00    2.2000E-04
6.9294E+01  6.2918E-05 2.3120E+02    5.2760E-06    2.8750E-07    2.9895E+00   -1.2078E+01    9.3464E+00    2.2000E-04
6.8163E+01  7.3920E-05 2.3285E+02    5.3998E-06    3.3742E-07    3.2233E+00   -8.5787E+00    9.9377E+00    2.2000E-04
6.7033E+01  8.6737E-05 2.3454E+02    5.5029E-06    3.9082E-07    3.4742E+00   -6.8186E+00    1.0570E+01    2.2000E-04
6.5904E+01  1.0165E-04 2.3625E+02    5.5986E-06    4.4819E-07    3.7471E+00   -6.0061E+00    1.1242E+01    2.2000E-04
6.4776E+01  1.1897E-04 2.3797E+02    5.6889E-06    5.1220E-07    4.0656E+00   -5.7090E+00    1.1950E+01    2.2000E-04
6.3650E+01  1.3907E-04 2.3969E+02    5.7668E-06    5.8353E-07    4.4201E+00   -5.6648E+00    1.2691E+01    2.2000E-04
6.2525E+01  1.6236E-04 2.4141E+02    5.8343E-06    6.6240E-07    4.8085E+00   -5.7461E+00    1.3463E+01    2.2000E-04
6.1401E+01  1.8932E-04 2.4312E+02    5.8917E-06    7.4977E-07    5.2301E+00   -5.8925E+00    1.4264E+01    2.2000E-04
6.0280E+01  2.2047E-04 2.4482E+02    5.9491E-06    8.4658E-07    5.6817E+00   -6.0800E+00    1.5092E+01    2.2000E-04
5.9160E+01  2.5642E-04 2.4649E+02    5.9942E-06    9.5120E-07    6.1479E+00   -6.2902E+00    1.5946E+01    2.2000E-04
5.8043E+01  2.9786E-04 2.4816E+02    6.0389E-06    1.0662E-06    6.6275E+00   -6.5217E+00    1.6826E+01    2.2000E-04
5.6928E+01  3.4557E-04 2.4980E+02    6.0767E-06    1.1901E-06    7.1051E+00   -6.7656E+00    1.7733E+01    2.2000E-04
5.5815E+01  4.0040E-04 2.5144E+02    6.1090E-06    1.3328E-06    7.6040E+00   -7.0010E+00    1.8667E+01    2.2000E-04
5.4706E+01  4.6335E-04 2.5306E+02    6.1412E-06    1.4882E-06    8.0811E+00   -7.2404E+00    1.9628E+01    2.2000E-04
5.3599E+01  5.3553E-04 2.5466E+02    6.1633E-06    1.6596E-06    8.5274E+00   -7.4767E+00    2.0619E+01    2.2000E-04
5.2495E+01  6.1817E-04 2.5627E+02    6.1800E-06    1.8583E-06    8.9563E+00   -7.7085E+00    2.1640E+01    2.2000E-04
5.1395E+01  7.1266E-04 2.5786E+02    6.1974E-06    2.0739E-06    9.3065E+00   -7.9271E+00    2.2692E+01    2.2000E-04
5.0297E+01  8.2056E-04 2.5944E+02    6.2000E-06    2.3131E-06    9.5721E+00   -8.1294E+00    2.3776E+01    2.2000E-04
4.9204E+01  9.4361E-04 2.6102E+02    6.2100E-06    2.5749E-06    9.7280E+00   -8.3533E+00    2.4893E+01    2.2000E-04
4.8114E+01  1.0837E-03 2.6265E+02    6.2069E-06    2.8493E-06    9.7456E+00   -8.6634E+00    2.6087E+01    2.2000E-04
4.7028E+01  1.2431E-03 2.6417E+02    6.1952E-06    3.1512E-06    9.6471E+00   -8.9368E+00    2.7235E+01    2.2000E-04
4.5947E+01  1.4241E-03 2.6521E+02    6.1736E-06    3.4720E-06    9.4067E+00   -9.0011E+00    2.8045E+01    2.2000E-04
4.4873E+01  1.6294E-03 2.6556E+02    6.1521E-06    3.8237E-06    9.0499E+00   -8.8188E+00    2.8321E+01    2.2000E-04
4.3810E+01  1.8620E-03 2.6519E+02    6.1117E-06    4.1756E-06    8.5521E+00   -8.4219E+00    2.8024E+01    2.2000E-04
4.2760E+01  2.1251E-03 2.6414E+02    6.0695E-06    4.5226E-06    7.9589E+00   -7.8898E+00    2.7214E+01    2.2000E-04
4.1726E+01  2.4223E-03 2.6255E+02    6.0074E-06    4.8418E-06    7.3079E+00   -7.2886E+00    2.6008E+01    2.2000E-04
4.0709E+01  2.7576E-03 2.6053E+02    5.9452E-06    5.1142E-06    6.6460E+00   -6.6710E+00    2.4543E+01    2.2000E-04
3.9710E+01  3.1353E-03 2.5823E+02    5.8653E-06    5.3416E-06    6.0231E+00   -6.0700E+00    2.2942E+01    2.2000E-04
3.8731E+01  3.5603E-03 2.5574E+02    5.7870E-06    5.5260E-06    5.4636E+00   -5.5086E+00    2.1298E+01    2.2000E-04
3.7771E+01  4.0378E-03 2.5312E+02    5.7003E-06    5.6696E-06    4.9717E+00   -5.0003E+00    1.9670E+01    2.2000E-04
3.6832E+01  4.5736E-03 2.5044E+02    5.6063E-06    5.7824E-06    4.5439E+00   -4.5535E+00    1.8091E+01    2.2000E-04
3.5911E+01  5.1739E-03 2.4771E+02    5.5143E-06    5.8756E-06    4.1718E+00   -4.1635E+00    1.6583E+01    2.2000E-04
3.5011E+01  5.8457E-03 2.4495E+02    5.4191E-06    5.9454E-06    3.8386E+00   -3.8243E+00    1.5160E+01    2.2000E-04
3.4130E+01  6.5963E-03 2.4222E+02    5.3134E-06    5.9955E-06    3.5351E+00   -3.5220E+00    1.3834E+01    2.2000E-04
3.3268E+01  7.4340E-03 2.3952E+02    5.2200E-06    6.0300E-06    3.2549E+00   -3.2442E+00    1.2617E+01    2.2000E-04
3.2425E+01  8.3675E-03 2.3692E+02    5.1188E-06    6.0163E-06    2.9834E+00   -2.9788E+00    1.1517E+01    2.2000E-04
3.1600E+01  9.4063E-03 2.3446E+02    5.0198E-06    5.9632E-06    2.7235E+00   -2.7255E+00    1.0541E+01    2.2000E-04
3.0792E+01  1.0561E-02 2.3217E+02    4.9135E-06    5.8730E-06    2.4760E+00   -2.5139E+00    9.6904E+00    2.2000E-04
3.0001E+01  1.1842E-02 2.3008E+02    4.8180E-06    5.7112E-06    2.2353E+00   -2.2609E+00    8.9610E+00    2.2000E-04
2.9226E+01  1.3262E-02 2.2820E+02    4.7250E-06    5.5166E-06    2.0129E+00   -2.0244E+00    8.3389E+00    2.2000E-04
2.8465E+01  1.4834E-02 2.2651E+02    4.6337E-06    5.2667E-06    1.8062E+00   -1.8065E+00    7.8078E+00    2.2000E-04
2.7718E+01  1.6571E-02 2.2498E+02    4.5442E-06    4.9903E-06    1.6211E+00   -1.6100E+00    7.3506E+00    2.2000E-04
2.6985E+01  1.8487E-02 2.2359E+02    4.4561E-06    4.6850E-06    1.4565E+00   -1.4356E+00    6.9516E+00    2.2000E-04
2.6264E+01  2.0600E-02 2.2230E+02    4.3698E-06    4.3694E-06    1.3130E+00   -1.2832E+00    6.5971E+00    2.2000E-04
2.5557E+01  2.2925E-02 2.2109E+02    4.2849E-06    4.0324E-06    1.1856E+00   -1.1515E+00    6.2763E+00    2.2000E-04
2.4861E+01  2.5481E-02 2.1993E+02    4.2015E-06    3.7050E-06    1.0752E+00   -1.0373E+00    5.9813E+00    2.2000E-04
2.4177E+01  2.8286E-02 2.1882E+02    4.1195E-06    3.3789E-06    9.7655E-01   -9.3679E-01    5.7066E+00    2.2000E-04
2.3505E+01  3.1360E-02 2.1773E+02    4.0389E-06    3.0638E-06    8.8731E-01   -8.4606E-01    5.4489E+00    2.2000E-04
2.2845E+01  3.4724E-02 2.1668E+02    3.9682E-06    2.7651E-06    8.0537E-01   -7.6275E-01    5.2068E+00    2.2000E-04
2.2196E+01  3.8400E-02 2.1566E+02    3.8921E-06    2.4713E-06    7.2720E-01   -6.8562E-01    4.8780E+00    2.2000E-04
2.1559E+01  4.2413E-02 2.1467E+02    3.8156E-06    2.2025E-06    6.5453E-01   -6.1321E-01    4.5667E+00    2.2000E-04
2.0932E+01  4.6785E-02 2.1374E+02    3.7471E-06    1.9463E-06    5.8573E-01   -5.4651E-01    4.2867E+00    2.2000E-04
2.0316E+01  5.1543E-02 2.1286E+02    3.6767E-06    1.7194E-06    5.2284E-01   -4.8261E-01    4.0377E+00    2.2000E-04
1.9711E+01  5.6714E-02 2.1205E+02    3.6152E-06    1.5017E-06    4.6352E-01   -4.2375E-01    3.8189E+00    2.2000E-04
1.9116E+01  6.2325E-02 2.1131E+02    3.5557E-06    1.2924E-06    4.0812E-01   -3.6991E-01    3.6289E+00    2.2000E-04
1.8531E+01  6.8405E-02 2.1066E+02    3.4973E-06    1.1096E-06    3.5950E-01   -3.1799E-01    3.4658E+00    2.2000E-04
1.7956E+01  7.4983E-02 2.1007E+02    3.4398E-06    9.4078E-07    3.1634E-01   -2.7091E-01    3.3266E+00    2.2000E-04
1.7390E+01  8.2090E-02 2.0956E+02    3.3907E-06    7.8965E-07    2.7901E-01   -2.3006E-01    3.2086E+00    2.2000E-04
1.6834E+01  8.9757E-02 2.0912E+02    3.3462E-06    6.5621E-07    2.4720E-01   -1.9690E-01    3.1092E+00    2.2000E-04
1.6286E+01  9.8018E-02 2.0874E+02    3.3119E-06    5.3727E-07    2.2007E-01   -1.7329E-01    3.0263E+00    2.2000E-04
1.5747E+01  1.0690E-01 2.0841E+02    3.2796E-06    4.3386E-07    1.9616E-01   -1.2761E-01    2.9572E+00    2.2000E-04
1.5217E+01  1.1645E-01 2.0815E+02    3.2486E-06    3.4642E-07    1.7601E-01   -1.1402E-01    2.9013E+00    2.2000E-04
1.4696E+01  1.2668E-01 2.0795E+02    3.2277E-06    2.7378E-07    1.5947E-01   -1.0654E-01    2.8605E+00    2.2000E-04
1.4182E+01  1.3765E-01 2.0784E+02    3.2086E-06    2.1516E-07    1.4599E-01   -1.0279E-01    2.8376E+00    2.2000E-04
1.3677E+01  1.4937E-01 2.0783E+02    3.1985E-06    1.6544E-07    1.3475E-01   -1.0247E-01    2.8356E+00    2.2000E-04
1.3180E+01  1.6189E-01 2.0793E+02    3.1886E-06    1.2765E-07    1.2593E-01   -1.0063E-01    2.8560E+00    2.2000E-04
1.2690E+01  1.7523E-01 2.0815E+02    3.1824E-06    1.0172E-07    1.1947E-01   -9.5555E-02    2.9026E+00    2.2000E-04
1.2207E+01  1.8944E-01 2.0849E+02    3.2187E-06    8.5127E-08    1.1535E-01   -8.8917E-02    2.9741E+00    2.2000E-04
1.1731E+01  2.0453E-01 2.0896E+02    3.8999E-06    7.2014E-08    1.1516E-01   -1.0030E-01    3.0747E+00    2.2000E-04
1.1262E+01  2.2056E-01 2.0947E+02    4.6051E-06    6.2275E-08    1.1502E-01   -8.3346E-02    3.1879E+00    2.2000E-04
1.0800E+01  2.3754E-01 2.1008E+02    5.0345E-06    5.6781E-08    1.1612E-01   -7.6994E-02    3.3278E+00    2.2000E-04
1.0343E+01  2.5551E-01 2.1138E+02    6.0669E-06    5.3274E-08    1.1929E-01   -4.8161E-02    3.6453E+00    2.2000E-04
9.8919E+00  2.7448E-01 2.1271E+02    7.3147E-06    5.0596E-08    1.2498E-01   -1.3876E-01    3.9953E+00    2.2000E-04
9.4426E+00  2.9450E-01 2.1702E+02    1.3045E-05    4.8201E-08    1.5056E-01   -5.1545E-01    5.2842E+00    2.2000E-04
8.9926E+00  3.1558E-01 2.2137E+02    2.2837E-05    4.5910E-08    1.8997E-01   -9.1935E-01    6.3489E+00    2.2000E-04
8.5421E+00  3.3774E-01 2.2569E+02    3.8990E-05    4.3656E-08    2.4225E-01   -1.3300E+00    7.5600E+00    2.2000E-04
8.0916E+00  3.6100E-01 2.2996E+02    6.4881E-05    4.1436E-08    3.0495E-01   -1.7002E+00    8.9210E+00    2.2000E-04
7.6414E+00  3.8537E-01 2.3417E+02    1.0514E-04    3.9277E-08    3.7271E-01   -1.9829E+00    1.0430E+01    2.2000E-04
7.1920E+00  4.1088E-01 2.3828E+02    1.6578E-04    3.7123E-08    4.4325E-01   -2.1725E+00    1.2081E+01    2.2000E-04
6.7440E+00  4.3752E-01 2.4227E+02    2.5411E-04    3.4981E-08    5.1951E-01   -2.2947E+00    1.3861E+01    2.2000E-04
6.2978E+00  4.6530E-01 2.4612E+02    3.7849E-04    3.3012E-08    5.9655E-01   -2.3380E+00    1.5750E+01    2.2000E-04
5.8541E+00  4.9422E-01 2.4980E+02    5.4778E-04    3.0972E-08    6.6030E-01   -2.3380E+00    1.7729E+01    2.2000E-04
5.4134E+00  5.2428E-01 2.5329E+02    7.7074E-04    2.9007E-08    7.0500E-01   -2.3148E+00    1.9773E+01    2.2000E-04
4.9763E+00  5.5546E-01 2.5660E+02    1.0556E-03    2.7136E-08    7.3727E-01   -2.2939E+00    2.1860E+01    2.2000E-04
4.5433E+00  5.8776E-01 2.5972E+02    1.4094E-03    2.5315E-08    7.6333E-01   -2.2462E+00    2.3971E+01    2.2000E-04
4.1150E+00  6.2116E-01 2.6265E+02    1.8382E-03    2.3547E-08    7.8259E-01   -2.1805E+00    2.6089E+01    2.2000E-04
3.6920E+00  6.5562E-01 2.6541E+02    2.3467E-03    2.1887E-08    7.9228E-01   -2.1110E+00    2.8201E+01    2.2000E-04
3.2746E+00  6.9112E-01 2.6800E+02    2.9387E-03    2.0388E-08    7.9292E-01   -2.0116E+00    3.0299E+01    2.2000E-04
2.8633E+00  7.2763E-01 2.7044E+02    3.6169E-03    1.8975E-08    7.8760E-01   -1.8565E+00    3.2374E+01    2.2000E-04
2.4584E+00  7.6510E-01 2.7273E+02    4.3828E-03    1.7712E-08    7.7918E-01   -1.7068E+00    3.4423E+01    2.2000E-04
2.0603E+00  8.0349E-01 2.7511E+02    5.3118E-03    1.6556E-08    7.7359E-01   -1.6176E+00    3.6649E+01    2.2000E-04
1.6691E+00  8.4274E-01 2.7739E+02    6.2051E-03    1.5517E-08    7.5209E-01   -1.5299E+00    3.8877E+01    2.2000E-04
1.2850E+00  8.8280E-01 2.7957E+02    7.2636E-03    1.4675E-08    7.3762E-01   -1.5318E+00    4.1110E+01    2.2000E-04
9.0838E-01  9.2359E-01 2.8164E+02    8.3699E-03    1.3979E-08    7.2474E-01   -1.6002E+00    4.3313E+01    2.2000E-04
5.3953E-01  9.6505E-01 2.8362E+02    9.5159E-03    1.3401E-08    7.2037E-01   -1.7967E+00    4.5503E+01    2.2000E-04
1.7869E-01  1.0071E+00 2.8550E+02    1.0870E-02    1.2903E-08    7.3969E-01   -2.0481E+00    4.7665E+01    2.2000E-04
0.0000E+00  1.0285E+00 2.8645E+02    1.1549E-02    1.3000E-08    7.9037E+00   -3.5177E+00    4.8777E+01    2.2000E-04
