     ALT          P          T          FH2O           O3           THEAT        TCOOL        PSATCO2        FCO2
7.3680E+01  3.2610E-05 2.2568E+02    3.9440E-06    1.2233E-07    3.7258E+01   -7.4963E+01    7.5588E+00    2.2100E-04
7.2540E+01  3.8506E-05 2.2709E+02    4.1137E-06    1.5743E-07    5.3156E+00   -4.7609E+01    7.9881E+00    2.2100E-04
7.1401E+01  4.5411E-05 2.2856E+02    4.2633E-06    2.0100E-07    2.8404E+00   -2.9481E+01    8.4559E+00    2.2100E-04
7.0264E+01  5.3488E-05 2.3010E+02    4.3907E-06    2.4981E-07    2.8288E+00   -1.8181E+01    8.9677E+00    2.2100E-04
6.9129E+01  6.2920E-05 2.3170E+02    4.5125E-06    3.0116E-07    3.0543E+00   -1.1659E+01    9.5244E+00    2.2100E-04
6.7994E+01  7.3924E-05 2.3336E+02    4.6160E-06    3.5342E-07    3.2999E+00   -8.1646E+00    1.0125E+01    2.2100E-04
6.6861E+01  8.6742E-05 2.3504E+02    4.7095E-06    4.0770E-07    3.5560E+00   -6.4304E+00    1.0767E+01    2.2100E-04
6.5729E+01  1.0165E-04 2.3676E+02    4.7901E-06    4.6691E-07    3.8379E+00   -5.6441E+00    1.1448E+01    2.2100E-04
6.4598E+01  1.1898E-04 2.3848E+02    4.8654E-06    5.3322E-07    4.1676E+00   -5.3790E+00    1.2165E+01    2.2100E-04
6.3469E+01  1.3908E-04 2.4020E+02    4.9332E-06    6.0615E-07    4.5300E+00   -5.3705E+00    1.2916E+01    2.2100E-04
6.2341E+01  1.6238E-04 2.4192E+02    4.9909E-06    6.8716E-07    4.9278E+00   -5.4904E+00    1.3697E+01    2.2100E-04
6.1214E+01  1.8934E-04 2.4363E+02    5.0457E-06    7.7670E-07    5.3582E+00   -5.6795E+00    1.4507E+01    2.2100E-04
6.0090E+01  2.2049E-04 2.4532E+02    5.0907E-06    8.7524E-07    5.8156E+00   -5.9066E+00    1.5344E+01    2.2100E-04
5.8967E+01  2.5645E-04 2.4700E+02    5.1356E-06    9.8274E-07    6.2913E+00   -6.1628E+00    1.6207E+01    2.2100E-04
5.7847E+01  2.9790E-04 2.4865E+02    5.1704E-06    1.1012E-06    6.7806E+00   -6.4364E+00    1.7097E+01    2.2100E-04
5.6729E+01  3.4561E-04 2.5030E+02    5.2026E-06    1.2276E-06    7.2620E+00   -6.7193E+00    1.8012E+01    2.2100E-04
5.5614E+01  4.0046E-04 2.5193E+02    5.2297E-06    1.3737E-06    7.7638E+00   -6.9951E+00    1.8955E+01    2.2100E-04
5.4501E+01  4.6343E-04 2.5355E+02    5.2571E-06    1.5296E-06    8.2301E+00   -7.2741E+00    1.9926E+01    2.2100E-04
5.3392E+01  5.3562E-04 2.5515E+02    5.2700E-06    1.7045E-06    8.6721E+00   -7.5464E+00    2.0927E+01    2.2100E-04
5.2285E+01  6.1827E-04 2.5675E+02    5.2900E-06    1.9029E-06    9.0804E+00   -7.8134E+00    2.1958E+01    2.2100E-04
5.1182E+01  7.1279E-04 2.5834E+02    5.3000E-06    2.1182E-06    9.4086E+00   -8.0607E+00    2.3020E+01    2.2100E-04
5.0082E+01  8.2071E-04 2.5993E+02    5.3000E-06    2.3602E-06    9.6602E+00   -8.2907E+00    2.4115E+01    2.2100E-04
4.8986E+01  9.4379E-04 2.6151E+02    5.3000E-06    2.6190E-06    9.7886E+00   -8.5486E+00    2.5244E+01    2.2100E-04
4.7893E+01  1.0840E-03 2.6317E+02    5.2907E-06    2.9009E-06    9.8051E+00   -8.8843E+00    2.6473E+01    2.2100E-04
4.6805E+01  1.2434E-03 2.6461E+02    5.2789E-06    3.2050E-06    9.6930E+00   -9.1249E+00    2.7574E+01    2.2100E-04
4.5721E+01  1.4244E-03 2.6549E+02    5.2572E-06    3.5334E-06    9.4472E+00   -9.1266E+00    2.8263E+01    2.2100E-04
4.4646E+01  1.6298E-03 2.6567E+02    5.2215E-06    3.8914E-06    9.0810E+00   -8.8827E+00    2.8403E+01    2.2100E-04
4.3583E+01  1.8624E-03 2.6513E+02    5.1790E-06    4.2484E-06    8.5728E+00   -8.4419E+00    2.7983E+01    2.2100E-04
4.2533E+01  2.1256E-03 2.6396E+02    5.1270E-06    4.5999E-06    7.9706E+00   -7.8803E+00    2.7074E+01    2.2100E-04
4.1499E+01  2.4229E-03 2.6226E+02    5.0613E-06    4.9171E-06    7.3092E+00   -7.2604E+00    2.5794E+01    2.2100E-04
4.0482E+01  2.7583E-03 2.6015E+02    4.9901E-06    5.1969E-06    6.6497E+00   -6.6321E+00    2.4275E+01    2.2100E-04
3.9485E+01  3.1361E-03 2.5777E+02    4.9104E-06    5.4212E-06    6.0232E+00   -6.0230E+00    2.2634E+01    2.2100E-04
3.8507E+01  3.5612E-03 2.5521E+02    4.8253E-06    5.6023E-06    5.4626E+00   -5.4557E+00    2.0960E+01    2.2100E-04
3.7549E+01  4.0389E-03 2.5252E+02    4.7396E-06    5.7524E-06    4.9763E+00   -4.9450E+00    1.9308E+01    2.2100E-04
3.6611E+01  4.5748E-03 2.4976E+02    4.6460E-06    5.8687E-06    4.5514E+00   -4.4951E+00    1.7709E+01    2.2100E-04
3.5693E+01  5.1754E-03 2.4695E+02    4.5444E-06    5.9655E-06    4.1815E+00   -4.1002E+00    1.6181E+01    2.2100E-04
3.4795E+01  5.8474E-03 2.4410E+02    4.4437E-06    6.0541E-06    3.8554E+00   -3.7567E+00    1.4738E+01    2.2100E-04
3.3917E+01  6.5983E-03 2.4126E+02    4.3386E-06    6.1157E-06    3.5540E+00   -3.4479E+00    1.3391E+01    2.2100E-04
3.3058E+01  7.4363E-03 2.3845E+02    4.2358E-06    6.1513E-06    3.2715E+00   -3.1606E+00    1.2152E+01    2.2100E-04
3.2219E+01  8.3701E-03 2.3571E+02    4.1354E-06    6.1576E-06    3.0038E+00   -2.8864E+00    1.1029E+01    2.2100E-04
3.1398E+01  9.4094E-03 2.3310E+02    4.0373E-06    6.1237E-06    2.7462E+00   -2.6234E+00    1.0028E+01    2.2100E-04
3.0594E+01  1.0564E-02 2.3064E+02    3.9312E-06    6.0265E-06    2.4945E+00   -2.4003E+00    9.1529E+00    2.2100E-04
2.9808E+01  1.1846E-02 2.2838E+02    3.8374E-06    5.8844E-06    2.2560E+00   -2.1363E+00    8.3973E+00    2.2100E-04
2.9038E+01  1.3267E-02 2.2631E+02    3.7454E-06    5.6732E-06    2.0286E+00   -1.8876E+00    7.7490E+00    2.2100E-04
2.8284E+01  1.4839E-02 2.2443E+02    3.6554E-06    5.4252E-06    1.8212E+00   -1.6589E+00    7.1921E+00    2.2100E-04
2.7544E+01  1.6576E-02 2.2272E+02    3.5670E-06    5.1338E-06    1.6331E+00   -1.4524E+00    6.7106E+00    2.2100E-04
2.6818E+01  1.8494E-02 2.2114E+02    3.4805E-06    4.8217E-06    1.4671E+00   -1.2698E+00    6.2897E+00    2.2100E-04
2.6105E+01  2.0608E-02 2.1968E+02    3.3954E-06    4.4804E-06    1.3196E+00   -1.1113E+00    5.9167E+00    2.2100E-04
2.5405E+01  2.2934E-02 2.1830E+02    3.3120E-06    4.1390E-06    1.1919E+00   -9.7572E-01    5.5819E+00    2.2100E-04
2.4718E+01  2.5491E-02 2.1699E+02    3.2401E-06    3.7960E-06    1.0796E+00   -8.6055E-01    5.2780E+00    2.2100E-04
2.4044E+01  2.8296E-02 2.1575E+02    3.1595E-06    3.4514E-06    9.7871E-01   -7.6109E-01    4.9079E+00    2.2100E-04
2.3381E+01  3.1372E-02 2.1456E+02    3.0888E-06    3.1314E-06    8.8921E-01   -6.7337E-01    4.5315E+00    2.2100E-04
2.2730E+01  3.4737E-02 2.1342E+02    3.0142E-06    2.8123E-06    8.0492E-01   -5.9509E-01    4.1957E+00    2.2100E-04
2.2091E+01  3.8415E-02 2.1234E+02    2.9466E-06    2.5185E-06    7.2727E-01   -5.2379E-01    3.8971E+00    2.2100E-04
2.1463E+01  4.2430E-02 2.1133E+02    2.8781E-06    2.2376E-06    6.5360E-01   -4.5910E-01    3.6332E+00    2.2100E-04
2.0846E+01  4.6804E-02 2.1039E+02    2.8081E-06    1.9775E-06    5.8468E-01   -3.9968E-01    3.4021E+00    2.2100E-04
2.0239E+01  5.1565E-02 2.0953E+02    2.7465E-06    1.7460E-06    5.2160E-01   -3.4388E-01    3.2016E+00    2.2100E-04
1.9643E+01  5.6738E-02 2.0875E+02    2.6871E-06    1.5218E-06    4.6179E-01   -2.9338E-01    3.0297E+00    2.2100E-04
1.9057E+01  6.2352E-02 2.0806E+02    2.6330E-06    1.3155E-06    4.0700E-01   -2.4661E-01    2.8840E+00    2.2100E-04
1.8480E+01  6.8434E-02 2.0746E+02    2.5814E-06    1.1261E-06    3.5768E-01   -2.0356E-01    2.7620E+00    2.2100E-04
1.7913E+01  7.5015E-02 2.0695E+02    2.5320E-06    9.5353E-07    3.1405E-01   -1.6516E-01    2.6610E+00    2.2100E-04
1.7355E+01  8.2126E-02 2.0652E+02    2.4876E-06    8.0089E-07    2.7649E-01   -1.3223E-01    2.5784E+00    2.2100E-04
1.6806E+01  8.9798E-02 2.0616E+02    2.4438E-06    6.6502E-07    2.4431E-01   -1.0683E-01    2.5120E+00    2.2100E-04
1.6266E+01  9.8062E-02 2.0587E+02    2.4106E-06    5.4509E-07    2.1706E-01   -9.0289E-02    2.4598E+00    2.2100E-04
1.5734E+01  1.0695E-01 2.0565E+02    2.3792E-06    4.4029E-07    1.9299E-01   -4.8535E-02    2.4197E+00    2.2100E-04
1.5211E+01  1.1650E-01 2.0548E+02    2.3583E-06    3.5145E-07    1.7283E-01   -4.2720E-02    2.3908E+00    2.2100E-04
1.4696E+01  1.2674E-01 2.0539E+02    2.3378E-06    2.7858E-07    1.5633E-01   -4.1004E-02    2.3746E+00    2.2100E-04
1.4188E+01  1.3771E-01 2.0538E+02    2.3188E-06    2.1809E-07    1.4269E-01   -4.2442E-02    2.3730E+00    2.2100E-04
1.3689E+01  1.4944E-01 2.0550E+02    2.3088E-06    1.6857E-07    1.3150E-01   -4.7910E-02    2.3928E+00    2.2100E-04
1.3196E+01  1.6196E-01 2.0570E+02    2.2990E-06    1.2990E-07    1.2265E-01   -4.9592E-02    2.4299E+00    2.2100E-04
1.2711E+01  1.7531E-01 2.0602E+02    2.2947E-06    1.0366E-07    1.1641E-01   -4.5938E-02    2.4876E+00    2.2100E-04
1.2233E+01  1.8953E-01 2.0642E+02    2.7229E-06    8.6463E-08    1.1441E-01   -5.2162E-02    2.5615E+00    2.2100E-04
1.1761E+01  2.0464E-01 2.0700E+02    3.0767E-06    7.3181E-08    1.1358E-01   -4.8472E-02    2.6708E+00    2.2100E-04
1.1296E+01  2.2067E-01 2.0764E+02    3.5655E-06    6.3363E-08    1.1286E-01   -4.1152E-02    2.7982E+00    2.2100E-04
1.0837E+01  2.3766E-01 2.0885E+02    4.2404E-06    5.7490E-08    1.1448E-01   -3.5701E-02    3.0515E+00    2.2100E-04
1.0382E+01  2.5563E-01 2.1046E+02    5.3405E-06    5.3798E-08    1.1928E-01   -8.9354E-02    3.4183E+00    2.2100E-04
9.9307E+00  2.7462E-01 2.1359E+02    8.2374E-06    5.0920E-08    1.3391E-01   -3.2191E-01    4.2443E+00    2.2100E-04
9.4793E+00  2.9465E-01 2.1797E+02    1.4752E-05    4.8421E-08    1.6428E-01   -7.0332E-01    5.5051E+00    2.2100E-04
9.0270E+00  3.1574E-01 2.2234E+02    2.5762E-05    4.6109E-08    2.0742E-01   -1.1040E+00    6.6076E+00    2.2100E-04
8.5742E+00  3.3791E-01 2.2667E+02    4.3850E-05    4.3843E-08    2.6251E-01   -1.4953E+00    7.8588E+00    2.2100E-04
8.1214E+00  3.6119E-01 2.3095E+02    7.2704E-05    4.1578E-08    3.2678E-01   -1.8365E+00    9.2610E+00    2.2100E-04
7.6690E+00  3.8558E-01 2.3516E+02    1.1733E-04    3.9333E-08    3.9481E-01   -2.0862E+00    1.0812E+01    2.2100E-04
7.2174E+00  4.1110E-01 2.3926E+02    1.8413E-04    3.7168E-08    4.6581E-01   -2.2515E+00    1.2502E+01    2.2100E-04
6.7673E+00  4.3775E-01 2.4324E+02    2.8078E-04    3.5006E-08    5.4281E-01   -2.3519E+00    1.4318E+01    2.2100E-04
6.3191E+00  4.6555E-01 2.4706E+02    4.1588E-04    3.2931E-08    6.1820E-01   -2.3774E+00    1.6240E+01    2.2100E-04
5.8734E+00  4.9449E-01 2.5070E+02    5.9836E-04    3.0872E-08    6.7778E-01   -2.3669E+00    1.8244E+01    2.2100E-04
5.4308E+00  5.2456E-01 2.5417E+02    8.3694E-04    2.8894E-08    7.1873E-01   -2.3418E+00    2.0308E+01    2.2100E-04
4.9920E+00  5.5577E-01 2.5743E+02    1.1396E-03    2.7011E-08    7.4896E-01   -2.3145E+00    2.2409E+01    2.2100E-04
4.5574E+00  5.8809E-01 2.6051E+02    1.5131E-03    2.5183E-08    7.7342E-01   -2.2577E+00    2.4529E+01    2.2100E-04
4.1275E+00  6.2150E-01 2.6340E+02    1.9632E-03    2.3405E-08    7.9045E-01   -2.1887E+00    2.6651E+01    2.2100E-04
3.7030E+00  6.5598E-01 2.6612E+02    2.4944E-03    2.1724E-08    7.9761E-01   -2.1130E+00    2.8765E+01    2.2100E-04
3.2842E+00  6.9151E-01 2.6867E+02    3.1102E-03    2.0133E-08    7.9620E-01   -1.9991E+00    3.0862E+01    2.2100E-04
2.8716E+00  7.2804E-01 2.7107E+02    3.8130E-03    1.8706E-08    7.8975E-01   -1.8386E+00    3.2935E+01    2.2100E-04
2.4655E+00  7.6553E-01 2.7338E+02    4.6302E-03    1.7436E-08    7.8269E-01   -1.7006E+00    3.5021E+01    2.2100E-04
2.0662E+00  8.0395E-01 2.7576E+02    5.5597E-03    1.6313E-08    7.7174E-01   -1.6047E+00    3.7271E+01    2.2100E-04
1.6737E+00  8.4322E-01 2.7801E+02    6.4437E-03    1.5329E-08    7.4674E-01   -1.5206E+00    3.9503E+01    2.2100E-04
1.2885E+00  8.8330E-01 2.8017E+02    7.5757E-03    1.4484E-08    7.3563E-01   -1.5457E+00    4.1736E+01    2.2100E-04
9.1086E-01  9.2412E-01 2.8221E+02    8.6708E-03    1.3784E-08    7.2117E-01   -1.6192E+00    4.3942E+01    2.2100E-04
5.4099E-01  9.6561E-01 2.8418E+02    9.9111E-03    1.3246E-08    7.2128E-01   -1.8390E+00    4.6140E+01    2.2100E-04
1.7917E-01  1.0077E+00 2.8604E+02    1.1252E-02    1.2817E-08    7.3857E-01   -2.0825E+00    4.8303E+01    2.2100E-04
0.0000E+00  1.0291E+00 2.8698E+02    1.1925E-02    1.2900E-08    7.8818E+00   -3.4751E+00    4.9417E+01    2.2100E-04
