     ALT          P          T          FH2O           O3           THEAT        TCOOL        PSATCO2        FCO2
7.3831E+01  3.2610E-05 2.2527E+02    4.5278E-06    1.1717E-07    3.7194E+01   -7.4445E+01    7.4359E+00    2.2000E-04
7.2693E+01  3.8506E-05 2.2667E+02    4.7213E-06    1.5044E-07    5.3126E+00   -4.7572E+01    7.8585E+00    2.2000E-04
7.1557E+01  4.5411E-05 2.2814E+02    4.8890E-06    1.9206E-07    2.8041E+00   -2.9677E+01    8.3193E+00    2.2000E-04
7.0423E+01  5.3486E-05 2.2968E+02    5.0410E-06    2.3918E-07    2.7790E+00   -1.8521E+01    8.8238E+00    2.2000E-04
6.9290E+01  6.2918E-05 2.3128E+02    5.1771E-06    2.8890E-07    2.9954E+00   -1.2026E+01    9.3730E+00    2.2000E-04
6.8158E+01  7.3920E-05 2.3293E+02    5.2908E-06    3.3984E-07    3.2339E+00   -8.5299E+00    9.9656E+00    2.2000E-04
6.7028E+01  8.6737E-05 2.3461E+02    5.3991E-06    3.9229E-07    3.4809E+00   -6.7720E+00    1.0600E+01    2.2000E-04
6.5898E+01  1.0165E-04 2.3632E+02    5.4895E-06    4.5003E-07    3.7554E+00   -5.9609E+00    1.1273E+01    2.2000E-04
6.4770E+01  1.1897E-04 2.3805E+02    5.5798E-06    5.1484E-07    4.0778E+00   -5.6669E+00    1.1982E+01    2.2000E-04
6.3643E+01  1.3907E-04 2.3977E+02    5.6499E-06    5.8630E-07    4.4331E+00   -5.6239E+00    1.2725E+01    2.2000E-04
6.2518E+01  1.6237E-04 2.4149E+02    5.7200E-06    6.6528E-07    4.8220E+00   -5.7124E+00    1.3499E+01    2.2000E-04
6.1394E+01  1.8932E-04 2.4320E+02    5.7825E-06    7.5278E-07    5.2441E+00   -5.8667E+00    1.4301E+01    2.2000E-04
6.0272E+01  2.2047E-04 2.4489E+02    5.8299E-06    8.4975E-07    5.6960E+00   -6.0558E+00    1.5130E+01    2.2000E-04
5.9152E+01  2.5643E-04 2.4657E+02    5.8847E-06    9.5453E-07    6.1619E+00   -6.2756E+00    1.5986E+01    2.2000E-04
5.8034E+01  2.9787E-04 2.4823E+02    5.9194E-06    1.0679E-06    6.6347E+00   -6.5080E+00    1.6867E+01    2.2000E-04
5.6919E+01  3.4557E-04 2.4988E+02    5.9570E-06    1.1950E-06    7.1236E+00   -6.7583E+00    1.7776E+01    2.2000E-04
5.5806E+01  4.0041E-04 2.5151E+02    5.9893E-06    1.3357E-06    7.6149E+00   -6.9976E+00    1.8711E+01    2.2000E-04
5.4696E+01  4.6336E-04 2.5313E+02    6.0215E-06    1.4918E-06    8.0950E+00   -7.2428E+00    1.9674E+01    2.2000E-04
5.3588E+01  5.3554E-04 2.5474E+02    6.0437E-06    1.6689E-06    8.5590E+00   -7.4862E+00    2.0667E+01    2.2000E-04
5.2484E+01  6.1818E-04 2.5634E+02    6.0600E-06    1.8613E-06    8.9640E+00   -7.7194E+00    2.1690E+01    2.2000E-04
5.1383E+01  7.1267E-04 2.5793E+02    6.0778E-06    2.0774E-06    9.3121E+00   -7.9418E+00    2.2744E+01    2.2000E-04
5.0286E+01  8.2058E-04 2.5952E+02    6.0800E-06    2.3171E-06    9.5778E+00   -8.1475E+00    2.3830E+01    2.2000E-04
4.9192E+01  9.4363E-04 2.6110E+02    6.0900E-06    2.5791E-06    9.7331E+00   -8.3755E+00    2.4949E+01    2.2000E-04
4.8101E+01  1.0838E-03 2.6273E+02    6.0800E-06    2.8541E-06    9.7493E+00   -8.6866E+00    2.6147E+01    2.2000E-04
4.7015E+01  1.2431E-03 2.6424E+02    6.0748E-06    3.1518E-06    9.6412E+00   -8.9556E+00    2.7290E+01    2.2000E-04
4.5933E+01  1.4242E-03 2.6527E+02    6.0532E-06    3.4783E-06    9.4097E+00   -9.0139E+00    2.8088E+01    2.2000E-04
4.4859E+01  1.6295E-03 2.6560E+02    6.0234E-06    3.8223E-06    9.0403E+00   -8.8219E+00    2.8351E+01    2.2000E-04
4.3796E+01  1.8621E-03 2.6521E+02    5.9909E-06    4.1825E-06    8.5549E+00   -8.4250E+00    2.8044E+01    2.2000E-04
4.2746E+01  2.1251E-03 2.6416E+02    5.9389E-06    4.5290E-06    7.9604E+00   -7.8890E+00    2.7225E+01    2.2000E-04
4.1712E+01  2.4224E-03 2.6255E+02    5.8862E-06    4.8474E-06    7.3076E+00   -7.2869E+00    2.6013E+01    2.2000E-04
4.0694E+01  2.7576E-03 2.6053E+02    5.8152E-06    5.1190E-06    6.6444E+00   -6.6670E+00    2.4543E+01    2.2000E-04
3.9696E+01  3.1354E-03 2.5822E+02    5.7437E-06    5.3456E-06    6.0212E+00   -6.0657E+00    2.2939E+01    2.2000E-04
3.8717E+01  3.5604E-03 2.5573E+02    5.6642E-06    5.5292E-06    5.4615E+00   -5.5038E+00    2.1292E+01    2.2000E-04
3.7757E+01  4.0379E-03 2.5311E+02    5.5783E-06    5.6721E-06    4.9696E+00   -4.9954E+00    1.9662E+01    2.2000E-04
3.6817E+01  4.5737E-03 2.5042E+02    5.4843E-06    5.7848E-06    4.5422E+00   -4.5488E+00    1.8082E+01    2.2000E-04
3.5897E+01  5.1740E-03 2.4769E+02    5.3923E-06    5.8777E-06    4.1705E+00   -4.1589E+00    1.6573E+01    2.2000E-04
3.4996E+01  5.8458E-03 2.4493E+02    5.2867E-06    5.9521E-06    3.8393E+00   -3.8194E+00    1.5149E+01    2.2000E-04
3.4116E+01  6.5965E-03 2.4219E+02    5.1910E-06    5.9995E-06    3.5347E+00   -3.5172E+00    1.3822E+01    2.2000E-04
3.3254E+01  7.4342E-03 2.3949E+02    5.0877E-06    6.0300E-06    3.2531E+00   -3.2383E+00    1.2603E+01    2.2000E-04
3.2411E+01  8.3678E-03 2.3688E+02    4.9865E-06    6.0228E-06    2.9838E+00   -2.9727E+00    1.1501E+01    2.2000E-04
3.1586E+01  9.4067E-03 2.3441E+02    4.8875E-06    5.9713E-06    2.7241E+00   -2.7190E+00    1.0522E+01    2.2000E-04
3.0778E+01  1.0561E-02 2.3211E+02    4.7907E-06    5.8708E-06    2.4740E+00   -2.5073E+00    9.6692E+00    2.2000E-04
2.9987E+01  1.1843E-02 2.3001E+02    4.6957E-06    5.7170E-06    2.2353E+00   -2.2541E+00    8.9374E+00    2.2000E-04
2.9212E+01  1.3263E-02 2.2812E+02    4.5928E-06    5.5206E-06    2.0126E+00   -2.0165E+00    8.3129E+00    2.2000E-04
2.8451E+01  1.4834E-02 2.2641E+02    4.5015E-06    5.2705E-06    1.8060E+00   -1.7981E+00    7.7792E+00    2.2000E-04
2.7705E+01  1.6571E-02 2.2487E+02    4.4120E-06    5.0017E-06    1.6222E+00   -1.6009E+00    7.3193E+00    2.2000E-04
2.6972E+01  1.8488E-02 2.2347E+02    4.3241E-06    4.6874E-06    1.4560E+00   -1.4258E+00    6.9174E+00    2.2000E-04
2.6251E+01  2.0601E-02 2.2216E+02    4.2378E-06    4.3715E-06    1.3124E+00   -1.2727E+00    6.5600E+00    2.2000E-04
2.5544E+01  2.2926E-02 2.2094E+02    4.1529E-06    4.0404E-06    1.1860E+00   -1.1402E+00    6.2364E+00    2.2000E-04
2.4849E+01  2.5482E-02 2.1976E+02    4.0697E-06    3.7078E-06    1.0748E+00   -1.0254E+00    5.9386E+00    2.2000E-04
2.4166E+01  2.8287E-02 2.1863E+02    3.9978E-06    3.3821E-06    9.7625E-01   -9.2486E-01    5.6615E+00    2.2000E-04
2.3494E+01  3.1361E-02 2.1753E+02    3.9173E-06    3.0672E-06    8.8712E-01   -8.3371E-01    5.4018E+00    2.2000E-04
2.2835E+01  3.4725E-02 2.1646E+02    3.8383E-06    2.7695E-06    8.0533E-01   -7.4947E-01    5.1462E+00    2.2000E-04
2.2187E+01  3.8402E-02 2.1542E+02    3.7622E-06    2.4761E-06    7.2727E-01   -6.7194E-01    4.8029E+00    2.2000E-04
2.1550E+01  4.2414E-02 2.1443E+02    3.6942E-06    2.2077E-06    6.5480E-01   -5.9952E-01    4.4914E+00    2.2000E-04
2.0924E+01  4.6787E-02 2.1348E+02    3.6260E-06    1.9523E-06    5.8600E-01   -5.3250E-01    4.2116E+00    2.2000E-04
2.0309E+01  5.1546E-02 2.1259E+02    3.5556E-06    1.7171E-06    5.2192E-01   -4.6965E-01    3.9632E+00    2.2000E-04
1.9704E+01  5.6717E-02 2.1177E+02    3.4943E-06    1.4998E-06    4.6267E-01   -4.1089E-01    3.7454E+00    2.2000E-04
1.9110E+01  6.2328E-02 2.1103E+02    3.4319E-06    1.2967E-06    4.0812E-01   -3.5600E-01    3.5566E+00    2.2000E-04
1.8526E+01  6.8408E-02 2.1036E+02    3.3713E-06    1.1076E-06    3.5871E-01   -3.0546E-01    3.3948E+00    2.2000E-04
1.7951E+01  7.4986E-02 2.0977E+02    3.3193E-06    9.4116E-07    3.1587E-01   -2.5867E-01    3.2571E+00    2.2000E-04
1.7386E+01  8.2094E-02 2.0926E+02    3.2703E-06    7.9074E-07    2.7865E-01   -2.1809E-01    3.1407E+00    2.2000E-04
1.6830E+01  8.9762E-02 2.0881E+02    3.2259E-06    6.5653E-07    2.4674E-01   -1.8569E-01    3.0429E+00    2.2000E-04
1.6283E+01  9.8022E-02 2.0843E+02    3.1917E-06    5.3772E-07    2.1963E-01   -1.6272E-01    2.9618E+00    2.2000E-04
1.5745E+01  1.0691E-01 2.0812E+02    3.1595E-06    4.3449E-07    1.9574E-01   -1.1745E-01    2.8948E+00    2.2000E-04
1.5216E+01  1.1645E-01 2.0785E+02    3.1285E-06    3.4634E-07    1.7552E-01   -1.0503E-01    2.8411E+00    2.2000E-04
1.4695E+01  1.2669E-01 2.0766E+02    3.1077E-06    2.7461E-07    1.5910E-01   -9.7762E-02    2.8022E+00    2.2000E-04
1.4183E+01  1.3765E-01 2.0755E+02    3.0886E-06    2.1522E-07    1.4553E-01   -9.4325E-02    2.7802E+00    2.2000E-04
1.3678E+01  1.4938E-01 2.0756E+02    3.0786E-06    1.6554E-07    1.3429E-01   -9.5341E-02    2.7810E+00    2.2000E-04
1.3181E+01  1.6189E-01 2.0768E+02    3.0686E-06    1.2776E-07    1.2549E-01   -9.5615E-02    2.8056E+00    2.2000E-04
1.2692E+01  1.7524E-01 2.0792E+02    3.0623E-06    1.0182E-07    1.1903E-01   -9.0390E-02    2.8539E+00    2.2000E-04
1.2209E+01  1.8944E-01 2.0824E+02    3.0987E-06    8.5221E-08    1.1490E-01   -8.0386E-02    2.9206E+00    2.2000E-04
1.1734E+01  2.0455E-01 2.0871E+02    3.7607E-06    7.2099E-08    1.1463E-01   -9.0106E-02    3.0205E+00    2.2000E-04
1.1265E+01  2.2057E-01 2.0924E+02    4.4626E-06    6.2452E-08    1.1460E-01   -7.9202E-02    3.1360E+00    2.2000E-04
1.0803E+01  2.3755E-01 2.0993E+02    4.9340E-06    5.6844E-08    1.1598E-01   -7.2845E-02    3.2941E+00    2.2000E-04
1.0347E+01  2.5552E-01 2.1121E+02    5.9290E-06    5.3310E-08    1.1906E-01   -4.7722E-02    3.6032E+00    2.2000E-04
9.8960E+00  2.7450E-01 2.1274E+02    7.3462E-06    5.0624E-08    1.2563E-01   -1.5541E-01    4.0041E+00    2.2000E-04
9.4466E+00  2.9451E-01 2.1711E+02    1.3192E-05    4.8225E-08    1.5195E-01   -5.3730E-01    5.3040E+00    2.2000E-04
8.9963E+00  3.1559E-01 2.2146E+02    2.3091E-05    4.5932E-08    1.9180E-01   -9.4073E-01    6.3723E+00    2.2000E-04
8.5456E+00  3.3776E-01 2.2578E+02    3.9413E-05    4.3677E-08    2.4438E-01   -1.3489E+00    7.5870E+00    2.2000E-04
8.0948E+00  3.6102E-01 2.3005E+02    6.5565E-05    4.1455E-08    3.0723E-01   -1.7157E+00    8.9518E+00    2.2000E-04
7.6444E+00  3.8540E-01 2.3426E+02    1.0621E-04    3.9294E-08    3.7500E-01   -1.9944E+00    1.0465E+01    2.2000E-04
7.1948E+00  4.1090E-01 2.3837E+02    1.6740E-04    3.7140E-08    4.4553E-01   -2.1810E+00    1.2120E+01    2.2000E-04
6.7465E+00  4.3754E-01 2.4236E+02    2.5648E-04    3.4995E-08    5.2181E-01   -2.3009E+00    1.3903E+01    2.2000E-04
6.3002E+00  4.6533E-01 2.4620E+02    3.8183E-04    3.2933E-08    5.9869E-01   -2.3422E+00    1.5795E+01    2.2000E-04
5.8562E+00  4.9425E-01 2.4988E+02    5.5231E-04    3.0963E-08    6.6205E-01   -2.3413E+00    1.7776E+01    2.2000E-04
5.4153E+00  5.2431E-01 2.5338E+02    7.7670E-04    2.9017E-08    7.0637E-01   -2.3173E+00    1.9822E+01    2.2000E-04
4.9781E+00  5.5550E-01 2.5668E+02    1.0631E-03    2.7144E-08    7.3842E-01   -2.2959E+00    2.1911E+01    2.2000E-04
4.5449E+00  5.8780E-01 2.5979E+02    1.4187E-03    2.5323E-08    7.6431E-01   -2.2472E+00    2.4023E+01    2.2000E-04
4.1165E+00  6.2119E-01 2.6272E+02    1.8495E-03    2.3554E-08    7.8335E-01   -2.1812E+00    2.6141E+01    2.2000E-04
3.6933E+00  6.5566E-01 2.6548E+02    2.3601E-03    2.1892E-08    7.9279E-01   -2.1110E+00    2.8253E+01    2.2000E-04
3.2757E+00  6.9116E-01 2.6806E+02    2.9542E-03    2.0392E-08    7.9321E-01   -2.0101E+00    3.0350E+01    2.2000E-04
2.8643E+00  7.2767E-01 2.7050E+02    3.6344E-03    1.8978E-08    7.8774E-01   -1.8522E+00    3.2425E+01    2.2000E-04
2.4593E+00  7.6515E-01 2.7279E+02    4.4026E-03    1.7654E-08    7.7926E-01   -1.7055E+00    3.4473E+01    2.2000E-04
2.0611E+00  8.0354E-01 2.7519E+02    5.3417E-03    1.6498E-08    7.7428E-01   -1.6220E+00    3.6723E+01    2.2000E-04
1.6697E+00  8.4279E-01 2.7746E+02    6.2336E-03    1.5519E-08    7.5221E-01   -1.5314E+00    3.8951E+01    2.2000E-04
1.2854E+00  8.8285E-01 2.7964E+02    7.3008E-03    1.4676E-08    7.3796E-01   -1.5349E+00    4.1184E+01    2.2000E-04
9.0869E-01  9.2364E-01 2.8171E+02    8.4055E-03    1.3980E-08    7.2471E-01   -1.6033E+00    4.3386E+01    2.2000E-04
5.3971E-01  9.6511E-01 2.8368E+02    9.5624E-03    1.3401E-08    7.2078E-01   -1.8022E+00    4.5578E+01    2.2000E-04
1.7875E-01  1.0072E+00 2.8557E+02    1.0915E-02    1.2903E-08    7.3977E-01   -2.0524E+00    4.7739E+01    2.2000E-04
0.0000E+00  1.0285E+00 2.8651E+02    1.1593E-02    1.3000E-08    7.9014E+00   -3.5129E+00    4.8851E+01    2.2000E-04
