     ALT          P          T          FH2O           O3           THEAT        TCOOL        PSATCO2        FCO2
7.3839E+01  3.2610E-05 2.2503E+02    4.8425E-06    1.1463E-07    3.7143E+01   -7.4015E+01    7.3644E+00    2.1900E-04
7.2702E+01  3.8506E-05 2.2643E+02    5.0479E-06    1.4762E-07    5.3251E+00   -4.7487E+01    7.7831E+00    2.1900E-04
7.1568E+01  4.5410E-05 2.2789E+02    5.2258E-06    1.8880E-07    2.7932E+00   -2.9798E+01    8.2398E+00    2.1900E-04
7.0435E+01  5.3485E-05 2.2942E+02    5.3844E-06    2.3513E-07    2.7595E+00   -1.8701E+01    8.7400E+00    2.1900E-04
6.9303E+01  6.2917E-05 2.3102E+02    5.5239E-06    2.8371E-07    2.9695E+00   -1.2234E+01    9.2847E+00    2.1900E-04
6.8173E+01  7.3919E-05 2.3267E+02    5.6496E-06    3.3343E-07    3.2023E+00   -8.7277E+00    9.8726E+00    2.1900E-04
6.7044E+01  8.6736E-05 2.3436E+02    5.7667E-06    3.8587E-07    3.4489E+00   -6.9537E+00    1.0502E+01    2.1900E-04
6.5916E+01  1.0165E-04 2.3607E+02    5.8670E-06    4.4239E-07    3.7176E+00   -6.1267E+00    1.1170E+01    2.1900E-04
6.4789E+01  1.1897E-04 2.3779E+02    5.9572E-06    5.0589E-07    4.0336E+00   -5.8121E+00    1.1874E+01    2.1900E-04
6.3664E+01  1.3907E-04 2.3951E+02    6.0354E-06    5.7682E-07    4.3865E+00   -5.7505E+00    1.2612E+01    2.1900E-04
6.2540E+01  1.6236E-04 2.4123E+02    6.1029E-06    6.5562E-07    4.7748E+00   -5.8176E+00    1.3381E+01    2.1900E-04
6.1418E+01  1.8931E-04 2.4294E+02    6.1702E-06    7.4239E-07    5.1940E+00   -5.9535E+00    1.4178E+01    2.1900E-04
6.0297E+01  2.2046E-04 2.4464E+02    6.2283E-06    8.3730E-07    5.6382E+00   -6.1262E+00    1.5002E+01    2.1900E-04
5.9178E+01  2.5642E-04 2.4632E+02    6.2831E-06    9.4238E-07    6.1081E+00   -6.3257E+00    1.5853E+01    2.1900E-04
5.8062E+01  2.9785E-04 2.4798E+02    6.3277E-06    1.0591E-06    6.5989E+00   -6.5428E+00    1.6730E+01    2.1900E-04
5.6948E+01  3.4555E-04 2.4962E+02    6.3623E-06    1.1866E-06    7.0908E+00   -6.7720E+00    1.7633E+01    2.1900E-04
5.5836E+01  4.0039E-04 2.5126E+02    6.3984E-06    1.3202E-06    7.5549E+00   -6.9939E+00    1.8563E+01    2.1900E-04
5.4727E+01  4.6334E-04 2.5288E+02    6.4306E-06    1.4745E-06    8.0305E+00   -7.2199E+00    1.9521E+01    2.1900E-04
5.3621E+01  5.3551E-04 2.5449E+02    6.4527E-06    1.6512E-06    8.4994E+00   -7.4472E+00    2.0508E+01    2.1900E-04
5.2519E+01  6.1815E-04 2.5609E+02    6.4748E-06    1.8423E-06    8.9074E+00   -7.6675E+00    2.1525E+01    2.1900E-04
5.1419E+01  7.1263E-04 2.5768E+02    6.4900E-06    2.0570E-06    9.2592E+00   -7.8766E+00    2.2573E+01    2.1900E-04
5.0323E+01  8.2053E-04 2.5926E+02    6.5000E-06    2.2952E-06    9.5302E+00   -8.0734E+00    2.3652E+01    2.1900E-04
4.9230E+01  9.4357E-04 2.6084E+02    6.5100E-06    2.5569E-06    9.6967E+00   -8.2881E+00    2.4764E+01    2.1900E-04
4.8141E+01  1.0837E-03 2.6246E+02    6.5000E-06    2.8398E-06    9.7420E+00   -8.5952E+00    2.5947E+01    2.1900E-04
4.7056E+01  1.2431E-03 2.6400E+02    6.4960E-06    3.1358E-06    9.6370E+00   -8.8799E+00    2.7106E+01    2.1900E-04
4.5975E+01  1.4241E-03 2.6509E+02    6.4743E-06    3.4595E-06    9.4048E+00   -8.9646E+00    2.7946E+01    2.1900E-04
4.4902E+01  1.6294E-03 2.6548E+02    6.4529E-06    3.8031E-06    9.0395E+00   -8.7978E+00    2.8257E+01    2.1900E-04
4.3839E+01  1.8619E-03 2.6514E+02    6.4133E-06    4.1618E-06    8.5559E+00   -8.4154E+00    2.7989E+01    2.1900E-04
4.2790E+01  2.1250E-03 2.6412E+02    6.3713E-06    4.5090E-06    7.9640E+00   -7.8897E+00    2.7199E+01    2.1900E-04
4.1756E+01  2.4222E-03 2.6254E+02    6.3098E-06    4.8207E-06    7.3052E+00   -7.2899E+00    2.6006E+01    2.1900E-04
4.0739E+01  2.7574E-03 2.6054E+02    6.2488E-06    5.0950E-06    6.6465E+00   -6.6747E+00    2.4549E+01    2.1900E-04
3.9740E+01  3.1351E-03 2.5824E+02    6.1785E-06    5.3332E-06    6.0313E+00   -6.0774E+00    2.2953E+01    2.1900E-04
3.8761E+01  3.5601E-03 2.5575E+02    6.1002E-06    5.5095E-06    5.4647E+00   -5.5152E+00    2.1311E+01    2.1900E-04
3.7801E+01  4.0375E-03 2.5315E+02    6.0134E-06    5.6539E-06    4.9725E+00   -5.0074E+00    1.9685E+01    2.1900E-04
3.6862E+01  4.5733E-03 2.5047E+02    5.9203E-06    5.7776E-06    4.5499E+00   -4.5624E+00    1.8108E+01    2.1900E-04
3.5941E+01  5.1736E-03 2.4774E+02    5.8283E-06    5.8717E-06    4.1772E+00   -4.1725E+00    1.6602E+01    2.1900E-04
3.5041E+01  5.8453E-03 2.4499E+02    5.7282E-06    5.9430E-06    3.8435E+00   -3.8331E+00    1.5180E+01    2.1900E-04
3.4160E+01  6.5959E-03 2.4226E+02    5.6281E-06    5.9939E-06    3.5395E+00   -3.5312E+00    1.3856E+01    2.1900E-04
3.3298E+01  7.4335E-03 2.3958E+02    5.5247E-06    6.0284E-06    3.2585E+00   -3.2532E+00    1.2640E+01    2.1900E-04
3.2455E+01  8.3669E-03 2.3699E+02    5.4235E-06    6.0139E-06    2.9864E+00   -2.9883E+00    1.1543E+01    2.1900E-04
3.1630E+01  9.4057E-03 2.3453E+02    5.3245E-06    5.9671E-06    2.7278E+00   -2.7360E+00    1.0568E+01    2.1900E-04
3.0822E+01  1.0560E-02 2.3225E+02    5.2276E-06    5.8688E-06    2.4781E+00   -2.5251E+00    9.7211E+00    2.1900E-04
3.0030E+01  1.1841E-02 2.3018E+02    5.1326E-06    5.7150E-06    2.2390E+00   -2.2733E+00    8.9949E+00    2.1900E-04
2.9254E+01  1.3261E-02 2.2832E+02    5.0395E-06    5.5188E-06    2.0162E+00   -2.0375E+00    8.3766E+00    2.1900E-04
2.8493E+01  1.4833E-02 2.2664E+02    4.9481E-06    5.2692E-06    1.8092E+00   -1.8207E+00    7.8496E+00    2.1900E-04
2.7746E+01  1.6569E-02 2.2514E+02    4.8586E-06    4.9949E-06    1.6242E+00   -1.6248E+00    7.3969E+00    2.1900E-04
2.7012E+01  1.8486E-02 2.2377E+02    4.7704E-06    4.6856E-06    1.4586E+00   -1.4514E+00    7.0027E+00    2.1900E-04
2.6291E+01  2.0599E-02 2.2251E+02    4.6840E-06    4.3651E-06    1.3140E+00   -1.3001E+00    6.6533E+00    2.1900E-04
2.5583E+01  2.2924E-02 2.2133E+02    4.5989E-06    4.0345E-06    1.1874E+00   -1.1695E+00    6.3379E+00    2.1900E-04
2.4887E+01  2.5479E-02 2.2020E+02    4.5154E-06    3.7005E-06    1.0761E+00   -1.0565E+00    6.0483E+00    2.1900E-04
2.4202E+01  2.8283E-02 2.1912E+02    4.4333E-06    3.3826E-06    9.7862E-01   -9.5694E-01    5.7790E+00    2.1900E-04
2.3529E+01  3.1357E-02 2.1806E+02    4.3526E-06    3.0631E-06    8.8869E-01   -8.6766E-01    5.5265E+00    2.1900E-04
2.2868E+01  3.4721E-02 2.1704E+02    4.2733E-06    2.7596E-06    8.0599E-01   -7.8538E-01    5.2892E+00    2.1900E-04
2.2218E+01  3.8397E-02 2.1605E+02    4.1961E-06    2.4732E-06    7.2893E-01   -7.0870E-01    5.0080E+00    2.1900E-04
2.1580E+01  4.2409E-02 2.1510E+02    4.1287E-06    2.2034E-06    6.5629E-01   -6.3759E-01    4.6991E+00    2.1900E-04
2.0952E+01  4.6781E-02 2.1419E+02    4.0534E-06    1.9459E-06    5.8718E-01   -5.7141E-01    4.4205E+00    2.1900E-04
2.0335E+01  5.1539E-02 2.1334E+02    3.9879E-06    1.7172E-06    5.2403E-01   -5.0847E-01    4.1723E+00    2.1900E-04
1.9728E+01  5.6709E-02 2.1255E+02    3.9173E-06    1.4996E-06    4.6459E-01   -4.4964E-01    3.9537E+00    2.1900E-04
1.9132E+01  6.2319E-02 2.1184E+02    3.8576E-06    1.2886E-06    4.0888E-01   -3.9643E-01    3.7639E+00    2.1900E-04
1.8545E+01  6.8398E-02 2.1120E+02    3.7990E-06    1.1047E-06    3.6010E-01   -3.4510E-01    3.6008E+00    2.1900E-04
1.7969E+01  7.4975E-02 2.1064E+02    3.7471E-06    9.3869E-07    3.1735E-01   -2.9769E-01    3.4617E+00    2.1900E-04
1.7401E+01  8.2082E-02 2.1014E+02    3.6947E-06    7.8967E-07    2.8030E-01   -2.5571E-01    3.3437E+00    2.1900E-04
1.6843E+01  8.9749E-02 2.0971E+02    3.6471E-06    6.5572E-07    2.4838E-01   -2.2172E-01    3.2440E+00    2.1900E-04
1.6294E+01  9.8008E-02 2.0935E+02    3.6125E-06    5.3707E-07    2.2127E-01   -1.9706E-01    3.1603E+00    2.1900E-04
1.5754E+01  1.0689E-01 2.0903E+02    3.5801E-06    4.3322E-07    1.9728E-01   -1.5119E-01    3.0903E+00    2.1900E-04
1.5222E+01  1.1644E-01 2.0877E+02    3.5488E-06    3.4637E-07    1.7718E-01   -1.3579E-01    3.0329E+00    2.1900E-04
1.4699E+01  1.2667E-01 2.0857E+02    3.5279E-06    2.7414E-07    1.6065E-01   -1.2623E-01    2.9896E+00    2.1900E-04
1.4185E+01  1.3763E-01 2.0845E+02    3.5073E-06    2.1457E-07    1.4702E-01   -1.2116E-01    2.9641E+00    2.1900E-04
1.3678E+01  1.4935E-01 2.0842E+02    3.4885E-06    1.6548E-07    1.3578E-01   -1.1892E-01    2.9592E+00    2.1900E-04
1.3179E+01  1.6187E-01 2.0851E+02    3.4786E-06    1.2758E-07    1.2694E-01   -1.1653E-01    2.9782E+00    2.1900E-04
1.2688E+01  1.7521E-01 2.0871E+02    3.4712E-06    1.0162E-07    1.2045E-01   -1.1008E-01    3.0214E+00    2.1900E-04
1.2204E+01  1.8941E-01 2.0904E+02    3.5005E-06    8.5006E-08    1.1628E-01   -1.0376E-01    3.0935E+00    2.1900E-04
1.1727E+01  2.0451E-01 2.0947E+02    4.2086E-06    7.1894E-08    1.1621E-01   -1.1596E-01    3.1880E+00    2.1900E-04
1.1257E+01  2.2053E-01 2.1000E+02    4.7383E-06    6.2145E-08    1.1698E-01   -1.0971E-01    3.3107E+00    2.1900E-04
1.0793E+01  2.3751E-01 2.1058E+02    5.4112E-06    5.6693E-08    1.1716E-01   -9.4295E-02    3.4468E+00    2.1900E-04
1.0336E+01  2.5548E-01 2.1169E+02    6.3302E-06    5.3212E-08    1.1952E-01   -4.6262E-02    3.7244E+00    2.1900E-04
9.8841E+00  2.7445E-01 2.1279E+02    7.3992E-06    5.0546E-08    1.2405E-01   -1.1169E-01    4.0183E+00    2.1900E-04
9.4351E+00  2.9447E-01 2.1681E+02    1.2699E-05    4.8155E-08    1.4726E-01   -4.5939E-01    5.2372E+00    2.1900E-04
8.9855E+00  3.1554E-01 2.2116E+02    2.2247E-05    4.5869E-08    1.8552E-01   -8.6558E-01    6.2941E+00    2.1900E-04
8.5355E+00  3.3770E-01 2.2548E+02    3.8011E-05    4.3661E-08    2.3707E-01   -1.2820E+00    7.4968E+00    2.1900E-04
8.0854E+00  3.6096E-01 2.2975E+02    6.3302E-05    4.1467E-08    2.9940E-01   -1.6612E+00    8.8490E+00    2.1900E-04
7.6357E+00  3.8533E-01 2.3396E+02    1.0267E-04    3.9244E-08    3.6717E-01   -1.9538E+00    1.0350E+01    2.1900E-04
7.1868E+00  4.1083E-01 2.3807E+02    1.6204E-04    3.7107E-08    4.3781E-01   -2.1513E+00    1.1992E+01    2.1900E-04
6.7392E+00  4.3747E-01 2.4206E+02    2.4866E-04    3.5054E-08    5.1407E-01   -2.2796E+00    1.3763E+01    2.1900E-04
6.2934E+00  4.6524E-01 2.4591E+02    3.7081E-04    3.2998E-08    5.9148E-01   -2.3279E+00    1.5646E+01    2.1900E-04
5.8501E+00  4.9416E-01 2.4960E+02    5.3732E-04    3.1032E-08    6.5617E-01   -2.3300E+00    1.7618E+01    2.1900E-04
5.4098E+00  5.2422E-01 2.5310E+02    7.5699E-04    2.9089E-08    7.0178E-01   -2.3089E+00    1.9658E+01    2.1900E-04
4.9731E+00  5.5540E-01 2.5642E+02    1.0380E-03    2.7220E-08    7.3458E-01   -2.2891E+00    2.1742E+01    2.1900E-04
4.5405E+00  5.8769E-01 2.5955E+02    1.3876E-03    2.5401E-08    7.6101E-01   -2.2434E+00    2.3850E+01    2.1900E-04
4.1125E+00  6.2108E-01 2.6249E+02    1.8118E-03    2.3635E-08    7.8074E-01   -2.1786E+00    2.5967E+01    2.1900E-04
3.6898E+00  6.5554E-01 2.6525E+02    2.3154E-03    2.1977E-08    7.9099E-01   -2.1101E+00    2.8079E+01    2.1900E-04
3.2726E+00  6.9104E-01 2.6785E+02    2.9022E-03    2.0480E-08    7.9208E-01   -2.0130E+00    3.0176E+01    2.1900E-04
2.8616E+00  7.2754E-01 2.7030E+02    3.5749E-03    1.9068E-08    7.8709E-01   -1.8602E+00    3.2251E+01    2.1900E-04
2.4571E+00  7.6501E-01 2.7260E+02    4.3351E-03    1.7746E-08    7.7902E-01   -1.7118E+00    3.4300E+01    2.1900E-04
2.0592E+00  8.0339E-01 2.7498E+02    5.2626E-03    1.6592E-08    7.7429E-01   -1.6229E+00    3.6526E+01    2.1900E-04
1.6681E+00  8.4263E-01 2.7726E+02    6.1576E-03    1.5615E-08    7.5344E-01   -1.5334E+00    3.8753E+01    2.1900E-04
1.2843E+00  8.8268E-01 2.7945E+02    7.2009E-03    1.4773E-08    7.3819E-01   -1.5301E+00    4.0985E+01    2.1900E-04
9.0789E-01  9.2347E-01 2.8152E+02    8.3094E-03    1.4078E-08    7.2562E-01   -1.5973E+00    4.3187E+01    2.1900E-04
5.3924E-01  9.6493E-01 2.8350E+02    9.4356E-03    1.3501E-08    7.2026E-01   -1.7886E+00    4.5375E+01    2.1900E-04
1.7860E-01  1.0070E+00 2.8539E+02    1.0793E-02    1.3003E-08    7.4002E-01   -2.0414E+00    4.7536E+01    2.1900E-04
0.0000E+00  1.0284E+00 2.8634E+02    1.1473E-02    1.3100E-08    7.9079E+00   -3.5266E+00    4.8648E+01    2.1900E-04
