   224.729759752461        0.519609968961089E-05
   226.125061188378        0.541178893873097E-05
   227.584712439125        0.560170070792469E-05
   229.116365731185        0.577273238043358E-05
   230.711860200466        0.592441254871935E-05
   232.358254205314        0.605886957909333E-05
   234.042055889381        0.618160200103599E-05
   235.750444839679        0.628740359683391E-05
   237.471796433488        0.638679563970117E-05
   239.196136837198        0.646733997464163E-05
   240.915514676032        0.654285168425301E-05
   242.624184671823        0.661010837653550E-05
   244.318558000963        0.667726680954298E-05
   245.996939641536        0.673286543696542E-05
   247.659116645931        0.677746321284631E-05
   249.305882418547        0.682196982420362E-05
   250.938581981658        0.685818981701711E-05
   252.558744426220        0.689033859916381E-05
   254.167837525017        0.692242747844859E-05
   255.767145411389        0.694445573410890E-05
   257.357743253339        0.695642014001752E-05
   258.940529640382        0.697000000000000E-05
   260.516278961478        0.698000000000000E-05
   262.124250259491        0.698000000000000E-05
   263.691266197771        0.697000000000000E-05
   264.840744160829        0.695483413155863E-05
   265.300833809352        0.693339268270028E-05
   265.011501831653        0.689430294708614E-05
   264.028703515208        0.685234054656300E-05
   262.471059953243        0.680148586403202E-05
   260.478743458386        0.674049245086134E-05
   258.184646503633        0.666080415404849E-05
   255.695221924395        0.658310406663597E-05
   253.083651460988        0.650573168776493E-05
   250.396715400496        0.641319130590001E-05
   247.665589065163        0.632120430309261E-05
   244.917107565396        0.622119577092580E-05
   242.182438666106        0.612177926785501E-05
   239.498787267403        0.601839414241012E-05
   236.908118960436        0.591720729633546E-05
   234.454261309518        0.581824930014437E-05
   232.182421958432        0.572133756336694E-05
   230.118283903708        0.562636640568717E-05
   228.263571089077        0.553334663326656E-05
   226.603570757889        0.544196607605199E-05
   225.113138721318        0.534279119797984E-05
   223.761774069022        0.525428103193299E-05
   222.518525137856        0.516781959816643E-05
   221.355602379664        0.508276825151204E-05
   220.250905839658        0.499919395915818E-05
   219.189069725105        0.491710637781774E-05
   218.161555034394        0.484024558681115E-05
   217.165749275536        0.476691033936002E-05
   216.203810638322        0.468894861326677E-05
   215.281781636470        0.461217014990245E-05
   214.408511462132        0.454230819051923E-05
   213.593929932547        0.447265995966138E-05
   212.847191600660        0.440984718796525E-05
   212.174721040069        0.434010746705690E-05
   211.578959804254        0.428134980137934E-05
   211.058368803763        0.422356846747915E-05
   210.608636683194        0.417339825238190E-05
   210.224460980685        0.412866537192524E-05
   209.900888883986        0.409349090117434E-05
   209.629604473462        0.405133455050573E-05
   209.409493928359        0.402902115360267E-05
   209.248349224698        0.399836261038270E-05
   209.161575183070        0.397885512727345E-05
   209.168120630994        0.396868876188951E-05
   209.280752795992        0.395867824684977E-05
   209.505542077509        0.395000000000000E-05
   209.845018374522        0.396921029712432E-05
   210.288463338892        0.420364742956178E-05
   210.770699837660        0.509253128993463E-05
   211.391336599637        0.577502109729823E-05
   212.072615575844        0.669964415331688E-05
   213.423257405550        0.806033492643960E-05
   216.662783911099        0.124541809000832E-04
   221.005560101953        0.218285485388686E-04
   225.322359534501        0.373140346631090E-04
   229.594435350806        0.621741024852656E-04
   233.799665102884        0.100902461110982E-03
   237.913270351835        0.159357567700920E-03
   241.909337511277        0.244723769930428E-03
   245.763032630470        0.365242877283004E-03
   249.453090718889        0.529730409794421E-03
   252.963970687482        0.746979919182981E-03
   256.287106857429        0.102521301270240E-02
   259.420770675536        0.137168468828142E-02
   262.368937029475        0.179248596189520E-02
   265.139674808230        0.229251248253209E-02
   267.743519164140        0.287553149497145E-02
   270.192106531804        0.354428121403478E-02
   272.497172509832        0.430055706218738E-02
   274.862092358033        0.521677623613497E-02
   277.147306824179        0.611371123155461E-02
   279.339749666184        0.714317401192864E-02
   281.416662171167        0.825395387065311E-02
   283.400145063215        0.936228865789835E-02
   285.291227548957        0.107223077151597E-01
   286.237364105661        0.114034271774506E-01
