   224.818164392292        0.506665757055786E-05
   226.214525101156        0.528104579610697E-05
   227.675126580707        0.546724064759406E-05
   229.207606816376        0.563571039169202E-05
   230.803807042523        0.578403854393955E-05
   232.450784947201        0.591037724629002E-05
   234.135042235634        0.603143456543769E-05
   235.843749978305        0.613730907774385E-05
   237.565277751727        0.622738334962299E-05
   239.289652499557        0.631549620976210E-05
   241.008932499196        0.639286800623669E-05
   242.717391534331        0.645343886351513E-05
   244.411468102478        0.651733996493588E-05
   246.089500300317        0.657293248346996E-05
   247.751310944358        0.661754840211501E-05
   249.397728730293        0.665603829473897E-05
   251.030131043915        0.669649847550986E-05
   252.650074987046        0.673040776825581E-05
   254.259051616749        0.675250525822303E-05
   255.858364019436        0.677454205243335E-05
   257.449102710507        0.679000000000000E-05
   259.032178657808        0.680000000000000E-05
   260.608375949109        0.681000000000000E-05
   262.221277343209        0.681000000000000E-05
   263.776849911115        0.680000000000000E-05
   264.902597685748        0.678469912716480E-05
   265.338195301079        0.676325280695871E-05
   265.029937218364        0.672401710361216E-05
   264.036171713655        0.668205118303992E-05
   262.473287060323        0.663069983967619E-05
   260.479795084597        0.656005344672784E-05
   258.186431857789        0.649021644937017E-05
   255.698857232853        0.641189395499524E-05
   253.089837658118        0.632641610390319E-05
   250.405547463149        0.623995865432708E-05
   247.676775467954        0.614044596826252E-05
   244.930744531841        0.604650272862853E-05
   242.198859346556        0.595084727718797E-05
   239.518744978560        0.584745831222822E-05
   236.932032191131        0.574625575154251E-05
   234.481568660344        0.564728264435907E-05
   232.211960986355        0.555036447994905E-05
   230.149002352570        0.545125500285498E-05
   228.294716760080        0.535234971719921E-05
   226.634486427168        0.526094851376475E-05
   225.142932007827        0.517137290241903E-05
   223.789822657468        0.508323949536461E-05
   222.544258560839        0.499677537587676E-05
   221.378593200357        0.491170739912690E-05
   220.270603328337        0.482813171014976E-05
   219.204735847218        0.474603357252878E-05
   218.172333122493        0.466520727698109E-05
   217.170722822033        0.458584361206019E-05
   216.202209509631        0.451787882700760E-05
   215.272991117694        0.444110878245779E-05
   214.391887283499        0.436570582974364E-05
   213.568718329861        0.429970179031462E-05
   212.812426208077        0.422902451450272E-05
   212.129277474875        0.416927782292664E-05
   211.521567028612        0.411054296239524E-05
   210.987529741405        0.405278864287780E-05
   210.522553292332        0.400279967740404E-05
   210.121375984063        0.395809522561837E-05
   209.779281215256        0.392308715831865E-05
   209.487871032973        0.388083250385486E-05
   209.245968090079        0.385867087086953E-05
   209.063229659860        0.382815085202416E-05
   208.954859709834        0.380876105388878E-05
   208.936993087049        0.379860725275278E-05
   209.025201179551        0.378861017830038E-05
   209.232168976423        0.378000000000000E-05
   209.567975657380        0.380003447017941E-05
   209.959748789806        0.452138401137746E-05
   210.500536042504        0.507970315702693E-05
   211.105338084035        0.583087413501812E-05
   211.939401044383        0.655174259800015E-05
   213.188443464327        0.780907297242499E-05
   216.693210849194        0.125035067721178E-04
   221.036352575582        0.219126195556179E-04
   225.353478653470        0.374537309392586E-04
   229.625798228300        0.623999942799849E-04
   233.831128084297        0.101257031570987E-03
   237.944621901127        0.159896275992654E-03
   241.940311921146        0.245514041301512E-03
   245.793349725705        0.366360896453390E-03
   249.482509455531        0.531256893929061E-03
   252.992322815300        0.748996043514840E-03
   256.314279327194        0.102779498176937E-02
   259.446707644839        0.137490073102501E-02
   262.393633141340        0.179639520432666E-02
   265.163163655165        0.229716529137811E-02
   267.765860627704        0.288097060700688E-02
   270.213375486251        0.355054303345384E-02
   272.517450109759        0.430767276278780E-02
   274.881481972654        0.522421218135916E-02
   277.166014391141        0.612087158663609E-02
   279.357858584824        0.715263141329893E-02
   281.434158046421        0.826307218561867E-02
   283.417403863553        0.937441279663726E-02
   285.307901734869        0.107339964040073E-01
   286.253826484203        0.114149551459570E-01
