   224.927554749797        0.495234575653543E-05
   226.325235459774        0.515772414408227E-05
   227.787042417670        0.533912401237155E-05
   229.320600321348        0.550407005705036E-05
   230.917758363236        0.564357848486022E-05
   232.565583148862        0.577764131657195E-05
   234.250581363052        0.589049580805141E-05
   235.959926678745        0.599661810900149E-05
   237.681991664491        0.608675275626806E-05
   239.406808913140        0.616675628040854E-05
   241.126446424403        0.624248699268202E-05
   242.835192308421        0.630981684374561E-05
   244.529503695384        0.636704834737311E-05
   246.207740647225        0.642276829770317E-05
   247.869749889925        0.646741349561129E-05
   249.516384485134        0.650196729443902E-05
   251.149045345945        0.653821208165478E-05
   252.769311354891        0.657038405757635E-05
   254.378693136317        0.659498895853378E-05
   255.978511022583        0.661454699305395E-05
   257.569870533601        0.663653413959750E-05
   259.153695477883        0.664845423932010E-05
   260.730780550361        0.664999999999999E-05
   262.348655995838        0.664999999999999E-05
   263.894286136947        0.664000000000000E-05
   264.998501467798        0.662461084095860E-05
   265.413418667129        0.660315419240515E-05
   265.088239001889        0.656380288730222E-05
   264.082425517484        0.652182296289719E-05
   262.512420062872        0.646068932908895E-05
   260.515807311698        0.639967708329533E-05
   258.222181711000        0.632969663725711E-05
   255.736068285631        0.625135824985001E-05
   253.129224318474        0.616458278840324E-05
   250.446947473615        0.607172578979829E-05
   247.719497980263        0.597970692672894E-05
   244.973829710123        0.587966542325363E-05
   242.241581878155        0.577990161752260E-05
   239.560141090170        0.568541496678790E-05
   236.971293614268        0.558525955763628E-05
   234.518476083189        0.548625816562564E-05
   232.246484636378        0.538086941011343E-05
   230.180704421718        0.528430734371451E-05
   228.322689878112        0.519127307899944E-05
   226.657620517788        0.509984859592726E-05
   225.160161544027        0.501027020917852E-05
   223.800321897723        0.492211898069852E-05
   222.547546294000        0.483565816061841E-05
   221.374533723545        0.475058006880842E-05
   220.259319629653        0.466701329324764E-05
   219.186337704492        0.458491496492525E-05
   218.146389450214        0.450410205616699E-05
   217.135978839826        0.442475838069283E-05
   216.156662220046        0.434733993437543E-05
   215.214703743615        0.428005955424689E-05
   214.319311089983        0.420468879992103E-05
   213.480914825647        0.413888659628575E-05
   212.708970740357        0.406823658260980E-05
   212.010001228904        0.400852806903787E-05
   211.386377884126        0.394983643506487E-05
   210.836388637106        0.389213003088390E-05
   210.355538501963        0.384231482929331E-05
   209.938427482806        0.379765518716188E-05
   209.580394927564        0.376279270938635E-05
   209.273972032781        0.372049019385103E-05
   209.019421351289        0.369845052817804E-05
   208.824293160889        0.366901659376811E-05
   208.706237020738        0.365742628735219E-05
   208.683454851405        0.363857446849435E-05
   208.773555250946        0.362859087073621E-05
   208.972107891467        0.362123842263766E-05
   209.297019553108        0.364984587735658E-05
   209.713844388172        0.436540490465035E-05
   210.248768178280        0.490688282613726E-05
   210.826804914795        0.560307384540823E-05
   211.822113218153        0.644730884969926E-05
   212.952035400165        0.756329026931594E-05
   216.746622594630        0.125904129499938E-04
   221.090843328232        0.220619255784239E-04
   225.408926421650        0.377035038914726E-04
   229.681998101731        0.628061260981900E-04
   233.887770955897        0.101897396044161E-03
   238.001289719889        0.160872902333448E-03
   241.996503892909        0.246951670807071E-03
   245.848544698037        0.368401448522668E-03
   249.536246948114        0.534051410366106E-03
   253.044258436205        0.752696230623661E-03
   256.364174109176        0.103254356596223E-02
   259.494432090547        0.138082573926309E-02
   262.439154752739        0.180360771186976E-02
   265.206525430240        0.230575992043965E-02
   267.807157514457        0.289102755764483E-02
   270.252733370213        0.356213053156794E-02
   272.555009431835        0.432084921646753E-02
   274.917450997259        0.523796713206101E-02
   277.200769745562        0.613412886659173E-02
   279.391549130680        0.717017355363483E-02
   281.466751140277        0.827999839881229E-02
   283.449591768383        0.939695626429772E-02
   285.339035910525        0.107557442868392E-01
   286.284561861544        0.114363957761127E-01
