   225.145235905191        0.470497653040728E-05
   226.545539064705        0.489867440877768E-05
   228.009703129115        0.507650714321873E-05
   229.545321525805        0.522880674651175E-05
   231.144261812491        0.536475566228496E-05
   232.793611751963        0.548874034547745E-05
   234.479890399267        0.560172183650691E-05
   236.190278235325        0.569770168938332E-05
   237.913155076997        0.578793925154910E-05
   239.638566125485        0.586603041994537E-05
   241.358600438310        0.593352136520469E-05
   243.067576851979        0.599395404380634E-05
   244.761992377468        0.604882209843119E-05
   246.440254198746        0.610360255108810E-05
   248.102260637677        0.614829557208789E-05
   249.748917861064        0.618289693602192E-05
   251.381678838276        0.621739885467500E-05
   253.002171698989        0.625089472034066E-05
   254.611952633534        0.627302944932905E-05
   256.212383673888        0.629000000000000E-05
   257.804608284069        0.630711305207047E-05
   259.389584435227        0.631000000000000E-05
   260.968136706323        0.632000000000000E-05
   262.595684131461        0.631727112296840E-05
   264.121424212269        0.630554675563883E-05
   265.182736284186        0.629392515563874E-05
   265.552897255256        0.626245520178011E-05
   265.191221881311        0.622238734851674E-05
   264.158339955030        0.618039574575166E-05
   262.568480635001        0.611853167686106E-05
   260.557623248013        0.605667527308375E-05
   258.254934736774        0.598679520294633E-05
   255.762691747639        0.589845937298027E-05
   253.151264891154        0.582168832375939E-05
   250.465340668759        0.572810245187775E-05
   247.734528285288        0.563607686370241E-05
   244.985394330223        0.553122259555810E-05
   242.248920544947        0.543553316342906E-05
   239.561515584875        0.533216866887324E-05
   236.964268608439        0.523092963039889E-05
   234.500435671787        0.513192943976478E-05
   232.215164944407        0.503505057470133E-05
   230.134211658116        0.494003982505677E-05
   228.259489251792        0.483704031853833E-05
   226.576235558306        0.474566735603016E-05
   225.058867352347        0.465612674358614E-05
   223.677148808582        0.456805506919598E-05
   222.400330552242        0.448169766528598E-05
   221.200933939642        0.439667165180196E-05
   220.057396441538        0.431322521306311E-05
   218.954835214453        0.424120958886954E-05
   217.884422217402        0.416053416934814E-05
   216.843103196208        0.408134606040179E-05
   215.833061386904        0.400459910209063E-05
   214.860915562166        0.393693563759941E-05
   213.935873525563        0.386174718506149E-05
   213.068111523282        0.379659561467402E-05
   212.266763524998        0.372608310703578E-05
   211.538203451634        0.366654085774305E-05
   210.885312028786        0.360802251184290E-05
   210.307276849609        0.355640994208551E-05
   209.800223694019        0.350392894942367E-05
   209.359627350790        0.346498905845221E-05
   208.981650249952        0.342285862292738E-05
   208.660030844552        0.338983375059151E-05
   208.393240162928        0.335868517105963E-05
   208.191137502537        0.333782136605582E-05
   208.072053686051        0.331864634925795E-05
   208.058500983217        0.330854124157432E-05
   208.154338521729        0.329859156213469E-05
   208.369651281156        0.329240680988165E-05
   208.691812532743        0.332922979301259E-05
   209.152353927125        0.401463511023659E-05
   209.661377309836        0.473313563597816E-05
   210.295144970693        0.518974601627548E-05
   211.479541205778        0.615116137230979E-05
   212.706657362614        0.731524634755573E-05
   216.933928970291        0.129001365305094E-04
   221.280804719491        0.225906937492163E-04
   225.600986761767        0.385820693243972E-04
   229.875337376654        0.642243460037633E-04
   234.081270977223        0.104116890503641E-03
   238.193551727764        0.164233027251565E-03
   242.185942231910        0.251863795622801E-03
   246.033556000535        0.375329608240172E-03
   249.715413588498        0.543483145259307E-03
   253.216510306467        0.765111640100515E-03
   256.528839783835        0.104838862976151E-02
   259.651206428912        0.140049394332058E-02
   262.588047102762        0.182743440792745E-02
   265.347782149977        0.233402543374690E-02
   267.941181704198        0.292396493066880E-02
   270.380015815544        0.359993433914465E-02
   272.676076372686        0.436368328017101E-02
   275.058315888027        0.529213025519436E-02
   277.336373173951        0.618619720029911E-02
   279.522538843283        0.723877282450899E-02
   281.593078342594        0.834605613975682E-02
   283.573576509509        0.948429366596200E-02
   285.458669662769        0.108398836712715E-01
   286.402521027641        0.115192902123880E-01
