   225.757621929286        0.379451969320162E-05
   227.165257196468        0.395438623327985E-05
   228.635577276434        0.410187393340047E-05
   230.176031404807        0.422835625592523E-05
   231.778564672293        0.433983787438446E-05
   233.430358307715        0.444083072416096E-05
   235.117988877250        0.453133185583508E-05
   236.828671288273        0.461645503421267E-05
   238.550821691397        0.468434390123214E-05
   240.274543665537        0.475215177651468E-05
   241.992018643240        0.480984846601809E-05
   243.697695399888        0.486164421658424E-05
   245.388234219067        0.490664988913728E-05
   247.062228351533        0.494157252787905E-05
   248.719770581386        0.498320074385979E-05
   250.361954673245        0.501112909486388E-05
   251.990401056257        0.503788196599252E-05
   253.606875959763        0.506014168596904E-05
   255.213040123251        0.508000000000000E-05
   256.810327486769        0.509000000000000E-05
   258.399926561170        0.510000000000000E-05
   259.982824525415        0.510000000000000E-05
   261.559877626376        0.510000000000000E-05
   263.226471451275        0.509000000000000E-05
   264.642208876073        0.507587741226939E-05
   265.469600195109        0.505421936268518E-05
   265.591168184322        0.501546983799377E-05
   265.006246742538        0.497297196655263E-05
   263.782790691567        0.492104493045951E-05
   262.032075296314        0.484966216496922E-05
   259.883549122721        0.477845241370189E-05
   257.457281575515        0.469890339609002E-05
   254.847186557587        0.461118635219355E-05
   252.116245088359        0.451575555457431E-05
   249.302778897489        0.442237318726182E-05
   246.431266843079        0.432105425626116E-05
   243.524053643546        0.421815468921100E-05
   240.609511514081        0.411356554374018E-05
   237.723369793798        0.401131305348695E-05
   234.907134827002        0.391141299865216E-05
   232.205721339189        0.380393515506812E-05
   229.667293320044        0.370854071935065E-05
   227.322479482076        0.361532839235991E-05
   225.179386723967        0.352410283211660E-05
   223.229560954993        0.343475620523147E-05
   221.454207825140        0.334719121111710E-05
   219.829248485615        0.326137080674002E-05
   218.329907703517        0.317705000193181E-05
   216.934155876508        0.310371218477629E-05
   215.625092136720        0.302315424353264E-05
   214.391056612352        0.294948438921231E-05
   213.224868372018        0.287507913177180E-05
   212.123655883485        0.280800940206225E-05
   211.088103390614        0.273690300001749E-05
   210.121894916152        0.267491546208276E-05
   209.230372584158        0.261401931110602E-05
   208.419031819024        0.254525671049822E-05
   207.692779700862        0.249505152821029E-05
   207.054766758636        0.243703230443701E-05
   206.504873118319        0.238599414171031E-05
   206.039656029985        0.234107613332260E-05
   205.653870864119        0.229686856713325E-05
   205.342154031789        0.225335027056319E-05
   205.100069249453        0.222037727341563E-05
   204.918412308669        0.218914122909066E-05
   204.795491601479        0.216835045536158E-05
   204.739906852811        0.214787498773253E-05
   204.769102282971        0.212885607001288E-05
   204.899879875434        0.211892193979215E-05
   205.149511473714        0.211000000000000E-05
   205.508271617454        0.211455257516621E-05
   205.964071444600        0.253274961131051E-05
   206.485885787198        0.285601000300534E-05
   207.024180564408        0.325107935750768E-05
   208.838306856013        0.423103634301122E-05
   210.305161170815        0.522732605749832E-05
   213.868515171711        0.854856504244879E-05
   218.255318003896        0.152955985077351E-04
   222.625505174761        0.266852889805768E-04
   226.962022657160        0.453757019945763E-04
   231.244232153808        0.751499529020660E-04
   235.448188740719        0.121121191351204E-03
   239.547656734892        0.189806222464647E-03
   243.515961856359        0.288983752756343E-03
   247.328559473432        0.427304605937162E-03
   250.965958040892        0.613729053635956E-03
   254.415565820452        0.856922693555956E-03
   257.672181455488        0.116475910404317E-02
   260.737254331216        0.154401811523974E-02
   263.617365914495        0.200028169921515E-02
   266.322473965048        0.253796975619813E-02
   268.864321047993        0.316044215080347E-02
   271.255199717420        0.387010778923126E-02
   273.575691409105        0.470514459592429E-02
   275.940389960589        0.563083479982593E-02
   278.188714945010        0.651845213274464E-02
   280.339255611850        0.766587234832273E-02
   282.381306016354        0.875759973684090E-02
   284.341329393035        0.100242770388200E-01
   286.200457299541        0.113607326987133E-01
   287.134197317608        0.120325982302438E-01
