   224.692608301217        0.522723059513347E-05
   226.087459498784        0.545134229545410E-05
   227.546683037284        0.564252053622088E-05
   229.077933799312        0.581351592417893E-05
   230.673050310773        0.596506502901959E-05
   232.319091114043        0.610116183783381E-05
   234.002565974770        0.622201663490211E-05
   235.710656791474        0.632771613329621E-05
   237.431740965771        0.642773162013903E-05
   239.155845593038        0.651571281624547E-05
   240.875018598159        0.659304168172328E-05
   242.583512138866        0.666028394208919E-05
   244.277733017169        0.671828643288564E-05
   245.955980313115        0.677444150444401E-05
   247.618034086369        0.682755111189653E-05
   249.264680117797        0.686602584163680E-05
   250.897255578012        0.690644632983063E-05
   252.517281766154        0.694036821734042E-05
   254.126218892889        0.696245238538766E-05
   255.725343852091        0.699000000000000E-05
   257.315724976735        0.700643565501637E-05
   258.898254555646        0.702000000000000E-05
   260.473701420737        0.703000000000000E-05
   262.080164100549        0.703000000000000E-05
   263.650208632698        0.702000000000000E-05
   264.805419250186        0.700484131247156E-05
   265.270351996256        0.698340302882344E-05
   264.986000718130        0.694432862607104E-05
   264.007752708554        0.690237007487261E-05
   262.453135777464        0.685153473608273E-05
   260.462225177821        0.679054531267643E-05
   258.168322944202        0.671087971486656E-05
   255.678433992633        0.663320512694057E-05
   253.066248236459        0.655581827510450E-05
   250.378847552291        0.646330714914460E-05
   247.647282100460        0.637132813673759E-05
   244.898535272506        0.627132784361311E-05
   242.163550815814        0.617194790939565E-05
   239.479849929437        0.606857145102055E-05
   236.889344110883        0.596739511705446E-05
   234.435270597281        0.586844696493586E-05
   232.162547576602        0.577154319840070E-05
   230.097263079694        0.567658248323765E-05
   228.241722250064        0.558357013867755E-05
   226.581366605428        0.549220044817144E-05
   225.090563649591        0.539307264027508E-05
   223.738828564809        0.530453353229155E-05
   222.495494975500        0.521807931824106E-05
   221.332919536211        0.513303890966310E-05
   220.229002288277        0.504947202636704E-05
   219.168195941273        0.496739429299518E-05
   218.141551186199        0.489049151687382E-05
   217.146517600030        0.481721172352926E-05
   216.185530573968        0.473925876355955E-05
   215.264828138310        0.466248611664006E-05
   214.393382703072        0.459257504671564E-05
   213.581180109450        0.452298328439219E-05
   212.837343058608        0.445017401192334E-05
   212.168416348513        0.439038289054648E-05
   211.577030902579        0.433162510029143E-05
   211.061785399787        0.427384196380696E-05
   210.618412322103        0.422361409893927E-05
   210.241495678572        0.417887680176938E-05
   209.925713783279        0.413485480996833E-05
   209.662545255165        0.410115034421659E-05
   209.450622134228        0.407916335309161E-05
   209.297625912866        0.404845169179959E-05
   209.218806723803        0.402889641401623E-05
   209.232779021690        0.401872647496067E-05
   209.351993287689        0.400871201303572E-05
   209.582039184632        0.400000000000000E-05
   209.924628822863        0.401784027595606E-05
   210.368563590222        0.424141224883069E-05
   210.850772061131        0.514453189560674E-05
   211.465590273606        0.583300787617079E-05
   212.138379427104        0.675871467281785E-05
   213.517678087815        0.816339128343826E-05
   216.671514406376        0.124683736167033E-04
   221.014393054056        0.218527355497988E-04
   225.331238170741        0.373540144698210E-04
   229.603292856007        0.622381048695216E-04
   233.808429420336        0.101001564969150E-03
   237.921870467018        0.159505871256429E-03
   241.917708769051        0.244938167398207E-03
   245.771118563491        0.365542293436714E-03
   249.460841806061        0.530134395595489E-03
   252.971345830498        0.747506917052383E-03
   256.294083776676        0.102587948567753E-02
   259.427344475713        0.137250451605401E-02
   262.375116714725        0.179347032243620E-02
   265.145479120619        0.229367008382325E-02
   267.748972776951        0.287686899544666E-02
   270.197237058777        0.354580369975343E-02
   272.502008347136        0.430226848045824E-02
   274.866666109165        0.521854872360040E-02
   277.151674115026        0.611540411196057E-02
   279.343936517909        0.714538513733628E-02
   281.420671589003        0.825607144056780E-02
   283.404067905114        0.936507579064206E-02
   285.294990592643        0.107249811791128E-01
   286.241056832507        0.114060505241247E-01
