   224.795084958068        0.512489740924598E-05
   226.191172614481        0.534078606329007E-05
   227.651544887827        0.553086220256378E-05
   229.183846685891        0.569546939716151E-05
   230.779922458216        0.584467043329479E-05
   232.426836938477        0.598013945733036E-05
   234.111102743218        0.610122285112272E-05
   235.819902702564        0.620712881831096E-05
   237.541615578117        0.629719226966648E-05
   239.266272180556        0.638712344101297E-05
   240.985927721153        0.646271030342151E-05
   242.694845678778        0.652998806283879E-05
   244.389447963508        0.658811299384425E-05
   246.068051722342        0.664281334195023E-05
   247.730456853923        0.668742482170111E-05
   249.377469471894        0.673194508184061E-05
   251.010446452513        0.676818425814170E-05
   252.630927371384        0.680067907220427E-05
   254.240388847775        0.683243531203195E-05
   255.840122174093        0.685447018952691E-05
   257.431208088354        0.687000000000000E-05
   259.014549319326        0.688000000000001E-05
   260.590923108167        0.689000000000000E-05
   262.202109198116        0.689000000000000E-05
   263.762902229784        0.688000000000000E-05
   264.898250052318        0.686478150151749E-05
   265.343875672818        0.684333601370924E-05
   265.044068745848        0.680418413417505E-05
   264.055541714034        0.676221806491372E-05
   262.494124917918        0.671086609991256E-05
   260.499194113906        0.664040160498289E-05
   258.203993989458        0.657054523743773E-05
   255.714750377163        0.649222165782268E-05
   253.103971729185        0.640682533563877E-05
   250.417939495298        0.632285124843866E-05
   247.687649745202        0.622501867451189E-05
   244.940335925601        0.612700184406097E-05
   242.207107233323        0.603135080382158E-05
   239.524804566003        0.592796225533695E-05
   236.935026581298        0.582676637421089E-05
   234.481367713537        0.572779953108250E-05
   232.209020342063        0.563088284229068E-05
   230.143860125930        0.553590129204095E-05
   228.288105199711        0.543335425263795E-05
   226.627114311904        0.534148580254835E-05
   225.135556188403        0.525191115179863E-05
   223.783052732196        0.516378661109410E-05
   222.538661551397        0.507732217538251E-05
   221.374795099311        0.499226087082657E-05
   220.269200605962        0.490868353263295E-05
   219.206222706447        0.482658837916986E-05
   218.177114553280        0.474575886141716E-05
   217.179188446643        0.467366812612391E-05
   216.214641918302        0.459842254917617E-05
   215.289549262696        0.452164452868731E-05
   214.412688257645        0.444623084755000E-05
   213.593911135784        0.438012831697498E-05
   212.842255692624        0.430944330025662E-05
   212.164131681577        0.424968399669651E-05
   211.561946221447        0.419093450184242E-05
   211.034064190712        0.413316349220365E-05
   210.576054963878        0.408308441295944E-05
   210.182444539748        0.403836329149748E-05
   209.848147208343        0.400327453174201E-05
   209.564928458465        0.396106217994967E-05
   209.332062129704        0.393882870245377E-05
   209.157666496352        0.390824471263161E-05
   209.057904779305        0.388880203554344E-05
   209.053107019119        0.387864214238310E-05
   209.156371235049        0.386863858439047E-05
   209.373471829073        0.386000000000000E-05
   209.707836069350        0.388060166395073E-05
   210.150088614214        0.412399136002513E-05
   210.664467901515        0.499607740876294E-05
   211.196887735166        0.588621928368724E-05
   212.009549812333        0.661485188575164E-05
   213.288591257176        0.791535972365862E-05
   216.670443370378        0.124665402150018E-04
   221.013313674919        0.218496184683735E-04
   225.330222511308        0.373491660251620E-04
   229.602410537446        0.622312735820484E-04
   233.807733328291        0.100992958759758E-03
   237.921384104912        0.159496331400356E-03
   241.917423599517        0.244929105116562E-03
   245.771007349285        0.365535565569662E-03
   249.460882380028        0.530132745170929E-03
   252.971532568141        0.747514979381516E-03
   256.294404433472        0.102590290608935E-02
   259.427783289791        0.137254964301678E-02
   262.375657107195        0.179354392059224E-02
   265.146105458843        0.229377911327958E-02
   267.749671110489        0.287702042773246E-02
   270.197995133047        0.354600432089623E-02
   272.502815371662        0.430252468541092E-02
   274.867513695092        0.521884160133069E-02
   277.152560579063        0.611570618788840E-02
   279.344855931981        0.714582233386882E-02
   281.421613685910        0.825651332958197E-02
   283.405046058605        0.936570780426395E-02
   285.295976369213        0.107256096400193E-01
   286.242064021647        0.114066897744892E-01
