
    OUTPUT FILES FOR THE Sun  

 Solar Constant= 1.000   F_CH4= 1.7790E-06  F_CO2= 2.2400E-04  F_O2= 1.9717E-01  F_N2= 7.6990E-01  F_H2= 5.2381E-07  F_AR= 9.8832E-03  IO3 =  1   IUP=  0
 ICONSERV= 1  FAC= 4.0  ND=101  SRFALB= 0.250  G= 980.0  IMW= 1  INVERSE= 0

 FNO2 = 5.312E-72

 NST=     1 JCONV=  2 CHG=2.71E-03 dt0=7.50E+03 DIVF(1)=-8.22E-05 DIVFrms= 8.22E-05 DT(ND)=-8.20E-02 T(ND)=2.8623E+02

 TIME= 5.000E+03  TIME IN DAYS = 5.787E-02

 PLANETARY ALBEDO:  ALBP = 0.2246

  J     P         ALT         T        CONVEC       DT          TOLD        FH20       FSAVE        FO3        TCOOL       THEAT
  1 3.2610E-05 7.3829E+01 2.2753E+02  0.00E+00   6.1687E-01  2.2692E+02  5.4096E-06  5.4083E-06  1.5494E-07 -7.8175E+01  3.7647E+01
  2 3.8506E-05 7.2685E+01 2.2896E+02  1.00E+00   6.1992E-01  2.2834E+02  5.6033E-06  5.6032E-06  1.9836E-07 -4.9985E+01  5.6236E+00
  3 4.5410E-05 7.1543E+01 2.3044E+02  1.00E+00   6.0639E-01  2.2983E+02  5.7811E-06  5.7710E-06  2.4798E-07 -3.1315E+01  3.1711E+00
  4 5.3485E-05 7.0403E+01 2.3197E+02  1.00E+00   5.7455E-01  2.3140E+02  5.9332E-06  5.9303E-06  2.9938E-07 -1.9726E+01  3.1784E+00
  5 6.2917E-05 6.9264E+01 2.3356E+02  1.00E+00   5.2708E-01  2.3303E+02  6.0696E-06  6.0695E-06  3.5183E-07 -1.2973E+01  3.4103E+00
  6 7.3919E-05 6.8126E+01 2.3518E+02  1.00E+00   4.6816E-01  2.3472E+02  6.1931E-06  6.1830E-06  4.0667E-07 -9.3502E+00  3.6693E+00
  7 8.6735E-05 6.6990E+01 2.3684E+02  1.00E+00   4.0228E-01  2.3644E+02  6.3065E-06  6.2964E-06  4.6665E-07 -7.5363E+00  3.9542E+00
  8 1.0165E-04 6.5855E+01 2.3853E+02  1.00E+00   3.3375E-01  2.3819E+02  6.4018E-06  6.3918E-06  5.3276E-07 -6.6968E+00  4.2719E+00
  9 1.1897E-04 6.4722E+01 2.4022E+02  1.00E+00   2.6641E-01  2.3996E+02  6.4918E-06  6.4818E-06  6.0706E-07 -6.3936E+00  4.6453E+00
 10 1.3907E-04 6.3590E+01 2.4193E+02  1.00E+00   2.0339E-01  2.4172E+02  6.5696E-06  6.5596E-06  6.8932E-07 -6.3425E+00  5.0527E+00
 11 1.6236E-04 6.2460E+01 2.4363E+02  1.00E+00   1.4695E-01  2.4348E+02  6.6374E-06  6.6274E-06  7.8068E-07 -6.4235E+00  5.4971E+00
 12 1.8931E-04 6.1332E+01 2.4533E+02  1.00E+00   9.8384E-02  2.4523E+02  6.6967E-06  6.6867E-06  8.8031E-07 -6.5740E+00  5.9689E+00
 13 2.2046E-04 6.0205E+01 2.4702E+02  1.00E+00   5.8090E-02  2.4696E+02  6.7518E-06  6.7418E-06  9.8976E-07 -6.7643E+00  6.4661E+00
 14 2.5641E-04 5.9080E+01 2.4870E+02  1.00E+00   2.5715E-02  2.4867E+02  6.7967E-06  6.7967E-06  1.1099E-06 -6.9805E+00  6.9832E+00
 15 2.9785E-04 5.7958E+01 2.5037E+02  1.00E+00   3.7889E-04  2.5037E+02  6.8416E-06  6.8316E-06  1.2446E-06 -7.2147E+00  7.5206E+00
 16 3.4555E-04 5.6838E+01 2.5203E+02  1.00E+00  -1.9081E-02  2.5205E+02  6.8782E-06  6.8764E-06  1.3872E-06 -7.4420E+00  8.0417E+00
 17 4.0038E-04 5.5721E+01 2.5368E+02  1.00E+00  -3.3885E-02  2.5371E+02  6.9111E-06  6.9011E-06  1.5539E-06 -7.6868E+00  8.5832E+00
 18 4.6333E-04 5.4607E+01 2.5532E+02  1.00E+00  -4.5149E-02  2.5536E+02  6.9429E-06  6.9329E-06  1.7325E-06 -7.9374E+00  9.0798E+00
 19 5.3550E-04 5.3495E+01 2.5695E+02  1.00E+00  -5.3785E-02  2.5700E+02  6.9651E-06  6.9551E-06  1.9303E-06 -8.1856E+00  9.5333E+00
 20 6.1814E-04 5.2386E+01 2.5857E+02  1.00E+00  -6.0473E-02  2.5863E+02  6.9873E-06  6.9773E-06  2.1594E-06 -8.4325E+00  9.9546E+00
 21 7.1262E-04 5.1281E+01 2.6018E+02  1.00E+00  -6.5686E-02  2.6025E+02  6.9994E-06  6.9894E-06  2.4030E-06 -8.6769E+00  1.0266E+01
 22 8.2051E-04 5.0179E+01 2.6179E+02  1.00E+00  -6.9735E-02  2.6186E+02  7.0014E-06  6.9914E-06  2.6782E-06 -8.9038E+00  1.0488E+01
 23 9.4355E-04 4.9081E+01 2.6339E+02  1.00E+00  -7.8157E-02  2.6347E+02  7.0066E-06  6.9966E-06  2.9736E-06 -9.1760E+00  1.0567E+01
 24 1.0837E-03 4.7986E+01 2.6508E+02  1.00E+00  -6.3690E-02  2.6514E+02  7.0000E-06  6.9900E-06  3.2787E-06 -9.5112E+00  1.0481E+01
 25 1.2430E-03 4.6895E+01 2.6645E+02  0.00E+00  -3.8330E-02  2.6649E+02  6.9829E-06  6.9729E-06  3.6063E-06 -9.6986E+00  1.0254E+01
 26 1.4240E-03 4.5810E+01 2.6715E+02  0.00E+00  -2.0124E-02  2.6717E+02  6.9623E-06  6.9523E-06  3.9597E-06 -9.6012E+00  9.8929E+00
 27 1.6293E-03 4.4735E+01 2.6709E+02  0.00E+00  -1.0356E-02  2.6710E+02  6.9297E-06  6.9197E-06  4.3257E-06 -9.2389E+00  9.3926E+00
 28 1.8619E-03 4.3671E+01 2.6631E+02  0.00E+00  -5.3266E-03  2.6632E+02  6.8952E-06  6.8852E-06  4.6854E-06 -8.6920E+00  8.7708E+00
 29 2.1249E-03 4.2622E+01 2.6493E+02  0.00E+00  -2.2156E-03  2.6493E+02  6.8422E-06  6.8322E-06  5.0184E-06 -8.0469E+00  8.0709E+00
 30 2.4221E-03 4.1590E+01 2.6307E+02  0.00E+00   1.8358E-04  2.6307E+02  6.7803E-06  6.7703E-06  5.3217E-06 -7.3773E+00  7.3595E+00
 31 2.7574E-03 4.0576E+01 2.6087E+02  0.00E+00   1.8714E-03  2.6087E+02  6.7094E-06  6.6994E-06  5.5784E-06 -6.7237E+00  6.6746E+00
 32 3.1350E-03 3.9581E+01 2.5844E+02  0.00E+00   2.4934E-03  2.5844E+02  6.6363E-06  6.6263E-06  5.7905E-06 -6.1102E+00  6.0502E+00
 33 3.5600E-03 3.8605E+01 2.5588E+02  0.00E+00   2.0527E-03  2.5588E+02  6.5554E-06  6.5453E-06  5.9604E-06 -5.5491E+00  5.4979E+00
 34 4.0374E-03 3.7650E+01 2.5323E+02  0.00E+00   1.0460E-03  2.5323E+02  6.4618E-06  6.4518E-06  6.0942E-06 -5.0480E+00  5.0165E+00
 35 4.5732E-03 3.6714E+01 2.5052E+02  0.00E+00  -9.7179E-05  2.5052E+02  6.3762E-06  6.3662E-06  6.2045E-06 -4.6120E+00  4.5990E+00
 36 5.1734E-03 3.5798E+01 2.4777E+02  0.00E+00  -9.2903E-04  2.4777E+02  6.2755E-06  6.2655E-06  6.2963E-06 -4.2297E+00  4.2322E+00
 37 5.8451E-03 3.4901E+01 2.4501E+02  0.00E+00  -1.2201E-03  2.4502E+02  6.1779E-06  6.1679E-06  6.3680E-06 -3.8944E+00  3.9012E+00
 38 6.5957E-03 3.4024E+01 2.4227E+02  0.00E+00  -1.0998E-03  2.4227E+02  6.0726E-06  6.0626E-06  6.4145E-06 -3.5912E+00  3.5946E+00
 39 7.4333E-03 3.3166E+01 2.3958E+02  0.00E+00  -5.6971E-04  2.3958E+02  5.9697E-06  5.9597E-06  6.4283E-06 -3.3070E+00  3.3044E+00
 40 8.3667E-03 3.2326E+01 2.3698E+02  0.00E+00  -1.3424E-04  2.3698E+02  5.8690E-06  5.8589E-06  6.3945E-06 -3.0276E+00  3.0234E+00
 41 9.4054E-03 3.1505E+01 2.3452E+02  0.00E+00   1.3934E-03  2.3452E+02  5.7703E-06  5.7603E-06  6.3154E-06 -2.7658E+00  2.7556E+00
 42 1.0560E-02 3.0701E+01 2.3224E+02  0.00E+00   2.4181E-03  2.3224E+02  5.6739E-06  5.6638E-06  6.1777E-06 -2.5477E+00  2.4977E+00
 43 1.1841E-02 2.9913E+01 2.3017E+02  0.00E+00   2.2441E-03  2.3017E+02  5.5793E-06  5.5692E-06  5.9748E-06 -2.2889E+00  2.2509E+00
 44 1.3261E-02 2.9140E+01 2.2830E+02  0.00E+00   1.5782E-03  2.2830E+02  5.4766E-06  5.4666E-06  5.7273E-06 -2.0468E+00  2.0220E+00
 45 1.4832E-02 2.8383E+01 2.2663E+02  0.00E+00   8.6040E-04  2.2663E+02  5.3857E-06  5.3756E-06  5.4318E-06 -1.8257E+00  1.8117E+00
 46 1.6569E-02 2.7639E+01 2.2513E+02  0.00E+00   3.3231E-04  2.2513E+02  5.2964E-06  5.2864E-06  5.1050E-06 -1.6270E+00  1.6228E+00
 47 1.8485E-02 2.6908E+01 2.2375E+02  0.00E+00  -1.2074E-04  2.2375E+02  5.2088E-06  5.1987E-06  4.7540E-06 -1.4516E+00  1.4552E+00
 48 2.0598E-02 2.6191E+01 2.2248E+02  0.00E+00  -4.6452E-04  2.2248E+02  5.1227E-06  5.1126E-06  4.3876E-06 -1.2994E+00  1.3077E+00
 49 2.2923E-02 2.5486E+01 2.2128E+02  0.00E+00  -6.5988E-04  2.2128E+02  5.0380E-06  5.0279E-06  4.0196E-06 -1.1685E+00  1.1791E+00
 50 2.5478E-02 2.4792E+01 2.2014E+02  0.00E+00  -7.0211E-04  2.2014E+02  4.9549E-06  4.9448E-06  3.6607E-06 -1.0555E+00  1.0669E+00
 51 2.8282E-02 2.4111E+01 2.1903E+02  0.00E+00  -6.2366E-04  2.1903E+02  4.8731E-06  4.8630E-06  3.3080E-06 -9.5651E-01  9.6635E-01
 52 3.1356E-02 2.3442E+01 2.1796E+02  0.00E+00  -5.5908E-04  2.1796E+02  4.7990E-06  4.7889E-06  2.9727E-06 -8.6808E-01  8.7584E-01
 53 3.4719E-02 2.2784E+01 2.1692E+02  0.00E+00  -4.9076E-04  2.1692E+02  4.7239E-06  4.7138E-06  2.6643E-06 -7.8637E-01  7.9374E-01
 54 3.8395E-02 2.2137E+01 2.1591E+02  0.00E+00  -3.5508E-04  2.1591E+02  4.6462E-06  4.6362E-06  2.3679E-06 -7.1110E-01  7.1605E-01
 55 4.2407E-02 2.1502E+01 2.1495E+02  0.00E+00  -1.3238E-04  2.1495E+02  4.5750E-06  4.5649E-06  2.0925E-06 -6.4193E-01  6.4319E-01
 56 4.6779E-02 2.0877E+01 2.1404E+02  0.00E+00   7.5788E-05  2.1404E+02  4.5050E-06  4.4949E-06  1.8383E-06 -5.7810E-01  5.7512E-01
 57 5.1537E-02 2.0263E+01 2.1320E+02  0.00E+00   2.6739E-04  2.1320E+02  4.4314E-06  4.4311E-06  1.6140E-06 -5.1751E-01  5.1299E-01
 58 5.6707E-02 1.9660E+01 2.1243E+02  0.00E+00   3.8993E-04  2.1243E+02  4.3708E-06  4.3607E-06  1.3992E-06 -4.6262E-01  4.5465E-01
 59 6.2317E-02 1.9066E+01 2.1175E+02  0.00E+00   4.4936E-04  2.1175E+02  4.3114E-06  4.3013E-06  1.2082E-06 -4.1035E-01  4.0223E-01
 60 6.8395E-02 1.8483E+01 2.1115E+02  0.00E+00   4.0255E-04  2.1115E+02  4.2530E-06  4.2430E-06  1.0301E-06 -3.6232E-01  3.5488E-01
 61 7.4972E-02 1.7909E+01 2.1063E+02  0.00E+00   2.4213E-04  2.1063E+02  4.1956E-06  4.1856E-06  8.7341E-07 -3.1768E-01  3.1383E-01
 62 8.2078E-02 1.7344E+01 2.1020E+02  0.00E+00   6.3826E-05  2.1020E+02  4.1474E-06  4.1373E-06  7.3393E-07 -2.7877E-01  2.7858E-01
 63 8.9745E-02 1.6788E+01 2.0983E+02  0.00E+00   2.6493E-04  2.0983E+02  4.1029E-06  4.0929E-06  6.0947E-07 -2.4765E-01  2.4839E-01
 64 9.8004E-02 1.6241E+01 2.0954E+02  0.00E+00  -2.3649E-04  2.0954E+02  4.0694E-06  4.0593E-06  4.9893E-07 -2.2554E-01  2.2276E-01
 65 1.0689E-01 1.5702E+01 2.0930E+02  0.00E+00  -3.4680E-04  2.0930E+02  4.0371E-06  4.0270E-06  4.0362E-07 -1.8101E-01  2.0016E-01
 66 1.1643E-01 1.5173E+01 2.0912E+02  0.00E+00  -8.9558E-04  2.0912E+02  4.0068E-06  3.9968E-06  3.2259E-07 -1.6693E-01  1.8103E-01
 67 1.2666E-01 1.4651E+01 2.0900E+02  0.00E+00  -3.1985E-04  2.0900E+02  3.9860E-06  3.9759E-06  2.5613E-07 -1.5765E-01  1.6540E-01
 68 1.3763E-01 1.4137E+01 2.0896E+02  0.00E+00   6.5105E-05  2.0896E+02  3.9654E-06  3.9577E-06  2.0193E-07 -1.5177E-01  1.5255E-01
 69 1.4935E-01 1.3631E+01 2.0901E+02  0.00E+00   2.3223E-03  2.0901E+02  3.9476E-06  3.9452E-06  1.5596E-07 -1.4918E-01  1.4177E-01
 70 1.6186E-01 1.3133E+01 2.0916E+02  0.00E+00  -1.7259E-03  2.0916E+02  3.9376E-06  3.9276E-06  1.2131E-07 -1.4536E-01  1.3337E-01
 71 1.7520E-01 1.2643E+01 2.0942E+02  0.00E+00   4.0586E-03  2.0941E+02  3.9322E-06  3.9222E-06  9.8105E-08 -1.3793E-01  1.2723E-01
 72 1.8941E-01 1.2159E+01 2.0977E+02  0.00E+00  -4.6571E-03  2.0978E+02  3.9833E-06  3.9735E-06  8.2669E-08 -1.2825E-01  1.2307E-01
 73 2.0450E-01 1.1683E+01 2.1022E+02  0.00E+00   7.7315E-03  2.1022E+02  4.2810E-06  4.7076E-06  7.0531E-08 -1.2594E-01  1.2123E-01
 74 2.2052E-01 1.1213E+01 2.1077E+02  0.00E+00   4.6183E-03  2.1076E+02  5.1097E-06  5.3726E-06  6.1547E-08 -1.3766E-01  1.2391E-01
 75 2.3750E-01 1.0750E+01 2.1133E+02  0.00E+00  -1.1609E-02  2.1134E+02  5.9974E-06  5.9968E-06  5.6388E-08 -1.1300E-01  1.2427E-01
 76 2.5546E-01 1.0293E+01 2.1228E+02  0.00E+00   2.6532E-03  2.1228E+02  6.8669E-06  6.8644E-06  5.3274E-08 -8.0433E-02  1.2628E-01
 77 2.7444E-01 9.8417E+00 2.1361E+02  0.00E+00   1.6777E-04  2.1361E+02  8.2631E-06  8.2629E-06  5.0694E-08 -1.2862E-01  1.3152E-01
 78 2.9445E-01 9.3938E+00 2.1686E+02  0.00E+00   7.1519E-02  2.1679E+02  1.2783E-05  1.2665E-05  4.8399E-08 -3.9724E-01  1.5008E-01
 79 3.1553E-01 8.9461E+00 2.2121E+02  1.00E+00   7.2356E-02  2.2113E+02  2.2386E-05  2.2184E-05  4.6221E-08 -8.1537E-01  1.8715E-01
 80 3.3768E-01 8.4980E+00 2.2553E+02  1.00E+00   7.3678E-02  2.2545E+02  3.8236E-05  3.7898E-05  4.4069E-08 -1.2426E+00  2.3834E-01
 81 3.6094E-01 8.0498E+00 2.2980E+02  1.00E+00   7.5349E-02  2.2972E+02  6.3661E-05  6.3106E-05  4.1918E-08 -1.6342E+00  3.0068E-01
 82 3.8531E-01 7.6019E+00 2.3400E+02  1.00E+00   7.7017E-02  2.3393E+02  1.0323E-04  1.0234E-04  3.9770E-08 -1.9383E+00  3.6881E-01
 83 4.1081E-01 7.1549E+00 2.3812E+02  1.00E+00   7.8169E-02  2.3804E+02  1.6289E-04  1.6152E-04  3.7648E-08 -2.1447E+00  4.4001E-01
 84 4.3745E-01 6.7092E+00 2.4211E+02  1.00E+00   7.8260E-02  2.4203E+02  2.4988E-04  2.4785E-04  3.5604E-08 -2.2791E+00  5.1677E-01
 85 4.6522E-01 6.2654E+00 2.4596E+02  1.00E+00   7.6888E-02  2.4588E+02  3.7250E-04  3.6960E-04  3.3567E-08 -2.3309E+00  5.9467E-01
 86 4.9414E-01 5.8239E+00 2.4964E+02  1.00E+00   7.3938E-02  2.4957E+02  5.3953E-04  5.3562E-04  3.1615E-08 -2.3347E+00  6.5991E-01
 87 5.2419E-01 5.3855E+00 2.5314E+02  1.00E+00   6.9551E-02  2.5307E+02  7.5970E-04  7.5466E-04  2.9680E-08 -2.3142E+00  7.0602E-01
 88 5.5537E-01 4.9506E+00 2.5645E+02  1.00E+00   6.3922E-02  2.5639E+02  1.0411E-03  1.0349E-03  2.7762E-08 -2.2947E+00  7.3908E-01
 89 5.8766E-01 4.5199E+00 2.5957E+02  1.00E+00   5.7245E-02  2.5952E+02  1.3909E-03  1.3836E-03  2.5913E-08 -2.2495E+00  7.6565E-01
 90 6.2105E-01 4.0938E+00 2.6251E+02  1.00E+00   4.9691E-02  2.6246E+02  1.8148E-03  1.8068E-03  2.4158E-08 -2.1845E+00  7.8553E-01
 91 6.5550E-01 3.6729E+00 2.6527E+02  1.00E+00   4.1399E-02  2.6522E+02  2.3177E-03  2.3093E-03  2.2497E-08 -2.1159E+00  7.9593E-01
 92 6.9100E-01 3.2576E+00 2.6786E+02  1.00E+00   3.2477E-02  2.6782E+02  2.9030E-03  2.8949E-03  2.0929E-08 -2.0192E+00  7.9711E-01
 93 7.2750E-01 2.8484E+00 2.7029E+02  1.00E+00   2.3009E-02  2.7027E+02  3.5731E-03  3.5663E-03  1.9524E-08 -1.8667E+00  7.9215E-01
 94 7.6497E-01 2.4456E+00 2.7258E+02  1.00E+00   1.3072E-02  2.7257E+02  4.3298E-03  4.3251E-03  1.8211E-08 -1.7182E+00  7.8410E-01
 95 8.0335E-01 2.0495E+00 2.7493E+02  1.00E+00  -2.2719E-02  2.7495E+02  5.2430E-03  5.2518E-03  1.7026E-08 -1.6291E+00  7.7954E-01
 96 8.4259E-01 1.6603E+00 2.7720E+02  1.00E+00  -3.2433E-02  2.7723E+02  6.1344E-03  6.1470E-03  1.5998E-08 -1.5385E+00  7.5876E-01
 97 8.8264E-01 1.2782E+00 2.7938E+02  1.00E+00  -4.2518E-02  2.7942E+02  7.1639E-03  7.1865E-03  1.5161E-08 -1.5333E+00  7.4325E-01
 98 9.2342E-01 9.0359E-01 2.8144E+02  1.00E+00  -5.2442E-02  2.8150E+02  8.2673E-03  8.2952E-03  1.4471E-08 -1.5999E+00  7.3065E-01
 99 9.6487E-01 5.3668E-01 2.8341E+02  1.00E+00  -6.3484E-02  2.8348E+02  9.3710E-03  9.4163E-03  1.3897E-08 -1.7902E+00  7.2492E-01
100 1.0069E+00 1.7775E-01 2.8529E+02  1.00E+00  -7.2240E-02  2.8536E+02  1.0722E-02  1.0774E-02  1.3402E-08 -2.0439E+00  7.4472E-01
101 1.0283E+00 0.0000E+00 2.8623E+02  1.00E+00  -8.1952E-02  2.8631E+02  1.1395E-02  1.1454E-02  1.3500E-08 -3.5313E+00  7.9026E+00
  J     P         ALT         T        CONVEC       DT          TOLD        FH20       FSAVE        FO3        TCOOL       THEAT

 FCO2
  2.24E-04 2.24E-04 2.24E-04 2.24E-04 2.24E-04 2.24E-04 2.24E-04 2.24E-04 2.24E-04 2.24E-04
  2.24E-04 2.24E-04 2.24E-04 2.24E-04 2.24E-04 2.24E-04 2.24E-04 2.24E-04 2.24E-04 2.24E-04
  2.24E-04 2.24E-04 2.24E-04 2.24E-04 2.24E-04 2.24E-04 2.24E-04 2.24E-04 2.24E-04 2.24E-04
  2.24E-04 2.24E-04 2.24E-04 2.24E-04 2.24E-04 2.24E-04 2.24E-04 2.24E-04 2.24E-04 2.24E-04
  2.24E-04 2.24E-04 2.24E-04 2.24E-04 2.24E-04 2.24E-04 2.24E-04 2.24E-04 2.24E-04 2.24E-04
  2.24E-04 2.24E-04 2.24E-04 2.24E-04 2.24E-04 2.24E-04 2.24E-04 2.24E-04 2.24E-04 2.24E-04
  2.24E-04 2.24E-04 2.24E-04 2.24E-04 2.24E-04 2.24E-04 2.24E-04 2.24E-04 2.24E-04 2.24E-04
  2.24E-04 2.24E-04 2.24E-04 2.24E-04 2.24E-04 2.24E-04 2.24E-04 2.24E-04 2.24E-04 2.24E-04
  2.24E-04 2.24E-04 2.24E-04 2.24E-04 2.24E-04 2.24E-04 2.24E-04 2.24E-04 2.24E-04 2.24E-04
  2.24E-04 2.24E-04 2.24E-04 2.24E-04 2.24E-04 2.24E-04 2.24E-04 2.24E-04 2.24E-04 2.24E-04
  2.24E-04

  J    PF         ALT       FTOTAL       FTIR       FDNIR       FUPIR       FTSOL       FDNSOL       FUPSOL       DIVF
  1 3.0000E-05 7.3829E+01 -2.1787E+01 -2.6505E+05  0.0000E+00  2.6505E+05  2.6503E+05  3.4178E+05  7.6749E+04 -8.2199E-05
  2 3.5446E-05 7.2685E+01  4.7974E+00 -2.6500E+05  5.5826E+01  2.6506E+05  2.6500E+05  3.4175E+05  7.6748E+04  1.8100E-05
  3 4.1829E-05 7.1543E+01  3.8889E+01 -2.6496E+05  9.9287E+01  2.6506E+05  2.6500E+05  3.4175E+05  7.6748E+04  1.4672E-04
  4 4.9298E-05 7.0403E+01  6.4195E+01 -2.6493E+05  1.3303E+02  2.6507E+05  2.6500E+05  3.4175E+05  7.6748E+04  2.4218E-04
  5 5.8028E-05 6.9264E+01  8.1582E+01 -2.6491E+05  1.5991E+02  2.6507E+05  2.6499E+05  3.4174E+05  7.6748E+04  3.0777E-04
  6 6.8218E-05 6.8126E+01  9.3307E+01 -2.6490E+05  1.8253E+02  2.6508E+05  2.6499E+05  3.4174E+05  7.6748E+04  3.5200E-04
  7 8.0096E-05 6.6990E+01  1.0143E+02 -2.6488E+05  2.0317E+02  2.6509E+05  2.6498E+05  3.4173E+05  7.6747E+04  3.8261E-04
  8 9.3924E-05 6.5855E+01  1.0738E+02 -2.6487E+05  2.2355E+02  2.6509E+05  2.6498E+05  3.4173E+05  7.6747E+04  4.0507E-04
  9 1.1000E-04 6.4722E+01  1.1207E+02 -2.6486E+05  2.4489E+02  2.6510E+05  2.6497E+05  3.4172E+05  7.6746E+04  4.2274E-04
 10 1.2867E-04 6.3590E+01  1.1599E+02 -2.6484E+05  2.6826E+02  2.6511E+05  2.6496E+05  3.4171E+05  7.6746E+04  4.3753E-04
 11 1.5031E-04 6.2460E+01  1.1935E+02 -2.6483E+05  2.9437E+02  2.6512E+05  2.6495E+05  3.4169E+05  7.6745E+04  4.5017E-04
 12 1.7537E-04 6.1332E+01  1.2214E+02 -2.6481E+05  3.2394E+02  2.6513E+05  2.6493E+05  3.4167E+05  7.6745E+04  4.6068E-04
 13 2.0436E-04 6.0205E+01  1.2425E+02 -2.6478E+05  3.5766E+02  2.6514E+05  2.6491E+05  3.4165E+05  7.6744E+04  4.6861E-04
 14 2.3783E-04 5.9080E+01  1.2545E+02 -2.6476E+05  3.9626E+02  2.6515E+05  2.6488E+05  3.4163E+05  7.6743E+04  4.7311E-04
 15 2.7644E-04 5.7958E+01  1.2543E+02 -2.6473E+05  4.4056E+02  2.6517E+05  2.6485E+05  3.4159E+05  7.6742E+04  4.7304E-04
 16 3.2092E-04 5.6838E+01  1.2380E+02 -2.6469E+05  4.9149E+02  2.6518E+05  2.6481E+05  3.4155E+05  7.6741E+04  4.6686E-04
 17 3.7207E-04 5.5721E+01  1.2012E+02 -2.6464E+05  5.4990E+02  2.6519E+05  2.6476E+05  3.4150E+05  7.6740E+04  4.5295E-04
 18 4.3085E-04 5.4607E+01  1.1379E+02 -2.6459E+05  6.1694E+02  2.6520E+05  2.6470E+05  3.4144E+05  7.6739E+04  4.2908E-04
 19 4.9827E-04 5.3495E+01  1.0455E+02 -2.6452E+05  6.9377E+02  2.6522E+05  2.6463E+05  3.4136E+05  7.6737E+04  3.9421E-04
 20 5.7552E-04 5.2386E+01  9.2059E+01 -2.6445E+05  7.8158E+02  2.6523E+05  2.6454E+05  3.4127E+05  7.6736E+04  3.4709E-04
 21 6.6391E-04 5.1281E+01  7.5919E+01 -2.6436E+05  8.8157E+02  2.6524E+05  2.6443E+05  3.4117E+05  7.6734E+04  2.8623E-04
 22 7.6491E-04 5.0179E+01  5.6663E+01 -2.6425E+05  9.9489E+02  2.6525E+05  2.6431E+05  3.4104E+05  7.6732E+04  2.1362E-04
 23 8.8016E-04 4.9081E+01  3.4773E+01 -2.6413E+05  1.1223E+03  2.6525E+05  2.6416E+05  3.4089E+05  7.6731E+04  1.3109E-04
 24 1.0115E-03 4.7986E+01  1.2865E+01 -2.6398E+05  1.2648E+03  2.6525E+05  2.6400E+05  3.4073E+05  7.6729E+04  4.8500E-05
 25 1.1610E-03 4.6895E+01 -4.5054E+00 -2.6381E+05  1.4220E+03  2.6524E+05  2.6381E+05  3.4054E+05  7.6727E+04 -1.6986E-05
 26 1.3309E-03 4.5810E+01 -1.5817E+01 -2.6362E+05  1.5908E+03  2.6521E+05  2.6360E+05  3.4033E+05  7.6726E+04 -5.9641E-05
 27 1.5237E-03 4.4735E+01 -2.2555E+01 -2.6339E+05  1.7668E+03  2.6516E+05  2.6337E+05  3.4010E+05  7.6724E+04 -8.5062E-05
 28 1.7423E-03 4.3671E+01 -2.6579E+01 -2.6315E+05  1.9457E+03  2.6510E+05  2.6313E+05  3.3985E+05  7.6723E+04 -1.0026E-04
 29 1.9897E-03 4.2622E+01 -2.8914E+01 -2.6290E+05  2.1239E+03  2.6502E+05  2.6287E+05  3.3959E+05  7.6722E+04 -1.0910E-04
 30 2.2694E-03 4.1590E+01 -2.9718E+01 -2.6263E+05  2.2998E+03  2.6493E+05  2.6260E+05  3.3932E+05  7.6721E+04 -1.1217E-04
 31 2.5851E-03 4.0576E+01 -2.9046E+01 -2.6235E+05  2.4729E+03  2.6482E+05  2.6232E+05  3.3904E+05  7.6721E+04 -1.0968E-04
 32 2.9411E-03 3.9581E+01 -2.6956E+01 -2.6206E+05  2.6436E+03  2.6470E+05  2.6203E+05  3.3876E+05  7.6721E+04 -1.0183E-04
 33 3.3418E-03 3.8605E+01 -2.4080E+01 -2.6177E+05  2.8124E+03  2.6458E+05  2.6174E+05  3.3847E+05  7.6722E+04 -9.1013E-05
 34 3.7924E-03 3.7650E+01 -2.1330E+01 -2.6147E+05  2.9803E+03  2.6445E+05  2.6145E+05  3.3817E+05  7.6724E+04 -8.0656E-05
 35 4.2983E-03 3.6714E+01 -1.9425E+01 -2.6117E+05  3.1488E+03  2.6431E+05  2.6115E+05  3.3787E+05  7.6726E+04 -7.3490E-05
 36 4.8656E-03 3.5798E+01 -1.8547E+01 -2.6085E+05  3.3202E+03  2.6417E+05  2.6083E+05  3.3756E+05  7.6729E+04 -7.0207E-05
 37 5.5008E-03 3.4901E+01 -1.8731E+01 -2.6053E+05  3.4973E+03  2.6403E+05  2.6051E+05  3.3725E+05  7.6732E+04 -7.0944E-05
 38 6.2110E-03 3.4024E+01 -1.9305E+01 -2.6020E+05  3.6831E+03  2.6389E+05  2.6018E+05  3.3692E+05  7.6737E+04 -7.3156E-05
 39 7.0042E-03 3.3166E+01 -1.9619E+01 -2.5986E+05  3.8801E+03  2.6374E+05  2.5984E+05  3.3659E+05  7.6742E+04 -7.4385E-05
 40 7.8887E-03 3.2326E+01 -1.9343E+01 -2.5952E+05  4.0900E+03  2.6361E+05  2.5950E+05  3.3624E+05  7.6748E+04 -7.3378E-05
 41 8.8736E-03 3.1505E+01 -1.8851E+01 -2.5916E+05  4.3128E+03  2.6347E+05  2.5914E+05  3.3590E+05  7.6755E+04 -7.1548E-05
 42 9.9690E-03 3.0701E+01 -1.7515E+01 -2.5880E+05  4.5490E+03  2.6335E+05  2.5878E+05  3.3555E+05  7.6763E+04 -6.6509E-05
 43 1.1186E-02 2.9913E+01 -1.0277E+01 -2.5843E+05  4.8024E+03  2.6323E+05  2.5842E+05  3.3519E+05  7.6771E+04 -3.9043E-05
 44 1.2535E-02 2.9140E+01 -4.1809E+00 -2.5806E+05  5.0678E+03  2.6313E+05  2.5806E+05  3.3484E+05  7.6779E+04 -1.5889E-05
 45 1.4029E-02 2.8383E+01  2.2161E-01 -2.5770E+05  5.3432E+03  2.6304E+05  2.5770E+05  3.3449E+05  7.6786E+04  8.4248E-07
 46 1.5681E-02 2.7639E+01  2.9651E+00 -2.5734E+05  5.6271E+03  2.6297E+05  2.5735E+05  3.3414E+05  7.6793E+04  1.1275E-05
 47 1.7506E-02 2.6908E+01  3.8694E+00 -2.5699E+05  5.9184E+03  2.6291E+05  2.5699E+05  3.3379E+05  7.6798E+04  1.4718E-05
 48 1.9519E-02 2.6191E+01  3.0124E+00 -2.5664E+05  6.2169E+03  2.6286E+05  2.5665E+05  3.3345E+05  7.6800E+04  1.1460E-05
 49 2.1736E-02 2.5486E+01  8.3897E-01 -2.5630E+05  6.5233E+03  2.6283E+05  2.5630E+05  3.3310E+05  7.6800E+04  3.1921E-06
 50 2.4174E-02 2.4792E+01 -2.2262E+00 -2.5596E+05  6.8389E+03  2.6280E+05  2.5596E+05  3.3276E+05  7.6796E+04 -8.4710E-06
 51 2.6852E-02 2.4111E+01 -5.8498E+00 -2.5563E+05  7.1656E+03  2.6279E+05  2.5562E+05  3.3241E+05  7.6787E+04 -2.2260E-05
 52 2.9789E-02 2.3442E+01 -9.2750E+00 -2.5530E+05  7.5051E+03  2.6280E+05  2.5529E+05  3.3206E+05  7.6773E+04 -3.5293E-05
 53 3.3005E-02 2.2784E+01 -1.2235E+01 -2.5497E+05  7.8590E+03  2.6282E+05  2.5495E+05  3.3171E+05  7.6754E+04 -4.6551E-05
 54 3.6523E-02 2.2137E+01 -1.5306E+01 -2.5464E+05  8.2283E+03  2.6287E+05  2.5462E+05  3.3135E+05  7.6728E+04 -5.8226E-05
 55 4.0364E-02 2.1502E+01 -1.7562E+01 -2.5431E+05  8.6138E+03  2.6293E+05  2.5430E+05  3.3099E+05  7.6695E+04 -6.6794E-05
 56 4.4553E-02 2.0877E+01 -1.8185E+01 -2.5400E+05  9.0164E+03  2.6301E+05  2.5398E+05  3.3063E+05  7.6654E+04 -6.9141E-05
 57 4.9116E-02 2.0263E+01 -1.6576E+01 -2.5368E+05  9.4371E+03  2.6312E+05  2.5367E+05  3.3027E+05  7.6605E+04 -6.2998E-05
 58 5.4077E-02 1.9660E+01 -1.3919E+01 -2.5338E+05  9.8758E+03  2.6326E+05  2.5337E+05  3.2991E+05  7.6546E+04 -5.2871E-05
 59 5.9464E-02 1.9066E+01 -8.8383E+00 -2.5308E+05  1.0332E+04  2.6342E+05  2.5308E+05  3.2955E+05  7.6478E+04 -3.3553E-05
 60 6.5306E-02 1.8483E+01 -3.2272E+00 -2.5280E+05  1.0804E+04  2.6360E+05  2.5280E+05  3.2920E+05  7.6399E+04 -1.2242E-05
 61 7.1631E-02 1.7909E+01  2.3367E+00 -2.5253E+05  1.1288E+04  2.6382E+05  2.5253E+05  3.2884E+05  7.6309E+04  8.8571E-06
 62 7.8470E-02 1.7344E+01  5.4492E+00 -2.5227E+05  1.1783E+04  2.6406E+05  2.5228E+05  3.2849E+05  7.6208E+04  2.0636E-05
 63 8.5853E-02 1.6788E+01  5.6167E+00 -2.5203E+05  1.2287E+04  2.6432E+05  2.5204E+05  3.2813E+05  7.6094E+04  2.1250E-05
 64 9.3813E-02 1.6241E+01  4.9207E+00 -2.5180E+05  1.2801E+04  2.6460E+05  2.5180E+05  3.2777E+05  7.5968E+04  1.8597E-05
 65 1.0238E-01 1.5702E+01  7.7349E+00 -2.5157E+05  1.3326E+04  2.6490E+05  2.5158E+05  3.2740E+05  7.5828E+04  2.9200E-05
 66 1.1159E-01 1.5173E+01 -1.3106E+01 -2.5137E+05  1.3878E+04  2.6525E+05  2.5136E+05  3.2703E+05  7.5675E+04 -4.9409E-05
 67 1.2148E-01 1.4651E+01 -2.9574E+01 -2.5118E+05  1.4440E+04  2.6562E+05  2.5115E+05  3.2665E+05  7.5507E+04 -1.1134E-04
 68 1.3207E-01 1.4137E+01 -3.9273E+01 -2.5098E+05  1.5023E+04  2.6600E+05  2.5094E+05  3.2627E+05  7.5325E+04 -1.4764E-04
 69 1.4341E-01 1.3631E+01 -4.0315E+01 -2.5078E+05  1.5632E+04  2.6641E+05  2.5074E+05  3.2587E+05  7.5129E+04 -1.5133E-04
 70 1.5553E-01 1.3133E+01 -2.9714E+01 -2.5056E+05  1.6278E+04  2.6684E+05  2.5053E+05  3.2545E+05  7.4919E+04 -1.1135E-04
 71 1.6845E-01 1.2643E+01 -1.1421E+01 -2.5034E+05  1.6964E+04  2.6730E+05  2.5033E+05  3.2502E+05  7.4693E+04 -4.2725E-05
 72 1.8222E-01 1.2159E+01  5.9595E+00 -2.5012E+05  1.7696E+04  2.6781E+05  2.5012E+05  3.2458E+05  7.4453E+04  2.2252E-05
 73 1.9687E-01 1.1683E+01  1.4918E+01 -2.4990E+05  1.8481E+04  2.6838E+05  2.4991E+05  3.2411E+05  7.4198E+04  5.5585E-05
 74 2.1243E-01 1.1213E+01  2.3566E+01 -2.4966E+05  1.9352E+04  2.6902E+05  2.4969E+05  3.2362E+05  7.3929E+04  8.7599E-05
 75 2.2893E-01 1.0750E+01  5.0336E+01 -2.4940E+05  2.0381E+04  2.6978E+05  2.4945E+05  3.2309E+05  7.3644E+04  1.8658E-04
 76 2.4640E-01 1.0293E+01  2.7100E+01 -2.4916E+05  2.1553E+04  2.7072E+05  2.4919E+05  3.2253E+05  7.3345E+04  1.0010E-04
 77 2.6487E-01 9.8417E+00 -7.2788E+01 -2.4899E+05  2.2939E+04  2.7193E+05  2.4892E+05  3.2195E+05  7.3030E+04 -2.6768E-04
 78 2.8436E-01 9.3938E+00 -7.9455E+01 -2.4869E+05  2.4881E+04  2.7357E+05  2.4861E+05  3.2131E+05  7.2700E+04 -2.9043E-04
 79 3.0490E-01 8.9461E+00  5.1959E+02 -2.4773E+05  2.7851E+04  2.7558E+05  2.4825E+05  3.2060E+05  7.2355E+04  1.8854E-03
 80 3.2652E-01 8.4980E+00  2.1220E+03 -2.4565E+05  3.2202E+04  2.7785E+05  2.4777E+05  3.1977E+05  7.1994E+04  7.6371E-03
 81 3.4923E-01 8.0498E+00  4.8135E+03 -2.4232E+05  3.8104E+04  2.8042E+05  2.4713E+05  3.1875E+05  7.1617E+04  1.7165E-02
 82 3.7304E-01 7.6019E+00  8.5626E+03 -2.3772E+05  4.5603E+04  2.8333E+05  2.4629E+05  3.1751E+05  7.1225E+04  3.0221E-02
 83 3.9798E-01 7.1549E+00  1.3184E+04 -2.3202E+05  5.4569E+04  2.8659E+05  2.4520E+05  3.1602E+05  7.0817E+04  4.6004E-02
 84 4.2405E-01 6.7092E+00  1.8433E+04 -2.2541E+05  6.4795E+04  2.9021E+05  2.4385E+05  3.1424E+05  7.0395E+04  6.3515E-02
 85 4.5126E-01 6.2654E+00  2.4097E+04 -2.1809E+05  7.6102E+04  2.9419E+05  2.4219E+05  3.1214E+05  6.9958E+04  8.1909E-02
 86 4.7961E-01 5.8239E+00  2.9913E+04 -2.1028E+05  8.8232E+04  2.9851E+05  2.4019E+05  3.0970E+05  6.9507E+04  1.0021E-01
 87 5.0910E-01 5.3855E+00  3.5749E+04 -2.0215E+05  1.0101E+05  3.0315E+05  2.3789E+05  3.0694E+05  6.9045E+04  1.1793E-01
 88 5.3972E-01 4.9506E+00  4.1570E+04 -1.9377E+05  1.1428E+05  3.0804E+05  2.3534E+05  3.0391E+05  6.8571E+04  1.3495E-01
 89 5.7147E-01 4.5199E+00  4.7408E+04 -1.8516E+05  1.2799E+05  3.1315E+05  2.3257E+05  3.0065E+05  6.8088E+04  1.5139E-01
 90 6.0431E-01 4.0938E+00  5.3171E+04 -1.7642E+05  1.4201E+05  3.1843E+05  2.2959E+05  2.9719E+05  6.7599E+04  1.6698E-01
 91 6.3824E-01 3.6729E+00  5.8786E+04 -1.6765E+05  1.5619E+05  3.2384E+05  2.2644E+05  2.9355E+05  6.7107E+04  1.8152E-01
 92 6.7323E-01 3.2576E+00  6.4249E+04 -1.5890E+05  1.7047E+05  3.2937E+05  2.2314E+05  2.8976E+05  6.6616E+04  1.9507E-01
 93 7.0924E-01 2.8484E+00  6.9456E+04 -1.5029E+05  1.8470E+05  3.3499E+05  2.1975E+05  2.8588E+05  6.6131E+04  2.0734E-01
 94 7.4623E-01 2.4456E+00  7.4161E+04 -1.4212E+05  1.9863E+05  3.4075E+05  2.1628E+05  2.8194E+05  6.5657E+04  2.1764E-01
 95 7.8417E-01 2.0495E+00  7.8356E+04 -1.3440E+05  2.1251E+05  3.4691E+05  2.1276E+05  2.7796E+05  6.5202E+04  2.2587E-01
 96 8.2299E-01 1.6603E+00  8.2262E+04 -1.2691E+05  2.2623E+05  3.5315E+05  2.0917E+05  2.7395E+05  6.4778E+04  2.3294E-01
 97 8.6265E-01 1.2782E+00  8.5924E+04 -1.1969E+05  2.3969E+05  3.5937E+05  2.0561E+05  2.7000E+05  6.4393E+04  2.3910E-01
 98 9.0308E-01 9.0359E-01  8.9709E+04 -1.1234E+05  2.5313E+05  3.6547E+05  2.0205E+05  2.6611E+05  6.4064E+04  2.4546E-01
 99 9.4422E-01 5.3668E-01  9.3946E+04 -1.0454E+05  2.6682E+05  3.7136E+05  1.9849E+05  2.6230E+05  6.3814E+04  2.5298E-01
100 9.8598E-01 1.7775E-01  9.9220E+04 -9.5679E+04  2.8087E+05  3.7655E+05  1.9490E+05  2.5858E+05  6.3676E+04  2.6350E-01
101 1.0283E+00 0.0000E+00  1.0574E+05 -8.5422E+04  2.9357E+05  3.7900E+05  1.9116E+05  2.5488E+05  6.3721E+04  2.7900E-01

 NST=     2 JCONV=  2 CHG=2.09E-04 dt0=1.00E+04 DIVF(1)= 3.32E-04 DIVFrms= 3.32E-04 DT(ND)=-1.27E-02 T(ND)=2.8621E+02
 NST=     3 JCONV=  2 CHG=1.30E-03 dt0=1.00E+04 DIVF(1)= 4.11E-04 DIVFrms= 4.11E-04 DT(ND)= 2.96E-02 T(ND)=2.8624E+02
 NST=     4 JCONV=  2 CHG=6.00E-04 dt0=1.00E+04 DIVF(1)= 2.64E-04 DIVFrms= 2.64E-04 DT(ND)= 1.70E-02 T(ND)=2.8626E+02
 NST=     5 JCONV=  2 CHG=3.26E-04 dt0=1.00E+04 DIVF(1)= 1.73E-04 DIVFrms= 1.73E-04 DT(ND)= 1.12E-02 T(ND)=2.8627E+02
 NST=     6 JCONV=  2 CHG=5.43E-04 dt0=1.00E+04 DIVF(1)= 1.11E-04 DIVFrms= 1.11E-04 DT(ND)= 7.78E-03 T(ND)=2.8628E+02
 NST=     7 JCONV=  2 CHG=2.79E-04 dt0=1.00E+04 DIVF(1)= 5.56E-05 DIVFrms= 5.56E-05 DT(ND)= 5.67E-03 T(ND)=2.8629E+02
 NST=     8 JCONV=  2 CHG=1.44E-04 dt0=1.00E+04 DIVF(1)= 3.69E-05 DIVFrms= 3.69E-05 DT(ND)= 5.96E-03 T(ND)=2.8629E+02
 NST=     9 JCONV=  2 CHG=1.40E-04 dt0=1.00E+04 DIVF(1)= 5.27E-05 DIVFrms= 5.27E-05 DT(ND)= 4.58E-03 T(ND)=2.8630E+02
 NST=    10 JCONV=  2 CHG=1.07E-04 dt0=1.00E+04 DIVF(1)= 1.38E-05 DIVFrms= 1.38E-05 DT(ND)= 3.50E-03 T(ND)=2.8630E+02
 NST=    11 JCONV=  2 CHG=1.03E-04 dt0=1.00E+04 DIVF(1)= 7.20E-06 DIVFrms= 7.20E-06 DT(ND)= 2.53E-03 T(ND)=2.8630E+02
 NST=    12 JCONV=  2 CHG=5.01E-05 dt0=1.00E+04 DIVF(1)=-2.09E-05 DIVFrms= 2.09E-05 DT(ND)= 1.85E-03 T(ND)=2.8630E+02
 NST=    13 JCONV=  2 CHG=3.96E-05 dt0=1.00E+04 DIVF(1)=-3.20E-05 DIVFrms= 3.20E-05 DT(ND)= 1.60E-03 T(ND)=2.8631E+02
 NST=    14 JCONV=  2 CHG=3.42E-05 dt0=1.00E+04 DIVF(1)=-4.14E-05 DIVFrms= 4.14E-05 DT(ND)= 1.17E-03 T(ND)=2.8631E+02
 NST=    15 JCONV=  2 CHG=3.08E-05 dt0=1.00E+04 DIVF(1)=-4.85E-05 DIVFrms= 4.85E-05 DT(ND)= 8.61E-04 T(ND)=2.8631E+02
 NST=    16 JCONV=  2 CHG=2.84E-05 dt0=1.00E+04 DIVF(1)=-5.37E-05 DIVFrms= 5.37E-05 DT(ND)= 6.43E-04 T(ND)=2.8631E+02
 NST=    17 JCONV=  2 CHG=2.65E-05 dt0=1.00E+04 DIVF(1)=-5.77E-05 DIVFrms= 5.77E-05 DT(ND)= 4.84E-04 T(ND)=2.8631E+02
 NST=    18 JCONV=  2 CHG=5.46E-04 dt0=1.00E+04 DIVF(1)=-6.06E-05 DIVFrms= 6.06E-05 DT(ND)= 3.68E-04 T(ND)=2.8631E+02
 NST=    19 JCONV=  2 CHG=2.77E-04 dt0=1.00E+04 DIVF(1)=-6.89E-05 DIVFrms= 6.89E-05 DT(ND)= 2.83E-04 T(ND)=2.8631E+02
 NST=    20 JCONV=  2 CHG=1.41E-04 dt0=1.00E+04 DIVF(1)=-6.18E-05 DIVFrms= 6.18E-05 DT(ND)= 2.20E-04 T(ND)=2.8631E+02
 NST=    21 JCONV=  2 CHG=1.42E-04 dt0=1.00E+04 DIVF(1)=-5.09E-05 DIVFrms= 5.09E-05 DT(ND)= 1.73E-04 T(ND)=2.8631E+02
 NST=    22 JCONV=  2 CHG=1.08E-04 dt0=1.00E+04 DIVF(1)=-6.52E-05 DIVFrms= 6.52E-05 DT(ND)= 1.39E-04 T(ND)=2.8631E+02
 NST=    23 JCONV=  2 CHG=1.04E-04 dt0=1.00E+04 DIVF(1)=-5.27E-05 DIVFrms= 5.27E-05 DT(ND)= 1.15E-04 T(ND)=2.8631E+02
 NST=    24 JCONV=  2 CHG=5.08E-05 dt0=1.00E+04 DIVF(1)=-6.69E-05 DIVFrms= 6.69E-05 DT(ND)= 9.74E-05 T(ND)=2.8631E+02
 NST=    25 JCONV=  2 CHG=4.01E-05 dt0=1.00E+04 DIVF(1)=-6.79E-05 DIVFrms= 6.79E-05 DT(ND)= 8.45E-05 T(ND)=2.8631E+02
 NST=    26 JCONV=  2 CHG=3.46E-05 dt0=1.00E+04 DIVF(1)=-6.89E-05 DIVFrms= 6.89E-05 DT(ND)= 7.43E-05 T(ND)=2.8631E+02
 NST=    27 JCONV=  2 CHG=3.11E-05 dt0=1.00E+04 DIVF(1)=-6.97E-05 DIVFrms= 6.97E-05 DT(ND)= 6.64E-05 T(ND)=2.8631E+02
 NST=    28 JCONV=  2 CHG=2.86E-05 dt0=1.00E+04 DIVF(1)=-7.03E-05 DIVFrms= 7.03E-05 DT(ND)= 6.03E-05 T(ND)=2.8631E+02
 NST=    29 JCONV=  2 CHG=2.67E-05 dt0=1.00E+04 DIVF(1)=-7.08E-05 DIVFrms= 7.08E-05 DT(ND)= 5.58E-05 T(ND)=2.8631E+02
 NST=    30 JCONV=  2 CHG=5.48E-04 dt0=1.00E+04 DIVF(1)=-7.14E-05 DIVFrms= 7.14E-05 DT(ND)= 5.24E-05 T(ND)=2.8631E+02
 NST=    31 JCONV=  2 CHG=2.78E-04 dt0=1.00E+04 DIVF(1)=-7.78E-05 DIVFrms= 7.78E-05 DT(ND)= 4.99E-05 T(ND)=2.8631E+02
 NST=    32 JCONV=  2 CHG=1.41E-04 dt0=1.00E+04 DIVF(1)=-6.94E-05 DIVFrms= 6.94E-05 DT(ND)= 4.77E-05 T(ND)=2.8631E+02
 NST=    33 JCONV=  2 CHG=1.42E-04 dt0=1.00E+04 DIVF(1)=-5.75E-05 DIVFrms= 5.75E-05 DT(ND)= 4.60E-05 T(ND)=2.8631E+02
 NST=    34 JCONV=  2 CHG=1.08E-04 dt0=1.00E+04 DIVF(1)=-7.11E-05 DIVFrms= 7.11E-05 DT(ND)= 4.56E-05 T(ND)=2.8631E+02
 NST=    35 JCONV=  2 CHG=1.04E-04 dt0=1.00E+04 DIVF(1)=-5.80E-05 DIVFrms= 5.80E-05 DT(ND)= 4.60E-05 T(ND)=2.8631E+02
 NST=    36 JCONV=  2 CHG=5.09E-05 dt0=1.00E+04 DIVF(1)=-7.18E-05 DIVFrms= 7.18E-05 DT(ND)= 4.65E-05 T(ND)=2.8631E+02
 NST=    37 JCONV=  2 CHG=4.02E-05 dt0=1.00E+04 DIVF(1)=-7.26E-05 DIVFrms= 7.26E-05 DT(ND)= 4.70E-05 T(ND)=2.8631E+02
 NST=    38 JCONV=  2 CHG=3.47E-05 dt0=1.00E+04 DIVF(1)=-7.33E-05 DIVFrms= 7.33E-05 DT(ND)= 4.68E-05 T(ND)=2.8631E+02
 NST=    39 JCONV=  2 CHG=3.12E-05 dt0=1.00E+04 DIVF(1)=-7.39E-05 DIVFrms= 7.39E-05 DT(ND)= 4.62E-05 T(ND)=2.8631E+02
 NST=    40 JCONV=  2 CHG=2.87E-05 dt0=1.00E+04 DIVF(1)=-7.44E-05 DIVFrms= 7.44E-05 DT(ND)= 4.56E-05 T(ND)=2.8631E+02
 NST=    41 JCONV=  2 CHG=2.68E-05 dt0=1.00E+04 DIVF(1)=-7.49E-05 DIVFrms= 7.49E-05 DT(ND)= 4.51E-05 T(ND)=2.8631E+02
 NST=    42 JCONV=  2 CHG=5.49E-04 dt0=1.00E+04 DIVF(1)=-7.54E-05 DIVFrms= 7.54E-05 DT(ND)= 4.46E-05 T(ND)=2.8631E+02
 NST=    43 JCONV=  2 CHG=2.79E-04 dt0=1.00E+04 DIVF(1)=-8.19E-05 DIVFrms= 8.19E-05 DT(ND)= 4.43E-05 T(ND)=2.8631E+02
 NST=    44 JCONV=  2 CHG=1.42E-04 dt0=1.00E+04 DIVF(1)=-7.34E-05 DIVFrms= 7.34E-05 DT(ND)= 4.38E-05 T(ND)=2.8631E+02
 NST=    45 JCONV=  2 CHG=1.42E-04 dt0=1.00E+04 DIVF(1)=-6.15E-05 DIVFrms= 6.15E-05 DT(ND)= 4.32E-05 T(ND)=2.8631E+02
 NST=    46 JCONV=  2 CHG=1.09E-04 dt0=1.00E+04 DIVF(1)=-7.50E-05 DIVFrms= 7.50E-05 DT(ND)= 4.37E-05 T(ND)=2.8631E+02
 NST=    47 JCONV=  2 CHG=1.04E-04 dt0=1.00E+04 DIVF(1)=-6.20E-05 DIVFrms= 6.20E-05 DT(ND)= 2.78E-04 T(ND)=2.8631E+02
 NST=    48 JCONV=  2 CHG=5.11E-05 dt0=1.00E+04 DIVF(1)=-7.70E-05 DIVFrms= 7.70E-05 DT(ND)= 1.96E-04 T(ND)=2.8631E+02
 NST=    49 JCONV=  2 CHG=4.03E-05 dt0=1.00E+04 DIVF(1)=-7.86E-05 DIVFrms= 7.86E-05 DT(ND)= 1.43E-04 T(ND)=2.8631E+02
 NST=    50 JCONV=  2 CHG=3.48E-05 dt0=1.00E+04 DIVF(1)=-7.97E-05 DIVFrms= 7.97E-05 DT(ND)= 1.13E-04 T(ND)=2.8631E+02

 TIME= 4.925E+05  TIME IN DAYS = 5.700E+00

 PLANETARY ALBEDO:  ALBP = 0.2246

  J     P         ALT         T        CONVEC       DT          TOLD        FH20       FSAVE        FO3        TCOOL       THEAT
  1 3.2610E-05 7.3807E+01 2.2691E+02  0.00E+00   4.6458E-06  2.2691E+02  5.4096E-06  5.4096E-06  1.5494E-07 -7.8740E+01  3.7734E+01
  2 3.8506E-05 7.2666E+01 2.2833E+02  1.00E+00   4.1334E-06  2.2833E+02  5.6033E-06  5.6033E-06  1.9836E-07 -5.0107E+01  5.5837E+00
  3 4.5410E-05 7.1527E+01 2.2982E+02  1.00E+00   1.5763E-06  2.2982E+02  5.7811E-06  5.7811E-06  2.4798E-07 -3.1245E+01  3.1714E+00
  4 5.3485E-05 7.0389E+01 2.3139E+02  1.00E+00  -3.2411E-06  2.3139E+02  5.9332E-06  5.9332E-06  2.9938E-07 -1.9581E+01  3.1817E+00
  5 6.2917E-05 6.9253E+01 2.3302E+02  1.00E+00  -9.9946E-06  2.3302E+02  6.0696E-06  6.0696E-06  3.5183E-07 -1.2883E+01  3.4136E+00
  6 7.3919E-05 6.8118E+01 2.3471E+02  1.00E+00  -1.8176E-05  2.3471E+02  6.1931E-06  6.1931E-06  4.0667E-07 -9.2957E+00  3.6724E+00
  7 8.6735E-05 6.6984E+01 2.3643E+02  1.00E+00  -2.7240E-05  2.3643E+02  6.3065E-06  6.3065E-06  4.6665E-07 -7.5056E+00  3.9571E+00
  8 1.0165E-04 6.5851E+01 2.3818E+02  1.00E+00  -3.6664E-05  2.3818E+02  6.4018E-06  6.4018E-06  5.3276E-07 -6.6795E+00  4.2741E+00
  9 1.1897E-04 6.4719E+01 2.3995E+02  1.00E+00  -4.5977E-05  2.3995E+02  6.4918E-06  6.4918E-06  6.0706E-07 -6.3797E+00  4.6439E+00
 10 1.3907E-04 6.3589E+01 2.4171E+02  1.00E+00  -5.4789E-05  2.4171E+02  6.5696E-06  6.5696E-06  6.8932E-07 -6.3374E+00  5.0512E+00
 11 1.6236E-04 6.2459E+01 2.4347E+02  1.00E+00  -6.2816E-05  2.4347E+02  6.6374E-06  6.6374E-06  7.8068E-07 -6.4213E+00  5.4958E+00
 12 1.8931E-04 6.1331E+01 2.4522E+02  1.00E+00  -6.9885E-05  2.4522E+02  6.6967E-06  6.6967E-06  8.8031E-07 -6.5723E+00  5.9678E+00
 13 2.2046E-04 6.0205E+01 2.4695E+02  1.00E+00  -7.5936E-05  2.4695E+02  6.7518E-06  6.7518E-06  9.8976E-07 -6.7626E+00  6.4652E+00
 14 2.5641E-04 5.9081E+01 2.4866E+02  1.00E+00  -8.1000E-05  2.4866E+02  6.7967E-06  6.7967E-06  1.1099E-06 -6.9790E+00  6.9824E+00
 15 2.9785E-04 5.7959E+01 2.5036E+02  1.00E+00  -8.5182E-05  2.5036E+02  6.8416E-06  6.8416E-06  1.2446E-06 -7.2131E+00  7.5199E+00
 16 3.4555E-04 5.6839E+01 2.5204E+02  1.00E+00  -8.8629E-05  2.5204E+02  6.8782E-06  6.8782E-06  1.3872E-06 -7.4405E+00  8.0411E+00
 17 4.0038E-04 5.5722E+01 2.5370E+02  1.00E+00  -9.1499E-05  2.5370E+02  6.9111E-06  6.9111E-06  1.5539E-06 -7.6851E+00  8.5828E+00
 18 4.6333E-04 5.4607E+01 2.5535E+02  1.00E+00  -9.3945E-05  2.5535E+02  6.9429E-06  6.9429E-06  1.7325E-06 -7.9357E+00  9.0794E+00
 19 5.3550E-04 5.3495E+01 2.5699E+02  1.00E+00  -9.6091E-05  2.5699E+02  6.9651E-06  6.9651E-06  1.9303E-06 -8.1838E+00  9.5330E+00
 20 6.1814E-04 5.2386E+01 2.5862E+02  1.00E+00  -9.8030E-05  2.5862E+02  6.9873E-06  6.9873E-06  2.1594E-06 -8.4289E+00  9.9541E+00
 21 7.1262E-04 5.1281E+01 2.6024E+02  1.00E+00  -9.9819E-05  2.6024E+02  6.9994E-06  6.9994E-06  2.4030E-06 -8.6568E+00  1.0264E+01
 22 8.2051E-04 5.0179E+01 2.6185E+02  1.00E+00  -1.0149E-04  2.6185E+02  7.0014E-06  7.0014E-06  2.6782E-06 -8.8816E+00  1.0485E+01
 23 9.4355E-04 4.9080E+01 2.6346E+02  1.00E+00  -1.0753E-04  2.6346E+02  7.0066E-06  7.0066E-06  2.9736E-06 -9.1547E+00  1.0565E+01
 24 1.0837E-03 4.7985E+01 2.6513E+02  1.00E+00  -9.7839E-05  2.6513E+02  7.0000E-06  7.0000E-06  3.2787E-06 -9.4919E+00  1.0479E+01
 25 1.2430E-03 4.6894E+01 2.6648E+02  0.00E+00  -6.9517E-05  2.6648E+02  6.9829E-06  6.9829E-06  3.6063E-06 -9.6818E+00  1.0252E+01
 26 1.4240E-03 4.5809E+01 2.6716E+02  0.00E+00  -3.4682E-05  2.6716E+02  6.9623E-06  6.9623E-06  3.9597E-06 -9.5867E+00  9.8912E+00
 27 1.6293E-03 4.4733E+01 2.6710E+02  0.00E+00  -4.4636E-06  2.6710E+02  6.9297E-06  6.9297E-06  4.3257E-06 -9.2261E+00  9.3910E+00
 28 1.8619E-03 4.3670E+01 2.6632E+02  0.00E+00   1.3757E-05  2.6632E+02  6.8952E-06  6.8952E-06  4.6854E-06 -8.6803E+00  8.7693E+00
 29 2.1249E-03 4.2621E+01 2.6493E+02  0.00E+00   1.7301E-05  2.6493E+02  6.8422E-06  6.8422E-06  5.0184E-06 -8.0359E+00  8.0693E+00
 30 2.4221E-03 4.1589E+01 2.6307E+02  0.00E+00   7.6096E-06  2.6307E+02  6.7803E-06  6.7803E-06  5.3217E-06 -7.3669E+00  7.3579E+00
 31 2.7574E-03 4.0575E+01 2.6086E+02  0.00E+00  -1.0589E-05  2.6086E+02  6.7094E-06  6.7094E-06  5.5784E-06 -6.7141E+00  6.6730E+00
 32 3.1350E-03 3.9580E+01 2.5844E+02  0.00E+00  -3.1249E-05  2.5844E+02  6.6363E-06  6.6363E-06  5.7905E-06 -6.1014E+00  6.0486E+00
 33 3.5600E-03 3.8604E+01 2.5587E+02  0.00E+00  -4.9099E-05  2.5587E+02  6.5554E-06  6.5554E-06  5.9604E-06 -5.5408E+00  5.4964E+00
 34 4.0374E-03 3.7648E+01 2.5322E+02  0.00E+00  -6.1246E-05  2.5322E+02  6.4618E-06  6.4618E-06  6.0942E-06 -5.0401E+00  5.0151E+00
 35 4.5732E-03 3.6713E+01 2.5051E+02  0.00E+00  -6.7759E-05  2.5051E+02  6.3762E-06  6.3762E-06  6.2045E-06 -4.6040E+00  4.5977E+00
 36 5.1734E-03 3.5796E+01 2.4777E+02  0.00E+00  -7.0916E-05  2.4777E+02  6.2755E-06  6.2755E-06  6.2963E-06 -4.2217E+00  4.2309E+00
 37 5.8451E-03 3.4900E+01 2.4501E+02  0.00E+00  -7.3775E-05  2.4501E+02  6.1779E-06  6.1779E-06  6.3680E-06 -3.8863E+00  3.9000E+00
 38 6.5957E-03 3.4023E+01 2.4227E+02  0.00E+00  -7.8757E-05  2.4227E+02  6.0726E-06  6.0726E-06  6.4145E-06 -3.5833E+00  3.5935E+00
 39 7.4333E-03 3.3165E+01 2.3957E+02  0.00E+00  -8.6666E-05  2.3957E+02  5.9697E-06  5.9697E-06  6.4283E-06 -3.3001E+00  3.3036E+00
 40 8.3667E-03 3.2325E+01 2.3697E+02  0.00E+00  -9.6480E-05  2.3697E+02  5.8690E-06  5.8690E-06  6.3945E-06 -3.0285E+00  3.0243E+00
 41 9.4054E-03 3.1504E+01 2.3451E+02  0.00E+00  -1.0590E-04  2.3451E+02  5.7703E-06  5.7703E-06  6.3154E-06 -2.7687E+00  2.7566E+00
 42 1.0560E-02 3.0700E+01 2.3223E+02  0.00E+00  -1.1243E-04  2.3223E+02  5.6739E-06  5.6739E-06  6.1777E-06 -2.5506E+00  2.4986E+00
 43 1.1841E-02 2.9912E+01 2.3016E+02  0.00E+00  -1.1432E-04  2.3016E+02  5.5793E-06  5.5793E-06  5.9748E-06 -2.2914E+00  2.2516E+00
 44 1.3261E-02 2.9139E+01 2.2830E+02  0.00E+00  -1.1113E-04  2.2830E+02  5.4766E-06  5.4766E-06  5.7273E-06 -2.0490E+00  2.0226E+00
 45 1.4832E-02 2.8382E+01 2.2663E+02  0.00E+00  -1.0374E-04  2.2663E+02  5.3857E-06  5.3857E-06  5.4318E-06 -1.8275E+00  1.8121E+00
 46 1.6569E-02 2.7638E+01 2.2512E+02  0.00E+00  -9.4000E-05  2.2512E+02  5.2964E-06  5.2964E-06  5.1050E-06 -1.6286E+00  1.6232E+00
 47 1.8485E-02 2.6907E+01 2.2375E+02  0.00E+00  -8.4005E-05  2.2375E+02  5.2088E-06  5.2088E-06  4.7540E-06 -1.4528E+00  1.4555E+00
 48 2.0598E-02 2.6190E+01 2.2248E+02  0.00E+00  -7.5523E-05  2.2248E+02  5.1227E-06  5.1227E-06  4.3876E-06 -1.3003E+00  1.3079E+00
 49 2.2923E-02 2.5485E+01 2.2128E+02  0.00E+00  -6.9498E-05  2.2128E+02  5.0380E-06  5.0380E-06  4.0196E-06 -1.1690E+00  1.1793E+00
 50 2.5478E-02 2.4792E+01 2.2013E+02  0.00E+00  -6.5879E-05  2.2013E+02  4.9549E-06  4.9549E-06  3.6607E-06 -1.0557E+00  1.0670E+00
 51 2.8282E-02 2.4110E+01 2.1903E+02  0.00E+00  -6.4053E-05  2.1903E+02  4.8731E-06  4.8731E-06  3.3080E-06 -9.5664E-01  9.6643E-01
 52 3.1356E-02 2.3441E+01 2.1796E+02  0.00E+00  -6.3371E-05  2.1796E+02  4.7990E-06  4.7990E-06  2.9727E-06 -8.6810E-01  8.7591E-01
 53 3.4719E-02 2.2783E+01 2.1691E+02  0.00E+00  -6.2984E-05  2.1691E+02  4.7239E-06  4.7239E-06  2.6643E-06 -7.8634E-01  7.9380E-01
 54 3.8395E-02 2.2136E+01 2.1591E+02  0.00E+00  -6.1490E-05  2.1591E+02  4.6462E-06  4.6462E-06  2.3679E-06 -7.1103E-01  7.1610E-01
 55 4.2407E-02 2.1501E+01 2.1495E+02  0.00E+00  -5.7692E-05  2.1495E+02  4.5750E-06  4.5750E-06  2.0925E-06 -6.4187E-01  6.4323E-01
 56 4.6779E-02 2.0876E+01 2.1404E+02  0.00E+00  -5.2112E-05  2.1404E+02  4.5050E-06  4.5050E-06  1.8383E-06 -5.7804E-01  5.7515E-01
 57 5.1537E-02 2.0262E+01 2.1320E+02  0.00E+00  -4.5873E-05  2.1320E+02  4.4314E-06  4.4314E-06  1.6140E-06 -5.1746E-01  5.1302E-01
 58 5.6707E-02 1.9659E+01 2.1243E+02  0.00E+00  -3.5986E-05  2.1243E+02  4.3708E-06  4.3708E-06  1.3992E-06 -4.6256E-01  4.5467E-01
 59 6.2317E-02 1.9065E+01 2.1175E+02  0.00E+00  -1.6097E-05  2.1175E+02  4.3114E-06  4.3114E-06  1.2082E-06 -4.1032E-01  4.0225E-01
 60 6.8395E-02 1.8482E+01 2.1115E+02  0.00E+00   7.0023E-06  2.1115E+02  4.2530E-06  4.2530E-06  1.0301E-06 -3.6232E-01  3.5490E-01
 61 7.4972E-02 1.7908E+01 2.1063E+02  0.00E+00   3.4819E-05  2.1063E+02  4.1956E-06  4.1956E-06  8.7341E-07 -3.1772E-01  3.1384E-01
 62 8.2078E-02 1.7343E+01 2.1020E+02  0.00E+00   1.8533E-06  2.1020E+02  4.1474E-06  4.1474E-06  7.3393E-07 -2.7885E-01  2.7859E-01
 63 8.9745E-02 1.6787E+01 2.0984E+02  0.00E+00   1.0006E-04  2.0984E+02  4.1029E-06  4.1029E-06  6.0947E-07 -2.4777E-01  2.4839E-01
 64 9.8004E-02 1.6240E+01 2.0954E+02  0.00E+00   1.7414E-04  2.0954E+02  4.0694E-06  4.0694E-06  4.9893E-07 -2.2573E-01  2.2276E-01
 65 1.0689E-01 1.5702E+01 2.0931E+02  0.00E+00   1.7673E-04  2.0931E+02  4.0371E-06  4.0371E-06  4.0362E-07 -1.8120E-01  2.0016E-01
 66 1.1643E-01 1.5172E+01 2.0913E+02  0.00E+00  -1.2871E-04  2.0913E+02  4.0068E-06  4.0068E-06  3.2259E-07 -1.6709E-01  1.8103E-01
 67 1.2666E-01 1.4650E+01 2.0901E+02  0.00E+00   5.1862E-04  2.0901E+02  3.9860E-06  3.9860E-06  2.5613E-07 -1.5794E-01  1.6540E-01
 68 1.3763E-01 1.4136E+01 2.0897E+02  0.00E+00   8.3733E-05  2.0897E+02  3.9654E-06  3.9654E-06  2.0193E-07 -1.5223E-01  1.5255E-01
 69 1.4935E-01 1.3630E+01 2.0903E+02  0.00E+00   8.1767E-04  2.0902E+02  3.9476E-06  3.9476E-06  1.5596E-07 -1.4954E-01  1.4178E-01
 70 1.6186E-01 1.3132E+01 2.0918E+02  0.00E+00  -2.0899E-04  2.0918E+02  3.9376E-06  3.9376E-06  1.2131E-07 -1.4587E-01  1.3337E-01
 71 1.7520E-01 1.2642E+01 2.0943E+02  0.00E+00  -1.3664E-03  2.0943E+02  3.9322E-06  3.9322E-06  9.8105E-08 -1.3807E-01  1.2724E-01
 72 1.8941E-01 1.2158E+01 2.0979E+02  0.00E+00   1.8973E-03  2.0979E+02  3.9833E-06  3.9833E-06  8.2669E-08 -1.3063E-01  1.2326E-01
 73 2.0450E-01 1.1681E+01 2.1025E+02  0.00E+00   3.8285E-03  2.1025E+02  4.7197E-06  4.7197E-06  7.0531E-08 -1.4255E-01  1.2315E-01
 74 2.2052E-01 1.1212E+01 2.1078E+02  0.00E+00  -6.3700E-04  2.1078E+02  5.2921E-06  5.2933E-06  6.1547E-08 -1.2990E-01  1.2313E-01
 75 2.3750E-01 1.0748E+01 2.1133E+02  0.00E+00  -7.3511E-03  2.1134E+02  5.9965E-06  6.0035E-06  5.6388E-08 -1.1100E-01  1.2415E-01
 76 2.5546E-01 1.0292E+01 2.1231E+02  0.00E+00   5.2217E-03  2.1230E+02  6.8874E-06  6.8825E-06  5.3274E-08 -8.1198E-02  1.2631E-01
 77 2.7444E-01 9.8404E+00 2.1363E+02  0.00E+00   3.6520E-04  2.1363E+02  8.2822E-06  8.2818E-06  5.0694E-08 -1.2839E-01  1.3155E-01
 78 2.9445E-01 9.3925E+00 2.1680E+02  0.00E+00  -1.8950E-05  2.1680E+02  1.2672E-05  1.2672E-05  4.8399E-08 -3.9588E-01  1.5004E-01
 79 3.1553E-01 8.9450E+00 2.2114E+02  1.00E+00  -1.9149E-05  2.2114E+02  2.2197E-05  2.2197E-05  4.6221E-08 -8.1420E-01  1.8710E-01
 80 3.3768E-01 8.4970E+00 2.2546E+02  1.00E+00  -1.7497E-05  2.2546E+02  3.7920E-05  3.7920E-05  4.4069E-08 -1.2417E+00  2.3830E-01
 81 3.6094E-01 8.0489E+00 2.2973E+02  1.00E+00  -1.4069E-05  2.2973E+02  6.3141E-05  6.3141E-05  4.1918E-08 -1.6336E+00  3.0065E-01
 82 3.8531E-01 7.6012E+00 2.3393E+02  1.00E+00  -9.1242E-06  2.3393E+02  1.0240E-04  1.0240E-04  3.9770E-08 -1.9380E+00  3.6880E-01
 83 4.1081E-01 7.1544E+00 2.3804E+02  1.00E+00  -3.0942E-06  2.3804E+02  1.6160E-04  1.6160E-04  3.7648E-08 -2.1446E+00  4.4003E-01
 84 4.3745E-01 6.7088E+00 2.4204E+02  1.00E+00   3.5370E-06  2.4204E+02  2.4796E-04  2.4796E-04  3.5604E-08 -2.2790E+00  5.1681E-01
 85 4.6522E-01 6.2651E+00 2.4589E+02  1.00E+00   1.0433E-05  2.4589E+02  3.6977E-04  3.6977E-04  3.3567E-08 -2.3310E+00  5.9472E-01
 86 4.9414E-01 5.8238E+00 2.4957E+02  1.00E+00   1.7544E-05  2.4957E+02  5.3584E-04  5.3584E-04  3.1615E-08 -2.3348E+00  6.5996E-01
 87 5.2419E-01 5.3854E+00 2.5308E+02  1.00E+00   2.4956E-05  2.5308E+02  7.5495E-04  7.5495E-04  2.9680E-08 -2.3143E+00  7.0605E-01
 88 5.5537E-01 4.9507E+00 2.5639E+02  1.00E+00   3.2463E-05  2.5639E+02  1.0353E-03  1.0353E-03  2.7762E-08 -2.2948E+00  7.3911E-01
 89 5.8766E-01 4.5200E+00 2.5952E+02  1.00E+00   3.9927E-05  2.5952E+02  1.3841E-03  1.3841E-03  2.5913E-08 -2.2495E+00  7.6568E-01
 90 6.2105E-01 4.0940E+00 2.6246E+02  1.00E+00   4.7269E-05  2.6246E+02  1.8074E-03  1.8074E-03  2.4158E-08 -2.1845E+00  7.8556E-01
 91 6.5550E-01 3.6732E+00 2.6523E+02  1.00E+00   5.4441E-05  2.6523E+02  2.3100E-03  2.3100E-03  2.2497E-08 -2.1159E+00  7.9595E-01
 92 6.9100E-01 3.2580E+00 2.6783E+02  1.00E+00   6.1408E-05  2.6783E+02  2.8957E-03  2.8957E-03  2.0929E-08 -2.0192E+00  7.9713E-01
 93 7.2750E-01 2.8488E+00 2.7027E+02  1.00E+00   6.8131E-05  2.7027E+02  3.5672E-03  3.5672E-03  1.9524E-08 -1.8667E+00  7.9216E-01
 94 7.6497E-01 2.4460E+00 2.7257E+02  1.00E+00   7.4561E-05  2.7257E+02  4.3262E-03  4.3262E-03  1.8211E-08 -1.7181E+00  7.8411E-01
 95 8.0335E-01 2.0499E+00 2.7496E+02  1.00E+00   8.0604E-05  2.7496E+02  5.2530E-03  5.2530E-03  1.7026E-08 -1.6290E+00  7.7953E-01
 96 8.4259E-01 1.6607E+00 2.7724E+02  1.00E+00   8.7082E-05  2.7724E+02  6.1482E-03  6.1482E-03  1.5998E-08 -1.5384E+00  7.5874E-01
 97 8.8264E-01 1.2785E+00 2.7943E+02  1.00E+00   9.3206E-05  2.7943E+02  7.1881E-03  7.1880E-03  1.5161E-08 -1.5334E+00  7.4325E-01
 98 9.2342E-01 9.0382E-01 2.8150E+02  1.00E+00   9.8356E-05  2.8150E+02  8.2968E-03  8.2967E-03  1.4471E-08 -1.6000E+00  7.3064E-01
 99 9.6487E-01 5.3683E-01 2.8348E+02  1.00E+00   1.0454E-04  2.8348E+02  9.4185E-03  9.4184E-03  1.3897E-08 -1.7904E+00  7.2494E-01
100 1.0069E+00 1.7780E-01 2.8537E+02  1.00E+00   1.0784E-04  2.8537E+02  1.0776E-02  1.0776E-02  1.3402E-08 -2.0441E+00  7.4473E-01
101 1.0283E+00 0.0000E+00 2.8631E+02  1.00E+00   1.1276E-04  2.8631E+02  1.1456E-02  1.1456E-02  1.3500E-08 -3.5311E+00  7.9025E+00
  J     P         ALT         T        CONVEC       DT          TOLD        FH20       FSAVE        FO3        TCOOL       THEAT

 FCO2
  2.24E-04 2.24E-04 2.24E-04 2.24E-04 2.24E-04 2.24E-04 2.24E-04 2.24E-04 2.24E-04 2.24E-04
  2.24E-04 2.24E-04 2.24E-04 2.24E-04 2.24E-04 2.24E-04 2.24E-04 2.24E-04 2.24E-04 2.24E-04
  2.24E-04 2.24E-04 2.24E-04 2.24E-04 2.24E-04 2.24E-04 2.24E-04 2.24E-04 2.24E-04 2.24E-04
  2.24E-04 2.24E-04 2.24E-04 2.24E-04 2.24E-04 2.24E-04 2.24E-04 2.24E-04 2.24E-04 2.24E-04
  2.24E-04 2.24E-04 2.24E-04 2.24E-04 2.24E-04 2.24E-04 2.24E-04 2.24E-04 2.24E-04 2.24E-04
  2.24E-04 2.24E-04 2.24E-04 2.24E-04 2.24E-04 2.24E-04 2.24E-04 2.24E-04 2.24E-04 2.24E-04
  2.24E-04 2.24E-04 2.24E-04 2.24E-04 2.24E-04 2.24E-04 2.24E-04 2.24E-04 2.24E-04 2.24E-04
  2.24E-04 2.24E-04 2.24E-04 2.24E-04 2.24E-04 2.24E-04 2.24E-04 2.24E-04 2.24E-04 2.24E-04
  2.24E-04 2.24E-04 2.24E-04 2.24E-04 2.24E-04 2.24E-04 2.24E-04 2.24E-04 2.24E-04 2.24E-04
  2.24E-04 2.24E-04 2.24E-04 2.24E-04 2.24E-04 2.24E-04 2.24E-04 2.24E-04 2.24E-04 2.24E-04
  2.24E-04

  J    PF         ALT       FTOTAL       FTIR       FDNIR       FUPIR       FTSOL       FDNSOL       FUPSOL       DIVF
  1 3.0000E-05 7.3807E+01 -2.1134E+01 -2.6505E+05  0.0000E+00  2.6505E+05  2.6503E+05  3.4178E+05  7.6748E+04 -7.9734E-05
  2 3.5446E-05 7.2666E+01  5.7644E+00 -2.6500E+05  5.6213E+01  2.6506E+05  2.6501E+05  3.4175E+05  7.6748E+04  2.1748E-05
  3 4.1829E-05 7.1527E+01  3.9980E+01 -2.6496E+05  9.9782E+01  2.6506E+05  2.6500E+05  3.4175E+05  7.6747E+04  1.5083E-04
  4 4.9298E-05 7.0389E+01  6.5223E+01 -2.6493E+05  1.3348E+02  2.6507E+05  2.6500E+05  3.4175E+05  7.6747E+04  2.4606E-04
  5 5.8028E-05 6.9253E+01  8.2453E+01 -2.6491E+05  1.6022E+02  2.6507E+05  2.6500E+05  3.4174E+05  7.6747E+04  3.1106E-04
  6 6.8218E-05 6.8118E+01  9.4064E+01 -2.6490E+05  1.8274E+02  2.6508E+05  2.6499E+05  3.4174E+05  7.6747E+04  3.5485E-04
  7 8.0096E-05 6.6984E+01  1.0210E+02 -2.6488E+05  2.0331E+02  2.6509E+05  2.6499E+05  3.4173E+05  7.6746E+04  3.8516E-04
  8 9.3924E-05 6.5851E+01  1.0800E+02 -2.6487E+05  2.2364E+02  2.6509E+05  2.6498E+05  3.4173E+05  7.6746E+04  4.0741E-04
  9 1.1000E-04 6.4719E+01  1.1265E+02 -2.6486E+05  2.4497E+02  2.6510E+05  2.6497E+05  3.4172E+05  7.6745E+04  4.2493E-04
 10 1.2867E-04 6.3589E+01  1.1655E+02 -2.6484E+05  2.6830E+02  2.6511E+05  2.6496E+05  3.4171E+05  7.6745E+04  4.3961E-04
 11 1.5031E-04 6.2459E+01  1.1989E+02 -2.6483E+05  2.9440E+02  2.6512E+05  2.6495E+05  3.4169E+05  7.6744E+04  4.5222E-04
 12 1.7537E-04 6.1331E+01  1.2268E+02 -2.6481E+05  3.2396E+02  2.6513E+05  2.6493E+05  3.4167E+05  7.6744E+04  4.6272E-04
 13 2.0436E-04 6.0205E+01  1.2479E+02 -2.6479E+05  3.5767E+02  2.6514E+05  2.6491E+05  3.4165E+05  7.6743E+04  4.7064E-04
 14 2.3783E-04 5.9081E+01  1.2598E+02 -2.6476E+05  3.9626E+02  2.6515E+05  2.6488E+05  3.4163E+05  7.6742E+04  4.7513E-04
 15 2.7644E-04 5.7959E+01  1.2597E+02 -2.6473E+05  4.4055E+02  2.6517E+05  2.6485E+05  3.4159E+05  7.6741E+04  4.7505E-04
 16 3.2092E-04 5.6839E+01  1.2433E+02 -2.6469E+05  4.9146E+02  2.6518E+05  2.6481E+05  3.4155E+05  7.6740E+04  4.6885E-04
 17 3.7207E-04 5.5722E+01  1.2064E+02 -2.6464E+05  5.4986E+02  2.6519E+05  2.6476E+05  3.4150E+05  7.6739E+04  4.5491E-04
 18 4.3085E-04 5.4607E+01  1.1431E+02 -2.6459E+05  6.1689E+02  2.6520E+05  2.6470E+05  3.4144E+05  7.6738E+04  4.3101E-04
 19 4.9827E-04 5.3495E+01  1.0505E+02 -2.6452E+05  6.9370E+02  2.6522E+05  2.6463E+05  3.4136E+05  7.6736E+04  3.9610E-04
 20 5.7552E-04 5.2386E+01  9.2545E+01 -2.6445E+05  7.8149E+02  2.6523E+05  2.6454E+05  3.4127E+05  7.6735E+04  3.4892E-04
 21 6.6391E-04 5.1281E+01  7.6371E+01 -2.6436E+05  8.8144E+02  2.6524E+05  2.6443E+05  3.4117E+05  7.6733E+04  2.8793E-04
 22 7.6491E-04 5.0179E+01  5.6903E+01 -2.6425E+05  9.9451E+02  2.6525E+05  2.6431E+05  3.4104E+05  7.6732E+04  2.1453E-04
 23 8.8016E-04 4.9080E+01  3.4742E+01 -2.6413E+05  1.1216E+03  2.6525E+05  2.6416E+05  3.4089E+05  7.6730E+04  1.3098E-04
 24 1.0115E-03 4.7985E+01  1.2533E+01 -2.6399E+05  1.2638E+03  2.6525E+05  2.6400E+05  3.4073E+05  7.6728E+04  4.7249E-05
 25 1.1610E-03 4.6894E+01 -5.1473E+00 -2.6382E+05  1.4207E+03  2.6524E+05  2.6381E+05  3.4054E+05  7.6726E+04 -1.9407E-05
 26 1.3309E-03 4.5809E+01 -1.6764E+01 -2.6362E+05  1.5892E+03  2.6521E+05  2.6360E+05  3.4033E+05  7.6725E+04 -6.3212E-05
 27 1.5237E-03 4.4733E+01 -2.3799E+01 -2.6340E+05  1.7650E+03  2.6516E+05  2.6337E+05  3.4010E+05  7.6723E+04 -8.9752E-05
 28 1.7423E-03 4.3670E+01 -2.8116E+01 -2.6316E+05  1.9436E+03  2.6510E+05  2.6313E+05  3.3985E+05  7.6722E+04 -1.0606E-04
 29 1.9897E-03 4.2621E+01 -3.0750E+01 -2.6290E+05  2.1216E+03  2.6502E+05  2.6287E+05  3.3959E+05  7.6721E+04 -1.1603E-04
 30 2.2694E-03 4.1589E+01 -3.1867E+01 -2.6263E+05  2.2972E+03  2.6493E+05  2.6260E+05  3.3932E+05  7.6720E+04 -1.2029E-04
 31 2.5851E-03 4.0575E+01 -3.1526E+01 -2.6235E+05  2.4700E+03  2.6482E+05  2.6232E+05  3.3904E+05  7.6720E+04 -1.1905E-04
 32 2.9411E-03 3.9580E+01 -2.9777E+01 -2.6207E+05  2.6404E+03  2.6471E+05  2.6204E+05  3.3876E+05  7.6721E+04 -1.1249E-04
 33 3.3418E-03 3.8604E+01 -2.7252E+01 -2.6177E+05  2.8090E+03  2.6458E+05  2.6175E+05  3.3847E+05  7.6722E+04 -1.0300E-04
 34 3.7924E-03 3.7648E+01 -2.4866E+01 -2.6148E+05  2.9766E+03  2.6445E+05  2.6145E+05  3.3817E+05  7.6723E+04 -9.4030E-05
 35 4.2983E-03 3.6713E+01 -2.3358E+01 -2.6117E+05  3.1449E+03  2.6432E+05  2.6115E+05  3.3787E+05  7.6725E+04 -8.8373E-05
 36 4.8656E-03 3.5796E+01 -2.2929E+01 -2.6086E+05  3.3160E+03  2.6418E+05  2.6084E+05  3.3756E+05  7.6728E+04 -8.6796E-05
 37 5.5008E-03 3.4900E+01 -2.3630E+01 -2.6054E+05  3.4927E+03  2.6403E+05  2.6052E+05  3.3725E+05  7.6732E+04 -8.9497E-05
 38 6.2110E-03 3.4023E+01 -2.4789E+01 -2.6021E+05  3.6780E+03  2.6389E+05  2.6019E+05  3.3692E+05  7.6736E+04 -9.3935E-05
 39 7.0042E-03 3.3165E+01 -2.5750E+01 -2.5987E+05  3.8746E+03  2.6375E+05  2.5985E+05  3.3659E+05  7.6741E+04 -9.7632E-05
 40 7.8887E-03 3.2325E+01 -2.6119E+01 -2.5952E+05  4.0841E+03  2.6361E+05  2.5950E+05  3.3625E+05  7.6747E+04 -9.9084E-05
 41 8.8736E-03 3.1504E+01 -2.5624E+01 -2.5917E+05  4.3071E+03  2.6348E+05  2.5914E+05  3.3590E+05  7.6754E+04 -9.7255E-05
 42 9.9690E-03 3.0700E+01 -2.4052E+01 -2.5881E+05  4.5437E+03  2.6335E+05  2.5878E+05  3.3555E+05  7.6762E+04 -9.1329E-05
 43 1.1186E-02 2.9912E+01 -1.6541E+01 -2.5844E+05  4.7976E+03  2.6324E+05  2.5842E+05  3.3519E+05  7.6770E+04 -6.2839E-05
 44 1.2535E-02 2.9139E+01 -1.0168E+01 -2.5807E+05  5.0634E+03  2.6314E+05  2.5806E+05  3.3484E+05  7.6778E+04 -3.8641E-05
 45 1.4029E-02 2.8382E+01 -5.4864E+00 -2.5771E+05  5.3393E+03  2.6305E+05  2.5770E+05  3.3449E+05  7.6785E+04 -2.0857E-05
 46 1.5681E-02 2.7638E+01 -2.4632E+00 -2.5735E+05  5.6236E+03  2.6297E+05  2.5735E+05  3.3414E+05  7.6792E+04 -9.3666E-06
 47 1.7506E-02 2.6907E+01 -1.2917E+00 -2.5700E+05  5.9153E+03  2.6291E+05  2.5700E+05  3.3379E+05  7.6797E+04 -4.9132E-06
 48 1.9519E-02 2.6190E+01 -1.9202E+00 -2.5665E+05  6.2141E+03  2.6286E+05  2.5665E+05  3.3345E+05  7.6799E+04 -7.3049E-06
 49 2.1736E-02 2.5485E+01 -3.9206E+00 -2.5631E+05  6.5207E+03  2.6283E+05  2.5630E+05  3.3310E+05  7.6799E+04 -1.4917E-05
 50 2.4174E-02 2.4792E+01 -6.8719E+00 -2.5597E+05  6.8365E+03  2.6281E+05  2.5596E+05  3.3276E+05  7.6795E+04 -2.6148E-05
 51 2.6852E-02 2.4110E+01 -1.0435E+01 -2.5563E+05  7.1634E+03  2.6280E+05  2.5562E+05  3.3241E+05  7.6786E+04 -3.9709E-05
 52 2.9789E-02 2.3441E+01 -1.3845E+01 -2.5530E+05  7.5030E+03  2.6280E+05  2.5529E+05  3.3206E+05  7.6773E+04 -5.2680E-05
 53 3.3005E-02 2.2783E+01 -1.6821E+01 -2.5497E+05  7.8570E+03  2.6283E+05  2.5495E+05  3.3171E+05  7.6753E+04 -6.3999E-05
 54 3.6523E-02 2.2136E+01 -1.9930E+01 -2.5464E+05  8.2264E+03  2.6287E+05  2.5462E+05  3.3135E+05  7.6727E+04 -7.5817E-05
 55 4.0364E-02 2.1501E+01 -2.2235E+01 -2.5432E+05  8.6119E+03  2.6293E+05  2.5430E+05  3.3099E+05  7.6694E+04 -8.4567E-05
 56 4.4553E-02 2.0876E+01 -2.2908E+01 -2.5400E+05  9.0147E+03  2.6302E+05  2.5398E+05  3.3063E+05  7.6653E+04 -8.7098E-05
 57 4.9116E-02 2.0262E+01 -2.1347E+01 -2.5369E+05  9.4355E+03  2.6312E+05  2.5367E+05  3.3027E+05  7.6604E+04 -8.1131E-05
 58 5.4077E-02 1.9659E+01 -1.8740E+01 -2.5339E+05  9.8743E+03  2.6326E+05  2.5337E+05  3.2991E+05  7.6545E+04 -7.1183E-05
 59 5.9464E-02 1.9065E+01 -1.3706E+01 -2.5309E+05  1.0331E+04  2.6342E+05  2.5308E+05  3.2955E+05  7.6477E+04 -5.2033E-05
 60 6.5306E-02 1.8482E+01 -8.1285E+00 -2.5281E+05  1.0803E+04  2.6361E+05  2.5280E+05  3.2920E+05  7.6398E+04 -3.0835E-05
 61 7.1631E-02 1.7908E+01 -2.5718E+00 -2.5254E+05  1.1287E+04  2.6382E+05  2.5253E+05  3.2884E+05  7.6309E+04 -9.7482E-06
 62 7.8470E-02 1.7343E+01  5.6718E-01 -2.5228E+05  1.1783E+04  2.6406E+05  2.5228E+05  3.2849E+05  7.6207E+04  2.1479E-06
 63 8.5853E-02 1.6787E+01  7.9333E-01 -2.5204E+05  1.2287E+04  2.6432E+05  2.5204E+05  3.2813E+05  7.6093E+04  3.0014E-06
 64 9.3813E-02 1.6240E+01  2.0297E-01 -2.5180E+05  1.2801E+04  2.6460E+05  2.5180E+05  3.2777E+05  7.5967E+04  7.6708E-07
 65 1.0238E-01 1.5702E+01  3.2039E+00 -2.5157E+05  1.3327E+04  2.6490E+05  2.5158E+05  3.2740E+05  7.5827E+04  1.2095E-05
 66 1.1159E-01 1.5172E+01 -1.7435E+01 -2.5138E+05  1.3878E+04  2.6526E+05  2.5136E+05  3.2703E+05  7.5674E+04 -6.5727E-05
 67 1.2148E-01 1.4650E+01 -3.3720E+01 -2.5118E+05  1.4442E+04  2.6562E+05  2.5115E+05  3.2665E+05  7.5506E+04 -1.2695E-04
 68 1.3207E-01 1.4136E+01 -4.3057E+01 -2.5098E+05  1.5025E+04  2.6601E+05  2.5094E+05  3.2627E+05  7.5325E+04 -1.6186E-04
 69 1.4341E-01 1.3630E+01 -4.3492E+01 -2.5078E+05  1.5635E+04  2.6642E+05  2.5074E+05  3.2587E+05  7.5129E+04 -1.6325E-04
 70 1.5553E-01 1.3132E+01 -3.2386E+01 -2.5057E+05  1.6281E+04  2.6685E+05  2.5053E+05  3.2545E+05  7.4918E+04 -1.2136E-04
 71 1.6845E-01 1.2642E+01 -1.3309E+01 -2.5034E+05  1.6968E+04  2.6731E+05  2.5033E+05  3.2502E+05  7.4692E+04 -4.9789E-05
 72 1.8222E-01 1.2158E+01  4.3042E+00 -2.5012E+05  1.7700E+04  2.6782E+05  2.5012E+05  3.2458E+05  7.4452E+04  1.6071E-05
 73 1.9687E-01 1.1681E+01  1.7044E+01 -2.4989E+05  1.8491E+04  2.6838E+05  2.4991E+05  3.2411E+05  7.4197E+04  6.3505E-05
 74 2.1243E-01 1.1212E+01  5.2669E+01 -2.4963E+05  1.9398E+04  2.6903E+05  2.4968E+05  3.2361E+05  7.3928E+04  1.9577E-04
 75 2.2893E-01 1.0748E+01  6.5848E+01 -2.4938E+05  2.0406E+04  2.6979E+05  2.4944E+05  3.2309E+05  7.3643E+04  2.4407E-04
 76 2.4640E-01 1.0292E+01  3.8726E+01 -2.4915E+05  2.1576E+04  2.7073E+05  2.4919E+05  3.2253E+05  7.3344E+04  1.4304E-04
 77 2.6487E-01 9.8404E+00 -5.9570E+01 -2.4897E+05  2.2963E+04  2.7194E+05  2.4891E+05  3.2194E+05  7.3029E+04 -2.1906E-04
 78 2.8436E-01 9.3925E+00 -6.6826E+01 -2.4868E+05  2.4904E+04  2.7358E+05  2.4861E+05  3.2131E+05  7.2699E+04 -2.4426E-04
 79 3.0490E-01 8.9450E+00  5.2902E+02 -2.4772E+05  2.7871E+04  2.7559E+05  2.4825E+05  3.2060E+05  7.2354E+04  1.9196E-03
 80 3.2652E-01 8.4970E+00  2.1286E+03 -2.4564E+05  3.2218E+04  2.7786E+05  2.4777E+05  3.1976E+05  7.1993E+04  7.6606E-03
 81 3.4923E-01 8.0489E+00  4.8178E+03 -2.4231E+05  3.8119E+04  2.8043E+05  2.4713E+05  3.1875E+05  7.1616E+04  1.7180E-02
 82 3.7304E-01 7.6012E+00  8.5653E+03 -2.3772E+05  4.5617E+04  2.8334E+05  2.4629E+05  3.1751E+05  7.1224E+04  3.0230E-02
 83 3.9798E-01 7.1544E+00  1.3186E+04 -2.3201E+05  5.4582E+04  2.8660E+05  2.4520E+05  3.1602E+05  7.0816E+04  4.6008E-02
 84 4.2405E-01 6.7088E+00  1.8434E+04 -2.2541E+05  6.4808E+04  2.9022E+05  2.4385E+05  3.1424E+05  7.0394E+04  6.3518E-02
 85 4.5126E-01 6.2651E+00  2.4098E+04 -2.1809E+05  7.6115E+04  2.9420E+05  2.4218E+05  3.1214E+05  6.9957E+04  8.1910E-02
 86 4.7961E-01 5.8238E+00  2.9914E+04 -2.1028E+05  8.8245E+04  2.9852E+05  2.4019E+05  3.0970E+05  6.9507E+04  1.0020E-01
 87 5.0910E-01 5.3854E+00  3.5750E+04 -2.0214E+05  1.0102E+05  3.0316E+05  2.3789E+05  3.0694E+05  6.9044E+04  1.1792E-01
 88 5.3972E-01 4.9507E+00  4.1571E+04 -1.9377E+05  1.1429E+05  3.0806E+05  2.3534E+05  3.0391E+05  6.8570E+04  1.3495E-01
 89 5.7147E-01 4.5200E+00  4.7409E+04 -1.8515E+05  1.2801E+05  3.1316E+05  2.3256E+05  3.0065E+05  6.8087E+04  1.5139E-01
 90 6.0431E-01 4.0940E+00  5.3172E+04 -1.7642E+05  1.4202E+05  3.1844E+05  2.2959E+05  2.9719E+05  6.7598E+04  1.6698E-01
 91 6.3824E-01 3.6732E+00  5.8786E+04 -1.6765E+05  1.5621E+05  3.2386E+05  2.2644E+05  2.9354E+05  6.7106E+04  1.8152E-01
 92 6.7323E-01 3.2580E+00  6.4250E+04 -1.5889E+05  1.7049E+05  3.2938E+05  2.2314E+05  2.8976E+05  6.6615E+04  1.9506E-01
 93 7.0924E-01 2.8488E+00  6.9457E+04 -1.5029E+05  1.8471E+05  3.3500E+05  2.1975E+05  2.8588E+05  6.6130E+04  2.0733E-01
 94 7.4623E-01 2.4460E+00  7.4161E+04 -1.4212E+05  1.9865E+05  3.4076E+05  2.1628E+05  2.8193E+05  6.5656E+04  2.1763E-01
 95 7.8417E-01 2.0499E+00  7.8356E+04 -1.3440E+05  2.1252E+05  3.4692E+05  2.1276E+05  2.7796E+05  6.5201E+04  2.2586E-01
 96 8.2299E-01 1.6607E+00  8.2261E+04 -1.2691E+05  2.2625E+05  3.5316E+05  2.0917E+05  2.7395E+05  6.4777E+04  2.3293E-01
 97 8.6265E-01 1.2785E+00  8.5924E+04 -1.1968E+05  2.3970E+05  3.5939E+05  2.0561E+05  2.7000E+05  6.4392E+04  2.3908E-01
 98 9.0308E-01 9.0382E-01  8.9709E+04 -1.1234E+05  2.5315E+05  3.6549E+05  2.0205E+05  2.6611E+05  6.4063E+04  2.4545E-01
 99 9.4422E-01 5.3683E-01  9.3947E+04 -1.0454E+05  2.6683E+05  3.7137E+05  1.9849E+05  2.6230E+05  6.3813E+04  2.5297E-01
100 9.8598E-01 1.7780E-01  9.9222E+04 -9.5675E+04  2.8089E+05  3.7657E+05  1.9490E+05  2.5857E+05  6.3675E+04  2.6349E-01
101 1.0283E+00 0.0000E+00  1.0574E+05 -8.5417E+04  2.9359E+05  3.7901E+05  1.9116E+05  2.5488E+05  6.3720E+04  2.7900E-01

