     ALT          P          T          FH2O           O3           THEAT        TCOOL        PSATCO2        FCO2
6.1761E+01  3.2610E-05 1.7948E+02    6.3166E-10    1.4828E-08    3.8616E+01   -3.1367E+01    2.6512E-01    3.2690E-04
6.0853E+01  3.8507E-05 1.7341E+02    9.3555E-10    1.9733E-08    3.0612E+00   -1.0588E+01    1.4407E-01    3.3135E-04
5.9973E+01  4.5414E-05 1.7135E+02    1.3704E-09    2.2786E-08    1.7364E+00   -3.2573E+00    1.1596E-01    3.3563E-04
5.9103E+01  5.3491E-05 1.7210E+02    2.0136E-09    2.3356E-08    1.5915E+00   -9.2936E-01    1.2549E-01    3.3985E-04
5.8233E+01  6.2926E-05 1.7429E+02    2.9778E-09    2.1962E-08    1.4824E+00   -8.1027E-01    1.5776E-01    3.4408E-04
5.7358E+01  7.3932E-05 1.7701E+02    4.4472E-09    1.9265E-08    1.3713E+00   -8.8453E-01    2.0804E-01    3.4855E-04
5.6476E+01  8.6753E-05 1.7974E+02    6.6750E-09    1.5885E-08    1.2605E+00   -1.0130E+00    2.7198E-01    3.5308E-04
5.5589E+01  1.0167E-04 1.8216E+02    1.0065E-08    1.2230E-08    1.1535E+00   -1.0184E+00    3.4273E-01    3.5763E-04
5.4698E+01  1.1900E-04 1.8410E+02    1.5235E-08    8.7320E-09    1.0602E+00   -9.2625E-01    4.1043E-01    3.6220E-04
5.3807E+01  1.3911E-04 1.8544E+02    2.2950E-08    5.6348E-09    9.7548E-01   -8.5058E-01    4.6410E-01    3.6664E-04
5.2919E+01  1.6241E-04 1.8615E+02    3.4336E-08    3.2316E-09    9.0143E-01   -7.8926E-01    4.9504E-01    3.7097E-04
5.2036E+01  1.8938E-04 1.8625E+02    5.0847E-08    1.7505E-09    8.3946E-01   -7.4699E-01    4.9961E-01    3.7485E-04
5.1161E+01  2.2055E-04 1.8581E+02    7.3523E-08    1.1214E-09    7.9142E-01   -7.2759E-01    4.8010E-01    3.7934E-04
5.0297E+01  2.5652E-04 1.8493E+02    1.0306E-07    9.1342E-10    7.5319E-01   -7.2144E-01    4.4325E-01    3.8280E-04
4.9445E+01  2.9799E-04 1.8375E+02    1.4159E-07    8.1285E-10    7.2443E-01   -7.2409E-01    3.9741E-01    3.8560E-04
4.8606E+01  3.4572E-04 1.8239E+02    1.8828E-07    7.6073E-10    7.0591E-01   -7.3154E-01    3.5005E-01    3.8856E-04
4.7781E+01  4.0059E-04 1.8098E+02    2.4257E-07    7.4813E-10    6.9579E-01   -7.3987E-01    3.0639E-01    3.9093E-04
4.6969E+01  4.6358E-04 1.7963E+02    3.0256E-07    7.6652E-10    6.9244E-01   -7.4671E-01    2.6923E-01    3.9256E-04
4.6171E+01  5.3581E-04 1.7844E+02    3.6504E-07    8.0746E-10    6.9493E-01   -7.5146E-01    2.3952E-01    3.9415E-04
4.5384E+01  6.1851E-04 1.7744E+02    4.2945E-07    8.7053E-10    7.0102E-01   -7.5397E-01    2.1704E-01    3.9573E-04
4.4608E+01  7.1307E-04 1.7667E+02    4.9161E-07    9.5422E-10    7.0712E-01   -7.5212E-01    2.0103E-01    3.9628E-04
4.3842E+01  8.2105E-04 1.7614E+02    5.4984E-07    1.0645E-09    7.1261E-01   -7.4719E-01    1.9054E-01    3.9700E-04
4.3085E+01  9.4419E-04 1.7583E+02    6.0125E-07    1.2017E-09    7.1570E-01   -7.3929E-01    1.8465E-01    3.9800E-04
4.2336E+01  1.0844E-03 1.7572E+02    6.4682E-07    1.3682E-09    7.1704E-01   -7.2942E-01    1.8257E-01    3.9800E-04
4.1594E+01  1.2439E-03 1.7577E+02    6.8372E-07    1.5906E-09    7.1614E-01   -7.1985E-01    1.8362E-01    3.9800E-04
4.0858E+01  1.4251E-03 1.7597E+02    7.1378E-07    1.8565E-09    7.1208E-01   -7.1271E-01    1.8729E-01    3.9800E-04
4.0129E+01  1.6306E-03 1.7628E+02    7.3486E-07    2.1896E-09    7.0783E-01   -7.0961E-01    1.9323E-01    3.9800E-04
3.9405E+01  1.8634E-03 1.7668E+02    7.5018E-07    2.5926E-09    7.0626E-01   -7.1188E-01    2.0116E-01    3.9800E-04
3.8686E+01  2.1267E-03 1.7715E+02    7.6075E-07    3.0632E-09    7.0885E-01   -7.1812E-01    2.1085E-01    3.9800E-04
3.7972E+01  2.4242E-03 1.7767E+02    7.6766E-07    3.5907E-09    7.1511E-01   -7.2519E-01    2.2202E-01    3.9800E-04
3.7263E+01  2.7598E-03 1.7821E+02    7.7192E-07    4.1679E-09    7.2297E-01   -7.2981E-01    2.3425E-01    3.9800E-04
3.6559E+01  3.1379E-03 1.7875E+02    7.7438E-07    4.7797E-09    7.2971E-01   -7.3004E-01    2.4697E-01    3.9800E-04
3.5860E+01  3.5634E-03 1.7926E+02    7.7578E-07    5.4398E-09    7.3332E-01   -7.2585E-01    2.5950E-01    3.9800E-04
3.5166E+01  4.0414E-03 1.7971E+02    7.7683E-07    6.1596E-09    7.3290E-01   -7.1855E-01    2.7111E-01    3.9800E-04
3.4478E+01  4.5777E-03 1.8009E+02    7.7600E-07    6.9544E-09    7.2838E-01   -7.0955E-01    2.8121E-01    3.9800E-04
3.3796E+01  5.1787E-03 1.8039E+02    7.7509E-07    7.8457E-09    7.1991E-01   -7.0012E-01    2.8948E-01    3.9800E-04
3.3119E+01  5.8512E-03 1.8062E+02    7.7348E-07    8.8565E-09    7.0716E-01   -6.9005E-01    2.9597E-01    3.9800E-04
3.2449E+01  6.6027E-03 1.8080E+02    7.7020E-07    1.0018E-08    6.8926E-01   -6.7820E-01    3.0116E-01    3.9800E-04
3.1786E+01  7.4414E-03 1.8096E+02    7.6714E-07    1.1324E-08    6.6523E-01   -6.6343E-01    3.0588E-01    3.9800E-04
3.1129E+01  8.3760E-03 1.8114E+02    7.6303E-07    1.2802E-08    6.3499E-01   -6.4487E-01    3.1122E-01    3.9800E-04
3.0479E+01  9.4161E-03 1.8138E+02    7.5783E-07    1.4543E-08    6.0033E-01   -6.2246E-01    3.1835E-01    3.9800E-04
2.9834E+01  1.0572E-02 1.8171E+02    7.5184E-07    1.6520E-08    5.6375E-01   -5.8647E-01    3.2830E-01    3.9800E-04
2.9196E+01  1.1855E-02 1.8214E+02    7.4456E-07    1.8819E-08    5.2962E-01   -5.5379E-01    3.4194E-01    3.9800E-04
2.8562E+01  1.3277E-02 1.8268E+02    7.4287E-07    2.1465E-08    5.0223E-01   -5.2461E-01    3.5996E-01    3.9800E-04
2.7934E+01  1.4850E-02 1.8334E+02    7.5481E-07    2.4227E-08    4.8298E-01   -5.0097E-01    3.8283E-01    3.9800E-04
2.7311E+01  1.6589E-02 1.8410E+02    7.7929E-07    2.7196E-08    4.7261E-01   -4.8388E-01    4.1077E-01    3.9800E-04
2.6692E+01  1.8509E-02 1.8495E+02    8.1509E-07    3.0523E-08    4.7018E-01   -4.7350E-01    4.4381E-01    3.9800E-04
2.6078E+01  2.0624E-02 1.8585E+02    8.6092E-07    3.4202E-08    4.7281E-01   -4.6901E-01    4.8178E-01    3.9800E-04
2.5468E+01  2.2953E-02 1.8679E+02    9.1426E-07    3.8501E-08    4.7800E-01   -4.6876E-01    5.2443E-01    3.9800E-04
2.4862E+01  2.5512E-02 1.8776E+02    9.7439E-07    4.3503E-08    4.8295E-01   -4.7103E-01    5.7159E-01    3.9800E-04
2.4260E+01  2.8321E-02 1.8875E+02    1.0389E-06    4.9397E-08    4.8601E-01   -4.7437E-01    6.2330E-01    3.9800E-04
2.3663E+01  3.1399E-02 1.8974E+02    1.1120E-06    5.6568E-08    4.8696E-01   -4.7843E-01    6.7999E-01    3.9800E-04
2.3070E+01  3.4768E-02 1.9077E+02    1.1983E-06    6.5318E-08    4.8583E-01   -4.8327E-01    7.4257E-01    3.9800E-04
2.2481E+01  3.8450E-02 1.9182E+02    1.2978E-06    7.6135E-08    4.8334E-01   -4.8858E-01    8.1244E-01    3.9800E-04
2.1896E+01  4.2468E-02 1.9292E+02    1.4171E-06    8.9679E-08    4.8062E-01   -4.9399E-01    8.9134E-01    3.9800E-04
2.1315E+01  4.6847E-02 1.9407E+02    1.5539E-06    1.0686E-07    4.7899E-01   -4.9803E-01    9.8107E-01    3.9800E-04
2.0739E+01  5.1613E-02 1.9528E+02    1.7136E-06    1.3056E-07    4.8203E-01   -4.9907E-01    1.0830E+00    3.9800E-04
2.0166E+01  5.6791E-02 1.9651E+02    1.8976E-06    1.6112E-07    4.8603E-01   -4.9555E-01    1.1975E+00    3.9800E-04
1.9598E+01  6.2411E-02 1.9777E+02    2.0962E-06    1.9987E-07    4.8809E-01   -4.8576E-01    1.3240E+00    3.9800E-04
1.9034E+01  6.8500E-02 1.9901E+02    2.3147E-06    2.4435E-07    4.8225E-01   -4.7068E-01    1.4612E+00    3.9800E-04
1.8474E+01  7.5088E-02 2.0023E+02    2.5388E-06    2.8890E-07    4.6494E-01   -4.5128E-01    1.6071E+00    3.9800E-04
1.7918E+01  8.2207E-02 2.0141E+02    2.7613E-06    3.2499E-07    4.3670E-01   -4.2971E-01    1.7602E+00    3.9800E-04
1.7367E+01  8.9887E-02 2.0255E+02    2.9670E-06    3.4796E-07    4.0281E-01   -4.1085E-01    1.9202E+00    3.9800E-04
1.6821E+01  9.8160E-02 2.0363E+02    3.1469E-06    3.5715E-07    3.6744E-01   -3.8826E-01    2.0829E+00    3.9800E-04
1.6280E+01  1.0706E-01 2.0466E+02    2.7789E-06    3.5518E-07    3.2903E-01   -3.0775E-01    2.2497E+00    3.9800E-04
1.5745E+01  1.1662E-01 2.0559E+02    2.6176E-06    3.4484E-07    2.9513E-01   -2.6788E-01    2.4100E+00    3.9800E-04
1.5215E+01  1.2687E-01 2.0640E+02    2.7626E-06    3.2955E-07    2.6722E-01   -2.4378E-01    2.5573E+00    3.9800E-04
1.4691E+01  1.3785E-01 2.0711E+02    3.1039E-06    3.0782E-07    2.4266E-01   -2.3206E-01    2.6921E+00    3.9800E-04
1.4174E+01  1.4960E-01 2.0774E+02    3.4416E-06    2.7954E-07    2.1918E-01   -2.1849E-01    2.8176E+00    3.9800E-04
1.3663E+01  1.6214E-01 2.0832E+02    3.7831E-06    2.4374E-07    1.9601E-01   -2.0483E-01    2.9382E+00    3.9800E-04
1.3159E+01  1.7550E-01 2.0889E+02    4.0721E-06    2.0495E-07    1.7463E-01   -1.9010E-01    3.0586E+00    3.9800E-04
1.2662E+01  1.8973E-01 2.0944E+02    4.5181E-06    1.7009E-07    1.5694E-01   -1.7106E-01    3.1823E+00    3.9800E-04
1.2172E+01  2.0486E-01 2.1004E+02    4.9515E-06    1.4019E-07    1.4279E-01   -1.3850E-01    3.3185E+00    3.9800E-04
1.1688E+01  2.2091E-01 2.1069E+02    5.4655E-06    1.1368E-07    1.3164E-01   -1.4285E-01    3.4750E+00    3.9800E-04
1.1210E+01  2.3792E-01 2.1209E+02    6.6685E-06    9.1617E-08    1.2596E-01   -1.1870E-01    3.8298E+00    3.9800E-04
1.0738E+01  2.5592E-01 2.1291E+02    7.5004E-06    7.7950E-08    1.2275E-01   -1.2183E-01    4.0516E+00    3.9800E-04
1.0269E+01  2.7493E-01 2.1620E+02    1.1689E-05    6.9136E-08    1.3721E-01   -4.1230E-01    5.0574E+00    3.9800E-04
9.8009E+00  2.9499E-01 2.2063E+02    2.0765E-05    6.1748E-08    1.7080E-01   -8.4624E-01    6.1570E+00    3.9800E-04
9.3317E+00  3.1610E-01 2.2503E+02    3.5943E-05    5.5167E-08    2.1854E-01   -1.2860E+00    7.3653E+00    3.9800E-04
8.8620E+00  3.3830E-01 2.2939E+02    6.0580E-05    4.8981E-08    2.7823E-01   -1.6904E+00    8.7283E+00    3.9800E-04
8.3923E+00  3.6161E-01 2.3368E+02    9.9333E-05    4.3074E-08    3.4490E-01   -2.0110E+00    1.0245E+01    3.9800E-04
7.9231E+00  3.8603E-01 2.3787E+02    1.5829E-04    3.7576E-08    4.1449E-01   -2.2257E+00    1.1908E+01    3.9800E-04
7.4550E+00  4.1158E-01 2.4194E+02    2.4493E-04    3.2468E-08    4.8943E-01   -2.3637E+00    1.3704E+01    3.9800E-04
6.9885E+00  4.3828E-01 2.4585E+02    3.6777E-04    2.7785E-08    5.6725E-01   -2.4160E+00    1.5613E+01    3.9800E-04
6.5242E+00  4.6611E-01 2.4959E+02    5.3587E-04    2.3608E-08    6.3401E-01   -2.4079E+00    1.7613E+01    3.9800E-04
6.0628E+00  4.9509E-01 2.5314E+02    7.5815E-04    1.9930E-08    6.8097E-01   -2.3679E+00    1.9679E+01    3.9800E-04
5.6049E+00  5.2520E-01 2.5649E+02    1.0429E-03    1.6703E-08    7.1342E-01   -2.3295E+00    2.1787E+01    3.9800E-04
5.1510E+00  5.5645E-01 2.5965E+02    1.3973E-03    1.3896E-08    7.3890E-01   -2.2675E+00    2.3918E+01    3.9800E-04
4.7017E+00  5.8881E-01 2.6261E+02    1.8275E-03    1.1455E-08    7.5788E-01   -2.1850E+00    2.6054E+01    3.9800E-04
4.2577E+00  6.2227E-01 2.6539E+02    2.3382E-03    9.4310E-09    7.6741E-01   -2.1018E+00    2.8184E+01    3.9800E-04
3.8193E+00  6.5680E-01 2.6800E+02    2.9333E-03    7.7290E-09    7.6737E-01   -1.9945E+00    3.0299E+01    3.9800E-04
3.3871E+00  6.9237E-01 2.7046E+02    3.6156E-03    6.3138E-09    7.6083E-01   -1.8298E+00    3.2390E+01    3.9800E-04
2.9614E+00  7.2895E-01 2.7277E+02    4.3872E-03    5.1684E-09    7.5114E-01   -1.6732E+00    3.4456E+01    3.9800E-04
2.5424E+00  7.6650E-01 2.7520E+02    5.3341E-03    4.2446E-09    7.4497E-01   -1.5759E+00    3.6731E+01    3.9800E-04
2.1303E+00  8.0497E-01 2.7749E+02    6.2339E-03    3.5074E-09    7.2098E-01   -1.4688E+00    3.8986E+01    3.9800E-04
1.7255E+00  8.4430E-01 2.7970E+02    7.3172E-03    2.9308E-09    7.0397E-01   -1.4527E+00    4.1248E+01    3.9800E-04
1.3282E+00  8.8443E-01 2.8180E+02    8.4331E-03    2.4974E-09    6.8577E-01   -1.4936E+00    4.3483E+01    3.9800E-04
9.3882E-01  9.2531E-01 2.8380E+02    9.6238E-03    2.1825E-09    6.7505E-01   -1.6106E+00    4.5712E+01    3.9800E-04
5.5753E-01  9.6685E-01 2.8571E+02    1.0993E-02    1.9665E-09    6.8052E-01   -1.8578E+00    4.7912E+01    3.9800E-04
1.8463E-01  1.0090E+00 2.8753E+02    1.2299E-02    1.8142E-09    6.9475E-01   -2.0831E+00    5.0083E+01    3.9800E-04
0.0000E+00  1.0304E+00 2.8845E+02    1.3030E-02    1.8400E-09    7.9804E+00   -3.2820E+00    5.1209E+01    3.9800E-04
