     ALT          P          T          FH2O           O3           THEAT        TCOOL        PSATCO2        FCO2
6.2064E+01  3.2610E-05 1.7965E+02    7.8429E-10    1.4173E-08    3.8625E+01   -3.2218E+01    2.6964E-01    3.2768E-04
6.1155E+01  3.8507E-05 1.7369E+02    1.1515E-09    1.8883E-08    3.0505E+00   -1.0707E+01    1.4835E-01    3.3214E-04
6.0273E+01  4.5414E-05 1.7174E+02    1.6893E-09    2.1505E-08    1.7328E+00   -3.4915E+00    1.2086E-01    3.3662E-04
5.9401E+01  5.3491E-05 1.7262E+02    2.4737E-09    2.1822E-08    1.5877E+00   -1.0606E+00    1.3255E-01    3.4110E-04
5.8528E+01  6.2926E-05 1.7491E+02    3.6470E-09    2.0303E-08    1.4783E+00   -6.6992E-01    1.6821E-01    3.4560E-04
5.7649E+01  7.3931E-05 1.7772E+02    5.4295E-09    1.7593E-08    1.3667E+00   -9.1510E-01    2.2312E-01    3.5011E-04
5.6764E+01  8.6752E-05 1.8051E+02    8.1262E-09    1.4309E-08    1.2555E+00   -9.9295E-01    2.9306E-01    3.5448E-04
5.5873E+01  1.0167E-04 1.8301E+02    1.2235E-08    1.0799E-08    1.1485E+00   -1.0097E+00    3.7111E-01    3.5883E-04
5.4978E+01  1.1900E-04 1.8503E+02    1.8417E-08    7.5619E-09    1.0555E+00   -9.4621E-01    4.4706E-01    3.6281E-04
5.4082E+01  1.3911E-04 1.8646E+02    2.7700E-08    4.7681E-09    9.7340E-01   -8.8001E-01    5.0906E-01    3.6739E-04
5.3188E+01  1.6241E-04 1.8727E+02    4.1369E-08    2.6729E-09    9.0210E-01   -8.2236E-01    5.4717E-01    3.7196E-04
5.2300E+01  1.8938E-04 1.8746E+02    6.0942E-08    1.4290E-09    8.4143E-01   -7.8512E-01    5.5666E-01    3.7553E-04
5.1419E+01  2.2054E-04 1.8711E+02    8.7764E-08    9.5063E-10    7.9411E-01   -7.6829E-01    5.3932E-01    3.7958E-04
5.0549E+01  2.5651E-04 1.8631E+02    1.2308E-07    7.8652E-10    7.5709E-01   -7.6700E-01    5.0199E-01    3.8327E-04
4.9691E+01  2.9798E-04 1.8519E+02    1.6774E-07    7.0236E-10    7.2879E-01   -7.7344E-01    4.5369E-01    3.8598E-04
4.8845E+01  3.4570E-04 1.8389E+02    2.2235E-07    6.6300E-10    7.1044E-01   -7.8453E-01    4.0276E-01    3.8868E-04
4.8013E+01  4.0057E-04 1.8254E+02    2.8578E-07    6.5576E-10    7.0110E-01   -7.9753E-01    3.5521E-01    3.9135E-04
4.7195E+01  4.6356E-04 1.8125E+02    3.5665E-07    6.7290E-10    6.9805E-01   -8.0885E-01    3.1446E-01    3.9299E-04
4.6389E+01  5.3578E-04 1.8011E+02    4.2937E-07    7.1249E-10    7.0054E-01   -8.1725E-01    2.8182E-01    3.9461E-04
4.5594E+01  6.1848E-04 1.7917E+02    5.0525E-07    7.6860E-10    7.0533E-01   -8.2232E-01    2.5723E-01    3.9520E-04
4.4811E+01  7.1303E-04 1.7846E+02    5.7986E-07    8.4301E-10    7.1173E-01   -8.2442E-01    2.4000E-01    3.9600E-04
4.4037E+01  8.2101E-04 1.7799E+02    6.4953E-07    9.3927E-10    7.1740E-01   -8.2285E-01    2.2914E-01    3.9700E-04
4.3272E+01  9.4414E-04 1.7774E+02    7.1394E-07    1.0578E-09    7.1913E-01   -8.1726E-01    2.2370E-01    3.9700E-04
4.2515E+01  1.0844E-03 1.7770E+02    7.7093E-07    1.2101E-09    7.2171E-01   -8.1132E-01    2.2280E-01    3.9800E-04
4.1764E+01  1.2439E-03 1.7783E+02    8.2197E-07    1.3937E-09    7.2082E-01   -8.0525E-01    2.2570E-01    3.9800E-04
4.1020E+01  1.4250E-03 1.7811E+02    8.6324E-07    1.6214E-09    7.1664E-01   -8.0062E-01    2.3183E-01    3.9800E-04
4.0281E+01  1.6305E-03 1.7849E+02    8.9777E-07    1.8996E-09    7.1236E-01   -8.0035E-01    2.4075E-01    3.9800E-04
3.9548E+01  1.8633E-03 1.7896E+02    9.2551E-07    2.2355E-09    7.1076E-01   -8.0495E-01    2.5211E-01    3.9800E-04
3.8820E+01  2.1266E-03 1.7949E+02    9.4800E-07    2.6101E-09    7.1318E-01   -8.1295E-01    2.6559E-01    3.9800E-04
3.8096E+01  2.4240E-03 1.8007E+02    9.6685E-07    3.0312E-09    7.1917E-01   -8.2111E-01    2.8076E-01    3.9800E-04
3.7378E+01  2.7596E-03 1.8065E+02    9.8279E-07    3.4844E-09    7.2652E-01   -8.2591E-01    2.9700E-01    3.9800E-04
3.6664E+01  3.1377E-03 1.8122E+02    9.9556E-07    3.9579E-09    7.3251E-01   -8.2521E-01    3.1349E-01    3.9800E-04
3.5956E+01  3.5631E-03 1.8174E+02    1.0053E-06    4.4691E-09    7.3518E-01   -8.1921E-01    3.2922E-01    3.9800E-04
3.5252E+01  4.0410E-03 1.8217E+02    1.0195E-06    5.0368E-09    7.3383E-01   -8.1011E-01    3.4317E-01    3.9800E-04
3.4555E+01  4.5773E-03 1.8252E+02    1.0234E-06    5.6646E-09    7.2814E-01   -7.9822E-01    3.5453E-01    3.9800E-04
3.3863E+01  5.1783E-03 1.8277E+02    1.0300E-06    6.3740E-09    7.1846E-01   -7.8613E-01    3.6289E-01    3.9800E-04
3.3178E+01  5.8507E-03 1.8293E+02    1.0400E-06    7.1780E-09    7.0441E-01   -7.7351E-01    3.6839E-01    3.9800E-04
3.2500E+01  6.6022E-03 1.8303E+02    1.0400E-06    8.1080E-09    6.8495E-01   -7.5805E-01    3.7171E-01    3.9800E-04
3.1829E+01  7.4407E-03 1.8309E+02    1.0400E-06    9.1723E-09    6.5927E-01   -7.3907E-01    3.7397E-01    3.9800E-04
3.1164E+01  8.3752E-03 1.8317E+02    1.0400E-06    1.0355E-08    6.2723E-01   -7.1577E-01    3.7656E-01    3.9800E-04
3.0507E+01  9.4152E-03 1.8329E+02    1.0400E-06    1.1800E-08    5.9085E-01   -6.8818E-01    3.8092E-01    3.9800E-04
2.9856E+01  1.0571E-02 1.8350E+02    1.0400E-06    1.3391E-08    5.5231E-01   -6.4709E-01    3.8828E-01    3.9800E-04
2.9211E+01  1.1854E-02 1.8381E+02    1.0394E-06    1.5297E-08    5.1627E-01   -6.0842E-01    3.9959E-01    3.9800E-04
2.8573E+01  1.3275E-02 1.8423E+02    1.0300E-06    1.7430E-08    4.8655E-01   -5.7312E-01    4.1555E-01    3.9800E-04
2.7939E+01  1.4849E-02 1.8477E+02    1.0300E-06    1.9959E-08    4.6633E-01   -5.4376E-01    4.3654E-01    3.9800E-04
2.7312E+01  1.6588E-02 1.8541E+02    1.0300E-06    2.2788E-08    4.5553E-01   -5.2113E-01    4.6269E-01    3.9800E-04
2.6689E+01  1.8507E-02 1.8613E+02    1.0523E-06    2.5927E-08    4.5288E-01   -5.0640E-01    4.9387E-01    3.9800E-04
2.6071E+01  2.0622E-02 1.8691E+02    1.0771E-06    2.9568E-08    4.5595E-01   -4.9768E-01    5.2980E-01    3.9800E-04
2.5458E+01  2.2950E-02 1.8773E+02    1.1132E-06    3.3714E-08    4.6145E-01   -4.9368E-01    5.7016E-01    3.9800E-04
2.4849E+01  2.5509E-02 1.8859E+02    1.1541E-06    3.8560E-08    4.6692E-01   -4.9222E-01    6.1473E-01    3.9800E-04
2.4245E+01  2.8317E-02 1.8946E+02    1.2007E-06    4.4272E-08    4.7075E-01   -4.9203E-01    6.6356E-01    3.9800E-04
2.3645E+01  3.1395E-02 1.9036E+02    1.2605E-06    5.1241E-08    4.7277E-01   -4.9289E-01    7.1714E-01    3.9800E-04
2.3050E+01  3.4764E-02 1.9129E+02    1.3279E-06    5.9570E-08    4.7237E-01   -4.9440E-01    7.7644E-01    3.9800E-04
2.2460E+01  3.8445E-02 1.9226E+02    1.4163E-06    6.9751E-08    4.7054E-01   -4.9711E-01    8.4296E-01    3.9800E-04
2.1874E+01  4.2463E-02 1.9328E+02    1.5178E-06    8.2440E-08    4.6859E-01   -4.9989E-01    9.1852E-01    3.9800E-04
2.1293E+01  4.6842E-02 1.9437E+02    1.6411E-06    9.8685E-08    4.6816E-01   -5.0216E-01    1.0050E+00    3.9800E-04
2.0715E+01  5.1606E-02 1.9551E+02    1.7911E-06    1.1969E-07    4.7018E-01   -5.0270E-01    1.1038E+00    3.9800E-04
2.0142E+01  5.6784E-02 1.9670E+02    1.9646E-06    1.4821E-07    4.7601E-01   -4.9943E-01    1.2154E+00    3.9800E-04
1.9574E+01  6.2403E-02 1.9791E+02    2.1533E-06    1.8454E-07    4.8073E-01   -4.9066E-01    1.3390E+00    3.9800E-04
1.9009E+01  6.8492E-02 1.9911E+02    2.3566E-06    2.2864E-07    4.7983E-01   -4.7608E-01    1.4727E+00    3.9800E-04
1.8449E+01  7.5079E-02 2.0028E+02    2.5525E-06    2.7474E-07    4.6700E-01   -4.5538E-01    1.6136E+00    3.9800E-04
1.7893E+01  8.2197E-02 2.0140E+02    2.7417E-06    3.1517E-07    4.4221E-01   -4.2959E-01    1.7585E+00    3.9800E-04
1.7343E+01  8.9875E-02 2.0244E+02    2.9130E-06    3.4301E-07    4.0958E-01   -4.0219E-01    1.9044E+00    3.9800E-04
1.6797E+01  9.8148E-02 2.0342E+02    3.0496E-06    3.5705E-07    3.7441E-01   -3.7188E-01    2.0510E+00    3.9800E-04
1.6257E+01  1.0705E-01 2.0436E+02    2.6741E-06    3.5899E-07    3.3594E-01   -2.9098E-01    2.2001E+00    3.9800E-04
1.5722E+01  1.1661E-01 2.0529E+02    2.5038E-06    3.5109E-07    3.0129E-01   -2.4808E-01    2.3567E+00    3.9800E-04
1.5194E+01  1.2686E-01 2.0601E+02    2.5999E-06    3.3565E-07    2.7162E-01   -2.2016E-01    2.4849E+00    3.9800E-04
1.4671E+01  1.3784E-01 2.0671E+02    2.9190E-06    3.1455E-07    2.4611E-01   -2.1072E-01    2.6149E+00    3.9800E-04
1.4155E+01  1.4958E-01 2.0735E+02    3.2436E-06    2.8574E-07    2.2162E-01   -2.0058E-01    2.7396E+00    3.9800E-04
1.3645E+01  1.6211E-01 2.0795E+02    3.5737E-06    2.4879E-07    1.9745E-01   -1.8979E-01    2.8599E+00    3.9800E-04
1.3142E+01  1.7548E-01 2.0851E+02    3.9139E-06    2.0921E-07    1.7540E-01   -1.7704E-01    2.9783E+00    3.9800E-04
1.2646E+01  1.8971E-01 2.0907E+02    4.2733E-06    1.7365E-07    1.5717E-01   -1.5797E-01    3.0985E+00    3.9800E-04
1.2156E+01  2.0483E-01 2.0963E+02    4.6644E-06    1.4295E-07    1.4247E-01   -1.2631E-01    3.2247E+00    3.9800E-04
1.1674E+01  2.2088E-01 2.1027E+02    5.1401E-06    1.1578E-07    1.3084E-01   -1.2599E-01    3.3737E+00    3.9800E-04
1.1197E+01  2.3789E-01 2.1153E+02    6.1593E-06    9.3634E-08    1.2424E-01   -7.5117E-02    3.6840E+00    3.9800E-04
1.0726E+01  2.5588E-01 2.1217E+02    6.7680E-06    7.9797E-08    1.2019E-01   -8.9742E-02    3.8514E+00    3.9800E-04
1.0259E+01  2.7489E-01 2.1591E+02    1.1234E-05    7.0755E-08    1.3636E-01   -4.2104E-01    4.9629E+00    3.9800E-04
9.7911E+00  2.9494E-01 2.2034E+02    1.9978E-05    6.3217E-08    1.6944E-01   -8.4421E-01    6.0837E+00    3.9800E-04
9.3225E+00  3.1606E-01 2.2474E+02    3.4623E-05    5.6473E-08    2.1620E-01   -1.2766E+00    7.2806E+00    3.9800E-04
8.8534E+00  3.3825E-01 2.2910E+02    5.8435E-05    5.0194E-08    2.7495E-01   -1.6767E+00    8.6318E+00    3.9800E-04
8.3844E+00  3.6155E-01 2.3339E+02    9.5958E-05    4.4130E-08    3.4095E-01   -1.9971E+00    1.0137E+01    3.9800E-04
7.9158E+00  3.8597E-01 2.3758E+02    1.5317E-04    3.8457E-08    4.0987E-01   -2.2129E+00    1.1788E+01    3.9800E-04
7.4483E+00  4.1152E-01 2.4165E+02    2.3742E-04    3.3237E-08    4.8399E-01   -2.3526E+00    1.3574E+01    3.9800E-04
6.9824E+00  4.3821E-01 2.4558E+02    3.5716E-04    2.8472E-08    5.6166E-01   -2.4089E+00    1.5474E+01    3.9800E-04
6.5187E+00  4.6604E-01 2.4933E+02    5.2144E-04    2.4214E-08    6.2930E-01   -2.4025E+00    1.7467E+01    3.9800E-04
6.0578E+00  4.9501E-01 2.5289E+02    7.3920E-04    2.0409E-08    6.7735E-01   -2.3641E+00    1.9527E+01    3.9800E-04
5.6004E+00  5.2512E-01 2.5625E+02    1.0188E-03    1.7041E-08    7.1040E-01   -2.3262E+00    2.1632E+01    3.9800E-04
5.1469E+00  5.5636E-01 2.5942E+02    1.3675E-03    1.4173E-08    7.3625E-01   -2.2666E+00    2.3761E+01    3.9800E-04
4.6981E+00  5.8872E-01 2.6240E+02    1.7916E-03    1.1733E-08    7.5580E-01   -2.1850E+00    2.5897E+01    3.9800E-04
4.2545E+00  6.2217E-01 2.6519E+02    2.2960E-03    9.6785E-09    7.6607E-01   -2.1028E+00    2.8028E+01    3.9800E-04
3.8165E+00  6.5670E-01 2.6781E+02    2.8845E-03    7.9265E-09    7.6667E-01   -1.9986E+00    3.0143E+01    3.9800E-04
3.3846E+00  6.9226E-01 2.7028E+02    3.5603E-03    6.4767E-09    7.6060E-01   -1.8388E+00    3.2237E+01    3.9800E-04
2.9592E+00  7.2884E-01 2.7260E+02    4.3252E-03    5.2989E-09    7.5126E-01   -1.6803E+00    3.4304E+01    3.9800E-04
2.5406E+00  7.6638E-01 2.7501E+02    5.2608E-03    4.3524E-09    7.4519E-01   -1.5775E+00    3.6556E+01    3.9800E-04
2.1288E+00  8.0484E-01 2.7732E+02    6.1642E-03    3.5999E-09    7.2231E-01   -1.4716E+00    3.8812E+01    3.9800E-04
1.7243E+00  8.4416E-01 2.7954E+02    7.2276E-03    3.0083E-09    7.0452E-01   -1.4498E+00    4.1074E+01    3.9800E-04
1.3273E+00  8.8429E-01 2.8164E+02    8.3478E-03    2.5593E-09    6.8691E-01   -1.4894E+00    4.3310E+01    3.9800E-04
9.3820E-01  9.2516E-01 2.8365E+02    9.5136E-03    2.2357E-09    6.7502E-01   -1.6002E+00    4.5537E+01    3.9800E-04
5.5716E-01  9.6670E-01 2.8557E+02    1.0888E-02    2.0123E-09    6.8096E-01   -1.8490E+00    4.7739E+01    3.9800E-04
1.8451E-01  1.0088E+00 2.8739E+02    1.2198E-02    1.8529E-09    6.9529E-01   -2.0756E+00    4.9909E+01    3.9800E-04
0.0000E+00  1.0303E+00 2.8831E+02    1.2897E-02    1.8800E-09    7.9857E+00   -3.2960E+00    5.1034E+01    3.9800E-04
