   179.879639947390        0.148771757953907E-08
   174.086160358025        0.218156671777049E-08
   172.276366738013        0.316334902607437E-08
   173.274642419241        0.459928498420559E-08
   175.733108367408        0.673653149394642E-08
   178.724523462815        0.994526077803106E-08
   181.708322138486        0.147474837515869E-07
   184.388907283952        0.220117701480179E-07
   186.586629108153        0.328774132916850E-07
   188.195985197928        0.489433298311698E-07
   189.177517311048        0.722950932701617E-07
   189.554239129130        0.105080409015709E-06
   189.403624633039        0.148059225092293E-06
   188.842696041815        0.204408142344106E-06
   188.008894263484        0.274396350282929E-06
   187.040808534420        0.359215629980520E-06
   186.062302646227        0.455871391290464E-06
   185.172281452794        0.562957751015930E-06
   184.440211295365        0.676806497454149E-06
   183.906364645088        0.793435716778554E-06
   183.585565656479        0.912182824484848E-06
   183.472585955310        0.102757160361012E-05
   183.548178646283        0.113935065436205E-05
   183.784582523449        0.125079332246699E-05
   184.149933564623        0.134499140673176E-05
   184.612765286932        0.143752050542703E-05
   185.144275772724        0.151512319010384E-05
   185.718708389920        0.158985418605365E-05
   186.311926883945        0.165891544799361E-05
   186.899128517855        0.172200032453143E-05
   187.453476984539        0.177434891053962E-05
   187.947156268515        0.182930288638780E-05
   188.354343984061        0.187391740324388E-05
   188.655489807299        0.191542372561552E-05
   188.841379839932        0.195191545631843E-05
   188.915684985431        0.198352875566460E-05
   188.895376859681        0.201211517539861E-05
   188.809012416217        0.204020817349568E-05
   188.693236161033        0.205835023353362E-05
   188.588148949538        0.207800071344633E-05
   188.531679075805        0.209000000000000E-05
   188.552308481088        0.209516574943180E-05
   188.666286324925        0.210000000000000E-05
   188.878068248132        0.210000000000000E-05
   189.181654612194        0.210000000000000E-05
   189.563076041775        0.210000000000000E-05
   190.003898771776        0.208937504976251E-05
   190.485320997127        0.207666631813842E-05
   190.992155845157        0.206408504901112E-05
   191.515780522022        0.204325527148615E-05
   192.055500784214        0.201859797395589E-05
   192.618504266966        0.199123718617565E-05
   193.218370563120        0.195999592786746E-05
   193.872338654019        0.194304293805823E-05
   194.597331463167        0.194000000000000E-05
   195.404988519457        0.197259412482805E-05
   196.296146588828        0.203271858455425E-05
   197.256503091011        0.210174460388474E-05
   198.255862584920        0.216016792494120E-05
   199.253127934722        0.219905767068470E-05
   200.206865388313        0.222511166794566E-05
   201.086236224682        0.223864526144199E-05
   201.876648954340        0.224000000000000E-05
   202.576821121131        0.222908208801549E-05
   203.187645396647        0.220764749266826E-05
   203.717337970779        0.218471072704097E-05
   204.180426877224        0.215558786743799E-05
   204.600329793772        0.213244750466494E-05
   205.000621651410        0.210194643522457E-05
   205.411534515497        0.208000000000000E-05
   205.865328923452        0.209534974918042E-05
   206.350679845709        0.263850564272819E-05
   206.910660282915        0.302776911813585E-05
   207.501151999132        0.350457098283295E-05
   209.242531111442        0.450331161248379E-05
   211.639840795188        0.631591908362560E-05
   216.083524899420        0.115262159372454E-04
   220.516219528101        0.204961883892305E-04
   224.921887275798        0.355029349291558E-04
   229.282068867735        0.598790772484596E-04
   233.573660258069        0.982576645660358E-04
   237.769274955744        0.156706159500460E-03
   241.840331818138        0.242673926263885E-03
   245.759814840837        0.364682415322266E-03
   249.505252779008        0.531790766568445E-03
   253.061044513763        0.752963022361514E-03
   256.419466866946        0.103650362798274E-02
   259.580249755565        0.138968356428952E-02
   262.549117441794        0.181858645776718E-02
   265.335897217007        0.232812412147171E-02
   267.952702124951        0.292213895701867E-02
   270.412480713465        0.360352382855372E-02
   272.728006900785        0.437431712433919E-02
   275.135498297127        0.531167251143955E-02
   277.439680379323        0.621337800753269E-02
   279.652002310210        0.729117377371657E-02
   281.749085922853        0.840902963147778E-02
   283.759609011183        0.959315853116561E-02
   285.672703123930        0.109640171166874E-01
   287.493984665679        0.122707451712472E-01
   288.414570351619        0.129932622749388E-01
