   179.642504259167        0.720133586388504E-09
   173.562484236882        0.106261727975379E-08
   171.595752978395        0.155505296556616E-08
   172.438190236249        0.228600973679246E-08
   174.703044719611        0.337077276126365E-08
   177.488738295920        0.502283956803064E-08
   180.268590010314        0.753028785834700E-08
   182.744697679136        0.113499060390591E-07
   184.739482954679        0.170971453263201E-07
   186.147071503790        0.257114970505711E-07
   186.924286059258        0.385378420587474E-07
   187.086575682139        0.568883927095894E-07
   186.700281733985        0.819906718745411E-07
   185.870468192100        0.115125442349558E-06
   184.725702258043        0.156934970376390E-06
   183.401941679058        0.208828054874417E-06
   182.027907339939        0.268970413397349E-06
   180.713800555862        0.334354954711690E-06
   179.544480392747        0.403621480268566E-06
   178.576845180627        0.474836033795033E-06
   177.840738797837        0.545311026974415E-06
   177.342373033979        0.609974244141593E-06
   177.069809728761        0.670214466377057E-06
   176.998670648994        0.722301099407628E-06
   177.098644164483        0.768121963723871E-06
   177.339286106629        0.804562178904190E-06
   177.693265077732        0.834042790159506E-06
   178.136644439756        0.857025314624775E-06
   178.646927579208        0.875010000314406E-06
   179.200326035502        0.888878511198206E-06
   179.769951473255        0.900346201597497E-06
   180.326133864805        0.909300999005766E-06
   180.839120543244        0.917150279342592E-06
   181.283282816292        0.923133184075681E-06
   181.641564917838        0.928273013096750E-06
   181.908959622701        0.931607749488424E-06
   182.094222119780        0.934170515326537E-06
   182.219444850137        0.935523668984953E-06
   182.317531608974        0.935136608002809E-06
   182.427779284148        0.934621476342758E-06
   182.589873452775        0.931494821910139E-06
   182.835813782745        0.927597811769393E-06
   183.187115232181        0.922650586748253E-06
   183.653711175301        0.916822397816930E-06
   184.233694537397        0.915502714022150E-06
   184.915061900543        0.927550261978435E-06
   185.679138511435        0.952300728551652E-06
   186.504810299260        0.988046204688603E-06
   187.372563133315        0.103315086169615E-05
   188.267863557179        0.108186646750194E-05
   189.183325125594        0.114033149284711E-05
   190.119255442975        0.120204987075921E-05
   191.082707269571        0.127711337956403E-05
   192.084997799374        0.136533344122872E-05
   193.137768870257        0.147385082360850E-05
   194.248079187112        0.159951489125185E-05
   195.413568343824        0.175891379342640E-05
   196.620982298576        0.193214876651959E-05
   197.847910991281        0.212038789410668E-05
   199.068996301318        0.232809419105323E-05
   200.263111663647        0.254111352370553E-05
   201.416941935437        0.274562967229487E-05
   202.523937841359        0.293628646489290E-05
   203.577367055820        0.308645198206886E-05
   204.555381662142        0.271435055110040E-05
   205.436930461417        0.253682898137341E-05
   206.216714758056        0.265446609276996E-05
   206.906204856321        0.297820417600986E-05
   207.527395981303        0.330333293317607E-05
   208.105886263024        0.363299307286040E-05
   208.664505913504        0.390861824857978E-05
   209.218069814170        0.426080197744625E-05
   209.771208135963        0.475780865869947E-05
   210.450458895319        0.527040403121980E-05
   211.807517532754        0.639793447804001E-05
   212.466130479976        0.704430272724349E-05
   215.947623748336        0.112844530654726E-04
   220.372966354944        0.200658453655041E-04
   224.774244843379        0.347700174525011E-04
   229.131408572534        0.586728088338086E-04
   233.420560942738        0.963310846620445E-04
   237.614771916237        0.153730142964986E-03
   241.685859948341        0.238240959979075E-03
   245.607001334892        0.358325831763187E-03
   249.355615226866        0.523014068362983E-03
   252.915743261802        0.741269566471468E-03
   256.279265318696        0.102142498309380E-02
   259.445565106359        0.137080204253498E-02
   262.420085039575        0.179554744904141E-02
   265.212436001648        0.230063846432952E-02
   267.834581387199        0.288997949948898E-02
   270.299380626426        0.356652020916801E-02
   272.619566183190        0.433235107326849E-02
   275.031272133740        0.526822656710943E-02
   277.338420274503        0.617133372706902E-02
   279.553748896752        0.723694189660601E-02
   281.653541917287        0.835686805804813E-02
   283.665495398711        0.952552296053693E-02
   285.581234771944        0.108993887614465E-01
   287.404510026272        0.122089319027221E-01
   288.325414560179        0.129117221591946E-01
