   179.667876797810        0.746438802000546E-09
   173.672126636521        0.110374650410957E-08
   171.725392015171        0.161381538593685E-08
   172.577852487317        0.236738997488237E-08
   174.828626675388        0.348931974316955E-08
   177.595778551688        0.519331980935453E-08
   180.375592541730        0.778088431140187E-08
   182.863060564676        0.117164878079296E-07
   184.871632684527        0.176642195902147E-07
   186.293579089196        0.265579273466653E-07
   187.085063550214        0.397598416595898E-07
   187.261043106760        0.586121798721661E-07
   186.887702723346        0.844314261742011E-07
   186.070101548326        0.118358943332132E-06
   184.936957062439        0.162188425738983E-06
   183.624250382673        0.214289669757322E-06
   182.260762204967        0.275777895428067E-06
   180.957014289749        0.343616633552080E-06
   179.798243670140        0.415026633583228E-06
   178.841616478780        0.487867571105788E-06
   178.117108543850        0.560185971014760E-06
   177.630944959956        0.626536064293637E-06
   177.371147831530        0.689183957289691E-06
   177.313202848256        0.742810308946110E-06
   177.426619471086        0.791107756870146E-06
   177.680709484834        0.829963087470000E-06
   178.047805272937        0.861737454928762E-06
   178.503517248027        0.886030767490567E-06
   179.024862969629        0.906175340535977E-06
   179.587571024317        0.922060246606643E-06
   180.164286983262        0.935689594934974E-06
   180.724927673484        0.947026223005715E-06
   181.239382243885        0.956114404286646E-06
   181.681787265002        0.963975747540494E-06
   182.035049721761        0.970559162626203E-06
   182.294345228138        0.975318909507211E-06
   182.468777506050        0.979286361038304E-06
   182.580857652298        0.981499761265495E-06
   182.663904655576        0.982000000000000E-06
   182.757597140807        0.981828494995994E-06
   182.902064451143        0.980026452120582E-06
   183.129673105798        0.976634196554895E-06
   183.462115729319        0.972611341222647E-06
   183.909482004443        0.966222780701353E-06
   184.470046515512        0.963620862866596E-06
   185.131992522550        0.971884932125225E-06
   185.876664250702        0.992423538033344E-06
   186.682806767264        0.102064777821975E-05
   187.531020665419        0.106321474651511E-05
   188.407195523668        0.111197883183803E-05
   189.304499548234        0.117051676008449E-05
   190.223771411459        0.123031069679171E-05
   191.172399112258        0.129750287677789E-05
   192.161716167669        0.138583560829935E-05
   193.202874397776        0.149453829076208E-05
   194.301910308074        0.162032194996777E-05
   195.455803835183        0.176999169837725E-05
   196.651157743834        0.194537817008644E-05
   197.866178097706        0.214182125776088E-05
   199.076066860197        0.234503785500694E-05
   200.259532105123        0.254687118768006E-05
   201.402848182190        0.274016357038968E-05
   202.499232785425        0.291158755337821E-05
   203.542248653944        0.306649418430479E-05
   204.510610693862        0.269304758313034E-05
   205.383963953802        0.251612151356203E-05
   206.157002751340        0.262607237298428E-05
   206.840653807558        0.293879616311174E-05
   207.457160074780        0.325493291528660E-05
   208.032953678680        0.357795810235738E-05
   208.589136010013        0.387720806474117E-05
   209.148614808017        0.422244492044180E-05
   209.711518550291        0.471896823983392E-05
   210.281745240864        0.514791376303938E-05
   211.749211950877        0.634631031310590E-05
   212.331467580103        0.691568421098050E-05
   215.929428117746        0.112561814903738E-04
   220.354550621405        0.200170568913957E-04
   224.755706172632        0.346883171407949E-04
   229.112868449957        0.585402744057748E-04
   233.402158904829        0.961231666423032E-04
   237.596655119392        0.153415156334885E-03
   241.668171018456        0.237780561562625E-03
   245.589868182699        0.357676730185295E-03
   249.339144326830        0.522130888066949E-03
   252.900012045297        0.740108092718376E-03
   256.264307819454        0.101994394520155E-02
   259.431375412001        0.136896390780428E-02
   262.406625716488        0.179331805853544E-02
   265.199648364343        0.229798595807536E-02
   267.822395275945        0.288687307650308E-02
   270.287722549816        0.356292919536392E-02
   272.608365589577        0.432824464538277E-02
   275.020468781224        0.526393049729617E-02
   277.327866181371        0.616713949700716E-02
   279.543435106646        0.723140708488971E-02
   281.643450045251        0.835146870494600E-02
   283.655494617767        0.951838044488798E-02
   285.571473658964        0.108924513129750E-01
   287.394937241955        0.122021728591267E-01
   288.315847105017        0.129027643962351E-01
