   179.650728651284        0.784288345115175E-09
   173.694528711012        0.115153529528269E-08
   171.743313148547        0.168928193024404E-08
   172.616373645466        0.247372635965491E-08
   174.913003492088        0.364700038439771E-08
   177.718102873652        0.542948155304158E-08
   180.514338762445        0.812621284508683E-08
   183.009935725632        0.122349876963029E-07
   185.027958911083        0.184169393319309E-07
   186.462806145860        0.277004020362739E-07
   187.270209277426        0.413689901546881E-07
   187.463724594585        0.609419364094007E-07
   187.107984224307        0.877637082559029E-07
   186.307132048432        0.123084263513742E-06
   185.189539420689        0.167741508396997E-06
   183.891355284144        0.222354362995792E-06
   182.541841336254        0.285778978018808E-06
   181.252076907711        0.356654086042851E-06
   180.107645914543        0.429373839670907E-06
   179.165951626724        0.505246140820335E-06
   178.457077207263        0.579863506724031E-06
   177.987253661890        0.649527299854569E-06
   177.744346097363        0.713940294681011E-06
   177.703633022235        0.770932149582525E-06
   177.834360128067        0.821971164063034E-06
   178.105482999585        0.863242458980832E-06
   178.488911877332        0.897770793542778E-06
   178.959806777892        0.925506204679901E-06
   179.494668615105        0.948001202510924E-06
   180.068655681280        0.966848522783541E-06
   180.653813567263        0.982792477829207E-06
   181.219479081089        0.995561089628525E-06
   181.735103131002        0.100533203873449E-05
   182.174704387626        0.101945424270790E-05
   182.521218694054        0.102344323966209E-05
   182.770093037763        0.103000000000000E-05
   182.931000513769        0.104000000000000E-05
   183.027041133001        0.104000000000000E-05
   183.092054114467        0.104000000000000E-05
   183.166213795389        0.104000000000000E-05
   183.289946488103        0.104000000000000E-05
   183.495894118863        0.104000000000000E-05
   183.805921349112        0.103936332130115E-05
   184.230242545073        0.103000000000000E-05
   184.767285123575        0.103000000000000E-05
   185.405345073315        0.103000000000000E-05
   186.126084169386        0.105234668960801E-05
   186.908643633194        0.107708473941405E-05
   187.733857890464        0.111321738301212E-05
   188.587631209020        0.115405189074843E-05
   189.462995497012        0.120065490845934E-05
   190.360685632285        0.126051243146715E-05
   191.288252100452        0.132786235707442E-05
   192.257592979711        0.141631985938129E-05
   193.280776383781        0.151775333193072E-05
   194.365083255003        0.164113900640516E-05
   195.508738034620        0.179110637677542E-05
   196.697884672433        0.196463118743749E-05
   197.908408635695        0.215331491317442E-05
   199.112462827970        0.235658962044040E-05
   200.283430866338        0.255251809012272E-05
   201.397820517095        0.274169548520715E-05
   202.442220724478        0.291295919988883E-05
   203.423379793364        0.304956502820062E-05
   204.361801112456        0.267410272352045E-05
   205.289207732266        0.250382989549965E-05
   206.009408111780        0.259991602410612E-05
   206.708095731578        0.291903441458504E-05
   207.350378415503        0.324360017253931E-05
   207.946666156587        0.357372207326384E-05
   208.512720772476        0.391391372779469E-05
   209.067745733531        0.427331830105784E-05
   209.630577369427        0.466436037192204E-05
   210.271525792908        0.514008287285399E-05
   211.531519908338        0.615934710549999E-05
   212.173625313956        0.676804870091016E-05
   215.914922139937        0.112337292292323E-04
   220.339869134040        0.199783061994299E-04
   224.740932529837        0.346234427869349E-04
   229.098105035464        0.584351001139448E-04
   233.387521480571        0.959583239159655E-04
   237.582263929000        0.153165718224385E-03
   241.654141367713        0.237416467140670E-03
   245.576303975942        0.357164236880937E-03
   249.326135187196        0.521435077979006E-03
   252.887628373505        0.739195844927009E-03
   256.252586962371        0.101878568253346E-02
   259.420324257812        0.136753469257664E-02
   262.396227073831        0.179159780493296E-02
   265.189868572063        0.229595904423507E-02
   267.813191151273        0.288452768190645E-02
   270.279046791253        0.356025660738412E-02
   272.600170541968        0.432523868133087E-02
   275.012711212551        0.526084068108314E-02
   277.320437929952        0.616418170263546E-02
   279.536296506694        0.722757051782344E-02
   281.636599394489        0.834779880747886E-02
   283.648824357698        0.951361445368569E-02
   285.565054583353        0.108878912270297E-01
   287.388712501007        0.121977858029773E-01
   288.309679443091        0.128970016821413E-01
