
    OUTPUT FILES FOR THE Sun  

 Solar Constant= 1.000   F_CH4= 1.7795E-06  F_CO2= 1.9200E-04  F_O2= 6.2281E-02  F_N2= 9.0535E-01  F_H2= 5.2395E-07  F_AR= 9.8859E-03  IO3 =  1   IUP=  0
 ICONSERV= 1  FAC= 4.0  ND=101  SRFALB= 0.250  G= 980.0  IMW= 1  INVERSE= 0

 FNO2 = 3.546E-72

 NST=     1 JCONV=  2 CHG=2.14E-03 dt0=7.50E+03 DIVF(1)=-1.73E-04 DIVFrms= 1.73E-04 DT(ND)=-7.97E-02 T(ND)=2.8589E+02

 TIME= 5.000E+03  TIME IN DAYS = 5.787E-02

 PLANETARY ALBEDO:  ALBP = 0.2284

  J     P         ALT         T        CONVEC       DT          TOLD        FH20       FSAVE        FO3        TCOOL       THEAT
  1 3.2610E-05 7.2859E+01 2.1139E+02  0.00E+00   4.6034E-01  2.1093E+02  3.8927E-06  3.8923E-06  2.4962E-08 -4.7889E+01  3.4751E+01
  2 3.8505E-05 7.1776E+01 2.1271E+02  1.00E+00   4.5525E-01  2.1226E+02  4.2173E-06  4.2071E-06  2.8269E-08 -3.3163E+01  5.0986E+00
  3 4.5410E-05 7.0695E+01 2.1408E+02  1.00E+00   4.4132E-01  2.1364E+02  4.5080E-06  4.5076E-06  3.2652E-08 -2.2279E+01  1.8098E+00
  4 5.3484E-05 6.9615E+01 2.1548E+02  1.00E+00   4.1794E-01  2.1506E+02  4.7850E-06  4.7747E-06  3.8899E-08 -1.4794E+01  1.4220E+00
  5 6.2916E-05 6.8537E+01 2.1692E+02  1.00E+00   3.8678E-01  2.1653E+02  5.0288E-06  5.0285E-06  4.7583E-08 -1.0003E+01  1.4010E+00
  6 7.3917E-05 6.7461E+01 2.1838E+02  1.00E+00   3.5014E-01  2.1803E+02  5.2593E-06  5.2491E-06  5.9840E-08 -7.1227E+00  1.4319E+00
  7 8.6732E-05 6.6386E+01 2.1987E+02  1.00E+00   3.1032E-01  2.1956E+02  5.4666E-06  5.4564E-06  7.6798E-08 -5.5085E+00  1.4909E+00
  8 1.0164E-04 6.5313E+01 2.2137E+02  1.00E+00   2.6943E-01  2.2110E+02  5.6496E-06  5.6406E-06  9.8696E-08 -4.6555E+00  1.5792E+00
  9 1.1896E-04 6.4242E+01 2.2288E+02  1.00E+00   2.2927E-01  2.2265E+02  5.8118E-06  5.8017E-06  1.2632E-07 -4.2370E+00  1.7080E+00
 10 1.3906E-04 6.3172E+01 2.2439E+02  1.00E+00   1.9132E-01  2.2420E+02  5.9598E-06  5.9497E-06  1.5621E-07 -4.0505E+00  1.8555E+00
 11 1.6235E-04 6.2104E+01 2.2591E+02  1.00E+00   1.5664E-01  2.2575E+02  6.0878E-06  6.0777E-06  1.8763E-07 -3.9756E+00  2.0100E+00
 12 1.8930E-04 6.1037E+01 2.2743E+02  1.00E+00   1.2587E-01  2.2730E+02  6.2114E-06  6.2013E-06  2.2114E-07 -3.9641E+00  2.1766E+00
 13 2.2045E-04 5.9973E+01 2.2894E+02  1.00E+00   9.9237E-02  2.2884E+02  6.3178E-06  6.3077E-06  2.5732E-07 -3.9810E+00  2.3577E+00
 14 2.5640E-04 5.8911E+01 2.3045E+02  1.00E+00   7.6640E-02  2.3037E+02  6.4139E-06  6.4071E-06  2.9744E-07 -4.0145E+00  2.5589E+00
 15 2.9783E-04 5.7852E+01 2.3195E+02  1.00E+00   5.7708E-02  2.3189E+02  6.5019E-06  6.4919E-06  3.4324E-07 -4.0598E+00  2.7860E+00
 16 3.4552E-04 5.6794E+01 2.3344E+02  1.00E+00   4.1914E-02  2.3340E+02  6.5774E-06  6.5764E-06  3.9374E-07 -4.1134E+00  3.0329E+00
 17 4.0035E-04 5.5740E+01 2.3493E+02  1.00E+00   2.8674E-02  2.3490E+02  6.6506E-06  6.6408E-06  4.5060E-07 -4.1768E+00  3.3030E+00
 18 4.6329E-04 5.4688E+01 2.3642E+02  1.00E+00   1.7433E-02  2.3640E+02  6.7225E-06  6.7137E-06  5.1389E-07 -4.2482E+00  3.5919E+00
 19 5.3546E-04 5.3639E+01 2.3789E+02  1.00E+00   7.7284E-03  2.3788E+02  6.7767E-06  6.7666E-06  5.8383E-07 -4.3217E+00  3.8937E+00
 20 6.1808E-04 5.2593E+01 2.3936E+02  1.00E+00  -7.8581E-04  2.3937E+02  6.8294E-06  6.8194E-06  6.6102E-07 -4.3986E+00  4.2032E+00
 21 7.1255E-04 5.1550E+01 2.4083E+02  1.00E+00  -8.3341E-03  2.4084E+02  6.8780E-06  6.8680E-06  7.4692E-07 -4.4749E+00  4.5158E+00
 22 8.2043E-04 5.0511E+01 2.4229E+02  1.00E+00  -1.5042E-02  2.4231E+02  6.9196E-06  6.9096E-06  8.4114E-07 -4.5464E+00  4.8184E+00
 23 9.4345E-04 4.9474E+01 2.4375E+02  1.00E+00  -2.0963E-02  2.4377E+02  6.9610E-06  6.9510E-06  9.4643E-07 -4.6126E+00  5.1087E+00
 24 1.0836E-03 4.8442E+01 2.4520E+02  1.00E+00  -2.6113E-02  2.4523E+02  6.9962E-06  6.9862E-06  1.0666E-06 -4.6975E+00  5.3903E+00
 25 1.2429E-03 4.7413E+01 2.4665E+02  1.00E+00  -3.0491E-02  2.4668E+02  7.0235E-06  7.0135E-06  1.1968E-06 -4.7906E+00  5.6317E+00
 26 1.4239E-03 4.6388E+01 2.4809E+02  1.00E+00  -3.4092E-02  2.4813E+02  7.0473E-06  7.0373E-06  1.3576E-06 -4.9000E+00  5.8683E+00
 27 1.6291E-03 4.5366E+01 2.4953E+02  1.00E+00  -3.6924E-02  2.4957E+02  7.0600E-06  7.0500E-06  1.5287E-06 -5.0485E+00  6.0262E+00
 28 1.8616E-03 4.4349E+01 2.5099E+02  1.00E+00  -4.1015E-02  2.5103E+02  7.0700E-06  7.0600E-06  1.7299E-06 -5.2761E+00  6.1416E+00
 29 2.1247E-03 4.3336E+01 2.5245E+02  1.00E+00  -3.6505E-02  2.5249E+02  7.0700E-06  7.0600E-06  1.9591E-06 -5.5481E+00  6.1911E+00
 30 2.4218E-03 4.2327E+01 2.5358E+02  0.00E+00  -2.5855E-02  2.5360E+02  7.0615E-06  7.0515E-06  2.2197E-06 -5.7475E+00  6.1618E+00
 31 2.7570E-03 4.1326E+01 2.5408E+02  0.00E+00  -1.6154E-02  2.5409E+02  7.0415E-06  7.0315E-06  2.5171E-06 -5.7993E+00  6.0491E+00
 32 3.1346E-03 4.0334E+01 2.5386E+02  0.00E+00  -9.6839E-03  2.5387E+02  7.0116E-06  7.0016E-06  2.8430E-06 -5.6923E+00  5.8382E+00
 33 3.5595E-03 3.9354E+01 2.5296E+02  0.00E+00  -5.3520E-03  2.5297E+02  6.9641E-06  6.9541E-06  3.1844E-06 -5.4491E+00  5.5321E+00
 34 4.0368E-03 3.8389E+01 2.5146E+02  0.00E+00  -2.3121E-03  2.5147E+02  6.9082E-06  6.8982E-06  3.4954E-06 -5.1056E+00  5.1329E+00
 35 4.5725E-03 3.7440E+01 2.4949E+02  0.00E+00  -4.6517E-04  2.4949E+02  6.8450E-06  6.8350E-06  3.7705E-06 -4.7090E+00  4.7029E+00
 36 5.1726E-03 3.6509E+01 2.4717E+02  0.00E+00   3.8817E-04  2.4717E+02  6.7706E-06  6.7606E-06  3.9882E-06 -4.2970E+00  4.2763E+00
 37 5.8442E-03 3.5597E+01 2.4462E+02  0.00E+00   6.6974E-04  2.4462E+02  6.6876E-06  6.6776E-06  4.1515E-06 -3.9070E+00  3.8819E+00
 38 6.5946E-03 3.4704E+01 2.4194E+02  0.00E+00   7.8146E-04  2.4194E+02  6.6053E-06  6.5952E-06  4.2647E-06 -3.5544E+00  3.5277E+00
 39 7.4320E-03 3.3831E+01 2.3923E+02  0.00E+00   8.1143E-04  2.3923E+02  6.5095E-06  6.4995E-06  4.3352E-06 -3.2395E+00  3.2111E+00
 40 8.3652E-03 3.2976E+01 2.3657E+02  0.00E+00   6.9670E-04  2.3657E+02  6.4224E-06  6.4069E-06  4.3810E-06 -2.9577E+00  2.9295E+00
 41 9.4038E-03 3.2141E+01 2.3402E+02  0.00E+00   1.6308E-03  2.3401E+02  6.3267E-06  6.3166E-06  4.4000E-06 -2.7013E+00  2.6717E+00
 42 1.0558E-02 3.1323E+01 2.3164E+02  0.00E+00   2.1993E-03  2.3164E+02  6.2285E-06  6.2185E-06  4.3914E-06 -2.4881E+00  2.4308E+00
 43 1.1839E-02 3.0522E+01 2.2947E+02  0.00E+00   1.9392E-03  2.2947E+02  6.1424E-06  6.1324E-06  4.3562E-06 -2.2460E+00  2.2045E+00
 44 1.3258E-02 2.9737E+01 2.2752E+02  0.00E+00   1.4039E-03  2.2752E+02  6.0483E-06  6.0382E-06  4.2886E-06 -2.0217E+00  1.9913E+00
 45 1.4829E-02 2.8968E+01 2.2578E+02  0.00E+00   8.4770E-04  2.2578E+02  5.9559E-06  5.9458E-06  4.2001E-06 -1.8163E+00  1.7957E+00
 46 1.6566E-02 2.8212E+01 2.2425E+02  0.00E+00   4.1929E-04  2.2425E+02  5.8653E-06  5.8552E-06  4.0929E-06 -1.6306E+00  1.6190E+00
 47 1.8482E-02 2.7471E+01 2.2288E+02  0.00E+00   4.5316E-05  2.2288E+02  5.7706E-06  5.7605E-06  3.9535E-06 -1.4649E+00  1.4589E+00
 48 2.0594E-02 2.6742E+01 2.2166E+02  0.00E+00  -2.2474E-04  2.2166E+02  5.6788E-06  5.6688E-06  3.8077E-06 -1.3201E+00  1.3204E+00
 49 2.2918E-02 2.6025E+01 2.2057E+02  0.00E+00  -3.8798E-04  2.2057E+02  5.5928E-06  5.5828E-06  3.6353E-06 -1.1955E+00  1.1982E+00
 50 2.5473E-02 2.5321E+01 2.1957E+02  0.00E+00  -5.1743E-04  2.1957E+02  5.5083E-06  5.4983E-06  3.4578E-06 -1.0888E+00  1.0934E+00
 51 2.8276E-02 2.4628E+01 2.1865E+02  0.00E+00  -5.6048E-04  2.1865E+02  5.4152E-06  5.4051E-06  3.2749E-06 -9.9628E-01  1.0023E+00
 52 3.1349E-02 2.3947E+01 2.1779E+02  0.00E+00  -4.4237E-04  2.1779E+02  5.3334E-06  5.3233E-06  3.0777E-06 -9.1513E-01  9.2008E-01
 53 3.4712E-02 2.3276E+01 2.1700E+02  0.00E+00  -3.6299E-04  2.1700E+02  5.2434E-06  5.2334E-06  2.8868E-06 -8.4073E-01  8.4631E-01
 54 3.8387E-02 2.2616E+01 2.1625E+02  0.00E+00  -3.1868E-04  2.1625E+02  5.1637E-06  5.1537E-06  2.6787E-06 -7.7245E-01  7.7523E-01
 55 4.2398E-02 2.1967E+01 2.1556E+02  0.00E+00  -3.7008E-04  2.1556E+02  5.0801E-06  5.0700E-06  2.4778E-06 -7.0746E-01  7.0865E-01
 56 4.6769E-02 2.1328E+01 2.1492E+02  0.00E+00  -2.3204E-04  2.1492E+02  4.9992E-06  4.9891E-06  2.2739E-06 -6.4592E-01  6.4429E-01
 57 5.1525E-02 2.0700E+01 2.1433E+02  0.00E+00   2.6731E-05  2.1433E+02  4.9238E-06  4.9137E-06  2.0729E-06 -5.8725E-01  5.8256E-01
 58 5.6694E-02 2.0081E+01 2.1379E+02  0.00E+00   2.0248E-04  2.1379E+02  4.8460E-06  4.8360E-06  1.8739E-06 -5.3045E-01  5.2344E-01
 59 6.2302E-02 1.9472E+01 2.1332E+02  0.00E+00   3.3864E-04  2.1332E+02  4.7664E-06  4.7563E-06  1.6787E-06 -4.7485E-01  4.6730E-01
 60 6.8379E-02 1.8872E+01 2.1290E+02  0.00E+00   3.9913E-04  2.1290E+02  4.7020E-06  4.6920E-06  1.4794E-06 -4.2221E-01  4.1359E-01
 61 7.4955E-02 1.8282E+01 2.1254E+02  0.00E+00   2.5848E-04  2.1254E+02  4.6337E-06  4.6236E-06  1.2893E-06 -3.7060E-01  3.6437E-01
 62 8.2059E-02 1.7701E+01 2.1221E+02  0.00E+00   4.9715E-05  2.1221E+02  4.5749E-06  4.5649E-06  1.1135E-06 -3.2087E-01  3.2048E-01
 63 8.9723E-02 1.7129E+01 2.1191E+02  0.00E+00   6.8501E-05  2.1191E+02  4.5177E-06  4.5077E-06  9.3888E-07 -2.7771E-01  2.8006E-01
 64 9.7980E-02 1.6566E+01 2.1163E+02  0.00E+00  -5.1894E-04  2.1163E+02  4.4651E-06  4.4551E-06  7.8012E-07 -2.4089E-01  2.4471E-01
 65 1.0686E-01 1.6012E+01 2.1135E+02  0.00E+00  -1.0478E-03  2.1135E+02  4.4208E-06  4.4107E-06  6.3553E-07 -1.8824E-01  2.1279E-01
 66 1.1640E-01 1.5466E+01 2.1107E+02  0.00E+00  -1.0566E-03  2.1108E+02  4.3829E-06  4.3728E-06  5.0845E-07 -1.6266E-01  1.8520E-01
 67 1.2663E-01 1.4930E+01 2.1081E+02  0.00E+00  -5.5756E-04  2.1081E+02  4.3507E-06  4.3407E-06  4.0044E-07 -1.4502E-01  1.6224E-01
 68 1.3759E-01 1.4402E+01 2.1058E+02  0.00E+00  -7.2011E-04  2.1058E+02  4.3260E-06  4.3160E-06  3.1033E-07 -1.3444E-01  1.4333E-01
 69 1.4931E-01 1.3883E+01 2.1041E+02  0.00E+00   4.4176E-04  2.1041E+02  4.3052E-06  4.2952E-06  2.3377E-07 -1.3040E-01  1.2751E-01
 70 1.6182E-01 1.3372E+01 2.1034E+02  0.00E+00   1.8991E-03  2.1034E+02  4.2924E-06  4.2824E-06  1.7302E-07 -1.2946E-01  1.1494E-01
 71 1.7516E-01 1.2869E+01 2.1038E+02  0.00E+00   7.2626E-04  2.1038E+02  4.2824E-06  4.2723E-06  1.3025E-07 -1.2636E-01  1.0576E-01
 72 1.8936E-01 1.2375E+01 2.1055E+02  0.00E+00   3.3639E-04  2.1055E+02  4.2725E-06  4.2625E-06  1.0271E-07 -1.1896E-01  9.9467E-02
 73 2.0445E-01 1.1887E+01 2.1085E+02  0.00E+00   3.0824E-03  2.1085E+02  4.4220E-06  4.4121E-06  8.2625E-08 -1.1536E-01  9.5638E-02
 74 2.2047E-01 1.1407E+01 2.1127E+02  0.00E+00   4.0039E-03  2.1127E+02  5.0166E-06  5.0070E-06  6.7939E-08 -1.2222E-01  9.5207E-02
 75 2.3744E-01 1.0934E+01 2.1178E+02  0.00E+00  -9.1121E-04  2.1178E+02  5.9338E-06  6.0118E-06  5.8966E-08 -1.2631E-01  9.8754E-02
 76 2.5539E-01 1.0468E+01 2.1231E+02  0.00E+00  -7.8742E-03  2.1231E+02  6.9000E-06  6.8973E-06  5.3704E-08 -5.0588E-02  9.9476E-02
 77 2.7436E-01 1.0009E+01 2.1305E+02  0.00E+00   2.4198E-03  2.1305E+02  7.6683E-06  7.6658E-06  5.0071E-08 -6.0267E-02  1.0208E-01
 78 2.9437E-01 9.5535E+00 2.1620E+02  0.00E+00   6.7896E-02  2.1613E+02  1.1729E-05  1.1625E-05  4.7049E-08 -3.1788E-01  1.1897E-01
 79 3.1544E-01 9.0986E+00 2.2054E+02  1.00E+00   6.8726E-02  2.2048E+02  2.0603E-05  2.0426E-05  4.4326E-08 -7.2107E-01  1.5410E-01
 80 3.3759E-01 8.6433E+00 2.2486E+02  1.00E+00   7.0108E-02  2.2479E+02  3.5302E-05  3.5003E-05  4.1780E-08 -1.1408E+00  2.0337E-01
 81 3.6084E-01 8.1878E+00 2.2914E+02  1.00E+00   7.1910E-02  2.2907E+02  5.8967E-05  5.8473E-05  3.9248E-08 -1.5342E+00  2.6424E-01
 82 3.8520E-01 7.7327E+00 2.3335E+02  1.00E+00   7.3738E-02  2.3328E+02  9.5948E-05  9.5154E-05  3.6806E-08 -1.8474E+00  3.3155E-01
 83 4.1069E-01 7.2783E+00 2.3747E+02  1.00E+00   7.4992E-02  2.3740E+02  1.5195E-04  1.5071E-04  3.4534E-08 -2.0628E+00  4.0205E-01
 84 4.3732E-01 6.8253E+00 2.4148E+02  1.00E+00   7.5038E-02  2.4141E+02  2.3400E-04  2.3216E-04  3.2348E-08 -2.2060E+00  4.7788E-01
 85 4.6509E-01 6.3741E+00 2.4535E+02  1.00E+00   7.3458E-02  2.4527E+02  3.5022E-04  3.4761E-04  3.0176E-08 -2.2678E+00  5.5578E-01
 86 4.9399E-01 5.9253E+00 2.4905E+02  1.00E+00   7.0212E-02  2.4898E+02  5.0935E-04  5.0582E-04  2.8151E-08 -2.2774E+00  6.2245E-01
 87 5.2403E-01 5.4794E+00 2.5258E+02  1.00E+00   6.5430E-02  2.5251E+02  7.2013E-04  7.1561E-04  2.6242E-08 -2.2637E+00  6.7028E-01
 88 5.5520E-01 5.0372E+00 2.5592E+02  1.00E+00   5.9283E-02  2.5586E+02  9.9077E-04  9.8529E-04  2.4384E-08 -2.2485E+00  7.0448E-01
 89 5.8749E-01 4.5991E+00 2.5907E+02  1.00E+00   5.1951E-02  2.5902E+02  1.3285E-03  1.3222E-03  2.2610E-08 -2.2106E+00  7.3199E-01
 90 6.2086E-01 4.1657E+00 2.6203E+02  1.00E+00   4.3603E-02  2.6199E+02  1.7395E-03  1.7327E-03  2.0986E-08 -2.1510E+00  7.5310E-01
 91 6.5531E-01 3.7375E+00 2.6481E+02  1.00E+00   3.4383E-02  2.6478E+02  2.2284E-03  2.2217E-03  1.9456E-08 -2.0879E+00  7.6501E-01
 92 6.9079E-01 3.3150E+00 2.6743E+02  1.00E+00   2.4411E-02  2.6740E+02  2.7990E-03  2.7931E-03  1.8013E-08 -1.9998E+00  7.6760E-01
 93 7.2728E-01 2.8986E+00 2.6988E+02  1.00E+00   1.3792E-02  2.6987E+02  3.4538E-03  3.4498E-03  1.6661E-08 -1.8591E+00  7.6382E-01
 94 7.6473E-01 2.4888E+00 2.7219E+02  1.00E+00   2.6277E-03  2.7219E+02  4.1945E-03  4.1936E-03  1.5508E-08 -1.7095E+00  7.5677E-01
 95 8.0310E-01 2.0857E+00 2.7453E+02  1.00E+00  -8.9880E-03  2.7454E+02  5.0907E-03  5.0942E-03  1.4495E-08 -1.6121E+00  7.5248E-01
 96 8.4233E-01 1.6896E+00 2.7682E+02  1.00E+00  -2.1087E-02  2.7684E+02  5.9879E-03  5.9961E-03  1.3576E-08 -1.5274E+00  7.3464E-01
 97 8.8236E-01 1.3008E+00 2.7901E+02  1.00E+00  -3.3817E-02  2.7904E+02  6.9699E-03  6.9878E-03  1.2799E-08 -1.5110E+00  7.1753E-01
 98 9.2313E-01 9.1957E-01 2.8109E+02  1.00E+00  -4.5782E-02  2.8113E+02  8.0803E-03  8.1046E-03  1.2166E-08 -1.5768E+00  7.0702E-01
 99 9.6457E-01 5.4617E-01 2.8306E+02  1.00E+00  -5.8362E-02  2.8312E+02  9.1386E-03  9.1696E-03  1.1652E-08 -1.7515E+00  6.9940E-01
100 1.0066E+00 1.8089E-01 2.8495E+02  1.00E+00  -6.8726E-02  2.8502E+02  1.0482E-02  1.0531E-02  1.1220E-08 -2.0071E+00  7.2084E-01
101 1.0280E+00 0.0000E+00 2.8589E+02  1.00E+00  -7.9739E-02  2.8597E+02  1.1158E-02  1.1215E-02  1.1300E-08 -3.5519E+00  7.9563E+00
  J     P         ALT         T        CONVEC       DT          TOLD        FH20       FSAVE        FO3        TCOOL       THEAT

 FCO2
  1.92E-04 1.92E-04 1.92E-04 1.92E-04 1.92E-04 1.92E-04 1.92E-04 1.92E-04 1.92E-04 1.92E-04
  1.92E-04 1.92E-04 1.92E-04 1.92E-04 1.92E-04 1.92E-04 1.92E-04 1.92E-04 1.92E-04 1.92E-04
  1.92E-04 1.92E-04 1.92E-04 1.92E-04 1.92E-04 1.92E-04 1.92E-04 1.92E-04 1.92E-04 1.92E-04
  1.92E-04 1.92E-04 1.92E-04 1.92E-04 1.92E-04 1.92E-04 1.92E-04 1.92E-04 1.92E-04 1.92E-04
  1.92E-04 1.92E-04 1.92E-04 1.92E-04 1.92E-04 1.92E-04 1.92E-04 1.92E-04 1.92E-04 1.92E-04
  1.92E-04 1.92E-04 1.92E-04 1.92E-04 1.92E-04 1.92E-04 1.92E-04 1.92E-04 1.92E-04 1.92E-04
  1.92E-04 1.92E-04 1.92E-04 1.92E-04 1.92E-04 1.92E-04 1.92E-04 1.92E-04 1.92E-04 1.92E-04
  1.92E-04 1.92E-04 1.92E-04 1.92E-04 1.92E-04 1.92E-04 1.92E-04 1.92E-04 1.92E-04 1.92E-04
  1.92E-04 1.92E-04 1.92E-04 1.92E-04 1.92E-04 1.92E-04 1.92E-04 1.92E-04 1.92E-04 1.92E-04
  1.92E-04 1.92E-04 1.92E-04 1.92E-04 1.92E-04 1.92E-04 1.92E-04 1.92E-04 1.92E-04 1.92E-04
  1.92E-04

  J    PF         ALT       FTOTAL       FTIR       FDNIR       FUPIR       FTSOL       FDNSOL       FUPSOL       DIVF
  1 3.0000E-05 7.2859E+01 -4.5721E+01 -2.6375E+05  0.0000E+00  2.6375E+05  2.6371E+05  3.4178E+05  7.8072E+04 -1.7335E-04
  2 3.5446E-05 7.1776E+01 -3.6964E+01 -2.6372E+05  3.5086E+01  2.6376E+05  2.6368E+05  3.4175E+05  7.8072E+04 -1.4014E-04
  3 4.1828E-05 7.0695E+01 -1.5048E+01 -2.6369E+05  6.4475E+01  2.6376E+05  2.6368E+05  3.4175E+05  7.8071E+04 -5.7051E-05
  4 4.9297E-05 6.9615E+01  3.6555E+00 -2.6367E+05  8.8672E+01  2.6376E+05  2.6368E+05  3.4175E+05  7.8071E+04  1.3859E-05
  5 5.8027E-05 6.8537E+01  1.7933E+01 -2.6366E+05  1.0867E+02  2.6377E+05  2.6368E+05  3.4175E+05  7.8071E+04  6.7990E-05
  6 6.8216E-05 6.7461E+01  2.8651E+01 -2.6365E+05  1.2573E+02  2.6377E+05  2.6367E+05  3.4174E+05  7.8071E+04  1.0862E-04
  7 8.0094E-05 6.6386E+01  3.6915E+01 -2.6364E+05  1.4105E+02  2.6378E+05  2.6367E+05  3.4174E+05  7.8070E+04  1.3995E-04
  8 9.3921E-05 6.5313E+01  4.3706E+01 -2.6363E+05  1.5574E+02  2.6378E+05  2.6367E+05  3.4174E+05  7.8070E+04  1.6569E-04
  9 1.1000E-04 6.4242E+01  4.9750E+01 -2.6362E+05  1.7068E+02  2.6379E+05  2.6367E+05  3.4174E+05  7.8069E+04  1.8860E-04
 10 1.2866E-04 6.3172E+01  5.5517E+01 -2.6361E+05  1.8659E+02  2.6379E+05  2.6366E+05  3.4173E+05  7.8069E+04  2.1046E-04
 11 1.5030E-04 6.2104E+01  6.1321E+01 -2.6360E+05  2.0403E+02  2.6380E+05  2.6366E+05  3.4173E+05  7.8068E+04  2.3245E-04
 12 1.7536E-04 6.1037E+01  6.7338E+01 -2.6358E+05  2.2345E+02  2.6381E+05  2.6365E+05  3.4172E+05  7.8067E+04  2.5525E-04
 13 2.0435E-04 5.9973E+01  7.3664E+01 -2.6357E+05  2.4527E+02  2.6382E+05  2.6364E+05  3.4171E+05  7.8066E+04  2.7923E-04
 14 2.3782E-04 5.8911E+01  8.0298E+01 -2.6355E+05  2.6990E+02  2.6382E+05  2.6363E+05  3.4170E+05  7.8065E+04  3.0436E-04
 15 2.7643E-04 5.7852E+01  8.7158E+01 -2.6354E+05  2.9778E+02  2.6383E+05  2.6362E+05  3.4169E+05  7.8064E+04  3.3035E-04
 16 3.2089E-04 5.6794E+01  9.4072E+01 -2.6351E+05  3.2942E+02  2.6384E+05  2.6361E+05  3.4167E+05  7.8063E+04  3.5655E-04
 17 3.7205E-04 5.5740E+01  1.0082E+02 -2.6349E+05  3.6536E+02  2.6385E+05  2.6359E+05  3.4165E+05  7.8061E+04  3.8209E-04
 18 4.3081E-04 5.4688E+01  1.0708E+02 -2.6346E+05  4.0624E+02  2.6386E+05  2.6356E+05  3.4162E+05  7.8060E+04  4.0582E-04
 19 4.9823E-04 5.3639E+01  1.1248E+02 -2.6342E+05  4.5277E+02  2.6388E+05  2.6353E+05  3.4159E+05  7.8058E+04  4.2625E-04
 20 5.7547E-04 5.2593E+01  1.1651E+02 -2.6338E+05  5.0569E+02  2.6389E+05  2.6350E+05  3.4155E+05  7.8056E+04  4.4151E-04
 21 6.6385E-04 5.1550E+01  1.1862E+02 -2.6333E+05  5.6583E+02  2.6390E+05  2.6345E+05  3.4151E+05  7.8053E+04  4.4947E-04
 22 7.6483E-04 5.0511E+01  1.1811E+02 -2.6328E+05  6.3404E+02  2.6391E+05  2.6340E+05  3.4145E+05  7.8050E+04  4.4754E-04
 23 8.8007E-04 4.9474E+01  1.1429E+02 -2.6322E+05  7.1116E+02  2.6393E+05  2.6333E+05  3.4138E+05  7.8047E+04  4.3304E-04
 24 1.0114E-03 4.8442E+01  1.0635E+02 -2.6314E+05  7.9804E+02  2.6394E+05  2.6325E+05  3.4129E+05  7.8044E+04  4.0294E-04
 25 1.1609E-03 4.7413E+01  9.3736E+01 -2.6306E+05  8.9586E+02  2.6395E+05  2.6315E+05  3.4119E+05  7.8040E+04  3.5513E-04
 26 1.3307E-03 4.6388E+01  7.6331E+01 -2.6296E+05  1.0057E+03  2.6396E+05  2.6303E+05  3.4107E+05  7.8036E+04  2.8917E-04
 27 1.5235E-03 4.5366E+01  5.3592E+01 -2.6284E+05  1.1287E+03  2.6397E+05  2.6290E+05  3.4093E+05  7.8032E+04  2.0302E-04
 28 1.7421E-03 4.4349E+01  2.7572E+01 -2.6271E+05  1.2663E+03  2.6397E+05  2.6274E+05  3.4076E+05  7.8027E+04  1.0445E-04
 29 1.9894E-03 4.3336E+01  1.5040E+00 -2.6255E+05  1.4203E+03  2.6397E+05  2.6255E+05  3.4057E+05  7.8022E+04  5.6976E-06
 30 2.2691E-03 4.2327E+01 -2.0383E+01 -2.6236E+05  1.5910E+03  2.6395E+05  2.6234E+05  3.4036E+05  7.8017E+04 -7.7222E-05
 31 2.5848E-03 4.1326E+01 -3.6301E+01 -2.6214E+05  1.7759E+03  2.6391E+05  2.6210E+05  3.4011E+05  7.8012E+04 -1.3755E-04
 32 2.9407E-03 4.0334E+01 -4.7117E+01 -2.6189E+05  1.9715E+03  2.6386E+05  2.6184E+05  3.3985E+05  7.8007E+04 -1.7857E-04
 33 3.3413E-03 3.9354E+01 -5.4228E+01 -2.6161E+05  2.1735E+03  2.6378E+05  2.6156E+05  3.3956E+05  7.8001E+04 -2.0558E-04
 34 3.7918E-03 3.8389E+01 -5.8772E+01 -2.6131E+05  2.3782E+03  2.6369E+05  2.6125E+05  3.3925E+05  7.7996E+04 -2.2288E-04
 35 4.2977E-03 3.7440E+01 -6.0449E+01 -2.6100E+05  2.5826E+03  2.6358E+05  2.6094E+05  3.3893E+05  7.7991E+04 -2.2934E-04
 36 4.8648E-03 3.6509E+01 -6.0030E+01 -2.6067E+05  2.7852E+03  2.6346E+05  2.6061E+05  3.3860E+05  7.7987E+04 -2.2785E-04
 37 5.4999E-03 3.5597E+01 -5.8438E+01 -2.6034E+05  2.9862E+03  2.6333E+05  2.6028E+05  3.3827E+05  7.7983E+04 -2.2192E-04
 38 6.2100E-03 3.4704E+01 -5.6278E+01 -2.6001E+05  3.1879E+03  2.6319E+05  2.5995E+05  3.3793E+05  7.7979E+04 -2.1383E-04
 39 7.0030E-03 3.3831E+01 -5.3706E+01 -2.5966E+05  3.3935E+03  2.6306E+05  2.5961E+05  3.3759E+05  7.7976E+04 -2.0416E-04
 40 7.8873E-03 3.2976E+01 -5.0659E+01 -2.5932E+05  3.6065E+03  2.6292E+05  2.5927E+05  3.3724E+05  7.7972E+04 -1.9268E-04
 41 8.8721E-03 3.2141E+01 -4.7292E+01 -2.5896E+05  3.8298E+03  2.6279E+05  2.5892E+05  3.3688E+05  7.7969E+04 -1.7996E-04
 42 9.9673E-03 3.1323E+01 -4.3362E+01 -2.5861E+05  4.0651E+03  2.6267E+05  2.5856E+05  3.3653E+05  7.7965E+04 -1.6508E-04
 43 1.1184E-02 3.0522E+01 -3.4926E+01 -2.5824E+05  4.3167E+03  2.6256E+05  2.5820E+05  3.3617E+05  7.7962E+04 -1.3302E-04
 44 1.2532E-02 2.9737E+01 -2.8146E+01 -2.5787E+05  4.5806E+03  2.6245E+05  2.5784E+05  3.3580E+05  7.7958E+04 -1.0724E-04
 45 1.4026E-02 2.8968E+01 -2.2658E+01 -2.5751E+05  4.8561E+03  2.6236E+05  2.5748E+05  3.3544E+05  7.7953E+04 -8.6360E-05
 46 1.5678E-02 2.8212E+01 -1.8548E+01 -2.5714E+05  5.1423E+03  2.6229E+05  2.5713E+05  3.3507E+05  7.7948E+04 -7.0718E-05
 47 1.7503E-02 2.7471E+01 -1.5979E+01 -2.5678E+05  5.4388E+03  2.6222E+05  2.5677E+05  3.3471E+05  7.7942E+04 -6.0936E-05
 48 1.9515E-02 2.6742E+01 -1.4509E+01 -2.5643E+05  5.7455E+03  2.6217E+05  2.5641E+05  3.3435E+05  7.7934E+04 -5.5341E-05
 49 2.1732E-02 2.6025E+01 -1.4589E+01 -2.5608E+05  6.0635E+03  2.6214E+05  2.5606E+05  3.3399E+05  7.7925E+04 -5.5652E-05
 50 2.4169E-02 2.5321E+01 -1.5366E+01 -2.5572E+05  6.3944E+03  2.6212E+05  2.5571E+05  3.3362E+05  7.7913E+04 -5.8624E-05
 51 2.6846E-02 2.4628E+01 -1.6837E+01 -2.5537E+05  6.7407E+03  2.6211E+05  2.5535E+05  3.3325E+05  7.7898E+04 -6.4237E-05
 52 2.9783E-02 2.3947E+01 -1.8985E+01 -2.5502E+05  7.1047E+03  2.6212E+05  2.5500E+05  3.3288E+05  7.7880E+04 -7.2429E-05
 53 3.2998E-02 2.3276E+01 -2.0905E+01 -2.5466E+05  7.4887E+03  2.6215E+05  2.5464E+05  3.3250E+05  7.7858E+04 -7.9743E-05
 54 3.6515E-02 2.2616E+01 -2.3269E+01 -2.5431E+05  7.8944E+03  2.6220E+05  2.5428E+05  3.3212E+05  7.7832E+04 -8.8744E-05
 55 4.0355E-02 2.1967E+01 -2.4553E+01 -2.5395E+05  8.3231E+03  2.6227E+05  2.5392E+05  3.3172E+05  7.7800E+04 -9.3617E-05
 56 4.4544E-02 2.1328E+01 -2.5150E+01 -2.5359E+05  8.7755E+03  2.6237E+05  2.5357E+05  3.3133E+05  7.7762E+04 -9.5857E-05
 57 4.9105E-02 2.0700E+01 -2.4253E+01 -2.5324E+05  9.2523E+03  2.6249E+05  2.5321E+05  3.3093E+05  7.7717E+04 -9.2395E-05
 58 5.4065E-02 2.0081E+01 -2.1449E+01 -2.5289E+05  9.7538E+03  2.6264E+05  2.5286E+05  3.3053E+05  7.7664E+04 -8.1668E-05
 59 5.9451E-02 1.9472E+01 -1.6901E+01 -2.5254E+05  1.0279E+04  2.6282E+05  2.5253E+05  3.3013E+05  7.7603E+04 -6.4307E-05
 60 6.5291E-02 1.8872E+01 -1.1593E+01 -2.5221E+05  1.0826E+04  2.6303E+05  2.5220E+05  3.2973E+05  7.7532E+04 -4.4075E-05
 61 7.1614E-02 1.8282E+01 -5.0264E+00 -2.5189E+05  1.1391E+04  2.6328E+05  2.5188E+05  3.2933E+05  7.7450E+04 -1.9092E-05
 62 7.8451E-02 1.7701E+01  1.0025E-01 -2.5158E+05  1.1969E+04  2.6355E+05  2.5158E+05  3.2894E+05  7.7356E+04  3.8038E-07
 63 8.5833E-02 1.7129E+01  4.4264E-01 -2.5130E+05  1.2556E+04  2.6385E+05  2.5130E+05  3.2855E+05  7.7250E+04  1.6776E-06
 64 9.3790E-02 1.6566E+01 -1.8009E+00 -2.5103E+05  1.3147E+04  2.6418E+05  2.5103E+05  3.2816E+05  7.7129E+04 -6.8169E-06
 65 1.0236E-01 1.6012E+01 -5.7330E+00 -2.5078E+05  1.3741E+04  2.6452E+05  2.5078E+05  3.2777E+05  7.6994E+04 -2.1673E-05
 66 1.1156E-01 1.5466E+01 -3.2924E+01 -2.5057E+05  1.4348E+04  2.6492E+05  2.5054E+05  3.2738E+05  7.6844E+04 -1.2428E-04
 67 1.2145E-01 1.4930E+01 -5.9712E+01 -2.5038E+05  1.4948E+04  2.6533E+05  2.5032E+05  3.2700E+05  7.6677E+04 -2.2505E-04
 68 1.3204E-01 1.4402E+01 -8.1638E+01 -2.5020E+05  1.5550E+04  2.6575E+05  2.5011E+05  3.2661E+05  7.6495E+04 -3.0720E-04
 69 1.4337E-01 1.3883E+01 -9.3746E+01 -2.5001E+05  1.6162E+04  2.6618E+05  2.4992E+05  3.2621E+05  7.6296E+04 -3.5219E-04
 70 1.5549E-01 1.3372E+01 -8.9543E+01 -2.4982E+05  1.6797E+04  2.6662E+05  2.4973E+05  3.2581E+05  7.6080E+04 -3.3585E-04
 71 1.6841E-01 1.2869E+01 -6.7006E+01 -2.4962E+05  1.7464E+04  2.6709E+05  2.4956E+05  3.2540E+05  7.5847E+04 -2.5088E-04
 72 1.8218E-01 1.2375E+01 -3.2923E+01 -2.4941E+05  1.8173E+04  2.6759E+05  2.4938E+05  3.2498E+05  7.5599E+04 -1.2304E-04
 73 1.9682E-01 1.1887E+01  1.3604E+00 -2.4920E+05  1.8931E+04  2.6813E+05  2.4921E+05  3.2454E+05  7.5334E+04  5.0735E-06
 74 2.1237E-01 1.1407E+01  3.8201E+01 -2.4899E+05  1.9758E+04  2.6875E+05  2.4903E+05  3.2408E+05  7.5053E+04  1.4214E-04
 75 2.2887E-01 1.0934E+01  9.1710E+01 -2.4875E+05  2.0700E+04  2.6945E+05  2.4884E+05  3.2359E+05  7.4756E+04  3.4036E-04
 76 2.4633E-01 1.0468E+01  1.4950E+02 -2.4848E+05  2.1811E+04  2.7029E+05  2.4863E+05  3.2307E+05  7.4443E+04  5.5311E-04
 77 2.6479E-01 1.0009E+01  4.1127E+01 -2.4837E+05  2.3041E+04  2.7141E+05  2.4841E+05  3.2252E+05  7.4114E+04  1.5153E-04
 78 2.8428E-01 9.5535E+00 -5.6705E+01 -2.4823E+05  2.4772E+04  2.7300E+05  2.4817E+05  3.2194E+05  7.3769E+04 -2.0771E-04
 79 3.0482E-01 9.0986E+00  4.3382E+02 -2.4744E+05  2.7500E+04  2.7494E+05  2.4788E+05  3.2129E+05  7.3407E+04  1.5778E-03
 80 3.2643E-01 8.6433E+00  1.9053E+03 -2.4557E+05  3.1571E+04  2.7714E+05  2.4748E+05  3.2051E+05  7.3029E+04  6.8749E-03
 81 3.4913E-01 8.1878E+00  4.4618E+03 -2.4246E+05  3.7178E+04  2.7964E+05  2.4692E+05  3.1956E+05  7.2634E+04  1.5956E-02
 82 3.7294E-01 7.7327E+00  8.0952E+03 -2.3807E+05  4.4390E+04  2.8246E+05  2.4617E+05  3.1839E+05  7.2223E+04  2.8659E-02
 83 3.9787E-01 7.2783E+00  1.2637E+04 -2.3254E+05  5.3100E+04  2.8564E+05  2.4517E+05  3.1697E+05  7.1796E+04  4.4243E-02
 84 4.2393E-01 6.8253E+00  1.7841E+04 -2.2607E+05  6.3102E+04  2.8918E+05  2.4391E+05  3.1527E+05  7.1352E+04  6.1697E-02
 85 4.5113E-01 6.3741E+00  2.3494E+04 -2.1886E+05  7.4218E+04  2.9308E+05  2.4235E+05  3.1324E+05  7.0893E+04  8.0164E-02
 86 4.7947E-01 5.9253E+00  2.9330E+04 -2.1113E+05  8.6194E+04  2.9732E+05  2.4046E+05  3.1088E+05  7.0419E+04  9.8649E-02
 87 5.0895E-01 5.4794E+00  3.5200E+04 -2.0305E+05  9.8838E+04  3.0189E+05  2.3825E+05  3.0818E+05  6.9932E+04  1.1660E-01
 88 5.3956E-01 5.0372E+00  4.1070E+04 -1.9471E+05  1.1201E+05  3.0672E+05  2.3578E+05  3.0521E+05  6.9433E+04  1.3390E-01
 89 5.7130E-01 4.5991E+00  4.6967E+04 -1.8612E+05  1.2565E+05  3.1178E+05  2.3309E+05  3.0201E+05  6.8923E+04  1.5064E-01
 90 6.0413E-01 4.1657E+00  5.2813E+04 -1.7738E+05  1.3963E+05  3.1701E+05  2.3020E+05  2.9860E+05  6.8407E+04  1.6660E-01
 91 6.3805E-01 3.7375E+00  5.8522E+04 -1.6860E+05  1.5379E+05  3.2239E+05  2.2712E+05  2.9500E+05  6.7886E+04  1.8153E-01
 92 6.7303E-01 3.3150E+00  6.4095E+04 -1.5980E+05  1.6808E+05  3.2788E+05  2.2390E+05  2.9126E+05  6.7364E+04  1.9548E-01
 93 7.0902E-01 2.8986E+00  6.9439E+04 -1.5113E+05  1.8234E+05  3.3347E+05  2.2057E+05  2.8742E+05  6.6848E+04  2.0823E-01
 94 7.4601E-01 2.4888E+00  7.4320E+04 -1.4284E+05  1.9634E+05  3.3919E+05  2.1716E+05  2.8351E+05  6.6341E+04  2.1911E-01
 95 7.8393E-01 2.0857E+00  7.8674E+04 -1.3503E+05  2.1020E+05  3.4523E+05  2.1371E+05  2.7956E+05  6.5853E+04  2.2789E-01
 96 8.2274E-01 1.6896E+00  8.2697E+04 -1.2749E+05  2.2396E+05  3.5145E+05  2.1018E+05  2.7558E+05  6.5394E+04  2.3530E-01
 97 8.6238E-01 1.3008E+00  8.6487E+04 -1.2019E+05  2.3747E+05  3.5765E+05  2.0667E+05  2.7165E+05  6.4974E+04  2.4182E-01
 98 9.0280E-01 9.1957E-01  9.0355E+04 -1.1282E+05  2.5092E+05  3.6373E+05  2.0317E+05  2.6778E+05  6.4608E+04  2.4841E-01
 99 9.4392E-01 5.4617E-01  9.4670E+04 -1.0500E+05  2.6460E+05  3.6959E+05  1.9967E+05  2.6399E+05  6.4322E+04  2.5615E-01
100 9.8567E-01 1.8089E-01  9.9971E+04 -9.6170E+04  2.7860E+05  3.7477E+05  1.9614E+05  2.6029E+05  6.4145E+04  2.6675E-01
101 1.0280E+00 0.0000E+00  1.0654E+05 -8.5920E+04  2.9128E+05  3.7720E+05  1.9246E+05  2.5661E+05  6.4153E+04  2.8245E-01

 NST=     2 JCONV=  2 CHG=2.44E-04 dt0=1.00E+04 DIVF(1)= 2.36E-04 DIVFrms= 2.36E-04 DT(ND)=-1.04E-02 T(ND)=2.8588E+02
 NST=     3 JCONV=  2 CHG=8.99E-04 dt0=1.00E+04 DIVF(1)= 2.88E-04 DIVFrms= 2.88E-04 DT(ND)= 3.02E-02 T(ND)=2.8591E+02
 NST=     4 JCONV=  2 CHG=4.90E-04 dt0=1.00E+04 DIVF(1)= 1.51E-04 DIVFrms= 1.51E-04 DT(ND)= 1.74E-02 T(ND)=2.8593E+02
 NST=     5 JCONV=  2 CHG=3.03E-04 dt0=1.00E+04 DIVF(1)= 5.57E-05 DIVFrms= 5.57E-05 DT(ND)= 1.17E-02 T(ND)=2.8594E+02
 NST=     6 JCONV=  2 CHG=1.99E-04 dt0=1.00E+04 DIVF(1)=-1.07E-05 DIVFrms= 1.07E-05 DT(ND)= 8.33E-03 T(ND)=2.8595E+02
 NST=     7 JCONV=  2 CHG=1.36E-04 dt0=1.00E+04 DIVF(1)=-5.93E-05 DIVFrms= 5.93E-05 DT(ND)= 5.96E-03 T(ND)=2.8595E+02
 NST=     8 JCONV=  2 CHG=9.29E-05 dt0=1.00E+04 DIVF(1)=-9.44E-05 DIVFrms= 9.44E-05 DT(ND)= 4.34E-03 T(ND)=2.8596E+02
 NST=     9 JCONV=  2 CHG=6.38E-05 dt0=1.00E+04 DIVF(1)=-1.20E-04 DIVFrms= 1.20E-04 DT(ND)= 3.19E-03 T(ND)=2.8596E+02
 NST=    10 JCONV=  2 CHG=2.64E-04 dt0=1.00E+04 DIVF(1)=-1.39E-04 DIVFrms= 1.39E-04 DT(ND)= 2.58E-03 T(ND)=2.8596E+02
 NST=    11 JCONV=  2 CHG=1.37E-04 dt0=1.00E+04 DIVF(1)=-1.71E-04 DIVFrms= 1.71E-04 DT(ND)= 1.89E-03 T(ND)=2.8597E+02
 NST=    12 JCONV=  2 CHG=4.70E-05 dt0=1.00E+04 DIVF(1)=-1.64E-04 DIVFrms= 1.64E-04 DT(ND)= 1.39E-03 T(ND)=2.8597E+02
 NST=    13 JCONV=  2 CHG=3.50E-05 dt0=1.00E+04 DIVF(1)=-1.73E-04 DIVFrms= 1.73E-04 DT(ND)= 1.03E-03 T(ND)=2.8597E+02
 NST=    14 JCONV=  2 CHG=2.93E-05 dt0=1.00E+04 DIVF(1)=-1.79E-04 DIVFrms= 1.79E-04 DT(ND)= 7.66E-04 T(ND)=2.8597E+02
 NST=    15 JCONV=  2 CHG=2.59E-05 dt0=1.00E+04 DIVF(1)=-1.84E-04 DIVFrms= 1.84E-04 DT(ND)= 5.73E-04 T(ND)=2.8597E+02
 NST=    16 JCONV=  2 CHG=2.36E-05 dt0=1.00E+04 DIVF(1)=-1.87E-04 DIVFrms= 1.87E-04 DT(ND)= 4.31E-04 T(ND)=2.8597E+02
 NST=    17 JCONV=  2 CHG=2.58E-04 dt0=1.00E+04 DIVF(1)=-1.90E-04 DIVFrms= 1.90E-04 DT(ND)= 3.26E-04 T(ND)=2.8597E+02
 NST=    18 JCONV=  2 CHG=1.34E-04 dt0=1.00E+04 DIVF(1)=-2.09E-04 DIVFrms= 2.09E-04 DT(ND)= 2.48E-04 T(ND)=2.8597E+02
 NST=    19 JCONV=  2 CHG=4.73E-05 dt0=1.00E+04 DIVF(1)=-1.92E-04 DIVFrms= 1.92E-04 DT(ND)= 1.90E-04 T(ND)=2.8597E+02
 NST=    20 JCONV=  2 CHG=3.54E-05 dt0=1.00E+04 DIVF(1)=-1.94E-04 DIVFrms= 1.94E-04 DT(ND)= 1.47E-04 T(ND)=2.8597E+02
 NST=    21 JCONV=  2 CHG=2.97E-05 dt0=1.00E+04 DIVF(1)=-1.95E-04 DIVFrms= 1.95E-04 DT(ND)= 1.16E-04 T(ND)=2.8597E+02
 NST=    22 JCONV=  2 CHG=2.63E-05 dt0=1.00E+04 DIVF(1)=-1.96E-04 DIVFrms= 1.96E-04 DT(ND)= 9.28E-05 T(ND)=2.8597E+02
 NST=    23 JCONV=  2 CHG=2.40E-05 dt0=1.00E+04 DIVF(1)=-1.96E-04 DIVFrms= 1.96E-04 DT(ND)= 7.63E-05 T(ND)=2.8597E+02
 NST=    24 JCONV=  2 CHG=2.56E-04 dt0=1.00E+04 DIVF(1)=-1.97E-04 DIVFrms= 1.97E-04 DT(ND)= 6.41E-05 T(ND)=2.8597E+02
 NST=    25 JCONV=  2 CHG=1.33E-04 dt0=1.00E+04 DIVF(1)=-2.14E-04 DIVFrms= 2.14E-04 DT(ND)= 5.52E-05 T(ND)=2.8597E+02
 NST=    26 JCONV=  2 CHG=4.75E-05 dt0=1.00E+04 DIVF(1)=-1.96E-04 DIVFrms= 1.96E-04 DT(ND)= 4.77E-05 T(ND)=2.8597E+02
 NST=    27 JCONV=  2 CHG=3.56E-05 dt0=1.00E+04 DIVF(1)=-1.97E-04 DIVFrms= 1.97E-04 DT(ND)= 4.17E-05 T(ND)=2.8597E+02
 NST=    28 JCONV=  2 CHG=2.99E-05 dt0=1.00E+04 DIVF(1)=-1.98E-04 DIVFrms= 1.98E-04 DT(ND)= 3.79E-05 T(ND)=2.8597E+02
 NST=    29 JCONV=  2 CHG=2.64E-05 dt0=1.00E+04 DIVF(1)=-1.98E-04 DIVFrms= 1.98E-04 DT(ND)= 3.56E-05 T(ND)=2.8597E+02
 NST=    30 JCONV=  2 CHG=2.41E-05 dt0=1.00E+04 DIVF(1)=-1.99E-04 DIVFrms= 1.99E-04 DT(ND)= 3.41E-05 T(ND)=2.8597E+02
 NST=    31 JCONV=  2 CHG=2.24E-05 dt0=1.00E+04 DIVF(1)=-1.99E-04 DIVFrms= 1.99E-04 DT(ND)= 3.31E-05 T(ND)=2.8597E+02
 NST=    32 JCONV=  2 CHG=2.71E-04 dt0=1.00E+04 DIVF(1)=-1.99E-04 DIVFrms= 1.99E-04 DT(ND)= 3.24E-05 T(ND)=2.8597E+02
 NST=    33 JCONV=  2 CHG=1.40E-04 dt0=1.00E+04 DIVF(1)=-2.16E-04 DIVFrms= 2.16E-04 DT(ND)= 3.19E-05 T(ND)=2.8597E+02
 NST=    34 JCONV=  2 CHG=4.81E-05 dt0=1.00E+04 DIVF(1)=-1.98E-04 DIVFrms= 1.98E-04 DT(ND)= 3.07E-05 T(ND)=2.8597E+02
 NST=    35 JCONV=  2 CHG=3.58E-05 dt0=1.00E+04 DIVF(1)=-1.99E-04 DIVFrms= 1.99E-04 DT(ND)= 2.92E-05 T(ND)=2.8597E+02
 NST=    36 JCONV=  2 CHG=2.99E-05 dt0=1.00E+04 DIVF(1)=-1.99E-04 DIVFrms= 1.99E-04 DT(ND)= 2.89E-05 T(ND)=2.8597E+02
 NST=    37 JCONV=  2 CHG=2.64E-05 dt0=1.00E+04 DIVF(1)=-2.00E-04 DIVFrms= 2.00E-04 DT(ND)= 2.91E-05 T(ND)=2.8597E+02
 NST=    38 JCONV=  2 CHG=2.41E-05 dt0=1.00E+04 DIVF(1)=-2.00E-04 DIVFrms= 2.00E-04 DT(ND)= 2.95E-05 T(ND)=2.8597E+02
 NST=    39 JCONV=  2 CHG=2.62E-04 dt0=1.00E+04 DIVF(1)=-2.00E-04 DIVFrms= 2.00E-04 DT(ND)= 2.98E-05 T(ND)=2.8597E+02
 NST=    40 JCONV=  2 CHG=1.37E-04 dt0=1.00E+04 DIVF(1)=-2.17E-04 DIVFrms= 2.17E-04 DT(ND)= 3.01E-05 T(ND)=2.8597E+02
 NST=    41 JCONV=  2 CHG=4.82E-05 dt0=1.00E+04 DIVF(1)=-1.99E-04 DIVFrms= 1.99E-04 DT(ND)= 2.95E-05 T(ND)=2.8597E+02
 NST=    42 JCONV=  2 CHG=3.61E-05 dt0=1.00E+04 DIVF(1)=-2.00E-04 DIVFrms= 2.00E-04 DT(ND)= 2.85E-05 T(ND)=2.8597E+02
 NST=    43 JCONV=  2 CHG=3.02E-05 dt0=1.00E+04 DIVF(1)=-2.00E-04 DIVFrms= 2.00E-04 DT(ND)= 2.84E-05 T(ND)=2.8597E+02
 NST=    44 JCONV=  2 CHG=2.67E-05 dt0=1.00E+04 DIVF(1)=-2.01E-04 DIVFrms= 2.01E-04 DT(ND)= 2.89E-05 T(ND)=2.8597E+02
 NST=    45 JCONV=  2 CHG=2.44E-05 dt0=1.00E+04 DIVF(1)=-2.01E-04 DIVFrms= 2.01E-04 DT(ND)= 2.94E-05 T(ND)=2.8597E+02
 NST=    46 JCONV=  2 CHG=2.26E-05 dt0=1.00E+04 DIVF(1)=-2.02E-04 DIVFrms= 2.02E-04 DT(ND)= 2.98E-05 T(ND)=2.8597E+02
 NST=    47 JCONV=  2 CHG=2.75E-04 dt0=1.00E+04 DIVF(1)=-2.02E-04 DIVFrms= 2.02E-04 DT(ND)= 3.02E-05 T(ND)=2.8597E+02
 NST=    48 JCONV=  2 CHG=1.42E-04 dt0=1.00E+04 DIVF(1)=-2.19E-04 DIVFrms= 2.19E-04 DT(ND)= 3.05E-05 T(ND)=2.8597E+02
 NST=    49 JCONV=  2 CHG=4.87E-05 dt0=1.00E+04 DIVF(1)=-2.01E-04 DIVFrms= 2.01E-04 DT(ND)= 2.99E-05 T(ND)=2.8597E+02
 NST=    50 JCONV=  2 CHG=3.62E-05 dt0=1.00E+04 DIVF(1)=-2.01E-04 DIVFrms= 2.01E-04 DT(ND)= 2.89E-05 T(ND)=2.8597E+02

 TIME= 4.925E+05  TIME IN DAYS = 5.700E+00

 PLANETARY ALBEDO:  ALBP = 0.2284

  J     P         ALT         T        CONVEC       DT          TOLD        FH20       FSAVE        FO3        TCOOL       THEAT
  1 3.2610E-05 7.2838E+01 2.1092E+02  0.00E+00  -2.0350E-04  2.1092E+02  3.8927E-06  3.8927E-06  2.4962E-08 -4.8280E+01  3.4852E+01
  2 3.8505E-05 7.1758E+01 2.1225E+02  1.00E+00  -2.0133E-04  2.1225E+02  4.2173E-06  4.2173E-06  2.8269E-08 -3.3171E+01  5.0425E+00
  3 4.5410E-05 7.0679E+01 2.1363E+02  1.00E+00  -1.9595E-04  2.1363E+02  4.5080E-06  4.5080E-06  3.2652E-08 -2.2227E+01  1.8030E+00
  4 5.3484E-05 6.9602E+01 2.1505E+02  1.00E+00  -1.8720E-04  2.1505E+02  4.7850E-06  4.7850E-06  3.8899E-08 -1.4715E+01  1.4230E+00
  5 6.2916E-05 6.8526E+01 2.1652E+02  1.00E+00  -1.7590E-04  2.1652E+02  5.0288E-06  5.0288E-06  4.7583E-08 -9.9288E+00  1.4002E+00
  6 7.3917E-05 6.7451E+01 2.1802E+02  1.00E+00  -1.6326E-04  2.1802E+02  5.2593E-06  5.2593E-06  5.9840E-08 -7.0847E+00  1.4311E+00
  7 8.6732E-05 6.6378E+01 2.1955E+02  1.00E+00  -1.5054E-04  2.1955E+02  5.4666E-06  5.4666E-06  7.6798E-08 -5.4890E+00  1.4902E+00
  8 1.0164E-04 6.5306E+01 2.2109E+02  1.00E+00  -1.3888E-04  2.2109E+02  5.6496E-06  5.6496E-06  9.8696E-08 -4.6454E+00  1.5786E+00
  9 1.1896E-04 6.4236E+01 2.2264E+02  1.00E+00  -1.2919E-04  2.2264E+02  5.8118E-06  5.8118E-06  1.2632E-07 -4.2284E+00  1.7071E+00
 10 1.3906E-04 6.3167E+01 2.2419E+02  1.00E+00  -1.2203E-04  2.2419E+02  5.9598E-06  5.9598E-06  1.5621E-07 -4.0414E+00  1.8515E+00
 11 1.6235E-04 6.2100E+01 2.2575E+02  1.00E+00  -1.1757E-04  2.2575E+02  6.0878E-06  6.0878E-06  1.8763E-07 -3.9702E+00  2.0061E+00
 12 1.8930E-04 6.1035E+01 2.2729E+02  1.00E+00  -1.1562E-04  2.2729E+02  6.2114E-06  6.2114E-06  2.2114E-07 -3.9596E+00  2.1731E+00
 13 2.2045E-04 5.9971E+01 2.2883E+02  1.00E+00  -1.1573E-04  2.2883E+02  6.3178E-06  6.3178E-06  2.5732E-07 -3.9758E+00  2.3546E+00
 14 2.5640E-04 5.8909E+01 2.3036E+02  1.00E+00  -1.1728E-04  2.3036E+02  6.4139E-06  6.4139E-06  2.9744E-07 -4.0084E+00  2.5560E+00
 15 2.9783E-04 5.7850E+01 2.3188E+02  1.00E+00  -1.1962E-04  2.3188E+02  6.5019E-06  6.5019E-06  3.4324E-07 -4.0528E+00  2.7834E+00
 16 3.4552E-04 5.6793E+01 2.3339E+02  1.00E+00  -1.2221E-04  2.3339E+02  6.5774E-06  6.5774E-06  3.9374E-07 -4.1056E+00  3.0306E+00
 17 4.0035E-04 5.5739E+01 2.3489E+02  1.00E+00  -1.2462E-04  2.3489E+02  6.6506E-06  6.6506E-06  4.5060E-07 -4.1683E+00  3.3008E+00
 18 4.6329E-04 5.4687E+01 2.3639E+02  1.00E+00  -1.2661E-04  2.3639E+02  6.7225E-06  6.7225E-06  5.1389E-07 -4.2390E+00  3.5899E+00
 19 5.3546E-04 5.3638E+01 2.3788E+02  1.00E+00  -1.2810E-04  2.3788E+02  6.7767E-06  6.7767E-06  5.8383E-07 -4.3120E+00  3.8918E+00
 20 6.1808E-04 5.2592E+01 2.3936E+02  1.00E+00  -1.2908E-04  2.3936E+02  6.8294E-06  6.8294E-06  6.6102E-07 -4.3886E+00  4.2015E+00
 21 7.1255E-04 5.1549E+01 2.4083E+02  1.00E+00  -1.2965E-04  2.4083E+02  6.8780E-06  6.8780E-06  7.4692E-07 -4.4647E+00  4.5141E+00
 22 8.2043E-04 5.0510E+01 2.4230E+02  1.00E+00  -1.2991E-04  2.4230E+02  6.9196E-06  6.9196E-06  8.4114E-07 -4.5363E+00  4.8169E+00
 23 9.4345E-04 4.9474E+01 2.4376E+02  1.00E+00  -1.2997E-04  2.4376E+02  6.9610E-06  6.9610E-06  9.4643E-07 -4.6028E+00  5.1072E+00
 24 1.0836E-03 4.8441E+01 2.4522E+02  1.00E+00  -1.2992E-04  2.4522E+02  6.9962E-06  6.9962E-06  1.0666E-06 -4.6880E+00  5.3888E+00
 25 1.2429E-03 4.7412E+01 2.4667E+02  1.00E+00  -1.2983E-04  2.4667E+02  7.0235E-06  7.0235E-06  1.1968E-06 -4.7816E+00  5.6303E+00
 26 1.4239E-03 4.6387E+01 2.4812E+02  1.00E+00  -1.2975E-04  2.4812E+02  7.0473E-06  7.0473E-06  1.3576E-06 -4.8913E+00  5.8670E+00
 27 1.6291E-03 4.5365E+01 2.4956E+02  1.00E+00  -1.2971E-04  2.4956E+02  7.0600E-06  7.0600E-06  1.5287E-06 -5.0397E+00  6.0249E+00
 28 1.8616E-03 4.4348E+01 2.5102E+02  1.00E+00  -1.3604E-04  2.5102E+02  7.0700E-06  7.0700E-06  1.7299E-06 -5.2670E+00  6.1403E+00
 29 2.1247E-03 4.3335E+01 2.5248E+02  1.00E+00  -1.1936E-04  2.5248E+02  7.0700E-06  7.0700E-06  1.9591E-06 -5.5386E+00  6.1897E+00
 30 2.4218E-03 4.2326E+01 2.5360E+02  0.00E+00  -7.9883E-05  2.5360E+02  7.0615E-06  7.0615E-06  2.2197E-06 -5.7378E+00  6.1603E+00
 31 2.7570E-03 4.1324E+01 2.5409E+02  0.00E+00  -3.6800E-05  2.5409E+02  7.0415E-06  7.0415E-06  2.5171E-06 -5.7897E+00  6.0475E+00
 32 3.1346E-03 4.0332E+01 2.5387E+02  0.00E+00  -4.4780E-06  2.5387E+02  7.0116E-06  7.0116E-06  2.8430E-06 -5.6831E+00  5.8366E+00
 33 3.5595E-03 3.9352E+01 2.5296E+02  0.00E+00   9.1123E-06  2.5296E+02  6.9641E-06  6.9641E-06  3.1844E-06 -5.4404E+00  5.5305E+00
 34 4.0368E-03 3.8387E+01 2.5146E+02  0.00E+00   2.8859E-06  2.5146E+02  6.9082E-06  6.9082E-06  3.4954E-06 -5.0974E+00  5.1314E+00
 35 4.5725E-03 3.7438E+01 2.4949E+02  0.00E+00  -1.8851E-05  2.4949E+02  6.8450E-06  6.8450E-06  3.7705E-06 -4.7012E+00  4.7015E+00
 36 5.1726E-03 3.6508E+01 2.4717E+02  0.00E+00  -4.8911E-05  2.4717E+02  6.7706E-06  6.7706E-06  3.9882E-06 -4.2893E+00  4.2749E+00
 37 5.8442E-03 3.5596E+01 2.4462E+02  0.00E+00  -8.0039E-05  2.4462E+02  6.6876E-06  6.6876E-06  4.1515E-06 -3.8994E+00  3.8806E+00
 38 6.5946E-03 3.4703E+01 2.4194E+02  0.00E+00  -1.0693E-04  2.4194E+02  6.6053E-06  6.6053E-06  4.2647E-06 -3.5470E+00  3.5265E+00
 39 7.4320E-03 3.3829E+01 2.3922E+02  0.00E+00  -1.2693E-04  2.3922E+02  6.5095E-06  6.5095E-06  4.3352E-06 -3.2326E+00  3.2100E+00
 40 8.3652E-03 3.2975E+01 2.3656E+02  0.00E+00  -1.3976E-04  2.3656E+02  6.4224E-06  6.4224E-06  4.3810E-06 -2.9514E+00  2.9286E+00
 41 9.4038E-03 3.2139E+01 2.3401E+02  0.00E+00  -1.4650E-04  2.3401E+02  6.3267E-06  6.3267E-06  4.4000E-06 -2.6959E+00  2.6709E+00
 42 1.0558E-02 3.1321E+01 2.3163E+02  0.00E+00  -1.4866E-04  2.3163E+02  6.2285E-06  6.2285E-06  4.3914E-06 -2.4837E+00  2.4303E+00
 43 1.1839E-02 3.0521E+01 2.2946E+02  0.00E+00  -1.4741E-04  2.2946E+02  6.1424E-06  6.1424E-06  4.3562E-06 -2.2426E+00  2.2041E+00
 44 1.3258E-02 2.9736E+01 2.2751E+02  0.00E+00  -1.4329E-04  2.2751E+02  6.0483E-06  6.0483E-06  4.2886E-06 -2.0191E+00  1.9911E+00
 45 1.4829E-02 2.8966E+01 2.2578E+02  0.00E+00  -1.3641E-04  2.2578E+02  5.9559E-06  5.9559E-06  4.2001E-06 -1.8143E+00  1.7956E+00
 46 1.6566E-02 2.8211E+01 2.2424E+02  0.00E+00  -1.2680E-04  2.2424E+02  5.8653E-06  5.8653E-06  4.0929E-06 -1.6290E+00  1.6188E+00
 47 1.8482E-02 2.7469E+01 2.2287E+02  0.00E+00  -1.1482E-04  2.2287E+02  5.7706E-06  5.7706E-06  3.9535E-06 -1.4635E+00  1.4588E+00
 48 2.0594E-02 2.6741E+01 2.2166E+02  0.00E+00  -1.0138E-04  2.2166E+02  5.6788E-06  5.6788E-06  3.8077E-06 -1.3188E+00  1.3202E+00
 49 2.2918E-02 2.6024E+01 2.2056E+02  0.00E+00  -8.7905E-05  2.2056E+02  5.5928E-06  5.5928E-06  3.6353E-06 -1.1942E+00  1.1979E+00
 50 2.5473E-02 2.5320E+01 2.1956E+02  0.00E+00  -7.6156E-05  2.1956E+02  5.5083E-06  5.5083E-06  3.4578E-06 -1.0875E+00  1.0931E+00
 51 2.8276E-02 2.4627E+01 2.1864E+02  0.00E+00  -6.7725E-05  2.1864E+02  5.4152E-06  5.4152E-06  3.2749E-06 -9.9497E-01  1.0020E+00
 52 3.1349E-02 2.3946E+01 2.1779E+02  0.00E+00  -6.3506E-05  2.1779E+02  5.3334E-06  5.3334E-06  3.0777E-06 -9.1384E-01  9.1977E-01
 53 3.4712E-02 2.3275E+01 2.1700E+02  0.00E+00  -6.3610E-05  2.1700E+02  5.2434E-06  5.2434E-06  2.8868E-06 -8.3937E-01  8.4605E-01
 54 3.8387E-02 2.2615E+01 2.1625E+02  0.00E+00  -6.7452E-05  2.1625E+02  5.1637E-06  5.1637E-06  2.6787E-06 -7.7098E-01  7.7505E-01
 55 4.2398E-02 2.1966E+01 2.1555E+02  0.00E+00  -7.3208E-05  2.1555E+02  5.0801E-06  5.0801E-06  2.4778E-06 -7.0596E-01  7.0855E-01
 56 4.6769E-02 2.1327E+01 2.1491E+02  0.00E+00  -7.8118E-05  2.1491E+02  4.9992E-06  4.9992E-06  2.2739E-06 -6.4454E-01  6.4428E-01
 57 5.1525E-02 2.0699E+01 2.1432E+02  0.00E+00  -8.0147E-05  2.1432E+02  4.9238E-06  4.9238E-06  2.0729E-06 -5.8609E-01  5.8262E-01
 58 5.6694E-02 2.0080E+01 2.1379E+02  0.00E+00  -7.9948E-05  2.1379E+02  4.8460E-06  4.8460E-06  1.8739E-06 -5.2957E-01  5.2355E-01
 59 6.2302E-02 1.9471E+01 2.1332E+02  0.00E+00  -7.2663E-05  2.1332E+02  4.7664E-06  4.7664E-06  1.6787E-06 -4.7426E-01  4.6743E-01
 60 6.8379E-02 1.8871E+01 2.1290E+02  0.00E+00  -5.4507E-05  2.1290E+02  4.7020E-06  4.7020E-06  1.4794E-06 -4.2192E-01  4.1372E-01
 61 7.4955E-02 1.8281E+01 2.1253E+02  0.00E+00  -3.7610E-05  2.1253E+02  4.6337E-06  4.6337E-06  1.2893E-06 -3.7057E-01  3.6448E-01
 62 8.2059E-02 1.7700E+01 2.1221E+02  0.00E+00  -1.5288E-05  2.1221E+02  4.5749E-06  4.5749E-06  1.1135E-06 -3.2105E-01  3.2056E-01
 63 8.9723E-02 1.7128E+01 2.1191E+02  0.00E+00   3.1966E-05  2.1191E+02  4.5177E-06  4.5177E-06  9.3888E-07 -2.7806E-01  2.8010E-01
 64 9.7980E-02 1.6565E+01 2.1163E+02  0.00E+00   6.3162E-05  2.1163E+02  4.4651E-06  4.4651E-06  7.8012E-07 -2.4133E-01  2.4472E-01
 65 1.0686E-01 1.6011E+01 2.1135E+02  0.00E+00   4.9526E-05  2.1135E+02  4.4208E-06  4.4208E-06  6.3553E-07 -1.8874E-01  2.1279E-01
 66 1.1640E-01 1.5465E+01 2.1108E+02  0.00E+00   8.7426E-05  2.1108E+02  4.3829E-06  4.3829E-06  5.0845E-07 -1.6356E-01  1.8530E-01
 67 1.2663E-01 1.4929E+01 2.1082E+02  0.00E+00   2.1422E-04  2.1082E+02  4.3507E-06  4.3507E-06  4.0044E-07 -1.4602E-01  1.6240E-01
 68 1.3759E-01 1.4401E+01 2.1059E+02  0.00E+00   2.2373E-04  2.1059E+02  4.3260E-06  4.3260E-06  3.1033E-07 -1.3533E-01  1.4346E-01
 69 1.4931E-01 1.3882E+01 2.1042E+02  0.00E+00   9.0873E-05  2.1042E+02  4.3052E-06  4.3052E-06  2.3377E-07 -1.3119E-01  1.2761E-01
 70 1.6182E-01 1.3371E+01 2.1035E+02  0.00E+00  -9.4139E-04  2.1035E+02  4.2924E-06  4.2924E-06  1.7302E-07 -1.2977E-01  1.1503E-01
 71 1.7516E-01 1.2868E+01 2.1039E+02  0.00E+00   3.3918E-03  2.1039E+02  4.2824E-06  4.2824E-06  1.3025E-07 -1.2692E-01  1.0582E-01
 72 1.8936E-01 1.2373E+01 2.1056E+02  0.00E+00  -2.5032E-03  2.1057E+02  4.2725E-06  4.2725E-06  1.0271E-07 -1.1986E-01  9.9523E-02
 73 2.0445E-01 1.1886E+01 2.1086E+02  0.00E+00  -1.7635E-03  2.1086E+02  4.4220E-06  4.4220E-06  8.2625E-08 -1.1523E-01  9.5683E-02
 74 2.2047E-01 1.1406E+01 2.1128E+02  0.00E+00   5.3124E-03  2.1127E+02  5.0166E-06  5.0166E-06  6.7939E-08 -1.2039E-01  9.5077E-02
 75 2.3744E-01 1.0933E+01 2.1179E+02  0.00E+00   1.3681E-03  2.1179E+02  5.9445E-06  5.9443E-06  5.8966E-08 -1.1494E-01  9.6998E-02
 76 2.5539E-01 1.0467E+01 2.1234E+02  0.00E+00  -7.6875E-03  2.1234E+02  6.9302E-06  6.9399E-06  5.3704E-08 -5.4000E-02  9.9600E-02
 77 2.7436E-01 1.0007E+01 2.1306E+02  0.00E+00   4.6105E-03  2.1306E+02  7.6816E-06  7.6769E-06  5.0071E-08 -6.2435E-02  1.0227E-01
 78 2.9437E-01 9.5523E+00 2.1614E+02  0.00E+00   8.1355E-05  2.1614E+02  1.1631E-05  1.1631E-05  4.7049E-08 -3.1990E-01  1.1914E-01
 79 3.1544E-01 9.0975E+00 2.2048E+02  1.00E+00   8.2329E-05  2.2048E+02  2.0435E-05  2.0435E-05  4.4326E-08 -7.2353E-01  1.5430E-01
 80 3.3759E-01 8.6423E+00 2.2480E+02  1.00E+00   8.2087E-05  2.2480E+02  3.5019E-05  3.5019E-05  4.1780E-08 -1.1432E+00  2.0360E-01
 81 3.6084E-01 8.1870E+00 2.2907E+02  1.00E+00   8.0576E-05  2.2907E+02  5.8499E-05  5.8499E-05  3.9248E-08 -1.5362E+00  2.6448E-01
 82 3.8520E-01 7.7320E+00 2.3328E+02  1.00E+00   7.8007E-05  2.3328E+02  9.5195E-05  9.5194E-05  3.6806E-08 -1.8488E+00  3.3178E-01
 83 4.1069E-01 7.2777E+00 2.3740E+02  1.00E+00   7.4839E-05  2.3740E+02  1.5078E-04  1.5077E-04  3.4534E-08 -2.0637E+00  4.0225E-01
 84 4.3732E-01 6.8248E+00 2.4141E+02  1.00E+00   7.1534E-05  2.4141E+02  2.3225E-04  2.3225E-04  3.2348E-08 -2.2066E+00  4.7805E-01
 85 4.6509E-01 6.3738E+00 2.4528E+02  1.00E+00   6.8161E-05  2.4528E+02  3.4774E-04  3.4774E-04  3.0176E-08 -2.2682E+00  5.5593E-01
 86 4.9399E-01 5.9251E+00 2.4899E+02  1.00E+00   6.4300E-05  2.4899E+02  5.0599E-04  5.0599E-04  2.8151E-08 -2.2776E+00  6.2257E-01
 87 5.2403E-01 5.4794E+00 2.5252E+02  1.00E+00   6.0172E-05  2.5252E+02  7.1584E-04  7.1583E-04  2.6242E-08 -2.2639E+00  6.7037E-01
 88 5.5520E-01 5.0373E+00 2.5586E+02  1.00E+00   5.5993E-05  2.5586E+02  9.8557E-04  9.8557E-04  2.4384E-08 -2.2486E+00  7.0455E-01
 89 5.8749E-01 4.5992E+00 2.5902E+02  1.00E+00   5.1939E-05  2.5902E+02  1.3226E-03  1.3226E-03  2.2610E-08 -2.2107E+00  7.3204E-01
 90 6.2086E-01 4.1659E+00 2.6199E+02  1.00E+00   4.8136E-05  2.6199E+02  1.7331E-03  1.7331E-03  2.0986E-08 -2.1511E+00  7.5315E-01
 91 6.5531E-01 3.7378E+00 2.6478E+02  1.00E+00   4.4657E-05  2.6478E+02  2.2222E-03  2.2222E-03  1.9456E-08 -2.0879E+00  7.6504E-01
 92 6.9079E-01 3.3153E+00 2.6740E+02  1.00E+00   4.1538E-05  2.6740E+02  2.7937E-03  2.7937E-03  1.8013E-08 -1.9998E+00  7.6762E-01
 93 7.2728E-01 2.8989E+00 2.6987E+02  1.00E+00   3.8786E-05  2.6987E+02  3.4505E-03  3.4505E-03  1.6661E-08 -1.8590E+00  7.6384E-01
 94 7.6473E-01 2.4891E+00 2.7219E+02  1.00E+00   3.6390E-05  2.7219E+02  4.1944E-03  4.1943E-03  1.5508E-08 -1.7094E+00  7.5678E-01
 95 8.0310E-01 2.0861E+00 2.7455E+02  1.00E+00   3.4366E-05  2.7455E+02  5.0950E-03  5.0950E-03  1.4495E-08 -1.6120E+00  7.5248E-01
 96 8.4233E-01 1.6900E+00 2.7684E+02  1.00E+00   3.2815E-05  2.7684E+02  5.9969E-03  5.9969E-03  1.3576E-08 -1.5273E+00  7.3462E-01
 97 8.8236E-01 1.3011E+00 2.7905E+02  1.00E+00   3.1817E-05  2.7905E+02  6.9889E-03  6.9888E-03  1.2799E-08 -1.5110E+00  7.1752E-01
 98 9.2313E-01 9.1979E-01 2.8113E+02  1.00E+00   3.0607E-05  2.8113E+02  8.1056E-03  8.1056E-03  1.2166E-08 -1.5768E+00  7.0701E-01
 99 9.6457E-01 5.4632E-01 2.8312E+02  1.00E+00   3.0266E-05  2.8312E+02  9.1706E-03  9.1706E-03  1.1652E-08 -1.7516E+00  6.9939E-01
100 1.0066E+00 1.8095E-01 2.8502E+02  1.00E+00   2.9219E-05  2.8502E+02  1.0533E-02  1.0533E-02  1.1220E-08 -2.0072E+00  7.2084E-01
101 1.0280E+00 0.0000E+00 2.8597E+02  1.00E+00   2.8889E-05  2.8597E+02  1.1216E-02  1.1216E-02  1.1300E-08 -3.5518E+00  7.9562E+00
  J     P         ALT         T        CONVEC       DT          TOLD        FH20       FSAVE        FO3        TCOOL       THEAT

 FCO2
  1.92E-04 1.92E-04 1.92E-04 1.92E-04 1.92E-04 1.92E-04 1.92E-04 1.92E-04 1.92E-04 1.92E-04
  1.92E-04 1.92E-04 1.92E-04 1.92E-04 1.92E-04 1.92E-04 1.92E-04 1.92E-04 1.92E-04 1.92E-04
  1.92E-04 1.92E-04 1.92E-04 1.92E-04 1.92E-04 1.92E-04 1.92E-04 1.92E-04 1.92E-04 1.92E-04
  1.92E-04 1.92E-04 1.92E-04 1.92E-04 1.92E-04 1.92E-04 1.92E-04 1.92E-04 1.92E-04 1.92E-04
  1.92E-04 1.92E-04 1.92E-04 1.92E-04 1.92E-04 1.92E-04 1.92E-04 1.92E-04 1.92E-04 1.92E-04
  1.92E-04 1.92E-04 1.92E-04 1.92E-04 1.92E-04 1.92E-04 1.92E-04 1.92E-04 1.92E-04 1.92E-04
  1.92E-04 1.92E-04 1.92E-04 1.92E-04 1.92E-04 1.92E-04 1.92E-04 1.92E-04 1.92E-04 1.92E-04
  1.92E-04 1.92E-04 1.92E-04 1.92E-04 1.92E-04 1.92E-04 1.92E-04 1.92E-04 1.92E-04 1.92E-04
  1.92E-04 1.92E-04 1.92E-04 1.92E-04 1.92E-04 1.92E-04 1.92E-04 1.92E-04 1.92E-04 1.92E-04
  1.92E-04 1.92E-04 1.92E-04 1.92E-04 1.92E-04 1.92E-04 1.92E-04 1.92E-04 1.92E-04 1.92E-04
  1.92E-04

  J    PF         ALT       FTOTAL       FTIR       FDNIR       FUPIR       FTSOL       FDNSOL       FUPSOL       DIVF
  1 3.0000E-05 7.2838E+01 -5.3113E+01 -2.6376E+05  0.0000E+00  2.6376E+05  2.6371E+05  3.4178E+05  7.8071E+04 -2.0137E-04
  2 3.5446E-05 7.1758E+01 -4.4163E+01 -2.6373E+05  3.5351E+01  2.6376E+05  2.6368E+05  3.4175E+05  7.8071E+04 -1.6744E-04
  3 4.1828E-05 7.0679E+01 -2.2197E+01 -2.6370E+05  6.4761E+01  2.6377E+05  2.6368E+05  3.4175E+05  7.8071E+04 -8.4154E-05
  4 4.9297E-05 6.9602E+01 -3.5350E+00 -2.6368E+05  8.8925E+01  2.6377E+05  2.6368E+05  3.4175E+05  7.8071E+04 -1.3402E-05
  5 5.8027E-05 6.8526E+01  1.0657E+01 -2.6367E+05  1.0885E+02  2.6377E+05  2.6368E+05  3.4175E+05  7.8070E+04  4.0403E-05
  6 6.8216E-05 6.7451E+01  2.1284E+01 -2.6365E+05  1.2582E+02  2.6378E+05  2.6367E+05  3.4174E+05  7.8070E+04  8.0688E-05
  7 8.0094E-05 6.6378E+01  2.9494E+01 -2.6364E+05  1.4109E+02  2.6378E+05  2.6367E+05  3.4174E+05  7.8070E+04  1.1181E-04
  8 9.3921E-05 6.5306E+01  3.6252E+01 -2.6363E+05  1.5575E+02  2.6379E+05  2.6367E+05  3.4174E+05  7.8069E+04  1.3743E-04
  9 1.1000E-04 6.4236E+01  4.2278E+01 -2.6362E+05  1.7067E+02  2.6380E+05  2.6367E+05  3.4174E+05  7.8069E+04  1.6027E-04
 10 1.2866E-04 6.3167E+01  4.8028E+01 -2.6362E+05  1.8657E+02  2.6380E+05  2.6366E+05  3.4173E+05  7.8068E+04  1.8206E-04
 11 1.5030E-04 6.2100E+01  5.3818E+01 -2.6360E+05  2.0398E+02  2.6381E+05  2.6366E+05  3.4173E+05  7.8067E+04  2.0400E-04
 12 1.7536E-04 6.1035E+01  5.9830E+01 -2.6359E+05  2.2337E+02  2.6382E+05  2.6365E+05  3.4172E+05  7.8067E+04  2.2679E-04
 13 2.0435E-04 5.9971E+01  6.6153E+01 -2.6358E+05  2.4517E+02  2.6382E+05  2.6364E+05  3.4171E+05  7.8066E+04  2.5075E-04
 14 2.3782E-04 5.8909E+01  7.2779E+01 -2.6356E+05  2.6977E+02  2.6383E+05  2.6363E+05  3.4170E+05  7.8065E+04  2.7585E-04
 15 2.7643E-04 5.7850E+01  7.9624E+01 -2.6354E+05  2.9761E+02  2.6384E+05  2.6362E+05  3.4169E+05  7.8064E+04  3.0179E-04
 16 3.2089E-04 5.6793E+01  8.6513E+01 -2.6352E+05  3.2920E+02  2.6385E+05  2.6361E+05  3.4167E+05  7.8062E+04  3.2789E-04
 17 3.7205E-04 5.5739E+01  9.3223E+01 -2.6350E+05  3.6508E+02  2.6386E+05  2.6359E+05  3.4165E+05  7.8061E+04  3.5330E-04
 18 4.3081E-04 5.4687E+01  9.9442E+01 -2.6347E+05  4.0588E+02  2.6387E+05  2.6357E+05  3.4162E+05  7.8059E+04  3.7686E-04
 19 4.9823E-04 5.3638E+01  1.0478E+02 -2.6343E+05  4.5232E+02  2.6388E+05  2.6354E+05  3.4159E+05  7.8057E+04  3.9707E-04
 20 5.7547E-04 5.2592E+01  1.0874E+02 -2.6339E+05  5.0513E+02  2.6390E+05  2.6350E+05  3.4155E+05  7.8055E+04  4.1205E-04
 21 6.6385E-04 5.1549E+01  1.1075E+02 -2.6334E+05  5.6514E+02  2.6391E+05  2.6345E+05  3.4151E+05  7.8053E+04  4.1967E-04
 22 7.6483E-04 5.0510E+01  1.1015E+02 -2.6329E+05  6.3320E+02  2.6392E+05  2.6340E+05  3.4145E+05  7.8050E+04  4.1735E-04
 23 8.8007E-04 4.9474E+01  1.0621E+02 -2.6322E+05  7.1016E+02  2.6393E+05  2.6333E+05  3.4138E+05  7.8047E+04  4.0239E-04
 24 1.0114E-03 4.8441E+01  9.8133E+01 -2.6315E+05  7.9686E+02  2.6395E+05  2.6325E+05  3.4129E+05  7.8044E+04  3.7179E-04
 25 1.1609E-03 4.7412E+01  8.5371E+01 -2.6307E+05  8.9449E+02  2.6396E+05  2.6315E+05  3.4119E+05  7.8040E+04  3.2342E-04
 26 1.3307E-03 4.6387E+01  6.7808E+01 -2.6297E+05  1.0041E+03  2.6397E+05  2.6303E+05  3.4107E+05  7.8036E+04  2.5688E-04
 27 1.5235E-03 4.5365E+01  4.4895E+01 -2.6285E+05  1.1269E+03  2.6398E+05  2.6290E+05  3.4093E+05  7.8032E+04  1.7007E-04
 28 1.7421E-03 4.4348E+01  1.8676E+01 -2.6272E+05  1.2643E+03  2.6398E+05  2.6274E+05  3.4076E+05  7.8027E+04  7.0749E-05
 29 1.9894E-03 4.3335E+01 -7.6261E+00 -2.6256E+05  1.4180E+03  2.6398E+05  2.6255E+05  3.4057E+05  7.8022E+04 -2.8889E-05
 30 2.2691E-03 4.2326E+01 -2.9788E+01 -2.6237E+05  1.5884E+03  2.6396E+05  2.6234E+05  3.4036E+05  7.8017E+04 -1.1285E-04
 31 2.5848E-03 4.1324E+01 -4.6020E+01 -2.6215E+05  1.7730E+03  2.6392E+05  2.6210E+05  3.4011E+05  7.8011E+04 -1.7437E-04
 32 2.9407E-03 4.0332E+01 -5.7184E+01 -2.6190E+05  1.9682E+03  2.6387E+05  2.6184E+05  3.3985E+05  7.8006E+04 -2.1672E-04
 33 3.3413E-03 3.9352E+01 -6.4668E+01 -2.6162E+05  2.1699E+03  2.6379E+05  2.6156E+05  3.3956E+05  7.8001E+04 -2.4515E-04
 34 3.7918E-03 3.8387E+01 -6.9603E+01 -2.6132E+05  2.3743E+03  2.6370E+05  2.6125E+05  3.3925E+05  7.7996E+04 -2.6395E-04
 35 4.2977E-03 3.7438E+01 -7.1690E+01 -2.6101E+05  2.5784E+03  2.6359E+05  2.6094E+05  3.3893E+05  7.7991E+04 -2.7198E-04
 36 4.8648E-03 3.6508E+01 -7.1710E+01 -2.6069E+05  2.7806E+03  2.6347E+05  2.6061E+05  3.3860E+05  7.7987E+04 -2.7218E-04
 37 5.4999E-03 3.5596E+01 -7.0604E+01 -2.6036E+05  2.9813E+03  2.6334E+05  2.6029E+05  3.3827E+05  7.7982E+04 -2.6811E-04
 38 6.2100E-03 3.4703E+01 -6.8987E+01 -2.6002E+05  3.1826E+03  2.6320E+05  2.5995E+05  3.3793E+05  7.7979E+04 -2.6211E-04
 39 7.0030E-03 3.3829E+01 -6.7012E+01 -2.5968E+05  3.3877E+03  2.6307E+05  2.5961E+05  3.3759E+05  7.7975E+04 -2.5474E-04
 40 7.8873E-03 3.2975E+01 -6.4598E+01 -2.5933E+05  3.6002E+03  2.6293E+05  2.5927E+05  3.3724E+05  7.7972E+04 -2.4568E-04
 41 8.8721E-03 3.2139E+01 -6.1868E+01 -2.5898E+05  3.8230E+03  2.6280E+05  2.5892E+05  3.3689E+05  7.7968E+04 -2.3541E-04
 42 9.9673E-03 3.1321E+01 -5.8548E+01 -2.5862E+05  4.0578E+03  2.6268E+05  2.5856E+05  3.3653E+05  7.7965E+04 -2.2289E-04
 43 1.1184E-02 3.0521E+01 -5.0673E+01 -2.5826E+05  4.3090E+03  2.6257E+05  2.5821E+05  3.3617E+05  7.7961E+04 -1.9299E-04
 44 1.2532E-02 2.9736E+01 -4.4388E+01 -2.5789E+05  4.5726E+03  2.6246E+05  2.5785E+05  3.3580E+05  7.7957E+04 -1.6912E-04
 45 1.4026E-02 2.8966E+01 -3.9333E+01 -2.5753E+05  4.8478E+03  2.6237E+05  2.5749E+05  3.3544E+05  7.7953E+04 -1.4991E-04
 46 1.5678E-02 2.8211E+01 -3.5599E+01 -2.5716E+05  5.1338E+03  2.6230E+05  2.5713E+05  3.3508E+05  7.7948E+04 -1.3572E-04
 47 1.7503E-02 2.7469E+01 -3.3363E+01 -2.5680E+05  5.4302E+03  2.6223E+05  2.5677E+05  3.3471E+05  7.7941E+04 -1.2723E-04
 48 1.9515E-02 2.6741E+01 -3.2204E+01 -2.5645E+05  5.7367E+03  2.6219E+05  2.5642E+05  3.3435E+05  7.7934E+04 -1.2283E-04
 49 2.1732E-02 2.6024E+01 -3.2591E+01 -2.5610E+05  6.0546E+03  2.6215E+05  2.5606E+05  3.3399E+05  7.7924E+04 -1.2432E-04
 50 2.4169E-02 2.5320E+01 -3.3688E+01 -2.5574E+05  6.3853E+03  2.6213E+05  2.5571E+05  3.3362E+05  7.7912E+04 -1.2852E-04
 51 2.6846E-02 2.4627E+01 -3.5492E+01 -2.5539E+05  6.7313E+03  2.6212E+05  2.5536E+05  3.3325E+05  7.7898E+04 -1.3540E-04
 52 2.9783E-02 2.3946E+01 -3.7984E+01 -2.5504E+05  7.0950E+03  2.6214E+05  2.5500E+05  3.3288E+05  7.7880E+04 -1.4490E-04
 53 3.2998E-02 2.3275E+01 -4.0281E+01 -2.5469E+05  7.4787E+03  2.6216E+05  2.5465E+05  3.3250E+05  7.7858E+04 -1.5365E-04
 54 3.6515E-02 2.2615E+01 -4.3114E+01 -2.5433E+05  7.8839E+03  2.6221E+05  2.5429E+05  3.3212E+05  7.7831E+04 -1.6442E-04
 55 4.0355E-02 2.1966E+01 -4.4997E+01 -2.5397E+05  8.3119E+03  2.6228E+05  2.5393E+05  3.3173E+05  7.7799E+04 -1.7156E-04
 56 4.4544E-02 2.1327E+01 -4.6306E+01 -2.5362E+05  8.7638E+03  2.6238E+05  2.5357E+05  3.3133E+05  7.7761E+04 -1.7648E-04
 57 4.9105E-02 2.0699E+01 -4.6163E+01 -2.5326E+05  9.2400E+03  2.6250E+05  2.5322E+05  3.3093E+05  7.7716E+04 -1.7586E-04
 58 5.4065E-02 2.0080E+01 -4.4089E+01 -2.5291E+05  9.7411E+03  2.6265E+05  2.5287E+05  3.3053E+05  7.7664E+04 -1.6786E-04
 59 5.9451E-02 1.9471E+01 -4.0185E+01 -2.5257E+05  1.0266E+04  2.6283E+05  2.5253E+05  3.3013E+05  7.7602E+04 -1.5289E-04
 60 6.5291E-02 1.8871E+01 -3.5385E+01 -2.5223E+05  1.0813E+04  2.6305E+05  2.5220E+05  3.2973E+05  7.7531E+04 -1.3452E-04
 61 7.1614E-02 1.8281E+01 -2.9143E+01 -2.5191E+05  1.1377E+04  2.6329E+05  2.5188E+05  3.2933E+05  7.7449E+04 -1.1069E-04
 62 7.8451E-02 1.7700E+01 -2.4132E+01 -2.5161E+05  1.1956E+04  2.6356E+05  2.5158E+05  3.2894E+05  7.7356E+04 -9.1560E-05
 63 8.5833E-02 1.7128E+01 -2.3694E+01 -2.5132E+05  1.2543E+04  2.6387E+05  2.5130E+05  3.2855E+05  7.7249E+04 -8.9794E-05
 64 9.3790E-02 1.6565E+01 -2.5648E+01 -2.5106E+05  1.3135E+04  2.6419E+05  2.5103E+05  3.2816E+05  7.7129E+04 -9.7081E-05
 65 1.0236E-01 1.6011E+01 -2.9138E+01 -2.5081E+05  1.3729E+04  2.6454E+05  2.5078E+05  3.2777E+05  7.6994E+04 -1.1015E-04
 66 1.1156E-01 1.5465E+01 -5.5767E+01 -2.5060E+05  1.4337E+04  2.6494E+05  2.5054E+05  3.2739E+05  7.6843E+04 -2.1049E-04
 67 1.2145E-01 1.4929E+01 -8.1598E+01 -2.5041E+05  1.4939E+04  2.6534E+05  2.5032E+05  3.2700E+05  7.6677E+04 -3.0752E-04
 68 1.3204E-01 1.4401E+01 -1.0246E+02 -2.5022E+05  1.5542E+04  2.6576E+05  2.5012E+05  3.2661E+05  7.6494E+04 -3.8553E-04
 69 1.4337E-01 1.3882E+01 -1.1354E+02 -2.5003E+05  1.6156E+04  2.6619E+05  2.4992E+05  3.2622E+05  7.6295E+04 -4.2653E-04
 70 1.5549E-01 1.3371E+01 -1.0834E+02 -2.4984E+05  1.6792E+04  2.6664E+05  2.4974E+05  3.2581E+05  7.6079E+04 -4.0630E-04
 71 1.6841E-01 1.2868E+01 -8.5436E+01 -2.4964E+05  1.7460E+04  2.6710E+05  2.4956E+05  3.2540E+05  7.5847E+04 -3.1986E-04
 72 1.8218E-01 1.2373E+01 -5.0545E+01 -2.4943E+05  1.8170E+04  2.6760E+05  2.4938E+05  3.2498E+05  7.5598E+04 -1.8888E-04
 73 1.9682E-01 1.1886E+01 -1.4761E+01 -2.4922E+05  1.8930E+04  2.6815E+05  2.4921E+05  3.2454E+05  7.5333E+04 -5.5049E-05
 74 2.1237E-01 1.1406E+01  2.1752E+01 -2.4901E+05  1.9757E+04  2.6876E+05  2.4903E+05  3.2408E+05  7.5052E+04  8.0933E-05
 75 2.2887E-01 1.0933E+01  7.1895E+01 -2.4877E+05  2.0697E+04  2.6946E+05  2.4884E+05  3.2360E+05  7.4755E+04  2.6681E-04
 76 2.4633E-01 1.0467E+01  1.0953E+02 -2.4853E+05  2.1775E+04  2.7030E+05  2.4864E+05  3.2308E+05  7.4442E+04  4.0520E-04
 77 2.6479E-01 1.0007E+01  8.4401E+00 -2.4841E+05  2.3009E+04  2.7142E+05  2.4842E+05  3.2253E+05  7.4113E+04  3.1096E-05
 78 2.8428E-01 9.5523E+00 -8.4760E+01 -2.4826E+05  2.4745E+04  2.7301E+05  2.4818E+05  3.2194E+05  7.3768E+04 -3.1047E-04
 79 3.0482E-01 9.0975E+00  4.1033E+02 -2.4747E+05  2.7478E+04  2.7495E+05  2.4788E+05  3.2129E+05  7.3406E+04  1.4924E-03
 80 3.2643E-01 8.6423E+00  1.8877E+03 -2.4559E+05  3.1556E+04  2.7715E+05  2.4748E+05  3.2051E+05  7.3028E+04  6.8111E-03
 81 3.4913E-01 8.1870E+00  4.4500E+03 -2.4248E+05  3.7169E+04  2.7965E+05  2.4693E+05  3.1956E+05  7.2634E+04  1.5913E-02
 82 3.7294E-01 7.7320E+00  8.0883E+03 -2.3808E+05  4.4387E+04  2.8247E+05  2.4617E+05  3.1839E+05  7.2223E+04  2.8634E-02
 83 3.9787E-01 7.2777E+00  1.2634E+04 -2.3254E+05  5.3102E+04  2.8564E+05  2.4518E+05  3.1697E+05  7.1795E+04  4.4230E-02
 84 4.2393E-01 6.8248E+00  1.7840E+04 -2.2608E+05  6.3107E+04  2.8918E+05  2.4392E+05  3.1527E+05  7.1352E+04  6.1691E-02
 85 4.5113E-01 6.3738E+00  2.3494E+04 -2.1886E+05  7.4225E+04  2.9308E+05  2.4235E+05  3.1324E+05  7.0893E+04  8.0162E-02
 86 4.7947E-01 5.9251E+00  2.9331E+04 -2.1113E+05  8.6203E+04  2.9733E+05  2.4046E+05  3.1088E+05  7.0419E+04  9.8649E-02
 87 5.0895E-01 5.4794E+00  3.5201E+04 -2.0305E+05  9.8847E+04  3.0189E+05  2.3825E+05  3.0818E+05  6.9932E+04  1.1660E-01
 88 5.3956E-01 5.0373E+00  4.1071E+04 -1.9471E+05  1.1202E+05  3.0673E+05  2.3578E+05  3.0521E+05  6.9432E+04  1.3390E-01
 89 5.7130E-01 4.5992E+00  4.6969E+04 -1.8612E+05  1.2566E+05  3.1178E+05  2.3309E+05  3.0201E+05  6.8923E+04  1.5065E-01
 90 6.0413E-01 4.1659E+00  5.2814E+04 -1.7738E+05  1.3964E+05  3.1702E+05  2.3019E+05  2.9860E+05  6.8406E+04  1.6660E-01
 91 6.3805E-01 3.7378E+00  5.8524E+04 -1.6859E+05  1.5380E+05  3.2240E+05  2.2712E+05  2.9500E+05  6.7885E+04  1.8153E-01
 92 6.7303E-01 3.3153E+00  6.4097E+04 -1.5980E+05  1.6809E+05  3.2789E+05  2.2390E+05  2.9126E+05  6.7364E+04  1.9548E-01
 93 7.0902E-01 2.8989E+00  6.9440E+04 -1.5113E+05  1.8235E+05  3.3348E+05  2.2057E+05  2.8741E+05  6.6847E+04  2.0823E-01
 94 7.4601E-01 2.4891E+00  7.4321E+04 -1.4284E+05  1.9635E+05  3.3919E+05  2.1716E+05  2.8350E+05  6.6341E+04  2.1911E-01
 95 7.8393E-01 2.0861E+00  7.8675E+04 -1.3503E+05  2.1021E+05  3.4524E+05  2.1370E+05  2.7956E+05  6.5853E+04  2.2788E-01
 96 8.2274E-01 1.6900E+00  8.2697E+04 -1.2749E+05  2.2397E+05  3.5145E+05  2.1018E+05  2.7558E+05  6.5393E+04  2.3530E-01
 97 8.6238E-01 1.3011E+00  8.6487E+04 -1.2018E+05  2.3748E+05  3.5766E+05  2.0667E+05  2.7164E+05  6.4973E+04  2.4181E-01
 98 9.0280E-01 9.1979E-01  9.0355E+04 -1.1282E+05  2.5093E+05  3.6374E+05  2.0317E+05  2.6778E+05  6.4608E+04  2.4840E-01
 99 9.4392E-01 5.4632E-01  9.4671E+04 -1.0499E+05  2.6461E+05  3.6960E+05  1.9966E+05  2.6399E+05  6.4321E+04  2.5614E-01
100 9.8567E-01 1.8095E-01  9.9973E+04 -9.6168E+04  2.7861E+05  3.7478E+05  1.9614E+05  2.6029E+05  6.4145E+04  2.6675E-01
101 1.0280E+00 0.0000E+00  1.0654E+05 -8.5917E+04  2.9130E+05  3.7721E+05  1.9246E+05  2.5661E+05  6.4153E+04  2.8244E-01

