    PRESS     TEMP      ALT       O         O2        H2O       H         OH        HO2       H2O2      H2        CO        HCO       H2CO      CH4       CH3       C2H6      NO        NO2       HNO       H2S       HS        S         SO        SO2       H2SO4     HSO       S2        S4        S8        SO3       OCS       S3        O3        HNO3      N         NO3       N2O       HO2NO2    N2O5      CO2       SO4AER    S8AER   
  9.831E-01 2.862E+02 2.500E+04 4.091E-17 1.680E-01 1.141E-02 5.681E-21 4.788E-14 1.142E-11 1.122E-09 5.300E-07 1.100E-07 2.322E-22 2.539E-10 1.800E-06 2.042E-21 1.203E-26 2.383E-12 5.058E-12 1.502E-17 8.579E-12 1.712E-17 1.538E-32 1.804E-19 6.323E-11 4.184E-12 4.508E-13 1.523E-36 3.109E-63 1.799-107 1.715E-21 3.617E-22 1.352E-60 1.320E-08 3.062E-11 6.132-214 4.633E-16 3.000E-07 1.101E-13 7.996E-18 2.183E-04 2.074E-10 1.000E-38
  9.265E-01 2.836E+02 7.500E+04 4.695E-17 1.680E-01 9.503E-03 6.149E-21 5.134E-14 1.169E-11 1.183E-09 5.303E-07 1.070E-07 2.511E-22 2.511E-10 1.798E-06 2.053E-21 1.203E-26 2.594E-12 5.127E-12 1.489E-17 5.873E-12 1.233E-17 7.955E-33 1.614E-19 9.717E-11 6.348E-12 4.282E-13 9.571E-37 1.099E-63 1.799-107 3.484E-21 3.616E-22 3.877E-61 1.388E-08 3.414E-11 3.402-207 4.470E-16 3.000E-07 1.573E-13 1.065E-17 2.183E-04 2.196E-10 1.000E-38
  8.726E-01 2.809E+02 1.250E+05 5.452E-17 1.680E-01 7.968E-03 6.687E-21 5.566E-14 1.182E-11 1.212E-09 5.306E-07 1.040E-07 2.622E-22 2.390E-10 1.796E-06 2.081E-21 1.203E-26 2.889E-12 5.347E-12 1.259E-17 4.006E-12 8.896E-18 4.128E-33 1.374E-19 1.265E-10 8.569E-12 3.414E-13 5.107E-37 2.799E-64 1.799-107 5.937E-21 3.615E-22 9.481E-62 1.479E-08 3.850E-11 1.598-200 4.499E-16 2.999E-07 2.324E-13 1.548E-17 2.183E-04 2.435E-10 1.000E-38
  8.213E-01 2.781E+02 1.750E+05 6.386E-17 1.680E-01 6.545E-03 7.247E-21 6.029E-14 1.185E-11 1.221E-09 5.308E-07 1.011E-07 2.695E-22 2.243E-10 1.794E-06 2.099E-21 1.203E-26 3.274E-12 5.696E-12 1.006E-17 2.724E-12 6.359E-18 2.103E-33 1.136E-19 1.527E-10 1.087E-11 2.532E-13 2.484E-37 5.927E-65 1.799-107 9.643E-21 3.613E-22 2.077E-62 1.591E-08 4.396E-11 6.317-194 4.673E-16 2.999E-07 3.553E-13 2.424E-17 2.183E-04 2.801E-10 1.000E-38
  7.726E-01 2.752E+02 2.250E+05 7.524E-17 1.680E-01 5.343E-03 7.861E-21 6.549E-14 1.180E-11 1.209E-09 5.311E-07 9.825E-08 2.753E-22 2.093E-10 1.793E-06 2.114E-21 1.203E-26 3.759E-12 6.164E-12 7.852E-18 1.847E-12 4.527E-18 1.062E-33 9.274E-20 1.766E-10 1.321E-11 1.811E-13 1.137E-37 1.111E-65 1.799-107 1.506E-20 3.611E-22 4.250E-63 1.724E-08 5.027E-11 2.087-187 4.966E-16 2.999E-07 5.611E-13 4.034E-17 2.183E-04 3.278E-10 1.000E-38
  7.262E-01 2.722E+02 2.750E+05 8.899E-17 1.680E-01 4.212E-03 8.447E-21 7.047E-14 1.160E-11 1.173E-09 5.313E-07 9.552E-08 2.779E-22 1.941E-10 1.791E-06 2.103E-21 1.203E-26 4.371E-12 6.748E-12 6.083E-18 1.250E-12 3.178E-18 5.220E-34 7.450E-20 1.991E-10 1.550E-11 1.271E-13 4.966E-38 1.896E-66 1.799-107 2.414E-20 3.609E-22 8.075E-64 1.877E-08 5.692E-11 5.719-181 5.335E-16 2.999E-07 9.001E-13 6.978E-17 2.183E-04 3.838E-10 1.000E-38
  6.822E-01 2.694E+02 3.250E+05 1.056E-16 1.680E-01 3.302E-03 9.097E-21 7.595E-14 1.134E-11 1.115E-09 5.315E-07 9.288E-08 2.794E-22 1.793E-10 1.790E-06 2.097E-21 1.204E-26 5.124E-12 7.450E-12 4.696E-18 8.457E-13 2.227E-18 2.557E-34 5.956E-20 2.209E-10 1.773E-11 8.821E-14 2.092E-38 3.008E-67 1.799-107 3.858E-20 3.607E-22 1.475E-64 2.047E-08 6.356E-11 1.293-174 5.784E-16 2.998E-07 1.446E-12 1.228E-16 2.183E-04 4.463E-10 1.000E-38
  6.404E-01 2.663E+02 3.750E+05 1.250E-16 1.680E-01 2.540E-03 9.730E-21 8.140E-14 1.096E-11 1.039E-09 5.317E-07 9.036E-08 2.776E-22 1.644E-10 1.788E-06 2.066E-21 1.205E-26 6.031E-12 8.219E-12 3.622E-18 5.726E-13 1.552E-18 1.239E-34 4.760E-20 2.424E-10 1.983E-11 6.093E-14 8.558E-39 4.497E-68 1.799-107 6.181E-20 3.606E-22 2.588E-65 2.232E-08 6.986E-11 2.407-168 6.242E-16 2.998E-07 2.374E-12 2.221E-16 2.183E-04 5.142E-10 1.000E-38
  6.007E-01 2.631E+02 4.250E+05 1.474E-16 1.680E-01 1.913E-03 1.030E-20 8.647E-14 1.045E-11 9.503E-10 5.319E-07 8.796E-08 2.712E-22 1.489E-10 1.787E-06 2.003E-21 1.208E-26 7.065E-12 8.966E-12 2.782E-18 3.891E-13 1.075E-18 5.939E-35 3.811E-20 2.639E-10 2.173E-11 4.207E-14 3.412E-39 6.392E-69 1.799-107 9.955E-20 3.604E-22 4.386E-66 2.429E-08 7.548E-11 3.653-162 6.654E-16 2.998E-07 3.956E-12 4.053E-16 2.183E-04 5.865E-10 1.000E-38
  5.630E-01 2.597E+02 4.750E+05 1.727E-16 1.680E-01 1.406E-03 1.073E-20 9.046E-14 9.846E-12 8.554E-10 5.320E-07 8.570E-08 2.585E-22 1.326E-10 1.786E-06 1.895E-21 1.212E-26 8.130E-12 9.530E-12 2.110E-18 2.665E-13 7.401E-19 2.813E-35 3.055E-20 2.858E-10 2.331E-11 2.920E-14 1.330E-39 8.689E-70 1.799-107 1.610E-19 3.602E-22 7.188E-67 2.636E-08 8.013E-11 4.461-156 6.951E-16 2.997E-07 6.593E-12 7.223E-16 2.183E-04 6.624E-10 1.000E-38
  5.272E-01 2.561E+02 5.250E+05 2.007E-16 1.680E-01 1.004E-03 1.089E-20 9.231E-14 9.149E-12 7.587E-10 5.321E-07 8.359E-08 2.378E-22 1.154E-10 1.786E-06 1.732E-21 1.219E-26 9.034E-12 9.689E-12 1.565E-18 1.848E-13 5.041E-19 1.307E-35 2.447E-20 3.087E-10 2.444E-11 2.049E-14 5.080E-40 1.135E-70 1.799-107 2.607E-19 3.601E-22 1.133E-67 2.849E-08 8.362E-11 4.323-150 7.068E-16 2.997E-07 1.074E-11 1.204E-15 2.183E-04 7.413E-10 1.000E-38
  4.933E-01 2.522E+02 5.750E+05 2.315E-16 1.680E-01 6.951E-04 1.068E-20 9.109E-14 8.384E-12 6.642E-10 5.322E-07 8.162E-08 2.095E-22 9.765E-11 1.785E-06 1.514E-21 1.228E-26 9.578E-12 9.301E-12 1.128E-18 1.305E-13 3.386E-19 5.921E-36 1.953E-20 3.325E-10 2.502E-11 1.461E-14 1.905E-40 1.428E-71 1.799-107 4.204E-19 3.599E-22 1.711E-68 3.067E-08 8.593E-11 3.270-144 6.999E-16 2.997E-07 1.657E-11 1.809E-15 2.183E-04 8.228E-10 1.000E-38
  4.610E-01 2.482E+02 6.250E+05 2.651E-16 1.680E-01 4.663E-04 1.013E-20 8.694E-14 7.585E-12 5.744E-10 5.323E-07 7.980E-08 1.770E-22 8.022E-11 1.784E-06 1.266E-21 1.239E-26 9.727E-12 8.465E-12 7.940E-19 9.402E-14 2.250E-19 2.633E-36 1.559E-20 3.572E-10 2.509E-11 1.062E-14 7.021E-41 1.739E-72 1.799-107 6.752E-19 3.598E-22 2.496E-69 3.288E-08 8.735E-11 1.897-138 6.832E-16 2.996E-07 2.360E-11 2.434E-15 2.183E-04 9.067E-10 1.000E-38
  4.303E-01 2.439E+02 6.750E+05 3.017E-16 1.680E-01 3.027E-04 9.438E-21 8.152E-14 6.774E-12 4.905E-10 5.324E-07 7.812E-08 1.457E-22 6.446E-11 1.784E-06 1.028E-21 1.255E-26 9.785E-12 7.554E-12 5.635E-19 6.908E-14 1.501E-19 1.184E-36 1.262E-20 3.822E-10 2.486E-11 7.853E-15 2.550E-41 2.054E-73 1.799-107 1.097E-18 3.596E-22 3.627E-70 3.515E-08 8.832E-11 8.281-133 6.712E-16 2.996E-07 3.074E-11 2.999E-15 2.183E-04 9.930E-10 1.000E-38
  4.012E-01 2.395E+02 7.250E+05 3.416E-16 1.680E-01 1.900E-04 8.865E-21 7.720E-14 5.963E-12 4.134E-10 5.324E-07 7.655E-08 1.198E-22 5.138E-11 1.783E-06 8.336E-22 1.273E-26 1.030E-11 6.987E-12 4.232E-19 5.155E-14 1.028E-19 5.641E-37 1.060E-20 4.068E-10 2.464E-11 5.881E-15 9.137E-42 2.362E-74 1.799-107 1.851E-18 3.595E-22 5.515E-71 3.747E-08 8.929E-11 2.670-127 6.750E-16 2.995E-07 3.678E-11 3.501E-15 2.183E-04 1.082E-09 1.000E-38
  3.736E-01 2.350E+02 7.750E+05 3.852E-16 1.680E-01 1.155E-04 8.599E-21 7.560E-14 5.165E-12 3.438E-10 5.325E-07 7.509E-08 1.006E-22 4.124E-11 1.783E-06 6.913E-22 1.296E-26 1.182E-11 6.967E-12 3.479E-19 3.890E-14 7.375E-20 2.967E-37 9.422E-21 4.304E-10 2.471E-11 4.437E-15 3.237E-42 2.655E-75 1.799-107 3.318E-18 3.593E-22 9.148E-72 3.985E-08 9.053E-11 6.236-122 6.961E-16 2.995E-07 4.087E-11 3.979E-15 2.183E-04 1.173E-09 1.000E-38
  3.474E-01 2.304E+02 8.250E+05 4.327E-16 1.680E-01 6.789E-05 8.682E-21 7.709E-14 4.398E-12 2.826E-10 5.325E-07 7.373E-08 8.697E-23 3.359E-11 1.782E-06 5.905E-22 1.322E-26 1.469E-11 7.458E-12 3.111E-19 2.961E-14 5.562E-20 1.740E-37 8.891E-21 4.525E-10 2.518E-11 3.364E-15 1.136E-42 2.925E-76 1.799-107 6.361E-18 3.592E-22 1.675E-72 4.228E-08 9.218E-11 1.034-116 7.309E-16 2.994E-07 4.266E-11 4.461E-15 2.183E-04 1.267E-09 1.000E-38
  3.225E-01 2.256E+02 8.750E+05 4.845E-16 1.680E-01 3.867E-05 9.034E-21 8.092E-14 3.690E-12 2.305E-10 5.325E-07 7.247E-08 7.698E-23 2.775E-11 1.782E-06 5.139E-22 1.351E-26 1.906E-11 8.247E-12 2.918E-19 2.273E-14 4.365E-20 1.116E-37 8.813E-21 4.732E-10 2.599E-11 2.567E-15 3.964E-43 3.180E-77 1.799-107 1.289E-17 3.590E-22 3.331E-73 4.474E-08 9.425E-11 1.196-111 7.745E-16 2.994E-07 4.232E-11 4.939E-15 2.183E-04 1.363E-09 1.000E-38
  2.990E-01 2.208E+02 9.250E+05 5.405E-16 1.680E-01 2.132E-05 9.522E-21 8.586E-14 3.074E-12 1.878E-10 5.326E-07 7.132E-08 6.902E-23 2.314E-11 1.782E-06 4.475E-22 1.384E-26 2.476E-11 9.047E-12 2.771E-19 1.768E-14 3.515E-20 7.636E-38 9.062E-21 4.927E-10 2.697E-11 1.981E-15 1.388E-43 3.480E-78 1.799-107 2.719E-17 3.589E-22 7.089E-74 4.721E-08 9.672E-11 9.455-107 8.256E-16 2.993E-07 4.041E-11 5.377E-15 2.183E-04 1.461E-09 1.000E-38
  2.767E-01 2.162E+02 9.750E+05 6.048E-16 1.680E-01 1.167E-05 1.008E-20 9.100E-14 2.568E-12 1.530E-10 5.326E-07 7.024E-08 6.249E-23 1.947E-11 1.781E-06 3.890E-22 1.423E-26 3.147E-11 9.695E-12 2.603E-19 1.391E-14 2.861E-20 5.475E-38 9.453E-21 5.122E-10 2.796E-11 1.547E-15 4.843E-44 3.764E-79 1.799-107 5.768E-17 3.587E-22 1.569E-74 4.977E-08 9.969E-11 5.221-102 8.858E-16 2.992E-07 3.762E-11 5.756E-15 2.183E-04 1.564E-09 1.000E-38
  2.557E-01 2.131E+02 1.025E+06 7.041E-16 1.680E-01 7.762E-06 1.089E-20 9.627E-14 2.209E-12 1.241E-10 5.326E-07 6.918E-08 5.851E-23 1.689E-11 1.781E-06 3.639E-22 1.471E-26 3.863E-11 1.042E-11 2.359E-19 1.098E-14 2.320E-20 4.180E-38 9.205E-21 5.336E-10 2.883E-11 1.217E-15 1.652E-44 3.826E-80 1.799-107 1.013E-16 3.585E-22 3.557E-75 5.261E-08 1.036E-10 2.163E-97 9.300E-16 2.992E-07 3.457E-11 6.078E-15 2.183E-04 1.680E-09 1.000E-38
  2.362E-01 2.119E+02 1.075E+06 8.620E-16 1.680E-01 6.403E-06 1.201E-20 1.015E-13 1.954E-12 9.862E-11 5.326E-07 6.801E-08 5.715E-23 1.524E-11 1.780E-06 3.707E-22 1.539E-26 4.618E-11 1.148E-11 2.050E-19 8.551E-15 1.829E-20 3.554E-38 8.200E-21 5.604E-10 2.954E-11 9.495E-16 5.390E-45 3.498E-81 1.799-107 1.469E-16 3.583E-22 8.441E-76 5.617E-08 1.094E-10 8.397E-93 9.480E-16 2.991E-07 3.160E-11 6.407E-15 2.183E-04 1.825E-09 1.000E-38
  2.180E-01 2.112E+02 1.125E+06 1.106E-15 1.680E-01 4.980E-06 1.296E-20 1.046E-13 1.671E-12 7.203E-11 5.326E-07 6.638E-08 5.593E-23 1.385E-11 1.779E-06 3.802E-22 1.663E-26 5.593E-11 1.336E-11 1.681E-19 6.158E-15 1.271E-20 3.471E-38 6.861E-21 6.042E-10 3.024E-11 6.915E-16 1.564E-45 2.514E-82 1.799-107 2.598E-16 3.579E-22 2.035E-76 6.201E-08 1.205E-10 4.449E-88 9.677E-16 2.989E-07 2.854E-11 7.013E-15 2.183E-04 2.061E-09 1.000E-38
  2.012E-01 2.106E+02 1.175E+06 1.504E-15 1.680E-01 4.227E-06 1.329E-20 1.033E-13 1.310E-12 4.487E-11 5.326E-07 6.397E-08 5.289E-23 1.231E-11 1.778E-06 3.763E-22 1.907E-26 7.076E-11 1.710E-11 1.276E-19 3.875E-15 7.091E-21 4.884E-38 6.212E-21 6.809E-10 3.078E-11 4.452E-16 5.746E-46 2.891E-83 1.799-107 3.922E-16 3.571E-22 8.943E-77 7.240E-08 1.421E-10 3.234E-83 1.011E-15 2.985E-07 2.570E-11 8.429E-15 2.183E-04 2.456E-09 1.000E-38
  1.857E-01 2.101E+02 1.225E+06 2.099E-15 1.680E-01 4.009E-06 1.314E-20 9.873E-14 9.989E-13 2.571E-11 5.325E-07 6.133E-08 4.874E-23 1.072E-11 1.775E-06 3.628E-22 2.269E-26 8.923E-11 2.255E-11 9.266E-20 2.331E-15 3.578E-21 1.423E-37 8.929E-21 7.813E-10 3.080E-11 2.747E-16 5.934E-46 2.624E-83 1.798-107 4.736E-16 3.559E-22 2.284E-76 8.646E-08 1.734E-10 1.857E-78 1.069E-15 2.981E-07 2.384E-11 1.067E-14 2.183E-04 2.944E-09 1.000E-38
  1.713E-01 2.097E+02 1.275E+06 2.973E-15 1.680E-01 4.008E-06 1.273E-20 9.256E-14 7.546E-13 1.398E-11 5.324E-07 5.862E-08 4.427E-23 9.210E-12 1.772E-06 3.455E-22 2.775E-26 1.119E-10 3.030E-11 6.618E-20 1.391E-15 1.728E-21 6.801E-37 1.931E-20 9.034E-10 3.035E-11 1.672E-16 1.160E-45 8.529E-83 1.798-107 5.144E-16 3.544E-22 1.811E-75 1.046E-07 2.163E-10 6.159E-74 1.148E-15 2.974E-07 2.277E-11 1.407E-14 2.183E-04 3.507E-09 1.000E-38
  1.580E-01 2.094E+02 1.325E+06 4.407E-15 1.680E-01 4.017E-06 1.173E-20 8.322E-14 5.390E-13 6.641E-12 5.322E-07 5.539E-08 3.878E-23 7.661E-12 1.768E-06 3.187E-22 3.596E-26 1.438E-10 4.392E-11 4.503E-20 7.748E-16 7.175E-22 3.679E-36 4.808E-20 1.071E-09 2.937E-11 9.407E-17 2.332E-45 2.929E-82 1.798-107 5.559E-16 3.521E-22 1.669E-74 1.319E-07 2.844E-10 1.104E-69 1.280E-15 2.963E-07 2.245E-11 2.071E-14 2.183E-04 4.247E-09 1.000E-38
  1.458E-01 2.093E+02 1.375E+06 6.786E-15 1.680E-01 4.029E-06 1.051E-20 7.352E-14 3.791E-13 2.743E-12 5.318E-07 5.162E-08 3.374E-23 6.308E-12 1.761E-06 2.924E-22 4.883E-26 1.872E-10 6.734E-11 2.859E-20 4.004E-16 2.612E-22 1.931E-35 1.205E-19 1.284E-09 2.814E-11 4.821E-17 4.071E-45 7.574E-82 1.798-107 6.050E-16 3.485E-22 1.294E-73 1.723E-07 3.891E-10 1.016E-65 1.525E-15 2.947E-07 2.304E-11 3.424E-14 2.184E-04 5.164E-09 1.000E-38
  1.345E-01 2.092E+02 1.425E+06 1.036E-14 1.680E-01 4.045E-06 9.917E-21 6.859E-14 2.928E-13 1.125E-12 5.313E-07 4.783E-08 3.146E-23 5.490E-12 1.753E-06 2.863E-22 6.566E-26 2.367E-10 1.000E-10 1.766E-20 2.033E-16 9.881E-23 9.160E-35 2.830E-19 1.495E-09 2.746E-11 2.416E-17 6.662E-45 1.719E-81 1.797-107 6.837E-16 3.441E-22 8.497E-73 2.224E-07 5.231E-10 4.701E-62 1.936E-15 2.927E-07 2.446E-11 5.812E-14 2.184E-04 6.085E-09 1.000E-38
  1.241E-01 2.093E+02 1.475E+06 1.548E-14 1.680E-01 4.064E-06 9.943E-21 6.797E-14 2.502E-13 5.168E-13 5.307E-07 4.423E-08 3.155E-23 5.084E-12 1.743E-06 3.001E-22 8.617E-26 2.895E-10 1.412E-10 1.147E-20 1.033E-16 4.029E-23 3.888E-34 6.155E-19 1.674E-09 2.729E-11 1.271E-17 1.053E-44 3.635E-81 1.796-107 7.982E-16 3.388E-22 4.818E-72 2.806E-07 6.824E-10 1.132E-58 2.540E-15 2.903E-07 2.663E-11 9.691E-14 2.184E-04 6.912E-09 1.000E-38
  1.144E-01 2.094E+02 1.525E+06 2.295E-14 1.680E-01 4.087E-06 1.030E-20 6.979E-14 2.283E-13 2.847E-13 5.298E-07 4.067E-08 3.310E-23 4.899E-12 1.731E-06 3.283E-22 1.119E-25 3.471E-10 1.941E-10 8.584E-21 5.101E-17 1.662E-23 1.494E-33 1.250E-18 1.815E-09 2.720E-11 7.690E-18 1.550E-44 6.668E-81 1.796-107 9.420E-16 3.324E-22 2.303E-71 3.505E-07 8.772E-10 1.504E-55 3.415E-15 2.874E-07 2.967E-11 1.611E-13 2.184E-04 7.632E-09 1.000E-38
  1.056E-01 2.096E+02 1.575E+06 3.366E-14 1.680E-01 4.115E-06 1.094E-20 7.366E-14 2.200E-13 1.972E-13 5.288E-07 3.720E-08 3.593E-23 4.866E-12 1.717E-06 3.710E-22 1.436E-25 4.086E-10 2.595E-10 8.105E-21 2.444E-17 6.895E-24 5.228E-33 2.380E-18 1.905E-09 2.694E-11 6.320E-18 2.160E-44 1.096E-80 1.795-107 1.111E-15 3.248E-22 9.485E-71 4.327E-07 1.109E-09 1.152E-52 4.627E-15 2.839E-07 3.363E-11 2.623E-13 2.184E-04 8.188E-09 1.000E-38
  9.741E-02 2.098E+02 1.625E+06 4.879E-14 1.680E-01 4.147E-06 1.187E-20 7.946E-14 2.220E-13 1.655E-13 5.276E-07 3.388E-08 4.004E-23 4.949E-12 1.700E-06 4.301E-22 1.819E-25 4.731E-10 3.378E-10 9.418E-21 1.135E-17 2.863E-24 1.674E-32 4.253E-18 1.934E-09 2.634E-11 7.105E-18 2.954E-44 1.734E-80 1.794-107 1.300E-15 3.161E-22 3.510E-70 5.275E-07 1.378E-09 5.322E-50 6.249E-15 2.799E-07 3.853E-11 4.142E-13 2.184E-04 8.540E-09 1.000E-38
  8.988E-02 2.100E+02 1.675E+06 6.979E-14 1.680E-01 4.183E-06 1.311E-20 8.733E-14 2.329E-13 1.582E-13 5.261E-07 3.078E-08 4.557E-23 5.130E-12 1.682E-06 5.089E-22 2.272E-25 5.395E-10 4.279E-10 1.214E-20 5.124E-18 1.197E-24 4.926E-32 7.152E-18 1.897E-09 2.532E-11 9.304E-18 4.208E-44 2.976E-80 1.793-107 1.501E-15 3.062E-22 1.243E-69 6.343E-07 1.680E-09 1.542E-47 8.331E-15 2.753E-07 4.437E-11 6.280E-13 2.184E-04 8.670E-09 1.000E-38
  8.294E-02 2.103E+02 1.725E+06 9.841E-14 1.680E-01 4.222E-06 1.476E-20 9.753E-14 2.527E-13 1.647E-13 5.244E-07 2.796E-08 5.275E-23 5.397E-12 1.662E-06 6.122E-22 2.793E-25 6.068E-10 5.276E-10 1.600E-20 2.267E-18 5.154E-25 1.335E-31 1.132E-17 1.796E-09 2.382E-11 1.253E-17 6.579E-44 6.154E-80 1.791-107 1.704E-15 2.955E-22 4.451E-69 7.514E-07 2.009E-09 2.911E-45 1.090E-14 2.703E-07 5.111E-11 9.094E-13 2.185E-04 8.587E-09 1.000E-38
  7.655E-02 2.107E+02 1.775E+06 1.371E-13 1.680E-01 4.265E-06 1.690E-20 1.104E-13 2.819E-13 1.820E-13 5.226E-07 2.543E-08 6.185E-23 5.744E-12 1.641E-06 7.462E-22 3.391E-25 6.748E-10 6.361E-10 2.070E-20 9.833E-19 2.417E-25 3.336E-31 1.686E-17 1.637E-09 2.183E-11 1.648E-17 1.128E-43 1.531E-79 1.790-107 1.894E-15 2.840E-22 1.612E-68 8.787E-07 2.360E-09 3.702E-43 1.400E-14 2.649E-07 5.882E-11 1.264E-12 2.185E-04 8.319E-09 1.000E-38
  7.067E-02 2.111E+02 1.825E+06 1.892E-13 1.680E-01 4.311E-06 1.963E-20 1.262E-13 3.216E-13 2.107E-13 5.205E-07 2.315E-08 7.329E-23 6.169E-12 1.618E-06 9.191E-22 4.079E-25 7.437E-10 7.541E-10 2.573E-20 4.155E-19 1.440E-25 7.658E-31 2.350E-17 1.427E-09 1.933E-11 2.072E-17 2.025E-43 4.176E-79 1.789-107 2.043E-15 2.715E-22 5.616E-68 1.018E-06 2.733E-09 3.277E-41 1.773E-14 2.591E-07 6.771E-11 1.702E-12 2.185E-04 7.899E-09 1.000E-38
  6.524E-02 2.115E+02 1.875E+06 2.591E-13 1.680E-01 4.360E-06 2.312E-20 1.457E-13 3.742E-13 2.536E-13 5.182E-07 2.113E-08 8.764E-23 6.674E-12 1.594E-06 1.143E-21 4.868E-25 8.133E-10 8.812E-10 3.035E-20 1.709E-19 1.298E-25 1.606E-30 3.047E-17 1.182E-09 1.638E-11 2.457E-17 3.612E-43 1.124E-78 1.787-107 2.122E-15 2.583E-22 1.777E-67 1.168E-06 3.124E-09 2.077E-39 2.218E-14 2.528E-07 7.789E-11 2.228E-12 2.185E-04 7.371E-09 1.000E-38
  6.025E-02 2.120E+02 1.925E+06 3.520E-13 1.680E-01 4.412E-06 2.764E-20 1.696E-13 4.428E-13 3.151E-13 5.157E-07 1.936E-08 1.056E-22 7.265E-12 1.569E-06 1.431E-21 5.767E-25 8.837E-10 1.016E-09 3.363E-20 6.847E-20 1.592E-25 3.058E-30 3.643E-17 9.200E-10 1.316E-11 2.723E-17 6.133E-43 2.743E-78 1.785-107 2.100E-15 2.445E-22 4.858E-67 1.329E-06 3.524E-09 9.685E-38 2.741E-14 2.462E-07 8.942E-11 2.839E-12 2.185E-04 6.780E-09 1.000E-38
  5.565E-02 2.126E+02 1.975E+06 4.747E-13 1.680E-01 4.466E-06 3.353E-20 1.991E-13 5.312E-13 4.018E-13 5.131E-07 1.784E-08 1.280E-22 7.947E-12 1.543E-06 1.805E-21 6.782E-25 9.552E-10 1.158E-09 3.498E-20 2.680E-20 2.125E-25 5.274E-30 4.007E-17 6.708E-10 9.998E-12 2.810E-17 9.672E-43 5.778E-78 1.784-107 1.970E-15 2.303E-22 1.118E-66 1.501E-06 3.923E-09 3.408E-36 3.344E-14 2.394E-07 1.022E-10 3.524E-12 2.186E-04 6.172E-09 1.000E-38
  5.141E-02 2.131E+02 2.025E+06 6.350E-13 1.680E-01 4.521E-06 4.126E-20 2.353E-13 6.442E-13 5.222E-13 5.103E-07 1.655E-08 1.561E-22 8.727E-12 1.516E-06 2.289E-21 7.918E-25 1.028E-09 1.306E-09 3.511E-20 1.031E-20 2.838E-25 8.507E-30 4.181E-17 4.718E-10 7.373E-12 2.778E-17 1.449E-42 1.098E-77 1.782-107 1.803E-15 2.160E-22 2.287E-66 1.679E-06 4.312E-09 9.262E-35 4.027E-14 2.324E-07 1.161E-10 4.266E-12 2.186E-04 5.585E-09 1.000E-38
  4.750E-02 2.138E+02 2.075E+06 8.442E-13 1.680E-01 4.577E-06 5.147E-20 2.798E-13 7.875E-13 6.881E-13 5.073E-07 1.546E-08 1.913E-22 9.611E-12 1.489E-06 2.918E-21 9.195E-25 1.104E-09 1.460E-09 3.511E-20 3.892E-21 3.788E-25 1.335E-29 4.302E-17 3.324E-10 5.450E-12 2.723E-17 2.147E-42 2.044E-77 1.780-107 1.670E-15 2.017E-22 4.503E-66 1.866E-06 4.684E-09 1.988E-33 4.801E-14 2.253E-07 1.312E-10 5.061E-12 2.186E-04 5.036E-09 1.000E-38
  4.391E-02 2.144E+02 2.125E+06 1.117E-12 1.680E-01 4.634E-06 6.497E-20 3.346E-13 9.682E-13 9.157E-13 5.042E-07 1.455E-08 2.353E-22 1.061E-11 1.462E-06 3.734E-21 1.065E-24 1.185E-09 1.625E-09 3.503E-20 1.431E-21 4.980E-25 2.034E-29 4.355E-17 2.338E-10 4.037E-12 2.639E-17 3.130E-42 3.681E-77 1.778-107 1.556E-15 1.872E-22 8.474E-66 2.063E-06 5.038E-09 3.439E-32 5.683E-14 2.180E-07 1.473E-10 5.921E-12 2.186E-04 4.529E-09 1.000E-38
  4.059E-02 2.151E+02 2.175E+06 1.471E-12 1.680E-01 4.691E-06 8.295E-20 4.019E-13 1.195E-12 1.225E-12 5.010E-07 1.378E-08 2.906E-22 1.174E-11 1.434E-06 4.797E-21 1.232E-24 1.271E-09 1.802E-09 3.499E-20 5.130E-22 6.431E-25 3.014E-29 4.341E-17 1.642E-10 2.999E-12 2.527E-17 4.481E-42 6.396E-77 1.776-107 1.459E-15 1.728E-22 1.524E-65 2.270E-06 5.367E-09 4.888E-31 6.686E-14 2.106E-07 1.644E-10 6.842E-12 2.186E-04 4.069E-09 1.000E-38
  3.754E-02 2.158E+02 2.225E+06 1.928E-12 1.680E-01 4.750E-06 1.070E-19 4.849E-13 1.476E-12 1.640E-12 4.976E-07 1.314E-08 3.601E-22 1.300E-11 1.406E-06 6.182E-21 1.423E-24 1.364E-09 1.990E-09 3.516E-20 1.825E-22 8.173E-25 4.362E-29 4.274E-17 1.153E-10 2.236E-12 2.394E-17 6.308E-42 1.075E-76 1.774-107 1.377E-15 1.586E-22 2.633E-65 2.484E-06 5.664E-09 5.812E-30 7.811E-14 2.031E-07 1.820E-10 7.806E-12 2.187E-04 3.659E-09 1.000E-38
  3.472E-02 2.166E+02 2.275E+06 2.516E-12 1.680E-01 4.808E-06 1.395E-19 5.873E-13 1.823E-12 2.189E-12 4.940E-07 1.261E-08 4.474E-22 1.440E-11 1.378E-06 7.987E-21 1.642E-24 1.467E-09 2.192E-09 3.572E-20 6.755E-23 1.022E-24 6.172E-29 4.160E-17 8.103E-11 1.674E-12 2.245E-17 8.712E-42 1.741E-76 1.772-107 1.305E-15 1.447E-22 4.365E-65 2.705E-06 5.922E-09 5.877E-29 9.066E-14 1.956E-07 1.997E-10 8.800E-12 2.187E-04 3.295E-09 1.000E-38
  3.213E-02 2.173E+02 2.325E+06 3.269E-12 1.680E-01 4.867E-06 1.833E-19 7.134E-13 2.250E-12 2.908E-12 4.904E-07 1.218E-08 5.571E-22 1.595E-11 1.350E-06 1.034E-20 1.896E-24 1.580E-09 2.410E-09 3.680E-20 2.952E-23 1.256E-24 8.542E-29 4.003E-17 5.691E-11 1.256E-12 2.082E-17 1.176E-41 2.693E-76 1.770-107 1.241E-15 1.311E-22 6.922E-65 2.933E-06 6.137E-09 5.129E-28 1.046E-13 1.881E-07 2.170E-10 9.814E-12 2.187E-04 2.973E-09 1.000E-38
  2.974E-02 2.181E+02 2.375E+06 4.230E-12 1.680E-01 4.926E-06 2.430E-19 8.689E-13 2.769E-12 3.836E-12 4.866E-07 1.183E-08 6.950E-22 1.766E-11 1.322E-06 1.341E-20 2.192E-24 1.706E-09 2.644E-09 3.859E-20 1.820E-23 1.518E-24 1.157E-28 3.809E-17 3.994E-11 9.446E-13 1.909E-17 1.547E-41 3.959E-76 1.768-107 1.183E-15 1.180E-22 1.048E-64 3.166E-06 6.308E-09 3.912E-27 1.200E-13 1.806E-07 2.335E-10 1.083E-11 2.187E-04 2.688E-09 1.000E-38
  2.753E-02 2.188E+02 2.425E+06 5.452E-12 1.680E-01 4.985E-06 3.247E-19 1.060E-12 3.399E-12 5.020E-12 4.826E-07 1.155E-08 8.683E-22 1.953E-11 1.294E-06 1.741E-20 2.540E-24 1.845E-09 2.895E-09 4.131E-20 1.583E-23 1.804E-24 1.535E-28 3.585E-17 2.800E-11 7.113E-13 1.730E-17 1.978E-41 5.507E-76 1.766-107 1.128E-15 1.054E-22 1.512E-64 3.402E-06 6.430E-09 2.638E-26 1.369E-13 1.731E-07 2.488E-10 1.182E-11 2.188E-04 2.435E-09 1.000E-38
  2.549E-02 2.196E+02 2.475E+06 6.999E-12 1.680E-01 5.045E-06 4.369E-19 1.295E-12 4.158E-12 6.504E-12 4.786E-07 1.132E-08 1.086E-21 2.157E-11 1.266E-06 2.263E-20 2.952E-24 1.999E-09 3.162E-09 4.523E-20 1.629E-23 2.109E-24 1.997E-28 3.339E-17 1.962E-11 5.365E-13 1.550E-17 2.457E-41 7.226E-76 1.764-107 1.076E-15 9.336E-23 2.077E-64 3.641E-06 6.503E-09 1.587E-25 1.553E-13 1.656E-07 2.621E-10 1.275E-11 2.188E-04 2.212E-09 1.000E-38
  2.362E-02 2.204E+02 2.525E+06 8.952E-12 1.680E-01 5.104E-06 5.922E-19 1.584E-12 5.066E-12 8.335E-12 4.743E-07 1.115E-08 1.358E-21 2.376E-11 1.238E-06 2.943E-20 3.443E-24 2.169E-09 3.446E-09 5.063E-20 1.753E-23 2.427E-24 2.549E-28 3.080E-17 1.373E-11 4.059E-13 1.373E-17 2.961E-41 8.931E-76 1.762-107 1.026E-15 8.199E-23 2.719E-64 3.881E-06 6.525E-09 8.592E-25 1.751E-13 1.581E-07 2.732E-10 1.359E-11 2.188E-04 2.014E-09 1.000E-38
  2.188E-02 2.212E+02 2.575E+06 1.141E-11 1.680E-01 5.164E-06 8.083E-19 1.936E-12 6.145E-12 1.056E-11 4.700E-07 1.101E-08 1.698E-21 2.612E-11 1.210E-06 3.828E-20 4.034E-24 2.356E-09 3.744E-09 5.787E-20 1.885E-23 2.748E-24 3.191E-28 2.813E-17 9.605E-12 3.090E-13 1.202E-17 3.455E-41 1.036E-75 1.760-107 9.769E-16 7.132E-23 3.384E-64 4.118E-06 6.498E-09 4.212E-24 1.963E-13 1.507E-07 2.815E-10 1.430E-11 2.188E-04 1.838E-09 1.000E-38
  2.028E-02 2.220E+02 2.625E+06 1.449E-11 1.680E-01 5.224E-06 1.111E-18 2.364E-12 7.417E-12 1.321E-11 4.654E-07 1.091E-08 2.122E-21 2.861E-11 1.181E-06 4.977E-20 4.750E-24 2.561E-09 4.055E-09 6.735E-20 1.996E-23 3.059E-24 3.919E-28 2.541E-17 6.707E-12 2.389E-13 1.038E-17 3.895E-41 1.122E-75 1.758-107 9.288E-16 6.137E-23 3.991E-64 4.353E-06 6.421E-09 1.881E-23 2.187E-13 1.434E-07 2.867E-10 1.486E-11 2.188E-04 1.680E-09 1.000E-38
  1.880E-02 2.228E+02 2.675E+06 1.835E-11 1.680E-01 5.285E-06 1.537E-18 2.881E-12 8.902E-12 1.631E-11 4.607E-07 1.084E-08 2.647E-21 3.124E-11 1.153E-06 6.466E-20 5.625E-24 2.784E-09 4.378E-09 7.958E-20 2.077E-23 3.347E-24 4.722E-28 2.272E-17 4.677E-12 1.915E-13 8.853E-18 4.242E-41 1.134E-75 1.755-107 8.810E-16 5.219E-23 4.465E-64 4.581E-06 6.298E-09 7.687E-23 2.423E-13 1.360E-07 2.887E-10 1.522E-11 2.189E-04 1.539E-09 1.000E-38
  1.744E-02 2.237E+02 2.725E+06 2.316E-11 1.680E-01 5.346E-06 2.141E-18 3.502E-12 1.062E-11 1.986E-11 4.558E-07 1.079E-08 3.294E-21 3.398E-11 1.125E-06 8.389E-20 6.700E-24 3.026E-09 4.707E-09 9.514E-20 2.122E-23 3.604E-24 5.590E-28 2.013E-17 3.259E-12 1.658E-13 7.453E-18 4.468E-41 1.073E-75 1.753-107 8.340E-16 4.384E-23 4.748E-64 4.801E-06 6.129E-09 2.889E-22 2.667E-13 1.288E-07 2.872E-10 1.537E-11 2.189E-04 1.414E-09 1.000E-38
  1.618E-02 2.246E+02 2.775E+06 2.916E-11 1.680E-01 5.407E-06 3.004E-18 4.243E-12 1.259E-11 2.383E-11 4.508E-07 1.077E-08 4.088E-21 3.683E-11 1.096E-06 1.088E-19 8.023E-24 3.287E-09 5.038E-09 1.147E-19 2.132E-23 3.822E-24 6.511E-28 1.769E-17 2.275E-12 1.652E-13 6.201E-18 4.563E-41 9.550E-76 1.751-107 7.914E-16 3.636E-23 4.817E-64 5.008E-06 5.917E-09 1.002E-21 2.918E-13 1.217E-07 2.823E-10 1.529E-11 2.189E-04 1.301E-09 1.000E-38
  1.501E-02 2.255E+02 2.825E+06 3.659E-11 1.680E-01 5.467E-06 4.240E-18 5.118E-12 1.481E-11 2.814E-11 4.457E-07 1.078E-08 5.055E-21 3.974E-11 1.068E-06 1.408E-19 9.649E-24 3.565E-09 5.365E-09 1.391E-19 2.112E-23 4.008E-24 7.489E-28 1.548E-17 1.596E-12 1.975E-13 5.118E-18 4.552E-41 8.110E-76 1.749-107 7.534E-16 2.979E-23 4.717E-64 5.200E-06 5.667E-09 3.217E-21 3.170E-13 1.148E-07 2.740E-10 1.496E-11 2.189E-04 1.201E-09 1.000E-38
  1.394E-02 2.265E+02 2.875E+06 4.579E-11 1.680E-01 5.528E-06 6.020E-18 6.144E-12 1.730E-11 3.272E-11 4.404E-07 1.080E-08 6.221E-21 4.270E-11 1.040E-06 1.817E-19 1.167E-23 3.862E-09 5.683E-09 1.691E-19 2.060E-23 4.151E-24 8.506E-28 1.349E-17 1.125E-12 2.752E-13 4.184E-18 4.428E-41 6.551E-76 1.746-107 7.188E-16 2.407E-23 4.449E-64 5.374E-06 5.384E-09 9.612E-21 3.421E-13 1.081E-07 2.627E-10 1.441E-11 2.189E-04 1.111E-09 1.000E-38
  1.294E-02 2.276E+02 2.925E+06 5.721E-11 1.680E-01 5.589E-06 8.598E-18 7.334E-12 2.005E-11 3.748E-11 4.349E-07 1.085E-08 7.619E-21 4.570E-11 1.012E-06 2.342E-19 1.423E-23 4.175E-09 5.993E-09 2.059E-19 1.974E-23 4.224E-24 9.500E-28 1.165E-17 7.939E-13 4.255E-13 3.373E-18 4.160E-41 4.935E-76 1.744-107 6.877E-16 1.911E-23 3.985E-64 5.532E-06 5.071E-09 2.675E-20 3.674E-13 1.015E-07 2.490E-10 1.368E-11 2.190E-04 1.030E-09 1.000E-38
  1.202E-02 2.288E+02 2.975E+06 7.131E-11 1.680E-01 5.651E-06 1.234E-17 8.702E-12 2.305E-11 4.228E-11 4.292E-07 1.092E-08 9.276E-21 4.869E-11 9.834E-07 3.008E-19 1.748E-23 4.506E-09 6.286E-09 2.507E-19 1.860E-23 4.233E-24 1.046E-27 1.001E-17 5.620E-13 6.573E-13 2.686E-18 3.793E-41 3.504E-76 1.741-107 6.577E-16 1.488E-23 3.416E-64 5.669E-06 4.734E-09 6.974E-20 3.920E-13 9.494E-08 2.332E-10 1.280E-11 2.190E-04 9.552E-10 1.000E-38
  1.117E-02 2.300E+02 3.025E+06 8.869E-11 1.680E-01 5.713E-06 1.777E-17 1.026E-11 2.628E-11 4.697E-11 4.234E-07 1.101E-08 1.122E-20 5.165E-11 9.549E-07 3.850E-19 2.158E-23 4.851E-09 6.554E-09 3.048E-19 1.727E-23 4.192E-24 1.139E-27 8.568E-18 4.004E-13 8.187E-13 2.121E-18 3.381E-41 2.379E-76 1.738-107 6.313E-16 1.137E-23 2.833E-64 5.784E-06 4.381E-09 1.707E-19 4.155E-13 8.862E-08 2.157E-10 1.178E-11 2.190E-04 8.882E-10 1.000E-38
  1.039E-02 2.313E+02 3.075E+06 1.101E-10 1.680E-01 5.774E-06 2.570E-17 1.202E-11 2.975E-11 5.145E-11 4.175E-07 1.112E-08 1.351E-20 5.461E-11 9.266E-07 4.918E-19 2.674E-23 5.206E-09 6.792E-09 3.696E-19 1.586E-23 4.111E-24 1.230E-27 7.328E-18 2.879E-13 9.311E-13 1.663E-18 2.956E-41 1.554E-76 1.736-107 6.118E-16 8.534E-24 2.285E-64 5.877E-06 4.018E-09 3.931E-19 4.380E-13 8.255E-08 1.973E-10 1.069E-11 2.190E-04 8.285E-10 1.000E-38
  9.661E-03 2.326E+02 3.125E+06 1.365E-10 1.680E-01 5.835E-06 3.723E-17 1.400E-11 3.340E-11 5.557E-11 4.115E-07 1.124E-08 1.615E-20 5.751E-11 8.986E-07 6.257E-19 3.322E-23 5.570E-09 6.991E-09 4.467E-19 1.446E-23 4.010E-24 1.322E-27 6.293E-18 2.096E-13 1.009E-12 1.302E-18 2.562E-41 9.972E-77 1.733-107 5.973E-16 6.292E-24 1.819E-64 5.947E-06 3.654E-09 8.559E-19 4.584E-13 7.676E-08 1.783E-10 9.542E-12 2.190E-04 7.743E-10 1.000E-38
  8.990E-03 2.340E+02 3.175E+06 1.689E-10 1.679E-01 5.895E-06 5.405E-17 1.621E-11 3.723E-11 5.926E-11 4.055E-07 1.137E-08 1.921E-20 6.035E-11 8.710E-07 7.937E-19 4.139E-23 5.938E-09 7.149E-09 5.379E-19 1.309E-23 3.890E-24 1.415E-27 5.425E-18 1.546E-13 1.064E-12 1.018E-18 2.198E-41 6.279E-77 1.730-107 5.889E-16 4.552E-24 1.429E-64 5.997E-06 3.296E-09 1.765E-18 4.769E-13 7.124E-08 1.593E-10 8.399E-12 2.191E-04 7.230E-10 1.000E-38
  8.369E-03 2.355E+02 3.225E+06 2.087E-10 1.679E-01 5.955E-06 7.855E-17 1.866E-11 4.122E-11 6.243E-11 3.994E-07 1.152E-08 2.269E-20 6.311E-11 8.434E-07 1.003E-18 5.178E-23 6.308E-09 7.263E-09 6.450E-19 1.176E-23 3.751E-24 1.509E-27 4.692E-18 1.154E-13 1.103E-12 7.932E-19 1.866E-41 3.874E-77 1.727-107 5.845E-16 3.221E-24 1.107E-64 6.028E-06 2.949E-09 3.461E-18 4.932E-13 6.595E-08 1.408E-10 7.289E-12 2.191E-04 6.736E-10 1.000E-38
  7.794E-03 2.370E+02 3.275E+06 2.575E-10 1.679E-01 6.016E-06 1.142E-16 2.138E-11 4.531E-11 6.504E-11 3.931E-07 1.167E-08 2.665E-20 6.574E-11 8.159E-07 1.262E-18 6.500E-23 6.678E-09 7.328E-09 7.702E-19 1.051E-23 3.603E-24 1.605E-27 4.080E-18 8.724E-14 1.131E-12 6.184E-19 1.576E-41 2.364E-77 1.724-107 5.831E-16 2.226E-24 8.512E-65 6.042E-06 2.618E-09 6.477E-18 5.067E-13 6.090E-08 1.231E-10 6.237E-12 2.191E-04 6.261E-10 1.000E-38
  7.263E-03 2.385E+02 3.325E+06 3.173E-10 1.679E-01 6.075E-06 1.661E-16 2.438E-11 4.952E-11 6.706E-11 3.869E-07 1.183E-08 3.114E-20 6.825E-11 7.886E-07 1.582E-18 8.176E-23 7.044E-09 7.345E-09 9.157E-19 9.358E-24 3.454E-24 1.708E-27 3.575E-18 6.697E-14 1.151E-12 4.833E-19 1.328E-41 1.440E-77 1.721-107 5.861E-16 1.502E-24 6.543E-65 6.042E-06 2.308E-09 1.159E-17 5.177E-13 5.610E-08 1.065E-10 5.267E-12 2.191E-04 5.806E-10 1.000E-38
  6.770E-03 2.400E+02 3.375E+06 3.905E-10 1.679E-01 6.134E-06 2.416E-16 2.769E-11 5.379E-11 6.848E-11 3.806E-07 1.199E-08 3.619E-20 7.061E-11 7.617E-07 1.975E-18 1.029E-22 7.402E-09 7.310E-09 1.084E-18 8.337E-24 3.319E-24 1.824E-27 3.168E-18 5.232E-14 1.165E-12 3.801E-19 1.127E-41 8.882E-78 1.718-107 5.927E-16 9.907E-25 5.085E-65 6.029E-06 2.023E-09 1.992E-17 5.256E-13 5.158E-08 9.122E-11 4.390E-12 2.191E-04 5.374E-10 1.000E-38
  6.314E-03 2.416E+02 3.425E+06 4.802E-10 1.679E-01 6.192E-06 3.514E-16 3.136E-11 5.814E-11 6.933E-11 3.744E-07 1.215E-08 4.188E-20 7.283E-11 7.352E-07 2.458E-18 1.296E-22 7.751E-09 7.227E-09 1.278E-18 7.454E-24 3.204E-24 1.963E-27 2.846E-18 4.170E-14 1.176E-12 3.018E-19 9.671E-42 5.618E-78 1.715-107 6.036E-16 6.387E-25 4.031E-65 6.006E-06 1.764E-09 3.297E-17 5.305E-13 4.735E-08 7.738E-11 3.613E-12 2.191E-04 4.965E-10 1.000E-38
  5.892E-03 2.431E+02 3.475E+06 5.899E-10 1.679E-01 6.249E-06 5.112E-16 3.542E-11 6.252E-11 6.961E-11 3.683E-07 1.230E-08 4.829E-20 7.490E-11 7.092E-07 3.049E-18 1.630E-22 8.088E-09 7.097E-09 1.502E-18 6.702E-24 3.116E-24 2.132E-27 2.598E-18 3.396E-14 1.183E-12 2.424E-19 8.443E-42 3.680E-78 1.712-107 6.178E-16 4.024E-25 3.285E-65 5.975E-06 1.531E-09 5.269E-17 5.323E-13 4.340E-08 6.501E-11 2.937E-12 2.192E-04 4.578E-10 1.000E-38
  5.500E-03 2.447E+02 3.525E+06 7.241E-10 1.679E-01 6.305E-06 7.440E-16 3.994E-11 6.692E-11 6.936E-11 3.622E-07 1.245E-08 5.550E-20 7.680E-11 6.836E-07 3.770E-18 2.051E-22 8.412E-09 6.924E-09 1.759E-18 6.069E-24 3.056E-24 2.341E-27 2.413E-18 2.828E-14 1.189E-12 1.972E-19 7.514E-42 2.507E-78 1.708-107 6.345E-16 2.471E-25 2.761E-65 5.938E-06 1.324E-09 8.152E-17 5.312E-13 3.970E-08 5.411E-11 2.358E-12 2.192E-04 4.212E-10 1.000E-38
  5.137E-03 2.462E+02 3.575E+06 8.880E-10 1.679E-01 6.359E-06 1.083E-15 4.499E-11 7.132E-11 6.861E-11 3.563E-07 1.258E-08 6.360E-20 7.853E-11 6.586E-07 4.647E-18 2.578E-22 8.724E-09 6.709E-09 2.053E-18 5.551E-24 3.034E-24 2.606E-27 2.286E-18 2.414E-14 1.193E-12 1.631E-19 6.864E-42 1.802E-78 1.705-107 6.522E-16 1.482E-25 2.419E-65 5.894E-06 1.140E-09 1.225E-16 5.268E-13 3.628E-08 4.463E-11 1.871E-12 2.192E-04 3.868E-10 1.000E-38
  4.799E-03 2.478E+02 3.625E+06 1.089E-09 1.679E-01 6.411E-06 1.578E-15 5.064E-11 7.572E-11 6.743E-11 3.505E-07 1.271E-08 7.280E-20 8.014E-11 6.345E-07 5.722E-18 3.229E-22 9.020E-09 6.459E-09 2.391E-18 5.138E-24 3.051E-24 2.948E-27 2.213E-18 2.114E-14 1.195E-12 1.372E-19 6.449E-42 1.371E-78 1.701-107 6.697E-16 8.709E-26 2.216E-65 5.846E-06 9.802E-10 1.792E-16 5.199E-13 3.315E-08 3.649E-11 1.467E-12 2.192E-04 3.550E-10 1.000E-38
  4.486E-03 2.492E+02 3.675E+06 1.334E-09 1.679E-01 6.462E-06 2.300E-15 5.700E-11 8.008E-11 6.587E-11 3.451E-07 1.283E-08 8.321E-20 8.160E-11 6.113E-07 7.028E-18 4.032E-22 9.303E-09 6.176E-09 2.778E-18 4.813E-24 3.112E-24 3.387E-27 2.188E-18 1.897E-14 1.197E-12 1.175E-19 6.243E-42 1.109E-78 1.698-107 6.842E-16 5.022E-26 2.128E-65 5.792E-06 8.406E-10 2.558E-16 5.098E-13 3.029E-08 2.958E-11 1.136E-12 2.192E-04 3.255E-10 1.000E-38
  4.195E-03 2.507E+02 3.725E+06 1.634E-09 1.679E-01 6.511E-06 3.358E-15 6.417E-11 8.442E-11 6.398E-11 3.398E-07 1.293E-08 9.506E-20 8.292E-11 5.888E-07 8.626E-18 5.025E-22 9.571E-09 5.866E-09 3.221E-18 4.553E-24 3.207E-24 3.941E-27 2.202E-18 1.741E-14 1.198E-12 1.021E-19 6.182E-42 9.399E-79 1.694-107 6.938E-16 2.836E-26 2.119E-65 5.733E-06 7.190E-10 3.568E-16 4.971E-13 2.766E-08 2.377E-11 8.688E-13 2.192E-04 2.980E-10 1.000E-38
  3.924E-03 2.521E+02 3.775E+06 2.001E-09 1.679E-01 6.557E-06 4.905E-15 7.227E-11 8.873E-11 6.185E-11 3.349E-07 1.302E-08 1.085E-19 8.407E-11 5.670E-07 1.057E-17 6.253E-22 9.825E-09 5.530E-09 3.729E-18 4.342E-24 3.338E-24 4.639E-27 2.252E-18 1.628E-14 1.199E-12 8.991E-20 6.251E-42 8.312E-79 1.691-107 6.966E-16 1.567E-26 2.181E-65 5.668E-06 6.133E-10 4.877E-16 4.816E-13 2.525E-08 1.893E-11 6.557E-13 2.192E-04 2.723E-10 1.000E-38
  3.672E-03 2.535E+02 3.825E+06 2.451E-09 1.679E-01 6.603E-06 7.176E-15 8.145E-11 9.303E-11 5.954E-11 3.302E-07 1.310E-08 1.238E-19 8.504E-11 5.458E-07 1.293E-17 7.769E-22 1.006E-08 5.175E-09 4.310E-18 4.167E-24 3.497E-24 5.504E-27 2.333E-18 1.546E-14 1.200E-12 7.995E-20 6.407E-42 7.564E-79 1.687-107 6.922E-16 8.458E-27 2.297E-65 5.595E-06 5.214E-10 6.539E-16 4.636E-13 2.304E-08 1.494E-11 4.879E-13 2.192E-04 2.484E-10 1.000E-38
  3.438E-03 2.549E+02 3.875E+06 3.001E-09 1.679E-01 6.646E-06 1.050E-14 9.184E-11 9.732E-11 5.714E-11 3.258E-07 1.317E-08 1.412E-19 8.583E-11 5.255E-07 1.580E-17 9.630E-22 1.029E-08 4.803E-09 4.971E-18 4.017E-24 3.682E-24 6.570E-27 2.442E-18 1.488E-14 1.200E-12 7.169E-20 6.640E-42 7.042E-79 1.683-107 6.809E-16 4.466E-27 2.463E-65 5.513E-06 4.416E-10 8.621E-16 4.431E-13 2.102E-08 1.169E-11 3.577E-13 2.192E-04 2.263E-10 1.000E-38
  3.220E-03 2.562E+02 3.925E+06 3.676E-09 1.679E-01 6.687E-06 1.539E-14 1.036E-10 1.017E-10 5.472E-11 3.218E-07 1.323E-08 1.610E-19 8.643E-11 5.061E-07 1.929E-17 1.189E-21 1.049E-08 4.420E-09 5.723E-18 3.885E-24 3.889E-24 7.870E-27 2.577E-18 1.447E-14 1.200E-12 6.467E-20 6.921E-42 6.640E-79 1.680-107 6.639E-16 2.315E-27 2.670E-65 5.423E-06 3.725E-10 1.119E-15 4.203E-13 1.919E-08 9.068E-12 2.583E-13 2.192E-04 2.059E-10 1.000E-38
  3.016E-03 2.575E+02 3.975E+06 4.500E-09 1.679E-01 6.726E-06 2.253E-14 1.168E-10 1.061E-10 5.237E-11 3.182E-07 1.327E-08 1.834E-19 8.683E-11 4.875E-07 2.351E-17 1.463E-21 1.068E-08 4.031E-09 6.570E-18 3.767E-24 4.114E-24 9.444E-27 2.736E-18 1.419E-14 1.200E-12 5.862E-20 7.234E-42 6.304E-79 1.676-107 6.423E-16 1.179E-27 2.910E-65 5.322E-06 3.127E-10 1.431E-15 3.956E-13 1.753E-08 6.979E-12 1.836E-13 2.192E-04 1.872E-10 1.000E-38
  2.827E-03 2.587E+02 4.025E+06 5.508E-09 1.679E-01 6.763E-06 3.295E-14 1.315E-10 1.106E-10 5.013E-11 3.151E-07 1.331E-08 2.086E-19 8.696E-11 4.698E-07 2.858E-17 1.794E-21 1.085E-08 3.641E-09 7.515E-18 3.659E-24 4.354E-24 1.133E-26 2.916E-18 1.399E-14 1.200E-12 5.334E-20 7.565E-42 5.998E-79 1.672-107 6.172E-16 5.888E-28 3.177E-65 5.211E-06 2.607E-10 1.807E-15 3.690E-13 1.602E-08 5.329E-12 1.282E-13 2.192E-04 1.699E-10 1.000E-38
  2.650E-03 2.599E+02 4.075E+06 6.734E-09 1.679E-01 6.797E-06 4.805E-14 1.479E-10 1.153E-10 4.805E-11 3.124E-07 1.335E-08 2.367E-19 8.678E-11 4.529E-07 3.461E-17 2.194E-21 1.099E-08 3.255E-09 8.555E-18 3.562E-24 4.608E-24 1.359E-26 3.116E-18 1.385E-14 1.200E-12 4.869E-20 7.905E-42 5.704E-79 1.668-107 5.898E-16 2.885E-28 3.466E-65 5.089E-06 2.157E-10 2.254E-15 3.411E-13 1.464E-08 4.039E-12 8.803E-14 2.193E-04 1.540E-10 1.000E-38
  2.485E-03 2.609E+02 4.125E+06 8.219E-09 1.679E-01 6.830E-06 6.974E-14 1.657E-10 1.202E-10 4.618E-11 3.102E-07 1.338E-08 2.674E-19 8.625E-11 4.368E-07 4.171E-17 2.673E-21 1.110E-08 2.881E-09 9.679E-18 3.477E-24 4.877E-24 1.627E-26 3.339E-18 1.375E-14 1.200E-12 4.463E-20 8.258E-42 5.428E-79 1.664-107 5.610E-16 1.385E-28 3.780E-65 4.956E-06 1.769E-10 2.782E-15 3.120E-13 1.338E-08 3.041E-12 5.936E-14 2.193E-04 1.392E-10 1.000E-38
  2.331E-03 2.619E+02 4.175E+06 1.000E-08 1.679E-01 6.860E-06 1.005E-13 1.850E-10 1.253E-10 4.452E-11 3.085E-07 1.341E-08 3.005E-19 8.535E-11 4.215E-07 4.995E-17 3.243E-21 1.118E-08 2.524E-09 1.087E-17 3.405E-24 5.162E-24 1.944E-26 3.584E-18 1.369E-14 1.200E-12 4.110E-20 8.629E-42 5.175E-79 1.660-107 5.315E-16 6.536E-29 4.121E-65 4.814E-06 1.436E-10 3.401E-15 2.825E-13 1.224E-08 2.276E-12 3.933E-14 2.193E-04 1.257E-10 1.000E-38
  2.186E-03 2.628E+02 4.225E+06 1.213E-08 1.679E-01 6.888E-06 1.437E-13 2.054E-10 1.306E-10 4.308E-11 3.074E-07 1.344E-08 3.357E-19 8.408E-11 4.071E-07 5.940E-17 3.913E-21 1.122E-08 2.189E-09 1.211E-17 3.349E-24 5.465E-24 2.318E-26 3.853E-18 1.365E-14 1.199E-12 3.805E-20 9.030E-42 4.954E-79 1.656-107 5.019E-16 3.045E-29 4.496E-65 4.663E-06 1.155E-10 4.122E-15 2.529E-13 1.120E-08 1.696E-12 2.564E-14 2.193E-04 1.134E-10 1.000E-38
  2.052E-03 2.635E+02 4.275E+06 1.464E-08 1.679E-01 6.913E-06 2.031E-13 2.267E-10 1.362E-10 4.185E-11 3.070E-07 1.347E-08 3.722E-19 8.244E-11 3.937E-07 7.004E-17 4.692E-21 1.123E-08 1.881E-09 1.336E-17 3.310E-24 5.792E-24 2.761E-26 4.151E-18 1.362E-14 1.199E-12 3.547E-20 9.488E-42 4.788E-79 1.653-107 4.726E-16 1.410E-29 4.925E-65 4.505E-06 9.195E-11 4.962E-15 2.240E-13 1.027E-08 1.260E-12 1.647E-14 2.193E-04 1.022E-10 1.000E-38
  1.925E-03 2.642E+02 4.325E+06 1.757E-08 1.679E-01 6.936E-06 2.836E-13 2.487E-10 1.420E-10 4.081E-11 3.071E-07 1.350E-08 4.096E-19 8.048E-11 3.812E-07 8.189E-17 5.589E-21 1.120E-08 1.604E-09 1.459E-17 3.286E-24 6.139E-24 3.282E-26 4.479E-18 1.360E-14 1.199E-12 3.328E-20 1.000E-41 4.663E-79 1.649-107 4.439E-16 6.571E-30 5.409E-65 4.341E-06 7.251E-11 5.931E-15 1.963E-13 9.425E-09 9.335E-13 1.044E-14 2.193E-04 9.207E-11 1.000E-38
  1.807E-03 2.647E+02 4.375E+06 2.094E-08 1.679E-01 6.956E-06 3.905E-13 2.708E-10 1.480E-10 3.993E-11 3.080E-07 1.354E-08 4.467E-19 7.819E-11 3.697E-07 9.470E-17 6.613E-21 1.113E-08 1.358E-09 1.577E-17 3.282E-24 6.523E-24 3.900E-26 4.848E-18 1.360E-14 1.198E-12 3.154E-20 1.064E-41 4.631E-79 1.645-107 4.162E-16 3.148E-30 6.003E-65 4.175E-06 5.669E-11 7.066E-15 1.702E-13 8.667E-09 6.914E-13 6.552E-15 2.192E-04 8.289E-11 1.000E-38
  1.697E-03 2.650E+02 4.425E+06 2.479E-08 1.679E-01 6.974E-06 5.306E-13 2.930E-10 1.541E-10 3.919E-11 3.094E-07 1.359E-08 4.835E-19 7.571E-11 3.590E-07 1.086E-16 7.770E-21 1.102E-08 1.143E-09 1.689E-17 3.289E-24 6.923E-24 4.627E-26 5.252E-18 1.360E-14 1.198E-12 3.008E-20 1.134E-41 4.628E-79 1.641-107 3.895E-16 1.610E-30 6.673E-65 4.006E-06 4.400E-11 8.366E-15 1.462E-13 7.986E-09 5.120E-13 4.075E-15 2.192E-04 7.460E-11 1.000E-38
  1.593E-03 2.652E+02 4.475E+06 2.909E-08 1.679E-01 6.989E-06 7.093E-13 3.147E-10 1.602E-10 3.855E-11 3.116E-07 1.365E-08 5.178E-19 7.297E-11 3.492E-07 1.230E-16 9.080E-21 1.089E-08 9.565E-10 1.790E-17 3.318E-24 7.376E-24 5.498E-26 5.719E-18 1.360E-14 1.198E-12 2.904E-20 1.227E-41 4.767E-79 1.637-107 3.640E-16 9.205E-31 7.552E-65 3.840E-06 3.394E-11 9.911E-15 1.244E-13 7.370E-09 3.798E-13 2.520E-15 2.192E-04 6.706E-11 1.000E-38
  1.495E-03 2.652E+02 4.525E+06 3.392E-08 1.679E-01 7.003E-06 9.364E-13 3.360E-10 1.664E-10 3.798E-11 3.144E-07 1.372E-08 5.507E-19 7.013E-11 3.400E-07 1.383E-16 1.057E-20 1.072E-08 7.979E-10 1.879E-17 3.352E-24 7.837E-24 6.518E-26 6.226E-18 1.360E-14 1.197E-12 2.819E-20 1.328E-41 4.923E-79 1.633-107 3.395E-16 6.113E-31 8.539E-65 3.673E-06 2.597E-11 1.166E-14 1.051E-13 6.805E-09 2.816E-13 1.545E-15 2.192E-04 6.012E-11 1.000E-38
  1.404E-03 2.650E+02 4.575E+06 3.918E-08 1.679E-01 7.014E-06 1.216E-12 3.563E-10 1.725E-10 3.748E-11 3.179E-07 1.381E-08 5.790E-19 6.714E-11 3.316E-07 1.531E-16 1.226E-20 1.052E-08 6.631E-10 1.956E-17 3.411E-24 8.379E-24 7.756E-26 6.825E-18 1.361E-14 1.197E-12 2.776E-20 1.466E-41 5.292E-79 1.628-107 3.163E-16 4.753E-31 9.899E-65 3.513E-06 1.978E-11 1.378E-14 8.800E-14 6.291E-09 2.094E-13 9.456E-16 2.192E-04 5.380E-11 1.000E-38
  1.318E-03 2.648E+02 4.625E+06 4.501E-08 1.679E-01 7.023E-06 1.562E-12 3.760E-10 1.786E-10 3.701E-11 3.221E-07 1.393E-08 6.063E-19 6.421E-11 3.239E-07 1.691E-16 1.415E-20 1.031E-08 5.507E-10 2.020E-17 3.467E-24 8.904E-24 9.202E-26 7.471E-18 1.362E-14 1.197E-12 2.739E-20 1.611E-41 5.645E-79 1.624-107 2.945E-16 4.175E-31 1.140E-64 3.356E-06 1.504E-11 1.617E-14 7.337E-14 5.832E-09 1.560E-13 5.770E-16 2.192E-04 4.815E-11 1.000E-38
  1.237E-03 2.643E+02 4.675E+06 5.126E-08 1.679E-01 7.030E-06 1.978E-12 3.947E-10 1.846E-10 3.658E-11 3.269E-07 1.407E-08 6.283E-19 6.126E-11 3.169E-07 1.840E-16 1.625E-20 1.008E-08 4.565E-10 2.073E-17 3.547E-24 9.529E-24 1.097E-25 8.243E-18 1.363E-14 1.196E-12 2.744E-20 1.808E-41 6.286E-79 1.620-107 2.742E-16 3.951E-31 1.349E-64 3.208E-06 1.143E-11 1.911E-14 6.083E-14 5.419E-09 1.167E-13 3.526E-16 2.192E-04 4.308E-11 1.000E-38
  1.161E-03 2.637E+02 4.725E+06 5.809E-08 1.679E-01 7.035E-06 2.482E-12 4.125E-10 1.904E-10 3.615E-11 3.323E-07 1.425E-08 6.488E-19 5.841E-11 3.105E-07 1.997E-16 1.864E-20 9.844E-09 3.786E-10 2.114E-17 3.623E-24 1.015E-23 1.305E-25 9.084E-18 1.364E-14 1.196E-12 2.754E-20 2.023E-41 6.962E-79 1.616-107 2.550E-16 3.891E-31 1.587E-64 3.064E-06 8.664E-12 2.245E-14 5.025E-14 5.046E-09 8.744E-14 2.147E-16 2.192E-04 3.849E-11 1.000E-38
  1.090E-03 2.630E+02 4.775E+06 6.537E-08 1.679E-01 7.038E-06 3.079E-12 4.293E-10 1.961E-10 3.570E-11 3.383E-07 1.448E-08 6.653E-19 5.563E-11 3.047E-07 2.148E-16 2.135E-20 9.594E-09 3.138E-10 2.144E-17 3.710E-24 1.083E-23 1.555E-25 1.005E-17 1.364E-14 1.196E-12 2.789E-20 2.288E-41 7.890E-79 1.612-107 2.369E-16 3.919E-31 1.895E-64 2.926E-06 6.559E-12 2.641E-14 4.134E-14 4.706E-09 6.565E-14 1.306E-16 2.192E-04 3.432E-11 1.000E-38
  1.023E-03 2.623E+02 4.825E+06 7.319E-08 1.679E-01 7.040E-06 3.787E-12 4.452E-10 2.015E-10 3.522E-11 3.450E-07 1.476E-08 6.798E-19 5.297E-11 2.993E-07 2.303E-16 2.446E-20 9.338E-09 2.603E-10 2.163E-17 3.792E-24 1.153E-23 1.850E-25 1.111E-17 1.365E-14 1.195E-12 2.833E-20 2.591E-41 8.956E-79 1.608-107 2.198E-16 3.999E-31 2.261E-64 2.791E-06 4.958E-12 3.095E-14 3.389E-14 4.396E-09 4.935E-14 7.917E-17 2.192E-04 3.055E-11 1.000E-38
  9.596E-04 2.616E+02 4.875E+06 8.158E-08 1.679E-01 7.040E-06 4.623E-12 4.601E-10 2.068E-10 3.469E-11 3.523E-07 1.510E-08 6.924E-19 5.042E-11 2.944E-07 2.463E-16 2.803E-20 9.077E-09 2.162E-10 2.172E-17 3.868E-24 1.224E-23 2.199E-25 1.229E-17 1.366E-14 1.195E-12 2.884E-20 2.935E-41 1.017E-78 1.604-107 2.037E-16 4.116E-31 2.694E-64 2.660E-06 3.744E-12 3.612E-14 2.771E-14 4.115E-09 3.714E-14 4.790E-17 2.192E-04 2.714E-11 1.000E-38
  9.001E-04 2.608E+02 4.925E+06 9.054E-08 1.679E-01 7.039E-06 5.606E-12 4.741E-10 2.118E-10 3.412E-11 3.601E-07 1.552E-08 7.034E-19 4.800E-11 2.899E-07 2.628E-16 3.210E-20 8.817E-09 1.799E-10 2.173E-17 3.933E-24 1.295E-23 2.609E-25 1.358E-17 1.367E-14 1.195E-12 2.942E-20 3.324E-41 1.155E-78 1.600-107 1.886E-16 4.266E-31 3.204E-64 2.533E-06 2.828E-12 4.199E-14 2.262E-14 3.859E-09 2.800E-14 2.897E-17 2.191E-04 2.408E-11 1.000E-38
  8.442E-04 2.601E+02 4.975E+06 1.001E-07 1.679E-01 7.036E-06 6.757E-12 4.874E-10 2.166E-10 3.350E-11 3.685E-07 1.601E-08 7.132E-19 4.571E-11 2.858E-07 2.800E-16 3.675E-20 8.557E-09 1.499E-10 2.168E-17 3.987E-24 1.366E-23 3.092E-25 1.499E-17 1.368E-14 1.194E-12 3.005E-20 3.761E-41 1.307E-78 1.596-107 1.744E-16 4.447E-31 3.799E-64 2.410E-06 2.136E-12 4.861E-14 1.843E-14 3.627E-09 2.114E-14 1.751E-17 2.191E-04 2.133E-11 1.000E-38
  7.916E-04 2.594E+02 5.025E+06 1.103E-07 1.679E-01 7.033E-06 8.102E-12 4.998E-10 2.212E-10 3.284E-11 3.774E-07 1.658E-08 7.218E-19 4.352E-11 2.821E-07 2.979E-16 4.208E-20 8.300E-09 1.252E-10 2.156E-17 4.030E-24 1.438E-23 3.658E-25 1.653E-17 1.368E-14 1.194E-12 3.072E-20 4.251E-41 1.476E-78 1.592-107 1.612E-16 4.662E-31 4.492E-64 2.292E-06 1.614E-12 5.607E-14 1.499E-14 3.415E-09 1.598E-14 1.058E-17 2.191E-04 1.885E-11 1.000E-38
  7.422E-04 2.587E+02 5.075E+06 1.212E-07 1.679E-01 7.027E-06 9.669E-12 5.117E-10 2.256E-10 3.215E-11 3.870E-07 1.726E-08 7.292E-19 4.144E-11 2.786E-07 3.166E-16 4.819E-20 8.046E-09 1.047E-10 2.138E-17 4.062E-24 1.509E-23 4.324E-25 1.822E-17 1.369E-14 1.194E-12 3.145E-20 4.802E-41 1.665E-78 1.587-107 1.488E-16 4.913E-31 5.301E-64 2.179E-06 1.220E-12 6.445E-14 1.219E-14 3.220E-09 1.210E-14 6.400E-18 2.191E-04 1.662E-11 1.000E-38
  6.957E-04 2.579E+02 5.125E+06 1.328E-07 1.679E-01 7.021E-06 1.149E-11 5.229E-10 2.299E-10 3.143E-11 3.970E-07 1.804E-08 7.356E-19 3.946E-11 2.754E-07 3.360E-16 5.519E-20 7.795E-09 8.777E-11 2.116E-17 4.084E-24 1.581E-23 5.105E-25 2.008E-17 1.369E-14 1.193E-12 3.223E-20 5.422E-41 1.876E-78 1.583-107 1.373E-16 5.204E-31 6.244E-64 2.071E-06 9.221E-13 7.387E-14 9.899E-15 3.042E-09 9.172E-15 3.874E-18 2.191E-04 1.462E-11 1.000E-38
  6.520E-04 2.572E+02 5.175E+06 1.452E-07 1.679E-01 7.014E-06 1.361E-11 5.337E-10 2.340E-10 3.070E-11 4.077E-07 1.895E-08 7.412E-19 3.758E-11 2.724E-07 3.563E-16 6.320E-20 7.548E-09 7.369E-11 2.090E-17 4.097E-24 1.652E-23 6.023E-25 2.212E-17 1.370E-14 1.193E-12 3.306E-20 6.117E-41 2.109E-78 1.579-107 1.266E-16 5.541E-31 7.341E-64 1.969E-06 6.978E-13 8.442E-14 8.037E-15 2.878E-09 6.966E-15 2.348E-18 2.191E-04 1.282E-11 1.000E-38
  6.110E-04 2.565E+02 5.225E+06 1.584E-07 1.679E-01 7.006E-06 1.607E-11 5.441E-10 2.381E-10 2.996E-11 4.190E-07 1.999E-08 7.460E-19 3.578E-11 2.696E-07 3.775E-16 7.235E-20 7.306E-09 6.197E-11 2.062E-17 4.102E-24 1.724E-23 7.100E-25 2.436E-17 1.370E-14 1.192E-12 3.394E-20 6.899E-41 2.369E-78 1.575-107 1.168E-16 5.928E-31 8.619E-64 1.871E-06 5.284E-13 9.623E-14 6.524E-15 2.727E-09 5.298E-15 1.425E-18 2.191E-04 1.120E-11 1.000E-38
  5.724E-04 2.558E+02 5.275E+06 1.726E-07 1.678E-01 6.996E-06 1.893E-11 5.543E-10 2.420E-10 2.922E-11 4.309E-07 2.118E-08 7.503E-19 3.407E-11 2.670E-07 3.997E-16 8.278E-20 7.069E-09 5.221E-11 2.030E-17 4.100E-24 1.796E-23 8.363E-25 2.681E-17 1.371E-14 1.192E-12 3.487E-20 7.776E-41 2.657E-78 1.570-107 1.076E-16 6.371E-31 1.010E-63 1.779E-06 4.006E-13 1.094E-13 5.295E-15 2.587E-09 4.036E-15 8.661E-19 2.190E-04 9.755E-12 1.000E-38
  5.362E-04 2.550E+02 5.325E+06 1.877E-07 1.678E-01 6.986E-06 2.225E-11 5.642E-10 2.459E-10 2.849E-11 4.434E-07 2.253E-08 7.540E-19 3.245E-11 2.645E-07 4.229E-16 9.465E-20 6.836E-09 4.405E-11 1.997E-17 4.091E-24 1.869E-23 9.847E-25 2.950E-17 1.371E-14 1.191E-12 3.586E-20 8.763E-41 2.978E-78 1.566-107 9.921E-17 6.877E-31 1.183E-63 1.691E-06 3.040E-13 1.241E-13 4.297E-15 2.457E-09 3.079E-15 5.273E-19 2.190E-04 8.461E-12 1.000E-38
  5.022E-04 2.543E+02 5.375E+06 2.038E-07 1.678E-01 6.975E-06 2.611E-11 5.740E-10 2.497E-10 2.776E-11 4.565E-07 2.407E-08 7.573E-19 3.090E-11 2.622E-07 4.472E-16 1.081E-19 6.609E-09 3.723E-11 1.963E-17 4.076E-24 1.942E-23 1.159E-24 3.246E-17 1.371E-14 1.191E-12 3.690E-20 9.871E-41 3.333E-78 1.561-107 9.145E-17 7.453E-31 1.383E-63 1.607E-06 2.310E-13 1.405E-13 3.488E-15 2.337E-09 2.352E-15 3.216E-19 2.190E-04 7.307E-12 1.000E-38
  4.703E-04 2.536E+02 5.425E+06 2.211E-07 1.678E-01 6.962E-06 3.060E-11 5.838E-10 2.535E-10 2.705E-11 4.703E-07 2.580E-08 7.602E-19 2.942E-11 2.600E-07 4.727E-16 1.234E-19 6.388E-09 3.151E-11 1.927E-17 4.058E-24 2.017E-23 1.363E-24 3.571E-17 1.371E-14 1.191E-12 3.800E-20 1.112E-40 3.730E-78 1.556-107 8.430E-17 8.107E-31 1.616E-63 1.528E-06 1.757E-13 1.588E-13 2.832E-15 2.225E-09 1.800E-15 1.964E-19 2.190E-04 6.281E-12 1.000E-38
  4.403E-04 2.529E+02 5.475E+06 2.396E-07 1.678E-01 6.949E-06 3.581E-11 5.936E-10 2.574E-10 2.635E-11 4.848E-07 2.775E-08 7.628E-19 2.801E-11 2.579E-07 4.995E-16 1.406E-19 6.171E-09 2.670E-11 1.891E-17 4.038E-24 2.094E-23 1.603E-24 3.927E-17 1.371E-14 1.190E-12 3.916E-20 1.253E-40 4.173E-78 1.552-107 7.773E-17 8.848E-31 1.888E-63 1.453E-06 1.338E-13 1.791E-13 2.300E-15 2.120E-09 1.379E-15 1.202E-19 2.190E-04 5.373E-12 1.000E-38
  4.121E-04 2.521E+02 5.525E+06 2.595E-07 1.678E-01 6.935E-06 4.189E-11 6.035E-10 2.613E-10 2.568E-11 5.000E-07 2.994E-08 7.652E-19 2.667E-11 2.559E-07 5.276E-16 1.601E-19 5.961E-09 2.267E-11 1.855E-17 4.015E-24 2.173E-23 1.884E-24 4.319E-17 1.371E-14 1.190E-12 4.039E-20 1.412E-40 4.671E-78 1.547-107 7.167E-17 9.685E-31 2.204E-63 1.382E-06 1.021E-13 2.017E-13 1.869E-15 2.023E-09 1.059E-15 7.370E-20 2.189E-04 4.571E-12 1.000E-38
  3.857E-04 2.514E+02 5.575E+06 2.807E-07 1.678E-01 6.920E-06 4.895E-11 6.137E-10 2.653E-10 2.504E-11 5.160E-07 3.239E-08 7.673E-19 2.540E-11 2.540E-07 5.571E-16 1.819E-19 5.755E-09 1.927E-11 1.819E-17 3.993E-24 2.254E-23 2.215E-24 4.750E-17 1.370E-14 1.189E-12 4.170E-20 1.592E-40 5.232E-78 1.542-107 6.611E-17 1.063E-30 2.574E-63 1.314E-06 7.799E-14 2.268E-13 1.519E-15 1.932E-09 8.138E-16 4.526E-20 2.189E-04 3.867E-12 1.000E-38
  3.609E-04 2.507E+02 5.625E+06 3.034E-07 1.678E-01 6.903E-06 5.719E-11 6.241E-10 2.695E-10 2.442E-11 5.327E-07 3.513E-08 7.692E-19 2.418E-11 2.521E-07 5.880E-16 2.065E-19 5.556E-09 1.640E-11 1.784E-17 3.972E-24 2.340E-23 2.603E-24 5.223E-17 1.370E-14 1.189E-12 4.308E-20 1.796E-40 5.868E-78 1.537-107 6.099E-17 1.169E-30 3.006E-63 1.250E-06 5.967E-14 2.546E-13 1.236E-15 1.847E-09 6.266E-16 2.785E-20 2.189E-04 3.251E-12 1.000E-38
  3.377E-04 2.499E+02 5.675E+06 3.277E-07 1.678E-01 6.886E-06 6.679E-11 6.348E-10 2.738E-10 2.383E-11 5.502E-07 3.817E-08 7.709E-19 2.302E-11 2.503E-07 6.202E-16 2.339E-19 5.362E-09 1.399E-11 1.749E-17 3.955E-24 2.430E-23 3.059E-24 5.744E-17 1.370E-14 1.188E-12 4.456E-20 2.030E-40 6.597E-78 1.532-107 5.628E-17 1.289E-30 3.514E-63 1.188E-06 4.572E-14 2.855E-13 1.005E-15 1.767E-09 4.833E-16 1.717E-20 2.189E-04 2.716E-12 1.000E-38
  3.159E-04 2.492E+02 5.725E+06 3.538E-07 1.678E-01 6.868E-06 7.799E-11 6.459E-10 2.782E-10 2.328E-11 5.686E-07 4.155E-08 7.724E-19 2.191E-11 2.486E-07 6.540E-16 2.646E-19 5.173E-09 1.194E-11 1.715E-17 3.940E-24 2.525E-23 3.594E-24 6.316E-17 1.369E-14 1.187E-12 4.614E-20 2.296E-40 7.432E-78 1.527-107 5.194E-17 1.423E-30 4.111E-63 1.130E-06 3.510E-14 3.196E-13 8.187E-16 1.692E-09 3.735E-16 1.061E-20 2.188E-04 2.253E-12 1.000E-38
  2.954E-04 2.484E+02 5.775E+06 3.816E-07 1.678E-01 6.848E-06 9.105E-11 6.575E-10 2.829E-10 2.276E-11 5.878E-07 4.530E-08 7.735E-19 2.085E-11 2.469E-07 6.890E-16 2.987E-19 4.990E-09 1.022E-11 1.682E-17 3.932E-24 2.627E-23 4.223E-24 6.947E-17 1.369E-14 1.187E-12 4.784E-20 2.603E-40 8.405E-78 1.521-107 4.795E-17 1.573E-30 4.819E-63 1.074E-06 2.699E-14 3.575E-13 6.672E-16 1.621E-09 2.892E-16 6.571E-21 2.188E-04 1.855E-12 1.000E-38
  2.762E-04 2.477E+02 5.825E+06 4.113E-07 1.678E-01 6.828E-06 1.063E-10 6.696E-10 2.878E-10 2.227E-11 6.079E-07 4.944E-08 7.745E-19 1.984E-11 2.452E-07 7.256E-16 3.367E-19 4.812E-09 8.753E-12 1.650E-17 3.930E-24 2.737E-23 4.962E-24 7.639E-17 1.368E-14 1.186E-12 4.965E-20 2.957E-40 9.534E-78 1.516-107 4.428E-17 1.741E-30 5.655E-63 1.020E-06 2.080E-14 3.993E-13 5.441E-16 1.555E-09 2.244E-16 4.079E-21 2.188E-04 1.515E-12 1.000E-38
  2.582E-04 2.470E+02 5.875E+06 4.431E-07 1.678E-01 6.806E-06 1.241E-10 6.823E-10 2.929E-10 2.182E-11 6.290E-07 5.401E-08 7.751E-19 1.888E-11 2.435E-07 7.633E-16 3.788E-19 4.640E-09 7.513E-12 1.619E-17 3.936E-24 2.857E-23 5.831E-24 8.403E-17 1.367E-14 1.186E-12 5.162E-20 3.367E-40 1.087E-77 1.510-107 4.089E-17 1.929E-30 6.654E-63 9.688E-07 1.606E-14 4.456E-13 4.442E-16 1.492E-09 1.745E-16 2.538E-21 2.187E-04 1.227E-12 1.000E-38
  2.413E-04 2.462E+02 5.925E+06 4.769E-07 1.678E-01 6.783E-06 1.449E-10 6.957E-10 2.984E-10 2.140E-11 6.511E-07 5.904E-08 7.755E-19 1.796E-11 2.418E-07 8.024E-16 4.255E-19 4.473E-09 6.461E-12 1.589E-17 3.951E-24 2.986E-23 6.851E-24 9.242E-17 1.366E-14 1.185E-12 5.373E-20 3.843E-40 1.245E-77 1.504-107 3.776E-17 2.138E-30 7.844E-63 9.196E-07 1.243E-14 4.966E-13 3.630E-16 1.433E-09 1.360E-16 1.583E-21 2.187E-04 9.850E-13 1.000E-38
  2.255E-04 2.455E+02 5.975E+06 5.129E-07 1.678E-01 6.759E-06 1.692E-10 7.097E-10 3.042E-10 2.102E-11 6.743E-07 6.458E-08 7.754E-19 1.708E-11 2.401E-07 8.425E-16 4.770E-19 4.312E-09 5.567E-12 1.561E-17 3.976E-24 3.129E-23 8.052E-24 1.017E-16 1.365E-14 1.184E-12 5.602E-20 4.400E-40 1.434E-77 1.498-107 3.488E-17 2.371E-30 9.274E-63 8.724E-07 9.643E-15 5.531E-13 2.969E-16 1.377E-09 1.063E-16 9.908E-22 2.187E-04 7.831E-13 1.000E-38
  2.107E-04 2.447E+02 6.025E+06 5.513E-07 1.678E-01 6.734E-06 1.977E-10 7.245E-10 3.103E-10 2.068E-11 6.985E-07 7.065E-08 7.749E-19 1.624E-11 2.385E-07 8.836E-16 5.339E-19 4.155E-09 4.807E-12 1.534E-17 4.013E-24 3.285E-23 9.464E-24 1.118E-16 1.364E-14 1.184E-12 5.850E-20 5.053E-40 1.660E-77 1.492-107 3.222E-17 2.630E-30 1.099E-62 8.272E-07 7.499E-15 6.153E-13 2.432E-16 1.325E-09 8.325E-17 6.219E-22 2.186E-04 6.163E-13 1.000E-38
  1.968E-04 2.440E+02 6.075E+06 5.922E-07 1.678E-01 6.707E-06 2.310E-10 7.400E-10 3.168E-10 2.037E-11 7.240E-07 7.731E-08 7.741E-19 1.544E-11 2.368E-07 9.256E-16 5.966E-19 4.004E-09 4.161E-12 1.509E-17 4.061E-24 3.458E-23 1.112E-23 1.231E-16 1.362E-14 1.183E-12 6.117E-20 5.820E-40 1.934E-77 1.485-107 2.976E-17 2.917E-30 1.307E-62 7.838E-07 5.847E-15 6.839E-13 1.995E-16 1.275E-09 6.540E-17 3.917E-22 2.186E-04 4.798E-13 1.000E-38
  1.838E-04 2.432E+02 6.125E+06 6.356E-07 1.678E-01 6.679E-06 2.700E-10 7.565E-10 3.237E-10 2.009E-11 7.506E-07 8.460E-08 7.728E-19 1.467E-11 2.351E-07 9.681E-16 6.655E-19 3.858E-09 3.610E-12 1.485E-17 4.122E-24 3.648E-23 1.308E-23 1.354E-16 1.361E-14 1.182E-12 6.408E-20 6.727E-40 2.268E-77 1.479-107 2.749E-17 3.236E-30 1.559E-62 7.422E-07 4.572E-15 7.595E-13 1.640E-16 1.227E-09 5.153E-17 2.476E-22 2.186E-04 3.692E-13 1.000E-38
  1.717E-04 2.424E+02 6.175E+06 6.818E-07 1.678E-01 6.650E-06 3.157E-10 7.738E-10 3.310E-10 1.985E-11 7.785E-07 9.256E-08 7.711E-19 1.394E-11 2.334E-07 1.011E-15 7.412E-19 3.717E-09 3.141E-12 1.462E-17 4.197E-24 3.859E-23 1.538E-23 1.490E-16 1.359E-14 1.181E-12 6.722E-20 7.799E-40 2.675E-77 1.472-107 2.539E-17 3.587E-30 1.864E-62 7.023E-07 3.585E-15 8.427E-13 1.350E-16 1.182E-09 4.072E-17 1.572E-22 2.185E-04 2.806E-13 1.000E-38
  1.602E-04 2.417E+02 6.225E+06 7.308E-07 1.678E-01 6.619E-06 3.692E-10 7.920E-10 3.388E-10 1.964E-11 8.078E-07 1.013E-07 7.690E-19 1.323E-11 2.316E-07 1.054E-15 8.241E-19 3.580E-09 2.739E-12 1.441E-17 4.287E-24 4.092E-23 1.808E-23 1.639E-16 1.357E-14 1.180E-12 7.062E-20 9.074E-40 3.175E-77 1.465-107 2.345E-17 3.976E-30 2.237E-62 6.641E-07 2.820E-15 9.344E-13 1.113E-16 1.140E-09 3.229E-17 1.002E-22 2.185E-04 2.105E-13 1.000E-38
  1.496E-04 2.409E+02 6.275E+06 7.830E-07 1.678E-01 6.587E-06 4.321E-10 8.113E-10 3.470E-10 1.945E-11 8.385E-07 1.107E-07 7.666E-19 1.256E-11 2.298E-07 1.097E-15 9.149E-19 3.449E-09 2.396E-12 1.421E-17 4.391E-24 4.350E-23 2.126E-23 1.804E-16 1.355E-14 1.179E-12 7.429E-20 1.059E-39 3.789E-77 1.458-107 2.165E-17 4.404E-30 2.690E-62 6.276E-07 2.225E-15 1.035E-12 9.198E-17 1.099E-09 2.568E-17 6.414E-23 2.184E-04 1.558E-13 1.000E-38
  1.396E-04 2.402E+02 6.325E+06 8.385E-07 1.677E-01 6.553E-06 5.059E-10 8.316E-10 3.557E-10 1.930E-11 8.706E-07 1.211E-07 7.637E-19 1.192E-11 2.280E-07 1.140E-15 1.014E-18 3.322E-09 2.102E-12 1.403E-17 4.512E-24 4.637E-23 2.501E-23 1.985E-16 1.353E-14 1.178E-12 7.826E-20 1.239E-39 4.551E-77 1.451-107 1.999E-17 4.875E-30 3.246E-62 5.927E-07 1.762E-15 1.146E-12 7.618E-17 1.061E-09 2.050E-17 4.126E-23 2.184E-04 1.135E-13 1.000E-38
  1.302E-04 2.394E+02 6.375E+06 8.976E-07 1.677E-01 6.517E-06 5.927E-10 8.530E-10 3.649E-10 1.918E-11 9.044E-07 1.323E-07 7.607E-19 1.130E-11 2.261E-07 1.182E-15 1.123E-18 3.201E-09 1.849E-12 1.386E-17 4.649E-24 4.953E-23 2.941E-23 2.185E-16 1.351E-14 1.177E-12 8.253E-20 1.455E-39 5.491E-77 1.443-107 1.845E-17 5.393E-30 3.925E-62 5.593E-07 1.399E-15 1.268E-12 6.325E-17 1.024E-09 1.642E-17 2.667E-23 2.183E-04 8.146E-14 1.000E-38
  1.215E-04 2.386E+02 6.425E+06 9.606E-07 1.677E-01 6.479E-06 6.948E-10 8.756E-10 3.747E-10 1.909E-11 9.398E-07 1.445E-07 7.575E-19 1.072E-11 2.242E-07 1.222E-15 1.241E-18 3.083E-09 1.632E-12 1.370E-17 4.804E-24 5.303E-23 3.460E-23 2.404E-16 1.348E-14 1.176E-12 8.712E-20 1.712E-39 6.660E-77 1.435-107 1.703E-17 5.961E-30 4.757E-62 5.276E-07 1.115E-15 1.402E-12 5.264E-17 9.893E-10 1.319E-17 1.733E-23 2.183E-04 5.747E-14 1.000E-38
  1.133E-04 2.379E+02 6.475E+06 1.028E-06 1.677E-01 6.440E-06 8.151E-10 8.994E-10 3.850E-10 1.902E-11 9.770E-07 1.578E-07 7.543E-19 1.016E-11 2.222E-07 1.262E-15 1.370E-18 2.971E-09 1.445E-12 1.356E-17 4.977E-24 5.691E-23 4.069E-23 2.644E-16 1.345E-14 1.175E-12 9.205E-20 2.019E-39 8.113E-77 1.427-107 1.572E-17 6.584E-30 5.778E-62 4.974E-07 8.921E-16 1.549E-12 4.392E-17 9.560E-10 1.064E-17 1.132E-23 2.182E-04 3.982E-14 1.000E-38
  1.056E-04 2.371E+02 6.525E+06 1.099E-06 1.677E-01 6.398E-06 9.570E-10 9.245E-10 3.959E-10 1.898E-11 1.016E-06 1.721E-07 7.515E-19 9.622E-12 2.201E-07 1.299E-15 1.510E-18 2.863E-09 1.283E-12 1.343E-17 5.171E-24 6.120E-23 4.785E-23 2.909E-16 1.342E-14 1.174E-12 9.734E-20 2.388E-39 9.925E-77 1.419-107 1.450E-17 7.268E-30 7.030E-62 4.686E-07 7.161E-16 1.710E-12 3.675E-17 9.242E-10 8.610E-18 7.437E-24 2.181E-04 2.707E-14 1.000E-38
  9.845E-05 2.363E+02 6.575E+06 1.176E-06 1.677E-01 6.354E-06 1.125E-09 9.511E-10 4.074E-10 1.898E-11 1.057E-06 1.877E-07 7.495E-19 9.117E-12 2.180E-07 1.335E-15 1.663E-18 2.759E-09 1.144E-12 1.332E-17 5.389E-24 6.597E-23 5.628E-23 3.199E-16 1.338E-14 1.173E-12 1.030E-19 2.830E-39 1.220E-76 1.410-107 1.338E-17 8.018E-30 8.571E-62 4.413E-07 5.769E-16 1.887E-12 3.083E-17 8.938E-10 6.994E-18 4.912E-24 2.181E-04 1.803E-14 1.000E-38
  9.176E-05 2.356E+02 6.625E+06 1.257E-06 1.677E-01 6.308E-06 1.323E-09 9.793E-10 4.197E-10 1.901E-11 1.100E-06 2.046E-07 7.494E-19 8.644E-12 2.158E-07 1.370E-15 1.828E-18 2.660E-09 1.023E-12 1.322E-17 5.636E-24 7.130E-23 6.617E-23 3.517E-16 1.334E-14 1.172E-12 1.091E-19 3.364E-39 1.506E-76 1.401-107 1.233E-17 8.842E-30 1.047E-61 4.153E-07 4.667E-16 2.080E-12 2.594E-17 8.647E-10 5.704E-18 3.263E-24 2.180E-04 1.176E-14 1.000E-38
  8.550E-05 2.348E+02 6.675E+06 1.344E-06 1.677E-01 6.260E-06 1.558E-09 1.009E-09 4.329E-10 1.910E-11 1.145E-06 2.229E-07 7.529E-19 8.210E-12 2.134E-07 1.404E-15 2.008E-18 2.565E-09 9.179E-13 1.314E-17 5.921E-24 7.730E-23 7.777E-23 3.864E-16 1.330E-14 1.171E-12 1.157E-19 4.010E-39 1.870E-76 1.392-107 1.137E-17 9.751E-30 1.282E-61 3.905E-07 3.792E-16 2.293E-12 2.190E-17 8.369E-10 4.673E-18 2.181E-24 2.179E-04 7.488E-15 1.000E-38
  7.964E-05 2.340E+02 6.725E+06 1.435E-06 1.677E-01 6.210E-06 1.837E-09 1.042E-09 4.472E-10 1.926E-11 1.193E-06 2.427E-07 7.629E-19 7.826E-12 2.110E-07 1.440E-15 2.203E-18 2.474E-09 8.273E-13 1.309E-17 6.258E-24 8.416E-23 9.139E-23 4.244E-16 1.326E-14 1.169E-12 1.229E-19 4.803E-39 2.344E-76 1.382-107 1.048E-17 1.076E-29 1.576E-61 3.667E-07 3.097E-16 2.525E-12 1.854E-17 8.102E-10 3.848E-18 1.468E-24 2.178E-04 4.652E-15 1.000E-38
  7.418E-05 2.333E+02 6.775E+06 1.531E-06 1.677E-01 6.156E-06 2.168E-09 1.077E-09 4.630E-10 1.952E-11 1.243E-06 2.641E-07 7.847E-19 7.510E-12 2.085E-07 1.482E-15 2.413E-18 2.387E-09 7.494E-13 1.307E-17 6.671E-24 9.214E-23 1.073E-22 4.658E-16 1.321E-14 1.168E-12 1.308E-19 5.788E-39 2.971E-76 1.372-107 9.649E-18 1.189E-29 1.947E-61 3.438E-07 2.546E-16 2.778E-12 1.576E-17 7.846E-10 3.189E-18 9.962E-25 2.177E-04 2.814E-15 1.000E-38
  6.907E-05 2.326E+02 6.825E+06 1.631E-06 1.676E-01 6.100E-06 2.564E-09 1.117E-09 4.808E-10 1.992E-11 1.295E-06 2.872E-07 8.260E-19 7.289E-12 2.059E-07 1.538E-15 2.642E-18 2.305E-09 6.830E-13 1.310E-17 7.195E-24 1.017E-22 1.260E-22 5.109E-16 1.315E-14 1.166E-12 1.398E-19 7.039E-39 3.834E-76 1.362-107 8.882E-18 1.316E-29 2.425E-61 3.216E-07 2.109E-16 3.054E-12 1.345E-17 7.601E-10 2.666E-18 6.825E-25 2.177E-04 1.655E-15 1.000E-38
  6.430E-05 2.318E+02 6.875E+06 1.733E-06 1.676E-01 6.041E-06 3.038E-09 1.163E-09 5.013E-10 2.050E-11 1.350E-06 3.121E-07 8.993E-19 7.201E-12 2.031E-07 1.620E-15 2.889E-18 2.227E-09 6.273E-13 1.319E-17 7.884E-24 1.134E-22 1.477E-22 5.597E-16 1.310E-14 1.165E-12 1.503E-19 8.663E-39 5.065E-76 1.351-107 8.172E-18 1.463E-29 3.053E-61 2.999E-07 1.765E-16 3.354E-12 1.155E-17 7.365E-10 2.253E-18 4.731E-25 2.176E-04 9.436E-16 1.000E-38
  5.985E-05 2.311E+02 6.925E+06 1.835E-06 1.676E-01 5.979E-06 3.609E-09 1.216E-09 5.257E-10 2.134E-11 1.408E-06 3.390E-07 1.022E-18 7.299E-12 2.002E-07 1.745E-15 3.155E-18 2.153E-09 5.816E-13 1.337E-17 8.814E-24 1.283E-22 1.731E-22 6.124E-16 1.303E-14 1.163E-12 1.628E-19 1.084E-38 6.909E-76 1.340-107 7.513E-18 1.633E-29 3.900E-61 2.785E-07 1.497E-16 3.678E-12 9.975E-18 7.138E-10 1.931E-18 3.329E-25 2.175E-04 5.206E-16 1.000E-38
  5.570E-05 2.304E+02 6.975E+06 1.935E-06 1.676E-01 5.914E-06 4.300E-09 1.279E-09 5.550E-10 2.250E-11 1.469E-06 3.681E-07 1.221E-18 7.654E-12 1.972E-07 1.941E-15 3.443E-18 2.084E-09 5.457E-13 1.365E-17 1.010E-23 1.475E-22 2.024E-22 6.689E-16 1.297E-14 1.161E-12 1.780E-19 1.382E-38 9.798E-76 1.329-107 6.904E-18 1.836E-29 5.071E-61 2.573E-07 1.289E-16 4.028E-12 8.685E-18 6.919E-10 1.684E-18 2.385E-25 2.173E-04 2.773E-16 1.000E-38
  5.182E-05 2.297E+02 7.025E+06 2.031E-06 1.676E-01 5.845E-06 5.141E-09 1.355E-09 5.908E-10 2.408E-11 1.533E-06 3.994E-07 1.532E-18 8.354E-12 1.941E-07 2.245E-15 3.754E-18 2.018E-09 5.189E-13 1.407E-17 1.189E-23 1.731E-22 2.363E-22 7.291E-16 1.290E-14 1.159E-12 1.968E-19 1.804E-38 1.453E-75 1.317-107 6.341E-18 2.081E-29 6.729E-61 2.363E-07 1.130E-16 4.401E-12 7.632E-18 6.708E-10 1.498E-18 1.745E-25 2.172E-04 1.421E-16 1.000E-38
  4.820E-05 2.290E+02 7.075E+06 2.120E-06 1.676E-01 5.773E-06 6.171E-09 1.447E-09 6.345E-10 2.618E-11 1.601E-06 4.332E-07 2.000E-18 9.509E-12 1.907E-07 2.708E-15 4.088E-18 1.957E-09 5.010E-13 1.465E-17 1.442E-23 2.074E-22 2.754E-22 7.930E-16 1.282E-14 1.157E-12 2.201E-19 2.413E-38 2.264E-75 1.305-107 5.822E-18 2.382E-29 9.129E-61 2.157E-07 1.012E-16 4.797E-12 6.777E-18 6.505E-10 1.363E-18 1.309E-25 2.171E-04 6.990E-17 1.000E-38
  4.482E-05 2.283E+02 7.125E+06 2.201E-06 1.676E-01 5.697E-06 7.439E-09 1.558E-09 6.875E-10 2.888E-11 1.672E-06 4.696E-07 2.687E-18 1.124E-11 1.873E-07 3.398E-15 4.449E-18 1.899E-09 4.913E-13 1.540E-17 1.797E-23 2.539E-22 3.200E-22 8.598E-16 1.274E-14 1.155E-12 2.488E-19 3.303E-38 3.690E-75 1.293-107 5.345E-18 2.757E-29 1.263E-60 1.956E-07 9.256E-17 5.212E-12 6.083E-18 6.308E-10 1.269E-18 1.006E-25 2.170E-04 3.288E-17 1.000E-38
  4.168E-05 2.276E+02 7.175E+06 2.276E-06 1.675E-01 5.617E-06 9.007E-09 1.691E-09 7.513E-10 3.229E-11 1.746E-06 5.088E-07 3.667E-18 1.370E-11 1.836E-07 4.400E-15 4.836E-18 1.846E-09 4.891E-13 1.635E-17 2.292E-23 3.169E-22 3.708E-22 9.295E-16 1.266E-14 1.153E-12 2.842E-19 4.618E-38 6.274E-75 1.280-107 4.910E-18 3.229E-29 1.780E-60 1.764E-07 8.644E-17 5.647E-12 5.520E-18 6.118E-10 1.208E-18 7.930E-26 2.168E-04 1.473E-17 1.000E-38
  3.874E-05 2.270E+02 7.225E+06 2.345E-06 1.675E-01 5.532E-06 1.095E-08 1.848E-09 8.267E-10 3.649E-11 1.825E-06 5.511E-07 5.031E-18 1.702E-11 1.798E-07 5.820E-15 5.252E-18 1.796E-09 4.932E-13 1.751E-17 2.977E-23 4.016E-22 4.281E-22 1.001E-15 1.257E-14 1.151E-12 3.265E-19 6.555E-38 1.098E-74 1.266-107 4.513E-18 3.825E-29 2.535E-60 1.583E-07 8.221E-17 6.094E-12 5.057E-18 5.934E-10 1.172E-18 6.390E-26 2.167E-04 6.264E-18 1.000E-38
  3.601E-05 2.263E+02 7.275E+06 2.412E-06 1.675E-01 5.444E-06 1.337E-08 2.030E-09 9.147E-10 4.152E-11 1.907E-06 5.966E-07 6.883E-18 2.133E-11 1.759E-07 7.778E-15 5.698E-18 1.751E-09 5.026E-13 1.888E-17 3.907E-23 5.148E-22 4.928E-22 1.074E-15 1.248E-14 1.148E-12 3.766E-19 9.395E-38 1.960E-74 1.252-107 4.153E-18 4.579E-29 3.633E-60 1.416E-07 7.933E-17 6.555E-12 4.670E-18 5.755E-10 1.153E-18 5.244E-26 2.165E-04 2.514E-18 1.000E-38
  3.346E-05 2.257E+02 7.325E+06 2.481E-06 1.675E-01 5.351E-06 1.639E-08 2.240E-09 1.016E-09 4.738E-11 1.993E-06 6.455E-07 9.343E-18 2.674E-11 1.717E-07 1.041E-14 6.172E-18 1.710E-09 5.156E-13 2.047E-17 5.137E-23 6.636E-22 5.651E-22 1.149E-15 1.239E-14 1.146E-12 4.339E-19 1.349E-37 3.508E-74 1.238-107 3.827E-18 5.531E-29 5.194E-60 1.265E-07 7.724E-17 7.022E-12 4.339E-18 5.582E-10 1.144E-18 4.358E-26 2.164E-04 9.471E-19 1.000E-38
  3.109E-05 2.251E+02 7.375E+06 2.559E-06 1.675E-01 5.253E-06 2.019E-08 2.477E-09 1.129E-09 5.399E-11 2.083E-06 6.983E-07 1.254E-17 3.332E-11 1.674E-07 1.383E-14 6.675E-18 1.672E-09 5.303E-13 2.227E-17 6.702E-23 8.546E-22 6.454E-22 1.223E-15 1.230E-14 1.143E-12 4.974E-19 1.922E-37 6.183E-74 1.223-107 3.532E-18 6.724E-29 7.338E-60 1.130E-07 7.540E-17 7.490E-12 4.048E-18 5.414E-10 1.137E-18 3.639E-26 2.162E-04 3.329E-19 1.000E-38
  2.888E-05 2.247E+02 7.425E+06 2.655E-06 1.674E-01 5.150E-06 2.500E-08 2.736E-09 1.253E-09 6.116E-11 2.177E-06 7.550E-07 1.665E-17 4.102E-11 1.630E-07 1.819E-14 7.204E-18 1.638E-09 5.428E-13 2.422E-17 8.578E-23 1.084E-21 7.320E-22 1.291E-15 1.222E-14 1.140E-12 5.602E-19 2.662E-37 1.027E-73 1.208-107 3.264E-18 8.207E-29 9.980E-60 1.009E-07 7.318E-17 7.918E-12 3.760E-18 5.250E-10 1.118E-18 3.007E-26 2.160E-04 1.083E-19 1.000E-38
  2.682E-05 2.247E+02 7.475E+06 2.780E-06 1.674E-01 5.042E-06 3.114E-08 3.009E-09 1.381E-09 6.862E-11 2.274E-06 8.160E-07 2.186E-17 4.976E-11 1.584E-07 2.357E-14 7.752E-18 1.608E-09 5.491E-13 2.626E-17 1.071E-22 1.341E-21 8.239E-22 1.348E-15 1.214E-14 1.137E-12 6.152E-19 3.538E-37 1.565E-73 1.192-107 3.019E-18 1.003E-28 1.288E-59 8.999E-08 7.017E-17 8.294E-12 3.454E-18 5.090E-10 1.078E-18 2.431E-26 2.158E-04 3.230E-20 1.000E-38
  2.492E-05 2.247E+02 7.525E+06 2.933E-06 1.674E-01 4.929E-06 3.890E-08 3.298E-09 1.516E-09 7.628E-11 2.376E-06 8.817E-07 2.828E-17 5.949E-11 1.536E-07 2.990E-14 8.312E-18 1.582E-09 5.505E-13 2.840E-17 1.307E-22 1.633E-21 9.257E-22 1.406E-15 1.207E-14 1.134E-12 6.659E-19 4.587E-37 2.270E-73 1.175-107 2.796E-18 1.227E-28 1.619E-59 8.068E-08 6.647E-17 8.682E-12 3.164E-18 4.935E-10 1.024E-18 1.936E-26 2.156E-04 8.733E-21 1.000E-38
  2.314E-05 2.247E+02 7.575E+06 3.117E-06 1.674E-01 4.811E-06 4.869E-08 3.598E-09 1.653E-09 8.400E-11 2.482E-06 9.522E-07 3.605E-17 7.007E-11 1.487E-07 3.711E-14 8.869E-18 1.559E-09 5.462E-13 3.060E-17 1.563E-22 1.958E-21 1.039E-21 1.466E-15 1.199E-14 1.131E-12 7.106E-19 5.809E-37 3.140E-73 1.158-107 2.594E-18 1.497E-28 1.986E-59 7.270E-08 6.220E-17 9.099E-12 2.886E-18 4.782E-10 9.579E-19 1.519E-26 2.154E-04 2.113E-21 1.000E-38
  2.150E-05 2.247E+02 7.625E+06 3.336E-06 1.673E-01 4.687E-06 6.101E-08 3.908E-09 1.793E-09 9.169E-11 2.590E-06 1.028E-06 4.531E-17 8.133E-11 1.437E-07 4.506E-14 9.407E-18 1.540E-09 5.367E-13 3.286E-17 1.836E-22 2.315E-21 1.167E-21 1.527E-15 1.190E-14 1.127E-12 7.484E-19 7.201E-37 4.165E-73 1.140-107 2.411E-18 1.819E-28 2.385E-59 6.578E-08 5.754E-17 9.554E-12 2.622E-18 4.634E-10 8.839E-19 1.177E-26 2.151E-04 4.502E-22 1.000E-38
  1.997E-05 2.247E+02 7.675E+06 3.588E-06 1.673E-01 4.558E-06 7.658E-08 4.233E-09 1.938E-09 9.933E-11 2.702E-06 1.109E-06 5.616E-17 9.307E-11 1.386E-07 5.358E-14 9.905E-18 1.523E-09 5.237E-13 3.525E-17 2.128E-22 2.712E-21 1.308E-21 1.590E-15 1.182E-14 1.123E-12 7.805E-19 8.796E-37 5.361E-73 1.122-107 2.248E-18 2.200E-28 2.819E-59 5.964E-08 5.272E-17 1.004E-11 2.376E-18 4.489E-10 8.075E-19 9.027E-27 2.149E-04 8.271E-23 1.000E-38
  1.855E-05 2.247E+02 7.725E+06 3.869E-06 1.673E-01 4.425E-06 9.641E-08 4.587E-09 2.093E-09 1.069E-10 2.815E-06 1.195E-06 6.868E-17 1.050E-10 1.334E-07 6.255E-14 1.034E-17 1.511E-09 5.099E-13 3.790E-17 2.444E-22 3.172E-21 1.464E-21 1.652E-15 1.173E-14 1.119E-12 8.097E-19 1.068E-36 6.822E-73 1.103-107 2.106E-18 2.644E-28 3.306E-59 5.401E-08 4.797E-17 1.056E-11 2.152E-18 4.347E-10 7.343E-19 6.893E-27 2.146E-04 1.273E-23 1.000E-38
  1.723E-05 2.247E+02 7.775E+06 4.179E-06 1.672E-01 4.287E-06 1.221E-07 4.992E-09 2.269E-09 1.140E-10 2.929E-06 1.287E-06 8.289E-17 1.168E-10 1.281E-07 7.177E-14 1.068E-17 1.501E-09 4.969E-13 4.099E-17 2.781E-22 3.727E-21 1.635E-21 1.712E-15 1.164E-14 1.115E-12 8.383E-19 1.297E-36 8.680E-73 1.084-107 1.986E-18 3.155E-28 3.867E-59 4.878E-08 4.332E-17 1.110E-11 1.954E-18 4.209E-10 6.665E-19 5.257E-27 2.143E-04 1.576E-24 1.000E-38
  1.601E-05 2.247E+02 7.825E+06 4.543E-06 1.672E-01 4.144E-06 1.562E-07 5.458E-09 2.467E-09 1.199E-10 3.043E-06 1.385E-06 9.882E-17 1.278E-10 1.229E-07 8.070E-14 1.091E-17 1.495E-09 4.827E-13 4.463E-17 3.091E-22 4.379E-21 1.819E-21 1.769E-15 1.156E-14 1.111E-12 8.621E-19 1.560E-36 1.084E-72 1.064-107 1.891E-18 3.737E-28 4.467E-59 4.403E-08 3.858E-17 1.168E-11 1.778E-18 4.073E-10 5.995E-19 3.983E-27 2.140E-04 1.470E-25 1.000E-38
  1.487E-05 2.247E+02 7.875E+06 5.044E-06 1.671E-01 3.995E-06 2.028E-07 5.942E-09 2.663E-09 1.225E-10 3.155E-06 1.490E-06 1.164E-16 1.370E-10 1.176E-07 8.780E-14 1.100E-17 1.492E-09 4.573E-13 4.840E-17 3.239E-22 4.982E-21 2.027E-21 1.830E-15 1.147E-14 1.106E-12 8.624E-19 1.781E-36 1.218E-72 1.043-107 1.825E-18 4.392E-28 4.902E-59 4.023E-08 3.328E-17 1.238E-11 1.606E-18 3.941E-10 5.202E-19 2.924E-27 2.137E-04 9.232E-27 1.000E-38
  1.382E-05 2.247E+02 7.925E+06 5.895E-06 1.671E-01 3.842E-06 2.679E-07 6.278E-09 2.782E-09 1.187E-10 3.262E-06 1.600E-06 1.359E-16 1.429E-10 1.123E-07 8.995E-14 1.094E-17 1.492E-09 4.035E-13 5.089E-17 3.006E-22 5.103E-21 2.283E-21 1.913E-15 1.136E-14 1.101E-12 8.021E-19 1.760E-36 1.027E-72 1.022-107 1.793E-18 5.125E-28 4.709E-59 3.823E-08 2.700E-17 1.340E-11 1.408E-18 3.813E-10 4.147E-19 1.984E-27 2.134E-04 2.992E-28 1.000E-38
  1.283E-05 2.247E+02 7.975E+06 7.527E-06 1.671E-01 3.682E-06 3.582E-07 6.195E-09 2.702E-09 1.065E-10 3.360E-06 1.717E-06 1.575E-16 1.436E-10 1.071E-07 8.367E-14 1.073E-17 1.496E-09 3.117E-13 4.977E-17 2.296E-22 4.257E-21 2.635E-21 2.050E-15 1.119E-14 1.096E-12 6.532E-19 1.332E-36 5.081E-73 1.000-107 1.806E-18 5.933E-28 3.552E-59 3.914E-08 1.997E-17 1.507E-11 1.158E-18 3.687E-10 2.867E-19 1.173E-27 2.130E-04 5.623E-31 1.000E-38
  1.192E-05 2.247E+02 8.025E+06 1.070E-05 1.670E-01 3.517E-06 4.792E-07 5.561E-09 2.371E-09 8.694E-11 3.449E-06 1.842E-06 1.824E-16 1.369E-10 1.020E-07 6.914E-14 1.040E-17 1.502E-09 2.030E-13 4.389E-17 1.379E-22 2.696E-21 3.136E-21 2.265E-15 1.094E-14 1.090E-12 4.475E-19 7.106E-37 1.250E-73 9.775-108 1.876E-18 6.803E-28 1.946E-59 4.409E-08 1.331E-17 1.775E-11 8.649E-19 3.564E-10 1.664E-19 5.826E-28 2.126E-04 6.164E-32 1.000E-38
  1.108E-05 2.247E+02 8.075E+06 1.658E-05 1.670E-01 3.347E-06 6.317E-07 4.590E-09 1.888E-09 6.485E-11 3.524E-06 1.973E-06 2.114E-16 1.223E-10 9.683E-08 5.158E-14 9.995E-18 1.512E-09 1.137E-13 3.506E-17 6.610E-23 1.320E-21 3.804E-21 2.551E-15 1.062E-14 1.084E-12 2.609E-19 2.736E-37 1.607E-74 9.540-108 2.021E-18 7.690E-28 7.845E-60 5.388E-08 8.127E-18 2.160E-11 5.801E-19 3.443E-10 8.223E-20 2.448E-28 2.122E-04 5.708E-33 1.000E-38
  1.029E-05 2.247E+02 8.125E+06 2.677E-05 1.669E-01 3.174E-06 8.118E-07 3.623E-09 1.408E-09 4.505E-11 3.587E-06 2.112E-06 2.440E-16 1.019E-10 9.176E-08 3.635E-14 9.538E-18 1.527E-09 5.895E-14 2.627E-17 2.667E-23 5.462E-22 4.619E-21 2.876E-15 1.025E-14 1.078E-12 1.369E-19 8.542E-38 1.358E-75 9.297-108 2.253E-18 8.506E-28 2.566E-60 6.879E-08 4.692E-18 2.657E-11 3.574E-19 3.323E-10 3.632E-20 9.113E-29 2.117E-04 4.409E-34 1.000E-38
  9.560E-06 2.247E+02 8.175E+06 4.329E-05 1.668E-01 3.000E-06 1.013E-06 2.837E-09 1.017E-09 2.974E-11 3.639E-06 2.257E-06 2.780E-16 8.018E-11 8.676E-08 2.523E-14 9.051E-18 1.548E-09 3.067E-14 1.913E-17 9.495E-24 2.101E-22 5.544E-21 3.204E-15 9.884E-15 1.071E-12 6.869E-20 2.442E-38 9.607E-77 9.045-108 2.578E-18 9.143E-28 7.601E-61 8.869E-08 2.626E-18 3.252E-11 2.124E-19 3.205E-10 1.503E-20 3.158E-29 2.113E-04 2.801E-35 1.000E-38
  8.882E-06 2.247E+02 8.225E+06 6.857E-05 1.668E-01 2.828E-06 1.229E-06 2.251E-09 7.278E-10 1.892E-11 3.680E-06 2.407E-06 3.112E-16 6.086E-11 8.187E-08 1.768E-14 8.544E-18 1.575E-09 1.713E-14 1.388E-17 3.067E-24 7.996E-23 6.557E-21 3.519E-15 9.526E-15 1.064E-12 3.428E-20 6.944E-39 6.706E-78 8.785-108 2.992E-18 9.511E-28 2.207E-61 1.133E-07 1.445E-18 3.940E-11 1.291E-19 3.090E-10 6.047E-21 1.063E-29 2.108E-04 1.443E-36 1.000E-38
  8.252E-06 2.247E+02 8.275E+06 1.055E-04 1.667E-01 2.658E-06 1.454E-06 1.824E-09 5.222E-10 1.170E-11 3.712E-06 2.562E-06 3.427E-16 4.563E-11 7.709E-08 1.264E-14 8.021E-18 1.611E-09 1.070E-14 1.016E-17 9.131E-25 3.112E-23 7.652E-21 3.812E-15 9.187E-15 1.056E-12 1.741E-20 2.050E-39 5.041E-79 8.517-108 3.486E-18 9.570E-28 6.563E-62 1.421E-07 7.892E-19 4.727E-11 8.417E-20 2.977E-10 2.430E-21 3.601E-30 2.102E-04 5.929E-38 1.000E-38
  7.667E-06 2.247E+02 8.325E+06 1.574E-04 1.666E-01 2.492E-06 1.684E-06 1.510E-09 3.776E-10 7.074E-12 3.738E-06 2.722E-06 3.727E-16 3.435E-11 7.245E-08 9.248E-15 7.487E-18 1.658E-09 7.572E-15 7.539E-18 2.525E-25 1.257E-23 8.831E-21 4.083E-15 8.867E-15 1.048E-12 9.078E-21 6.406E-40 4.241E-80 8.241-108 4.045E-18 9.341E-28 2.042E-62 1.748E-07 4.296E-19 5.630E-11 6.011E-20 2.865E-10 9.996E-22 1.281E-30 2.097E-04 1.000E-38 1.000E-38
  7.123E-06 2.247E+02 8.375E+06 2.279E-04 1.665E-01 2.331E-06 1.913E-06 1.275E-09 2.757E-10 4.189E-12 3.758E-06 2.886E-06 4.010E-16 2.618E-11 6.795E-08 6.919E-15 6.946E-18 1.715E-09 5.974E-15 5.689E-18 6.529E-26 5.290E-24 1.010E-20 4.336E-15 8.563E-15 1.039E-12 4.879E-21 2.130E-40 4.042E-81 7.957-108 4.649E-18 8.887E-28 6.707E-63 2.110E-07 2.338E-19 6.683E-11 4.675E-20 2.757E-10 4.300E-22 5.044E-31 2.091E-04 1.000E-38 1.000E-38
  6.618E-06 2.247E+02 8.425E+06 3.213E-04 1.663E-01 2.176E-06 2.139E-06 1.094E-09 2.035E-10 2.432E-12 3.773E-06 3.054E-06 4.275E-16 2.025E-11 6.362E-08 5.286E-15 6.403E-18 1.786E-09 5.113E-15 4.368E-18 1.588E-26 2.323E-24 1.148E-20 4.572E-15 8.272E-15 1.030E-12 2.703E-21 7.539E-41 4.367E-82 7.667-108 5.278E-18 8.289E-28 2.328E-63 2.501E-07 1.277E-19 7.929E-11 3.881E-20 2.650E-10 1.971E-22 2.311E-31 2.085E-04 1.000E-38 1.000E-38
  6.149E-06 2.247E+02 8.475E+06 4.420E-04 1.662E-01 2.027E-06 2.360E-06 9.513E-10 1.517E-10 1.385E-12 3.785E-06 3.226E-06 4.516E-16 1.590E-11 5.945E-08 4.114E-15 5.864E-18 1.872E-09 4.625E-15 3.413E-18 3.677E-27 1.062E-24 1.297E-20 4.794E-15 7.993E-15 1.020E-12 1.543E-21 2.833E-41 5.325E-83 7.370-108 5.910E-18 7.622E-28 8.530E-64 2.917E-07 7.021E-20 9.434E-11 3.365E-20 2.546E-10 9.741E-23 1.255E-31 2.078E-04 1.000E-38 1.000E-38
  5.713E-06 2.247E+02 8.525E+06 5.947E-04 1.660E-01 1.884E-06 2.573E-06 8.356E-10 1.143E-10 7.742E-13 3.793E-06 3.400E-06 4.729E-16 1.267E-11 5.546E-08 3.256E-15 5.335E-18 1.976E-09 4.338E-15 2.713E-18 8.251E-28 5.050E-25 1.459E-20 5.004E-15 7.723E-15 1.009E-12 9.051E-22 1.126E-41 7.292E-84 7.067-108 6.523E-18 6.948E-28 3.293E-64 3.352E-07 3.903E-20 1.129E-10 3.001E-20 2.444E-10 5.196E-23 7.881E-32 2.071E-04 1.000E-38 1.000E-38
  5.308E-06 2.247E+02 8.575E+06 7.844E-04 1.658E-01 1.748E-06 2.779E-06 7.397E-10 8.689E-11 4.243E-13 3.799E-06 3.577E-06 4.910E-16 1.023E-11 5.165E-08 2.617E-15 4.819E-18 2.099E-09 4.167E-15 2.192E-18 1.851E-28 2.491E-25 1.634E-20 5.202E-15 7.460E-15 9.982E-13 5.452E-22 4.721E-42 1.118E-84 6.760-108 7.098E-18 6.303E-28 1.335E-64 3.798E-07 2.205E-20 1.363E-10 2.725E-20 2.345E-10 2.967E-23 5.454E-32 2.064E-04 1.000E-38 1.000E-38
  4.932E-06 2.247E+02 8.625E+06 1.016E-03 1.656E-01 1.618E-06 2.974E-06 6.586E-10 6.668E-11 2.281E-13 3.802E-06 3.757E-06 5.054E-16 8.366E-12 4.802E-08 2.132E-15 4.324E-18 2.243E-09 4.070E-15 1.800E-18 4.341E-29 1.271E-25 1.826E-20 5.391E-15 7.204E-15 9.864E-13 3.367E-22 2.080E-42 1.925E-85 6.447-108 7.617E-18 5.709E-28 5.674E-65 4.248E-07 1.273E-20 1.665E-10 2.506E-20 2.248E-10 1.791E-23 4.004E-32 2.056E-04 1.000E-38 1.000E-38
  4.583E-06 2.247E+02 8.675E+06 1.295E-03 1.653E-01 1.496E-06 3.161E-06 5.889E-10 5.162E-11 1.204E-13 3.804E-06 3.938E-06 5.160E-16 6.921E-12 4.458E-08 1.758E-15 3.853E-18 2.413E-09 4.023E-15 1.501E-18 1.115E-29 6.705E-26 2.034E-20 5.571E-15 6.954E-15 9.740E-13 2.128E-22 9.607E-43 3.758E-86 6.132-108 8.063E-18 5.171E-28 2.521E-65 4.695E-07 7.562E-21 2.067E-10 2.326E-20 2.154E-10 1.129E-23 3.044E-32 2.048E-04 1.000E-38 1.000E-38
  4.259E-06 2.247E+02 8.725E+06 1.625E-03 1.650E-01 1.381E-06 3.337E-06 5.280E-10 4.030E-11 6.237E-14 3.804E-06 4.122E-06 5.227E-16 5.787E-12 4.132E-08 1.467E-15 3.409E-18 2.611E-09 4.014E-15 1.269E-18 3.231E-30 3.647E-26 2.261E-20 5.742E-15 6.708E-15 9.608E-13 1.375E-22 4.641E-43 8.480E-87 5.813-108 8.426E-18 4.690E-28 1.169E-65 5.130E-07 4.648E-21 2.615E-10 2.174E-20 2.062E-10 7.343E-24 2.367E-32 2.039E-04 1.000E-38 1.000E-38
  3.957E-06 2.247E+02 8.775E+06 2.011E-03 1.647E-01 1.272E-06 3.503E-06 4.744E-10 3.171E-11 3.177E-14 3.803E-06 4.306E-06 5.255E-16 4.888E-12 3.824E-08 1.236E-15 2.997E-18 2.838E-09 4.034E-15 1.087E-18 1.052E-30 2.042E-26 2.508E-20 5.906E-15 6.465E-15 9.470E-13 9.067E-23 2.341E-43 2.268E-87 5.494-108 8.696E-18 4.261E-28 5.648E-66 5.545E-07 2.968E-21 3.383E-10 2.043E-20 1.973E-10 4.895E-24 1.869E-32 2.030E-04 1.000E-38 1.000E-38
  3.677E-06 2.247E+02 8.825E+06 2.458E-03 1.643E-01 1.171E-06 3.659E-06 4.268E-10 2.514E-11 1.595E-14 3.800E-06 4.492E-06 5.246E-16 4.167E-12 3.535E-08 1.053E-15 2.618E-18 3.098E-09 4.076E-15 9.429E-19 3.764E-31 1.175E-26 2.778E-20 6.063E-15 6.226E-15 9.323E-13 6.098E-23 1.232E-43 7.291E-88 5.174-108 8.869E-18 3.880E-28 2.843E-66 5.933E-07 1.970E-21 4.485E-10 1.928E-20 1.887E-10 3.325E-24 1.493E-32 2.020E-04 1.000E-38 1.000E-38
  3.417E-06 2.247E+02 8.875E+06 2.969E-03 1.639E-01 1.075E-06 3.806E-06 3.842E-10 2.007E-11 7.902E-15 3.797E-06 4.678E-06 5.202E-16 3.584E-12 3.263E-08 9.041E-16 2.273E-18 3.392E-09 4.134E-15 8.262E-19 1.444E-31 6.942E-27 3.072E-20 6.214E-15 5.988E-15 9.170E-13 4.178E-23 6.767E-44 2.790E-88 4.855-108 8.944E-18 3.542E-28 1.491E-66 6.287E-07 1.357E-21 6.100E-10 1.825E-20 1.803E-10 2.293E-24 1.202E-32 2.010E-04 1.000E-38 1.000E-38
  3.176E-06 2.247E+02 8.925E+06 3.547E-03 1.635E-01 9.865E-07 3.943E-06 3.458E-10 1.614E-11 3.879E-15 3.793E-06 4.865E-06 5.128E-16 3.108E-12 3.008E-08 7.832E-16 1.962E-18 3.721E-09 4.202E-15 7.303E-19 5.847E-32 4.203E-27 3.392E-20 6.359E-15 5.752E-15 9.008E-13 2.913E-23 3.880E-44 1.234E-88 4.538-108 8.922E-18 3.242E-28 8.152E-67 6.601E-07 9.649E-22 8.502E-10 1.730E-20 1.721E-10 1.599E-24 9.723E-33 2.000E-04 1.000E-38 1.000E-38
  2.951E-06 2.247E+02 8.975E+06 4.195E-03 1.630E-01 9.038E-07 4.070E-06 3.112E-10 1.305E-11 1.895E-15 3.788E-06 5.051E-06 5.029E-16 2.715E-12 2.769E-08 6.838E-16 1.684E-18 4.081E-09 4.274E-15 6.499E-19 2.477E-32 2.605E-27 3.742E-20 6.498E-15 5.518E-15 8.839E-13 2.064E-23 2.329E-44 6.104E-89 4.225-108 8.808E-18 2.975E-28 4.661E-67 6.870E-07 7.036E-22 1.211E-09 1.640E-20 1.642E-10 1.126E-24 7.882E-33 1.988E-04 1.000E-38 1.000E-38
  2.743E-06 2.247E+02 9.025E+06 4.915E-03 1.624E-01 8.269E-07 4.189E-06 2.799E-10 1.062E-11 9.256E-16 3.782E-06 5.237E-06 4.908E-16 2.390E-12 2.547E-08 6.014E-16 1.439E-18 4.470E-09 4.342E-15 5.812E-19 1.092E-32 1.650E-27 4.123E-20 6.631E-15 5.284E-15 8.662E-13 1.486E-23 1.467E-44 3.296E-89 3.917-108 8.610E-18 2.740E-28 2.795E-67 7.090E-07 5.225E-22 1.757E-09 1.553E-20 1.566E-10 7.976E-25 6.382E-33 1.977E-04 1.000E-38 1.000E-38
  2.549E-06 2.247E+02 9.075E+06 5.709E-03 1.619E-01 7.557E-07 4.300E-06 2.516E-10 8.697E-12 4.550E-16 3.776E-06 5.422E-06 4.772E-16 2.118E-12 2.341E-08 5.326E-16 1.224E-18 4.880E-09 4.398E-15 5.212E-19 4.991E-33 1.068E-27 4.539E-20 6.759E-15 5.052E-15 8.477E-13 1.085E-23 9.741E-45 1.917E-89 3.614-108 8.336E-18 2.531E-28 1.765E-67 7.258E-07 3.927E-22 2.585E-09 1.464E-20 1.492E-10 5.677E-25 5.144E-33 1.964E-04 1.000E-38 1.000E-38
  2.370E-06 2.247E+02 9.125E+06 6.576E-03 1.612E-01 6.899E-07 4.402E-06 2.259E-10 7.157E-12 2.267E-16 3.769E-06 5.605E-06 4.624E-16 1.889E-12 2.149E-08 4.748E-16 1.037E-18 5.300E-09 4.433E-15 4.677E-19 2.360E-33 7.044E-28 4.992E-20 6.881E-15 4.820E-15 8.284E-13 8.035E-24 6.836E-45 1.192E-89 3.320-108 7.997E-18 2.346E-28 1.177E-67 7.375E-07 2.970E-22 3.838E-09 1.374E-20 1.421E-10 4.049E-25 4.114E-33 1.952E-04 1.000E-38 1.000E-38
  2.203E-06 2.247E+02 9.175E+06 7.518E-03 1.605E-01 6.293E-07 4.497E-06 2.027E-10 5.920E-12 1.153E-16 3.763E-06 5.786E-06 4.469E-16 1.695E-12 1.972E-08 4.259E-16 8.757E-19 5.718E-09 4.438E-15 4.191E-19 1.151E-33 4.734E-28 5.486E-20 6.997E-15 4.589E-15 8.083E-13 6.027E-24 5.078E-45 7.894E-90 3.034-108 7.604E-18 2.183E-28 8.300E-68 7.438E-07 2.250E-22 5.727E-09 1.281E-20 1.352E-10 2.888E-25 3.254E-33 1.938E-04 1.000E-38 1.000E-38
  2.047E-06 2.247E+02 9.225E+06 8.534E-03 1.598E-01 5.735E-07 4.585E-06 1.816E-10 4.921E-12 6.025E-17 3.756E-06 5.964E-06 4.311E-16 1.530E-12 1.809E-08 3.844E-16 7.373E-19 6.117E-09 4.407E-15 3.744E-19 5.786E-34 3.238E-28 6.022E-20 7.107E-15 4.360E-15 7.874E-13 4.575E-24 3.990E-45 5.543E-90 2.759-108 7.169E-18 2.040E-28 6.185E-68 7.450E-07 1.702E-22 8.556E-09 1.184E-20 1.286E-10 2.056E-25 2.538E-33 1.924E-04 1.000E-38 1.000E-38
  1.903E-06 2.247E+02 9.275E+06 9.623E-03 1.590E-01 5.223E-07 4.666E-06 1.625E-10 4.109E-12 3.254E-17 3.749E-06 6.139E-06 4.154E-16 1.389E-12 1.659E-08 3.489E-16 6.194E-19 6.484E-09 4.336E-15 3.330E-19 2.989E-34 2.251E-28 6.606E-20 7.209E-15 4.132E-15 7.658E-13 3.513E-24 3.301E-45 4.103E-90 2.495-108 6.704E-18 1.914E-28 4.851E-68 7.413E-07 1.282E-22 1.276E-08 1.084E-20 1.223E-10 1.460E-25 1.948E-33 1.909E-04 1.000E-38 1.000E-38
  1.769E-06 2.247E+02 9.325E+06 1.078E-02 1.582E-01 4.755E-07 4.741E-06 1.452E-10 3.446E-12 1.820E-17 3.741E-06 6.310E-06 4.001E-16 1.269E-12 1.521E-08 3.185E-16 5.196E-19 6.803E-09 4.224E-15 2.945E-19 1.585E-34 1.589E-28 7.238E-20 7.305E-15 3.907E-15 7.435E-13 2.725E-24 2.859E-45 3.178E-90 2.244-108 6.220E-18 1.804E-28 3.979E-68 7.329E-07 9.593E-23 1.893E-08 9.823E-21 1.162E-10 1.032E-25 1.469E-33 1.894E-04 1.000E-38 1.000E-38
  1.645E-06 2.247E+02 9.375E+06 1.201E-02 1.573E-01 4.329E-07 4.809E-06 1.296E-10 2.902E-12 1.056E-17 3.734E-06 6.476E-06 3.854E-16 1.165E-12 1.396E-08 2.925E-16 4.354E-19 7.066E-09 4.073E-15 2.590E-19 8.613E-35 1.138E-28 7.924E-20 7.392E-15 3.685E-15 7.205E-13 2.135E-24 2.572E-45 2.555E-90 2.006-108 5.727E-18 1.709E-28 3.387E-68 7.201E-07 7.128E-23 2.791E-08 8.813E-21 1.104E-10 7.259E-26 1.089E-33 1.877E-04 1.000E-38 1.000E-38
  1.530E-06 2.247E+02 9.425E+06 1.331E-02 1.564E-01 3.943E-07 4.872E-06 1.156E-10 2.454E-12 6.330E-18 3.727E-06 6.637E-06 3.718E-16 1.077E-12 1.282E-08 2.702E-16 3.649E-19 7.267E-09 3.890E-15 2.265E-19 4.791E-35 8.269E-29 8.665E-20 7.471E-15 3.466E-15 6.969E-13 1.689E-24 2.386E-45 2.115E-90 1.782-108 5.235E-18 1.628E-28 2.970E-68 7.034E-07 5.256E-23 4.078E-08 7.831E-21 1.049E-10 5.082E-26 7.932E-34 1.861E-04 1.000E-38 1.000E-38
  1.422E-06 2.247E+02 9.475E+06 1.466E-02 1.554E-01 3.593E-07 4.930E-06 1.029E-10 2.082E-12 3.912E-18 3.720E-06 6.792E-06 3.593E-16 1.001E-12 1.179E-08 2.513E-16 3.060E-19 7.409E-09 3.683E-15 1.972E-19 2.725E-35 6.085E-29 9.466E-20 7.540E-15 3.251E-15 6.727E-13 1.347E-24 2.266E-45 1.791E-90 1.573-108 4.752E-18 1.560E-28 2.665E-68 6.833E-07 3.846E-23 5.899E-08 6.898E-21 9.962E-11 3.542E-26 5.689E-34 1.843E-04 1.000E-38 1.000E-38
  1.323E-06 2.247E+02 9.525E+06 1.607E-02 1.544E-01 3.280E-07 4.982E-06 9.148E-11 1.774E-12 2.482E-18 3.713E-06 6.940E-06 3.484E-16 9.377E-13 1.087E-08 2.353E-16 2.572E-19 7.497E-09 3.462E-15 1.711E-19 1.583E-35 4.534E-29 1.033E-19 7.600E-15 3.041E-15 6.479E-13 1.083E-24 2.193E-45 1.541E-90 1.379-108 4.285E-18 1.506E-28 2.432E-68 6.600E-07 2.794E-23 8.438E-08 6.032E-21 9.466E-11 2.461E-26 4.027E-34 1.825E-04 1.000E-38 1.000E-38
  1.230E-06 2.247E+02 9.575E+06 1.753E-02 1.534E-01 3.000E-07 5.030E-06 8.124E-11 1.517E-12 1.610E-18 3.707E-06 7.079E-06 3.392E-16 8.851E-13 1.005E-08 2.221E-16 2.168E-19 7.543E-09 3.235E-15 1.482E-19 9.386E-36 3.418E-29 1.126E-19 7.649E-15 2.836E-15 6.227E-13 8.775E-25 2.151E-45 1.342E-90 1.201-108 3.840E-18 1.465E-28 2.249E-68 6.342E-07 2.017E-23 1.193E-07 5.244E-21 9.000E-11 1.706E-26 2.822E-34 1.806E-04 1.000E-38 1.000E-38
  1.144E-06 2.247E+02 9.625E+06 1.903E-02 1.523E-01 2.753E-07 5.074E-06 7.206E-11 1.301E-12 1.065E-18 3.700E-06 7.210E-06 3.322E-16 8.429E-13 9.334E-09 2.115E-16 1.836E-19 7.555E-09 3.010E-15 1.282E-19 5.680E-36 2.607E-29 1.225E-19 7.687E-15 2.638E-15 5.971E-13 7.163E-25 2.132E-45 1.179E-90 1.039-108 3.423E-18 1.437E-28 2.099E-68 6.062E-07 1.449E-23 1.666E-07 4.539E-21 8.567E-11 1.181E-26 1.962E-34 1.786E-04 1.000E-38 1.000E-38
  1.064E-06 2.247E+02 9.675E+06 2.057E-02 1.512E-01 2.537E-07 5.112E-06 6.384E-11 1.121E-12 7.159E-19 3.694E-06 7.332E-06 3.277E-16 8.111E-13 8.714E-09 2.035E-16 1.566E-19 7.543E-09 2.793E-15 1.111E-19 3.506E-36 2.012E-29 1.331E-19 7.713E-15 2.446E-15 5.712E-13 5.888E-25 2.132E-45 1.042E-90 8.925-109 3.038E-18 1.426E-28 1.972E-68 5.764E-07 1.036E-23 2.297E-07 3.917E-21 8.166E-11 8.179E-27 1.358E-34 1.766E-04 1.000E-38 1.000E-38
  9.895E-07 2.247E+02 9.725E+06 2.212E-02 1.501E-01 2.353E-07 5.147E-06 5.650E-11 9.689E-13 4.890E-19 3.688E-06 7.442E-06 3.263E-16 7.900E-13 8.191E-09 1.981E-16 1.348E-19 7.516E-09 2.586E-15 9.638E-20 2.210E-36 1.570E-29 1.445E-19 7.728E-15 2.262E-15 5.450E-13 4.875E-25 2.144E-45 9.237E-91 7.610-109 2.687E-18 1.432E-28 1.863E-68 5.452E-07 7.387E-24 3.129E-07 3.374E-21 7.800E-11 5.673E-27 9.366E-35 1.744E-04 1.000E-38 1.000E-38
  9.205E-07 2.247E+02 9.775E+06 2.366E-02 1.490E-01 2.199E-07 5.177E-06 4.996E-11 8.411E-13 3.393E-19 3.683E-06 7.540E-06 3.286E-16 7.808E-13 7.764E-09 1.958E-16 1.176E-19 7.478E-09 2.391E-15 8.387E-20 1.423E-36 1.240E-29 1.566E-19 7.730E-15 2.086E-15 5.187E-13 4.065E-25 2.168E-45 8.211E-91 6.443-109 2.374E-18 1.460E-28 1.766E-68 5.130E-07 5.262E-24 4.210E-07 2.902E-21 7.470E-11 3.947E-27 6.453E-35 1.723E-04 1.000E-38 1.000E-38
  8.563E-07 2.247E+02 9.825E+06 2.518E-02 1.479E-01 2.075E-07 5.203E-06 4.414E-11 7.336E-13 2.395E-19 3.677E-06 7.624E-06 3.359E-16 7.856E-13 7.434E-09 1.969E-16 1.044E-19 7.434E-09 2.209E-15 7.325E-20 9.380E-37 9.913E-30 1.693E-19 7.718E-15 1.919E-15 4.924E-13 3.415E-25 2.202E-45 7.306E-91 5.416-109 2.102E-18 1.517E-28 1.679E-68 4.800E-07 3.759E-24 5.595E-07 2.494E-21 7.178E-11 2.760E-27 4.446E-35 1.700E-04 1.000E-38 1.000E-38
  7.966E-07 2.247E+02 9.875E+06 2.663E-02 1.468E-01 1.983E-07 5.224E-06 3.897E-11 6.433E-13 1.733E-19 3.673E-06 7.694E-06 3.500E-16 8.090E-13 7.203E-09 2.026E-16 9.468E-20 7.387E-09 2.040E-15 6.430E-20 6.355E-37 8.039E-30 1.828E-19 7.690E-15 1.765E-15 4.662E-13 2.892E-25 2.244E-45 6.497E-91 4.522-109 1.873E-18 1.611E-28 1.598E-68 4.464E-07 2.718E-24 7.350E-07 2.143E-21 6.928E-11 1.950E-27 3.071E-35 1.677E-04 1.000E-38 1.000E-38
  7.412E-07 2.247E+02 9.925E+06 2.795E-02 1.458E-01 1.925E-07 5.240E-06 3.440E-11 5.681E-13 1.311E-19 3.669E-06 7.747E-06 3.744E-16 8.620E-13 7.074E-09 2.155E-16 8.822E-20 7.341E-09 1.885E-15 5.683E-20 4.462E-37 6.629E-30 1.966E-19 7.641E-15 1.627E-15 4.401E-13 2.473E-25 2.294E-45 5.760E-91 3.751-109 1.691E-18 1.756E-28 1.521E-68 4.121E-07 2.034E-24 9.546E-07 1.841E-21 6.721E-11 1.415E-27 2.144E-35 1.653E-04 1.000E-38 1.000E-38
  6.896E-07 2.247E+02 9.975E+06 2.902E-02 1.449E-01 1.903E-07 5.250E-06 3.048E-11 5.070E-13 1.089E-19 3.666E-06 7.779E-06 4.234E-16 9.961E-13 7.053E-09 2.488E-16 8.485E-20 7.302E-09 1.743E-15 5.076E-20 3.360E-37 5.593E-30 2.104E-19 7.558E-15 1.520E-15 4.143E-13 2.142E-25 2.349E-45 5.066E-91 3.093-109 1.560E-18 1.940E-28 1.444E-68 3.778E-07 1.660E-24 1.226E-06 1.584E-21 6.563E-11 1.108E-27 1.579E-35 1.629E-04 1.000E-38 1.000E-38
