     ALT          P          T          FH2O           O3           THEAT        TCOOL        PSATCO2        FCO2
7.3133E+01  3.2610E-05 2.1409E+02    3.5134E-06    3.1784E-08    3.5196E+01   -5.2845E+01    4.3910E+00    1.9700E-04
7.2038E+01  3.8506E-05 2.1541E+02    3.7794E-06    3.6511E-08    4.9714E+00   -3.5662E+01    4.8000E+00    1.9700E-04
7.0944E+01  4.5410E-05 2.1679E+02    4.0302E-06    4.3049E-08    1.8526E+00   -2.3418E+01    5.2310E+00    1.9700E-04
6.9852E+01  5.3485E-05 2.1821E+02    4.2525E-06    5.2334E-08    1.5183E+00   -1.5179E+01    5.5610E+00    1.9700E-04
6.8762E+01  6.2917E-05 2.1968E+02    4.4607E-06    6.5361E-08    1.5227E+00   -1.0037E+01    5.9179E+00    1.9700E-04
6.7673E+01  7.3919E-05 2.2119E+02    4.6430E-06    8.3604E-08    1.5851E+00   -7.0344E+00    6.3015E+00    1.9700E-04
6.6585E+01  8.6736E-05 2.2272E+02    4.8053E-06    1.0755E-07    1.6815E+00   -5.3992E+00    6.7107E+00    1.9700E-04
6.5499E+01  1.0165E-04 2.2427E+02    4.9521E-06    1.3734E-07    1.8115E+00   -4.5610E+00    7.1448E+00    1.9700E-04
6.4414E+01  1.1897E-04 2.2583E+02    5.0853E-06    1.7115E-07    1.9740E+00   -4.1759E+00    7.6026E+00    1.9700E-04
6.3331E+01  1.3907E-04 2.2739E+02    5.2037E-06    2.0591E-07    2.1449E+00   -4.0275E+00    8.0829E+00    1.9700E-04
6.2250E+01  1.6236E-04 2.2896E+02    5.3119E-06    2.4265E-07    2.3276E+00   -3.9986E+00    8.5848E+00    1.9700E-04
6.1170E+01  1.8931E-04 2.3051E+02    5.4079E-06    2.8265E-07    2.5277E+00   -4.0294E+00    9.1075E+00    1.9700E-04
6.0093E+01  2.2046E-04 2.3206E+02    5.4941E-06    3.2627E-07    2.7466E+00   -4.0907E+00    9.6504E+00    1.9700E-04
5.9018E+01  2.5642E-04 2.3359E+02    5.5751E-06    3.7492E-07    2.9891E+00   -4.1710E+00    1.0213E+01    1.9700E-04
5.7944E+01  2.9786E-04 2.3512E+02    5.6395E-06    4.2976E-07    3.2580E+00   -4.2617E+00    1.0796E+01    1.9700E-04
5.6874E+01  3.4556E-04 2.3663E+02    5.7038E-06    4.9087E-07    3.5502E+00   -4.3651E+00    1.1399E+01    1.9700E-04
5.5806E+01  4.0039E-04 2.3814E+02    5.7679E-06    5.5863E-07    3.8621E+00   -4.4779E+00    1.2022E+01    1.9700E-04
5.4741E+01  4.6334E-04 2.3964E+02    5.8118E-06    6.3327E-07    4.1876E+00   -4.5920E+00    1.2666E+01    1.9700E-04
5.3679E+01  5.3551E-04 2.4113E+02    5.8637E-06    7.1565E-07    4.5226E+00   -4.7122E+00    1.3332E+01    1.9700E-04
5.2620E+01  6.1815E-04 2.4261E+02    5.9061E-06    8.0648E-07    4.8592E+00   -4.8297E+00    1.4020E+01    1.9700E-04
5.1564E+01  7.1264E-04 2.4409E+02    5.9383E-06    9.0656E-07    5.1895E+00   -4.9403E+00    1.4731E+01    1.9700E-04
5.0511E+01  8.2053E-04 2.4556E+02    5.9705E-06    1.0205E-06    5.5145E+00   -5.0434E+00    1.5465E+01    1.9700E-04
4.9462E+01  9.4357E-04 2.4702E+02    5.9962E-06    1.1431E-06    5.8024E+00   -5.1338E+00    1.6222E+01    1.9700E-04
4.8417E+01  1.0837E-03 2.4848E+02    6.0271E-06    1.2866E-06    6.0830E+00   -5.2452E+00    1.7003E+01    1.9700E-04
4.7375E+01  1.2431E-03 2.4994E+02    6.0380E-06    1.4434E-06    6.3129E+00   -5.3634E+00    1.7808E+01    1.9700E-04
4.6338E+01  1.4241E-03 2.5139E+02    6.0500E-06    1.6284E-06    6.5095E+00   -5.4928E+00    1.8639E+01    1.9700E-04
4.5304E+01  1.6294E-03 2.5284E+02    6.0600E-06    1.8334E-06    6.6305E+00   -5.6949E+00    1.9498E+01    1.9700E-04
4.4274E+01  1.8619E-03 2.5436E+02    6.0500E-06    2.0602E-06    6.6657E+00   -5.9592E+00    2.0427E+01    1.9700E-04
4.3249E+01  2.1250E-03 2.5560E+02    6.0395E-06    2.3172E-06    6.6232E+00   -6.1649E+00    2.1211E+01    1.9700E-04
4.2230E+01  2.4222E-03 2.5624E+02    6.0191E-06    2.6142E-06    6.5063E+00   -6.2240E+00    2.1624E+01    1.9700E-04
4.1220E+01  2.7574E-03 2.5617E+02    5.9878E-06    2.9384E-06    6.2873E+00   -6.1179E+00    2.1578E+01    1.9700E-04
4.0222E+01  3.1351E-03 2.5540E+02    5.9468E-06    3.2768E-06    5.9656E+00   -5.8684E+00    2.1082E+01    1.9700E-04
3.9239E+01  3.5601E-03 2.5401E+02    5.8877E-06    3.5918E-06    5.5479E+00   -5.5096E+00    2.0214E+01    1.9700E-04
3.8271E+01  4.0376E-03 2.5214E+02    5.8197E-06    3.8813E-06    5.0961E+00   -5.0902E+00    1.9079E+01    1.9700E-04
3.7321E+01  4.5733E-03 2.4989E+02    5.7536E-06    4.1099E-06    4.6342E+00   -4.6502E+00    1.7781E+01    1.9700E-04
3.6390E+01  5.1736E-03 2.4739E+02    5.6691E-06    4.2816E-06    4.2025E+00   -4.2195E+00    1.6413E+01    1.9700E-04
3.5479E+01  5.8453E-03 2.4472E+02    5.5802E-06    4.4155E-06    3.8215E+00   -3.8302E+00    1.5044E+01    1.9700E-04
3.4587E+01  6.5959E-03 2.4198E+02    5.4911E-06    4.4988E-06    3.4792E+00   -3.4854E+00    1.3726E+01    1.9700E-04
3.3714E+01  7.4335E-03 2.3924E+02    5.3939E-06    4.5624E-06    3.1795E+00   -3.1811E+00    1.2493E+01    1.9700E-04
3.2861E+01  8.3670E-03 2.3656E+02    5.3002E-06    4.5966E-06    2.9063E+00   -2.9068E+00    1.1370E+01    1.9700E-04
3.2026E+01  9.4057E-03 2.3400E+02    5.2051E-06    4.6000E-06    2.6518E+00   -2.6555E+00    1.0368E+01    1.9700E-04
3.1209E+01  1.0560E-02 2.3162E+02    5.1121E-06    4.5874E-06    2.4163E+00   -2.4488E+00    9.4944E+00    1.9700E-04
3.0409E+01  1.1841E-02 2.2944E+02    5.0161E-06    4.5408E-06    2.1922E+00   -2.2087E+00    8.7454E+00    1.9700E-04
2.9625E+01  1.3261E-02 2.2748E+02    4.9221E-06    4.4721E-06    1.9836E+00   -1.9855E+00    8.1085E+00    1.9700E-04
2.8857E+01  1.4833E-02 2.2572E+02    4.8300E-06    4.3716E-06    1.7894E+00   -1.7799E+00    7.5683E+00    1.9700E-04
2.8103E+01  1.6569E-02 2.2414E+02    4.7395E-06    4.2457E-06    1.6128E+00   -1.5931E+00    7.1089E+00    1.9700E-04
2.7362E+01  1.8486E-02 2.2274E+02    4.6508E-06    4.0979E-06    1.4552E+00   -1.4260E+00    6.7153E+00    1.9700E-04
2.6635E+01  2.0599E-02 2.2146E+02    4.5535E-06    3.9269E-06    1.3161E+00   -1.2787E+00    6.3743E+00    1.9700E-04
2.5920E+01  2.2924E-02 2.2031E+02    4.4679E-06    3.7413E-06    1.1953E+00   -1.1516E+00    6.0749E+00    1.9700E-04
2.5217E+01  2.5479E-02 2.1924E+02    4.3837E-06    3.5451E-06    1.0906E+00   -1.0422E+00    5.8082E+00    1.9700E-04
2.4526E+01  2.8283E-02 2.1824E+02    4.3008E-06    3.3415E-06    9.9901E-01   -9.4719E-01    5.5676E+00    1.9700E-04
2.3847E+01  3.1357E-02 2.1730E+02    4.2194E-06    3.1333E-06    9.1716E-01   -8.6257E-01    5.3485E+00    1.9700E-04
2.3179E+01  3.4721E-02 2.1641E+02    4.1294E-06    2.9212E-06    8.4187E-01   -7.8466E-01    5.1303E+00    1.9700E-04
2.2522E+01  3.8397E-02 2.1558E+02    4.0506E-06    2.7057E-06    7.7082E-01   -7.1241E-01    4.8519E+00    1.9700E-04
2.1875E+01  4.2409E-02 2.1478E+02    3.9732E-06    2.4866E-06    7.0247E-01   -6.4460E-01    4.6013E+00    1.9700E-04
2.1240E+01  4.6781E-02 2.1404E+02    3.8971E-06    2.2721E-06    6.3729E-01   -5.8020E-01    4.3768E+00    1.9700E-04
2.0614E+01  5.1539E-02 2.1336E+02    3.8221E-06    2.0681E-06    5.7572E-01   -5.1800E-01    4.1769E+00    1.9700E-04
1.9999E+01  5.6709E-02 2.1272E+02    3.7484E-06    1.8589E-06    5.1561E-01   -4.5888E-01    4.0000E+00    1.9700E-04
1.9394E+01  6.2320E-02 2.1215E+02    3.6759E-06    1.6538E-06    4.5850E-01   -4.0170E-01    3.8447E+00    1.9700E-04
1.8799E+01  6.8399E-02 2.1163E+02    3.6139E-06    1.4527E-06    4.0489E-01   -3.4710E-01    3.7085E+00    1.9700E-04
1.8213E+01  7.4976E-02 2.1116E+02    3.5554E-06    1.2545E-06    3.5499E-01   -2.9611E-01    3.5890E+00    1.9700E-04
1.7636E+01  8.2083E-02 2.1073E+02    3.4978E-06    1.0722E-06    3.1063E-01   -2.4801E-01    3.4830E+00    1.9700E-04
1.7069E+01  8.9749E-02 2.1033E+02    3.4450E-06    9.0531E-07    2.7172E-01   -2.0499E-01    3.3875E+00    1.9700E-04
1.6511E+01  9.8009E-02 2.0996E+02    3.4004E-06    7.4950E-07    2.3730E-01   -1.7047E-01    3.2997E+00    1.9700E-04
1.5962E+01  1.0689E-01 2.0960E+02    3.3565E-06    6.0910E-07    2.0637E-01   -1.1820E-01    3.2171E+00    1.9700E-04
1.5421E+01  1.1644E-01 2.0925E+02    3.3201E-06    4.8610E-07    1.7986E-01   -9.7004E-02    3.1397E+00    1.9700E-04
1.4890E+01  1.2667E-01 2.0894E+02    3.2955E-06    3.8257E-07    1.5791E-01   -8.3727E-02    3.0704E+00    1.9700E-04
1.4368E+01  1.3763E-01 2.0868E+02    3.2746E-06    2.9668E-07    1.3981E-01   -7.7001E-02    3.0142E+00    1.9700E-04
1.3854E+01  1.4935E-01 2.0851E+02    3.2541E-06    2.2455E-07    1.2477E-01   -7.6241E-02    2.9772E+00    1.9700E-04
1.3348E+01  1.6187E-01 2.0845E+02    3.2420E-06    1.6657E-07    1.1273E-01   -7.8399E-02    2.9648E+00    1.9700E-04
1.2850E+01  1.7521E-01 2.0853E+02    3.2320E-06    1.2674E-07    1.0404E-01   -7.7658E-02    2.9815E+00    1.9700E-04
1.2360E+01  1.8942E-01 2.0874E+02    3.2222E-06    1.0077E-07    9.8036E-02   -7.2001E-02    3.0277E+00    1.9700E-04
1.1878E+01  2.0451E-01 2.0910E+02    3.3594E-06    8.1747E-08    9.4542E-02   -6.9935E-02    3.1046E+00    1.9700E-04
1.1402E+01  2.2054E-01 2.0954E+02    4.2036E-06    6.7794E-08    9.5535E-02   -8.0770E-02    3.2041E+00    1.9700E-04
1.0933E+01  2.3752E-01 2.1008E+02    4.7899E-06    5.9166E-08    9.7306E-02   -4.9862E-02    3.3278E+00    1.9700E-04
1.0471E+01  2.5548E-01 2.1064E+02    5.4955E-06    5.4044E-08    9.8070E-02    4.1248E-03    3.4632E+00    1.9700E-04
1.0015E+01  2.7445E-01 2.1237E+02    6.9886E-06    5.0458E-08    1.0505E-01   -1.2593E-01    3.9038E+00    1.9700E-04
9.5606E+00  2.9447E-01 2.1670E+02    1.2519E-05    4.7467E-08    1.3040E-01   -4.9188E-01    5.2124E+00    1.9700E-04
9.1052E+00  3.1554E-01 2.2105E+02    2.1954E-05    4.4793E-08    1.6919E-01   -8.8677E-01    6.2666E+00    1.9700E-04
8.6493E+00  3.3770E-01 2.2538E+02    3.7549E-05    4.2242E-08    2.2080E-01   -1.2911E+00    7.4668E+00    1.9700E-04
8.1932E+00  3.6096E-01 2.2965E+02    6.2594E-05    3.9714E-08    2.8289E-01   -1.6583E+00    8.8166E+00    1.9700E-04
7.7376E+00  3.8533E-01 2.3386E+02    1.0162E-04    3.7350E-08    3.5020E-01   -1.9410E+00    1.0315E+01    1.9700E-04
7.2827E+00  4.1083E-01 2.3798E+02    1.6054E-04    3.4979E-08    4.2020E-01   -2.1312E+00    1.1956E+01    1.9700E-04
6.8292E+00  4.3747E-01 2.4198E+02    2.4658E-04    3.2781E-08    4.9587E-01   -2.2553E+00    1.3726E+01    1.9700E-04
6.3775E+00  4.6525E-01 2.4584E+02    3.6801E-04    3.0682E-08    5.7274E-01   -2.3016E+00    1.5608E+01    1.9700E-04
5.9283E+00  4.9417E-01 2.4953E+02    5.3369E-04    2.8609E-08    6.3690E-01   -2.3037E+00    1.7580E+01    1.9700E-04
5.4822E+00  5.2422E-01 2.5304E+02    7.5241E-04    2.6663E-08    6.8212E-01   -2.2841E+00    1.9620E+01    1.9700E-04
5.0396E+00  5.5540E-01 2.5636E+02    1.0324E-03    2.4802E-08    7.1476E-01   -2.2656E+00    2.1704E+01    1.9700E-04
4.6012E+00  5.8770E-01 2.5950E+02    1.3809E-03    2.2993E-08    7.4118E-01   -2.2216E+00    2.3813E+01    1.9700E-04
4.1676E+00  6.2109E-01 2.6244E+02    1.8038E-03    2.1297E-08    7.6096E-01   -2.1589E+00    2.5931E+01    1.9700E-04
3.7391E+00  6.5555E-01 2.6521E+02    2.3062E-03    1.9764E-08    7.7128E-01   -2.0924E+00    2.8043E+01    1.9700E-04
3.3164E+00  6.9104E-01 2.6781E+02    2.8917E-03    1.8233E-08    7.7251E-01   -1.9969E+00    3.0141E+01    1.9700E-04
2.8999E+00  7.2755E-01 2.7026E+02    3.5629E-03    1.6939E-08    7.6775E-01   -1.8458E+00    3.2217E+01    1.9700E-04
2.4899E+00  7.6501E-01 2.7256E+02    4.3216E-03    1.5758E-08    7.5992E-01   -1.6991E+00    3.4266E+01    1.9700E-04
2.0867E+00  8.0340E-01 2.7495E+02    5.2486E-03    1.4699E-08    7.5551E-01   -1.6120E+00    3.6492E+01    1.9700E-04
1.6905E+00  8.4264E-01 2.7723E+02    6.1441E-03    1.3778E-08    7.3506E-01   -1.5241E+00    3.8719E+01    1.9700E-04
1.3015E+00  8.8269E-01 2.7942E+02    7.1831E-03    1.3000E-08    7.1988E-01   -1.5209E+00    4.0950E+01    1.9700E-04
9.2002E-01  9.2348E-01 2.8149E+02    8.2920E-03    1.2367E-08    7.0781E-01   -1.5885E+00    4.3152E+01    1.9700E-04
5.4644E-01  9.6494E-01 2.8347E+02    9.4126E-03    1.1852E-08    7.0268E-01   -1.7777E+00    4.5339E+01    1.9700E-04
1.8098E-01  1.0070E+00 2.8536E+02    1.0770E-02    1.1420E-08    7.2282E-01   -2.0294E+00    4.7500E+01    1.9700E-04
0.0000E+00  1.0284E+00 2.8631E+02    1.1450E-02    1.1500E-08    7.9381E+00   -3.5247E+00    4.8611E+01    1.9700E-04
