     ALT          P          T          FH2O           O3           THEAT        TCOOL        PSATCO2        FCO2
7.3133E+01  3.2610E-05 2.1377E+02    3.7910E-06    3.0849E-08    3.5144E+01   -5.2422E+01    4.2976E+00    1.9600E-04
7.2039E+01  3.8505E-05 2.1510E+02    4.0754E-06    3.5553E-08    4.9986E+00   -3.5561E+01    4.6993E+00    1.9600E-04
7.0947E+01  4.5410E-05 2.1647E+02    4.3372E-06    4.1955E-08    1.8561E+00   -2.3456E+01    5.1492E+00    1.9600E-04
6.9857E+01  5.3485E-05 2.1789E+02    4.5772E-06    5.1100E-08    1.5154E+00   -1.5315E+01    5.4865E+00    1.9600E-04
6.8768E+01  6.2916E-05 2.1937E+02    4.7973E-06    6.3914E-08    1.5183E+00   -1.0205E+01    5.8401E+00    1.9600E-04
6.7681E+01  7.3918E-05 2.2087E+02    4.9932E-06    8.1904E-08    1.5800E+00   -7.2072E+00    6.2200E+00    1.9600E-04
6.6595E+01  8.6734E-05 2.2241E+02    5.1723E-06    1.0569E-07    1.6759E+00   -5.5672E+00    6.6256E+00    1.9600E-04
6.5511E+01  1.0164E-04 2.2396E+02    5.3293E-06    1.3466E-07    1.8019E+00   -4.7181E+00    7.0559E+00    1.9600E-04
6.4428E+01  1.1897E-04 2.2552E+02    5.4692E-06    1.6731E-07    1.9586E+00   -4.3168E+00    7.5098E+00    1.9600E-04
6.3347E+01  1.3907E-04 2.2709E+02    5.5990E-06    2.0199E-07    2.1289E+00   -4.1531E+00    7.9862E+00    1.9600E-04
6.2267E+01  1.6236E-04 2.2865E+02    5.7089E-06    2.3859E-07    2.3102E+00   -4.1071E+00    8.4842E+00    1.9600E-04
6.1189E+01  1.8931E-04 2.3020E+02    5.8153E-06    2.7660E-07    2.5011E+00   -4.1236E+00    9.0030E+00    1.9600E-04
6.0113E+01  2.2046E-04 2.3175E+02    5.9114E-06    3.1987E-07    2.7177E+00   -4.1706E+00    9.5419E+00    1.9600E-04
5.9040E+01  2.5641E-04 2.3329E+02    5.9930E-06    3.6823E-07    2.9589E+00   -4.2331E+00    1.0101E+01    1.9600E-04
5.7968E+01  2.9784E-04 2.3482E+02    6.0673E-06    4.2237E-07    3.2248E+00   -4.3088E+00    1.0680E+01    1.9600E-04
5.6899E+01  3.4554E-04 2.3634E+02    6.1315E-06    4.8257E-07    3.5133E+00   -4.3939E+00    1.1278E+01    1.9600E-04
5.5833E+01  4.0037E-04 2.3784E+02    6.1955E-06    5.4987E-07    3.8234E+00   -4.4896E+00    1.1898E+01    1.9600E-04
5.4769E+01  4.6331E-04 2.3934E+02    6.2495E-06    6.2314E-07    4.1444E+00   -4.5904E+00    1.2538E+01    1.9600E-04
5.3709E+01  5.3548E-04 2.4084E+02    6.3020E-06    7.0491E-07    4.4781E+00   -4.6957E+00    1.3200E+01    1.9600E-04
5.2651E+01  6.1811E-04 2.4232E+02    6.3443E-06    7.9439E-07    4.8118E+00   -4.7999E+00    1.3884E+01    1.9600E-04
5.1597E+01  7.1259E-04 2.4380E+02    6.3864E-06    8.9382E-07    5.1426E+00   -4.9011E+00    1.4590E+01    1.9600E-04
5.0546E+01  8.2047E-04 2.4527E+02    6.4185E-06    1.0056E-06    5.4655E+00   -4.9941E+00    1.5319E+01    1.9600E-04
4.9498E+01  9.4350E-04 2.4674E+02    6.4504E-06    1.1308E-06    5.7677E+00   -5.0787E+00    1.6071E+01    1.9600E-04
4.8454E+01  1.0836E-03 2.4820E+02    6.4761E-06    1.2721E-06    6.0461E+00   -5.1823E+00    1.6848E+01    1.9600E-04
4.7414E+01  1.2430E-03 2.4965E+02    6.4969E-06    1.4246E-06    6.2685E+00   -5.2961E+00    1.7648E+01    1.9600E-04
4.6378E+01  1.4240E-03 2.5110E+02    6.5076E-06    1.6081E-06    6.4687E+00   -5.4213E+00    1.8473E+01    1.9600E-04
4.5346E+01  1.6292E-03 2.5255E+02    6.5183E-06    1.8123E-06    6.5968E+00   -5.6210E+00    1.9323E+01    1.9600E-04
4.4317E+01  1.8618E-03 2.5408E+02    6.5200E-06    2.0369E-06    6.6387E+00   -5.8967E+00    2.0256E+01    1.9600E-04
4.3293E+01  2.1248E-03 2.5537E+02    6.5100E-06    2.3009E-06    6.6198E+00   -6.1231E+00    2.1066E+01    1.9600E-04
4.2275E+01  2.4219E-03 2.5607E+02    6.4903E-06    2.5951E-06    6.5047E+00   -6.1990E+00    2.1512E+01    1.9600E-04
4.1266E+01  2.7572E-03 2.5604E+02    6.4601E-06    2.9176E-06    6.2865E+00   -6.1060E+00    2.1497E+01    1.9600E-04
4.0269E+01  3.1348E-03 2.5532E+02    6.4106E-06    3.2469E-06    5.9584E+00   -5.8636E+00    2.1030E+01    1.9600E-04
3.9286E+01  3.5597E-03 2.5397E+02    6.3616E-06    3.5715E-06    5.5551E+00   -5.5147E+00    2.0185E+01    1.9600E-04
3.8318E+01  4.0372E-03 2.5211E+02    6.2947E-06    3.8633E-06    5.1056E+00   -5.0998E+00    1.9065E+01    1.9600E-04
3.7369E+01  4.5728E-03 2.4989E+02    6.2287E-06    4.0935E-06    4.6428E+00   -4.6616E+00    1.7780E+01    1.9600E-04
3.6438E+01  5.1730E-03 2.4740E+02    6.1478E-06    4.2676E-06    4.2099E+00   -4.2318E+00    1.6420E+01    1.9600E-04
3.5527E+01  5.8447E-03 2.4475E+02    6.0613E-06    4.3978E-06    3.8251E+00   -3.8421E+00    1.5059E+01    1.9600E-04
3.4635E+01  6.5952E-03 2.4203E+02    5.9675E-06    4.4900E-06    3.4856E+00   -3.4981E+00    1.3747E+01    1.9600E-04
3.3762E+01  7.4327E-03 2.3930E+02    5.8803E-06    4.5498E-06    3.1832E+00   -3.1948E+00    1.2520E+01    1.9600E-04
3.2908E+01  8.3660E-03 2.3665E+02    5.7849E-06    4.5840E-06    2.9093E+00   -2.9217E+00    1.1403E+01    1.9600E-04
3.2073E+01  9.4046E-03 2.3411E+02    5.6876E-06    4.5900E-06    2.6555E+00   -2.6719E+00    1.0409E+01    1.9600E-04
3.1256E+01  1.0559E-02 2.3176E+02    5.5897E-06    4.5798E-06    2.4204E+00   -2.4659E+00    9.5429E+00    1.9600E-04
3.0456E+01  1.1840E-02 2.2961E+02    5.5036E-06    4.5318E-06    2.1956E+00   -2.2278E+00    8.8015E+00    1.9600E-04
2.9672E+01  1.3260E-02 2.2768E+02    5.4095E-06    4.4595E-06    1.9857E+00   -2.0061E+00    8.1725E+00    1.9600E-04
2.8903E+01  1.4831E-02 2.2596E+02    5.3172E-06    4.3600E-06    1.7915E+00   -1.8022E+00    7.6405E+00    1.9600E-04
2.8148E+01  1.6567E-02 2.2443E+02    5.2244E-06    4.2298E-06    1.6137E+00   -1.6170E+00    7.1896E+00    1.9600E-04
2.7406E+01  1.8484E-02 2.2306E+02    5.1277E-06    4.0822E-06    1.4560E+00   -1.4516E+00    6.8048E+00    1.9600E-04
2.6678E+01  2.0596E-02 2.2184E+02    5.0403E-06    3.9104E-06    1.3168E+00   -1.3069E+00    6.4728E+00    1.9600E-04
2.5962E+01  2.2921E-02 2.2073E+02    4.9544E-06    3.7324E-06    1.1972E+00   -1.1817E+00    6.1822E+00    1.9600E-04
2.5258E+01  2.5475E-02 2.1971E+02    4.8700E-06    3.5300E-06    1.0913E+00   -1.0743E+00    5.9242E+00    1.9600E-04
2.4566E+01  2.8279E-02 2.1876E+02    4.7830E-06    3.3316E-06    1.0003E+00   -9.8069E-01    5.6919E+00    1.9600E-04
2.3885E+01  3.1353E-02 2.1787E+02    4.6952E-06    3.1199E-06    9.1770E-01   -8.9763E-01    5.4805E+00    1.9600E-04
2.3215E+01  3.4716E-02 2.1703E+02    4.6149E-06    2.9061E-06    8.4209E-01   -8.2200E-01    5.2865E+00    1.9600E-04
2.2556E+01  3.8391E-02 2.1624E+02    4.5358E-06    2.6945E-06    7.7169E-01   -7.5105E-01    5.0706E+00    1.9600E-04
2.1908E+01  4.2403E-02 2.1549E+02    4.4510E-06    2.4802E-06    7.0400E-01   -6.8371E-01    4.8241E+00    1.9600E-04
2.1270E+01  4.6774E-02 2.1479E+02    4.3716E-06    2.2645E-06    6.3858E-01   -6.2005E-01    4.6024E+00    1.9600E-04
2.0643E+01  5.1531E-02 2.1414E+02    4.2963E-06    2.0602E-06    5.7683E-01   -5.5854E-01    4.4040E+00    1.9600E-04
2.0026E+01  5.6700E-02 2.1354E+02    4.2223E-06    1.8498E-06    5.1643E-01   -5.0010E-01    4.2281E+00    1.9600E-04
1.9418E+01  6.2310E-02 2.1299E+02    4.1494E-06    1.6434E-06    4.5903E-01   -4.4364E-01    4.0734E+00    1.9600E-04
1.8820E+01  6.8388E-02 2.1250E+02    4.0865E-06    1.4411E-06    4.0526E-01   -3.8946E-01    3.9379E+00    1.9600E-04
1.8232E+01  7.4964E-02 2.1205E+02    4.0177E-06    1.2523E-06    3.5656E-01   -3.3626E-01    3.8188E+00    1.9600E-04
1.7653E+01  8.2069E-02 2.1164E+02    3.9599E-06    1.0686E-06    3.1208E-01   -2.8776E-01    3.7130E+00    1.9600E-04
1.7084E+01  8.9734E-02 2.1127E+02    3.9063E-06    9.0207E-07    2.7313E-01   -2.4384E-01    3.6170E+00    1.9600E-04
1.6523E+01  9.7992E-02 2.1091E+02    3.8615E-06    7.4677E-07    2.3874E-01   -2.0802E-01    3.5281E+00    1.9600E-04
1.5971E+01  1.0687E-01 2.1056E+02    3.8174E-06    6.0638E-07    2.0779E-01   -1.5545E-01    3.4436E+00    1.9600E-04
1.5429E+01  1.1642E-01 2.1023E+02    3.7806E-06    4.8420E-07    1.8133E-01   -1.3186E-01    3.3633E+00    1.9600E-04
1.4895E+01  1.2665E-01 2.0992E+02    3.7557E-06    3.8050E-07    1.5933E-01   -1.1654E-01    3.2903E+00    1.9600E-04
1.4371E+01  1.3761E-01 2.0965E+02    3.7348E-06    2.9485E-07    1.4124E-01   -1.0766E-01    3.2295E+00    1.9600E-04
1.3854E+01  1.4933E-01 2.0946E+02    3.7141E-06    2.2336E-07    1.2625E-01   -1.0436E-01    3.1869E+00    1.9600E-04
1.3346E+01  1.6184E-01 2.0938E+02    3.6938E-06    1.6530E-07    1.1414E-01   -1.0399E-01    3.1682E+00    1.9600E-04
1.2847E+01  1.7518E-01 2.0942E+02    3.6819E-06    1.2538E-07    1.0541E-01   -1.0109E-01    3.1780E+00    1.9600E-04
1.2355E+01  1.8938E-01 2.0961E+02    3.6800E-06    9.9928E-08    9.9503E-02   -9.4428E-02    3.2191E+00    1.9600E-04
1.1870E+01  2.0448E-01 2.0992E+02    3.8232E-06    8.1089E-08    9.6030E-02   -9.2107E-02    3.2922E+00    1.9600E-04
1.1393E+01  2.2050E-01 2.1036E+02    4.7139E-06    6.7194E-08    9.6949E-02   -1.0625E-01    3.3949E+00    1.9600E-04
1.0922E+01  2.3747E-01 2.1088E+02    5.3565E-06    5.8737E-08    9.7843E-02   -8.2081E-02    3.5197E+00    1.9600E-04
1.0459E+01  2.5543E-01 2.1141E+02    6.1041E-06    5.3710E-08    9.9523E-02   -9.4826E-03    3.6535E+00    1.9600E-04
1.0002E+01  2.7440E-01 2.1240E+02    7.0207E-06    5.0197E-08    1.0347E-01   -7.4909E-02    3.9125E+00    1.9600E-04
9.5477E+00  2.9441E-01 2.1637E+02    1.1992E-05    4.7275E-08    1.2554E-01   -4.0957E-01    5.1163E+00    1.9600E-04
9.0931E+00  3.1548E-01 2.2072E+02    2.1053E-05    4.4612E-08    1.6259E-01   -8.0664E-01    6.1800E+00    1.9600E-04
8.6379E+00  3.3764E-01 2.2504E+02    3.6048E-05    4.2089E-08    2.1299E-01   -1.2185E+00    7.3669E+00    1.9600E-04
8.1827E+00  3.6089E-01 2.2931E+02    6.0169E-05    3.9648E-08    2.7442E-01   -1.5984E+00    8.7027E+00    1.9600E-04
7.7278E+00  3.8526E-01 2.3352E+02    9.7822E-05    3.7288E-08    3.4167E-01   -1.8959E+00    1.0187E+01    1.9600E-04
7.2737E+00  4.1075E-01 2.3764E+02    1.5478E-04    3.4926E-08    4.1175E-01   -2.0981E+00    1.1814E+01    1.9600E-04
6.8209E+00  4.3738E-01 2.4165E+02    2.3814E-04    3.2736E-08    4.8735E-01   -2.2315E+00    1.3571E+01    1.9600E-04
6.3700E+00  4.6516E-01 2.4551E+02    3.5610E-04    3.0642E-08    5.6475E-01   -2.2857E+00    1.5442E+01    1.9600E-04
5.9215E+00  4.9407E-01 2.4921E+02    5.1747E-04    2.8640E-08    6.3035E-01   -2.2914E+00    1.7405E+01    1.9600E-04
5.4759E+00  5.2412E-01 2.5274E+02    7.3105E-04    2.6676E-08    6.7705E-01   -2.2748E+00    1.9437E+01    1.9600E-04
5.0340E+00  5.5529E-01 2.5607E+02    1.0051E-03    2.4819E-08    7.1055E-01   -2.2581E+00    2.1517E+01    1.9600E-04
4.5962E+00  5.8758E-01 2.5922E+02    1.3471E-03    2.3069E-08    7.3759E-01   -2.2174E+00    2.3623E+01    1.9600E-04
4.1631E+00  6.2096E-01 2.6218E+02    1.7630E-03    2.1378E-08    7.5815E-01   -2.1564E+00    2.5739E+01    1.9600E-04
3.7352E+00  6.5541E-01 2.6496E+02    2.2579E-03    1.9846E-08    7.6940E-01   -2.0919E+00    2.7851E+01    1.9600E-04
3.3129E+00  6.9090E-01 2.6758E+02    2.8356E-03    1.8319E-08    7.7141E-01   -2.0008E+00    2.9950E+01    1.9600E-04
2.8969E+00  7.2740E-01 2.7004E+02    3.4990E-03    1.7029E-08    7.6723E-01   -1.8571E+00    3.2027E+01    1.9600E-04
2.4873E+00  7.6485E-01 2.7235E+02    4.2497E-03    1.5850E-08    7.5976E-01   -1.7056E+00    3.4079E+01    1.9600E-04
2.0845E+00  8.0323E-01 2.7470E+02    5.1541E-03    1.4793E-08    7.5458E-01   -1.6075E+00    3.6258E+01    1.9600E-04
1.6887E+00  8.4246E-01 2.7699E+02    6.0540E-03    1.3874E-08    7.3583E-01   -1.5243E+00    3.8485E+01    1.9600E-04
1.3001E+00  8.8250E-01 2.7919E+02    7.0650E-03    1.3097E-08    7.1966E-01   -1.5142E+00    4.0716E+01    1.9600E-04
9.1910E-01  9.2328E-01 2.8127E+02    8.1792E-03    1.2465E-08    7.0860E-01   -1.5812E+00    4.2918E+01    1.9600E-04
5.4590E-01  9.6473E-01 2.8326E+02    9.2639E-03    1.1952E-08    7.0189E-01   -1.7618E+00    4.5102E+01    1.9600E-04
1.8081E-01  1.0068E+00 2.8516E+02    1.0628E-02    1.1519E-08    7.2303E-01   -2.0170E+00    4.7265E+01    1.9600E-04
0.0000E+00  1.0281E+00 2.8611E+02    1.1311E-02    1.1600E-08    7.9459E+00   -3.5409E+00    4.8375E+01    1.9600E-04
