     ALT          P          T          FH2O           O3           THEAT        TCOOL        PSATCO2        FCO2
7.2727E+01  3.2610E-05 2.1452E+02    2.7090E-06    3.5817E-08    3.5258E+01   -5.3087E+01    4.5191E+00    1.9800E-04
7.1628E+01  3.8506E-05 2.1584E+02    2.9185E-06    4.0834E-08    4.9455E+00   -3.5543E+01    4.9382E+00    1.9800E-04
7.0532E+01  4.5412E-05 2.1721E+02    3.1082E-06    4.7820E-08    1.8535E+00   -2.3037E+01    5.3276E+00    1.9800E-04
6.9437E+01  5.3488E-05 2.1863E+02    3.2930E-06    5.7800E-08    1.5287E+00   -1.4697E+01    5.6615E+00    1.9800E-04
6.8343E+01  6.2922E-05 2.2010E+02    3.4542E-06    7.1951E-08    1.5390E+00   -9.4952E+00    6.0224E+00    1.9800E-04
6.7251E+01  7.3926E-05 2.2160E+02    3.6016E-06    9.1694E-08    1.6091E+00   -6.4849E+00    6.4097E+00    1.9800E-04
6.6161E+01  8.6744E-05 2.2313E+02    3.7322E-06    1.1802E-07    1.7175E+00   -4.8696E+00    6.8228E+00    1.9800E-04
6.5072E+01  1.0166E-04 2.2467E+02    3.8440E-06    1.5011E-07    1.8601E+00   -4.0563E+00    7.2604E+00    1.9800E-04
6.3985E+01  1.1898E-04 2.2622E+02    3.9525E-06    1.8688E-07    2.0388E+00   -3.7051E+00    7.7216E+00    1.9800E-04
6.2899E+01  1.3909E-04 2.2778E+02    4.0487E-06    2.2582E-07    2.2320E+00   -3.5920E+00    8.2051E+00    1.9800E-04
6.1815E+01  1.6239E-04 2.2933E+02    4.1353E-06    2.6613E-07    2.4339E+00   -3.6019E+00    8.7099E+00    1.9800E-04
6.0733E+01  1.8935E-04 2.3088E+02    4.2063E-06    3.0872E-07    2.6480E+00   -3.6715E+00    9.2352E+00    1.9800E-04
5.9653E+01  2.2051E-04 2.3242E+02    4.2810E-06    3.5527E-07    2.8816E+00   -3.7789E+00    9.7804E+00    1.9800E-04
5.8575E+01  2.5647E-04 2.3394E+02    4.3371E-06    4.0723E-07    3.1397E+00   -3.9033E+00    1.0345E+01    1.9800E-04
5.7500E+01  2.9792E-04 2.3546E+02    4.4000E-06    4.6501E-07    3.4220E+00   -4.0473E+00    1.0930E+01    1.9800E-04
5.6427E+01  3.4563E-04 2.3697E+02    4.4428E-06    5.2959E-07    3.7281E+00   -4.1972E+00    1.1534E+01    1.9800E-04
5.5357E+01  4.0049E-04 2.3846E+02    4.4856E-06    6.0159E-07    4.0551E+00   -4.3575E+00    1.2159E+01    1.9800E-04
5.4289E+01  4.6346E-04 2.3995E+02    4.5282E-06    6.7975E-07    4.3908E+00   -4.5241E+00    1.2805E+01    1.9800E-04
5.3225E+01  5.3566E-04 2.4143E+02    4.5654E-06    7.6675E-07    4.7366E+00   -4.6910E+00    1.3472E+01    1.9800E-04
5.2164E+01  6.1832E-04 2.4291E+02    4.5965E-06    8.6249E-07    5.0813E+00   -4.8533E+00    1.4162E+01    1.9800E-04
5.1106E+01  7.1285E-04 2.4438E+02    4.6277E-06    9.6765E-07    5.4136E+00   -5.0072E+00    1.4874E+01    1.9800E-04
5.0051E+01  8.2078E-04 2.4584E+02    4.6487E-06    1.0822E-06    5.7223E+00   -5.1457E+00    1.5610E+01    1.9800E-04
4.9000E+01  9.4388E-04 2.4730E+02    4.6697E-06    1.2179E-06    6.0301E+00   -5.2723E+00    1.6369E+01    1.9800E-04
4.7953E+01  1.0841E-03 2.4876E+02    4.6806E-06    1.3649E-06    6.2938E+00   -5.4128E+00    1.7153E+01    1.9800E-04
4.6910E+01  1.2435E-03 2.5021E+02    4.6900E-06    1.5328E-06    6.5207E+00   -5.5612E+00    1.7961E+01    1.9800E-04
4.5870E+01  1.4246E-03 2.5166E+02    4.6900E-06    1.7217E-06    6.6899E+00   -5.7287E+00    1.8795E+01    1.9800E-04
4.4834E+01  1.6300E-03 2.5314E+02    4.6900E-06    1.9413E-06    6.8042E+00   -5.9586E+00    1.9682E+01    1.9800E-04
4.3803E+01  1.8626E-03 2.5456E+02    4.6765E-06    2.1812E-06    6.8233E+00   -6.1902E+00    2.0553E+01    1.9800E-04
4.2777E+01  2.1258E-03 2.5557E+02    4.6520E-06    2.4587E-06    6.7705E+00   -6.3275E+00    2.1191E+01    1.9800E-04
4.1758E+01  2.4232E-03 2.5593E+02    4.6214E-06    2.7821E-06    6.6440E+00   -6.3180E+00    2.1425E+01    1.9800E-04
4.0749E+01  2.7586E-03 2.5558E+02    4.5767E-06    3.1387E-06    6.4148E+00   -6.1539E+00    2.1198E+01    1.9800E-04
3.9753E+01  3.1365E-03 2.5453E+02    4.5171E-06    3.5104E-06    6.0793E+00   -5.8570E+00    2.0535E+01    1.9800E-04
3.8772E+01  3.5617E-03 2.5288E+02    4.4546E-06    3.8580E-06    5.6494E+00   -5.4611E+00    1.9520E+01    1.9800E-04
3.7809E+01  4.0394E-03 2.5073E+02    4.3749E-06    4.1717E-06    5.1848E+00   -5.0083E+00    1.8257E+01    1.9800E-04
3.6864E+01  4.5755E-03 2.4820E+02    4.2909E-06    4.4296E-06    4.7228E+00   -4.5337E+00    1.6851E+01    1.9800E-04
3.5939E+01  5.1761E-03 2.4541E+02    4.1991E-06    4.6218E-06    4.2894E+00   -4.0751E+00    1.5387E+01    1.9800E-04
3.5035E+01  5.8482E-03 2.4243E+02    4.1011E-06    4.7769E-06    3.9095E+00   -3.6579E+00    1.3934E+01    1.9800E-04
3.4151E+01  6.5992E-03 2.3935E+02    4.0059E-06    4.8995E-06    3.5759E+00   -3.2864E+00    1.2541E+01    1.9800E-04
3.3288E+01  7.4374E-03 2.3625E+02    3.9062E-06    4.9910E-06    3.2763E+00   -2.9534E+00    1.1243E+01    1.9800E-04
3.2446E+01  8.3714E-03 2.3319E+02    3.8134E-06    5.0577E-06    3.0023E+00   -2.6511E+00    1.0062E+01    1.9800E-04
3.1623E+01  9.4108E-03 2.3023E+02    3.7157E-06    5.0857E-06    2.7426E+00   -2.3729E+00    9.0125E+00    1.9800E-04
3.0819E+01  1.0566E-02 2.2745E+02    3.6206E-06    5.0869E-06    2.4980E+00   -2.1395E+00    8.1010E+00    1.9800E-04
3.0034E+01  1.1848E-02 2.2489E+02    3.5275E-06    5.0417E-06    2.2628E+00   -1.8781E+00    7.3234E+00    1.9800E-04
2.9266E+01  1.3269E-02 2.2256E+02    3.4366E-06    4.9521E-06    2.0398E+00   -1.6373E+00    6.6678E+00    1.9800E-04
2.8514E+01  1.4841E-02 2.2048E+02    3.3475E-06    4.8192E-06    1.8324E+00   -1.4199E+00    6.1187E+00    1.9800E-04
2.7777E+01  1.6579E-02 2.1862E+02    3.2603E-06    4.6573E-06    1.6452E+00   -1.2273E+00    5.6600E+00    1.9800E-04
2.7055E+01  1.8497E-02 2.1699E+02    3.1747E-06    4.4574E-06    1.4768E+00   -1.0607E+00    5.2763E+00    1.9800E-04
2.6346E+01  2.0611E-02 2.1554E+02    3.0908E-06    4.2323E-06    1.3289E+00   -9.2041E-01    4.8389E+00    1.9800E-04
2.5650E+01  2.2938E-02 2.1425E+02    3.0182E-06    3.9940E-06    1.2014E+00   -8.0507E-01    4.4386E+00    1.9800E-04
2.4966E+01  2.5495E-02 2.1311E+02    2.9371E-06    3.7508E-06    1.0920E+00   -7.1030E-01    4.1065E+00    1.9800E-04
2.4294E+01  2.8302E-02 2.1208E+02    2.8674E-06    3.5017E-06    9.9628E-01   -6.3267E-01    3.8274E+00    1.9800E-04
2.3633E+01  3.1377E-02 2.1116E+02    2.7888E-06    3.2521E-06    9.1102E-01   -5.6632E-01    3.5901E+00    1.9800E-04
2.2984E+01  3.4744E-02 2.1032E+02    2.7180E-06    3.0009E-06    8.3277E-01   -5.0807E-01    3.3862E+00    1.9800E-04
2.2344E+01  3.8423E-02 2.0957E+02    2.6457E-06    2.7576E-06    7.6034E-01   -4.5421E-01    3.2098E+00    1.9800E-04
2.1715E+01  4.2438E-02 2.0887E+02    2.5723E-06    2.5202E-06    6.9177E-01   -4.0330E-01    3.0563E+00    1.9800E-04
2.1097E+01  4.6813E-02 2.0825E+02    2.5109E-06    2.2900E-06    6.2638E-01   -3.5518E-01    2.9227E+00    1.9800E-04
2.0487E+01  5.1575E-02 2.0769E+02    2.4445E-06    2.0661E-06    5.6359E-01   -3.0860E-01    2.8067E+00    1.9800E-04
1.9888E+01  5.6749E-02 2.0718E+02    2.3810E-06    1.8484E-06    5.0356E-01   -2.6346E-01    2.7067E+00    1.9800E-04
1.9298E+01  6.2364E-02 2.0674E+02    2.3224E-06    1.6384E-06    4.4679E-01   -2.1956E-01    2.6212E+00    1.9800E-04
1.8717E+01  6.8448E-02 2.0636E+02    2.2658E-06    1.4311E-06    3.9317E-01   -1.7795E-01    2.5488E+00    1.9800E-04
1.8145E+01  7.5031E-02 2.0603E+02    2.2178E-06    1.2393E-06    3.4477E-01   -1.3784E-01    2.4879E+00    1.9800E-04
1.7582E+01  8.2143E-02 2.0574E+02    2.1654E-06    1.0616E-06    3.0154E-01   -1.0005E-01    2.4365E+00    1.9800E-04
1.7027E+01  8.9817E-02 2.0550E+02    2.1213E-06    8.9517E-07    2.6303E-01   -6.8235E-02    2.3927E+00    1.9800E-04
1.6481E+01  9.8083E-02 2.0528E+02    2.0834E-06    7.4145E-07    2.2913E-01   -4.4273E-02    2.3551E+00    1.9800E-04
1.5944E+01  1.0697E-01 2.0509E+02    2.0513E-06    6.0317E-07    1.9884E-01    2.6694E-03    2.3221E+00    1.9800E-04
1.5414E+01  1.1653E-01 2.0492E+02    2.0265E-06    4.8302E-07    1.7305E-01    1.2386E-02    2.2937E+00    1.9800E-04
1.4893E+01  1.2677E-01 2.0479E+02    1.9986E-06    3.8098E-07    1.5157E-01    1.5954E-02    2.2720E+00    1.9800E-04
1.4381E+01  1.3774E-01 2.0473E+02    1.9827E-06    2.9707E-07    1.3401E-01    1.4355E-02    2.2608E+00    1.9800E-04
1.3876E+01  1.4947E-01 2.0475E+02    1.9652E-06    2.2606E-07    1.1933E-01    8.3413E-03    2.2644E+00    1.9800E-04
1.3378E+01  1.6200E-01 2.0489E+02    1.9527E-06    1.6914E-07    1.0759E-01    1.2848E-03    2.2876E+00    1.9800E-04
1.2889E+01  1.7535E-01 2.0516E+02    1.9500E-06    1.2893E-07    9.9254E-02   -4.0598E-03    2.3346E+00    1.9800E-04
1.2406E+01  1.8957E-01 2.0557E+02    2.3579E-06    1.0256E-07    9.5865E-02   -1.8603E-02    2.4064E+00    1.9800E-04
1.1930E+01  2.0468E-01 2.0607E+02    2.6783E-06    8.3494E-08    9.3572E-02   -7.9066E-04    2.4963E+00    1.9800E-04
1.1461E+01  2.2072E-01 2.0659E+02    3.0570E-06    6.9268E-08    9.2603E-02    4.7428E-03    2.5931E+00    1.9800E-04
1.0997E+01  2.3772E-01 2.0808E+02    3.8010E-06    5.9961E-08    9.4700E-02   -9.3213E-03    2.8873E+00    1.9800E-04
1.0538E+01  2.5570E-01 2.0997E+02    4.9858E-06    5.4419E-08    1.0074E-01   -1.1190E-01    3.3018E+00    1.9800E-04
1.0080E+01  2.7469E-01 2.1394E+02    8.6340E-06    5.0683E-08    1.2021E-01   -4.1417E-01    4.3471E+00    1.9800E-04
9.6216E+00  2.9472E-01 2.1834E+02    1.5455E-05    4.7568E-08    1.5280E-01   -7.8685E-01    5.5912E+00    1.9800E-04
9.1623E+00  3.1582E-01 2.2271E+02    2.6974E-05    4.4767E-08    1.9746E-01   -1.1754E+00    6.7091E+00    1.9800E-04
8.7026E+00  3.3800E-01 2.2706E+02    4.5879E-05    4.2193E-08    2.5361E-01   -1.5500E+00    7.9770E+00    1.9800E-04
8.2427E+00  3.6128E-01 2.3134E+02    7.5997E-05    3.9619E-08    3.1831E-01   -1.8727E+00    9.3969E+00    1.9800E-04
7.7833E+00  3.8567E-01 2.3555E+02    1.2249E-04    3.7218E-08    3.8621E-01   -2.1043E+00    1.0965E+01    1.9800E-04
7.3248E+00  4.1120E-01 2.3965E+02    1.9193E-04    3.4823E-08    4.5727E-01   -2.2576E+00    1.2673E+01    1.9800E-04
6.8678E+00  4.3786E-01 2.4362E+02    2.9215E-04    3.2588E-08    5.3433E-01   -2.3468E+00    1.4504E+01    1.9800E-04
6.4127E+00  4.6567E-01 2.4744E+02    4.3184E-04    3.0396E-08    6.0838E-01   -2.3650E+00    1.6440E+01    1.9800E-04
5.9602E+00  4.9462E-01 2.5107E+02    6.1998E-04    2.8334E-08    6.6555E-01   -2.3515E+00    1.8455E+01    1.9800E-04
5.5110E+00  5.2470E-01 2.5452E+02    8.6523E-04    2.6352E-08    7.0465E-01   -2.3279E+00    2.0528E+01    1.9800E-04
5.0655E+00  5.5591E-01 2.5777E+02    1.1754E-03    2.4427E-08    7.3400E-01   -2.2989E+00    2.2635E+01    1.9800E-04
4.6243E+00  5.8824E-01 2.6083E+02    1.5574E-03    2.2626E-08    7.5778E-01   -2.2405E+00    2.4759E+01    1.9800E-04
4.1881E+00  6.2166E-01 2.6371E+02    2.0166E-03    2.0972E-08    7.7382E-01   -2.1728E+00    2.6884E+01    1.9800E-04
3.7572E+00  6.5616E-01 2.6641E+02    2.5575E-03    1.9340E-08    7.7993E-01   -2.0959E+00    2.8999E+01    1.9800E-04
3.3322E+00  6.9169E-01 2.6895E+02    3.1835E-03    1.7880E-08    7.7786E-01   -1.9767E+00    3.1096E+01    1.9800E-04
2.9136E+00  7.2823E-01 2.7134E+02    3.8968E-03    1.6584E-08    7.7116E-01   -1.8172E+00    3.3169E+01    1.9800E-04
2.5015E+00  7.6574E-01 2.7366E+02    4.7362E-03    1.5395E-08    7.6475E-01   -1.6854E+00    3.5278E+01    1.9800E-04
2.0963E+00  8.0416E-01 2.7602E+02    5.6611E-03    1.4357E-08    7.5153E-01   -1.5876E+00    3.7528E+01    1.9800E-04
1.6981E+00  8.4345E-01 2.7827E+02    6.5600E-03    1.3496E-08    7.2702E-01   -1.5127E+00    3.9768E+01    1.9800E-04
1.3073E+00  8.8354E-01 2.8042E+02    7.7063E-03    1.2713E-08    7.1612E-01   -1.5436E+00    4.2001E+01    1.9800E-04
9.2407E-01  9.2437E-01 2.8246E+02    8.7971E-03    1.2074E-08    7.0157E-01   -1.6200E+00    4.4208E+01    1.9800E-04
5.4882E-01  9.6587E-01 2.8442E+02    1.0076E-02    1.1555E-08    7.0401E-01   -1.8482E+00    4.6409E+01    1.9800E-04
1.8176E-01  1.0080E+00 2.8627E+02    1.1411E-02    1.1121E-08    7.2088E-01   -2.0867E+00    4.8572E+01    1.9800E-04
0.0000E+00  1.0294E+00 2.8721E+02    1.2082E-02    1.1200E-08    7.9009E+00   -3.4526E+00    4.9688E+01    1.9800E-04
