     ALT          P          T          FH2O           O3           THEAT        TCOOL        PSATCO2        FCO2
7.3129E+01  3.2610E-05 2.1382E+02    3.7313E-06    3.1053E-08    3.5194E+01   -5.2645E+01    4.3119E+00    1.9700E-04
7.2035E+01  3.8505E-05 2.1515E+02    4.0115E-06    3.5761E-08    4.9747E+00   -3.5601E+01    4.7147E+00    1.9700E-04
7.0943E+01  4.5410E-05 2.1652E+02    4.2738E-06    4.2229E-08    1.8540E+00   -2.3434E+01    5.1659E+00    1.9700E-04
6.9853E+01  5.3485E-05 2.1794E+02    4.5098E-06    5.1323E-08    1.5185E+00   -1.5252E+01    5.4980E+00    1.9700E-04
6.8764E+01  6.2917E-05 2.1941E+02    4.7278E-06    6.4252E-08    1.5224E+00   -1.0134E+01    5.8521E+00    1.9700E-04
6.7676E+01  7.3918E-05 2.2092E+02    4.9222E-06    8.2265E-08    1.5839E+00   -7.1517E+00    6.2326E+00    1.9700E-04
6.6590E+01  8.6734E-05 2.2245E+02    5.0928E-06    1.0608E-07    1.6794E+00   -5.5149E+00    6.6387E+00    1.9700E-04
6.5506E+01  1.0164E-04 2.2401E+02    5.2497E-06    1.3524E-07    1.8061E+00   -4.6763E+00    7.0695E+00    1.9700E-04
6.4423E+01  1.1897E-04 2.2557E+02    5.3897E-06    1.6780E-07    1.9624E+00   -4.2839E+00    7.5239E+00    1.9700E-04
6.3341E+01  1.3907E-04 2.2713E+02    5.5113E-06    2.0296E-07    2.1342E+00   -4.1241E+00    8.0009E+00    1.9700E-04
6.2261E+01  1.6236E-04 2.2869E+02    5.6294E-06    2.3879E-07    2.3125E+00   -4.0866E+00    8.4995E+00    1.9700E-04
6.1183E+01  1.8931E-04 2.3025E+02    5.7272E-06    2.7781E-07    2.5075E+00   -4.1048E+00    9.0187E+00    1.9700E-04
6.0107E+01  2.2046E-04 2.3180E+02    5.8219E-06    3.2111E-07    2.7246E+00   -4.1557E+00    9.5582E+00    1.9700E-04
5.9033E+01  2.5641E-04 2.3334E+02    5.9034E-06    3.6951E-07    2.9658E+00   -4.2227E+00    1.0118E+01    1.9700E-04
5.7962E+01  2.9784E-04 2.3486E+02    5.9777E-06    4.2372E-07    3.2322E+00   -4.3028E+00    1.0697E+01    1.9700E-04
5.6892E+01  3.4554E-04 2.3638E+02    6.0419E-06    4.8468E-07    3.5238E+00   -4.3924E+00    1.1296E+01    1.9700E-04
5.5826E+01  4.0037E-04 2.3789E+02    6.1059E-06    5.5149E-07    3.8320E+00   -4.4920E+00    1.1916E+01    1.9700E-04
5.4762E+01  4.6332E-04 2.3939E+02    6.1597E-06    6.2566E-07    4.1564E+00   -4.5963E+00    1.2557E+01    1.9700E-04
5.3701E+01  5.3549E-04 2.4088E+02    6.2034E-06    7.0752E-07    4.4901E+00   -4.7030E+00    1.3219E+01    1.9700E-04
5.2644E+01  6.1812E-04 2.4236E+02    6.2546E-06    7.9709E-07    4.8236E+00   -4.8120E+00    1.3903E+01    1.9700E-04
5.1589E+01  7.1260E-04 2.4384E+02    6.2868E-06    8.9664E-07    5.1535E+00   -4.9135E+00    1.4610E+01    1.9700E-04
5.0538E+01  8.2048E-04 2.4531E+02    6.3244E-06    1.0078E-06    5.4724E+00   -5.0092E+00    1.5340E+01    1.9700E-04
4.9490E+01  9.4352E-04 2.4678E+02    6.3554E-06    1.1319E-06    5.7696E+00   -5.0943E+00    1.6093E+01    1.9700E-04
4.8446E+01  1.0836E-03 2.4824E+02    6.3763E-06    1.2734E-06    6.0501E+00   -5.1983E+00    1.6869E+01    1.9700E-04
4.7406E+01  1.2430E-03 2.4969E+02    6.3971E-06    1.4331E-06    6.2923E+00   -5.3147E+00    1.7670E+01    1.9700E-04
4.6369E+01  1.4240E-03 2.5114E+02    6.4100E-06    1.6099E-06    6.4715E+00   -5.4379E+00    1.8496E+01    1.9700E-04
4.5337E+01  1.6293E-03 2.5259E+02    6.4200E-06    1.8143E-06    6.5997E+00   -5.6381E+00    1.9346E+01    1.9700E-04
4.4308E+01  1.8618E-03 2.5412E+02    6.4200E-06    2.0482E-06    6.6601E+00   -5.9160E+00    2.0281E+01    1.9700E-04
4.3284E+01  2.1248E-03 2.5541E+02    6.4100E-06    2.3037E-06    6.6207E+00   -6.1371E+00    2.1087E+01    1.9700E-04
4.2266E+01  2.4220E-03 2.5609E+02    6.3901E-06    2.5984E-06    6.5040E+00   -6.2099E+00    2.1528E+01    1.9700E-04
4.1257E+01  2.7572E-03 2.5606E+02    6.3598E-06    2.9213E-06    6.2875E+00   -6.1145E+00    2.1507E+01    1.9700E-04
4.0259E+01  3.1349E-03 2.5532E+02    6.3099E-06    3.2605E-06    5.9698E+00   -5.8717E+00    2.1035E+01    1.9700E-04
3.9276E+01  3.5598E-03 2.5397E+02    6.2609E-06    3.5751E-06    5.5533E+00   -5.5181E+00    2.0184E+01    1.9700E-04
3.8309E+01  4.0372E-03 2.5211E+02    6.1938E-06    3.8665E-06    5.1030E+00   -5.1017E+00    1.9062E+01    1.9700E-04
3.7359E+01  4.5729E-03 2.4988E+02    6.1278E-06    4.0962E-06    4.6410E+00   -4.6629E+00    1.7775E+01    1.9700E-04
3.6429E+01  5.1731E-03 2.4739E+02    6.0467E-06    4.2731E-06    4.2104E+00   -4.2333E+00    1.6414E+01    1.9700E-04
3.5517E+01  5.8448E-03 2.4474E+02    5.9555E-06    4.3992E-06    3.8236E+00   -3.8428E+00    1.5052E+01    1.9700E-04
3.4625E+01  6.5953E-03 2.4201E+02    5.8663E-06    4.4909E-06    3.4843E+00   -3.4990E+00    1.3740E+01    1.9700E-04
3.3753E+01  7.4328E-03 2.3929E+02    5.7789E-06    4.5503E-06    3.1820E+00   -3.1956E+00    1.2513E+01    1.9700E-04
3.2899E+01  8.3662E-03 2.3663E+02    5.6837E-06    4.5845E-06    2.9084E+00   -2.9221E+00    1.1396E+01    1.9700E-04
3.2064E+01  9.4048E-03 2.3409E+02    5.5863E-06    4.5900E-06    2.6545E+00   -2.6718E+00    1.0402E+01    1.9700E-04
3.1247E+01  1.0559E-02 2.3174E+02    5.4883E-06    4.5791E-06    2.4192E+00   -2.4653E+00    9.5356E+00    1.9700E-04
3.0447E+01  1.1840E-02 2.2959E+02    5.3922E-06    4.5311E-06    2.1943E+00   -2.2260E+00    8.7939E+00    1.9700E-04
2.9663E+01  1.3260E-02 2.2765E+02    5.2981E-06    4.4581E-06    1.9843E+00   -2.0038E+00    8.1644E+00    1.9700E-04
2.8894E+01  1.4831E-02 2.2593E+02    5.2059E-06    4.3585E-06    1.7903E+00   -1.7995E+00    7.6316E+00    1.9700E-04
2.8139E+01  1.6568E-02 2.2439E+02    5.1153E-06    4.2354E-06    1.6142E+00   -1.6141E+00    7.1796E+00    1.9700E-04
2.7398E+01  1.8484E-02 2.2302E+02    5.0264E-06    4.0799E-06    1.4550E+00   -1.4486E+00    6.7935E+00    1.9700E-04
2.6670E+01  2.0596E-02 2.2179E+02    4.9390E-06    3.9160E-06    1.3173E+00   -1.3036E+00    6.4600E+00    1.9700E-04
2.5954E+01  2.2921E-02 2.2067E+02    4.8531E-06    3.7298E-06    1.1964E+00   -1.1783E+00    6.1680E+00    1.9700E-04
2.5250E+01  2.5476E-02 2.1964E+02    4.7686E-06    3.5369E-06    1.0921E+00   -1.0704E+00    5.9084E+00    1.9700E-04
2.4558E+01  2.8280E-02 2.1869E+02    4.6757E-06    3.3287E-06    9.9956E-01   -9.7641E-01    5.6746E+00    1.9700E-04
2.3877E+01  3.1353E-02 2.1779E+02    4.5941E-06    3.1247E-06    9.1825E-01   -8.9302E-01    5.4616E+00    1.9700E-04
2.3208E+01  3.4717E-02 2.1694E+02    4.5138E-06    2.9121E-06    8.4275E-01   -8.1687E-01    5.2662E+00    1.9700E-04
2.2549E+01  3.8392E-02 2.1614E+02    4.4305E-06    2.6918E-06    7.7082E-01   -7.4579E-01    5.0376E+00    1.9700E-04
2.1901E+01  4.2404E-02 2.1538E+02    4.3471E-06    2.4774E-06    7.0314E-01   -6.7815E-01    4.7898E+00    1.9700E-04
2.1264E+01  4.6775E-02 2.1467E+02    4.2707E-06    2.2719E-06    6.3913E-01   -6.1343E-01    4.5669E+00    1.9700E-04
2.0637E+01  5.1533E-02 2.1401E+02    4.1955E-06    2.0577E-06    5.7594E-01   -5.5246E-01    4.3676E+00    1.9700E-04
2.0020E+01  5.6702E-02 2.1341E+02    4.1214E-06    1.8474E-06    5.1542E-01   -4.9394E-01    4.1911E+00    1.9700E-04
1.9413E+01  6.2312E-02 2.1285E+02    4.0487E-06    1.6413E-06    4.5822E-01   -4.3716E-01    4.0358E+00    1.9700E-04
1.8815E+01  6.8390E-02 2.1235E+02    3.9859E-06    1.4482E-06    4.0572E-01   -3.8126E-01    3.8996E+00    1.9700E-04
1.8228E+01  7.4966E-02 2.1190E+02    3.9172E-06    1.2505E-06    3.5585E-01   -3.2923E-01    3.7798E+00    1.9700E-04
1.7649E+01  8.2072E-02 2.1149E+02    3.8594E-06    1.0676E-06    3.1143E-01   -2.8068E-01    3.6733E+00    1.9700E-04
1.7080E+01  8.9737E-02 2.1111E+02    3.8060E-06    9.0246E-07    2.7273E-01   -2.3645E-01    3.5766E+00    1.9700E-04
1.6520E+01  9.7995E-02 2.1074E+02    3.7612E-06    7.4679E-07    2.3834E-01   -2.0083E-01    3.4871E+00    1.9700E-04
1.5969E+01  1.0688E-01 2.1039E+02    3.7229E-06    6.0663E-07    2.0749E-01   -1.4848E-01    3.4021E+00    1.9700E-04
1.5427E+01  1.1642E-01 2.1005E+02    3.6904E-06    4.8467E-07    1.8112E-01   -1.2534E-01    3.3216E+00    1.9700E-04
1.4893E+01  1.2665E-01 2.0974E+02    3.6585E-06    3.8114E-07    1.5912E-01   -1.1001E-01    3.2486E+00    1.9700E-04
1.4369E+01  1.3761E-01 2.0947E+02    3.6347E-06    2.9564E-07    1.4103E-01   -1.0136E-01    3.1882E+00    1.9700E-04
1.3853E+01  1.4933E-01 2.0928E+02    3.6141E-06    2.2341E-07    1.2595E-01   -9.8951E-02    3.1463E+00    1.9700E-04
1.3346E+01  1.6185E-01 2.0920E+02    3.6019E-06    1.6525E-07    1.1388E-01   -9.9358E-02    3.1282E+00    1.9700E-04
1.2847E+01  1.7519E-01 2.0925E+02    3.5919E-06    1.2624E-07    1.0528E-01   -9.6542E-02    3.1392E+00    1.9700E-04
1.2355E+01  1.8939E-01 2.0943E+02    3.5821E-06    1.0021E-07    9.9267E-02   -8.9682E-02    3.1801E+00    1.9700E-04
1.1871E+01  2.0448E-01 2.0976E+02    3.7228E-06    8.1144E-08    9.5755E-02   -8.7702E-02    3.2541E+00    1.9700E-04
1.1394E+01  2.2050E-01 2.1018E+02    4.6160E-06    6.7306E-08    9.6839E-02   -1.0124E-01    3.3525E+00    1.9700E-04
1.0924E+01  2.3748E-01 2.1072E+02    5.2420E-06    5.8796E-08    9.8742E-02   -8.4773E-02    3.4803E+00    1.9700E-04
1.0461E+01  2.5544E-01 2.1129E+02    6.0098E-06    5.3730E-08    9.9399E-02   -5.7140E-03    3.6224E+00    1.9700E-04
1.0004E+01  2.7441E-01 2.1232E+02    6.9382E-06    5.0214E-08    1.0342E-01   -7.7252E-02    3.8892E+00    1.9700E-04
9.5497E+00  2.9442E-01 2.1643E+02    1.2083E-05    4.7290E-08    1.2638E-01   -4.2528E-01    5.1361E+00    1.9700E-04
9.0949E+00  3.1549E-01 2.2078E+02    2.1209E-05    4.4625E-08    1.6378E-01   -8.2126E-01    6.1952E+00    1.9700E-04
8.6396E+00  3.3765E-01 2.2510E+02    3.6308E-05    4.2100E-08    2.1438E-01   -1.2317E+00    7.3844E+00    1.9700E-04
8.1843E+00  3.6090E-01 2.2937E+02    6.0587E-05    3.9659E-08    2.7593E-01   -1.6093E+00    8.7226E+00    1.9700E-04
7.7293E+00  3.8527E-01 2.3358E+02    9.8475E-05    3.7298E-08    3.4318E-01   -1.9042E+00    1.0209E+01    1.9700E-04
7.2751E+00  4.1077E-01 2.3770E+02    1.5576E-04    3.4934E-08    4.1324E-01   -2.1041E+00    1.1838E+01    1.9700E-04
6.8222E+00  4.3740E-01 2.4171E+02    2.3958E-04    3.2743E-08    4.8883E-01   -2.2358E+00    1.3598E+01    1.9700E-04
6.3711E+00  4.6517E-01 2.4557E+02    3.5812E-04    3.0648E-08    5.6613E-01   -2.2885E+00    1.5470E+01    1.9700E-04
5.9225E+00  4.9409E-01 2.4927E+02    5.2019E-04    2.8646E-08    6.3147E-01   -2.2935E+00    1.7435E+01    1.9700E-04
5.4769E+00  5.2413E-01 2.5279E+02    7.3461E-04    2.6681E-08    6.7788E-01   -2.2762E+00    1.9468E+01    1.9700E-04
5.0348E+00  5.5531E-01 2.5612E+02    1.0096E-03    2.4823E-08    7.1122E-01   -2.2591E+00    2.1548E+01    1.9700E-04
4.5969E+00  5.8760E-01 2.5927E+02    1.3526E-03    2.3073E-08    7.3814E-01   -2.2177E+00    2.3654E+01    1.9700E-04
4.1638E+00  6.2098E-01 2.6222E+02    1.7696E-03    2.1363E-08    7.5854E-01   -2.1562E+00    2.5770E+01    1.9700E-04
3.7358E+00  6.5543E-01 2.6500E+02    2.2656E-03    1.9752E-08    7.6960E-01   -2.0911E+00    2.7882E+01    1.9700E-04
3.3135E+00  6.9093E-01 2.6762E+02    2.8444E-03    1.8310E-08    7.7148E-01   -1.9990E+00    2.9980E+01    1.9700E-04
2.8974E+00  7.2742E-01 2.7007E+02    3.5088E-03    1.7030E-08    7.6718E-01   -1.8527E+00    3.2057E+01    1.9700E-04
2.4877E+00  7.6488E-01 2.7238E+02    4.2605E-03    1.5852E-08    7.5971E-01   -1.7043E+00    3.4107E+01    1.9700E-04
2.0849E+00  8.0326E-01 2.7475E+02    5.1750E-03    1.4794E-08    7.5535E-01   -1.6119E+00    3.6309E+01    1.9700E-04
1.6890E+00  8.4250E-01 2.7704E+02    6.0737E-03    1.3875E-08    7.3610E-01   -1.5255E+00    3.8536E+01    1.9700E-04
1.3004E+00  8.8254E-01 2.7924E+02    7.0904E-03    1.3098E-08    7.2000E-01   -1.5160E+00    4.0766E+01    1.9700E-04
9.1925E-01  9.2332E-01 2.8132E+02    8.2032E-03    1.2465E-08    7.0861E-01   -1.5827E+00    4.2968E+01    1.9700E-04
5.4599E-01  9.6477E-01 2.8331E+02    9.2952E-03    1.1952E-08    7.0215E-01   -1.7648E+00    4.5151E+01    1.9700E-04
1.8084E-01  1.0068E+00 2.8520E+02    1.0658E-02    1.1519E-08    7.2303E-01   -2.0190E+00    4.7313E+01    1.9700E-04
0.0000E+00  1.0282E+00 2.8615E+02    1.1339E-02    1.1600E-08    7.9443E+00   -3.5371E+00    4.8424E+01    1.9700E-04
