     ALT          P          T          FH2O           O3           THEAT        TCOOL        PSATCO2        FCO2
7.3136E+01  3.2610E-05 2.1390E+02    3.6600E-06    3.1234E-08    3.5195E+01   -5.2712E+01    4.3343E+00    1.9700E-04
7.2041E+01  3.8505E-05 2.1522E+02    3.9404E-06    3.5938E-08    4.9732E+00   -3.5636E+01    4.7388E+00    1.9700E-04
7.0948E+01  4.5410E-05 2.1659E+02    4.1968E-06    4.2441E-08    1.8533E+00   -2.3428E+01    5.1878E+00    1.9700E-04
6.9857E+01  5.3485E-05 2.1802E+02    4.4291E-06    5.1590E-08    1.5182E+00   -1.5240E+01    5.5158E+00    1.9700E-04
6.8768E+01  6.2917E-05 2.1949E+02    4.6472E-06    6.4513E-08    1.5221E+00   -1.0110E+01    5.8707E+00    1.9700E-04
6.7680E+01  7.3918E-05 2.2100E+02    4.8319E-06    8.2623E-08    1.5840E+00   -7.1148E+00    6.2521E+00    1.9700E-04
6.6594E+01  8.6734E-05 2.2253E+02    5.0057E-06    1.0674E-07    1.6811E+00   -5.4815E+00    6.6591E+00    1.9700E-04
6.5508E+01  1.0164E-04 2.2408E+02    5.1596E-06    1.3574E-07    1.8073E+00   -4.6417E+00    7.0908E+00    1.9700E-04
6.4425E+01  1.1897E-04 2.2564E+02    5.2997E-06    1.6879E-07    1.9659E+00   -4.2519E+00    7.5462E+00    1.9700E-04
6.3343E+01  1.3907E-04 2.2721E+02    5.4214E-06    2.0397E-07    2.1380E+00   -4.0964E+00    8.0241E+00    1.9700E-04
6.2263E+01  1.6236E-04 2.2877E+02    5.5295E-06    2.3981E-07    2.3166E+00   -4.0592E+00    8.5236E+00    1.9700E-04
6.1184E+01  1.8931E-04 2.3032E+02    5.6359E-06    2.7972E-07    2.5158E+00   -4.0842E+00    9.0438E+00    1.9700E-04
6.0108E+01  2.2046E-04 2.3187E+02    5.7220E-06    3.2247E-07    2.7303E+00   -4.1357E+00    9.5841E+00    1.9700E-04
5.9033E+01  2.5641E-04 2.3341E+02    5.8035E-06    3.7062E-07    2.9703E+00   -4.2067E+00    1.0144E+01    1.9700E-04
5.7961E+01  2.9785E-04 2.3494E+02    5.8779E-06    4.2529E-07    3.2386E+00   -4.2909E+00    1.0725E+01    1.9700E-04
5.6891E+01  3.4554E-04 2.3645E+02    5.9421E-06    4.8616E-07    3.5300E+00   -4.3843E+00    1.1325E+01    1.9700E-04
5.5825E+01  4.0038E-04 2.3796E+02    5.9974E-06    5.5361E-07    3.8408E+00   -4.4851E+00    1.1946E+01    1.9700E-04
5.4760E+01  4.6332E-04 2.3946E+02    6.0500E-06    6.2799E-07    4.1661E+00   -4.5932E+00    1.2587E+01    1.9700E-04
5.3699E+01  5.3549E-04 2.4095E+02    6.1025E-06    7.0992E-07    4.4998E+00   -4.7056E+00    1.3251E+01    1.9700E-04
5.2641E+01  6.1812E-04 2.4243E+02    6.1448E-06    7.9958E-07    4.8330E+00   -4.8157E+00    1.3936E+01    1.9700E-04
5.1586E+01  7.1261E-04 2.4391E+02    6.1835E-06    8.9923E-07    5.1623E+00   -4.9212E+00    1.4644E+01    1.9700E-04
5.0534E+01  8.2050E-04 2.4538E+02    6.2191E-06    1.0096E-06    5.4770E+00   -5.0182E+00    1.5374E+01    1.9700E-04
4.9486E+01  9.4353E-04 2.4685E+02    6.2455E-06    1.1327E-06    5.7695E+00   -5.1038E+00    1.6129E+01    1.9700E-04
4.8442E+01  1.0836E-03 2.4831E+02    6.2664E-06    1.2745E-06    6.0511E+00   -5.2095E+00    1.6907E+01    1.9700E-04
4.7401E+01  1.2430E-03 2.4976E+02    6.2872E-06    1.4375E-06    6.3022E+00   -5.3282E+00    1.7709E+01    1.9700E-04
4.6364E+01  1.4240E-03 2.5121E+02    6.3000E-06    1.6114E-06    6.4726E+00   -5.4512E+00    1.8535E+01    1.9700E-04
4.5331E+01  1.6293E-03 2.5266E+02    6.3100E-06    1.8161E-06    6.6001E+00   -5.6518E+00    1.9388E+01    1.9700E-04
4.4302E+01  1.8618E-03 2.5419E+02    6.3100E-06    2.0505E-06    6.6611E+00   -5.9275E+00    2.0322E+01    1.9700E-04
4.3278E+01  2.1249E-03 2.5546E+02    6.3000E-06    2.3064E-06    6.6216E+00   -6.1449E+00    2.1123E+01    1.9700E-04
4.2260E+01  2.4220E-03 2.5614E+02    6.2798E-06    2.6014E-06    6.5047E+00   -6.2143E+00    2.1558E+01    1.9700E-04
4.1250E+01  2.7573E-03 2.5610E+02    6.2494E-06    2.9248E-06    6.2879E+00   -6.1164E+00    2.1532E+01    1.9700E-04
4.0253E+01  3.1350E-03 2.5535E+02    6.1995E-06    3.2639E-06    5.9694E+00   -5.8717E+00    2.1054E+01    1.9700E-04
3.9269E+01  3.5599E-03 2.5399E+02    6.1502E-06    3.5787E-06    5.5527E+00   -5.5170E+00    2.0199E+01    1.9700E-04
3.8302E+01  4.0373E-03 2.5213E+02    6.0829E-06    3.8696E-06    5.1019E+00   -5.0997E+00    1.9074E+01    1.9700E-04
3.7352E+01  4.5730E-03 2.4989E+02    6.0069E-06    4.1007E-06    4.6408E+00   -4.6597E+00    1.7783E+01    1.9700E-04
3.6421E+01  5.1733E-03 2.4740E+02    5.9325E-06    4.2749E-06    4.2086E+00   -4.2298E+00    1.6420E+01    1.9700E-04
3.5509E+01  5.8449E-03 2.4474E+02    5.8444E-06    4.4006E-06    3.8218E+00   -3.8394E+00    1.5056E+01    1.9700E-04
3.4617E+01  6.5955E-03 2.4202E+02    5.7552E-06    4.4918E-06    3.4826E+00   -3.4956E+00    1.3742E+01    1.9700E-04
3.3745E+01  7.4330E-03 2.3929E+02    5.6580E-06    4.5508E-06    3.1804E+00   -3.1915E+00    1.2514E+01    1.9700E-04
3.2891E+01  8.3664E-03 2.3662E+02    5.5651E-06    4.5849E-06    2.9072E+00   -2.9181E+00    1.1395E+01    1.9700E-04
3.2056E+01  9.4051E-03 2.3408E+02    5.4691E-06    4.5958E-06    2.6553E+00   -2.6680E+00    1.0398E+01    1.9700E-04
3.1239E+01  1.0559E-02 2.3172E+02    5.3769E-06    4.5790E-06    2.4181E+00   -2.4614E+00    9.5298E+00    1.9700E-04
3.0439E+01  1.1840E-02 2.2956E+02    5.2809E-06    4.5339E-06    2.1939E+00   -2.2219E+00    8.7858E+00    1.9700E-04
2.9655E+01  1.3260E-02 2.2762E+02    5.1868E-06    4.4568E-06    1.9828E+00   -1.9992E+00    8.1540E+00    1.9700E-04
2.8886E+01  1.4831E-02 2.2589E+02    5.0945E-06    4.3569E-06    1.7888E+00   -1.7946E+00    7.6191E+00    1.9700E-04
2.8131E+01  1.6568E-02 2.2434E+02    5.0040E-06    4.2332E-06    1.6128E+00   -1.6089E+00    7.1652E+00    1.9700E-04
2.7390E+01  1.8485E-02 2.2296E+02    4.9151E-06    4.0850E-06    1.4553E+00   -1.4431E+00    6.7771E+00    1.9700E-04
2.6662E+01  2.0597E-02 2.2172E+02    4.8278E-06    3.9154E-06    1.3164E+00   -1.2977E+00    6.4416E+00    1.9700E-04
2.5946E+01  2.2922E-02 2.2059E+02    4.7355E-06    3.7307E-06    1.1957E+00   -1.1717E+00    6.1476E+00    1.9700E-04
2.5243E+01  2.5477E-02 2.1955E+02    4.6476E-06    3.5343E-06    1.0910E+00   -1.0634E+00    5.8861E+00    1.9700E-04
2.4551E+01  2.8281E-02 2.1859E+02    4.5646E-06    3.3358E-06    1.0001E+00   -9.6933E-01    5.6505E+00    1.9700E-04
2.3870E+01  3.1354E-02 2.1768E+02    4.4830E-06    3.1241E-06    9.1758E-01   -8.8590E-01    5.4358E+00    1.9700E-04
2.3201E+01  3.4718E-02 2.1682E+02    4.4015E-06    2.9103E-06    8.4192E-01   -8.0939E-01    5.2387E+00    1.9700E-04
2.2543E+01  3.8394E-02 2.1601E+02    4.3138E-06    2.6992E-06    7.7148E-01   -7.3719E-01    4.9939E+00    1.9700E-04
2.1895E+01  4.2405E-02 2.1524E+02    4.2362E-06    2.4849E-06    7.0380E-01   -6.6935E-01    4.7448E+00    1.9700E-04
2.1258E+01  4.6777E-02 2.1452E+02    4.1599E-06    2.2696E-06    6.3826E-01   -6.0520E-01    4.5206E+00    1.9700E-04
2.0632E+01  5.1534E-02 2.1385E+02    4.0847E-06    2.0554E-06    5.7505E-01   -5.4425E-01    4.3206E+00    1.9700E-04
2.0015E+01  5.6704E-02 2.1324E+02    4.0107E-06    1.8505E-06    5.1547E-01   -4.8497E-01    4.1435E+00    1.9700E-04
1.9408E+01  6.2314E-02 2.1268E+02    3.9380E-06    1.6495E-06    4.5898E-01   -4.2724E-01    3.9876E+00    1.9700E-04
1.8811E+01  6.8392E-02 2.1217E+02    3.8665E-06    1.4477E-06    4.0522E-01   -3.7215E-01    3.8509E+00    1.9700E-04
1.8224E+01  7.4969E-02 2.1171E+02    3.8068E-06    1.2498E-06    3.5538E-01   -3.2061E-01    3.7306E+00    1.9700E-04
1.7646E+01  8.2074E-02 2.1129E+02    3.7490E-06    1.0746E-06    3.1200E-01   -2.7036E-01    3.6234E+00    1.9700E-04
1.7077E+01  8.9740E-02 2.1090E+02    3.6958E-06    9.0359E-07    2.7255E-01   -2.2730E-01    3.5262E+00    1.9700E-04
1.6518E+01  9.7999E-02 2.1053E+02    3.6510E-06    7.4764E-07    2.3804E-01   -1.9210E-01    3.4364E+00    1.9700E-04
1.5967E+01  1.0688E-01 2.1018E+02    3.6128E-06    6.0722E-07    2.0714E-01   -1.3999E-01    3.3515E+00    1.9700E-04
1.5426E+01  1.1642E-01 2.0983E+02    3.5803E-06    4.8474E-07    1.8070E-01   -1.1761E-01    3.2715E+00    1.9700E-04
1.4893E+01  1.2666E-01 2.0952E+02    3.5484E-06    3.8106E-07    1.5868E-01   -1.0280E-01    3.1991E+00    1.9700E-04
1.4369E+01  1.3762E-01 2.0925E+02    3.5247E-06    2.9566E-07    1.4062E-01   -9.4435E-02    3.1392E+00    1.9700E-04
1.3854E+01  1.4934E-01 2.0906E+02    3.5041E-06    2.2349E-07    1.2557E-01   -9.2270E-02    3.0979E+00    1.9700E-04
1.3347E+01  1.6185E-01 2.0899E+02    3.4919E-06    1.6623E-07    1.1362E-01   -9.2692E-02    3.0808E+00    1.9700E-04
1.2848E+01  1.7519E-01 2.0904E+02    3.4820E-06    1.2651E-07    1.0493E-01   -9.0740E-02    3.0931E+00    1.9700E-04
1.2357E+01  1.8940E-01 2.0923E+02    3.4722E-06    1.0040E-07    9.8899E-02   -8.4399E-02    3.1354E+00    1.9700E-04
1.1873E+01  2.0449E-01 2.0957E+02    3.6043E-06    8.1339E-08    9.5355E-02   -8.2194E-02    3.2100E+00    1.9700E-04
1.1396E+01  2.2051E-01 2.0999E+02    4.4876E-06    6.7412E-08    9.6427E-02   -9.5179E-02    3.3083E+00    1.9700E-04
1.0927E+01  2.3749E-01 2.1052E+02    5.1018E-06    5.8914E-08    9.8304E-02   -7.4775E-02    3.4342E+00    1.9700E-04
1.0464E+01  2.5545E-01 2.1109E+02    5.8486E-06    5.3865E-08    9.8970E-02   -8.2545E-04    3.5733E+00    1.9700E-04
1.0007E+01  2.7442E-01 2.1229E+02    6.9134E-06    5.0343E-08    1.0372E-01   -8.8497E-02    3.8822E+00    1.9700E-04
9.5531E+00  2.9443E-01 2.1650E+02    1.2199E-05    4.7414E-08    1.2751E-01   -4.4501E-01    5.1610E+00    1.9700E-04
9.0981E+00  3.1551E-01 2.2085E+02    2.1407E-05    4.4715E-08    1.6532E-01   -8.4044E-01    6.2143E+00    1.9700E-04
8.6427E+00  3.3766E-01 2.2517E+02    3.6639E-05    4.2120E-08    2.1621E-01   -1.2492E+00    7.4065E+00    1.9700E-04
8.1871E+00  3.6092E-01 2.2945E+02    6.1124E-05    3.9676E-08    2.7792E-01   -1.6237E+00    8.7479E+00    1.9700E-04
7.7319E+00  3.8529E-01 2.3366E+02    9.9320E-05    3.7314E-08    3.4519E-01   -1.9150E+00    1.0238E+01    1.9700E-04
7.2775E+00  4.1079E-01 2.3778E+02    1.5705E-04    3.4948E-08    4.1522E-01   -2.1120E+00    1.1870E+01    1.9700E-04
6.8244E+00  4.3742E-01 2.4178E+02    2.4147E-04    3.2755E-08    4.9082E-01   -2.2415E+00    1.3632E+01    1.9700E-04
6.3732E+00  4.6519E-01 2.4564E+02    3.6080E-04    3.0658E-08    5.6800E-01   -2.2924E+00    1.5508E+01    1.9700E-04
5.9244E+00  4.9411E-01 2.4934E+02    5.2386E-04    2.8655E-08    6.3302E-01   -2.2965E+00    1.7474E+01    1.9700E-04
5.4786E+00  5.2416E-01 2.5286E+02    7.3947E-04    2.6689E-08    6.7911E-01   -2.2786E+00    1.9510E+01    1.9700E-04
5.0364E+00  5.5533E-01 2.5619E+02    1.0159E-03    2.4786E-08    7.1225E-01   -2.2611E+00    2.1591E+01    1.9700E-04
4.5983E+00  5.8762E-01 2.5933E+02    1.3604E-03    2.3011E-08    7.3904E-01   -2.2190E+00    2.3698E+01    1.9700E-04
4.1650E+00  6.2101E-01 2.6228E+02    1.7791E-03    2.1368E-08    7.5928E-01   -2.1571E+00    2.5815E+01    1.9700E-04
3.7369E+00  6.5546E-01 2.6506E+02    2.2770E-03    1.9756E-08    7.7014E-01   -2.0918E+00    2.7927E+01    1.9700E-04
3.3144E+00  6.9096E-01 2.6767E+02    2.8577E-03    1.8313E-08    7.7185E-01   -1.9988E+00    3.0025E+01    1.9700E-04
2.8982E+00  7.2745E-01 2.7012E+02    3.5242E-03    1.6961E-08    7.6742E-01   -1.8517E+00    3.2102E+01    1.9700E-04
2.4884E+00  7.6492E-01 2.7243E+02    4.2781E-03    1.5808E-08    7.5983E-01   -1.7028E+00    3.4153E+01    1.9700E-04
2.0855E+00  8.0329E-01 2.7480E+02    5.1937E-03    1.4795E-08    7.5518E-01   -1.6102E+00    3.6356E+01    1.9700E-04
1.6895E+00  8.4253E-01 2.7709E+02    6.0918E-03    1.3876E-08    7.3568E-01   -1.5245E+00    3.8583E+01    1.9700E-04
1.3007E+00  8.8258E-01 2.7929E+02    7.1147E-03    1.3099E-08    7.1989E-01   -1.5170E+00    4.0814E+01    1.9700E-04
9.1950E-01  9.2336E-01 2.8137E+02    8.2268E-03    1.2466E-08    7.0836E-01   -1.5842E+00    4.3016E+01    1.9700E-04
5.4614E-01  9.6481E-01 2.8335E+02    9.3267E-03    1.1952E-08    7.0229E-01   -1.7683E+00    4.5202E+01    1.9700E-04
1.8088E-01  1.0069E+00 2.8524E+02    1.0688E-02    1.1519E-08    7.2299E-01   -2.0220E+00    4.7364E+01    1.9700E-04
0.0000E+00  1.0282E+00 2.8619E+02    1.1370E-02    1.1600E-08    7.9426E+00   -3.5338E+00    4.8475E+01    1.9700E-04
