     ALT          P          T          FH2O           O3           THEAT        TCOOL        PSATCO2        FCO2
7.3108E+01  3.2610E-05 2.1348E+02    4.0285E-06    3.0118E-08    3.5144E+01   -5.2208E+01    4.2124E+00    1.9600E-04
7.2016E+01  3.8505E-05 2.1480E+02    4.3297E-06    3.4736E-08    5.0018E+00   -3.5471E+01    4.6074E+00    1.9600E-04
7.0926E+01  4.5410E-05 2.1618E+02    4.6069E-06    4.1094E-08    1.8579E+00   -2.3474E+01    5.0500E+00    1.9600E-04
6.9837E+01  5.3484E-05 2.1760E+02    4.8684E-06    5.0047E-08    1.5164E+00   -1.5405E+01    5.4182E+00    1.9600E-04
6.8750E+01  6.2916E-05 2.1907E+02    5.0995E-06    6.2773E-08    1.5188E+00   -1.0317E+01    5.7686E+00    1.9600E-04
6.7664E+01  7.3917E-05 2.2058E+02    5.3050E-06    8.0378E-08    1.5786E+00   -7.3366E+00    6.1453E+00    1.9600E-04
6.6580E+01  8.6733E-05 2.2212E+02    5.4868E-06    1.0375E-07    1.6721E+00   -5.6902E+00    6.5475E+00    1.9600E-04
6.5497E+01  1.0164E-04 2.2367E+02    5.6550E-06    1.3232E-07    1.7960E+00   -4.8383E+00    6.9742E+00    1.9600E-04
6.4416E+01  1.1896E-04 2.2523E+02    5.8065E-06    1.6447E-07    1.9498E+00   -4.4293E+00    7.4245E+00    1.9600E-04
6.3336E+01  1.3906E-04 2.2680E+02    5.9395E-06    1.9810E-07    2.1144E+00   -4.2540E+00    7.8972E+00    1.9600E-04
6.2258E+01  1.6235E-04 2.2836E+02    6.0591E-06    2.3370E-07    2.2910E+00   -4.1985E+00    8.3916E+00    1.9600E-04
6.1182E+01  1.8930E-04 2.2992E+02    6.1667E-06    2.7248E-07    2.4847E+00   -4.2015E+00    8.9066E+00    1.9600E-04
6.0107E+01  2.2045E-04 2.3147E+02    6.2713E-06    3.1482E-07    2.6971E+00   -4.2369E+00    9.4418E+00    1.9600E-04
5.9035E+01  2.5640E-04 2.3301E+02    6.3571E-06    3.6209E-07    2.9328E+00   -4.2862E+00    9.9969E+00    1.9600E-04
5.7965E+01  2.9783E-04 2.3454E+02    6.4327E-06    4.1558E-07    3.1955E+00   -4.3478E+00    1.0572E+01    1.9600E-04
5.6897E+01  3.4553E-04 2.3606E+02    6.5081E-06    4.7523E-07    3.4817E+00   -4.4223E+00    1.1167E+01    1.9600E-04
5.5832E+01  4.0036E-04 2.3757E+02    6.5750E-06    5.4156E-07    3.7882E+00   -4.5049E+00    1.1782E+01    1.9600E-04
5.4770E+01  4.6330E-04 2.3907E+02    6.6288E-06    6.1452E-07    4.1089E+00   -4.5926E+00    1.2419E+01    1.9600E-04
5.3711E+01  5.3546E-04 2.4056E+02    6.6816E-06    6.9603E-07    4.4430E+00   -4.6867E+00    1.3077E+01    1.9600E-04
5.2654E+01  6.1809E-04 2.4205E+02    6.7338E-06    7.8438E-07    4.7742E+00   -4.7824E+00    1.3756E+01    1.9600E-04
5.1601E+01  7.1256E-04 2.4353E+02    6.7759E-06    8.8255E-07    5.1028E+00   -4.8741E+00    1.4458E+01    1.9600E-04
5.0552E+01  8.2044E-04 2.4500E+02    6.8079E-06    9.9398E-07    5.4280E+00   -4.9597E+00    1.5183E+01    1.9600E-04
4.9505E+01  9.4346E-04 2.4647E+02    6.8398E-06    1.1190E-06    5.7329E+00   -5.0386E+00    1.5931E+01    1.9600E-04
4.8463E+01  1.0836E-03 2.4793E+02    6.8657E-06    1.2554E-06    6.0016E+00   -5.1371E+00    1.6703E+01    1.9600E-04
4.7424E+01  1.2429E-03 2.4938E+02    6.8965E-06    1.4117E-06    6.2423E+00   -5.2513E+00    1.7498E+01    1.9600E-04
4.6389E+01  1.4239E-03 2.5083E+02    6.9072E-06    1.5946E-06    6.4480E+00   -5.3777E+00    1.8319E+01    1.9600E-04
4.5358E+01  1.6292E-03 2.5228E+02    6.9200E-06    1.7981E-06    6.5804E+00   -5.5756E+00    1.9164E+01    1.9600E-04
4.4330E+01  1.8617E-03 2.5381E+02    6.9200E-06    2.0220E-06    6.6266E+00   -5.8518E+00    2.0089E+01    1.9600E-04
4.3308E+01  2.1247E-03 2.5512E+02    6.9111E-06    2.2848E-06    6.6112E+00   -6.0880E+00    2.0904E+01    1.9600E-04
4.2291E+01  2.4218E-03 2.5585E+02    6.8908E-06    2.5776E-06    6.4995E+00   -6.1782E+00    2.1370E+01    1.9600E-04
4.1283E+01  2.7570E-03 2.5586E+02    6.8613E-06    2.8988E-06    6.2861E+00   -6.0982E+00    2.1380E+01    1.9600E-04
4.0286E+01  3.1347E-03 2.5517E+02    6.8221E-06    3.2377E-06    5.9736E+00   -5.8678E+00    2.0935E+01    1.9600E-04
3.9303E+01  3.5595E-03 2.5384E+02    6.7731E-06    3.5618E-06    5.5679E+00   -5.5231E+00    2.0106E+01    1.9600E-04
3.8337E+01  4.0369E-03 2.5200E+02    6.7151E-06    3.8456E-06    5.1093E+00   -5.1096E+00    1.8999E+01    1.9600E-04
3.7388E+01  4.5725E-03 2.4978E+02    6.6409E-06    4.0796E-06    4.6487E+00   -4.6724E+00    1.7723E+01    1.9600E-04
3.6457E+01  5.1727E-03 2.4730E+02    6.5606E-06    4.2626E-06    4.2204E+00   -4.2444E+00    1.6371E+01    1.9600E-04
3.5546E+01  5.8443E-03 2.4466E+02    6.4795E-06    4.3945E-06    3.8344E+00   -3.8553E+00    1.5015E+01    1.9600E-04
3.4655E+01  6.5947E-03 2.4194E+02    6.3903E-06    4.4877E-06    3.4934E+00   -3.5114E+00    1.3708E+01    1.9600E-04
3.3782E+01  7.4322E-03 2.3923E+02    6.2937E-06    4.5481E-06    3.1898E+00   -3.2073E+00    1.2487E+01    1.9600E-04
3.2929E+01  8.3654E-03 2.3658E+02    6.2013E-06    4.5864E-06    2.9168E+00   -2.9345E+00    1.1375E+01    1.9600E-04
3.2095E+01  9.4040E-03 2.3405E+02    6.1111E-06    4.6000E-06    2.6646E+00   -2.6853E+00    1.0385E+01    1.9600E-04
3.1278E+01  1.0558E-02 2.3170E+02    6.0132E-06    4.5811E-06    2.4256E+00   -2.4780E+00    9.5244E+00    1.9600E-04
3.0478E+01  1.1839E-02 2.2957E+02    5.9171E-06    4.5381E-06    2.2013E+00   -2.2392E+00    8.7881E+00    1.9600E-04
2.9694E+01  1.3259E-02 2.2765E+02    5.8230E-06    4.4630E-06    1.9901E+00   -2.0174E+00    8.1643E+00    1.9600E-04
2.8925E+01  1.4830E-02 2.2595E+02    5.7307E-06    4.3641E-06    1.7958E+00   -1.8138E+00    7.6374E+00    1.9600E-04
2.8170E+01  1.6566E-02 2.2443E+02    5.6402E-06    4.2435E-06    1.6198E+00   -1.6291E+00    7.1915E+00    1.9600E-04
2.7428E+01  1.8482E-02 2.2309E+02    5.5512E-06    4.0886E-06    1.4601E+00   -1.4643E+00    6.8116E+00    1.9600E-04
2.6700E+01  2.0594E-02 2.2188E+02    5.4638E-06    3.9175E-06    1.3205E+00   -1.3200E+00    6.4844E+00    1.9600E-04
2.5984E+01  2.2919E-02 2.2079E+02    5.3724E-06    3.7344E-06    1.1998E+00   -1.1953E+00    6.1988E+00    1.9600E-04
2.5280E+01  2.5473E-02 2.1979E+02    5.2834E-06    3.5378E-06    1.0947E+00   -1.0883E+00    5.9457E+00    1.9600E-04
2.4587E+01  2.8277E-02 2.1887E+02    5.2002E-06    3.3300E-06    1.0021E+00   -9.9599E-01    5.7184E+00    1.9600E-04
2.3906E+01  3.1350E-02 2.1800E+02    5.1185E-06    3.1256E-06    9.2075E-01   -9.1376E-01    5.5119E+00    1.9600E-04
2.3236E+01  3.4713E-02 2.1719E+02    5.0281E-06    2.9145E-06    8.4543E-01   -8.3818E-01    5.3226E+00    1.9600E-04
2.2577E+01  3.8388E-02 2.1642E+02    4.9489E-06    2.6929E-06    7.7334E-01   -7.6844E-01    5.1320E+00    1.9600E-04
2.1928E+01  4.2399E-02 2.1570E+02    4.8711E-06    2.4786E-06    7.0553E-01   -7.0226E-01    4.8911E+00    1.9600E-04
2.1290E+01  4.6770E-02 2.1502E+02    4.7853E-06    2.2625E-06    6.4000E-01   -6.3919E-01    4.6748E+00    1.9600E-04
2.0662E+01  5.1526E-02 2.1440E+02    4.7091E-06    2.0583E-06    5.7821E-01   -5.7850E-01    4.4821E+00    1.9600E-04
2.0043E+01  5.6695E-02 2.1382E+02    4.6349E-06    1.8473E-06    5.1766E-01   -5.2106E-01    4.3120E+00    1.9600E-04
1.9435E+01  6.2304E-02 2.1331E+02    4.5620E-06    1.6405E-06    4.6013E-01   -4.6566E-01    4.1634E+00    1.9600E-04
1.8837E+01  6.8381E-02 2.1285E+02    4.4902E-06    1.4376E-06    4.0622E-01   -4.1225E-01    4.0346E+00    1.9600E-04
1.8247E+01  7.4957E-02 2.1244E+02    4.4296E-06    1.2487E-06    3.5765E-01   -3.6027E-01    3.9226E+00    1.9600E-04
1.7668E+01  8.2061E-02 2.1207E+02    4.3716E-06    1.0727E-06    3.1418E-01   -3.1081E-01    3.8240E+00    1.9600E-04
1.7097E+01  8.9726E-02 2.1173E+02    4.3145E-06    9.0093E-07    2.7455E-01   -2.6817E-01    3.7351E+00    1.9600E-04
1.6535E+01  9.7983E-02 2.1141E+02    4.2626E-06    7.4548E-07    2.4004E-01   -2.3244E-01    3.6531E+00    1.9600E-04
1.5982E+01  1.0686E-01 2.1110E+02    4.2238E-06    6.0549E-07    2.0915E-01   -1.8062E-01    3.5750E+00    1.9600E-04
1.5438E+01  1.1640E-01 2.1080E+02    4.1912E-06    4.8337E-07    1.8268E-01   -1.5674E-01    3.5004E+00    1.9600E-04
1.4903E+01  1.2664E-01 2.1052E+02    4.1591E-06    3.7978E-07    1.6066E-01   -1.4027E-01    3.4320E+00    1.9600E-04
1.4377E+01  1.3759E-01 2.1028E+02    4.1350E-06    2.9465E-07    1.4262E-01   -1.3000E-01    3.3747E+00    1.9600E-04
1.3859E+01  1.4931E-01 2.1011E+02    4.1143E-06    2.2298E-07    1.2762E-01   -1.2569E-01    3.3347E+00    1.9600E-04
1.3350E+01  1.6182E-01 2.1004E+02    4.1020E-06    1.6547E-07    1.1561E-01   -1.2439E-01    3.3181E+00    1.9600E-04
1.2849E+01  1.7516E-01 2.1009E+02    4.0920E-06    1.2548E-07    1.0687E-01   -1.2093E-01    3.3300E+00    1.9600E-04
1.2355E+01  1.8936E-01 2.1028E+02    4.0821E-06    9.9583E-08    1.0085E-01   -1.1458E-01    3.3755E+00    1.9600E-04
1.1869E+01  2.0446E-01 2.1058E+02    4.2166E-06    8.0697E-08    9.7134E-02   -1.0865E-01    3.4482E+00    1.9600E-04
1.1390E+01  2.2047E-01 2.1100E+02    4.7462E-06    6.6873E-08    9.6423E-02   -1.0975E-01    3.5506E+00    1.9600E-04
1.0918E+01  2.3745E-01 2.1153E+02    5.6994E-06    5.8460E-08    9.8571E-02   -1.0594E-01    3.6840E+00    1.9600E-04
1.0454E+01  2.5540E-01 2.1209E+02    6.7082E-06    5.3449E-08    1.0146E-01   -4.4264E-02    3.8304E+00    1.9600E-04
9.9953E+00  2.7437E-01 2.1285E+02    7.4609E-06    4.9994E-08    1.0429E-01   -6.5332E-02    4.0346E+00    1.9600E-04
9.5409E+00  2.9438E-01 2.1620E+02    1.1722E-05    4.7124E-08    1.2269E-01   -3.4685E-01    5.0574E+00    1.9600E-04
9.0867E+00  3.1545E-01 2.2054E+02    2.0591E-05    4.4467E-08    1.5839E-01   -7.4914E-01    6.1347E+00    1.9600E-04
8.6320E+00  3.3760E-01 2.2486E+02    3.5278E-05    4.1948E-08    2.0800E-01   -1.1670E+00    7.3144E+00    1.9600E-04
8.1771E+00  3.6085E-01 2.2913E+02    5.8919E-05    3.9511E-08    2.6902E-01   -1.5564E+00    8.6428E+00    1.9600E-04
7.7226E+00  3.8521E-01 2.3334E+02    9.5855E-05    3.7160E-08    3.3629E-01   -1.8648E+00    1.0119E+01    1.9600E-04
7.2690E+00  4.1071E-01 2.3746E+02    1.5178E-04    3.4893E-08    4.0660E-01   -2.0759E+00    1.1738E+01    1.9600E-04
6.8166E+00  4.3733E-01 2.4147E+02    2.3373E-04    3.2711E-08    4.8232E-01   -2.2160E+00    1.3489E+01    1.9600E-04
6.3660E+00  4.6510E-01 2.4534E+02    3.4983E-04    3.0619E-08    5.6008E-01   -2.2755E+00    1.5353E+01    1.9600E-04
5.9178E+00  4.9401E-01 2.4904E+02    5.0887E-04    2.8621E-08    6.2650E-01   -2.2837E+00    1.7310E+01    1.9600E-04
5.4727E+00  5.2405E-01 2.5257E+02    7.1965E-04    2.6658E-08    6.7404E-01   -2.2689E+00    1.9339E+01    1.9600E-04
5.0311E+00  5.5522E-01 2.5592E+02    9.9047E-04    2.4805E-08    7.0805E-01   -2.2530E+00    2.1415E+01    1.9600E-04
4.5936E+00  5.8751E-01 2.5907E+02    1.3287E-03    2.3056E-08    7.3543E-01   -2.2142E+00    2.3518E+01    1.9600E-04
4.1607E+00  6.2088E-01 2.6204E+02    1.7406E-03    2.1368E-08    7.5638E-01   -2.1539E+00    2.5632E+01    1.9600E-04
3.7331E+00  6.5533E-01 2.6483E+02    2.2312E-03    1.9840E-08    7.6811E-01   -2.0901E+00    2.7744E+01    1.9600E-04
3.3112E+00  6.9082E-01 2.6745E+02    2.8043E-03    1.8400E-08    7.7054E-01   -2.0010E+00    2.9842E+01    1.9600E-04
2.8953E+00  7.2731E-01 2.6991E+02    3.4627E-03    1.7050E-08    7.6664E-01   -1.8593E+00    3.1919E+01    1.9600E-04
2.4860E+00  7.6476E-01 2.7223E+02    4.2083E-03    1.5901E-08    7.5946E-01   -1.7090E+00    3.3970E+01    1.9600E-04
2.0835E+00  8.0313E-01 2.7458E+02    5.1100E-03    1.4889E-08    7.5493E-01   -1.6112E+00    3.6149E+01    1.9600E-04
1.6879E+00  8.4236E-01 2.7688E+02    6.0114E-03    1.3972E-08    7.3682E-01   -1.5267E+00    3.8375E+01    1.9600E-04
1.2995E+00  8.8240E-01 2.7908E+02    7.0083E-03    1.3196E-08    7.1993E-01   -1.5119E+00    4.0603E+01    1.9600E-04
9.1864E-01  9.2317E-01 2.8117E+02    8.1244E-03    1.2564E-08    7.0921E-01   -1.5779E+00    4.2805E+01    1.9600E-04
5.4563E-01  9.6461E-01 2.8316E+02    9.1906E-03    1.2009E-08    7.0157E-01   -1.7535E+00    4.4985E+01    1.9600E-04
1.8072E-01  1.0066E+00 2.8506E+02    1.0557E-02    1.1506E-08    7.2315E-01   -2.0101E+00    4.7148E+01    1.9600E-04
0.0000E+00  1.0280E+00 2.8601E+02    1.1241E-02    1.1600E-08    7.9497E+00   -3.5485E+00    4.8257E+01    1.9600E-04
