     ALT          P          T          FH2O           O3           THEAT        TCOOL        PSATCO2        FCO2
7.3103E+01  3.2610E-05 2.1427E+02    3.3226E-06    3.2570E-08    3.5247E+01   -5.3169E+01    4.4457E+00    1.9800E-04
7.2006E+01  3.8506E-05 2.1560E+02    3.5705E-06    3.7317E-08    4.9465E+00   -3.5756E+01    4.8590E+00    1.9800E-04
7.0911E+01  4.5411E-05 2.1697E+02    3.8116E-06    4.3977E-08    1.8504E+00   -2.3366E+01    5.2725E+00    1.9800E-04
6.9818E+01  5.3486E-05 2.1839E+02    4.0231E-06    5.3356E-08    1.5221E+00   -1.5064E+01    5.6043E+00    1.9800E-04
6.8727E+01  6.2918E-05 2.1986E+02    4.2192E-06    6.6636E-08    1.5280E+00   -9.8971E+00    5.9632E+00    1.9800E-04
6.7637E+01  7.3920E-05 2.2137E+02    4.3936E-06    8.5101E-08    1.5914E+00   -6.8966E+00    6.3488E+00    1.9800E-04
6.6548E+01  8.6737E-05 2.2290E+02    4.5531E-06    1.0953E-07    1.6899E+00   -5.2696E+00    6.7602E+00    1.9800E-04
6.5461E+01  1.0165E-04 2.2445E+02    4.6889E-06    1.3956E-07    1.8211E+00   -4.4451E+00    7.1964E+00    1.9800E-04
6.4375E+01  1.1897E-04 2.2601E+02    4.8193E-06    1.7404E-07    1.9870E+00   -4.0729E+00    7.6562E+00    1.9800E-04
6.3291E+01  1.3907E-04 2.2757E+02    4.9296E-06    2.0984E-07    2.1634E+00   -3.9342E+00    8.1387E+00    1.9800E-04
6.2209E+01  1.6237E-04 2.2913E+02    5.0362E-06    2.4774E-07    2.3516E+00   -3.9182E+00    8.6428E+00    1.9800E-04
6.1129E+01  1.8932E-04 2.3068E+02    5.1227E-06    2.8722E-07    2.5496E+00   -3.9576E+00    9.1675E+00    1.9800E-04
6.0050E+01  2.2047E-04 2.3223E+02    5.2090E-06    3.3129E-07    2.7704E+00   -4.0315E+00    9.7125E+00    1.9800E-04
5.8974E+01  2.5643E-04 2.3376E+02    5.2789E-06    3.8093E-07    3.0172E+00   -4.1210E+00    1.0277E+01    1.9800E-04
5.7900E+01  2.9787E-04 2.3529E+02    5.3433E-06    4.3610E-07    3.2880E+00   -4.2248E+00    1.0862E+01    1.9800E-04
5.6829E+01  3.4557E-04 2.3680E+02    5.4077E-06    4.9859E-07    3.5862E+00   -4.3414E+00    1.1467E+01    1.9800E-04
5.5760E+01  4.0041E-04 2.3831E+02    5.4612E-06    5.6700E-07    3.9003E+00   -4.4639E+00    1.2092E+01    1.9800E-04
5.4694E+01  4.6336E-04 2.3980E+02    5.5139E-06    6.4217E-07    4.2270E+00   -4.5925E+00    1.2738E+01    1.9800E-04
5.3631E+01  5.3554E-04 2.4129E+02    5.5564E-06    7.2487E-07    4.5614E+00   -4.7211E+00    1.3406E+01    1.9800E-04
5.2571E+01  6.1818E-04 2.4277E+02    5.5944E-06    8.1652E-07    4.8989E+00   -4.8474E+00    1.4097E+01    1.9800E-04
5.1514E+01  7.1267E-04 2.4425E+02    5.6255E-06    9.1740E-07    5.2288E+00   -4.9667E+00    1.4809E+01    1.9800E-04
5.0461E+01  8.2058E-04 2.4572E+02    5.6566E-06    1.0304E-06    5.5470E+00   -5.0769E+00    1.5546E+01    1.9800E-04
4.9411E+01  9.4363E-04 2.4718E+02    5.6876E-06    1.1555E-06    5.8393E+00   -5.1748E+00    1.6305E+01    1.9800E-04
4.8365E+01  1.0838E-03 2.4864E+02    5.7086E-06    1.2996E-06    6.1165E+00   -5.2895E+00    1.7089E+01    1.9800E-04
4.7323E+01  1.2431E-03 2.5009E+02    5.7194E-06    1.4551E-06    6.3366E+00   -5.4105E+00    1.7897E+01    1.9800E-04
4.6284E+01  1.4242E-03 2.5154E+02    5.7300E-06    1.6418E-06    6.5327E+00   -5.5452E+00    1.8730E+01    1.9800E-04
4.5250E+01  1.6295E-03 2.5300E+02    5.7300E-06    1.8494E-06    6.6545E+00   -5.7498E+00    1.9597E+01    1.9800E-04
4.4220E+01  1.8621E-03 2.5450E+02    5.7285E-06    2.0775E-06    6.6864E+00   -6.0080E+00    2.0518E+01    1.9800E-04
4.3194E+01  2.1251E-03 2.5571E+02    5.7180E-06    2.3376E-06    6.6426E+00   -6.2010E+00    2.1280E+01    1.9800E-04
4.2174E+01  2.4224E-03 2.5630E+02    5.6876E-06    2.6354E-06    6.5195E+00   -6.2456E+00    2.1666E+01    1.9800E-04
4.1164E+01  2.7576E-03 2.5619E+02    5.6548E-06    2.9635E-06    6.2987E+00   -6.1293E+00    2.1593E+01    1.9800E-04
4.0166E+01  3.1354E-03 2.5539E+02    5.6123E-06    3.3005E-06    5.9700E+00   -5.8711E+00    2.1074E+01    1.9800E-04
3.9182E+01  3.5604E-03 2.5397E+02    5.5532E-06    3.6232E-06    5.5554E+00   -5.5077E+00    2.0187E+01    1.9800E-04
3.8215E+01  4.0379E-03 2.5206E+02    5.4836E-06    3.9004E-06    5.0908E+00   -5.0817E+00    1.9036E+01    1.9800E-04
3.7265E+01  4.5737E-03 2.4979E+02    5.4077E-06    4.1357E-06    4.6341E+00   -4.6392E+00    1.7727E+01    1.9800E-04
3.6335E+01  5.1741E-03 2.4727E+02    5.3333E-06    4.3034E-06    4.2007E+00   -4.2075E+00    1.6351E+01    1.9800E-04
3.5423E+01  5.8458E-03 2.4458E+02    5.2430E-06    4.4343E-06    3.8191E+00   -3.8170E+00    1.4975E+01    1.9800E-04
3.4532E+01  6.5965E-03 2.4182E+02    5.1486E-06    4.5208E-06    3.4791E+00   -3.4716E+00    1.3651E+01    1.9800E-04
3.3660E+01  7.4342E-03 2.3906E+02    5.0540E-06    4.5779E-06    3.1772E+00   -3.1662E+00    1.2414E+01    1.9800E-04
3.2807E+01  8.3678E-03 2.3635E+02    4.9518E-06    4.6194E-06    2.9075E+00   -2.8906E+00    1.1285E+01    1.9800E-04
3.1973E+01  9.4067E-03 2.3376E+02    4.8617E-06    4.6300E-06    2.6556E+00   -2.6380E+00    1.0277E+01    1.9800E-04
3.1157E+01  1.0561E-02 2.3135E+02    4.7639E-06    4.6147E-06    2.4185E+00   -2.4289E+00    9.3976E+00    1.9800E-04
3.0358E+01  1.1843E-02 2.2913E+02    4.6682E-06    4.5655E-06    2.1929E+00   -2.1860E+00    8.6416E+00    1.9800E-04
2.9575E+01  1.3263E-02 2.2712E+02    4.5743E-06    4.4943E-06    1.9833E+00   -1.9600E+00    7.9973E+00    1.9800E-04
2.8808E+01  1.4834E-02 2.2532E+02    4.4825E-06    4.3929E-06    1.7888E+00   -1.7519E+00    7.4496E+00    1.9800E-04
2.8055E+01  1.6571E-02 2.2370E+02    4.3922E-06    4.2682E-06    1.6128E+00   -1.5628E+00    6.9827E+00    1.9800E-04
2.7316E+01  1.8488E-02 2.2224E+02    4.3037E-06    4.1262E-06    1.4568E+00   -1.3936E+00    6.5817E+00    1.9800E-04
2.6590E+01  2.0601E-02 2.2092E+02    4.2167E-06    3.9532E-06    1.3174E+00   -1.2447E+00    6.2335E+00    1.9800E-04
2.5877E+01  2.2926E-02 2.1972E+02    4.1314E-06    3.7663E-06    1.1965E+00   -1.1157E+00    5.9272E+00    1.9800E-04
2.5176E+01  2.5482E-02 2.1860E+02    4.0375E-06    3.5684E-06    1.0916E+00   -1.0042E+00    5.6543E+00    1.9800E-04
2.4487E+01  2.8287E-02 2.1756E+02    3.9550E-06    3.3619E-06    9.9956E-01   -9.0791E-01    5.4084E+00    1.9800E-04
2.3810E+01  3.1361E-02 2.1658E+02    3.8740E-06    3.1505E-06    9.1727E-01   -8.2252E-01    5.1848E+00    1.9800E-04
2.3144E+01  3.4725E-02 2.1566E+02    3.7942E-06    2.9346E-06    8.4155E-01   -7.4471E-01    4.8787E+00    1.9800E-04
2.2489E+01  3.8402E-02 2.1479E+02    3.7158E-06    2.7181E-06    7.7058E-01   -6.7216E-01    4.6023E+00    1.9800E-04
2.1846E+01  4.2414E-02 2.1397E+02    3.6388E-06    2.5045E-06    7.0309E-01   -6.0370E-01    4.3547E+00    1.9800E-04
2.1212E+01  4.6787E-02 2.1321E+02    3.5631E-06    2.2799E-06    6.3639E-01   -5.4013E-01    4.1341E+00    1.9800E-04
2.0589E+01  5.1546E-02 2.1250E+02    3.4885E-06    2.0677E-06    5.7357E-01   -4.7924E-01    3.9390E+00    1.9800E-04
1.9977E+01  5.6717E-02 2.1186E+02    3.4152E-06    1.8598E-06    5.1373E-01   -4.2087E-01    3.7679E+00    1.9800E-04
1.9374E+01  6.2328E-02 2.1127E+02    3.3509E-06    1.6558E-06    4.5704E-01   -3.6484E-01    3.6186E+00    1.9800E-04
1.8781E+01  6.8408E-02 2.1075E+02    3.2822E-06    1.4559E-06    4.0367E-01   -3.1079E-01    3.4888E+00    1.9800E-04
1.8197E+01  7.4986E-02 2.1028E+02    3.2236E-06    1.2584E-06    3.5396E-01   -2.6081E-01    3.3757E+00    1.9800E-04
1.7623E+01  8.2094E-02 2.0985E+02    3.1690E-06    1.0764E-06    3.0972E-01   -2.1422E-01    3.2761E+00    1.9800E-04
1.7058E+01  8.9762E-02 2.0947E+02    3.1240E-06    9.0725E-07    2.7059E-01   -1.7380E-01    3.1872E+00    1.9800E-04
1.6502E+01  9.8022E-02 2.0910E+02    3.0796E-06    7.5080E-07    2.3610E-01   -1.4147E-01    3.1064E+00    1.9800E-04
1.5955E+01  1.0691E-01 2.0876E+02    3.0360E-06    6.1038E-07    2.0520E-01   -9.0225E-02    3.0312E+00    1.9800E-04
1.5417E+01  1.1645E-01 2.0843E+02    2.9998E-06    4.8740E-07    1.7872E-01   -7.1555E-02    2.9614E+00    1.9800E-04
1.4888E+01  1.2669E-01 2.0814E+02    2.9754E-06    3.8339E-07    1.5675E-01   -6.0801E-02    2.8999E+00    1.9800E-04
1.4367E+01  1.3765E-01 2.0790E+02    2.9546E-06    2.9767E-07    1.3871E-01   -5.5991E-02    2.8513E+00    1.9800E-04
1.3855E+01  1.4938E-01 2.0775E+02    2.9342E-06    2.2580E-07    1.2373E-01   -5.6308E-02    2.8203E+00    1.9800E-04
1.3351E+01  1.6189E-01 2.0772E+02    2.9220E-06    1.6713E-07    1.1162E-01   -6.0264E-02    2.8141E+00    1.9800E-04
1.2855E+01  1.7524E-01 2.0782E+02    2.9121E-06    1.2713E-07    1.0293E-01   -6.0179E-02    2.8349E+00    1.9800E-04
1.2367E+01  1.8945E-01 2.0806E+02    2.9176E-06    1.0135E-07    9.7260E-02   -5.6212E-02    2.8837E+00    1.9800E-04
1.1885E+01  2.0455E-01 2.0845E+02    3.4959E-06    8.2294E-08    9.5906E-02   -7.0705E-02    2.9648E+00    1.9800E-04
1.1411E+01  2.2057E-01 2.0896E+02    4.0367E-06    6.8203E-08    9.5530E-02   -6.5981E-02    3.0738E+00    1.9800E-04
1.0944E+01  2.3755E-01 2.0949E+02    4.6514E-06    5.9443E-08    9.6265E-02   -2.4907E-02    3.1935E+00    1.9800E-04
1.0483E+01  2.5552E-01 2.1031E+02    5.2367E-06    5.4259E-08    9.7802E-02   -6.5505E-03    3.3836E+00    1.9800E-04
1.0026E+01  2.7450E-01 2.1263E+02    7.2353E-06    5.0649E-08    1.0750E-01   -1.7907E-01    3.9734E+00    1.9800E-04
9.5712E+00  2.9452E-01 2.1700E+02    1.3006E-05    4.7641E-08    1.3440E-01   -5.4838E-01    5.2791E+00    1.9800E-04
9.1151E+00  3.1559E-01 2.2135E+02    2.2797E-05    4.4931E-08    1.7442E-01   -9.4403E-01    6.3454E+00    1.9800E-04
8.6585E+00  3.3776E-01 2.2568E+02    3.8951E-05    4.2303E-08    2.2696E-01   -1.3434E+00    7.5577E+00    1.9800E-04
8.2019E+00  3.6102E-01 2.2996E+02    6.4856E-05    3.9767E-08    2.8961E-01   -1.7019E+00    8.9201E+00    1.9800E-04
7.7455E+00  3.8540E-01 2.3417E+02    1.0516E-04    3.7400E-08    3.5703E-01   -1.9743E+00    1.0431E+01    1.9800E-04
7.2900E+00  4.1090E-01 2.3829E+02    1.6589E-04    3.5022E-08    4.2713E-01   -2.1565E+00    1.2084E+01    1.9800E-04
6.8359E+00  4.3754E-01 2.4228E+02    2.5438E-04    3.2817E-08    5.0304E-01   -2.2739E+00    1.3866E+01    1.9800E-04
6.3836E+00  4.6533E-01 2.4613E+02    3.7901E-04    3.0639E-08    5.7949E-01   -2.3144E+00    1.5758E+01    1.9800E-04
5.9338E+00  4.9425E-01 2.4981E+02    5.4865E-04    2.8603E-08    6.4243E-01   -2.3140E+00    1.7738E+01    1.9800E-04
5.4871E+00  5.2431E-01 2.5331E+02    7.7210E-04    2.6633E-08    6.8644E-01   -2.2920E+00    1.9785E+01    1.9800E-04
5.0440E+00  5.5550E-01 2.5662E+02    1.0575E-03    2.4724E-08    7.1841E-01   -2.2721E+00    2.1874E+01    1.9800E-04
4.6052E+00  5.8780E-01 2.5974E+02    1.4120E-03    2.2911E-08    7.4437E-01   -2.2254E+00    2.3986E+01    1.9800E-04
4.1711E+00  6.2119E-01 2.6268E+02    1.8417E-03    2.1212E-08    7.6349E-01   -2.1617E+00    2.6105E+01    1.9800E-04
3.7422E+00  6.5566E-01 2.6543E+02    2.3511E-03    1.9678E-08    7.7306E-01   -2.0938E+00    2.8219E+01    1.9800E-04
3.3191E+00  6.9116E-01 2.6802E+02    2.9442E-03    1.8231E-08    7.7368E-01   -1.9950E+00    3.0317E+01    1.9800E-04
2.9022E+00  7.2768E-01 2.7046E+02    3.6233E-03    1.6875E-08    7.6847E-01   -1.8407E+00    3.2393E+01    1.9800E-04
2.4918E+00  7.6515E-01 2.7275E+02    4.3904E-03    1.5665E-08    7.6017E-01   -1.6924E+00    3.4442E+01    1.9800E-04
2.0883E+00  8.0354E-01 2.7513E+02    5.3198E-03    1.4603E-08    7.5453E-01   -1.6048E+00    3.6669E+01    1.9800E-04
1.6917E+00  8.4279E-01 2.7741E+02    6.2130E-03    1.3693E-08    7.3319E-01   -1.5195E+00    3.8898E+01    1.9800E-04
1.3024E+00  8.8285E-01 2.7959E+02    7.2743E-03    1.2993E-08    7.1916E-01   -1.5239E+00    4.1132E+01    1.9800E-04
9.2070E-01  9.2365E-01 2.8166E+02    8.3805E-03    1.2368E-08    7.0666E-01   -1.5934E+00    4.3335E+01    1.9800E-04
5.4684E-01  9.6511E-01 2.8364E+02    9.5301E-03    1.1853E-08    7.0295E-01   -1.7900E+00    4.5527E+01    1.9800E-04
1.8111E-01  1.0072E+00 2.8552E+02    1.0884E-02    1.1420E-08    7.2246E-01   -2.0394E+00    4.7689E+01    1.9800E-04
0.0000E+00  1.0286E+00 2.8647E+02    1.1563E-02    1.1500E-08    7.9316E+00   -3.5118E+00    4.8801E+01    1.9800E-04
