     ALT          P          T          FH2O           O3           THEAT        TCOOL        PSATCO2        FCO2
7.3092E+01  3.2610E-05 2.1341E+02    4.0862E-06    3.0050E-08    3.5144E+01   -5.2161E+01    4.1918E+00    1.9600E-04
7.2000E+01  3.8505E-05 2.1473E+02    4.3939E-06    3.4616E-08    5.0035E+00   -3.5462E+01    4.5851E+00    1.9600E-04
7.0910E+01  4.5410E-05 2.1610E+02    4.6707E-06    4.0964E-08    1.8588E+00   -2.3499E+01    5.0259E+00    1.9600E-04
6.9822E+01  5.3484E-05 2.1753E+02    4.9320E-06    4.9890E-08    1.5169E+00   -1.5421E+01    5.4015E+00    1.9600E-04
6.8735E+01  6.2916E-05 2.1900E+02    5.1625E-06    6.2576E-08    1.5191E+00   -1.0346E+01    5.7512E+00    1.9600E-04
6.7650E+01  7.3917E-05 2.2051E+02    5.3775E-06    8.0227E-08    1.5792E+00   -7.3640E+00    6.1271E+00    1.9600E-04
6.6566E+01  8.6733E-05 2.2205E+02    5.5589E-06    1.0334E-07    1.6716E+00   -5.7178E+00    6.5284E+00    1.9600E-04
6.5484E+01  1.0164E-04 2.2360E+02    5.7321E-06    1.3221E-07    1.7968E+00   -4.8648E+00    6.9543E+00    1.9600E-04
6.4403E+01  1.1896E-04 2.2516E+02    5.8814E-06    1.6420E-07    1.9499E+00   -4.4532E+00    7.4037E+00    1.9600E-04
6.3324E+01  1.3906E-04 2.2673E+02    6.0209E-06    1.9750E-07    2.1128E+00   -4.2776E+00    7.8755E+00    1.9600E-04
6.2246E+01  1.6235E-04 2.2829E+02    6.1402E-06    2.3308E-07    2.2891E+00   -4.2190E+00    8.3689E+00    1.9600E-04
6.1170E+01  1.8930E-04 2.2985E+02    6.2478E-06    2.7175E-07    2.4820E+00   -4.2182E+00    8.8831E+00    1.9600E-04
6.0096E+01  2.2045E-04 2.3140E+02    6.3522E-06    3.1355E-07    2.6919E+00   -4.2499E+00    9.4173E+00    1.9600E-04
5.9024E+01  2.5640E-04 2.3294E+02    6.4379E-06    3.6114E-07    2.9289E+00   -4.2964E+00    9.9715E+00    1.9600E-04
5.7955E+01  2.9783E-04 2.3447E+02    6.5176E-06    4.1466E-07    3.1918E+00   -4.3561E+00    1.0546E+01    1.9600E-04
5.6888E+01  3.4553E-04 2.3599E+02    6.5917E-06    4.7377E-07    3.4756E+00   -4.4270E+00    1.1140E+01    1.9600E-04
5.5823E+01  4.0035E-04 2.3750E+02    6.6555E-06    5.4014E-07    3.7825E+00   -4.5060E+00    1.1754E+01    1.9600E-04
5.4761E+01  4.6330E-04 2.3900E+02    6.7193E-06    6.1410E-07    4.1073E+00   -4.5940E+00    1.2389E+01    1.9600E-04
5.3702E+01  5.3546E-04 2.4049E+02    6.7719E-06    6.9374E-07    4.4343E+00   -4.6846E+00    1.3046E+01    1.9600E-04
5.2646E+01  6.1808E-04 2.4198E+02    6.8141E-06    7.8304E-07    4.7690E+00   -4.7760E+00    1.3725E+01    1.9600E-04
5.1594E+01  7.1256E-04 2.4346E+02    6.8562E-06    8.8125E-07    5.0972E+00   -4.8662E+00    1.4426E+01    1.9600E-04
5.0544E+01  8.2044E-04 2.4493E+02    6.8982E-06    9.8898E-07    5.4093E+00   -4.9511E+00    1.5149E+01    1.9600E-04
4.9499E+01  9.4346E-04 2.4640E+02    6.9300E-06    1.1146E-06    5.7169E+00   -5.0291E+00    1.5896E+01    1.9600E-04
4.8456E+01  1.0836E-03 2.4786E+02    6.9559E-06    1.2506E-06    5.9884E+00   -5.1267E+00    1.6667E+01    1.9600E-04
4.7418E+01  1.2429E-03 2.4932E+02    6.9766E-06    1.4126E-06    6.2489E+00   -5.2414E+00    1.7461E+01    1.9600E-04
4.6383E+01  1.4239E-03 2.5077E+02    6.9973E-06    1.5955E-06    6.4553E+00   -5.3696E+00    1.8280E+01    1.9600E-04
4.5352E+01  1.6291E-03 2.5221E+02    7.0100E-06    1.7968E-06    6.5819E+00   -5.5666E+00    1.9124E+01    1.9600E-04
4.4326E+01  1.8617E-03 2.5374E+02    7.0100E-06    2.0229E-06    6.6306E+00   -5.8432E+00    2.0047E+01    1.9600E-04
4.3303E+01  2.1247E-03 2.5505E+02    7.0011E-06    2.2758E-06    6.5950E+00   -6.0775E+00    2.0862E+01    1.9600E-04
4.2287E+01  2.4218E-03 2.5579E+02    6.9807E-06    2.5686E-06    6.4878E+00   -6.1702E+00    2.1331E+01    1.9600E-04
4.1279E+01  2.7570E-03 2.5581E+02    6.9606E-06    2.8999E-06    6.2921E+00   -6.0961E+00    2.1344E+01    1.9600E-04
4.0282E+01  3.1346E-03 2.5512E+02    6.9213E-06    3.2287E-06    5.9673E+00   -5.8654E+00    2.0903E+01    1.9600E-04
3.9300E+01  3.5595E-03 2.5379E+02    6.8630E-06    3.5537E-06    5.5647E+00   -5.5224E+00    2.0079E+01    1.9600E-04
3.8334E+01  4.0369E-03 2.5196E+02    6.8050E-06    3.8463E-06    5.1152E+00   -5.1121E+00    1.8976E+01    1.9600E-04
3.7385E+01  4.5725E-03 2.4975E+02    6.7308E-06    4.0801E-06    4.6536E+00   -4.6753E+00    1.7703E+01    1.9600E-04
3.6455E+01  5.1727E-03 2.4727E+02    6.6563E-06    4.2630E-06    4.2238E+00   -4.2475E+00    1.6352E+01    1.9600E-04
3.5544E+01  5.8443E-03 2.4463E+02    6.5693E-06    4.3947E-06    3.8368E+00   -3.8574E+00    1.4997E+01    1.9600E-04
3.4653E+01  6.5947E-03 2.4191E+02    6.4802E-06    4.4878E-06    3.4952E+00   -3.5129E+00    1.3690E+01    1.9600E-04
3.3781E+01  7.4321E-03 2.3919E+02    6.3930E-06    4.5482E-06    3.1912E+00   -3.2090E+00    1.2470E+01    1.9600E-04
3.2928E+01  8.3654E-03 2.3653E+02    6.2977E-06    4.5865E-06    2.9180E+00   -2.9359E+00    1.1358E+01    1.9600E-04
3.2093E+01  9.4039E-03 2.3401E+02    6.2011E-06    4.6000E-06    2.6655E+00   -2.6863E+00    1.0370E+01    1.9600E-04
3.1277E+01  1.0558E-02 2.3166E+02    6.1031E-06    4.5810E-06    2.4264E+00   -2.4790E+00    9.5106E+00    1.9600E-04
3.0477E+01  1.1839E-02 2.2953E+02    6.0126E-06    4.5381E-06    2.2023E+00   -2.2407E+00    8.7758E+00    1.9600E-04
2.9693E+01  1.3258E-02 2.2762E+02    5.9130E-06    4.4730E-06    1.9937E+00   -2.0191E+00    8.1533E+00    1.9600E-04
2.8924E+01  1.4830E-02 2.2591E+02    5.8207E-06    4.3676E-06    1.7973E+00   -1.8152E+00    7.6276E+00    1.9600E-04
2.8169E+01  1.6566E-02 2.2440E+02    5.7302E-06    4.2436E-06    1.6203E+00   -1.6306E+00    7.1828E+00    1.9600E-04
2.7428E+01  1.8482E-02 2.2306E+02    5.6412E-06    4.0952E-06    1.4621E+00   -1.4659E+00    6.8039E+00    1.9600E-04
2.6700E+01  2.0594E-02 2.2185E+02    5.5539E-06    3.9266E-06    1.3229E+00   -1.3217E+00    6.4774E+00    1.9600E-04
2.5984E+01  2.2919E-02 2.2077E+02    5.4679E-06    3.7401E-06    1.2013E+00   -1.1971E+00    6.1924E+00    1.9600E-04
2.5280E+01  2.5473E-02 2.1977E+02    5.3741E-06    3.5387E-06    1.0952E+00   -1.0898E+00    5.9399E+00    1.9600E-04
2.4588E+01  2.8277E-02 2.1884E+02    5.2904E-06    3.3370E-06    1.0036E+00   -9.9714E-01    5.7130E+00    1.9600E-04
2.3907E+01  3.1350E-02 2.1798E+02    5.2086E-06    3.1260E-06    9.2109E-01   -9.1502E-01    5.5068E+00    1.9600E-04
2.3237E+01  3.4713E-02 2.1717E+02    5.1280E-06    2.9150E-06    8.4576E-01   -8.3991E-01    5.3180E+00    1.9600E-04
2.2577E+01  3.8388E-02 2.1640E+02    5.0391E-06    2.6934E-06    7.7365E-01   -7.6982E-01    5.1260E+00    1.9600E-04
2.1929E+01  4.2399E-02 2.1568E+02    4.9613E-06    2.4792E-06    7.0587E-01   -7.0377E-01    4.8861E+00    1.9600E-04
2.1291E+01  4.6770E-02 2.1501E+02    4.8847E-06    2.2631E-06    6.4040E-01   -6.4127E-01    4.6710E+00    1.9600E-04
2.0663E+01  5.1526E-02 2.1439E+02    4.7994E-06    2.0589E-06    5.7859E-01   -5.8031E-01    4.4795E+00    1.9600E-04
2.0045E+01  5.6695E-02 2.1382E+02    4.7252E-06    1.8480E-06    5.1808E-01   -5.2293E-01    4.3107E+00    1.9600E-04
1.9436E+01  6.2304E-02 2.1331E+02    4.6522E-06    1.6411E-06    4.6055E-01   -4.6761E-01    4.1634E+00    1.9600E-04
1.8838E+01  6.8381E-02 2.1285E+02    4.5887E-06    1.4382E-06    4.0669E-01   -4.1456E-01    4.0358E+00    1.9600E-04
1.8249E+01  7.4956E-02 2.1245E+02    4.5198E-06    1.2493E-06    3.5794E-01   -3.6247E-01    3.9253E+00    1.9600E-04
1.7669E+01  8.2061E-02 2.1209E+02    4.4618E-06    1.0650E-06    3.1336E-01   -3.1509E-01    3.8286E+00    1.9600E-04
1.7098E+01  8.9725E-02 2.1176E+02    4.4077E-06    9.0047E-07    2.7472E-01   -2.7153E-01    3.7421E+00    1.9600E-04
1.6536E+01  9.7982E-02 2.1145E+02    4.3628E-06    7.4544E-07    2.4039E-01   -2.3619E-01    3.6628E+00    1.9600E-04
1.5983E+01  1.0686E-01 2.1115E+02    4.3186E-06    6.0530E-07    2.0945E-01   -1.8455E-01    3.5877E+00    1.9600E-04
1.5439E+01  1.1640E-01 2.1086E+02    4.2813E-06    4.8335E-07    1.8299E-01   -1.6060E-01    3.5159E+00    1.9600E-04
1.4904E+01  1.2664E-01 2.1059E+02    4.2492E-06    3.8001E-07    1.6099E-01   -1.4410E-01    3.4501E+00    1.9600E-04
1.4378E+01  1.3759E-01 2.1036E+02    4.2251E-06    2.9482E-07    1.4295E-01   -1.3396E-01    3.3953E+00    1.9600E-04
1.3860E+01  1.4931E-01 2.1020E+02    4.2044E-06    2.2310E-07    1.2792E-01   -1.2992E-01    3.3577E+00    1.9600E-04
1.3350E+01  1.6182E-01 2.1014E+02    4.1920E-06    1.6468E-07    1.1580E-01   -1.2909E-01    3.3432E+00    1.9600E-04
1.2849E+01  1.7516E-01 2.1020E+02    4.1820E-06    1.2535E-07    1.0714E-01   -1.2498E-01    3.3565E+00    1.9600E-04
1.2355E+01  1.8936E-01 2.1039E+02    4.1721E-06    9.9587E-08    1.0116E-01   -1.1744E-01    3.4009E+00    1.9600E-04
1.1869E+01  2.0445E-01 2.1071E+02    4.3293E-06    8.0610E-08    9.7551E-02   -1.1408E-01    3.4779E+00    1.9600E-04
1.1390E+01  2.2047E-01 2.1114E+02    4.9293E-06    6.6761E-08    9.7115E-02   -1.1881E-01    3.5851E+00    1.9600E-04
1.0918E+01  2.3744E-01 2.1165E+02    5.8319E-06    5.8348E-08    9.9022E-02   -1.0824E-01    3.7149E+00    1.9600E-04
1.0453E+01  2.5540E-01 2.1218E+02    6.7834E-06    5.3401E-08    1.0154E-01   -4.8129E-02    3.8539E+00    1.9600E-04
9.9943E+00  2.7437E-01 2.1302E+02    7.6302E-06    4.9932E-08    1.0471E-01   -6.9214E-02    4.0807E+00    1.9600E-04
9.5397E+00  2.9438E-01 2.1620E+02    1.1719E-05    4.7059E-08    1.2229E-01   -3.3533E-01    5.0566E+00    1.9600E-04
9.0856E+00  3.1545E-01 2.2054E+02    2.0584E-05    4.4459E-08    1.5777E-01   -7.3914E-01    6.1340E+00    1.9600E-04
8.6309E+00  3.3760E-01 2.2485E+02    3.5265E-05    4.1941E-08    2.0730E-01   -1.1584E+00    7.3135E+00    1.9600E-04
8.1761E+00  3.6084E-01 2.2913E+02    5.8894E-05    3.9505E-08    2.6831E-01   -1.5497E+00    8.6415E+00    1.9600E-04
7.7217E+00  3.8521E-01 2.3334E+02    9.5809E-05    3.7154E-08    3.3562E-01   -1.8600E+00    1.0118E+01    1.9600E-04
7.2681E+00  4.1070E-01 2.3746E+02    1.5170E-04    3.4887E-08    4.0603E-01   -2.0729E+00    1.1736E+01    1.9600E-04
6.8157E+00  4.3733E-01 2.4146E+02    2.3360E-04    3.2706E-08    4.8185E-01   -2.2141E+00    1.3486E+01    1.9600E-04
6.3652E+00  4.6510E-01 2.4533E+02    3.4964E-04    3.0615E-08    5.5968E-01   -2.2742E+00    1.5350E+01    1.9600E-04
5.9171E+00  4.9401E-01 2.4904E+02    5.0858E-04    2.8617E-08    6.2616E-01   -2.2828E+00    1.7307E+01    1.9600E-04
5.4720E+00  5.2405E-01 2.5257E+02    7.1924E-04    2.6655E-08    6.7377E-01   -2.2683E+00    1.9335E+01    1.9600E-04
5.0304E+00  5.5522E-01 2.5591E+02    9.8993E-04    2.4802E-08    7.0783E-01   -2.2525E+00    2.1411E+01    1.9600E-04
4.5930E+00  5.8750E-01 2.5906E+02    1.3280E-03    2.3053E-08    7.3524E-01   -2.2137E+00    2.3514E+01    1.9600E-04
4.1602E+00  6.2088E-01 2.6203E+02    1.7397E-03    2.1365E-08    7.5622E-01   -2.1535E+00    2.5628E+01    1.9600E-04
3.7327E+00  6.5532E-01 2.6482E+02    2.2301E-03    1.9839E-08    7.6798E-01   -2.0898E+00    2.7739E+01    1.9600E-04
3.3108E+00  6.9081E-01 2.6744E+02    2.8029E-03    1.8399E-08    7.7044E-01   -2.0008E+00    2.9837E+01    1.9600E-04
2.8950E+00  7.2730E-01 2.6991E+02    3.4611E-03    1.7049E-08    7.6656E-01   -1.8592E+00    3.1914E+01    1.9600E-04
2.4857E+00  7.6475E-01 2.7223E+02    4.2064E-03    1.5900E-08    7.5940E-01   -1.7091E+00    3.3965E+01    1.9600E-04
2.0832E+00  8.0312E-01 2.7458E+02    5.1079E-03    1.4889E-08    7.5490E-01   -1.6113E+00    3.6144E+01    1.9600E-04
1.6876E+00  8.4235E-01 2.7688E+02    6.0094E-03    1.3971E-08    7.3683E-01   -1.5268E+00    3.8370E+01    1.9600E-04
1.2993E+00  8.8239E-01 2.7908E+02    7.0055E-03    1.3195E-08    7.1990E-01   -1.5117E+00    4.0598E+01    1.9600E-04
9.1853E-01  9.2316E-01 2.8116E+02    8.1217E-03    1.2564E-08    7.0921E-01   -1.5776E+00    4.2799E+01    1.9600E-04
5.4557E-01  9.6460E-01 2.8315E+02    9.1869E-03    1.2051E-08    7.0153E-01   -1.7530E+00    4.4979E+01    1.9600E-04
1.8070E-01  1.0066E+00 2.8505E+02    1.0554E-02    1.1619E-08    7.2314E-01   -2.0097E+00    4.7142E+01    1.9600E-04
0.0000E+00  1.0280E+00 2.8600E+02    1.1237E-02    1.1700E-08    7.9499E+00   -3.5489E+00    4.8251E+01    1.9600E-04
