   213.383201647086        0.410438821507803E-05
   214.707195516463        0.440998728659582E-05
   216.079542268503        0.469166910685757E-05
   217.505075962968        0.495296201119821E-05
   218.976983218657        0.518322689487353E-05
   220.485420482154        0.539812844702748E-05
   222.020649892626        0.558314657488097E-05
   223.573775148689        0.575264260425987E-05
   225.136930373604        0.590866341542335E-05
   226.703440418464        0.604126577615963E-05
   228.267964980201        0.616061694905011E-05
   229.826560919561        0.627646371254277E-05
   231.376631441533        0.637236599883356E-05
   232.916767946650        0.645810524342501E-05
   234.446512979244        0.654366773463849E-05
   235.966083888355        0.661178432598144E-05
   237.476099211061        0.668565877243232E-05
   238.977344308727        0.673937001448813E-05
   240.470600742725        0.679289592037728E-05
   241.956548072121        0.684416136926498E-05
   243.435731211580        0.688626415369118E-05
   244.908575322386        0.692411902665964E-05
   246.375426092143        0.695503529185838E-05
   247.836596167597        0.698587972105787E-05
   249.292405632232        0.700664964256942E-05
   250.743211614335        0.702734243540116E-05
   252.189426248161        0.703795552260338E-05
   253.718567601570        0.704000000000000E-05
   255.027665272395        0.703000000000000E-05
   255.767269129633        0.701073309834279E-05
   255.792455465564        0.698115353551390E-05
   255.104269414355        0.694129728473253E-05
   253.783515260992        0.689299674407528E-05
   251.950283040749        0.683501171979738E-05
   249.734104498281        0.676077242014217E-05
   247.253392967938        0.668636132146159E-05
   244.610083041397        0.659936121480878E-05
   241.891483847346        0.651024483188864E-05
   239.172955892367        0.641368311917057E-05
   236.521283762237        0.632128940582147E-05
   233.995984661429        0.623116569409216E-05
   231.650393681932        0.613321468976090E-05
   229.515929466499        0.603718044301774E-05
   227.600546664393        0.594316126425112E-05
   225.896378934040        0.585086524726532E-05
   224.384936113381        0.576034244374644E-05
   223.041535009399        0.567138076547320E-05
   221.839230928810        0.558403780123083E-05
   220.751905705311        0.549274446936959E-05
   219.756307073210        0.540366885877323E-05
   218.833813248196        0.532052907805633E-05
   217.970859586645        0.523879950998733E-05
   217.158506394746        0.514846007368730E-05
   216.392212500910        0.506928315492621E-05
   215.671551801965        0.499144997096172E-05
   214.998877082982        0.490574034446750E-05
   214.377534167294        0.482954434950248E-05
   213.811079579308        0.475535292698784E-05
   213.301771316052        0.468237702159626E-05
   212.848824000394        0.461058367591887E-05
   212.447253229313        0.454995143543123E-05
   212.088698147511        0.449192239193837E-05
   211.762506456046        0.443481910160803E-05
   211.458234445268        0.438291312557646E-05
   211.164787420832        0.434401932418157E-05
   210.880340327637        0.431137981450615E-05
   210.616071376686        0.427926994846014E-05
   210.393208175606        0.425512638643919E-05
   210.239002584732        0.423440971318600E-05
   210.181800370246        0.421402599905805E-05
   210.243918520942        0.420198407790175E-05
   210.445509177821        0.420000000000000E-05
   210.753586116760        0.434393471480700E-05
   211.174661976620        0.489020467466620E-05
   211.708625523672        0.585092416416426E-05
   212.276084831786        0.687670968788975E-05
   213.050722828819        0.766707168094461E-05
   216.200530461884        0.117254620749513E-04
   220.541702410175        0.205956486548024E-04
   224.858223275728        0.352834368562827E-04
   229.131905401262        0.589236939454948E-04
   233.341221016586        0.958556104995354E-04
   237.461913507960        0.151771804173036E-03
   241.468362789104        0.233704199723347E-03
   245.335648868858        0.349783716961907E-03
   249.042000829788        0.508776717499561E-03
   252.571151292423        0.719499009741979E-03
   255.913698009292        0.990254729417639E-03
   259.067093173357        0.132841706070413E-02
   262.034624164024        0.174020514558058E-02
   264.823857961232        0.223063347251749E-02
   267.445014745847        0.280356900239981E-02
   269.909572899533        0.346182865540674E-02
   272.229225538024        0.420726841809414E-02
   274.581886350529        0.510883119598526E-02
   276.878453589807        0.601025404396288E-02
   279.079530271887        0.700662447714460E-02
   281.166363782456        0.812277289934363E-02
   283.153634651095        0.918828455084866E-02
   285.053812534554        0.105549425588162E-01
   286.003173469083        0.112384432546994E-01
