   213.145056798180        0.239072606988687E-05
   214.468963673952        0.256537045441458E-05
   215.838272974254        0.273651364635779E-05
   217.257499545804        0.288635779093271E-05
   218.720151195045        0.302554539581676E-05
   220.216824011994        0.315110470134464E-05
   221.738174185734        0.326397392164171E-05
   223.275641634394        0.336420107391998E-05
   224.821657323778        0.345637622633697E-05
   226.369817782030        0.353392006175654E-05
   227.915036708406        0.360896140173633E-05
   229.453611163547        0.367236224898309E-05
   230.983172947381        0.373377135205547E-05
   232.502531709428        0.378588928068839E-05
   234.011438514986        0.382792375781804E-05
   235.510309697839        0.386986803467047E-05
   236.999953193196        0.391171545975270E-05
   238.481333982081        0.394673255826841E-05
   239.955403112909        0.397754932552486E-05
   241.422998820298        0.399830812439610E-05
   242.884812583389        0.402900603866195E-05
   244.341401693612        0.403964020527584E-05
   245.793225716637        0.406000000000000E-05
   247.240687150283        0.406070447045733E-05
   248.684163855361        0.407000000000000E-05
   250.124028509878        0.406000000000000E-05
   251.636471408967        0.404823785032750E-05
   252.973159627172        0.402803919681666E-05
   253.781167326148        0.399591404067015E-05
   253.855804789023        0.394613677651707E-05
   253.127925810147        0.389536675408331E-05
   251.620697176795        0.382680287195679E-05
   249.421773280369        0.375145122764655E-05
   246.657495517976        0.366788464463557E-05
   243.467573825234        0.358025834110702E-05
   239.989287942163        0.348967985692331E-05
   236.352156938308        0.339794909219635E-05
   232.678867064988        0.329868799900777E-05
   229.084544518204        0.321203846012842E-05
   225.671942670726        0.311778188810042E-05
   222.526073955929        0.303555298976757E-05
   219.710582699061        0.295456909335076E-05
   217.254214046234        0.286701550803521E-05
   215.152079879429        0.278865425621218E-05
   213.376950065805        0.271516520031920E-05
   211.888908850103        0.263783815882828E-05
   210.643131708088        0.256910481707937E-05
   209.595618179225        0.249151138227503E-05
   208.706536293376        0.242488913743546E-05
   207.942228716817        0.235932386260717E-05
   207.275372900400        0.229448606505004E-05
   206.684476930947        0.223065544922504E-05
   206.153325205981        0.216780464102215E-05
   205.670442445017        0.210581259010111E-05
   205.229148980846        0.204458443825906E-05
   204.826918416709        0.198945275760495E-05
   204.463545417404        0.193489359328539E-05
   204.139872510695        0.188512558461949E-05
   203.857058569139        0.182898423249904E-05
   203.615698039566        0.178341893153802E-05
   203.413907842541        0.173852703362307E-05
   203.247780439302        0.169824361517886E-05
   203.113122676139        0.166071699227675E-05
   203.005933235537        0.162891985596915E-05
   202.918691259199        0.160162895437930E-05
   202.854684068895        0.157692860022204E-05
   202.829766400159        0.155639955756380E-05
   202.871643730920        0.154309435612111E-05
   203.004259863531        0.152624718117735E-05
   203.249281108895        0.151331118395342E-05
   203.619998524719        0.166636581530474E-05
   204.070956094904        0.194982484960644E-05
   204.615065264536        0.218514211523996E-05
   205.192933132893        0.249745858158861E-05
   208.185266281586        0.385627596772792E-05
   210.416405645744        0.530516167176258E-05
   214.835620925421        0.972017193967761E-05
   219.244572270549        0.173519751550936E-04
   223.632746670996        0.301909580094236E-04
   227.982915026247        0.511791758327716E-04
   232.272743027791        0.844600098288219E-04
   236.476558574871        0.135561097099715E-03
   240.566810232938        0.211415011178895E-03
   244.516434014571        0.320145563816707E-03
   248.301688750960        0.470613718139814E-03
   251.904693959413        0.671813091355546E-03
   255.314932050391        0.932270921368072E-03
   258.529382894517        0.125959899144200E-02
   261.551471817873        0.166025919412804E-02
   264.389338558214        0.213951617842947E-02
   267.054021120152        0.270150780532507E-02
   269.557910941673        0.334936030392409E-02
   271.913614979717        0.408529641060824E-02
   274.278451128442        0.497491380177661E-02
   276.612992794114        0.588866414512930E-02
   278.848359694951        0.686342406302259E-02
   280.972213567412        0.799638228871540E-02
   282.994318851113        0.907720029151634E-02
   284.932799765538        0.104396173880430E-01
   286.773629555021        0.117625619119037E-01
   287.699912060649        0.124288598251450E-01
