   213.662287274479        0.388474468941391E-05
   214.985847059396        0.417646956408741E-05
   216.357628383273        0.444416024223837E-05
   217.782485615931        0.469788082341715E-05
   219.253644290333        0.491770828576443E-05
   220.761283385318        0.511348112520915E-05
   222.295666631982        0.529560272076268E-05
   223.847885685405        0.545902137829893E-05
   225.410058145219        0.560572093569965E-05
   226.975495531835        0.573893814658990E-05
   228.538852689294        0.584874065957769E-05
   230.096192734422        0.595646549097111E-05
   231.644936286552        0.605120168202445E-05
   233.183701234922        0.613706313491323E-05
   234.712062244277        0.621274667387445E-05
   236.230270521266        0.628118392397251E-05
   237.738976639812        0.634514738825491E-05
   239.238993416830        0.639929832221622E-05
   240.731123394356        0.645170824776703E-05
   242.216059380791        0.649399447357000E-05
   243.694350872693        0.653615338550076E-05
   245.166418166982        0.657409148942823E-05
   246.632592209231        0.660503521822299E-05
   248.093161654223        0.663180995586232E-05
   249.548416460496        0.665670357479307E-05
   250.998685501125        0.666742291188204E-05
   252.444370919310        0.667806223819623E-05
   253.978098135187        0.668000000000000E-05
   255.272944582452        0.667000000000000E-05
   255.982309667264        0.665055196576020E-05
   255.977510482636        0.662037631008433E-05
   255.265015370023        0.658086208961365E-05
   253.927387332981        0.652229983296792E-05
   252.084739343507        0.646427414786041E-05
   249.864810172500        0.638973760254048E-05
   247.383440034166        0.631527607879535E-05
   244.740113921303        0.622794183714263E-05
   242.020488663603        0.613876425977995E-05
   239.299757974891        0.604185074394188E-05
   236.644741000444        0.594938254207954E-05
   234.114662652008        0.585266814898303E-05
   231.762816366667        0.576119790268043E-05
   229.620750823110        0.566509922059515E-05
   227.696478273308        0.557102622801959E-05
   225.981866256809        0.547869927256310E-05
   224.458577931046        0.538813196728202E-05
   223.102232573556        0.529915250339730E-05
   221.886233559411        0.521039960085105E-05
   220.784698204402        0.511581434521692E-05
   219.774815749652        0.503141208159394E-05
   218.838120177859        0.494825212962279E-05
   217.960993521995        0.486654014425085E-05
   217.134331006432        0.477620160780008E-05
   216.353330834895        0.469704971185873E-05
   215.616881885655        0.461925343721805E-05
   214.926692686244        0.453323602323592E-05
   214.286344077883        0.445741654898302E-05
   213.699227525661        0.438328060756171E-05
   213.166607506457        0.431037145194172E-05
   212.686767434085        0.424722088520421E-05
   212.254044477225        0.417839988823643E-05
   211.859869784411        0.412044738080220E-05
   211.494454531600        0.406675625688273E-05
   211.148931252459        0.402188323444929E-05
   210.813736548893        0.397773810282226E-05
   210.488247946370        0.394074441017642E-05
   210.184539680315        0.391581262277270E-05
   209.924622671480        0.389480812634043E-05
   209.736986410214        0.387414798998624E-05
   209.651329744443        0.385382226088665E-05
   209.690206119501        0.384191165410883E-05
   209.875906503066        0.384000000000000E-05
   210.164648715594        0.398411190793373E-05
   210.594063417128        0.489286189630171E-05
   211.075608696108        0.580334614017530E-05
   211.717934165542        0.635752091131473E-05
   212.545660188337        0.715971341627728E-05
   216.293911108071        0.118691108951474E-04
   220.636675022006        0.208422000455450E-04
   224.954645012233        0.356958436284726E-04
   229.229494038418        0.595947952556384E-04
   233.439499564430        0.969153942175982E-04
   237.560184293539        0.153391288653419E-03
   241.565753179200        0.236093107229719E-03
   245.431251223465        0.353181779252837E-03
   249.135049914694        0.513442118579712E-03
   252.661053762154        0.725692091012122E-03
   256.000035163411        0.998221433720580E-03
   259.149633185466        0.133837845889950E-02
   262.113304372681        0.175235302811924E-02
   264.898749249241        0.224513087002831E-02
   267.516280420902        0.282055344379029E-02
   269.977431102552        0.348141614172489E-02
   272.293919947104        0.422955694329328E-02
   274.643778331749        0.513257573268088E-02
   276.938112950997        0.603309635312735E-02
   279.137667280431        0.703700038931032E-02
   281.222472123122        0.815202736706362E-02
   283.209178387553        0.922732266015469E-02
   285.107442732816        0.105925557249070E-01
   286.056098174503        0.112755219128146E-01
