   213.425725606913        0.407243349338146E-05
   214.749644820036        0.437809846551626E-05
   216.121901431106        0.465675468605478E-05
   217.547333118556        0.491302328228670E-05
   219.019131887791        0.515185124588148E-05
   220.527456795236        0.535711667971710E-05
   222.062569397784        0.554217911185463E-05
   223.615570788385        0.571182237534765E-05
   225.178591862137        0.586113745995838E-05
   226.744954793788        0.600071105818680E-05
   228.309317970363        0.612008104895550E-05
   229.867738717962        0.622766485650437E-05
   231.417622491517        0.633205759773024E-05
   232.957564405094        0.641781591680667E-05
   234.487111646509        0.649755356020866E-05
   236.006486533538        0.657159560716961E-05
   237.516312350401        0.663548392888717E-05
   239.017378575174        0.668947299007903E-05
   240.510470009829        0.674274895365338E-05
   241.996268473768        0.679407220607216E-05
   243.475320160328        0.683618375207047E-05
   244.948050604200        0.687816282001590E-05
   246.414805124952        0.691000381739678E-05
   247.875895560329        0.693585238200778E-05
   249.331641261703        0.695662649096181E-05
   250.782399524808        0.697732342343790E-05
   252.228584715373        0.698794060379557E-05
   253.758019149812        0.699000000000000E-05
   255.066125204984        0.698000000000000E-05
   255.804658673308        0.696073626882794E-05
   255.829529966693        0.693115321047003E-05
   255.139431590782        0.689129085487422E-05
   253.815797285798        0.684297850936321E-05
   251.980251373764        0.678498523105371E-05
   249.762653031662        0.671072626710726E-05
   247.280954014899        0.663037134764394E-05
   244.636570981950        0.654927643720103E-05
   241.916711310424        0.646014655695533E-05
   239.197551092276        0.636355021537796E-05
   236.546017340720        0.627114030392253E-05
   234.020864623668        0.617417663347422E-05
   231.675583773816        0.608303831740652E-05
   229.541663051506        0.598699011260147E-05
   227.626628302864        0.589295819050449E-05
   225.922400216766        0.580065109928142E-05
   224.410381298313        0.571011587023693E-05
   223.066107963923        0.562114410186012E-05
   221.862547062155        0.553274887150694E-05
   220.773522671921        0.543782351437520E-05
   219.776374152077        0.535340533692262E-05
   218.852697788087        0.527025517554465E-05
   217.988737314820        0.518159128500034E-05
   217.175409432491        0.509817112820546E-05
   216.408371966275        0.501898800040849E-05
   215.686972074969        0.493465851268592E-05
   215.013288270529        0.485462086785125E-05
   214.390596934983        0.477923256280288E-05
   213.822450937469        0.470503784846279E-05
   213.311088993742        0.463206002915030E-05
   212.855624456753        0.456026619405208E-05
   212.450690324271        0.449968450234989E-05
   212.086880587984        0.444165671964834E-05
   211.753577004999        0.438455681256439E-05
   211.441057812714        0.433270815699620E-05
   211.138848732240        0.429387076669479E-05
   210.845665505019        0.425497278130908E-05
   210.572208733629        0.422609571620552E-05
   210.339499893742        0.420504345577150E-05
   210.177417515506        0.418433396583996E-05
   210.115226704774        0.416395810277258E-05
   210.171176617103        0.415195418098102E-05
   210.354329151275        0.415000000000000E-05
   210.668397388908        0.430188182963615E-05
   211.103279174272        0.489959748540099E-05
   211.621395203307        0.580550728869845E-05
   212.160773133174        0.676396561780794E-05
   212.965084057739        0.757883719176558E-05
   216.195822913289        0.117182159712588E-04
   220.536938677085        0.205832706924205E-04
   224.853448117008        0.352629880436297E-04
   229.127168061890        0.588910648494288E-04
   233.336567508688        0.958053302804341E-04
   237.457378916213        0.151696890887590E-03
   241.463969979806        0.233596119708876E-03
   245.331418586894        0.349632796294117E-03
   249.037964465005        0.508573423233862E-03
   252.567330203463        0.719234365977064E-03
   255.910102885470        0.989920878884477E-03
   259.063725103351        0.132800757093339E-02
   262.031476757680        0.173971506425285E-02
   264.820919732433        0.223005919986546E-02
   267.442271191549        0.280290805639809E-02
   269.907008069301        0.346107939264770E-02
   272.226823152195        0.420642976898126E-02
   274.579627520293        0.510794893808790E-02
   276.876311968229        0.600941589012607E-02
   279.077473411425        0.700552884924574E-02
   281.164406403672        0.812172835047007E-02
   283.151722435831        0.918691372301918E-02
   285.051987916744        0.105536323389117E-01
   286.001389979607        0.112371614980829E-01
