   214.091556821694        0.351341392070714E-05
   215.414708093379        0.377941452021895E-05
   216.785840966992        0.403020247174243E-05
   218.209832664494        0.425247620299791E-05
   219.679963667952        0.446066768351757E-05
   221.186440494114        0.464303871845136E-05
   222.719519864243        0.480532810287262E-05
   224.270265214367        0.495211218104530E-05
   225.830761173384        0.508529407084054E-05
   227.394295258350        0.520366898310894E-05
   228.955516608612        0.531186663573610E-05
   230.510505378392        0.540787240965207E-05
   232.056721641258        0.549409809759542E-05
   233.592840887271        0.557512516023682E-05
   235.118506765606        0.563953442154961E-05
   236.634043345269        0.570379744119006E-05
   238.140171285721        0.576790425539936E-05
   239.637765936208        0.581183571520178E-05
   241.127682169169        0.586372414702406E-05
   242.610653923152        0.590610090968986E-05
   244.087260326602        0.593834930613881E-05
   245.557939103715        0.597046371341533E-05
   247.023024245053        0.599622126050952E-05
   248.482788401282        0.602713596828904E-05
   249.937478190979        0.603797542322919E-05
   251.387338513042        0.604999999999999E-05
   252.839841087046        0.606000000000000E-05
   254.356351167565        0.605000000000000E-05
   255.598724912884        0.603946908105640E-05
   256.240203299519        0.601908734454642E-05
   256.168494867452        0.598777315817393E-05
   255.397736847045        0.594676850593583E-05
   254.014342358604        0.588774090199691E-05
   252.136622703402        0.581969602397676E-05
   249.889046965771        0.575361103341260E-05
   247.385287633168        0.566912992936598E-05
   244.722157665626        0.558024393909870E-05
   241.983270416605        0.549105914357586E-05
   239.241704717544        0.539385461547477E-05
   236.562402448283        0.530023043846693E-05
   234.003759844256        0.520505550618874E-05
   231.619223449202        0.511210889848385E-05
   229.440546442252        0.501613693521860E-05
   227.475691973171        0.492212879981755E-05
   225.716569953473        0.482998596197863E-05
   224.144846078533        0.473952143452101E-05
   222.736328958360        0.465077006663938E-05
   221.464782854814        0.455354530562882E-05
   220.305068472243        0.446785218445553E-05
   219.235295354490        0.438367399118897E-05
   218.237978595535        0.430080681423251E-05
   217.300353970427        0.421944014827668E-05
   216.414185357512        0.412937403301935E-05
   215.575618017064        0.405059548000532E-05
   214.784678555151        0.397319904797012E-05
   214.043830775616        0.389710046857001E-05
   213.356044260595        0.382211644089111E-05
   212.723863117282        0.374840974117128E-05
   212.148148353923        0.367594229201729E-05
   211.627030002191        0.361390331099811E-05
   211.155715216245        0.355541555069062E-05
   210.726384739336        0.349783197724416E-05
   210.329459625544        0.344496392345540E-05
   209.956186679597        0.340038852022453E-05
   209.597274546372        0.335654024226195E-05
   209.253414584285        0.332006827422031E-05
   208.939471831808        0.329550781091710E-05
   208.680355846734        0.327464537071094E-05
   208.507454131554        0.325412318261348E-05
   208.448916688168        0.324196768787852E-05
   208.527410642615        0.323202979560082E-05
   208.742729929900        0.322224386630264E-05
   209.095151777098        0.335941782388243E-05
   209.539982088321        0.420363092443232E-05
   210.076635666783        0.478988767607560E-05
   210.644607742744        0.549548662431426E-05
   212.369659750800        0.698855239204119E-05
   216.703308946269        0.125185989769611E-04
   221.052345156179        0.219541805625098E-04
   225.375375490505        0.375486705914293E-04
   229.653497477110        0.625942948073828E-04
   233.864330740338        0.101623361929615E-03
   237.982768092749        0.160540197588162E-03
   241.982579196836        0.246575816787666E-03
   245.838738929304        0.368011214318012E-03
   249.529995143554        0.533688066541188E-03
   253.040981220171        0.752411223282213E-03
   256.363298364646        0.103239226066822E-02
   259.495383894861        0.138085592942390E-02
   262.441389128547        0.180384966557938E-02
   265.209545839561        0.230621779277758E-02
   267.810526730375        0.289167321356667E-02
   270.256079344337        0.356290066843642E-02
   272.558029729094        0.432164683230089E-02
   274.945615907547        0.524858913429829E-02
   277.227405473178        0.614411048691701E-02
   279.416710923659        0.718305964948515E-02
   281.490434638650        0.829204164261736E-02
   283.472313535061        0.941257005041614E-02
   285.360531681786        0.107704089110087E-01
   286.305067572467        0.114503152771369E-01
