   184.652948301270        0.103956174234244E-04
   176.993691059161        0.105996288543128E-04
   173.794786252121        0.108000000000000E-04
   174.251794972295        0.109027728809683E-04
   176.898483321790        0.111000000000000E-04
   180.561964469190        0.111995056687626E-04
   184.520891782399        0.113000000000000E-04
   188.388084457805        0.114000000000000E-04
   191.975793340436        0.115824948261296E-04
   195.205015089977        0.116736202403718E-04
   198.062350256511        0.117000000000000E-04
   200.579913248409        0.118000000000000E-04
   202.839602729135        0.119000000000000E-04
   204.873800935220        0.119222355568490E-04
   206.833553706375        0.120000000000000E-04
   208.995471403055        0.120869942273764E-04
   211.287157502700        0.121000000000000E-04
   213.538474597548        0.121453069108021E-04
   215.691006137475        0.122000000000000E-04
   217.749103057639        0.122000000000000E-04
   219.731216633042        0.122709646363765E-04
   221.652776271535        0.123000000000000E-04
   223.524376800670        0.123000000000000E-04
   225.353458171235        0.123000000000000E-04
   227.230574759989        0.123000000000000E-04
   228.874052790724        0.123000000000000E-04
   229.910007876517        0.122203638671221E-04
   230.172593295721        0.122000000000000E-04
   229.637473542657        0.122000000000000E-04
   228.366010033627        0.121373863966573E-04
   226.497834015377        0.121000000000000E-04
   224.230906137239        0.120233157637483E-04
   221.779038659930        0.119686119043784E-04
   219.326284188576        0.119000000000000E-04
   216.998665506591        0.118000000000000E-04
   214.858902155455        0.117140056364398E-04
   212.921676452107        0.116655480297076E-04
   211.175129753081        0.116000000000000E-04
   209.603214855153        0.115000000000000E-04
   208.197709592597        0.114297107095193E-04
   206.958942354131        0.113876009980189E-04
   205.887839302898        0.112469468752639E-04
   204.978061755372        0.112000000000000E-04
   204.216966790467        0.111000000000000E-04
   203.589019008739        0.110345443838831E-04
   203.076737929688        0.109002927697813E-04
   202.662442510503        0.108673974367773E-04
   202.328471004731        0.107361518299336E-04
   202.057754473478        0.107000000000000E-04
   201.834120254180        0.106000000000000E-04
   201.643297588966        0.105517509225033E-04
   201.473705212584        0.104267515640911E-04
   201.317093629757        0.104000000000000E-04
   201.168116850669        0.102813780394129E-04
   201.024578995504        0.102000000000000E-04
   200.887638255116        0.101421373741819E-04
   200.761168367886        0.100248898597753E-04
   200.651018676415        0.995461737624611E-05
   200.564144934867        0.988703644807889E-05
   200.506657674125        0.981767166399113E-05
   200.479692355366        0.974564851292908E-05
   200.478026063572        0.968703804484741E-05
   200.492113864468        0.962686782532461E-05
   200.512329753311        0.957363728148883E-05
   200.527533718430        0.952694781632128E-05
   200.536179049420        0.948559710160027E-05
   200.564133283773        0.945115045179964E-05
   200.645388050948        0.942737647264850E-05
   200.830085834330        0.940143300759025E-05
   201.166143386999        0.937818010960610E-05
   201.593555096684        0.463083590758335E-05
   202.184284149380        0.282689860033976E-05
   202.840394126495        0.175588380096662E-05
   204.535679263654        0.226320309675371E-05
   208.523413699507        0.404492108701348E-05
   212.165839662220        0.674619571937780E-05
   216.079082141069        0.114553582108140E-04
   220.504821002014        0.203596752805879E-04
   224.905562874109        0.352590196660887E-04
   229.261097712570        0.594590698845416E-04
   233.547405432248        0.975499567759425E-04
   237.737502972577        0.155548347054715E-03
   241.803248657306        0.240847023364364E-03
   245.717949118116        0.361912235816995E-03
   249.459225635380        0.527753373519620E-03
   253.011397260153        0.747291756191435E-03
   256.366683923946        0.102880523566400E-02
   259.524768025268        0.137955688360433E-02
   262.491320754980        0.180563936749176E-02
   265.276107597673        0.231198607924717E-02
   267.891183704567        0.290247049904933E-02
   270.349453955136        0.358002511690530E-02
   272.663664837684        0.434673654870086E-02
   275.069928201957        0.528203749493693E-02
   277.372442208701        0.618374222348984E-02
   279.583502128909        0.725239908614141E-02
   281.679494626893        0.837103195310287E-02
   283.688315771268        0.954307482677056E-02
   285.601036686159        0.109159116268480E-01
   287.421803672275        0.122249665033208E-01
   288.341029230936        0.129309350489131E-01
