   213.408257683749        0.408620106274602E-05
   214.732209022394        0.439392024674597E-05
   216.104511448398        0.467068609940405E-05
   217.530001827557        0.493201689209556E-05
   219.001868888364        0.516248701157727E-05
   220.510269139324        0.537748933246747E-05
   222.045462960963        0.555893648528113E-05
   223.598551264452        0.573212369060945E-05
   225.161665203652        0.588135189847296E-05
   226.728127186953        0.602091409276671E-05
   228.292595486756        0.614023935883904E-05
   229.851126792030        0.624781404155612E-05
   231.401125363219        0.635216969912158E-05
   232.941184639714        0.643792077468003E-05
   234.470849799543        0.651762678874401E-05
   235.990340977881        0.659166348466969E-05
   237.500279240204        0.665554650834498E-05
   239.001451897087        0.671926624464024E-05
   240.494641672883        0.677186851931512E-05
   241.980528406890        0.681410346146887E-05
   243.459656412442        0.685621164837294E-05
   244.932449465995        0.689818739054197E-05
   246.399251307749        0.693002509480265E-05
   247.860372478761        0.695586138401698E-05
   249.316131476579        0.697663387802930E-05
   250.766885409333        0.699732921179411E-05
   252.213049401645        0.701000000000000E-05
   253.742812811195        0.701000000000000E-05
   255.050085932199        0.700106654584945E-05
   255.785675741232        0.698073661751119E-05
   255.806579890059        0.696057863396507E-05
   255.115282506554        0.692129648002816E-05
   253.794534103121        0.686299024081512E-05
   251.963371366918        0.680500011966117E-05
   249.749394534203        0.673075021627250E-05
   247.269924856654        0.665633236453592E-05
   244.626452791869        0.656931647575301E-05
   241.906531809451        0.648019160305047E-05
   239.186896634482        0.639301036099992E-05
   236.534948612782        0.629768080307875E-05
   234.009730765964        0.620107311593110E-05
   231.664801327605        0.610311468594681E-05
   229.531637614869        0.601257027680485E-05
   227.617548693798        0.591304485099875E-05
   225.914119375527        0.582074190657491E-05
   224.402639457479        0.573021147737205E-05
   223.058388885051        0.564124350771948E-05
   221.854521279810        0.555389348098980E-05
   220.765252970717        0.546793041510053E-05
   219.768022800768        0.537409662583234E-05
   218.844392611552        0.529036812844832E-05
   217.980661422054        0.520863436925389E-05
   217.167814706884        0.512800242299346E-05
   216.401453320229        0.503910836456071E-05
   215.680919052460        0.496127170920925E-05
   215.008295840381        0.488474382842999E-05
   214.386677198210        0.479935803922795E-05
   213.819404177609        0.472516399884180E-05
   213.308634956993        0.465218618430001E-05
   212.853626934416        0.458866752761997E-05
   212.449353773480        0.451978905864563E-05
   212.087337388045        0.446175978377624E-05
   211.756990763779        0.440773576550687E-05
   211.448283204070        0.436278624103792E-05
   211.150314310452        0.431855754202466E-05
   210.860799414824        0.428129085578210E-05
   210.590764406571        0.424918553775495E-05
   210.362440481630        0.422507379581244E-05
   210.203862030950        0.420436136077267E-05
   210.142183742698        0.419199299381050E-05
   210.198659850386        0.418196452695776E-05
   210.385981492984        0.417209146471337E-05
   210.705141191042        0.432929005040561E-05
   211.140060375498        0.492928448333428E-05
   211.651752250807        0.583186644155372E-05
   212.182776748261        0.678338640558946E-05
   213.015061795271        0.763022091423234E-05
   216.196214509888        0.117188321234448E-04
   220.537334260230        0.205843220704578E-04
   224.853831807253        0.352646714595260E-04
   229.127524289317        0.588935859743643E-04
   233.336885134913        0.958088725354471E-04
   237.457654861073        0.151701625130004E-03
   241.464208888051        0.233602269062882E-03
   245.331626002963        0.349640603394996E-03
   249.038138435731        0.508582779714492E-03
   252.567470762154        0.719244944204638E-03
   255.910211625896        0.989932141318177E-03
   259.063804604173        0.132801880410275E-02
   262.031530035305        0.173972542012996E-02
   264.820949851215        0.223006773556246E-02
   267.442281067431        0.280291377540373E-02
   269.907000413696        0.346108129279412E-02
   272.226800463332        0.420642689073705E-02
   274.579591985773        0.510794119799574E-02
   276.876265262139        0.600940485300898E-02
   279.077416584029        0.700550704321075E-02
   281.164341836812        0.812170373073721E-02
   283.151649662050        0.918687270422840E-02
   285.051910350659        0.105535894757609E-01
   286.001307349359        0.112371158037409E-01
