   213.997202135947        0.359192158719366E-05
   215.320419587894        0.386232888393280E-05
   216.691680760396        0.411864360021024E-05
   218.115858850468        0.434899746718621E-05
   219.586220452801        0.455916526257332E-05
   221.092963047973        0.474346629978338E-05
   222.626341607561        0.491399560150459E-05
   224.177422676511        0.506089506899808E-05
   225.738295616442        0.520104953104894E-05
   227.302251575635        0.532103158874914E-05
   228.863940323245        0.543068081428141E-05
   230.419438642364        0.552687659432136E-05
   231.966199113465        0.561305636513263E-05
   233.502886233161        0.569430958863729E-05
   235.029130274387        0.576868534222522E-05
   236.545240855020        0.583291520236140E-05
   238.051924315789        0.588799436426842E-05
   239.550042721437        0.594059602975144E-05
   241.040439210930        0.599307451118647E-05
   242.523837708033        0.603271696527133E-05
   244.000808975469        0.606765868220726E-05
   245.471783844910        0.609975295300497E-05
   246.937090710200        0.613170793394565E-05
   248.396997804346        0.615676086573377E-05
   249.851748475352        0.616999999999998E-05
   251.301585550442        0.618834264762866E-05
   252.751449852063        0.618999999999999E-05
   254.274598330496        0.618999999999999E-05
   255.531856127009        0.617989061014255E-05
   256.190101322016        0.615903014036143E-05
   256.134059329773        0.611864004730998E-05
   255.376606853295        0.607808087680026E-05
   254.004088639511        0.602874691085261E-05
   252.135036050316        0.596101557785568E-05
   249.894002080650        0.588537024538846E-05
   247.395338747849        0.581088945025963E-05
   244.737732425539        0.572243993175563E-05
   242.005609008327        0.562988684511098E-05
   239.272552199036        0.553523776953781E-05
   236.603542617634        0.544068078239255E-05
   234.056141882321        0.534261387491278E-05
   231.683695986152        0.525464872960593E-05
   229.517754468467        0.515862259844931E-05
   227.566372050240        0.506458266828021E-05
   225.821613134413        0.497237177062292E-05
   224.265017786782        0.488186307477485E-05
   222.872139737497        0.478518980425322E-05
   221.616750061142        0.469574789750369E-05
   220.473770770984        0.460996197934430E-05
   219.421095123962        0.452571063599747E-05
   218.440917931945        0.444274047566169E-05
   217.520142520266        0.435312698233156E-05
   216.650247808907        0.427110594494325E-05
   215.826909400044        0.419220941169560E-05
   215.049175003302        0.411468929571894E-05
   214.318823054731        0.403848429477018E-05
   213.639454449336        0.396337492603853E-05
   213.014685411855        0.388954045903419E-05
   212.446155423134        0.381694432809475E-05
   211.932094827587        0.374555182129847E-05
   211.466647033934        0.368605029061433E-05
   211.041170274565        0.362836621813744E-05
   210.646172532032        0.357531158149825E-05
   210.273423329210        0.353065864133893E-05
   209.914237747335        0.349256146907951E-05
   209.569599146500        0.346015856410667E-05
   209.253713528948        0.342828945678971E-05
   208.990818104857        0.340463536717709E-05
   208.810784162893        0.338408029195613E-05
   208.742798850732        0.337193040708619E-05
   208.807548372066        0.336197762158025E-05
   209.011506760100        0.335217770487892E-05
   209.346196543569        0.349098638817570E-05
   209.790113560814        0.430476974812302E-05
   210.301791795998        0.492682288307381E-05
   210.829805166425        0.563239573805431E-05
   212.353814933428        0.697400481147164E-05
   216.599627676528        0.123510435497415E-04
   220.946985756945        0.216672018557766E-04
   225.268668039367        0.370704382688681E-04
   229.545919910712        0.618202208889735E-04
   233.756527675709        0.100408930275447E-03
   237.875541099366        0.158697434695875E-03
   241.876837527368        0.243876307432737E-03
   245.735412498966        0.364197094386157E-03
   249.429930409834        0.528489447770561E-03
   252.944854689491        0.745565883933638E-03
   256.271578828148        0.102366350050465E-02
   259.408346424460        0.137004668422473E-02
   262.359141454813        0.179081012709383E-02
   265.132067898899        0.229084810851674E-02
   267.737709643359        0.287392265747189E-02
   270.187755446008        0.354276402818293E-02
   272.493990702070        0.429915779151615E-02
   274.860022262042        0.521564376776688E-02
   277.146157341087        0.611288038908365E-02
   279.339347909491        0.714251350187561E-02
   281.416850524290        0.825353707933005E-02
   283.400794976925        0.936216650364883E-02
   285.292223414102        0.107223481188044E-01
   286.238245839065        0.114033436809951E-01
