   213.823733360126        0.373132761559116E-05
   215.147105389671        0.401151636859628E-05
   216.518610190564        0.427376883533828E-05
   217.943110513562        0.450979808608091E-05
   219.413849578841        0.472781283508917E-05
   220.921011244615        0.492223637644080E-05
   222.454849805559        0.509277079351602E-05
   224.006439636459        0.524971836225206E-05
   225.567880771815        0.538974689399589E-05
   227.132473082673        0.551134278453284E-05
   228.694869726975        0.562939417743127E-05
   230.251143721188        0.572720856346806E-05
   231.798736440837        0.582187201701876E-05
   233.336294768239        0.590336231137466E-05
   234.863426869777        0.597768011655775E-05
   236.380418041470        0.604185262068323E-05
   237.887950221922        0.610586991894915E-05
   239.386862633204        0.615972236338760E-05
   240.877978134110        0.620338423877354E-05
   242.362003357205        0.625457794423835E-05
   243.839494799946        0.628677037337686E-05
   245.310871911601        0.632441665857591E-05
   246.776454420101        0.635537671401933E-05
   248.236504492265        0.637626443543142E-05
   249.691261948575        0.639707716877705E-05
   251.140968592501        0.641000000000000E-05
   252.585970612672        0.642000000000000E-05
   254.121451493971        0.642000000000000E-05
   255.405087083086        0.641000000000000E-05
   256.091273353348        0.639010504035834E-05
   256.060013627794        0.635983811376134E-05
   255.322660320392        0.630993267293412E-05
   253.965711130976        0.626088890391270E-05
   252.108696701313        0.619379609422836E-05
   249.877581758343        0.612782365579023E-05
   247.387486511601        0.604667887386233E-05
   244.737551741000        0.595552298132573E-05
   242.012813605860        0.586633629447234E-05
   239.287736442777        0.577894559348587E-05
   236.628370010276        0.568373916349048E-05
   234.093275633394        0.558627652285561E-05
   231.735313615908        0.548829558109391E-05
   229.585766320179        0.539221114156325E-05
   227.652546250850        0.529814322755822E-05
   225.927400946995        0.520585582986928E-05
   224.391623680270        0.511530332650846E-05
   223.021016698429        0.502637603755018E-05
   221.789067699885        0.493903017661315E-05
   220.670134704490        0.485313188395180E-05
   219.641640366604        0.476859137564983E-05
   218.685464875985        0.467569508389976E-05
   217.788097901025        0.459407460987226E-05
   216.940781615912        0.451380563279964E-05
   216.139356633367        0.443052890000461E-05
   215.383035043865        0.434707199334685E-05
   214.673165531669        0.427071801538157E-05
   214.012922043610        0.419545138674641E-05
   213.405819096562        0.412144393387479E-05
   212.853516915155        0.404867036268733E-05
   212.353999097253        0.398592077974127E-05
   211.902003183194        0.391720512510366E-05
   211.489415886940        0.385937320535502E-05
   211.106195819079        0.380599757380944E-05
   210.743092515019        0.376122664048225E-05
   210.390832062101        0.372289912167016E-05
   210.050073396344        0.369040962212267E-05
   209.735211072446        0.365845545822813E-05
   209.469654738918        0.363469048817849E-05
   209.283044015716        0.361408210443159E-05
   209.202040950704        0.360190571995958E-05
   209.251379481875        0.359192890487658E-05
   209.433880248581        0.358210645270140E-05
   209.758962573322        0.372283175213188E-05
   210.181618176628        0.461599224388879E-05
   210.715360130635        0.524196162672656E-05
   211.288621991658        0.600978280712324E-05
   212.315170058956        0.693819126169996E-05
   216.431378140505        0.120834811401773E-04
   220.776266826022        0.212094227748891E-04
   225.095994302137        0.363082465245951E-04
   229.372039760675        0.605873492529919E-04
   233.582447538851        0.984754686183850E-04
   237.702505808200        0.155763770199999E-03
   241.706248592026        0.239577018655942E-03
   245.568686118584        0.358116878337052E-03
   249.268327611458        0.520188389851198E-03
   252.789339662608        0.734607174762214E-03
   256.122756799046        0.100963685699718E-02
   259.266487046557        0.135258443557627E-02
   262.224224006267        0.176959182931329E-02
   265.003851830224        0.226559715052469E-02
   267.615809393852        0.284439877953637E-02
   270.071706236617        0.350875532882898E-02
   272.383299645616        0.426047458891035E-02
   274.754101055535        0.517497093746265E-02
   277.043836492274        0.607365582319205E-02
   279.239771053615        0.709043321824783E-02
   281.320502765139        0.820323483151938E-02
   283.305581278347        0.929517657529550E-02
   285.200096338899        0.106576472624572E-01
   286.147176845253        0.113394433520513E-01
