     ALT          P          T          FH2O           O3           THEAT        TCOOL        PSATCO2        FCO2
6.6416E+01  3.2610E-05 1.8492E+02    1.4212E-06    5.9995E-09    3.3553E+01   -2.6741E+01    4.4248E-01    1.7900E-04
6.5496E+01  3.8505E-05 1.7329E+02    1.6641E-06    7.6344E-09    5.2134E+00   -1.1700E+01    1.4229E-01    1.8000E-04
6.4631E+01  4.5410E-05 1.6607E+02    1.8872E-06    9.7233E-09    1.5927E+00   -4.2852E+00    6.4748E-02    1.8023E-04
6.3800E+01  5.3485E-05 1.6272E+02    2.0959E-06    1.1390E-08    1.0520E+00   -1.3731E+00    4.3874E-02    1.8100E-04
6.2986E+01  6.2916E-05 1.6199E+02    2.2971E-06    1.2661E-08    9.5833E-01   -4.4721E-01    4.0207E-02    1.8100E-04
6.2178E+01  7.3917E-05 1.6277E+02    2.5329E-06    1.3668E-08    9.2503E-01   -3.3754E-01    4.4119E-02    1.8200E-04
6.1371E+01  8.6733E-05 1.6434E+02    2.8145E-06    1.4549E-08    8.9506E-01   -4.8591E-01    5.3041E-02    1.8200E-04
6.0562E+01  1.0164E-04 1.6629E+02    3.0921E-06    1.5520E-08    8.6693E-01   -6.4717E-01    6.6422E-02    1.8200E-04
5.9749E+01  1.1896E-04 1.6844E+02    3.3594E-06    1.6697E-08    8.4401E-01   -7.3537E-01    8.4472E-02    1.8200E-04
5.8933E+01  1.3906E-04 1.7067E+02    3.5975E-06    1.8123E-08    8.2447E-01   -7.6918E-01    1.0777E-01    1.8200E-04
5.8113E+01  1.6235E-04 1.7294E+02    3.8247E-06    1.9943E-08    8.0989E-01   -7.7636E-01    1.3716E-01    1.8200E-04
5.7289E+01  1.8930E-04 1.7523E+02    4.0392E-06    2.2274E-08    8.0132E-01   -7.7763E-01    1.7372E-01    1.8200E-04
5.6461E+01  2.2045E-04 1.7753E+02    4.2385E-06    2.5285E-08    7.9992E-01   -7.8555E-01    2.1892E-01    1.8200E-04
5.5629E+01  2.5640E-04 1.7985E+02    4.4259E-06    2.9387E-08    8.0807E-01   -8.0540E-01    2.7483E-01    1.8200E-04
5.4794E+01  2.9784E-04 1.8221E+02    4.6008E-06    3.4865E-08    8.2759E-01   -8.3783E-01    3.4429E-01    1.8200E-04
5.3955E+01  3.4553E-04 1.8463E+02    4.7626E-06    4.2206E-08    8.6098E-01   -8.8123E-01    4.3114E-01    1.8200E-04
5.3112E+01  4.0036E-04 1.8713E+02    4.9117E-06    5.1570E-08    9.0906E-01   -9.3349E-01    5.4024E-01    1.8200E-04
5.2265E+01  4.6330E-04 1.8970E+02    5.0570E-06    6.2955E-08    9.7133E-01   -9.9326E-01    6.7741E-01    1.8200E-04
5.1415E+01  5.3547E-04 1.9235E+02    5.1867E-06    7.5757E-08    1.0435E+00   -1.0573E+00    8.4923E-01    1.8200E-04
5.0560E+01  6.1809E-04 1.9505E+02    5.3064E-06    8.9109E-08    1.1199E+00   -1.1259E+00    1.0629E+00    1.8200E-04
4.9700E+01  7.1257E-04 1.9779E+02    5.4267E-06    1.0275E-07    1.1978E+00   -1.2009E+00    1.3263E+00    1.8200E-04
4.8837E+01  8.2045E-04 2.0055E+02    5.5394E-06    1.1655E-07    1.2759E+00   -1.2799E+00    1.6476E+00    1.8200E-04
4.7970E+01  9.4348E-04 2.0332E+02    5.6534E-06    1.3195E-07    1.3601E+00   -1.3586E+00    2.0354E+00    1.8200E-04
4.7099E+01  1.0836E-03 2.0608E+02    5.7550E-06    1.4793E-07    1.4469E+00   -1.4493E+00    2.4982E+00    1.8200E-04
4.6225E+01  1.2429E-03 2.0882E+02    5.8524E-06    1.6657E-07    1.5425E+00   -1.5488E+00    3.0442E+00    1.8200E-04
4.5347E+01  1.4239E-03 2.1151E+02    5.9482E-06    1.8837E-07    1.6440E+00   -1.6499E+00    3.6798E+00    1.8200E-04
4.4467E+01  1.6292E-03 2.1415E+02    6.0381E-06    2.1232E-07    1.7446E+00   -1.7505E+00    4.4089E+00    1.8200E-04
4.3585E+01  1.8617E-03 2.1671E+02    6.1264E-06    2.3945E-07    1.8472E+00   -1.8507E+00    5.2131E+00    1.8200E-04
4.2702E+01  2.1247E-03 2.1915E+02    6.2048E-06    2.7085E-07    1.9554E+00   -1.9529E+00    5.7881E+00    1.8200E-04
4.1817E+01  2.4219E-03 2.2147E+02    6.2846E-06    3.0708E-07    2.0701E+00   -2.0622E+00    6.3745E+00    1.8200E-04
4.0932E+01  2.7571E-03 2.2362E+02    6.3554E-06    3.4927E-07    2.1913E+00   -2.1814E+00    6.9597E+00    1.8200E-04
4.0048E+01  3.1347E-03 2.2559E+02    6.4221E-06    3.9781E-07    2.3147E+00   -2.3105E+00    7.5308E+00    1.8200E-04
3.9166E+01  3.5596E-03 2.2737E+02    6.4750E-06    4.5584E-07    2.4416E+00   -2.4446E+00    8.0745E+00    1.8200E-04
3.8286E+01  4.0370E-03 2.2893E+02    6.5278E-06    5.2483E-07    2.5658E+00   -2.5768E+00    8.5768E+00    1.8200E-04
3.7410E+01  4.5726E-03 2.3026E+02    6.5736E-06    6.0887E-07    2.6858E+00   -2.6999E+00    9.0210E+00    1.8200E-04
3.6538E+01  5.1728E-03 2.3132E+02    6.6042E-06    7.1302E-07    2.7992E+00   -2.8085E+00    9.3873E+00    1.8200E-04
3.5672E+01  5.8444E-03 2.3206E+02    6.6216E-06    8.4683E-07    2.9065E+00   -2.8985E+00    9.6518E+00    1.8200E-04
3.4813E+01  6.5949E-03 2.3244E+02    6.6300E-06    1.0162E-06    2.9934E+00   -2.9626E+00    9.7903E+00    1.8200E-04
3.3963E+01  7.4324E-03 2.3242E+02    6.6300E-06    1.2439E-06    3.0621E+00   -2.9928E+00    9.7828E+00    1.8200E-04
3.3122E+01  8.3656E-03 2.3198E+02    6.6075E-06    1.5139E-06    3.0572E+00   -2.9752E+00    9.6234E+00    1.8200E-04
3.2294E+01  9.4042E-03 2.3114E+02    6.5817E-06    1.8225E-06    2.9744E+00   -2.9066E+00    9.3265E+00    1.8200E-04
3.1477E+01  1.0558E-02 2.2998E+02    6.5336E-06    2.1262E-06    2.8074E+00   -2.7930E+00    8.9258E+00    1.8200E-04
3.0675E+01  1.1839E-02 2.2858E+02    6.4840E-06    2.3891E-06    2.5880E+00   -2.5958E+00    8.4619E+00    1.8200E-04
2.9886E+01  1.3259E-02 2.2704E+02    6.4209E-06    2.5795E-06    2.3457E+00   -2.3741E+00    7.9724E+00    1.8200E-04
2.9112E+01  1.4830E-02 2.2544E+02    6.3562E-06    2.6937E-06    2.1045E+00   -2.1422E+00    7.4871E+00    1.8200E-04
2.8352E+01  1.6566E-02 2.2385E+02    6.2802E-06    2.7459E-06    1.8778E+00   -1.9122E+00    7.0257E+00    1.8200E-04
2.7607E+01  1.8483E-02 2.2231E+02    6.2056E-06    2.7442E-06    1.6684E+00   -1.6944E+00    6.5984E+00    1.8200E-04
2.6875E+01  2.0595E-02 2.2083E+02    6.1249E-06    2.6999E-06    1.4788E+00   -1.4953E+00    6.2092E+00    1.8200E-04
2.6156E+01  2.2919E-02 2.1944E+02    6.0487E-06    2.6167E-06    1.3092E+00   -1.3201E+00    5.8585E+00    1.8200E-04
2.5450E+01  2.5474E-02 2.1814E+02    5.9639E-06    2.5178E-06    1.1641E+00   -1.1698E+00    5.5446E+00    1.8200E-04
2.4757E+01  2.8278E-02 2.1694E+02    5.8808E-06    2.4111E-06    1.0413E+00   -1.0433E+00    5.2652E+00    1.8200E-04
2.4076E+01  3.1351E-02 2.1583E+02    5.7890E-06    2.3018E-06    9.3713E-01   -9.3663E-01    4.9348E+00    1.8200E-04
2.3407E+01  3.4714E-02 2.1482E+02    5.7087E-06    2.1878E-06    8.4656E-01   -8.4630E-01    4.6133E+00    1.8200E-04
2.2749E+01  3.8389E-02 2.1392E+02    5.6198E-06    2.0698E-06    7.6624E-01   -7.6791E-01    4.3410E+00    1.8200E-04
2.2102E+01  4.2400E-02 2.1313E+02    5.5321E-06    1.9559E-06    6.9530E-01   -6.9887E-01    4.1138E+00    1.8200E-04
2.1466E+01  4.6771E-02 2.1246E+02    5.4500E-06    1.8482E-06    6.3191E-01   -6.3733E-01    3.9286E+00    1.8200E-04
2.0839E+01  5.1528E-02 2.1191E+02    5.3624E-06    1.7357E-06    5.7298E-01   -5.8204E-01    3.7825E+00    1.8200E-04
2.0223E+01  5.6697E-02 2.1149E+02    5.2761E-06    1.6349E-06    5.2037E-01   -5.3044E-01    3.6725E+00    1.8200E-04
1.9615E+01  6.2306E-02 2.1118E+02    5.1910E-06    1.5223E-06    4.7000E-01   -4.8283E-01    3.5956E+00    1.8200E-04
1.9017E+01  6.8383E-02 2.1099E+02    5.1072E-06    1.4073E-06    4.2324E-01   -4.3711E-01    3.5481E+00    1.8200E-04
1.8427E+01  7.4959E-02 2.1090E+02    5.0311E-06    1.2945E-06    3.8083E-01   -3.9179E-01    3.5255E+00    1.8200E-04
1.7846E+01  8.2064E-02 2.1089E+02    4.9533E-06    1.1702E-06    3.4052E-01   -3.4833E-01    3.5219E+00    1.8200E-04
1.7272E+01  8.9729E-02 2.1092E+02    4.8922E-06    1.0446E-06    3.0367E-01   -3.0676E-01    3.5308E+00    1.8200E-04
1.6707E+01  9.7986E-02 2.1098E+02    4.8256E-06    9.2022E-07    2.7016E-01   -2.6650E-01    3.5450E+00    1.8200E-04
1.6150E+01  1.0687E-01 2.1102E+02    4.7699E-06    7.8899E-07    2.3730E-01   -2.0928E-01    3.5564E+00    1.8200E-04
1.5601E+01  1.1641E-01 2.1104E+02    4.7180E-06    6.6107E-07    2.0706E-01   -1.7723E-01    3.5599E+00    1.8200E-04
1.5060E+01  1.2664E-01 2.1102E+02    4.6785E-06    5.4110E-07    1.8010E-01   -1.5297E-01    3.5542E+00    1.8200E-04
1.4527E+01  1.3760E-01 2.1097E+02    4.6466E-06    4.3251E-07    1.5649E-01   -1.3623E-01    3.5423E+00    1.8200E-04
1.4003E+01  1.4932E-01 2.1092E+02    4.6201E-06    3.3559E-07    1.3594E-01   -1.2735E-01    3.5307E+00    1.8200E-04
1.3487E+01  1.6183E-01 2.1091E+02    4.5995E-06    2.5114E-07    1.1847E-01   -1.2504E-01    3.5280E+00    1.8200E-04
1.2979E+01  1.7517E-01 2.1097E+02    4.5791E-06    1.8742E-07    1.0510E-01   -1.2279E-01    3.5429E+00    1.8200E-04
1.2479E+01  1.8937E-01 2.1113E+02    4.5700E-06    1.4376E-07    9.5675E-02   -1.1753E-01    3.5817E+00    1.8200E-04
1.1987E+01  2.0446E-01 2.1140E+02    4.6899E-06    1.1238E-07    8.9490E-02   -1.1430E-01    3.6494E+00    1.8200E-04
1.1502E+01  2.2048E-01 2.1177E+02    5.2236E-06    8.8997E-08    8.6991E-02   -1.1894E-01    3.7457E+00    1.8200E-04
1.1024E+01  2.3745E-01 2.1225E+02    6.2692E-06    7.3671E-08    8.8081E-02   -1.1944E-01    3.8715E+00    1.8200E-04
1.0553E+01  2.5541E-01 2.1276E+02    7.3419E-06    6.4835E-08    8.9142E-02   -4.9786E-02    4.0098E+00    1.8200E-04
1.0090E+01  2.7438E-01 2.1333E+02    7.9571E-06    5.9078E-08    9.2101E-02   -5.2606E-02    4.1684E+00    1.8200E-04
9.6304E+00  2.9439E-01 2.1628E+02    1.1848E-05    5.4461E-08    1.0827E-01   -3.0412E-01    5.0850E+00    1.8200E-04
9.1719E+00  3.1546E-01 2.2063E+02    2.0815E-05    5.0318E-08    1.4336E-01   -7.1070E-01    6.1567E+00    1.8200E-04
8.7128E+00  3.3761E-01 2.2495E+02    3.5663E-05    4.6489E-08    1.9283E-01   -1.1326E+00    7.3407E+00    1.8200E-04
8.2537E+00  3.6086E-01 2.2922E+02    5.9557E-05    4.2827E-08    2.5391E-01   -1.5270E+00    8.6734E+00    1.8200E-04
7.7949E+00  3.8523E-01 2.3344E+02    9.6877E-05    3.9234E-08    3.2131E-01   -1.8397E+00    1.0155E+01    1.8200E-04
7.3369E+00  4.1072E-01 2.3756E+02    1.5336E-04    3.5900E-08    3.9200E-01   -2.0550E+00    1.1778E+01    1.8200E-04
6.8802E+00  4.3735E-01 2.4157E+02    2.3609E-04    3.2752E-08    4.6815E-01   -2.1972E+00    1.3533E+01    1.8200E-04
6.4254E+00  4.6512E-01 2.4543E+02    3.5322E-04    2.9851E-08    5.4583E-01   -2.2570E+00    1.5401E+01    1.8200E-04
5.9730E+00  4.9403E-01 2.4914E+02    5.1355E-04    2.7097E-08    6.1157E-01   -2.2665E+00    1.7362E+01    1.8200E-04
5.5236E+00  5.2407E-01 2.5266E+02    7.2591E-04    2.4540E-08    6.5843E-01   -2.2530E+00    1.9393E+01    1.8200E-04
5.0778E+00  5.5525E-01 2.5600E+02    9.9857E-04    2.2206E-08    6.9212E-01   -2.2383E+00    2.1471E+01    1.8200E-04
4.6362E+00  5.8753E-01 2.5915E+02    1.3389E-03    2.0052E-08    7.1932E-01   -2.1996E+00    2.3576E+01    1.8200E-04
4.1994E+00  6.2091E-01 2.6212E+02    1.7531E-03    1.8086E-08    7.4001E-01   -2.1405E+00    2.5691E+01    1.8200E-04
3.7677E+00  6.5536E-01 2.6490E+02    2.2460E-03    1.6367E-08    7.5140E-01   -2.0778E+00    2.7803E+01    1.8200E-04
3.3418E+00  6.9084E-01 2.6752E+02    2.8217E-03    1.4731E-08    7.5359E-01   -1.9885E+00    2.9902E+01    1.8200E-04
2.9221E+00  7.2734E-01 2.6998E+02    3.4828E-03    1.3398E-08    7.4961E-01   -1.8465E+00    3.1979E+01    1.8200E-04
2.5090E+00  7.6479E-01 2.7230E+02    4.2312E-03    1.2205E-08    7.4237E-01   -1.6968E+00    3.4030E+01    1.8200E-04
2.1027E+00  8.0316E-01 2.7465E+02    5.1345E-03    1.1164E-08    7.3756E-01   -1.6001E+00    3.6209E+01    1.8200E-04
1.7034E+00  8.4240E-01 2.7694E+02    6.0350E-03    1.0308E-08    7.1927E-01   -1.5179E+00    3.8436E+01    1.8200E-04
1.3115E+00  8.8243E-01 2.7914E+02    7.0397E-03    9.5619E-09    7.0296E-01   -1.5067E+00    4.0665E+01    1.8200E-04
9.2711E-01  9.2321E-01 2.8123E+02    8.1547E-03    8.9918E-09    6.9233E-01   -1.5740E+00    4.2867E+01    1.8200E-04
5.5066E-01  9.6465E-01 2.8321E+02    9.2310E-03    8.5512E-09    6.8554E-01   -1.7519E+00    4.5049E+01    1.8200E-04
1.8238E-01  1.0067E+00 2.8511E+02    1.0596E-02    8.1959E-09    7.0708E-01   -2.0070E+00    4.7212E+01    1.8200E-04
0.0000E+00  1.0281E+00 2.8606E+02    1.1279E-02    8.2600E-09    7.9992E+00   -3.5474E+00    4.8322E+01    1.8200E-04
