     ALT          P          T          FH2O           O3           THEAT        TCOOL        PSATCO2        FCO2
6.1384E+01  3.2610E-05 1.7789E+02    1.6777E-10    7.4656E-09    3.9459E+01   -3.2857E+01    2.2686E-01    3.8291E-04
6.0480E+01  3.8508E-05 1.7312E+02    2.4995E-10    1.0251E-08    2.7864E+00   -1.0727E+01    1.3979E-01    3.8860E-04
5.9599E+01  4.5414E-05 1.7208E+02    3.7143E-10    1.2333E-08    1.8667E+00   -3.3088E+00    1.2526E-01    3.9489E-04
5.8724E+01  5.3492E-05 1.7348E+02    5.5524E-10    1.3410E-08    1.7217E+00   -1.2153E+00    1.4512E-01    4.0019E-04
5.7846E+01  6.2928E-05 1.7605E+02    8.3857E-10    1.3519E-08    1.5979E+00   -1.1628E+00    1.8891E-01    4.0641E-04
5.6961E+01  7.3934E-05 1.7895E+02    1.2786E-09    1.3069E-08    1.4770E+00   -1.0175E+00    2.5181E-01    4.1229E-04
5.6070E+01  8.6756E-05 1.8168E+02    1.9646E-09    1.2008E-08    1.3602E+00   -1.1138E+00    3.2756E-01    4.1842E-04
5.5173E+01  1.0167E-04 1.8399E+02    3.0407E-09    1.0553E-08    1.2487E+00   -1.0671E+00    4.0650E-01    4.2445E-04
5.4274E+01  1.1901E-04 1.8572E+02    4.7298E-09    8.7995E-09    1.1522E+00   -1.0002E+00    4.7596E-01    4.3079E-04
5.3376E+01  1.3912E-04 1.8678E+02    7.3630E-09    6.8702E-09    1.0627E+00   -9.2566E-01    5.2386E-01    4.3698E-04
5.2482E+01  1.6242E-04 1.8718E+02    1.1408E-08    4.9282E-09    9.8117E-01   -8.6587E-01    5.4295E-01    4.4260E-04
5.1594E+01  1.8939E-04 1.8698E+02    1.7645E-08    3.1951E-09    9.1198E-01   -8.3372E-01    5.3324E-01    4.4892E-04
5.0717E+01  2.2056E-04 1.8628E+02    2.6894E-08    1.8604E-09    8.5522E-01   -8.1753E-01    5.0097E-01    4.5425E-04
4.9851E+01  2.5654E-04 1.8523E+02    4.0250E-08    1.0820E-09    8.1502E-01   -8.1301E-01    4.5532E-01    4.6038E-04
4.8998E+01  2.9801E-04 1.8395E+02    5.8725E-08    7.7243E-10    7.8859E-01   -8.1448E-01    4.0513E-01    4.6550E-04
4.8158E+01  3.4574E-04 1.8259E+02    8.3592E-08    6.3510E-10    7.7436E-01   -8.1737E-01    3.5695E-01    4.7036E-04
4.7332E+01  4.0062E-04 1.8125E+02    1.1533E-07    5.5025E-10    7.6937E-01   -8.2049E-01    3.1455E-01    4.7450E-04
4.6519E+01  4.6362E-04 1.8002E+02    1.5442E-07    5.0077E-10    7.7118E-01   -8.2301E-01    2.7949E-01    4.7792E-04
4.5718E+01  5.3585E-04 1.7895E+02    1.9983E-07    4.7463E-10    7.7747E-01   -8.2482E-01    2.5187E-01    4.8106E-04
4.4928E+01  6.1856E-04 1.7807E+02    2.5000E-07    4.6964E-10    7.8463E-01   -8.2430E-01    2.3100E-01    4.8328E-04
4.4150E+01  7.1313E-04 1.7739E+02    3.0007E-07    4.8174E-10    7.9056E-01   -8.2032E-01    2.1592E-01    4.8520E-04
4.3381E+01  8.2113E-04 1.7690E+02    3.4782E-07    5.0837E-10    7.9292E-01   -8.1252E-01    2.0562E-01    4.8674E-04
4.2620E+01  9.4428E-04 1.7658E+02    3.9152E-07    5.5103E-10    7.9052E-01   -8.0175E-01    1.9916E-01    4.8800E-04
4.1868E+01  1.0845E-03 1.7641E+02    4.2765E-07    6.1196E-10    7.8674E-01   -7.8961E-01    1.9577E-01    4.8876E-04
4.1123E+01  1.2441E-03 1.7636E+02    4.5547E-07    6.9423E-10    7.8131E-01   -7.7938E-01    1.9482E-01    4.8925E-04
4.0385E+01  1.4253E-03 1.7641E+02    4.7325E-07    8.0302E-10    7.7497E-01   -7.7338E-01    1.9582E-01    4.9000E-04
3.9654E+01  1.6308E-03 1.7654E+02    4.8375E-07    9.4151E-10    7.7030E-01   -7.7304E-01    1.9844E-01    4.9019E-04
3.8930E+01  1.8636E-03 1.7674E+02    4.8764E-07    1.1112E-09    7.7057E-01   -7.7803E-01    2.0239E-01    4.9100E-04
3.8211E+01  2.1270E-03 1.7698E+02    4.8677E-07    1.3222E-09    7.7414E-01   -7.8369E-01    2.0738E-01    4.9100E-04
3.7498E+01  2.4245E-03 1.7725E+02    4.8199E-07    1.5724E-09    7.7981E-01   -7.8669E-01    2.1302E-01    4.9100E-04
3.6791E+01  2.7602E-03 1.7752E+02    4.7542E-07    1.8522E-09    7.8465E-01   -7.8491E-01    2.1882E-01    4.9100E-04
3.6091E+01  3.1383E-03 1.7776E+02    4.6709E-07    2.1662E-09    7.8616E-01   -7.7802E-01    2.2416E-01    4.9100E-04
3.5396E+01  3.5638E-03 1.7796E+02    4.5876E-07    2.5207E-09    7.8314E-01   -7.6763E-01    2.2847E-01    4.9100E-04
3.4708E+01  4.0419E-03 1.7808E+02    4.5050E-07    2.9259E-09    7.7544E-01   -7.5530E-01    2.3129E-01    4.9100E-04
3.4027E+01  4.5783E-03 1.7813E+02    4.4187E-07    3.3898E-09    7.6310E-01   -7.4176E-01    2.3243E-01    4.9100E-04
3.3352E+01  5.1794E-03 1.7811E+02    4.3323E-07    3.9220E-09    7.4576E-01   -7.2660E-01    2.3199E-01    4.9100E-04
3.2685E+01  5.8521E-03 1.7804E+02    4.2409E-07    4.5227E-09    7.2236E-01   -7.0836E-01    2.3041E-01    4.9100E-04
3.2025E+01  6.6037E-03 1.7795E+02    4.1484E-07    5.2182E-09    6.9185E-01   -6.8566E-01    2.2835E-01    4.9100E-04
3.1372E+01  7.4425E-03 1.7788E+02    4.0571E-07    6.0015E-09    6.5388E-01   -6.5793E-01    2.2664E-01    4.9100E-04
3.0727E+01  8.3773E-03 1.7785E+02    3.9664E-07    6.8930E-09    6.0996E-01   -6.2577E-01    2.2616E-01    4.9100E-04
3.0088E+01  9.4176E-03 1.7792E+02    3.8673E-07    7.8912E-09    5.6345E-01   -5.9055E-01    2.2769E-01    4.9100E-04
2.9456E+01  1.0574E-02 1.7811E+02    3.7729E-07    9.0090E-09    5.1854E-01   -5.4342E-01    2.3184E-01    4.9100E-04
2.8831E+01  1.1857E-02 1.7841E+02    3.6729E-07    1.0233E-08    4.7970E-01   -5.0413E-01    2.3900E-01    4.9100E-04
2.8211E+01  1.3279E-02 1.7885E+02    3.5992E-07    1.1590E-08    4.5065E-01   -4.7111E-01    2.4940E-01    4.9100E-04
2.7596E+01  1.4853E-02 1.7940E+02    3.5992E-07    1.3058E-08    4.3210E-01   -4.4568E-01    2.6310E-01    4.9100E-04
2.6986E+01  1.6592E-02 1.8004E+02    3.6515E-07    1.4520E-08    4.2205E-01   -4.2764E-01    2.7999E-01    4.9100E-04
2.6381E+01  1.8512E-02 1.8075E+02    3.7535E-07    1.6120E-08    4.1801E-01   -4.1577E-01    2.9983E-01    4.9100E-04
2.5781E+01  2.0628E-02 1.8151E+02    3.8831E-07    1.7903E-08    4.1652E-01   -4.0793E-01    3.2233E-01    4.9100E-04
2.5185E+01  2.2957E-02 1.8230E+02    4.0379E-07    1.9836E-08    4.1432E-01   -4.0206E-01    3.4718E-01    4.9100E-04
2.4594E+01  2.5517E-02 1.8310E+02    4.2062E-07    2.2163E-08    4.1019E-01   -3.9645E-01    3.7423E-01    4.9100E-04
2.4007E+01  2.8326E-02 1.8391E+02    4.3964E-07    2.4835E-08    4.0287E-01   -3.9049E-01    4.0355E-01    4.9100E-04
2.3425E+01  3.1405E-02 1.8474E+02    4.6188E-07    2.7885E-08    3.9219E-01   -3.8407E-01    4.3555E-01    4.9100E-04
2.2848E+01  3.4775E-02 1.8560E+02    4.8820E-07    3.1367E-08    3.7880E-01   -3.7714E-01    4.7102E-01    4.9100E-04
2.2275E+01  3.8457E-02 1.8651E+02    5.2050E-07    3.5410E-08    3.6412E-01   -3.6938E-01    5.1112E-01    4.9100E-04
2.1706E+01  4.2476E-02 1.8748E+02    5.6169E-07    4.0079E-08    3.4955E-01   -3.6059E-01    5.5729E-01    4.9100E-04
2.1142E+01  4.6857E-02 1.8852E+02    6.1343E-07    4.5410E-08    3.3630E-01   -3.5068E-01    6.1116E-01    4.9100E-04
2.0582E+01  5.1623E-02 1.8965E+02    6.7906E-07    5.1698E-08    3.2595E-01   -3.4019E-01    6.7434E-01    4.9100E-04
2.0026E+01  5.6803E-02 1.9086E+02    7.6061E-07    5.9098E-08    3.1901E-01   -3.3016E-01    7.4836E-01    4.9100E-04
1.9474E+01  6.2424E-02 1.9214E+02    8.6022E-07    6.8119E-08    3.1610E-01   -3.2174E-01    8.3453E-01    4.9100E-04
1.8925E+01  6.8515E-02 1.9348E+02    9.7843E-07    7.9321E-08    3.1685E-01   -3.1590E-01    9.3392E-01    4.9100E-04
1.8381E+01  7.5105E-02 1.9487E+02    1.1216E-06    9.3031E-08    3.1960E-01   -3.1381E-01    1.0475E+00    4.9100E-04
1.7840E+01  8.2225E-02 1.9629E+02    1.2898E-06    1.0909E-07    3.2175E-01   -3.1578E-01    1.1762E+00    4.9100E-04
1.7302E+01  8.9907E-02 1.9774E+02    1.4801E-06    1.2711E-07    3.2108E-01   -3.2199E-01    1.3215E+00    4.9100E-04
1.6768E+01  9.8182E-02 1.9922E+02    1.7113E-06    1.4437E-07    3.1418E-01   -3.3075E-01    1.4852E+00    4.9100E-04
1.6239E+01  1.0708E-01 2.0071E+02    1.5541E-06    1.5924E-07    2.9762E-01   -2.8051E-01    1.6676E+00    4.9100E-04
1.5713E+01  1.1665E-01 2.0220E+02    1.5870E-06    1.7059E-07    2.7981E-01   -2.7193E-01    1.8695E+00    4.9100E-04
1.5191E+01  1.2690E-01 2.0343E+02    1.8044E-06    1.7823E-07    2.6311E-01   -2.6186E-01    2.0525E+00    4.9100E-04
1.4674E+01  1.3789E-01 2.0444E+02    2.1252E-06    1.7970E-07    2.4610E-01   -2.4649E-01    2.2137E+00    4.9100E-04
1.4163E+01  1.4963E-01 2.0527E+02    2.4306E-06    1.7623E-07    2.2887E-01   -2.2757E-01    2.3541E+00    4.9100E-04
1.3658E+01  1.6217E-01 2.0610E+02    2.7716E-06    1.6475E-07    2.1000E-01   -2.1389E-01    2.5014E+00    4.9100E-04
1.3159E+01  1.7555E-01 2.0687E+02    3.1270E-06    1.4736E-07    1.9054E-01   -1.8498E-01    2.6452E+00    4.9100E-04
1.2667E+01  1.8978E-01 2.0754E+02    3.4736E-06    1.2843E-07    1.7268E-01   -1.7943E-01    2.7768E+00    4.9100E-04
1.2180E+01  2.0491E-01 2.0868E+02    4.1189E-06    1.0902E-07    1.5815E-01   -1.5629E-01    3.0145E+00    4.9100E-04
1.1699E+01  2.2097E-01 2.0924E+02    4.4865E-06    9.0354E-08    1.4412E-01   -1.4473E-01    3.1360E+00    4.9100E-04
1.1224E+01  2.3798E-01 2.1114E+02    5.8824E-06    7.3427E-08    1.3757E-01   -1.3766E-01    3.5850E+00    4.9100E-04
1.0754E+01  2.5599E-01 2.1215E+02    6.7956E-06    6.2277E-08    1.3357E-01   -1.9301E-01    3.8450E+00    4.9100E-04
1.0285E+01  2.7500E-01 2.1660E+02    1.2376E-05    5.4731E-08    1.5466E-01   -6.0305E-01    5.1893E+00    4.9100E-04
9.8160E+00  2.9506E-01 2.2104E+02    2.1961E-05    4.8423E-08    1.8974E-01   -1.0222E+00    6.2633E+00    4.9100E-04
9.3457E+00  3.1618E-01 2.2545E+02    3.7954E-05    4.2687E-08    2.3727E-01   -1.4353E+00    7.4886E+00    4.9100E-04
8.8751E+00  3.3839E-01 2.2981E+02    6.3857E-05    3.7404E-08    2.9608E-01   -1.8084E+00    8.8694E+00    4.9100E-04
8.4044E+00  3.6170E-01 2.3410E+02    1.0450E-04    3.2421E-08    3.6145E-01   -2.0989E+00    1.0404E+01    4.9100E-04
7.9343E+00  3.8613E-01 2.3829E+02    1.6618E-04    2.7776E-08    4.2966E-01   -2.2892E+00    1.2085E+01    4.9100E-04
7.4653E+00  4.1169E-01 2.4235E+02    2.5652E-04    2.3557E-08    5.0366E-01   -2.4081E+00    1.3897E+01    4.9100E-04
6.9979E+00  4.3839E-01 2.4625E+02    3.8420E-04    1.9793E-08    5.8006E-01   -2.4432E+00    1.5821E+01    4.9100E-04
6.5328E+00  4.6623E-01 2.4998E+02    5.5830E-04    1.6533E-08    6.4429E-01   -2.4235E+00    1.7833E+01    4.9100E-04
6.0706E+00  4.9522E-01 2.5352E+02    7.8775E-04    1.3727E-08    6.8873E-01   -2.3735E+00    1.9908E+01    4.9100E-04
5.6119E+00  5.2534E-01 2.5685E+02    1.0807E-03    1.1279E-08    7.1953E-01   -2.3285E+00    2.2023E+01    4.9100E-04
5.1573E+00  5.5660E-01 2.5999E+02    1.4444E-03    9.1898E-09    7.4379E-01   -2.2593E+00    2.4159E+01    4.9100E-04
4.7074E+00  5.8897E-01 2.6294E+02    1.8845E-03    7.4664E-09    7.6145E-01   -2.1736E+00    2.6299E+01    4.9100E-04
4.2627E+00  6.2244E-01 2.6570E+02    2.4060E-03    6.0365E-09    7.6948E-01   -2.0877E+00    2.8431E+01    4.9100E-04
3.8237E+00  6.5698E-01 2.6830E+02    3.0125E-03    4.8546E-09    7.6822E-01   -1.9743E+00    3.0547E+01    4.9100E-04
3.3909E+00  6.9257E-01 2.7074E+02    3.7069E-03    3.8994E-09    7.6087E-01   -1.8033E+00    3.2640E+01    4.9100E-04
2.9647E+00  7.2916E-01 2.7304E+02    4.4909E-03    3.1301E-09    7.5041E-01   -1.6428E+00    3.4706E+01    4.9100E-04
2.5452E+00  7.6672E-01 2.7546E+02    5.4398E-03    2.5224E-09    7.4227E-01   -1.5437E+00    3.6983E+01    4.9100E-04
2.1326E+00  8.0519E-01 2.7775E+02    6.3367E-03    2.0463E-09    7.1710E-01   -1.4415E+00    3.9243E+01    4.9100E-04
1.7274E+00  8.4454E-01 2.7995E+02    7.4511E-03    1.6723E-09    7.0164E-01   -1.4370E+00    4.1507E+01    4.9100E-04
1.3296E+00  8.8468E-01 2.8204E+02    8.5628E-03    1.3905E-09    6.8297E-01   -1.4828E+00    4.3746E+01    4.9100E-04
9.3981E-01  9.2557E-01 2.8404E+02    9.7933E-03    1.1923E-09    6.7425E-01   -1.6113E+00    4.5980E+01    4.9100E-04
5.5811E-01  9.6713E-01 2.8594E+02    1.1156E-02    1.0561E-09    6.7919E-01   -1.8574E+00    4.8183E+01    4.9100E-04
1.8482E-01  1.0093E+00 2.8776E+02    1.2456E-02    9.5866E-10    6.9333E-01   -2.0816E+00    5.0357E+01    4.9100E-04
0.0000E+00  1.0307E+00 2.8868E+02    1.3237E-02    9.7500E-10    7.9878E+00   -3.2475E+00    5.1486E+01    4.9100E-04
