
    OUTPUT FILES FOR THE Sun  

 Solar Constant= 1.000   F_CH4= 1.7753E-06  F_CO2= 4.9100E-04  F_O2= 1.0356E-04  F_N2= 9.6329E-01  F_H2= 5.2272E-07  F_AR= 9.8627E-03  IO3 =  1   IUP=  0
 ICONSERV= 1  FAC= 4.0  ND=101  SRFALB= 0.250  G= 980.0  IMW= 1  INVERSE= 0

 FNO2 = 6.808E-73

 NST=     1 JCONV= 77 CHG=1.29E-03 dt0=7.50E+03 DIVF(1)=-7.42E-04 DIVFrms= 7.19E-04 DT(ND)=-8.74E-02 T(ND)=2.8859E+02

 TIME= 5.000E+03  TIME IN DAYS = 5.787E-02

 PLANETARY ALBEDO:  ALBP = 0.2378

  J     P         ALT         T        CONVEC       DT          TOLD        FH20       FSAVE        FO3        TCOOL       THEAT
  1 3.2610E-05 6.1388E+01 1.7767E+02  0.00E+00  -2.3683E-01  1.7791E+02  1.6777E-10  1.6761E-10  7.4656E-09 -3.2773E+01  3.9459E+01
  2 3.8508E-05 6.0485E+01 1.7332E+02  0.00E+00   2.2248E-01  1.7310E+02  2.4995E-10  2.5072E-10  1.0251E-08 -1.0864E+01  2.7863E+00
  3 4.5414E-05 5.9603E+01 1.7222E+02  0.00E+00   1.3536E-01  1.7208E+02  3.7143E-10  3.7206E-10  1.2333E-08 -2.9046E+00  1.8667E+00
  4 5.3492E-05 5.8727E+01 1.7351E+02  0.00E+00   9.6376E-03  1.7350E+02  5.5524E-10  5.5567E-10  1.3410E-08 -1.1850E+00  1.7217E+00
  5 6.2928E-05 5.7849E+01 1.7603E+02  0.00E+00  -3.3253E-02  1.7606E+02  8.3857E-10  8.3946E-10  1.3519E-08 -9.0719E-01  1.5978E+00
  6 7.3934E-05 5.6965E+01 1.7893E+02  0.00E+00  -3.2819E-02  1.7896E+02  1.2786E-09  1.2821E-09  1.3069E-08 -1.0986E+00  1.4770E+00
  7 8.6756E-05 5.6073E+01 1.8168E+02  0.00E+00  -2.0002E-02  1.8170E+02  1.9646E-09  1.9696E-09  1.2008E-08 -1.1264E+00  1.3603E+00
  8 1.0167E-04 5.5177E+01 1.8400E+02  0.00E+00  -1.1758E-02  1.8401E+02  3.0407E-09  3.0474E-09  1.0553E-08 -1.0579E+00  1.2488E+00
  9 1.1901E-04 5.4278E+01 1.8572E+02  0.00E+00  -8.6956E-03  1.8573E+02  4.7298E-09  4.7347E-09  8.7995E-09 -1.0029E+00  1.1523E+00
 10 1.3912E-04 5.3379E+01 1.8678E+02  0.00E+00  -7.4568E-03  1.8679E+02  7.3630E-09  7.3651E-09  6.8702E-09 -9.2204E-01  1.0627E+00
 11 1.6242E-04 5.2485E+01 1.8718E+02  0.00E+00  -6.1817E-03  1.8719E+02  1.1408E-08  1.1395E-08  4.9282E-09 -8.6629E-01  9.8118E-01
 12 1.8939E-04 5.1598E+01 1.8698E+02  0.00E+00  -4.3701E-03  1.8699E+02  1.7645E-08  1.7653E-08  3.1951E-09 -8.3325E-01  9.1199E-01
 13 2.2056E-04 5.0720E+01 1.8629E+02  0.00E+00  -2.2332E-03  1.8629E+02  2.6894E-08  2.6873E-08  1.8604E-09 -8.1727E-01  8.5524E-01
 14 2.5654E-04 4.9854E+01 1.8523E+02  0.00E+00  -2.7868E-04  1.8524E+02  4.0250E-08  4.0312E-08  1.0820E-09 -8.1383E-01  8.1505E-01
 15 2.9801E-04 4.9001E+01 1.8396E+02  0.00E+00   1.2324E-03  1.8396E+02  5.8725E-08  5.8775E-08  7.7243E-10 -8.1495E-01  7.8862E-01
 16 3.4574E-04 4.8161E+01 1.8260E+02  0.00E+00   2.2265E-03  1.8260E+02  8.3592E-08  8.3626E-08  6.3510E-10 -8.1770E-01  7.7439E-01
 17 4.0062E-04 4.7335E+01 1.8127E+02  0.00E+00   2.7023E-03  1.8126E+02  1.1533E-07  1.1607E-07  5.5025E-10 -8.2075E-01  7.6940E-01
 18 4.6362E-04 4.6522E+01 1.8003E+02  0.00E+00   2.7627E-03  1.8003E+02  1.5442E-07  1.5474E-07  5.0077E-10 -8.2320E-01  7.7120E-01
 19 5.3585E-04 4.5721E+01 1.7896E+02  0.00E+00   2.5076E-03  1.7896E+02  1.9983E-07  2.0067E-07  4.7463E-10 -8.2506E-01  7.7749E-01
 20 6.1856E-04 4.4932E+01 1.7808E+02  0.00E+00   2.0434E-03  1.7808E+02  2.5000E-07  2.4989E-07  4.6964E-10 -8.2453E-01  7.8465E-01
 21 7.1313E-04 4.4153E+01 1.7740E+02  0.00E+00   1.4898E-03  1.7740E+02  3.0007E-07  2.9996E-07  4.8174E-10 -8.2057E-01  7.9058E-01
 22 8.2113E-04 4.3384E+01 1.7691E+02  0.00E+00   9.4016E-04  1.7691E+02  3.4782E-07  3.4844E-07  5.0837E-10 -8.1277E-01  7.9293E-01
 23 9.4428E-04 4.2623E+01 1.7659E+02  0.00E+00   4.0251E-04  1.7659E+02  3.9152E-07  3.9143E-07  5.5103E-10 -8.0201E-01  7.9054E-01
 24 1.0845E-03 4.1871E+01 1.7642E+02  0.00E+00  -6.9631E-05  1.7642E+02  4.2765E-07  4.2758E-07  6.1196E-10 -7.8987E-01  7.8675E-01
 25 1.2441E-03 4.1126E+01 1.7637E+02  0.00E+00  -3.0870E-04  1.7637E+02  4.5547E-07  4.5543E-07  6.9423E-10 -7.7962E-01  7.8132E-01
 26 1.4253E-03 4.0388E+01 1.7642E+02  0.00E+00  -2.5819E-04  1.7642E+02  4.7325E-07  4.7394E-07  8.0302E-10 -7.7361E-01  7.7498E-01
 27 1.6308E-03 3.9657E+01 1.7655E+02  0.00E+00  -3.4061E-05  1.7655E+02  4.8375E-07  4.8456E-07  9.4151E-10 -7.7328E-01  7.7031E-01
 28 1.8636E-03 3.8932E+01 1.7675E+02  0.00E+00   2.0916E-04  1.7675E+02  4.8764E-07  4.8764E-07  1.1112E-09 -7.7828E-01  7.7058E-01
 29 2.1270E-03 3.8214E+01 1.7699E+02  0.00E+00   3.0318E-04  1.7699E+02  4.8677E-07  4.8678E-07  1.3222E-09 -7.8395E-01  7.7416E-01
 30 2.4245E-03 3.7501E+01 1.7726E+02  0.00E+00   1.4900E-04  1.7726E+02  4.8199E-07  4.8200E-07  1.5724E-09 -7.8695E-01  7.7982E-01
 31 2.7602E-03 3.6794E+01 1.7753E+02  0.00E+00  -2.1063E-04  1.7753E+02  4.7542E-07  4.7543E-07  1.8522E-09 -7.8517E-01  7.8466E-01
 32 3.1383E-03 3.6093E+01 1.7778E+02  0.00E+00  -6.6419E-04  1.7778E+02  4.6709E-07  4.6810E-07  2.1662E-09 -7.7828E-01  7.8617E-01
 33 3.5638E-03 3.5399E+01 1.7797E+02  0.00E+00  -1.0796E-03  1.7797E+02  4.5876E-07  4.5977E-07  2.5207E-09 -7.6790E-01  7.8316E-01
 34 4.0419E-03 3.4711E+01 1.7809E+02  0.00E+00  -1.3552E-03  1.7809E+02  4.5050E-07  4.5143E-07  2.9259E-09 -7.5559E-01  7.7545E-01
 35 4.5783E-03 3.4029E+01 1.7814E+02  0.00E+00  -1.4390E-03  1.7814E+02  4.4187E-07  4.4233E-07  3.3898E-09 -7.4207E-01  7.6312E-01
 36 5.1794E-03 3.3355E+01 1.7812E+02  0.00E+00  -1.3249E-03  1.7812E+02  4.3323E-07  4.3344E-07  3.9220E-09 -7.2692E-01  7.4578E-01
 37 5.8521E-03 3.2687E+01 1.7805E+02  0.00E+00  -1.0367E-03  1.7805E+02  4.2409E-07  4.2510E-07  4.5227E-09 -7.0869E-01  7.2238E-01
 38 6.6037E-03 3.2027E+01 1.7796E+02  0.00E+00  -5.9274E-04  1.7796E+02  4.1484E-07  4.1585E-07  5.2182E-09 -6.8599E-01  6.9186E-01
 39 7.4425E-03 3.1375E+01 1.7789E+02  0.00E+00  -7.9041E-06  1.7789E+02  4.0571E-07  4.0672E-07  6.0015E-09 -6.5826E-01  6.5389E-01
 40 8.3773E-03 3.0729E+01 1.7787E+02  0.00E+00   7.3813E-04  1.7787E+02  3.9664E-07  3.9765E-07  6.8930E-09 -6.2609E-01  6.0998E-01
 41 9.4176E-03 3.0091E+01 1.7794E+02  0.00E+00   1.1396E-03  1.7794E+02  3.8673E-07  3.8774E-07  7.8912E-09 -5.9087E-01  5.6347E-01
 42 1.0574E-02 2.9459E+01 1.7812E+02  0.00E+00   1.2240E-03  1.7812E+02  3.7729E-07  3.7830E-07  9.0090E-09 -5.4373E-01  5.1855E-01
 43 1.1857E-02 2.8833E+01 1.7843E+02  0.00E+00   1.1480E-03  1.7843E+02  3.6729E-07  3.6745E-07  1.0233E-08 -5.0443E-01  4.7971E-01
 44 1.3279E-02 2.8213E+01 1.7886E+02  0.00E+00   9.0608E-04  1.7886E+02  3.5992E-07  3.6085E-07  1.1590E-08 -4.7140E-01  4.5066E-01
 45 1.4853E-02 2.7598E+01 1.7941E+02  0.00E+00   5.3157E-04  1.7941E+02  3.5992E-07  3.5992E-07  1.3058E-08 -4.4595E-01  4.3211E-01
 46 1.6592E-02 2.6988E+01 1.8005E+02  0.00E+00   8.9881E-05  1.8005E+02  3.6515E-07  3.6567E-07  1.4520E-08 -4.2789E-01  4.2206E-01
 47 1.8512E-02 2.6383E+01 1.8076E+02  0.00E+00  -3.4041E-04  1.8076E+02  3.7535E-07  3.7561E-07  1.6120E-08 -4.1599E-01  4.1802E-01
 48 2.0628E-02 2.5783E+01 1.8152E+02  0.00E+00  -6.7636E-04  1.8152E+02  3.8831E-07  3.8923E-07  1.7903E-08 -4.0812E-01  4.1653E-01
 49 2.2957E-02 2.5187E+01 1.8231E+02  0.00E+00  -8.8095E-04  1.8231E+02  4.0379E-07  4.0478E-07  1.9836E-08 -4.0222E-01  4.1432E-01
 50 2.5517E-02 2.4596E+01 1.8311E+02  0.00E+00  -9.3747E-04  1.8311E+02  4.2062E-07  4.2161E-07  2.2163E-08 -3.9658E-01  4.1019E-01
 51 2.8326E-02 2.4009E+01 1.8392E+02  0.00E+00  -8.2839E-04  1.8392E+02  4.3964E-07  4.4063E-07  2.4835E-08 -3.9060E-01  4.0287E-01
 52 3.1405E-02 2.3427E+01 1.8475E+02  0.00E+00  -5.7666E-04  1.8475E+02  4.6188E-07  4.6287E-07  2.7885E-08 -3.8418E-01  3.9219E-01
 53 3.4775E-02 2.2850E+01 1.8561E+02  0.00E+00  -2.2457E-04  1.8561E+02  4.8820E-07  4.8839E-07  3.1367E-08 -3.7724E-01  3.7879E-01
 54 3.8457E-02 2.2277E+01 1.8651E+02  0.00E+00   1.6266E-04  1.8651E+02  5.2050E-07  5.2049E-07  3.5410E-08 -3.6948E-01  3.6412E-01
 55 4.2476E-02 2.1708E+01 1.8748E+02  0.00E+00   5.0709E-04  1.8748E+02  5.6169E-07  5.6175E-07  4.0079E-08 -3.6065E-01  3.4954E-01
 56 4.6857E-02 2.1144E+01 1.8853E+02  0.00E+00   7.2514E-04  1.8853E+02  6.1343E-07  6.1442E-07  4.5410E-08 -3.5072E-01  3.3629E-01
 57 5.1623E-02 2.0584E+01 1.8965E+02  0.00E+00   7.4592E-04  1.8965E+02  6.7906E-07  6.7973E-07  5.1698E-08 -3.4021E-01  3.2594E-01
 58 5.6803E-02 2.0028E+01 1.9086E+02  0.00E+00   5.6489E-04  1.9086E+02  7.6061E-07  7.6101E-07  5.9098E-08 -3.3018E-01  3.1901E-01
 59 6.2424E-02 1.9476E+01 1.9214E+02  0.00E+00   2.4037E-04  1.9214E+02  8.6022E-07  8.6120E-07  6.8119E-08 -3.2173E-01  3.1609E-01
 60 6.8515E-02 1.8927E+01 1.9348E+02  0.00E+00  -1.2951E-04  1.9348E+02  9.7843E-07  9.7879E-07  7.9321E-08 -3.1583E-01  3.1685E-01
 61 7.5105E-02 1.8382E+01 1.9487E+02  0.00E+00  -4.2287E-04  1.9487E+02  1.1216E-06  1.1216E-06  9.3031E-08 -3.1366E-01  3.1960E-01
 62 8.2225E-02 1.7841E+01 1.9629E+02  0.00E+00  -3.0299E-04  1.9629E+02  1.2898E-06  1.2898E-06  1.0909E-07 -3.1558E-01  3.2175E-01
 63 8.9907E-02 1.7304E+01 1.9774E+02  0.00E+00   4.9597E-04  1.9774E+02  1.4801E-06  1.4889E-06  1.2711E-07 -3.2177E-01  3.2108E-01
 64 9.8182E-02 1.6770E+01 1.9922E+02  0.00E+00   4.4339E-04  1.9922E+02  1.7113E-06  1.7117E-06  1.4437E-07 -3.2895E-01  3.1401E-01
 65 1.0708E-01 1.6240E+01 2.0071E+02  0.00E+00  -6.8517E-05  2.0071E+02  1.5544E-06  1.6112E-06  1.5924E-07 -2.6679E-01  2.9609E-01
 66 1.1665E-01 1.5714E+01 2.0220E+02  0.00E+00  -5.6786E-04  2.0220E+02  1.5877E-06  1.5876E-06  1.7059E-07 -2.7202E-01  2.7974E-01
 67 1.2690E-01 1.5193E+01 2.0342E+02  0.00E+00   1.9155E-05  2.0342E+02  1.8020E-06  1.8020E-06  1.7823E-07 -2.6284E-01  2.6317E-01
 68 1.3789E-01 1.4676E+01 2.0445E+02  0.00E+00  -8.3135E-05  2.0445E+02  2.1255E-06  2.1255E-06  1.7970E-07 -2.4762E-01  2.4618E-01
 69 1.4963E-01 1.4165E+01 2.0527E+02  0.00E+00  -6.5337E-05  2.0527E+02  2.4291E-06  2.4291E-06  1.7623E-07 -2.3007E-01  2.2894E-01
 70 1.6217E-01 1.3660E+01 2.0612E+02  0.00E+00  -2.2843E-04  2.0612E+02  2.7794E-06  2.7795E-06  1.6475E-07 -2.1406E-01  2.1011E-01
 71 1.7555E-01 1.3161E+01 2.0683E+02  0.00E+00   2.9293E-04  2.0683E+02  3.1121E-06  3.1120E-06  1.4736E-07 -1.8546E-01  1.9052E-01
 72 1.8978E-01 1.2668E+01 2.0758E+02  0.00E+00  -6.1183E-04  2.0758E+02  3.4963E-06  3.4966E-06  1.2843E-07 -1.8346E-01  1.7288E-01
 73 2.0491E-01 1.2182E+01 2.0867E+02  0.00E+00   1.8500E-04  2.0867E+02  4.1096E-06  4.1094E-06  1.0902E-07 -1.5496E-01  1.5816E-01
 74 2.2097E-01 1.1701E+01 2.0924E+02  0.00E+00  -8.2077E-05  2.0924E+02  4.4874E-06  4.4875E-06  9.0354E-08 -1.4559E-01  1.4417E-01
 75 2.3798E-01 1.1226E+01 2.1114E+02  0.00E+00  -3.8790E-05  2.1114E+02  5.8841E-06  5.8842E-06  7.3427E-08 -1.3830E-01  1.3763E-01
 76 2.5599E-01 1.0755E+01 2.1222E+02  0.00E+00   6.5567E-02  2.1215E+02  6.8570E-06  6.7960E-06  6.2277E-08 -1.9341E-01  1.3362E-01
 77 2.7500E-01 1.0287E+01 2.1667E+02  1.00E+00   6.6563E-02  2.1660E+02  1.2485E-05  1.2377E-05  5.4731E-08 -6.0352E-01  1.5472E-01
 78 2.9506E-01 9.8174E+00 2.2111E+02  1.00E+00   6.9633E-02  2.2104E+02  2.2155E-05  2.1963E-05  4.8423E-08 -1.0226E+00  1.8980E-01
 79 3.1618E-01 9.3470E+00 2.2552E+02  1.00E+00   7.4543E-02  2.2545E+02  3.8299E-05  3.7956E-05  4.2687E-08 -1.4356E+00  2.3733E-01
 80 3.3839E-01 8.8761E+00 2.2989E+02  1.00E+00   7.9119E-02  2.2981E+02  6.4449E-05  6.3860E-05  3.7404E-08 -1.8087E+00  2.9613E-01
 81 3.6170E-01 8.4053E+00 2.3418E+02  1.00E+00   8.2211E-02  2.3410E+02  1.0547E-04  1.0451E-04  3.2421E-08 -2.0991E+00  3.6148E-01
 82 3.8613E-01 7.9351E+00 2.3837E+02  1.00E+00   8.3694E-02  2.3829E+02  1.6770E-04  1.6619E-04  2.7776E-08 -2.2893E+00  4.2969E-01
 83 4.1169E-01 7.4659E+00 2.4243E+02  1.00E+00   8.3453E-02  2.4235E+02  2.5878E-04  2.5654E-04  2.3557E-08 -2.4082E+00  5.0368E-01
 84 4.3839E-01 6.9983E+00 2.4634E+02  1.00E+00   8.1443E-02  2.4625E+02  3.8739E-04  3.8421E-04  1.9793E-08 -2.4433E+00  5.8008E-01
 85 4.6623E-01 6.5331E+00 2.5006E+02  1.00E+00   7.7723E-02  2.4998E+02  5.6260E-04  5.5832E-04  1.6533E-08 -2.4235E+00  6.4430E-01
 86 4.9522E-01 6.0707E+00 2.5359E+02  1.00E+00   7.2455E-02  2.5352E+02  7.9325E-04  7.8778E-04  1.3727E-08 -2.3735E+00  6.8874E-01
 87 5.2534E-01 5.6119E+00 2.5692E+02  1.00E+00   6.5862E-02  2.5685E+02  1.0874E-03  1.0808E-03  1.1279E-08 -2.3285E+00  7.1954E-01
 88 5.5660E-01 5.1572E+00 2.6005E+02  1.00E+00   5.8178E-02  2.5999E+02  1.4520E-03  1.4444E-03  9.1898E-09 -2.2593E+00  7.4379E-01
 89 5.8897E-01 4.7072E+00 2.6299E+02  1.00E+00   4.9595E-02  2.6294E+02  1.8929E-03  1.8846E-03  7.4664E-09 -2.1736E+00  7.6145E-01
 90 6.2244E-01 4.2624E+00 2.6574E+02  1.00E+00   4.0253E-02  2.6570E+02  2.4145E-03  2.4061E-03  6.0365E-09 -2.0877E+00  7.6948E-01
 91 6.5698E-01 3.8234E+00 2.6833E+02  1.00E+00   3.0241E-02  2.6830E+02  3.0204E-03  3.0126E-03  4.8546E-09 -1.9743E+00  7.6822E-01
 92 6.9257E-01 3.3905E+00 2.7076E+02  1.00E+00   1.9625E-02  2.7074E+02  3.7130E-03  3.7070E-03  3.8994E-09 -1.8033E+00  7.6087E-01
 93 7.2916E-01 2.9643E+00 2.7305E+02  1.00E+00   8.4674E-03  2.7304E+02  4.4942E-03  4.4910E-03  3.1301E-09 -1.6428E+00  7.5041E-01
 94 7.6672E-01 2.5448E+00 2.7545E+02  1.00E+00  -3.1579E-03  2.7546E+02  5.4387E-03  5.4399E-03  2.5224E-09 -1.5436E+00  7.4227E-01
 95 8.0519E-01 2.1322E+00 2.7773E+02  1.00E+00  -1.5450E-02  2.7775E+02  6.3308E-03  6.3368E-03  2.0463E-09 -1.4415E+00  7.1710E-01
 96 8.4454E-01 1.7270E+00 2.7992E+02  1.00E+00  -2.7774E-02  2.7995E+02  7.4365E-03  7.4512E-03  1.6723E-09 -1.4370E+00  7.0164E-01
 97 8.8468E-01 1.3293E+00 2.8200E+02  1.00E+00  -4.0390E-02  2.8204E+02  8.5415E-03  8.5630E-03  1.3905E-09 -1.4828E+00  6.8297E-01
 98 9.2557E-01 9.3957E-01 2.8399E+02  1.00E+00  -5.3269E-02  2.8404E+02  9.7555E-03  9.7935E-03  1.1923E-09 -1.6113E+00  6.7425E-01
 99 9.6713E-01 5.5796E-01 2.8588E+02  1.00E+00  -6.4913E-02  2.8594E+02  1.1110E-02  1.1156E-02  1.0561E-09 -1.8574E+00  6.7919E-01
100 1.0093E+00 1.8476E-01 2.8768E+02  1.00E+00  -7.6074E-02  2.8776E+02  1.2402E-02  1.2457E-02  9.5866E-10 -2.0816E+00  6.9333E-01
101 1.0307E+00 0.0000E+00 2.8859E+02  1.00E+00  -8.7429E-02  2.8868E+02  1.3154E-02  1.3237E-02  9.7500E-10 -3.2475E+00  7.9878E+00
  J     P         ALT         T        CONVEC       DT          TOLD        FH20       FSAVE        FO3        TCOOL       THEAT

 FCO2
  3.83E-04 3.89E-04 3.95E-04 4.00E-04 4.06E-04 4.12E-04 4.18E-04 4.24E-04 4.31E-04 4.37E-04
  4.43E-04 4.49E-04 4.54E-04 4.60E-04 4.66E-04 4.70E-04 4.74E-04 4.78E-04 4.81E-04 4.83E-04
  4.85E-04 4.87E-04 4.88E-04 4.89E-04 4.89E-04 4.90E-04 4.90E-04 4.91E-04 4.91E-04 4.91E-04
  4.91E-04 4.91E-04 4.91E-04 4.91E-04 4.91E-04 4.91E-04 4.91E-04 4.91E-04 4.91E-04 4.91E-04
  4.91E-04 4.91E-04 4.91E-04 4.91E-04 4.91E-04 4.91E-04 4.91E-04 4.91E-04 4.91E-04 4.91E-04
  4.91E-04 4.91E-04 4.91E-04 4.91E-04 4.91E-04 4.91E-04 4.91E-04 4.91E-04 4.91E-04 4.91E-04
  4.91E-04 4.91E-04 4.91E-04 4.91E-04 4.91E-04 4.91E-04 4.91E-04 4.91E-04 4.91E-04 4.91E-04
  4.91E-04 4.91E-04 4.91E-04 4.91E-04 4.91E-04 4.91E-04 4.91E-04 4.91E-04 4.91E-04 4.91E-04
  4.91E-04 4.91E-04 4.91E-04 4.91E-04 4.91E-04 4.91E-04 4.91E-04 4.91E-04 4.91E-04 4.91E-04
  4.91E-04 4.91E-04 4.91E-04 4.91E-04 4.91E-04 4.91E-04 4.91E-04 4.91E-04 4.91E-04 4.91E-04
  4.91E-04

  J    PF         ALT       FTOTAL       FTIR       FDNIR       FUPIR       FTSOL       FDNSOL       FUPSOL       DIVF
  1 3.0000E-05 6.1388E+01 -1.9352E+02 -2.6071E+05  0.0000E+00  2.6071E+05  2.6051E+05  3.4178E+05  8.1263E+04 -7.4229E-04
  2 3.5448E-05 6.0485E+01 -1.9799E+02 -2.6069E+05  2.0290E+01  2.6071E+05  2.6049E+05  3.4175E+05  8.1263E+04 -7.5942E-04
  3 4.1832E-05 5.9603E+01 -1.9167E+02 -2.6068E+05  2.9859E+01  2.6071E+05  2.6049E+05  3.4175E+05  8.1263E+04 -7.3519E-04
  4 4.9304E-05 5.8727E+01 -1.9072E+02 -2.6068E+05  3.4985E+01  2.6071E+05  2.6048E+05  3.4175E+05  8.1263E+04 -7.3154E-04
  5 5.8037E-05 5.7849E+01 -1.9129E+02 -2.6067E+05  3.9416E+01  2.6071E+05  2.6048E+05  3.4175E+05  8.1263E+04 -7.3373E-04
  6 6.8231E-05 5.6965E+01 -1.9216E+02 -2.6067E+05  4.3992E+01  2.6072E+05  2.6048E+05  3.4174E+05  8.1262E+04 -7.3703E-04
  7 8.0114E-05 5.6073E+01 -1.9271E+02 -2.6067E+05  4.8933E+01  2.6072E+05  2.6048E+05  3.4174E+05  8.1262E+04 -7.3913E-04
  8 9.3948E-05 5.5177E+01 -1.9310E+02 -2.6067E+05  5.3610E+01  2.6072E+05  2.6048E+05  3.4174E+05  8.1262E+04 -7.4064E-04
  9 1.1003E-04 5.4278E+01 -1.9348E+02 -2.6067E+05  5.7729E+01  2.6072E+05  2.6047E+05  3.4173E+05  8.1261E+04 -7.4208E-04
 10 1.2871E-04 5.3379E+01 -1.9382E+02 -2.6066E+05  6.1066E+01  2.6073E+05  2.6047E+05  3.4173E+05  8.1260E+04 -7.4338E-04
 11 1.5036E-04 5.2485E+01 -1.9419E+02 -2.6066E+05  6.3552E+01  2.6073E+05  2.6047E+05  3.4173E+05  8.1260E+04 -7.4481E-04
 12 1.7544E-04 5.1598E+01 -1.9454E+02 -2.6066E+05  6.5304E+01  2.6073E+05  2.6047E+05  3.4172E+05  8.1259E+04 -7.4617E-04
 13 2.0445E-04 5.0720E+01 -1.9482E+02 -2.6066E+05  6.6569E+01  2.6072E+05  2.6046E+05  3.4172E+05  8.1258E+04 -7.4724E-04
 14 2.3794E-04 4.9854E+01 -1.9498E+02 -2.6065E+05  6.7669E+01  2.6072E+05  2.6046E+05  3.4172E+05  8.1257E+04 -7.4785E-04
 15 2.7658E-04 4.9001E+01 -1.9499E+02 -2.6065E+05  6.8955E+01  2.6072E+05  2.6045E+05  3.4171E+05  8.1256E+04 -7.4788E-04
 16 3.2109E-04 4.8161E+01 -1.9484E+02 -2.6065E+05  7.0743E+01  2.6072E+05  2.6045E+05  3.4170E+05  8.1255E+04 -7.4734E-04
 17 3.7229E-04 4.7335E+01 -1.9457E+02 -2.6064E+05  7.3322E+01  2.6071E+05  2.6045E+05  3.4170E+05  8.1253E+04 -7.4630E-04
 18 4.3110E-04 4.6522E+01 -1.9420E+02 -2.6063E+05  7.6935E+01  2.6071E+05  2.6044E+05  3.4169E+05  8.1251E+04 -7.4490E-04
 19 4.9859E-04 4.5721E+01 -1.9377E+02 -2.6063E+05  8.1787E+01  2.6071E+05  2.6043E+05  3.4168E+05  8.1249E+04 -7.4326E-04
 20 5.7590E-04 4.4932E+01 -1.9333E+02 -2.6062E+05  8.8058E+01  2.6071E+05  2.6043E+05  3.4167E+05  8.1247E+04 -7.4154E-04
 21 6.6437E-04 4.4153E+01 -1.9290E+02 -2.6061E+05  9.5893E+01  2.6071E+05  2.6042E+05  3.4166E+05  8.1244E+04 -7.3990E-04
 22 7.6547E-04 4.3384E+01 -1.9253E+02 -2.6060E+05  1.0541E+02  2.6071E+05  2.6041E+05  3.4165E+05  8.1241E+04 -7.3848E-04
 23 8.8083E-04 4.2623E+01 -1.9225E+02 -2.6059E+05  1.1669E+02  2.6071E+05  2.6040E+05  3.4163E+05  8.1237E+04 -7.3741E-04
 24 1.0123E-03 4.1871E+01 -1.9206E+02 -2.6058E+05  1.2984E+02  2.6071E+05  2.6038E+05  3.4162E+05  8.1233E+04 -7.3670E-04
 25 1.1619E-03 4.1126E+01 -1.9201E+02 -2.6056E+05  1.4497E+02  2.6071E+05  2.6037E+05  3.4160E+05  8.1229E+04 -7.3648E-04
 26 1.3320E-03 4.0388E+01 -1.9204E+02 -2.6055E+05  1.6227E+02  2.6071E+05  2.6035E+05  3.4158E+05  8.1224E+04 -7.3662E-04
 27 1.5251E-03 3.9657E+01 -1.9207E+02 -2.6053E+05  1.8200E+02  2.6071E+05  2.6034E+05  3.4155E+05  8.1218E+04 -7.3674E-04
 28 1.7439E-03 3.8932E+01 -1.9199E+02 -2.6051E+05  2.0452E+02  2.6071E+05  2.6032E+05  3.4153E+05  8.1211E+04 -7.3643E-04
 29 1.9916E-03 3.8214E+01 -1.9176E+02 -2.6048E+05  2.3024E+02  2.6071E+05  2.6029E+05  3.4150E+05  8.1203E+04 -7.3553E-04
 30 2.2716E-03 3.7501E+01 -1.9143E+02 -2.6046E+05  2.5946E+02  2.6072E+05  2.6027E+05  3.4146E+05  8.1195E+04 -7.3424E-04
 31 2.5877E-03 3.6794E+01 -1.9115E+02 -2.6043E+05  2.9241E+02  2.6072E+05  2.6024E+05  3.4142E+05  8.1185E+04 -7.3318E-04
 32 2.9441E-03 3.6093E+01 -1.9113E+02 -2.6039E+05  3.2922E+02  2.6072E+05  2.6020E+05  3.4138E+05  8.1174E+04 -7.3309E-04
 33 3.3454E-03 3.5399E+01 -1.9152E+02 -2.6035E+05  3.7001E+02  2.6072E+05  2.6016E+05  3.4133E+05  8.1162E+04 -7.3456E-04
 34 3.7965E-03 3.4711E+01 -1.9235E+02 -2.6031E+05  4.1499E+02  2.6073E+05  2.6012E+05  3.4127E+05  8.1148E+04 -7.3776E-04
 35 4.3031E-03 3.4029E+01 -1.9358E+02 -2.6027E+05  4.6455E+02  2.6073E+05  2.6007E+05  3.4121E+05  8.1133E+04 -7.4244E-04
 36 4.8712E-03 3.3355E+01 -1.9503E+02 -2.6021E+05  5.1926E+02  2.6073E+05  2.6002E+05  3.4114E+05  8.1116E+04 -7.4801E-04
 37 5.5072E-03 3.2687E+01 -1.9649E+02 -2.6016E+05  5.7982E+02  2.6074E+05  2.5996E+05  3.4106E+05  8.1097E+04 -7.5358E-04
 38 6.2185E-03 3.2027E+01 -1.9767E+02 -2.6010E+05  6.4691E+02  2.6074E+05  2.5990E+05  3.4098E+05  8.1075E+04 -7.5810E-04
 39 7.0128E-03 3.1375E+01 -1.9824E+02 -2.6003E+05  7.2118E+02  2.6075E+05  2.5983E+05  3.4088E+05  8.1052E+04 -7.6025E-04
 40 7.8986E-03 3.0729E+01 -1.9777E+02 -2.5996E+05  8.0313E+02  2.6076E+05  2.5976E+05  3.4079E+05  8.1025E+04 -7.5842E-04
 41 8.8850E-03 3.0091E+01 -1.9584E+02 -2.5989E+05  8.9316E+02  2.6078E+05  2.5969E+05  3.4069E+05  8.0996E+04 -7.5097E-04
 42 9.9821E-03 2.9459E+01 -1.9219E+02 -2.5981E+05  9.9158E+02  2.6080E+05  2.5961E+05  3.4058E+05  8.0963E+04 -7.3693E-04
 43 1.1200E-02 2.8833E+01 -1.8846E+02 -2.5973E+05  1.0985E+03  2.6082E+05  2.5954E+05  3.4047E+05  8.0927E+04 -7.2257E-04
 44 1.2552E-02 2.8213E+01 -1.8441E+02 -2.5964E+05  1.2135E+03  2.6086E+05  2.5946E+05  3.4035E+05  8.0888E+04 -7.0694E-04
 45 1.4048E-02 2.7598E+01 -1.8065E+02 -2.5956E+05  1.3375E+03  2.6090E+05  2.5938E+05  3.4022E+05  8.0844E+04 -6.9241E-04
 46 1.5703E-02 2.6988E+01 -1.7787E+02 -2.5947E+05  1.4716E+03  2.6094E+05  2.5929E+05  3.4009E+05  8.0796E+04 -6.8163E-04
 47 1.7531E-02 2.6383E+01 -1.7657E+02 -2.5937E+05  1.6176E+03  2.6099E+05  2.5920E+05  3.3994E+05  8.0743E+04 -6.7654E-04
 48 1.9548E-02 2.5783E+01 -1.7707E+02 -2.5927E+05  1.7769E+03  2.6105E+05  2.5909E+05  3.3978E+05  8.0686E+04 -6.7829E-04
 49 2.1768E-02 2.5187E+01 -1.7933E+02 -2.5916E+05  1.9514E+03  2.6111E+05  2.5898E+05  3.3961E+05  8.0622E+04 -6.8680E-04
 50 2.4211E-02 2.4596E+01 -1.8291E+02 -2.5904E+05  2.1427E+03  2.6119E+05  2.5886E+05  3.3941E+05  8.0554E+04 -7.0032E-04
 51 2.6893E-02 2.4009E+01 -1.8734E+02 -2.5891E+05  2.3524E+03  2.6127E+05  2.5873E+05  3.3921E+05  8.0479E+04 -7.1705E-04
 52 2.9835E-02 2.3427E+01 -1.9172E+02 -2.5877E+05  2.5824E+03  2.6136E+05  2.5858E+05  3.3898E+05  8.0397E+04 -7.3354E-04
 53 3.3057E-02 2.2850E+01 -1.9484E+02 -2.5862E+05  2.8349E+03  2.6146E+05  2.5843E+05  3.3874E+05  8.0309E+04 -7.4521E-04
 54 3.6581E-02 2.2277E+01 -1.9550E+02 -2.5846E+05  3.1124E+03  2.6158E+05  2.5827E+05  3.3848E+05  8.0214E+04 -7.4741E-04
 55 4.0430E-02 2.1708E+01 -1.9300E+02 -2.5829E+05  3.4173E+03  2.6171E+05  2.5810E+05  3.3821E+05  8.0111E+04 -7.3748E-04
 56 4.4627E-02 2.1144E+01 -1.8735E+02 -2.5811E+05  3.7519E+03  2.6186E+05  2.5792E+05  3.3792E+05  8.0000E+04 -7.1547E-04
 57 4.9198E-02 2.0584E+01 -1.7936E+02 -2.5791E+05  4.1179E+03  2.6203E+05  2.5773E+05  3.3762E+05  7.9881E+04 -6.8450E-04
 58 5.4168E-02 2.0028E+01 -1.7077E+02 -2.5771E+05  4.5174E+03  2.6223E+05  2.5754E+05  3.3729E+05  7.9755E+04 -6.5122E-04
 59 5.9566E-02 1.9476E+01 -1.6346E+02 -2.5749E+05  4.9525E+03  2.6245E+05  2.5733E+05  3.3695E+05  7.9619E+04 -6.2285E-04
 60 6.5419E-02 1.8927E+01 -1.5947E+02 -2.5726E+05  5.4264E+03  2.6269E+05  2.5711E+05  3.3658E+05  7.9475E+04 -6.0706E-04
 61 7.1757E-02 1.8382E+01 -1.6025E+02 -2.5702E+05  5.9438E+03  2.6297E+05  2.5686E+05  3.3618E+05  7.9323E+04 -6.0940E-04
 62 7.8609E-02 1.7841E+01 -1.6518E+02 -2.5676E+05  6.5114E+03  2.6327E+05  2.5660E+05  3.3576E+05  7.9162E+04 -6.2742E-04
 63 8.6007E-02 1.7304E+01 -1.7071E+02 -2.5648E+05  7.1376E+03  2.6362E+05  2.5631E+05  3.3530E+05  7.8993E+04 -6.4758E-04
 64 9.3983E-02 1.6770E+01 -1.7005E+02 -2.5617E+05  7.8318E+03  2.6400E+05  2.5600E+05  3.3481E+05  7.8816E+04 -6.4414E-04
 65 1.0257E-01 1.6240E+01 -1.5452E+02 -2.5583E+05  8.5980E+03  2.6442E+05  2.5567E+05  3.3430E+05  7.8631E+04 -5.8436E-04
 66 1.1180E-01 1.5714E+01 -1.8727E+02 -2.5553E+05  9.3887E+03  2.6492E+05  2.5534E+05  3.3378E+05  7.8439E+04 -7.0689E-04
 67 1.2171E-01 1.5193E+01 -1.9653E+02 -2.5520E+05  1.0218E+04  2.6542E+05  2.5500E+05  3.3324E+05  7.8237E+04 -7.4044E-04
 68 1.3232E-01 1.4676E+01 -1.9695E+02 -2.5486E+05  1.1081E+04  2.6594E+05  2.5467E+05  3.3269E+05  7.8027E+04 -7.4058E-04
 69 1.4369E-01 1.4165E+01 -1.9498E+02 -2.5452E+05  1.1979E+04  2.6650E+05  2.5433E+05  3.3213E+05  7.7806E+04 -7.3161E-04
 70 1.5583E-01 1.3660E+01 -1.9332E+02 -2.5418E+05  1.2928E+04  2.6711E+05  2.5399E+05  3.3156E+05  7.7574E+04 -7.2373E-04
 71 1.6878E-01 1.3161E+01 -1.8712E+02 -2.5385E+05  1.3920E+04  2.6777E+05  2.5366E+05  3.3099E+05  7.7328E+04 -6.9883E-04
 72 1.8258E-01 1.2668E+01 -1.9558E+02 -2.5354E+05  1.4963E+04  2.6850E+05  2.5334E+05  3.3041E+05  7.7067E+04 -7.2842E-04
 73 1.9726E-01 1.2182E+01 -1.7679E+02 -2.5321E+05  1.6114E+04  2.6933E+05  2.5304E+05  3.2982E+05  7.6789E+04 -6.5642E-04
 74 2.1285E-01 1.1701E+01 -1.8283E+02 -2.5292E+05  1.7308E+04  2.7023E+05  2.5274E+05  3.2923E+05  7.6493E+04 -6.7656E-04
 75 2.2939E-01 1.1226E+01 -1.7999E+02 -2.5263E+05  1.8755E+04  2.7138E+05  2.5245E+05  3.2863E+05  7.6178E+04 -6.6322E-04
 76 2.4690E-01 1.0755E+01 -1.7857E+02 -2.5234E+05  2.0364E+04  2.7270E+05  2.5216E+05  3.2800E+05  7.5843E+04 -6.5481E-04
 77 2.6541E-01 1.0287E+01 -4.4586E+01 -2.5190E+05  2.2769E+04  2.7467E+05  2.5186E+05  3.2735E+05  7.5489E+04 -1.6233E-04
 78 2.8495E-01 9.8174E+00  1.0172E+03 -2.5047E+05  2.6398E+04  2.7687E+05  2.5149E+05  3.2661E+05  7.5117E+04  3.6739E-03
 79 3.0554E-01 9.3470E+00  3.0942E+03 -2.4792E+05  3.1425E+04  2.7935E+05  2.5102E+05  3.2574E+05  7.4726E+04  1.1077E-02
 80 3.2720E-01 8.8761E+00  6.2396E+03 -2.4416E+05  3.7982E+04  2.8214E+05  2.5040E+05  3.2471E+05  7.4317E+04  2.2116E-02
 81 3.4996E-01 8.4053E+00  1.0412E+04 -2.3917E+05  4.6102E+04  2.8527E+05  2.4958E+05  3.2347E+05  7.3889E+04  3.6498E-02
 82 3.7384E-01 7.9351E+00  1.5440E+04 -2.3309E+05  5.5669E+04  2.8876E+05  2.4853E+05  3.2197E+05  7.3442E+04  5.3470E-02
 83 3.9883E-01 7.4659E+00  2.1076E+04 -2.2615E+05  6.6471E+04  2.9262E+05  2.4723E+05  3.2021E+05  7.2976E+04  7.2026E-02
 84 4.2497E-01 6.9983E+00  2.7113E+04 -2.1852E+05  7.8327E+04  2.9685E+05  2.4563E+05  3.1813E+05  7.2492E+04  9.1336E-02
 85 4.5224E-01 6.5331E+00  3.3278E+04 -2.1044E+05  9.0972E+04  3.0141E+05  2.4371E+05  3.1571E+05  7.1991E+04  1.1041E-01
 86 4.8066E-01 6.0707E+00  3.9413E+04 -2.0208E+05  1.0420E+05  3.0628E+05  2.4149E+05  3.1296E+05  7.1473E+04  1.2868E-01
 87 5.1022E-01 5.6119E+00  4.5458E+04 -1.9356E+05  1.1783E+05  3.1140E+05  2.3902E+05  3.0996E+05  7.0939E+04  1.4598E-01
 88 5.4092E-01 5.1572E+00  5.1454E+04 -1.8489E+05  1.3182E+05  3.1671E+05  2.3634E+05  3.0673E+05  7.0392E+04  1.6247E-01
 89 5.7274E-01 4.7072E+00  5.7310E+04 -1.7616E+05  1.4603E+05  3.2219E+05  2.3347E+05  3.0330E+05  6.9834E+04  1.7788E-01
 90 6.0566E-01 4.2624E+00  6.2958E+04 -1.6746E+05  1.6033E+05  3.2779E+05  2.3042E+05  2.9969E+05  6.9267E+04  1.9207E-01
 91 6.3968E-01 3.8234E+00  6.8406E+04 -1.5884E+05  1.7467E+05  3.3350E+05  2.2724E+05  2.9594E+05  6.8695E+04  2.0511E-01
 92 6.7475E-01 3.3905E+00  7.3546E+04 -1.5042E+05  1.8889E+05  3.3931E+05  2.2397E+05  2.9209E+05  6.8122E+04  2.1675E-01
 93 7.1085E-01 2.9643E+00  7.8119E+04 -1.4251E+05  2.0276E+05  3.4527E+05  2.2063E+05  2.8818E+05  6.7553E+04  2.2625E-01
 94 7.4794E-01 2.5448E+00  8.2142E+04 -1.3510E+05  2.1661E+05  3.5171E+05  2.1725E+05  2.8424E+05  6.6994E+04  2.3355E-01
 95 7.8597E-01 2.1322E+00  8.5848E+04 -1.2796E+05  2.3025E+05  3.5822E+05  2.1381E+05  2.8027E+05  6.6454E+04  2.3965E-01
 96 8.2489E-01 1.7270E+00  8.9278E+04 -1.2114E+05  2.4359E+05  3.6473E+05  2.1042E+05  2.7636E+05  6.5940E+04  2.4478E-01
 97 8.6465E-01 1.3293E+00  9.2835E+04 -1.1419E+05  2.5701E+05  3.7120E+05  2.0702E+05  2.7249E+05  6.5466E+04  2.5009E-01
 98 9.0518E-01 9.3957E-01  9.6781E+04 -1.0687E+05  2.7070E+05  3.7757E+05  2.0365E+05  2.6870E+05  6.5046E+04  2.5632E-01
 99 9.4642E-01 5.5796E-01  1.0148E+05 -9.8784E+04  2.8489E+05  3.8367E+05  2.0027E+05  2.6497E+05  6.4703E+04  2.6451E-01
100 9.8830E-01 1.8476E-01  1.0749E+05 -8.9314E+04  2.9979E+05  3.8910E+05  1.9681E+05  2.6128E+05  6.4472E+04  2.7626E-01
101 1.0307E+00 0.0000E+00  1.1467E+05 -7.8556E+04  3.1312E+05  3.9168E+05  1.9322E+05  2.5763E+05  6.4408E+04  2.9276E-01

 NST=     2 JCONV= 77 CHG=2.59E-04 dt0=1.00E+04 DIVF(1)=-2.92E-04 DIVFrms= 2.69E-04 DT(ND)=-1.25E-02 T(ND)=2.8858E+02
 NST=     3 JCONV= 77 CHG=3.94E-04 dt0=1.00E+04 DIVF(1)=-2.13E-04 DIVFrms= 1.94E-04 DT(ND)= 3.25E-02 T(ND)=2.8861E+02
 NST=     4 JCONV= 78 CHG=9.77E-05 dt0=1.00E+04 DIVF(1)=-3.68E-04 DIVFrms= 3.44E-04 DT(ND)= 1.90E-02 T(ND)=2.8863E+02
 NST=     5 JCONV= 78 CHG=2.28E-04 dt0=1.00E+04 DIVF(1)=-4.64E-04 DIVFrms= 4.37E-04 DT(ND)= 1.26E-02 T(ND)=2.8864E+02
 NST=     6 JCONV= 78 CHG=2.45E-04 dt0=1.00E+04 DIVF(1)=-5.32E-04 DIVFrms= 5.01E-04 DT(ND)= 8.92E-03 T(ND)=2.8865E+02
 NST=     7 JCONV= 78 CHG=2.46E-04 dt0=1.00E+04 DIVF(1)=-5.79E-04 DIVFrms= 5.47E-04 DT(ND)= 6.52E-03 T(ND)=2.8865E+02
 NST=     8 JCONV= 78 CHG=7.21E-05 dt0=1.00E+04 DIVF(1)=-6.15E-04 DIVFrms= 5.83E-04 DT(ND)= 4.86E-03 T(ND)=2.8866E+02
 NST=     9 JCONV= 78 CHG=7.48E-05 dt0=1.00E+04 DIVF(1)=-6.42E-04 DIVFrms= 6.10E-04 DT(ND)= 3.66E-03 T(ND)=2.8866E+02
 NST=    10 JCONV= 78 CHG=8.62E-05 dt0=1.00E+04 DIVF(1)=-6.61E-04 DIVFrms= 6.29E-04 DT(ND)= 2.77E-03 T(ND)=2.8867E+02
 NST=    11 JCONV= 78 CHG=1.28E-04 dt0=1.00E+04 DIVF(1)=-6.80E-04 DIVFrms= 6.47E-04 DT(ND)= 2.10E-03 T(ND)=2.8867E+02
 NST=    12 JCONV= 78 CHG=1.32E-04 dt0=1.00E+04 DIVF(1)=-6.88E-04 DIVFrms= 6.58E-04 DT(ND)= 1.60E-03 T(ND)=2.8867E+02
 NST=    13 JCONV= 78 CHG=6.26E-05 dt0=1.00E+04 DIVF(1)=-6.99E-04 DIVFrms= 6.67E-04 DT(ND)= 1.23E-03 T(ND)=2.8867E+02
 NST=    14 JCONV= 78 CHG=1.56E-04 dt0=1.00E+04 DIVF(1)=-7.08E-04 DIVFrms= 6.74E-04 DT(ND)= 9.45E-04 T(ND)=2.8867E+02
 NST=    15 JCONV= 77 CHG=6.71E-05 dt0=1.00E+04 DIVF(1)=-7.13E-04 DIVFrms= 6.85E-04 DT(ND)= 7.31E-04 T(ND)=2.8867E+02
 NST=    16 JCONV= 77 CHG=4.47E-05 dt0=1.00E+04 DIVF(1)=-7.17E-04 DIVFrms= 6.90E-04 DT(ND)= 5.71E-04 T(ND)=2.8867E+02
 NST=    17 JCONV= 77 CHG=1.04E-04 dt0=1.00E+04 DIVF(1)=-7.19E-04 DIVFrms= 6.90E-04 DT(ND)= 4.49E-04 T(ND)=2.8867E+02
 NST=    18 JCONV= 77 CHG=1.97E-04 dt0=1.00E+04 DIVF(1)=-7.21E-04 DIVFrms= 6.96E-04 DT(ND)= 3.56E-04 T(ND)=2.8867E+02
 NST=    19 JCONV= 77 CHG=1.43E-04 dt0=1.00E+04 DIVF(1)=-7.25E-04 DIVFrms= 6.97E-04 DT(ND)= 2.81E-04 T(ND)=2.8867E+02
 NST=    20 JCONV= 77 CHG=2.67E-04 dt0=1.00E+04 DIVF(1)=-7.25E-04 DIVFrms= 7.00E-04 DT(ND)= 2.19E-04 T(ND)=2.8867E+02
 NST=    21 JCONV= 77 CHG=1.76E-04 dt0=1.00E+04 DIVF(1)=-7.29E-04 DIVFrms= 7.00E-04 DT(ND)= 1.69E-04 T(ND)=2.8867E+02
 NST=    22 JCONV= 77 CHG=5.80E-05 dt0=1.00E+04 DIVF(1)=-7.30E-04 DIVFrms= 7.02E-04 DT(ND)= 1.28E-04 T(ND)=2.8867E+02
 NST=    23 JCONV= 77 CHG=4.43E-05 dt0=1.00E+04 DIVF(1)=-7.29E-04 DIVFrms= 7.01E-04 DT(ND)= 9.64E-05 T(ND)=2.8868E+02
 NST=    24 JCONV= 77 CHG=1.67E-04 dt0=1.00E+04 DIVF(1)=-7.30E-04 DIVFrms= 7.03E-04 DT(ND)= 7.15E-05 T(ND)=2.8868E+02
 NST=    25 JCONV= 77 CHG=9.64E-05 dt0=1.00E+04 DIVF(1)=-7.30E-04 DIVFrms= 7.03E-04 DT(ND)= 5.24E-05 T(ND)=2.8868E+02
 NST=    26 JCONV= 77 CHG=2.36E-04 dt0=1.00E+04 DIVF(1)=-7.31E-04 DIVFrms= 7.04E-04 DT(ND)= 3.76E-05 T(ND)=2.8868E+02
 NST=    27 JCONV= 77 CHG=1.40E-04 dt0=1.00E+04 DIVF(1)=-7.30E-04 DIVFrms= 7.03E-04 DT(ND)= 2.62E-05 T(ND)=2.8868E+02
 NST=    28 JCONV= 77 CHG=1.29E-04 dt0=1.00E+04 DIVF(1)=-7.30E-04 DIVFrms= 7.02E-04 DT(ND)= 1.75E-05 T(ND)=2.8868E+02
 NST=    29 JCONV= 77 CHG=1.03E-04 dt0=1.00E+04 DIVF(1)=-7.31E-04 DIVFrms= 7.03E-04 DT(ND)= 1.08E-05 T(ND)=2.8868E+02
 NST=    30 JCONV= 77 CHG=1.99E-04 dt0=1.00E+04 DIVF(1)=-7.32E-04 DIVFrms= 7.03E-04 DT(ND)= 5.74E-06 T(ND)=2.8868E+02
 NST=    31 JCONV= 77 CHG=3.06E-05 dt0=1.00E+04 DIVF(1)=-7.31E-04 DIVFrms= 7.02E-04 DT(ND)= 1.72E-06 T(ND)=2.8868E+02
 NST=    32 JCONV= 77 CHG=2.55E-04 dt0=1.00E+04 DIVF(1)=-7.32E-04 DIVFrms= 7.01E-04 DT(ND)=-1.31E-06 T(ND)=2.8868E+02
 NST=    33 JCONV= 77 CHG=4.11E-05 dt0=1.00E+04 DIVF(1)=-7.31E-04 DIVFrms= 7.02E-04 DT(ND)=-3.62E-06 T(ND)=2.8868E+02
 NST=    34 JCONV= 77 CHG=1.43E-04 dt0=1.00E+04 DIVF(1)=-7.30E-04 DIVFrms= 7.01E-04 DT(ND)=-5.39E-06 T(ND)=2.8868E+02
 NST=    35 JCONV= 77 CHG=1.08E-04 dt0=1.00E+04 DIVF(1)=-7.29E-04 DIVFrms= 7.00E-04 DT(ND)=-6.78E-06 T(ND)=2.8868E+02
 NST=    36 JCONV= 77 CHG=1.65E-04 dt0=1.00E+04 DIVF(1)=-7.30E-04 DIVFrms= 7.02E-04 DT(ND)=-7.76E-06 T(ND)=2.8868E+02
 NST=    37 JCONV= 77 CHG=1.80E-04 dt0=1.00E+04 DIVF(1)=-7.30E-04 DIVFrms= 7.03E-04 DT(ND)=-8.59E-06 T(ND)=2.8868E+02
 NST=    38 JCONV= 77 CHG=9.65E-05 dt0=1.00E+04 DIVF(1)=-7.30E-04 DIVFrms= 7.01E-04 DT(ND)=-9.18E-06 T(ND)=2.8868E+02
 NST=    39 JCONV= 77 CHG=8.92E-05 dt0=1.00E+04 DIVF(1)=-7.28E-04 DIVFrms= 7.02E-04 DT(ND)=-9.76E-06 T(ND)=2.8868E+02
 NST=    40 JCONV= 77 CHG=3.16E-05 dt0=1.00E+04 DIVF(1)=-7.29E-04 DIVFrms= 7.03E-04 DT(ND)=-1.01E-05 T(ND)=2.8868E+02
 NST=    41 JCONV= 77 CHG=6.17E-05 dt0=1.00E+04 DIVF(1)=-7.31E-04 DIVFrms= 7.02E-04 DT(ND)=-1.04E-05 T(ND)=2.8868E+02
 NST=    42 JCONV= 77 CHG=2.73E-05 dt0=1.00E+04 DIVF(1)=-7.29E-04 DIVFrms= 7.01E-04 DT(ND)=-1.07E-05 T(ND)=2.8868E+02
 NST=    43 JCONV= 77 CHG=5.67E-05 dt0=1.00E+04 DIVF(1)=-7.31E-04 DIVFrms= 7.03E-04 DT(ND)=-1.08E-05 T(ND)=2.8868E+02
 NST=    44 JCONV= 77 CHG=6.62E-05 dt0=1.00E+04 DIVF(1)=-7.28E-04 DIVFrms= 7.01E-04 DT(ND)=-1.09E-05 T(ND)=2.8868E+02
 NST=    45 JCONV= 77 CHG=1.73E-04 dt0=1.00E+04 DIVF(1)=-7.27E-04 DIVFrms= 7.01E-04 DT(ND)=-1.10E-05 T(ND)=2.8868E+02
 NST=    46 JCONV= 77 CHG=1.79E-04 dt0=1.00E+04 DIVF(1)=-7.27E-04 DIVFrms= 7.00E-04 DT(ND)=-1.11E-05 T(ND)=2.8868E+02
 NST=    47 JCONV= 77 CHG=1.07E-04 dt0=1.00E+04 DIVF(1)=-7.25E-04 DIVFrms= 6.99E-04 DT(ND)=-1.11E-05 T(ND)=2.8868E+02
 NST=    48 JCONV= 77 CHG=2.95E-04 dt0=1.00E+04 DIVF(1)=-7.31E-04 DIVFrms= 7.01E-04 DT(ND)=-1.11E-05 T(ND)=2.8868E+02
 NST=    49 JCONV= 77 CHG=1.86E-04 dt0=1.00E+04 DIVF(1)=-7.28E-04 DIVFrms= 7.02E-04 DT(ND)=-1.12E-05 T(ND)=2.8868E+02
 NST=    50 JCONV= 77 CHG=1.46E-04 dt0=1.00E+04 DIVF(1)=-7.28E-04 DIVFrms= 6.99E-04 DT(ND)=-1.12E-05 T(ND)=2.8868E+02

 TIME= 4.925E+05  TIME IN DAYS = 5.700E+00

 PLANETARY ALBEDO:  ALBP = 0.2378

  J     P         ALT         T        CONVEC       DT          TOLD        FH20       FSAVE        FO3        TCOOL       THEAT
  1 3.2610E-05 6.1384E+01 1.7789E+02  0.00E+00   2.2230E-04  1.7789E+02  1.6777E-10  1.6777E-10  7.4656E-09 -3.2857E+01  3.9459E+01
  2 3.8508E-05 6.0480E+01 1.7312E+02  0.00E+00   1.0677E-02  1.7311E+02  2.4995E-10  2.4995E-10  1.0251E-08 -1.0727E+01  2.7864E+00
  3 4.5414E-05 5.9599E+01 1.7208E+02  0.00E+00  -8.8346E-03  1.7209E+02  3.7143E-10  3.7143E-10  1.2333E-08 -3.3088E+00  1.8667E+00
  4 5.3492E-05 5.8724E+01 1.7348E+02  0.00E+00  -2.5316E-02  1.7351E+02  5.5524E-10  5.5524E-10  1.3410E-08 -1.2153E+00  1.7217E+00
  5 6.2928E-05 5.7846E+01 1.7605E+02  0.00E+00  -2.0862E-02  1.7608E+02  8.3857E-10  8.3857E-10  1.3519E-08 -1.1628E+00  1.5979E+00
  6 7.3934E-05 5.6961E+01 1.7895E+02  0.00E+00  -7.5461E-03  1.7895E+02  1.2786E-09  1.2786E-09  1.3069E-08 -1.0175E+00  1.4770E+00
  7 8.6756E-05 5.6070E+01 1.8168E+02  0.00E+00   8.1412E-04  1.8168E+02  1.9646E-09  1.9646E-09  1.2008E-08 -1.1138E+00  1.3602E+00
  8 1.0167E-04 5.5173E+01 1.8399E+02  0.00E+00   1.6259E-03  1.8399E+02  3.0407E-09  3.0407E-09  1.0553E-08 -1.0671E+00  1.2487E+00
  9 1.1901E-04 5.4274E+01 1.8572E+02  0.00E+00   1.3952E-04  1.8572E+02  4.7298E-09  4.7298E-09  8.7995E-09 -1.0002E+00  1.1522E+00
 10 1.3912E-04 5.3376E+01 1.8678E+02  0.00E+00  -2.7366E-04  1.8678E+02  7.3630E-09  7.3630E-09  6.8702E-09 -9.2566E-01  1.0627E+00
 11 1.6242E-04 5.2482E+01 1.8718E+02  0.00E+00  -1.5639E-04  1.8718E+02  1.1408E-08  1.1408E-08  4.9282E-09 -8.6587E-01  9.8117E-01
 12 1.8939E-04 5.1594E+01 1.8698E+02  0.00E+00  -6.2808E-05  1.8698E+02  1.7645E-08  1.7645E-08  3.1951E-09 -8.3372E-01  9.1198E-01
 13 2.2056E-04 5.0717E+01 1.8628E+02  0.00E+00  -4.4136E-06  1.8628E+02  2.6894E-08  2.6894E-08  1.8604E-09 -8.1753E-01  8.5522E-01
 14 2.5654E-04 4.9851E+01 1.8523E+02  0.00E+00  -4.4505E-05  1.8523E+02  4.0250E-08  4.0250E-08  1.0820E-09 -8.1301E-01  8.1502E-01
 15 2.9801E-04 4.8998E+01 1.8395E+02  0.00E+00  -1.2240E-04  1.8396E+02  5.8725E-08  5.8725E-08  7.7243E-10 -8.1448E-01  7.8859E-01
 16 3.4574E-04 4.8158E+01 1.8259E+02  0.00E+00  -1.8807E-04  1.8259E+02  8.3592E-08  8.3592E-08  6.3510E-10 -8.1737E-01  7.7436E-01
 17 4.0062E-04 4.7332E+01 1.8125E+02  0.00E+00  -2.2363E-04  1.8126E+02  1.1533E-07  1.1533E-07  5.5025E-10 -8.2049E-01  7.6937E-01
 18 4.6362E-04 4.6519E+01 1.8002E+02  0.00E+00  -2.3832E-04  1.8002E+02  1.5442E-07  1.5442E-07  5.0077E-10 -8.2301E-01  7.7118E-01
 19 5.3585E-04 4.5718E+01 1.7895E+02  0.00E+00  -2.4101E-04  1.7895E+02  1.9983E-07  1.9983E-07  4.7463E-10 -8.2482E-01  7.7747E-01
 20 6.1856E-04 4.4928E+01 1.7807E+02  0.00E+00  -2.3539E-04  1.7807E+02  2.5000E-07  2.5000E-07  4.6964E-10 -8.2430E-01  7.8463E-01
 21 7.1313E-04 4.4150E+01 1.7739E+02  0.00E+00  -2.2542E-04  1.7739E+02  3.0007E-07  3.0007E-07  4.8174E-10 -8.2032E-01  7.9056E-01
 22 8.2113E-04 4.3381E+01 1.7690E+02  0.00E+00  -2.1442E-04  1.7690E+02  3.4782E-07  3.4782E-07  5.0837E-10 -8.1252E-01  7.9292E-01
 23 9.4428E-04 4.2620E+01 1.7658E+02  0.00E+00  -2.0517E-04  1.7658E+02  3.9152E-07  3.9152E-07  5.5103E-10 -8.0175E-01  7.9052E-01
 24 1.0845E-03 4.1868E+01 1.7641E+02  0.00E+00  -1.9933E-04  1.7641E+02  4.2765E-07  4.2765E-07  6.1196E-10 -7.8961E-01  7.8674E-01
 25 1.2441E-03 4.1123E+01 1.7636E+02  0.00E+00  -1.9717E-04  1.7636E+02  4.5547E-07  4.5547E-07  6.9423E-10 -7.7938E-01  7.8131E-01
 26 1.4253E-03 4.0385E+01 1.7641E+02  0.00E+00  -1.9788E-04  1.7641E+02  4.7325E-07  4.7325E-07  8.0302E-10 -7.7338E-01  7.7497E-01
 27 1.6308E-03 3.9654E+01 1.7654E+02  0.00E+00  -2.0003E-04  1.7654E+02  4.8375E-07  4.8375E-07  9.4151E-10 -7.7304E-01  7.7030E-01
 28 1.8636E-03 3.8930E+01 1.7674E+02  0.00E+00  -2.0203E-04  1.7674E+02  4.8764E-07  4.8764E-07  1.1112E-09 -7.7803E-01  7.7057E-01
 29 2.1270E-03 3.8211E+01 1.7698E+02  0.00E+00  -2.0255E-04  1.7698E+02  4.8677E-07  4.8677E-07  1.3222E-09 -7.8369E-01  7.7414E-01
 30 2.4245E-03 3.7498E+01 1.7725E+02  0.00E+00  -2.0092E-04  1.7725E+02  4.8199E-07  4.8199E-07  1.5724E-09 -7.8669E-01  7.7981E-01
 31 2.7602E-03 3.6791E+01 1.7752E+02  0.00E+00  -1.9732E-04  1.7752E+02  4.7542E-07  4.7542E-07  1.8522E-09 -7.8491E-01  7.8465E-01
 32 3.1383E-03 3.6091E+01 1.7776E+02  0.00E+00  -1.9279E-04  1.7777E+02  4.6709E-07  4.6709E-07  2.1662E-09 -7.7802E-01  7.8616E-01
 33 3.5638E-03 3.5396E+01 1.7796E+02  0.00E+00  -1.8888E-04  1.7796E+02  4.5876E-07  4.5876E-07  2.5207E-09 -7.6763E-01  7.8314E-01
 34 4.0419E-03 3.4708E+01 1.7808E+02  0.00E+00  -1.8727E-04  1.7808E+02  4.5050E-07  4.5050E-07  2.9259E-09 -7.5530E-01  7.7544E-01
 35 4.5783E-03 3.4027E+01 1.7813E+02  0.00E+00  -1.8929E-04  1.7813E+02  4.4187E-07  4.4187E-07  3.3898E-09 -7.4176E-01  7.6310E-01
 36 5.1794E-03 3.3352E+01 1.7811E+02  0.00E+00  -1.9553E-04  1.7811E+02  4.3323E-07  4.3323E-07  3.9220E-09 -7.2660E-01  7.4576E-01
 37 5.8521E-03 3.2685E+01 1.7804E+02  0.00E+00  -2.0566E-04  1.7804E+02  4.2409E-07  4.2409E-07  4.5227E-09 -7.0836E-01  7.2236E-01
 38 6.6037E-03 3.2025E+01 1.7795E+02  0.00E+00  -2.1848E-04  1.7795E+02  4.1484E-07  4.1484E-07  5.2182E-09 -6.8566E-01  6.9185E-01
 39 7.4425E-03 3.1372E+01 1.7788E+02  0.00E+00  -2.3212E-04  1.7788E+02  4.0571E-07  4.0571E-07  6.0015E-09 -6.5793E-01  6.5388E-01
 40 8.3773E-03 3.0727E+01 1.7785E+02  0.00E+00  -2.4440E-04  1.7785E+02  3.9664E-07  3.9664E-07  6.8930E-09 -6.2577E-01  6.0996E-01
 41 9.4176E-03 3.0088E+01 1.7792E+02  0.00E+00  -2.5327E-04  1.7792E+02  3.8673E-07  3.8673E-07  7.8912E-09 -5.9055E-01  5.6345E-01
 42 1.0574E-02 2.9456E+01 1.7811E+02  0.00E+00  -2.5710E-04  1.7811E+02  3.7729E-07  3.7729E-07  9.0090E-09 -5.4342E-01  5.1854E-01
 43 1.1857E-02 2.8831E+01 1.7841E+02  0.00E+00  -2.5493E-04  1.7841E+02  3.6729E-07  3.6729E-07  1.0233E-08 -5.0413E-01  4.7970E-01
 44 1.3279E-02 2.8211E+01 1.7885E+02  0.00E+00  -2.4658E-04  1.7885E+02  3.5992E-07  3.5992E-07  1.1590E-08 -4.7111E-01  4.5065E-01
 45 1.4853E-02 2.7596E+01 1.7940E+02  0.00E+00  -2.3271E-04  1.7940E+02  3.5992E-07  3.5992E-07  1.3058E-08 -4.4568E-01  4.3210E-01
 46 1.6592E-02 2.6986E+01 1.8004E+02  0.00E+00  -2.1470E-04  1.8004E+02  3.6515E-07  3.6515E-07  1.4520E-08 -4.2764E-01  4.2205E-01
 47 1.8512E-02 2.6381E+01 1.8075E+02  0.00E+00  -1.9447E-04  1.8075E+02  3.7535E-07  3.7535E-07  1.6120E-08 -4.1577E-01  4.1801E-01
 48 2.0628E-02 2.5781E+01 1.8151E+02  0.00E+00  -1.7422E-04  1.8151E+02  3.8831E-07  3.8831E-07  1.7903E-08 -4.0793E-01  4.1652E-01
 49 2.2957E-02 2.5185E+01 1.8230E+02  0.00E+00  -1.5602E-04  1.8230E+02  4.0379E-07  4.0379E-07  1.9836E-08 -4.0206E-01  4.1432E-01
 50 2.5517E-02 2.4594E+01 1.8310E+02  0.00E+00  -1.4140E-04  1.8310E+02  4.2062E-07  4.2062E-07  2.2163E-08 -3.9645E-01  4.1019E-01
 51 2.8326E-02 2.4007E+01 1.8391E+02  0.00E+00  -1.3102E-04  1.8391E+02  4.3964E-07  4.3964E-07  2.4835E-08 -3.9049E-01  4.0287E-01
 52 3.1405E-02 2.3425E+01 1.8474E+02  0.00E+00  -1.2445E-04  1.8474E+02  4.6188E-07  4.6188E-07  2.7885E-08 -3.8407E-01  3.9219E-01
 53 3.4775E-02 2.2848E+01 1.8560E+02  0.00E+00  -1.2026E-04  1.8560E+02  4.8820E-07  4.8820E-07  3.1367E-08 -3.7714E-01  3.7880E-01
 54 3.8457E-02 2.2275E+01 1.8651E+02  0.00E+00  -1.1643E-04  1.8651E+02  5.2050E-07  5.2050E-07  3.5410E-08 -3.6938E-01  3.6412E-01
 55 4.2476E-02 2.1706E+01 1.8748E+02  0.00E+00  -1.1093E-04  1.8748E+02  5.6169E-07  5.6169E-07  4.0079E-08 -3.6059E-01  3.4955E-01
 56 4.6857E-02 2.1142E+01 1.8852E+02  0.00E+00  -1.0231E-04  1.8852E+02  6.1343E-07  6.1343E-07  4.5410E-08 -3.5068E-01  3.3630E-01
 57 5.1623E-02 2.0582E+01 1.8965E+02  0.00E+00  -9.0158E-05  1.8965E+02  6.7906E-07  6.7906E-07  5.1698E-08 -3.4019E-01  3.2595E-01
 58 5.6803E-02 2.0026E+01 1.9086E+02  0.00E+00  -7.5174E-05  1.9086E+02  7.6061E-07  7.6061E-07  5.9098E-08 -3.3016E-01  3.1901E-01
 59 6.2424E-02 1.9474E+01 1.9214E+02  0.00E+00  -5.8967E-05  1.9214E+02  8.6022E-07  8.6022E-07  6.8119E-08 -3.2174E-01  3.1610E-01
 60 6.8515E-02 1.8925E+01 1.9348E+02  0.00E+00  -4.3621E-05  1.9348E+02  9.7843E-07  9.7843E-07  7.9321E-08 -3.1590E-01  3.1685E-01
 61 7.5105E-02 1.8381E+01 1.9487E+02  0.00E+00  -3.1235E-05  1.9487E+02  1.1216E-06  1.1216E-06  9.3031E-08 -3.1381E-01  3.1960E-01
 62 8.2225E-02 1.7840E+01 1.9629E+02  0.00E+00  -2.3548E-05  1.9629E+02  1.2898E-06  1.2898E-06  1.0909E-07 -3.1578E-01  3.2175E-01
 63 8.9907E-02 1.7302E+01 1.9774E+02  0.00E+00  -2.1725E-05  1.9774E+02  1.4801E-06  1.4801E-06  1.2711E-07 -3.2199E-01  3.2108E-01
 64 9.8182E-02 1.6768E+01 1.9922E+02  0.00E+00  -2.6323E-05  1.9922E+02  1.7113E-06  1.7113E-06  1.4437E-07 -3.3075E-01  3.1418E-01
 65 1.0708E-01 1.6239E+01 2.0071E+02  0.00E+00  -3.7340E-05  2.0071E+02  1.5541E-06  1.5541E-06  1.5924E-07 -2.8051E-01  2.9762E-01
 66 1.1665E-01 1.5713E+01 2.0220E+02  0.00E+00  -5.0334E-05  2.0220E+02  1.5870E-06  1.5871E-06  1.7059E-07 -2.7193E-01  2.7981E-01
 67 1.2690E-01 1.5191E+01 2.0343E+02  0.00E+00   1.4489E-04  2.0343E+02  1.8044E-06  1.8043E-06  1.7823E-07 -2.6186E-01  2.6311E-01
 68 1.3789E-01 1.4674E+01 2.0444E+02  0.00E+00  -4.4643E-05  2.0444E+02  2.1252E-06  2.1252E-06  1.7970E-07 -2.4649E-01  2.4610E-01
 69 1.4963E-01 1.4163E+01 2.0527E+02  0.00E+00   1.5005E-04  2.0527E+02  2.4306E-06  2.4305E-06  1.7623E-07 -2.2757E-01  2.2887E-01
 70 1.6217E-01 1.3658E+01 2.0610E+02  0.00E+00  -4.5075E-04  2.0610E+02  2.7716E-06  2.7718E-06  1.6475E-07 -2.1389E-01  2.1000E-01
 71 1.7555E-01 1.3159E+01 2.0687E+02  0.00E+00   6.4432E-04  2.0687E+02  3.1270E-06  3.1267E-06  1.4736E-07 -1.8498E-01  1.9054E-01
 72 1.8978E-01 1.2667E+01 2.0754E+02  0.00E+00  -7.8078E-04  2.0754E+02  3.4736E-06  3.4740E-06  1.2843E-07 -1.7943E-01  1.7268E-01
 73 2.0491E-01 1.2180E+01 2.0868E+02  0.00E+00   2.1526E-04  2.0868E+02  4.1189E-06  4.1188E-06  1.0902E-07 -1.5629E-01  1.5815E-01
 74 2.2097E-01 1.1699E+01 2.0924E+02  0.00E+00  -7.0405E-05  2.0924E+02  4.4865E-06  4.4866E-06  9.0354E-08 -1.4473E-01  1.4412E-01
 75 2.3798E-01 1.1224E+01 2.1114E+02  0.00E+00  -9.5616E-06  2.1114E+02  5.8824E-06  5.8824E-06  7.3427E-08 -1.3766E-01  1.3757E-01
 76 2.5599E-01 1.0754E+01 2.1215E+02  0.00E+00  -2.5229E-05  2.1215E+02  6.7956E-06  6.7956E-06  6.2277E-08 -1.9301E-01  1.3357E-01
 77 2.7500E-01 1.0285E+01 2.1660E+02  1.00E+00  -2.5597E-05  2.1660E+02  1.2376E-05  1.2376E-05  5.4731E-08 -6.0305E-01  1.5466E-01
 78 2.9506E-01 9.8160E+00 2.2104E+02  1.00E+00  -2.5687E-05  2.2104E+02  2.1961E-05  2.1961E-05  4.8423E-08 -1.0222E+00  1.8974E-01
 79 3.1618E-01 9.3457E+00 2.2545E+02  1.00E+00  -2.5486E-05  2.2545E+02  3.7954E-05  3.7954E-05  4.2687E-08 -1.4353E+00  2.3727E-01
 80 3.3839E-01 8.8751E+00 2.2981E+02  1.00E+00  -2.5512E-05  2.2981E+02  6.3857E-05  6.3857E-05  3.7404E-08 -1.8084E+00  2.9608E-01
 81 3.6170E-01 8.4044E+00 2.3410E+02  1.00E+00  -2.5359E-05  2.3410E+02  1.0450E-04  1.0450E-04  3.2421E-08 -2.0989E+00  3.6145E-01
 82 3.8613E-01 7.9343E+00 2.3829E+02  1.00E+00  -2.5005E-05  2.3829E+02  1.6618E-04  1.6618E-04  2.7776E-08 -2.2892E+00  4.2966E-01
 83 4.1169E-01 7.4653E+00 2.4235E+02  1.00E+00  -2.4448E-05  2.4235E+02  2.5652E-04  2.5653E-04  2.3557E-08 -2.4081E+00  5.0366E-01
 84 4.3839E-01 6.9979E+00 2.4625E+02  1.00E+00  -2.3703E-05  2.4625E+02  3.8420E-04  3.8420E-04  1.9793E-08 -2.4432E+00  5.8006E-01
 85 4.6623E-01 6.5328E+00 2.4998E+02  1.00E+00  -2.2807E-05  2.4998E+02  5.5830E-04  5.5830E-04  1.6533E-08 -2.4235E+00  6.4429E-01
 86 4.9522E-01 6.0706E+00 2.5352E+02  1.00E+00  -2.1806E-05  2.5352E+02  7.8775E-04  7.8775E-04  1.3727E-08 -2.3735E+00  6.8873E-01
 87 5.2534E-01 5.6119E+00 2.5685E+02  1.00E+00  -2.0749E-05  2.5685E+02  1.0807E-03  1.0807E-03  1.1279E-08 -2.3285E+00  7.1953E-01
 88 5.5660E-01 5.1573E+00 2.5999E+02  1.00E+00  -1.9677E-05  2.5999E+02  1.4444E-03  1.4444E-03  9.1898E-09 -2.2593E+00  7.4379E-01
 89 5.8897E-01 4.7074E+00 2.6294E+02  1.00E+00  -1.8626E-05  2.6294E+02  1.8845E-03  1.8845E-03  7.4664E-09 -2.1736E+00  7.6145E-01
 90 6.2244E-01 4.2627E+00 2.6570E+02  1.00E+00  -1.7622E-05  2.6570E+02  2.4060E-03  2.4060E-03  6.0365E-09 -2.0877E+00  7.6948E-01
 91 6.5698E-01 3.8237E+00 2.6830E+02  1.00E+00  -1.6677E-05  2.6830E+02  3.0125E-03  3.0126E-03  4.8546E-09 -1.9743E+00  7.6822E-01
 92 6.9257E-01 3.3909E+00 2.7074E+02  1.00E+00  -1.5799E-05  2.7074E+02  3.7069E-03  3.7069E-03  3.8994E-09 -1.8033E+00  7.6087E-01
 93 7.2916E-01 2.9647E+00 2.7304E+02  1.00E+00  -1.4986E-05  2.7304E+02  4.4909E-03  4.4909E-03  3.1301E-09 -1.6428E+00  7.5041E-01
 94 7.6672E-01 2.5452E+00 2.7546E+02  1.00E+00  -1.4237E-05  2.7546E+02  5.4398E-03  5.4398E-03  2.5224E-09 -1.5437E+00  7.4227E-01
 95 8.0519E-01 2.1326E+00 2.7775E+02  1.00E+00  -1.3687E-05  2.7775E+02  6.3367E-03  6.3367E-03  2.0463E-09 -1.4415E+00  7.1710E-01
 96 8.4454E-01 1.7274E+00 2.7995E+02  1.00E+00  -1.3087E-05  2.7995E+02  7.4511E-03  7.4511E-03  1.6723E-09 -1.4370E+00  7.0164E-01
 97 8.8468E-01 1.3296E+00 2.8204E+02  1.00E+00  -1.2590E-05  2.8204E+02  8.5628E-03  8.5628E-03  1.3905E-09 -1.4828E+00  6.8297E-01
 98 9.2557E-01 9.3981E-01 2.8404E+02  1.00E+00  -1.2180E-05  2.8404E+02  9.7933E-03  9.7933E-03  1.1923E-09 -1.6113E+00  6.7425E-01
 99 9.6713E-01 5.5811E-01 2.8594E+02  1.00E+00  -1.1736E-05  2.8594E+02  1.1156E-02  1.1156E-02  1.0561E-09 -1.8574E+00  6.7919E-01
100 1.0093E+00 1.8482E-01 2.8776E+02  1.00E+00  -1.1387E-05  2.8776E+02  1.2456E-02  1.2456E-02  9.5866E-10 -2.0816E+00  6.9333E-01
101 1.0307E+00 0.0000E+00 2.8868E+02  1.00E+00  -1.1219E-05  2.8868E+02  1.3237E-02  1.3237E-02  9.7500E-10 -3.2475E+00  7.9878E+00
  J     P         ALT         T        CONVEC       DT          TOLD        FH20       FSAVE        FO3        TCOOL       THEAT

 FCO2
  3.83E-04 3.89E-04 3.95E-04 4.00E-04 4.06E-04 4.12E-04 4.18E-04 4.24E-04 4.31E-04 4.37E-04
  4.43E-04 4.49E-04 4.54E-04 4.60E-04 4.66E-04 4.70E-04 4.74E-04 4.78E-04 4.81E-04 4.83E-04
  4.85E-04 4.87E-04 4.88E-04 4.89E-04 4.89E-04 4.90E-04 4.90E-04 4.91E-04 4.91E-04 4.91E-04
  4.91E-04 4.91E-04 4.91E-04 4.91E-04 4.91E-04 4.91E-04 4.91E-04 4.91E-04 4.91E-04 4.91E-04
  4.91E-04 4.91E-04 4.91E-04 4.91E-04 4.91E-04 4.91E-04 4.91E-04 4.91E-04 4.91E-04 4.91E-04
  4.91E-04 4.91E-04 4.91E-04 4.91E-04 4.91E-04 4.91E-04 4.91E-04 4.91E-04 4.91E-04 4.91E-04
  4.91E-04 4.91E-04 4.91E-04 4.91E-04 4.91E-04 4.91E-04 4.91E-04 4.91E-04 4.91E-04 4.91E-04
  4.91E-04 4.91E-04 4.91E-04 4.91E-04 4.91E-04 4.91E-04 4.91E-04 4.91E-04 4.91E-04 4.91E-04
  4.91E-04 4.91E-04 4.91E-04 4.91E-04 4.91E-04 4.91E-04 4.91E-04 4.91E-04 4.91E-04 4.91E-04
  4.91E-04 4.91E-04 4.91E-04 4.91E-04 4.91E-04 4.91E-04 4.91E-04 4.91E-04 4.91E-04 4.91E-04
  4.91E-04

  J    PF         ALT       FTOTAL       FTIR       FDNIR       FUPIR       FTSOL       FDNSOL       FUPSOL       DIVF
  1 3.0000E-05 6.1384E+01 -1.8982E+02 -2.6070E+05  0.0000E+00  2.6070E+05  2.6051E+05  3.4178E+05  8.1264E+04 -7.2810E-04
  2 3.5448E-05 6.0480E+01 -1.9423E+02 -2.6068E+05  2.0188E+01  2.6070E+05  2.6049E+05  3.4175E+05  8.1263E+04 -7.4501E-04
  3 4.1832E-05 5.9599E+01 -1.8802E+02 -2.6067E+05  2.9736E+01  2.6070E+05  2.6049E+05  3.4175E+05  8.1263E+04 -7.2119E-04
  4 4.9304E-05 5.8724E+01 -1.8670E+02 -2.6067E+05  3.5068E+01  2.6071E+05  2.6048E+05  3.4175E+05  8.1263E+04 -7.1613E-04
  5 5.8037E-05 5.7846E+01 -1.8724E+02 -2.6067E+05  3.9568E+01  2.6071E+05  2.6048E+05  3.4175E+05  8.1263E+04 -7.1820E-04
  6 6.8231E-05 5.6961E+01 -1.8778E+02 -2.6067E+05  4.4334E+01  2.6071E+05  2.6048E+05  3.4174E+05  8.1262E+04 -7.2027E-04
  7 8.0114E-05 5.6070E+01 -1.8845E+02 -2.6067E+05  4.9177E+01  2.6072E+05  2.6048E+05  3.4174E+05  8.1262E+04 -7.2282E-04
  8 9.3948E-05 5.5173E+01 -1.8887E+02 -2.6066E+05  5.3898E+01  2.6072E+05  2.6048E+05  3.4174E+05  8.1262E+04 -7.2442E-04
  9 1.1003E-04 5.4274E+01 -1.8923E+02 -2.6066E+05  5.8016E+01  2.6072E+05  2.6047E+05  3.4173E+05  8.1261E+04 -7.2578E-04
 10 1.2871E-04 5.3376E+01 -1.8957E+02 -2.6066E+05  6.1374E+01  2.6072E+05  2.6047E+05  3.4173E+05  8.1261E+04 -7.2711E-04
 11 1.5036E-04 5.2482E+01 -1.8994E+02 -2.6066E+05  6.3874E+01  2.6072E+05  2.6047E+05  3.4173E+05  8.1260E+04 -7.2850E-04
 12 1.7544E-04 5.1594E+01 -1.9029E+02 -2.6066E+05  6.5625E+01  2.6072E+05  2.6047E+05  3.4172E+05  8.1259E+04 -7.2986E-04
 13 2.0445E-04 5.0717E+01 -1.9057E+02 -2.6065E+05  6.6890E+01  2.6072E+05  2.6046E+05  3.4172E+05  8.1258E+04 -7.3093E-04
 14 2.3794E-04 4.9851E+01 -1.9072E+02 -2.6065E+05  6.7989E+01  2.6072E+05  2.6046E+05  3.4172E+05  8.1257E+04 -7.3153E-04
 15 2.7658E-04 4.8998E+01 -1.9073E+02 -2.6065E+05  6.9270E+01  2.6071E+05  2.6045E+05  3.4171E+05  8.1256E+04 -7.3158E-04
 16 3.2109E-04 4.8158E+01 -1.9059E+02 -2.6064E+05  7.1057E+01  2.6071E+05  2.6045E+05  3.4170E+05  8.1255E+04 -7.3104E-04
 17 3.7229E-04 4.7332E+01 -1.9032E+02 -2.6064E+05  7.3634E+01  2.6071E+05  2.6045E+05  3.4170E+05  8.1253E+04 -7.3002E-04
 18 4.3110E-04 4.6519E+01 -1.8996E+02 -2.6063E+05  7.7245E+01  2.6071E+05  2.6044E+05  3.4169E+05  8.1251E+04 -7.2862E-04
 19 4.9859E-04 4.5718E+01 -1.8953E+02 -2.6062E+05  8.2095E+01  2.6071E+05  2.6043E+05  3.4168E+05  8.1249E+04 -7.2699E-04
 20 5.7590E-04 4.4928E+01 -1.8908E+02 -2.6062E+05  8.8364E+01  2.6070E+05  2.6043E+05  3.4167E+05  8.1247E+04 -7.2528E-04
 21 6.6437E-04 4.4150E+01 -1.8865E+02 -2.6061E+05  9.6195E+01  2.6070E+05  2.6042E+05  3.4166E+05  8.1244E+04 -7.2364E-04
 22 7.6547E-04 4.3381E+01 -1.8829E+02 -2.6060E+05  1.0570E+02  2.6070E+05  2.6041E+05  3.4165E+05  8.1241E+04 -7.2223E-04
 23 8.8083E-04 4.2620E+01 -1.8801E+02 -2.6058E+05  1.1699E+02  2.6070E+05  2.6040E+05  3.4163E+05  8.1237E+04 -7.2118E-04
 24 1.0123E-03 4.1868E+01 -1.8783E+02 -2.6057E+05  1.3013E+02  2.6070E+05  2.6038E+05  3.4162E+05  8.1233E+04 -7.2049E-04
 25 1.1619E-03 4.1123E+01 -1.8778E+02 -2.6056E+05  1.4526E+02  2.6070E+05  2.6037E+05  3.4160E+05  8.1229E+04 -7.2028E-04
 26 1.3320E-03 4.0385E+01 -1.8782E+02 -2.6054E+05  1.6255E+02  2.6070E+05  2.6035E+05  3.4158E+05  8.1224E+04 -7.2043E-04
 27 1.5251E-03 3.9654E+01 -1.8786E+02 -2.6052E+05  1.8228E+02  2.6071E+05  2.6034E+05  3.4155E+05  8.1218E+04 -7.2057E-04
 28 1.7439E-03 3.8930E+01 -1.8778E+02 -2.6050E+05  2.0479E+02  2.6071E+05  2.6032E+05  3.4153E+05  8.1211E+04 -7.2029E-04
 29 1.9916E-03 3.8211E+01 -1.8756E+02 -2.6048E+05  2.3049E+02  2.6071E+05  2.6029E+05  3.4150E+05  8.1203E+04 -7.1942E-04
 30 2.2716E-03 3.7498E+01 -1.8723E+02 -2.6045E+05  2.5971E+02  2.6071E+05  2.6027E+05  3.4146E+05  8.1195E+04 -7.1816E-04
 31 2.5877E-03 3.6791E+01 -1.8697E+02 -2.6042E+05  2.9265E+02  2.6072E+05  2.6024E+05  3.4142E+05  8.1185E+04 -7.1714E-04
 32 2.9441E-03 3.6091E+01 -1.8696E+02 -2.6039E+05  3.2945E+02  2.6072E+05  2.6020E+05  3.4138E+05  8.1174E+04 -7.1709E-04
 33 3.3454E-03 3.5396E+01 -1.8736E+02 -2.6035E+05  3.7022E+02  2.6072E+05  2.6016E+05  3.4133E+05  8.1162E+04 -7.1860E-04
 34 3.7965E-03 3.4708E+01 -1.8821E+02 -2.6031E+05  4.1518E+02  2.6072E+05  2.6012E+05  3.4127E+05  8.1149E+04 -7.2186E-04
 35 4.3031E-03 3.4027E+01 -1.8945E+02 -2.6026E+05  4.6472E+02  2.6073E+05  2.6007E+05  3.4121E+05  8.1133E+04 -7.2661E-04
 36 4.8712E-03 3.3352E+01 -1.9092E+02 -2.6021E+05  5.1941E+02  2.6073E+05  2.6002E+05  3.4114E+05  8.1116E+04 -7.3225E-04
 37 5.5072E-03 3.2685E+01 -1.9240E+02 -2.6015E+05  5.7994E+02  2.6073E+05  2.5996E+05  3.4106E+05  8.1097E+04 -7.3792E-04
 38 6.2185E-03 3.2025E+01 -1.9361E+02 -2.6009E+05  6.4701E+02  2.6074E+05  2.5990E+05  3.4098E+05  8.1075E+04 -7.4254E-04
 39 7.0128E-03 3.1372E+01 -1.9421E+02 -2.6003E+05  7.2125E+02  2.6075E+05  2.5983E+05  3.4088E+05  8.1052E+04 -7.4481E-04
 40 7.8986E-03 3.0727E+01 -1.9377E+02 -2.5996E+05  8.0317E+02  2.6076E+05  2.5976E+05  3.4079E+05  8.1025E+04 -7.4311E-04
 41 8.8850E-03 3.0088E+01 -1.9188E+02 -2.5988E+05  8.9316E+02  2.6077E+05  2.5969E+05  3.4069E+05  8.0996E+04 -7.3580E-04
 42 9.9821E-03 2.9456E+01 -1.8827E+02 -2.5980E+05  9.9154E+02  2.6079E+05  2.5961E+05  3.4058E+05  8.0963E+04 -7.2191E-04
 43 1.1200E-02 2.8831E+01 -1.8459E+02 -2.5972E+05  1.0984E+03  2.6082E+05  2.5954E+05  3.4047E+05  8.0927E+04 -7.0773E-04
 44 1.2552E-02 2.8211E+01 -1.8059E+02 -2.5964E+05  1.2134E+03  2.6085E+05  2.5946E+05  3.4035E+05  8.0888E+04 -6.9229E-04
 45 1.4048E-02 2.7596E+01 -1.7687E+02 -2.5955E+05  1.3373E+03  2.6089E+05  2.5938E+05  3.4022E+05  8.0844E+04 -6.7795E-04
 46 1.5703E-02 2.6986E+01 -1.7414E+02 -2.5946E+05  1.4715E+03  2.6094E+05  2.5929E+05  3.4009E+05  8.0796E+04 -6.6738E-04
 47 1.7531E-02 2.6381E+01 -1.7290E+02 -2.5937E+05  1.6173E+03  2.6099E+05  2.5920E+05  3.3994E+05  8.0743E+04 -6.6250E-04
 48 1.9548E-02 2.5781E+01 -1.7345E+02 -2.5927E+05  1.7767E+03  2.6104E+05  2.5909E+05  3.3978E+05  8.0686E+04 -6.6445E-04
 49 2.1768E-02 2.5185E+01 -1.7577E+02 -2.5916E+05  1.9511E+03  2.6111E+05  2.5898E+05  3.3961E+05  8.0622E+04 -6.7316E-04
 50 2.4211E-02 2.4594E+01 -1.7940E+02 -2.5904E+05  2.1424E+03  2.6118E+05  2.5886E+05  3.3941E+05  8.0554E+04 -6.8686E-04
 51 2.6893E-02 2.4007E+01 -1.8386E+02 -2.5891E+05  2.3521E+03  2.6126E+05  2.5873E+05  3.3921E+05  8.0479E+04 -7.0375E-04
 52 2.9835E-02 2.3425E+01 -1.8828E+02 -2.5877E+05  2.5821E+03  2.6135E+05  2.5858E+05  3.3898E+05  8.0397E+04 -7.2040E-04
 53 3.3057E-02 2.2848E+01 -1.9145E+02 -2.5862E+05  2.8346E+03  2.6146E+05  2.5843E+05  3.3874E+05  8.0309E+04 -7.3225E-04
 54 3.6581E-02 2.2275E+01 -1.9216E+02 -2.5846E+05  3.1121E+03  2.6157E+05  2.5827E+05  3.3848E+05  8.0214E+04 -7.3464E-04
 55 4.0430E-02 2.1706E+01 -1.8971E+02 -2.5829E+05  3.4170E+03  2.6170E+05  2.5810E+05  3.3821E+05  8.0111E+04 -7.2490E-04
 56 4.4627E-02 2.1142E+01 -1.8409E+02 -2.5810E+05  3.7515E+03  2.6186E+05  2.5792E+05  3.3792E+05  8.0000E+04 -7.0304E-04
 57 4.9198E-02 2.0582E+01 -1.7613E+02 -2.5791E+05  4.1176E+03  2.6203E+05  2.5773E+05  3.3762E+05  7.9882E+04 -6.7218E-04
 58 5.4168E-02 2.0026E+01 -1.6755E+02 -2.5771E+05  4.5171E+03  2.6222E+05  2.5754E+05  3.3729E+05  7.9755E+04 -6.3898E-04
 59 5.9566E-02 1.9474E+01 -1.6026E+02 -2.5749E+05  4.9522E+03  2.6244E+05  2.5733E+05  3.3695E+05  7.9619E+04 -6.1066E-04
 60 6.5419E-02 1.8925E+01 -1.5626E+02 -2.5726E+05  5.4262E+03  2.6269E+05  2.5710E+05  3.3658E+05  7.9475E+04 -5.9485E-04
 61 7.1757E-02 1.8381E+01 -1.5699E+02 -2.5702E+05  5.9437E+03  2.6296E+05  2.5686E+05  3.3618E+05  7.9323E+04 -5.9701E-04
 62 7.8609E-02 1.7840E+01 -1.6180E+02 -2.5676E+05  6.5114E+03  2.6327E+05  2.5660E+05  3.3576E+05  7.9162E+04 -6.1458E-04
 63 8.6007E-02 1.7302E+01 -1.6715E+02 -2.5648E+05  7.1376E+03  2.6361E+05  2.5631E+05  3.3530E+05  7.8993E+04 -6.3407E-04
 64 9.3983E-02 1.6768E+01 -1.6627E+02 -2.5616E+05  7.8318E+03  2.6400E+05  2.5600E+05  3.3481E+05  7.8816E+04 -6.2981E-04
 65 1.0257E-01 1.6239E+01 -1.4904E+02 -2.5582E+05  8.5999E+03  2.6442E+05  2.5567E+05  3.3430E+05  7.8631E+04 -5.6365E-04
 66 1.1180E-01 1.5713E+01 -1.6817E+02 -2.5551E+05  9.4091E+03  2.6492E+05  2.5534E+05  3.3378E+05  7.8439E+04 -6.3481E-04
 67 1.2171E-01 1.5191E+01 -1.7762E+02 -2.5518E+05  1.0240E+04  2.6542E+05  2.5500E+05  3.3324E+05  7.8237E+04 -6.6919E-04
 68 1.3232E-01 1.4674E+01 -1.7923E+02 -2.5484E+05  1.1100E+04  2.6594E+05  2.5466E+05  3.3269E+05  7.8027E+04 -6.7392E-04
 69 1.4369E-01 1.4163E+01 -1.7869E+02 -2.5450E+05  1.1996E+04  2.6650E+05  2.5433E+05  3.3213E+05  7.7806E+04 -6.7052E-04
 70 1.5583E-01 1.3658E+01 -1.8060E+02 -2.5417E+05  1.2941E+04  2.6711E+05  2.5399E+05  3.3156E+05  7.7574E+04 -6.7613E-04
 71 1.6878E-01 1.3159E+01 -1.7449E+02 -2.5383E+05  1.3936E+04  2.6777E+05  2.5366E+05  3.3099E+05  7.7328E+04 -6.5165E-04
 72 1.8258E-01 1.2667E+01 -1.8379E+02 -2.5353E+05  1.4971E+04  2.6850E+05  2.5334E+05  3.3041E+05  7.7067E+04 -6.8453E-04
 73 1.9726E-01 1.2180E+01 -1.7180E+02 -2.5321E+05  1.6122E+04  2.6933E+05  2.5303E+05  3.2982E+05  7.6789E+04 -6.3790E-04
 74 2.1285E-01 1.1699E+01 -1.7531E+02 -2.5291E+05  1.7316E+04  2.7023E+05  2.5274E+05  3.2923E+05  7.6493E+04 -6.4877E-04
 75 2.2939E-01 1.1224E+01 -1.7410E+02 -2.5262E+05  1.8761E+04  2.7138E+05  2.5245E+05  3.2863E+05  7.6178E+04 -6.4152E-04
 76 2.4690E-01 1.0754E+01 -1.7392E+02 -2.5233E+05  2.0369E+04  2.7270E+05  2.5216E+05  3.2800E+05  7.5843E+04 -6.3778E-04
 77 2.6541E-01 1.0285E+01 -4.0733E+01 -2.5190E+05  2.2774E+04  2.7467E+05  2.5186E+05  3.2735E+05  7.5489E+04 -1.4830E-04
 78 2.8495E-01 9.8160E+00  1.0200E+03 -2.5047E+05  2.6401E+04  2.7687E+05  2.5149E+05  3.2661E+05  7.5117E+04  3.6842E-03
 79 3.0554E-01 9.3457E+00  3.0961E+03 -2.4792E+05  3.1427E+04  2.7935E+05  2.5102E+05  3.2574E+05  7.4726E+04  1.1083E-02
 80 3.2720E-01 8.8751E+00  6.2407E+03 -2.4415E+05  3.7983E+04  2.8214E+05  2.5039E+05  3.2471E+05  7.4317E+04  2.2119E-02
 81 3.4996E-01 8.4044E+00  1.0412E+04 -2.3917E+05  4.6102E+04  2.8527E+05  2.4958E+05  3.2347E+05  7.3889E+04  3.6500E-02
 82 3.7384E-01 7.9343E+00  1.5440E+04 -2.3309E+05  5.5669E+04  2.8876E+05  2.4853E+05  3.2197E+05  7.3442E+04  5.3470E-02
 83 3.9883E-01 7.4653E+00  2.1076E+04 -2.2615E+05  6.6470E+04  2.9262E+05  2.4723E+05  3.2021E+05  7.2976E+04  7.2026E-02
 84 4.2497E-01 6.9979E+00  2.7113E+04 -2.1852E+05  7.8326E+04  2.9685E+05  2.4563E+05  3.1813E+05  7.2493E+04  9.1336E-02
 85 4.5224E-01 6.5328E+00  3.3278E+04 -2.1044E+05  9.0971E+04  3.0141E+05  2.4371E+05  3.1571E+05  7.1991E+04  1.1041E-01
 86 4.8066E-01 6.0706E+00  3.9413E+04 -2.0208E+05  1.0420E+05  3.0628E+05  2.4149E+05  3.1297E+05  7.1473E+04  1.2868E-01
 87 5.1022E-01 5.6119E+00  4.5458E+04 -1.9356E+05  1.1783E+05  3.1139E+05  2.3902E+05  3.0996E+05  7.0939E+04  1.4598E-01
 88 5.4092E-01 5.1573E+00  5.1454E+04 -1.8489E+05  1.3182E+05  3.1671E+05  2.3634E+05  3.0673E+05  7.0392E+04  1.6247E-01
 89 5.7274E-01 4.7074E+00  5.7310E+04 -1.7616E+05  1.4603E+05  3.2218E+05  2.3347E+05  3.0330E+05  6.9834E+04  1.7788E-01
 90 6.0566E-01 4.2627E+00  6.2958E+04 -1.6746E+05  1.6033E+05  3.2779E+05  2.3042E+05  2.9969E+05  6.9267E+04  1.9207E-01
 91 6.3968E-01 3.8237E+00  6.8405E+04 -1.5884E+05  1.7466E+05  3.3350E+05  2.2724E+05  2.9594E+05  6.8695E+04  2.0511E-01
 92 6.7475E-01 3.3909E+00  7.3546E+04 -1.5042E+05  1.8889E+05  3.3931E+05  2.2397E+05  2.9209E+05  6.8122E+04  2.1675E-01
 93 7.1085E-01 2.9647E+00  7.8119E+04 -1.4251E+05  2.0276E+05  3.4527E+05  2.2063E+05  2.8818E+05  6.7553E+04  2.2625E-01
 94 7.4794E-01 2.5452E+00  8.2142E+04 -1.3510E+05  2.1661E+05  3.5171E+05  2.1725E+05  2.8424E+05  6.6994E+04  2.3355E-01
 95 7.8597E-01 2.1326E+00  8.5848E+04 -1.2796E+05  2.3025E+05  3.5822E+05  2.1381E+05  2.8027E+05  6.6454E+04  2.3966E-01
 96 8.2489E-01 1.7274E+00  8.9278E+04 -1.2114E+05  2.4359E+05  3.6473E+05  2.1042E+05  2.7636E+05  6.5940E+04  2.4478E-01
 97 8.6465E-01 1.3296E+00  9.2835E+04 -1.1419E+05  2.5701E+05  3.7120E+05  2.0702E+05  2.7249E+05  6.5466E+04  2.5009E-01
 98 9.0518E-01 9.3981E-01  9.6780E+04 -1.0687E+05  2.7070E+05  3.7757E+05  2.0365E+05  2.6870E+05  6.5046E+04  2.5632E-01
 99 9.4642E-01 5.5811E-01  1.0148E+05 -9.8785E+04  2.8489E+05  3.8367E+05  2.0027E+05  2.6497E+05  6.4703E+04  2.6451E-01
100 9.8830E-01 1.8482E-01  1.0749E+05 -8.9314E+04  2.9978E+05  3.8910E+05  1.9681E+05  2.6128E+05  6.4472E+04  2.7626E-01
101 1.0307E+00 0.0000E+00  1.1467E+05 -7.8557E+04  3.1312E+05  3.9168E+05  1.9322E+05  2.5763E+05  6.4408E+04  2.9276E-01

