
    OUTPUT FILES FOR THE Sun  

 Solar Constant= 1.000   F_CH4= 1.7793E-06  F_CO2= 2.0500E-04  F_O2= 1.0379E-01  F_N2= 8.6365E-01  F_H2= 5.2390E-07  F_AR= 9.8849E-03  IO3 =  1   IUP=  0
 ICONSERV= 1  FAC= 4.0  ND=101  SRFALB= 0.250  G= 980.0  IMW= 1  INVERSE= 0

 FNO2 = 4.327E-72

 NST=     1 JCONV=  2 CHG=2.46E-03 dt0=7.50E+03 DIVF(1)=-6.88E-05 DIVFrms= 6.88E-05 DT(ND)=-8.04E-02 T(ND)=2.8601E+02

 TIME= 5.000E+03  TIME IN DAYS = 5.787E-02

 PLANETARY ALBEDO:  ALBP = 0.2269

  J     P         ALT         T        CONVEC       DT          TOLD        FH20       FSAVE        FO3        TCOOL       THEAT
  1 3.2610E-05 7.3566E+01 2.1914E+02  0.00E+00   5.4096E-01  2.1860E+02  4.6230E-06  4.6127E-06  4.8845E-08 -6.0666E+01  3.5757E+01
  2 3.8505E-05 7.2449E+01 2.2048E+02  1.00E+00   5.4029E-01  2.1994E+02  4.8962E-06  4.8860E-06  5.9612E-08 -4.0475E+01  5.0492E+00
  3 4.5410E-05 7.1335E+01 2.2186E+02  1.00E+00   5.2713E-01  2.2133E+02  5.1446E-06  5.1343E-06  7.4780E-08 -2.6377E+01  2.0894E+00
  4 5.3485E-05 7.0223E+01 2.2328E+02  1.00E+00   5.0032E-01  2.2278E+02  5.3672E-06  5.3570E-06  9.5914E-08 -1.7132E+01  1.8556E+00
  5 6.2916E-05 6.9112E+01 2.2475E+02  1.00E+00   4.6202E-01  2.2429E+02  5.5636E-06  5.5535E-06  1.2399E-07 -1.1389E+01  1.9471E+00
  6 7.3918E-05 6.8004E+01 2.2626E+02  1.00E+00   4.1541E-01  2.2584E+02  5.7407E-06  5.7305E-06  1.5744E-07 -8.1161E+00  2.0936E+00
  7 8.6733E-05 6.6896E+01 2.2779E+02  1.00E+00   3.6382E-01  2.2742E+02  5.9004E-06  5.8902E-06  1.9480E-07 -6.3654E+00  2.2626E+00
  8 1.0164E-04 6.5791E+01 2.2934E+02  1.00E+00   3.1035E-01  2.2903E+02  6.0357E-06  6.0256E-06  2.3366E-07 -5.4800E+00  2.4421E+00
  9 1.1897E-04 6.4687E+01 2.3090E+02  1.00E+00   2.5775E-01  2.3064E+02  6.1666E-06  6.1566E-06  2.7459E-07 -5.0843E+00  2.6466E+00
 10 1.3906E-04 6.3585E+01 2.3247E+02  1.00E+00   2.0825E-01  2.3226E+02  6.2767E-06  6.2666E-06  3.1889E-07 -4.9249E+00  2.8663E+00
 11 1.6235E-04 6.2485E+01 2.3404E+02  1.00E+00   1.6344E-01  2.3387E+02  6.3813E-06  6.3713E-06  3.6762E-07 -4.8956E+00  3.1093E+00
 12 1.8931E-04 6.1387E+01 2.3561E+02  1.00E+00   1.2424E-01  2.3548E+02  6.4691E-06  6.4591E-06  4.2179E-07 -4.9270E+00  3.3795E+00
 13 2.2045E-04 6.0291E+01 2.3717E+02  1.00E+00   9.0974E-02  2.3708E+02  6.5568E-06  6.5467E-06  4.8270E-07 -4.9945E+00  3.6808E+00
 14 2.5640E-04 5.9197E+01 2.3872E+02  1.00E+00   6.3411E-02  2.3866E+02  6.6243E-06  6.6132E-06  5.5144E-07 -5.0793E+00  4.0135E+00
 15 2.9784E-04 5.8105E+01 2.4027E+02  1.00E+00   4.0965E-02  2.4023E+02  6.6958E-06  6.6786E-06  6.2648E-07 -5.1833E+00  4.3665E+00
 16 3.4553E-04 5.7017E+01 2.4181E+02  1.00E+00   2.2839E-02  2.4179E+02  6.7540E-06  6.7393E-06  7.0938E-07 -5.2976E+00  4.7385E+00
 17 4.0036E-04 5.5931E+01 2.4334E+02  1.00E+00   8.1998E-03  2.4333E+02  6.8028E-06  6.7927E-06  8.0018E-07 -5.4215E+00  5.1220E+00
 18 4.6331E-04 5.4847E+01 2.4486E+02  1.00E+00  -3.7888E-03  2.4487E+02  6.8561E-06  6.8441E-06  9.0042E-07 -5.5555E+00  5.5121E+00
 19 5.3547E-04 5.3767E+01 2.4638E+02  1.00E+00  -1.3787E-02  2.4639E+02  6.8993E-06  6.8796E-06  1.0082E-06 -5.6906E+00  5.8930E+00
 20 6.1810E-04 5.2690E+01 2.4789E+02  1.00E+00  -2.2250E-02  2.4791E+02  6.9324E-06  6.9212E-06  1.1370E-06 -5.8265E+00  6.2951E+00
 21 7.1258E-04 5.1617E+01 2.4939E+02  1.00E+00  -2.9482E-02  2.4942E+02  6.9627E-06  6.9527E-06  1.2683E-06 -5.9575E+00  6.6384E+00
 22 8.2046E-04 5.0547E+01 2.5088E+02  1.00E+00  -3.5667E-02  2.5092E+02  6.9941E-06  6.9841E-06  1.4220E-06 -6.0795E+00  6.9746E+00
 23 9.4349E-04 4.9480E+01 2.5237E+02  1.00E+00  -4.0912E-02  2.5241E+02  7.0154E-06  7.0054E-06  1.5980E-06 -6.1790E+00  7.2801E+00
 24 1.0836E-03 4.8417E+01 2.5386E+02  1.00E+00  -4.5278E-02  2.5390E+02  7.0300E-06  7.0167E-06  1.7961E-06 -6.3132E+00  7.5365E+00
 25 1.2429E-03 4.7358E+01 2.5534E+02  1.00E+00  -4.8806E-02  2.5539E+02  7.0400E-06  7.0300E-06  2.0159E-06 -6.4947E+00  7.7163E+00
 26 1.4239E-03 4.6303E+01 2.5684E+02  1.00E+00  -5.4777E-02  2.5690E+02  7.0490E-06  7.0300E-06  2.2583E-06 -6.7493E+00  7.7991E+00
 27 1.6292E-03 4.5252E+01 2.5834E+02  1.00E+00  -4.6847E-02  2.5839E+02  7.0400E-06  7.0300E-06  2.5298E-06 -7.0238E+00  7.7847E+00
 28 1.8617E-03 4.4206E+01 2.5945E+02  0.00E+00  -3.1117E-02  2.5948E+02  7.0291E-06  7.0191E-06  2.8233E-06 -7.1758E+00  7.6496E+00
 29 2.1248E-03 4.3167E+01 2.5988E+02  0.00E+00  -1.8410E-02  2.5990E+02  7.0066E-06  6.9883E-06  3.1465E-06 -7.1325E+00  7.4083E+00
 30 2.4219E-03 4.2138E+01 2.5956E+02  0.00E+00  -1.0070E-02  2.5957E+02  6.9654E-06  6.9554E-06  3.4880E-06 -6.9032E+00  7.0563E+00
 31 2.7571E-03 4.1122E+01 2.5854E+02  0.00E+00  -4.6844E-03  2.5855E+02  6.9222E-06  6.9122E-06  3.8209E-06 -6.5333E+00  6.5987E+00
 32 3.1348E-03 4.0121E+01 2.5695E+02  0.00E+00  -1.1950E-03  2.5695E+02  6.8721E-06  6.8521E-06  4.1287E-06 -6.0755E+00  6.0793E+00
 33 3.5597E-03 3.9137E+01 2.5492E+02  0.00E+00   9.0477E-04  2.5492E+02  6.8031E-06  6.7908E-06  4.3972E-06 -5.5761E+00  5.5453E+00
 34 4.0371E-03 3.8171E+01 2.5258E+02  0.00E+00   1.7496E-03  2.5258E+02  6.7336E-06  6.7136E-06  4.6059E-06 -5.0749E+00  5.0276E+00
 35 4.5727E-03 3.7225E+01 2.5003E+02  0.00E+00   1.5462E-03  2.5003E+02  6.6479E-06  6.6379E-06  4.7737E-06 -4.6057E+00  4.5634E+00
 36 5.1729E-03 3.6298E+01 2.4736E+02  0.00E+00   7.5166E-04  2.4736E+02  6.5647E-06  6.5547E-06  4.8943E-06 -4.1808E+00  4.1526E+00
 37 5.8445E-03 3.5391E+01 2.4463E+02  0.00E+00   4.9691E-05  2.4463E+02  6.4740E-06  6.4639E-06  4.9960E-06 -3.8132E+00  3.7988E+00
 38 6.5950E-03 3.4504E+01 2.4189E+02  0.00E+00  -2.9644E-04  2.4189E+02  6.3802E-06  6.3652E-06  5.0648E-06 -3.4933E+00  3.4821E+00
 39 7.4325E-03 3.3636E+01 2.3919E+02  0.00E+00  -9.6501E-05  2.3919E+02  6.2861E-06  6.2684E-06  5.1146E-06 -3.2082E+00  3.1966E+00
 40 8.3658E-03 3.2787E+01 2.3658E+02  0.00E+00   1.7070E-04  2.3658E+02  6.1842E-06  6.1742E-06  5.1393E-06 -2.9386E+00  2.9307E+00
 41 9.4044E-03 3.1956E+01 2.3411E+02  0.00E+00   1.4601E-03  2.3411E+02  6.0904E-06  6.0744E-06  5.1441E-06 -2.6945E+00  2.6835E+00
 42 1.0559E-02 3.1142E+01 2.3182E+02  0.00E+00   2.2226E-03  2.3182E+02  5.9968E-06  5.9768E-06  5.1034E-06 -2.4918E+00  2.4444E+00
 43 1.1840E-02 3.0345E+01 2.2974E+02  0.00E+00   2.0166E-03  2.2974E+02  5.9012E-06  5.8811E-06  5.0393E-06 -2.2536E+00  2.2198E+00
 44 1.3259E-02 2.9564E+01 2.2788E+02  0.00E+00   1.4876E-03  2.2788E+02  5.8074E-06  5.7874E-06  4.9298E-06 -2.0304E+00  2.0062E+00
 45 1.4830E-02 2.8797E+01 2.2622E+02  0.00E+00   9.4849E-04  2.2622E+02  5.7064E-06  5.6954E-06  4.7891E-06 -1.8242E+00  1.8092E+00
 46 1.6567E-02 2.8045E+01 2.2474E+02  0.00E+00   4.6175E-04  2.2474E+02  5.6152E-06  5.6051E-06  4.6159E-06 -1.6375E+00  1.6302E+00
 47 1.8483E-02 2.7306E+01 2.2341E+02  0.00E+00   9.9949E-05  2.2341E+02  5.5265E-06  5.5165E-06  4.4151E-06 -1.4710E+00  1.4702E+00
 48 2.0595E-02 2.6580E+01 2.2221E+02  0.00E+00  -1.8491E-04  2.2222E+02  5.4393E-06  5.4293E-06  4.1844E-06 -1.3253E+00  1.3283E+00
 49 2.2920E-02 2.5866E+01 2.2112E+02  0.00E+00  -4.0712E-04  2.2112E+02  5.3537E-06  5.3436E-06  3.9483E-06 -1.1995E+00  1.2062E+00
 50 2.5475E-02 2.5164E+01 2.2010E+02  0.00E+00  -5.2022E-04  2.2010E+02  5.2695E-06  5.2494E-06  3.6961E-06 -1.0909E+00  1.0987E+00
 51 2.8279E-02 2.4474E+01 2.1914E+02  0.00E+00  -5.6989E-04  2.1914E+02  5.1866E-06  5.1665E-06  3.4389E-06 -9.9604E-01  1.0037E+00
 52 3.1352E-02 2.3795E+01 2.1822E+02  0.00E+00  -5.1513E-04  2.1822E+02  5.0960E-06  5.0851E-06  3.1860E-06 -9.1040E-01  9.1875E-01
 53 3.4715E-02 2.3127E+01 2.1735E+02  0.00E+00  -4.3547E-04  2.1735E+02  5.0150E-06  5.0049E-06  2.9216E-06 -8.3252E-01  8.3839E-01
 54 3.8390E-02 2.2470E+01 2.1651E+02  0.00E+00  -3.7823E-04  2.1651E+02  4.9362E-06  4.9261E-06  2.6715E-06 -7.5916E-01  7.6420E-01
 55 4.2401E-02 2.1824E+01 2.1571E+02  0.00E+00  -2.7788E-04  2.1571E+02  4.8587E-06  4.8486E-06  2.4268E-06 -6.8993E-01  6.9352E-01
 56 4.6772E-02 2.1189E+01 2.1495E+02  0.00E+00  -8.2373E-05  2.1495E+02  4.7825E-06  4.7724E-06  2.1853E-06 -6.2502E-01  6.2524E-01
 57 5.1529E-02 2.0564E+01 2.1425E+02  0.00E+00   1.4894E-04  2.1425E+02  4.7074E-06  4.6974E-06  1.9506E-06 -5.6404E-01  5.5987E-01
 58 5.6698E-02 1.9949E+01 2.1360E+02  0.00E+00   3.2279E-04  2.1360E+02  4.6337E-06  4.6236E-06  1.7290E-06 -5.0574E-01  4.9865E-01
 59 6.2308E-02 1.9345E+01 2.1302E+02  0.00E+00   4.0276E-04  2.1301E+02  4.5693E-06  4.5592E-06  1.5203E-06 -4.4980E-01  4.4191E-01
 60 6.8385E-02 1.8750E+01 2.1249E+02  0.00E+00   3.6494E-04  2.1249E+02  4.4998E-06  4.4897E-06  1.3194E-06 -3.9640E-01  3.8933E-01
 61 7.4961E-02 1.8164E+01 2.1203E+02  0.00E+00   1.9215E-04  2.1203E+02  4.4412E-06  4.4312E-06  1.1323E-06 -3.4622E-01  3.4202E-01
 62 8.2066E-02 1.7588E+01 2.1162E+02  0.00E+00  -6.1786E-06  2.1162E+02  4.3869E-06  4.3735E-06  9.5972E-07 -3.0046E-01  3.0008E-01
 63 8.9731E-02 1.7021E+01 2.1125E+02  0.00E+00   7.7646E-05  2.1125E+02  4.3369E-06  4.3215E-06  7.9992E-07 -2.6176E-01  2.6315E-01
 64 9.7989E-02 1.6463E+01 2.1092E+02  0.00E+00  -3.8427E-04  2.1092E+02  4.2869E-06  4.2768E-06  6.5791E-07 -2.3045E-01  2.3150E-01
 65 1.0687E-01 1.5914E+01 2.1061E+02  0.00E+00  -8.4974E-04  2.1061E+02  4.2497E-06  4.2397E-06  5.3237E-07 -1.8161E-01  2.0344E-01
 66 1.1641E-01 1.5374E+01 2.1034E+02  0.00E+00  -7.6363E-04  2.1034E+02  4.2173E-06  4.2073E-06  4.2381E-07 -1.6167E-01  1.7957E-01
 67 1.2664E-01 1.4842E+01 2.1010E+02  0.00E+00  -6.3679E-04  2.1010E+02  4.1936E-06  4.1754E-06  3.3352E-07 -1.4843E-01  1.5995E-01
 68 1.3760E-01 1.4319E+01 2.0993E+02  0.00E+00   1.0225E-04  2.0993E+02  4.1727E-06  4.1527E-06  2.5939E-07 -1.4041E-01  1.4387E-01
 69 1.4932E-01 1.3804E+01 2.0983E+02  0.00E+00   1.5063E-04  2.0983E+02  4.1521E-06  4.1410E-06  1.9754E-07 -1.3685E-01  1.3054E-01
 70 1.6183E-01 1.3298E+01 2.0984E+02  0.00E+00   1.8873E-03  2.0983E+02  4.1319E-06  4.1218E-06  1.4791E-07 -1.3511E-01  1.1983E-01
 71 1.7517E-01 1.2799E+01 2.0996E+02  0.00E+00  -1.0610E-04  2.0996E+02  4.1210E-06  4.1109E-06  1.1473E-07 -1.3013E-01  1.1219E-01
 72 1.8937E-01 1.2308E+01 2.1021E+02  0.00E+00   4.5216E-03  2.1020E+02  4.1200E-06  4.1100E-06  9.2810E-08 -1.2214E-01  1.0688E-01
 73 2.0447E-01 1.1825E+01 2.1057E+02  0.00E+00  -4.0156E-03  2.1057E+02  4.2986E-06  4.2803E-06  7.6486E-08 -1.1714E-01  1.0379E-01
 74 2.2049E-01 1.1348E+01 2.1102E+02  0.00E+00   4.5553E-03  2.1102E+02  4.9337E-06  5.2247E-06  6.4536E-08 -1.2033E-01  1.0392E-01
 75 2.3746E-01 1.0878E+01 2.1156E+02  0.00E+00   3.2478E-03  2.1156E+02  5.7881E-06  6.0009E-06  5.7404E-08 -1.1254E-01  1.0727E-01
 76 2.5542E-01 1.0415E+01 2.1212E+02  0.00E+00  -7.5285E-03  2.1212E+02  6.7215E-06  6.7186E-06  5.3078E-08 -5.4280E-02  1.0825E-01
 77 2.7439E-01 9.9586E+00 2.1328E+02  0.00E+00   1.0769E-03  2.1328E+02  7.9073E-06  7.9062E-06  4.9962E-08 -9.4080E-02  1.1269E-01
 78 2.9440E-01 9.5055E+00 2.1646E+02  0.00E+00   6.9358E-02  2.1640E+02  1.2137E-05  1.2027E-05  4.7353E-08 -3.5287E-01  1.3037E-01
 79 3.1547E-01 9.0528E+00 2.2081E+02  1.00E+00   7.0191E-02  2.2074E+02  2.1295E-05  2.1108E-05  4.4909E-08 -7.6165E-01  1.6637E-01
 80 3.3762E-01 8.5995E+00 2.2513E+02  1.00E+00   7.1509E-02  2.2505E+02  3.6444E-05  3.6130E-05  4.2495E-08 -1.1837E+00  2.1646E-01
 81 3.6087E-01 8.1462E+00 2.2940E+02  1.00E+00   7.3180E-02  2.2933E+02  6.0799E-05  6.0283E-05  4.0163E-08 -1.5751E+00  2.7795E-01
 82 3.8524E-01 7.6932E+00 2.3361E+02  1.00E+00   7.4836E-02  2.3354E+02  9.8799E-05  9.7972E-05  3.7916E-08 -1.8834E+00  3.4557E-01
 83 4.1074E-01 7.2411E+00 2.3773E+02  1.00E+00   7.5923E-02  2.3765E+02  1.5624E-04  1.5496E-04  3.5754E-08 -2.0942E+00  4.1628E-01
 84 4.3737E-01 6.7902E+00 2.4173E+02  1.00E+00   7.5851E-02  2.4166E+02  2.4026E-04  2.3835E-04  3.3677E-08 -2.2331E+00  4.9244E-01
 85 4.6514E-01 6.3412E+00 2.4559E+02  1.00E+00   7.4199E-02  2.4552E+02  3.5902E-04  3.5632E-04  3.1606E-08 -2.2905E+00  5.7033E-01
 86 4.9405E-01 5.8945E+00 2.4929E+02  1.00E+00   7.0866E-02  2.4922E+02  5.2129E-04  5.1766E-04  2.9619E-08 -2.2975E+00  6.3638E-01
 87 5.2409E-01 5.4509E+00 2.5281E+02  1.00E+00   6.5992E-02  2.5274E+02  7.3582E-04  7.3117E-04  2.7725E-08 -2.2811E+00  6.8345E-01
 88 5.5526E-01 5.0109E+00 2.5613E+02  1.00E+00   5.9753E-02  2.5607E+02  1.0108E-03  1.0051E-03  2.5874E-08 -2.2641E+00  7.1718E-01
 89 5.8755E-01 4.5750E+00 2.5927E+02  1.00E+00   5.2333E-02  2.5922E+02  1.3533E-03  1.3469E-03  2.4081E-08 -2.2232E+00  7.4433E-01
 90 6.2093E-01 4.1438E+00 2.6222E+02  1.00E+00   4.3898E-02  2.6218E+02  1.7694E-03  1.7625E-03  2.2383E-08 -2.1614E+00  7.6496E-01
 91 6.5538E-01 3.7178E+00 2.6499E+02  1.00E+00   3.4591E-02  2.6496E+02  2.2639E-03  2.2571E-03  2.0787E-08 -2.0962E+00  7.7626E-01
 92 6.9087E-01 3.2975E+00 2.6760E+02  1.00E+00   2.4530E-02  2.6757E+02  2.8403E-03  2.8344E-03  1.9356E-08 -2.0048E+00  7.7830E-01
 93 7.2736E-01 2.8832E+00 2.7005E+02  1.00E+00   1.3820E-02  2.7003E+02  3.5012E-03  3.4972E-03  1.8014E-08 -1.8606E+00  7.7408E-01
 94 7.6482E-01 2.4756E+00 2.7235E+02  1.00E+00   2.5658E-03  2.7234E+02  4.2482E-03  4.2473E-03  1.6761E-08 -1.7088E+00  7.6656E-01
 95 8.0319E-01 2.0746E+00 2.7468E+02  1.00E+00  -9.1493E-03  2.7469E+02  5.1476E-03  5.1512E-03  1.5669E-08 -1.6101E+00  7.6139E-01
 96 8.4242E-01 1.6807E+00 2.7696E+02  1.00E+00  -2.1338E-02  2.7698E+02  6.0425E-03  6.0508E-03  1.4743E-08 -1.5262E+00  7.4262E-01
 97 8.8246E-01 1.2939E+00 2.7915E+02  1.00E+00  -3.3929E-02  2.7918E+02  7.0422E-03  7.0602E-03  1.3894E-08 -1.5153E+00  7.2627E-01
 98 9.2324E-01 9.1467E-01 2.8122E+02  1.00E+00  -4.5943E-02  2.8126E+02  8.1499E-03  8.1743E-03  1.3259E-08 -1.5820E+00  7.1512E-01
 99 9.6468E-01 5.4326E-01 2.8319E+02  1.00E+00  -5.9118E-02  2.8325E+02  9.2145E-03  9.2567E-03  1.2749E-08 -1.7622E+00  7.0814E-01
100 1.0067E+00 1.7993E-01 2.8508E+02  1.00E+00  -6.9407E-02  2.8515E+02  1.0571E-02  1.0621E-02  1.2318E-08 -2.0180E+00  7.2924E-01
101 1.0281E+00 0.0000E+00 2.8601E+02  1.00E+00  -8.0378E-02  2.8610E+02  1.1246E-02  1.1303E-02  1.2400E-08 -3.5412E+00  7.9335E+00
  J     P         ALT         T        CONVEC       DT          TOLD        FH20       FSAVE        FO3        TCOOL       THEAT

 FCO2
  2.05E-04 2.05E-04 2.05E-04 2.05E-04 2.05E-04 2.05E-04 2.05E-04 2.05E-04 2.05E-04 2.05E-04
  2.05E-04 2.05E-04 2.05E-04 2.05E-04 2.05E-04 2.05E-04 2.05E-04 2.05E-04 2.05E-04 2.05E-04
  2.05E-04 2.05E-04 2.05E-04 2.05E-04 2.05E-04 2.05E-04 2.05E-04 2.05E-04 2.05E-04 2.05E-04
  2.05E-04 2.05E-04 2.05E-04 2.05E-04 2.05E-04 2.05E-04 2.05E-04 2.05E-04 2.05E-04 2.05E-04
  2.05E-04 2.05E-04 2.05E-04 2.05E-04 2.05E-04 2.05E-04 2.05E-04 2.05E-04 2.05E-04 2.05E-04
  2.05E-04 2.05E-04 2.05E-04 2.05E-04 2.05E-04 2.05E-04 2.05E-04 2.05E-04 2.05E-04 2.05E-04
  2.05E-04 2.05E-04 2.05E-04 2.05E-04 2.05E-04 2.05E-04 2.05E-04 2.05E-04 2.05E-04 2.05E-04
  2.05E-04 2.05E-04 2.05E-04 2.05E-04 2.05E-04 2.05E-04 2.05E-04 2.05E-04 2.05E-04 2.05E-04
  2.05E-04 2.05E-04 2.05E-04 2.05E-04 2.05E-04 2.05E-04 2.05E-04 2.05E-04 2.05E-04 2.05E-04
  2.05E-04 2.05E-04 2.05E-04 2.05E-04 2.05E-04 2.05E-04 2.05E-04 2.05E-04 2.05E-04 2.05E-04
  2.05E-04

  J    PF         ALT       FTOTAL       FTIR       FDNIR       FUPIR       FTSOL       FDNSOL       FUPSOL       DIVF
  1 3.0000E-05 7.3566E+01 -1.8183E+01 -2.6426E+05  0.0000E+00  2.6426E+05  2.6424E+05  3.4178E+05  7.7539E+04 -6.8807E-05
  2 3.5446E-05 7.2449E+01 -1.6554E+00 -2.6422E+05  4.3933E+01  2.6426E+05  2.6422E+05  3.4175E+05  7.7538E+04 -6.2643E-06
  3 4.1828E-05 7.1335E+01  2.5883E+01 -2.6419E+05  7.9470E+01  2.6427E+05  2.6421E+05  3.4175E+05  7.7538E+04  9.7943E-05
  4 4.9298E-05 7.0223E+01  4.7973E+01 -2.6416E+05  1.0796E+02  2.6427E+05  2.6421E+05  3.4175E+05  7.7538E+04  1.8153E-04
  5 5.8027E-05 6.9112E+01  6.4209E+01 -2.6414E+05  1.3110E+02  2.6428E+05  2.6421E+05  3.4175E+05  7.7538E+04  2.4296E-04
  6 6.8217E-05 6.8004E+01  7.5920E+01 -2.6413E+05  1.5061E+02  2.6428E+05  2.6421E+05  3.4174E+05  7.7537E+04  2.8727E-04
  7 8.0095E-05 6.6896E+01  8.4625E+01 -2.6412E+05  1.6819E+02  2.6429E+05  2.6420E+05  3.4174E+05  7.7537E+04  3.2020E-04
  8 9.3922E-05 6.5791E+01  9.1528E+01 -2.6411E+05  1.8521E+02  2.6429E+05  2.6420E+05  3.4174E+05  7.7537E+04  3.4631E-04
  9 1.1000E-04 6.4687E+01  9.7468E+01 -2.6410E+05  2.0271E+02  2.6430E+05  2.6419E+05  3.4173E+05  7.7536E+04  3.6878E-04
 10 1.2866E-04 6.3585E+01  1.0300E+02 -2.6409E+05  2.2156E+02  2.6431E+05  2.6419E+05  3.4172E+05  7.7535E+04  3.8971E-04
 11 1.5031E-04 6.2485E+01  1.0842E+02 -2.6407E+05  2.4236E+02  2.6431E+05  2.6418E+05  3.4172E+05  7.7535E+04  4.1019E-04
 12 1.7537E-04 6.1387E+01  1.1386E+02 -2.6406E+05  2.6567E+02  2.6432E+05  2.6417E+05  3.4171E+05  7.7534E+04  4.3077E-04
 13 2.0435E-04 6.0291E+01  1.1931E+02 -2.6404E+05  2.9199E+02  2.6433E+05  2.6416E+05  3.4169E+05  7.7533E+04  4.5138E-04
 14 2.3782E-04 5.9197E+01  1.2466E+02 -2.6402E+05  3.2187E+02  2.6434E+05  2.6414E+05  3.4168E+05  7.7532E+04  4.7158E-04
 15 2.7643E-04 5.8105E+01  1.2966E+02 -2.6400E+05  3.5587E+02  2.6435E+05  2.6413E+05  3.4166E+05  7.7531E+04  4.9047E-04
 16 3.2090E-04 5.7017E+01  1.3407E+02 -2.6397E+05  3.9466E+02  2.6436E+05  2.6410E+05  3.4163E+05  7.7530E+04  5.0714E-04
 17 3.7206E-04 5.5931E+01  1.3754E+02 -2.6393E+05  4.3896E+02  2.6437E+05  2.6407E+05  3.4160E+05  7.7529E+04  5.2026E-04
 18 4.3082E-04 5.4847E+01  1.3968E+02 -2.6390E+05  4.8957E+02  2.6439E+05  2.6404E+05  3.4156E+05  7.7527E+04  5.2832E-04
 19 4.9824E-04 5.3767E+01  1.4004E+02 -2.6385E+05  5.4743E+02  2.6440E+05  2.6399E+05  3.4152E+05  7.7525E+04  5.2964E-04
 20 5.7549E-04 5.2690E+01  1.3814E+02 -2.6380E+05  6.1347E+02  2.6441E+05  2.6394E+05  3.4146E+05  7.7523E+04  5.2243E-04
 21 6.6387E-04 5.1617E+01  1.3311E+02 -2.6373E+05  6.8872E+02  2.6442E+05  2.6387E+05  3.4139E+05  7.7521E+04  5.0340E-04
 22 7.6486E-04 5.0547E+01  1.2477E+02 -2.6366E+05  7.7416E+02  2.6444E+05  2.6379E+05  3.4131E+05  7.7519E+04  4.7182E-04
 23 8.8010E-04 4.9480E+01  1.1225E+02 -2.6358E+05  8.7075E+02  2.6445E+05  2.6369E+05  3.4121E+05  7.7516E+04  4.2448E-04
 24 1.0114E-03 4.8417E+01  9.4714E+01 -2.6348E+05  9.7911E+02  2.6446E+05  2.6357E+05  3.4109E+05  7.7513E+04  3.5815E-04
 25 1.1609E-03 4.7358E+01  7.2544E+01 -2.6336E+05  1.1005E+03  2.6446E+05  2.6344E+05  3.4095E+05  7.7510E+04  2.7430E-04
 26 1.3308E-03 4.6303E+01  4.7385E+01 -2.6323E+05  1.2365E+03  2.6447E+05  2.6328E+05  3.4078E+05  7.7507E+04  1.7917E-04
 27 1.5236E-03 4.5252E+01  2.2848E+01 -2.6307E+05  1.3881E+03  2.6446E+05  2.6310E+05  3.4060E+05  7.7504E+04  8.6395E-05
 28 1.7421E-03 4.4206E+01  2.6957E+00 -2.6289E+05  1.5546E+03  2.6444E+05  2.6289E+05  3.4039E+05  7.7501E+04  1.0194E-05
 29 1.9895E-03 4.3167E+01 -1.1507E+01 -2.6267E+05  1.7327E+03  2.6440E+05  2.6266E+05  3.4016E+05  7.7497E+04 -4.3519E-05
 30 2.2692E-03 4.2138E+01 -2.0848E+01 -2.6243E+05  1.9183E+03  2.6435E+05  2.6241E+05  3.3990E+05  7.7494E+04 -7.8867E-05
 31 2.5849E-03 4.1122E+01 -2.6701E+01 -2.6217E+05  2.1076E+03  2.6427E+05  2.6214E+05  3.3963E+05  7.7491E+04 -1.0104E-04
 32 2.9408E-03 4.0121E+01 -2.9516E+01 -2.6188E+05  2.2976E+03  2.6418E+05  2.6185E+05  3.3934E+05  7.7488E+04 -1.1173E-04
 33 3.3415E-03 3.9137E+01 -2.9697E+01 -2.6159E+05  2.4863E+03  2.6408E+05  2.6156E+05  3.3905E+05  7.7485E+04 -1.1246E-04
 34 3.7921E-03 3.8171E+01 -2.8017E+01 -2.6129E+05  2.6726E+03  2.6396E+05  2.6126E+05  3.3874E+05  7.7483E+04 -1.0614E-04
 35 4.2979E-03 3.7225E+01 -2.5131E+01 -2.6098E+05  2.8564E+03  2.6383E+05  2.6095E+05  3.3843E+05  7.7481E+04 -9.5254E-05
 36 4.8651E-03 3.6298E+01 -2.2233E+01 -2.6066E+05  3.0391E+03  2.6370E+05  2.6064E+05  3.3812E+05  7.7480E+04 -8.4314E-05
 37 5.5002E-03 3.5391E+01 -2.0072E+01 -2.6034E+05  3.2230E+03  2.6356E+05  2.6032E+05  3.3780E+05  7.7479E+04 -7.6157E-05
 38 6.2104E-03 3.4504E+01 -1.8838E+01 -2.6001E+05  3.4117E+03  2.6342E+05  2.5999E+05  3.3747E+05  7.7478E+04 -7.1511E-05
 39 7.0034E-03 3.3636E+01 -1.7767E+01 -2.5968E+05  3.6087E+03  2.6329E+05  2.5966E+05  3.3714E+05  7.7478E+04 -6.7482E-05
 40 7.8878E-03 3.2787E+01 -1.6531E+01 -2.5934E+05  3.8169E+03  2.6315E+05  2.5932E+05  3.3680E+05  7.7478E+04 -6.2821E-05
 41 8.8727E-03 3.1956E+01 -1.5593E+01 -2.5899E+05  4.0375E+03  2.6303E+05  2.5897E+05  3.3645E+05  7.7478E+04 -5.9284E-05
 42 9.9679E-03 3.1142E+01 -1.4150E+01 -2.5863E+05  4.2719E+03  2.6290E+05  2.5862E+05  3.3610E+05  7.7479E+04 -5.3821E-05
 43 1.1184E-02 3.0345E+01 -7.2106E+00 -2.5827E+05  4.5242E+03  2.6279E+05  2.5826E+05  3.3574E+05  7.7480E+04 -2.7439E-05
 44 1.2533E-02 2.9564E+01 -1.7277E+00 -2.5790E+05  4.7899E+03  2.6269E+05  2.5790E+05  3.3538E+05  7.7481E+04 -6.5770E-06
 45 1.4027E-02 2.8797E+01  2.6152E+00 -2.5754E+05  5.0677E+03  2.6260E+05  2.5754E+05  3.3502E+05  7.7481E+04  9.9586E-06
 46 1.5679E-02 2.8045E+01  5.6058E+00 -2.5717E+05  5.3562E+03  2.6253E+05  2.5718E+05  3.3466E+05  7.7481E+04  2.1353E-05
 47 1.7504E-02 2.7306E+01  7.2141E+00 -2.5682E+05  5.6548E+03  2.6247E+05  2.5682E+05  3.3430E+05  7.7480E+04  2.7485E-05
 48 1.9517E-02 2.6580E+01  7.4040E+00 -2.5646E+05  5.9632E+03  2.6242E+05  2.5647E+05  3.3395E+05  7.7478E+04  2.8214E-05
 49 2.1733E-02 2.5866E+01  6.6301E+00 -2.5611E+05  6.2823E+03  2.6239E+05  2.5611E+05  3.3359E+05  7.7473E+04  2.5268E-05
 50 2.4171E-02 2.5164E+01  4.6625E+00 -2.5576E+05  6.6135E+03  2.6237E+05  2.5576E+05  3.3323E+05  7.7466E+04  1.7771E-05
 51 2.6848E-02 2.4474E+01  2.1642E+00 -2.5541E+05  6.9589E+03  2.6236E+05  2.5541E+05  3.3286E+05  7.7456E+04  8.2487E-06
 52 2.9785E-02 2.3795E+01 -5.5024E-01 -2.5505E+05  7.3204E+03  2.6237E+05  2.5505E+05  3.3250E+05  7.7442E+04 -2.0972E-06
 53 3.3001E-02 2.3127E+01 -3.7692E+00 -2.5470E+05  7.6995E+03  2.6240E+05  2.5470E+05  3.3212E+05  7.7423E+04 -1.4364E-05
 54 3.6518E-02 2.2470E+01 -6.2466E+00 -2.5435E+05  8.0975E+03  2.6245E+05  2.5435E+05  3.3174E+05  7.7398E+04 -2.3801E-05
 55 4.0359E-02 2.1824E+01 -8.5652E+00 -2.5400E+05  8.5152E+03  2.6252E+05  2.5399E+05  3.3136E+05  7.7368E+04 -3.2627E-05
 56 4.4547E-02 2.1189E+01 -1.0368E+01 -2.5366E+05  8.9533E+03  2.6261E+05  2.5365E+05  3.3098E+05  7.7331E+04 -3.9479E-05
 57 4.9109E-02 2.0564E+01 -1.0493E+01 -2.5331E+05  9.4122E+03  2.6273E+05  2.5330E+05  3.3059E+05  7.7286E+04 -3.9938E-05
 58 5.4069E-02 1.9949E+01 -8.0155E+00 -2.5298E+05  9.8919E+03  2.6287E+05  2.5297E+05  3.3020E+05  7.7232E+04 -3.0492E-05
 59 5.9456E-02 1.9345E+01 -3.4421E+00 -2.5265E+05  1.0392E+04  2.6304E+05  2.5265E+05  3.2982E+05  7.7169E+04 -1.3086E-05
 60 6.5296E-02 1.8750E+01  2.0735E+00 -2.5234E+05  1.0909E+04  2.6325E+05  2.5234E+05  3.2944E+05  7.7096E+04  7.8768E-06
 61 7.1620E-02 1.8164E+01  7.4279E+00 -2.5204E+05  1.1440E+04  2.6348E+05  2.5205E+05  3.2906E+05  7.7011E+04  2.8192E-05
 62 7.8458E-02 1.7588E+01  1.0860E+01 -2.5175E+05  1.1982E+04  2.6374E+05  2.5177E+05  3.2868E+05  7.6915E+04  4.1178E-05
 63 8.5840E-02 1.7021E+01  1.1194E+01 -2.5149E+05  1.2531E+04  2.6402E+05  2.5150E+05  3.2831E+05  7.6805E+04  4.2400E-05
 64 9.3799E-02 1.6463E+01  9.8653E+00 -2.5124E+05  1.3085E+04  2.6432E+05  2.5125E+05  3.2793E+05  7.6682E+04  3.7323E-05
 65 1.0237E-01 1.5914E+01  8.7854E+00 -2.5100E+05  1.3642E+04  2.6465E+05  2.5101E+05  3.2756E+05  7.6544E+04  3.3197E-05
 66 1.1157E-01 1.5374E+01 -1.5259E+01 -2.5080E+05  1.4218E+04  2.6502E+05  2.5079E+05  3.2718E+05  7.6392E+04 -5.7578E-05
 67 1.2146E-01 1.4842E+01 -3.6425E+01 -2.5061E+05  1.4795E+04  2.6541E+05  2.5058E+05  3.2680E+05  7.6224E+04 -1.3724E-04
 68 1.3205E-01 1.4319E+01 -5.1013E+01 -2.5042E+05  1.5382E+04  2.6581E+05  2.5037E+05  3.2641E+05  7.6041E+04 -1.9192E-04
 69 1.4339E-01 1.3804E+01 -5.5696E+01 -2.5023E+05  1.5987E+04  2.6622E+05  2.5018E+05  3.2602E+05  7.5843E+04 -2.0921E-04
 70 1.5550E-01 1.3298E+01 -4.6557E+01 -2.5004E+05  1.6620E+04  2.6666E+05  2.4999E+05  3.2562E+05  7.5628E+04 -1.7459E-04
 71 1.6843E-01 1.2799E+01 -2.2968E+01 -2.4983E+05  1.7290E+04  2.6712E+05  2.4980E+05  3.2520E+05  7.5398E+04 -8.5984E-05
 72 1.8219E-01 1.2308E+01  6.5449E+00 -2.4961E+05  1.8005E+04  2.6762E+05  2.4962E+05  3.2477E+05  7.5152E+04  2.4456E-05
 73 1.9684E-01 1.1825E+01  3.3235E+01 -2.4940E+05  1.8771E+04  2.6817E+05  2.4943E+05  3.2432E+05  7.4891E+04  1.2393E-04
 74 2.1239E-01 1.1348E+01  5.8038E+01 -2.4918E+05  1.9605E+04  2.6879E+05  2.4924E+05  3.2385E+05  7.4614E+04  2.1592E-04
 75 2.2889E-01 1.0878E+01  9.0366E+01 -2.4894E+05  2.0555E+04  2.6950E+05  2.4904E+05  3.2336E+05  7.4322E+04  3.3531E-04
 76 2.4635E-01 1.0415E+01  1.0135E+02 -2.4871E+05  2.1667E+04  2.7038E+05  2.4881E+05  3.2283E+05  7.4014E+04  3.7485E-04
 77 2.6482E-01 9.9586E+00 -1.7639E+01 -2.4859E+05  2.2959E+04  2.7155E+05  2.4857E+05  3.2226E+05  7.3690E+04 -6.4956E-05
 78 2.8431E-01 9.5055E+00 -6.0945E+01 -2.4837E+05  2.4789E+04  2.7316E+05  2.4831E+05  3.2166E+05  7.3351E+04 -2.2311E-04
 79 3.0485E-01 9.0528E+00  4.8482E+02 -2.4751E+05  2.7624E+04  2.7513E+05  2.4799E+05  3.2099E+05  7.2995E+04  1.7622E-03
 80 3.2646E-01 8.5995E+00  2.0216E+03 -2.4554E+05  3.1819E+04  2.7736E+05  2.4756E+05  3.2018E+05  7.2623E+04  7.2886E-03
 81 3.4916E-01 8.1462E+00  4.6452E+03 -2.4233E+05  3.7557E+04  2.7989E+05  2.4697E+05  3.1921E+05  7.2235E+04  1.6597E-02
 82 3.7298E-01 7.6932E+00  8.3366E+03 -2.3785E+05  4.4897E+04  2.8274E+05  2.4618E+05  3.1801E+05  7.1831E+04  2.9485E-02
 83 3.9791E-01 7.2411E+00  1.2920E+04 -2.3223E+05  5.3720E+04  2.8595E+05  2.4515E+05  3.1656E+05  7.1411E+04  4.5182E-02
 84 4.2397E-01 6.7902E+00  1.8149E+04 -2.2571E+05  6.3821E+04  2.8953E+05  2.4386E+05  3.1483E+05  7.0976E+04  6.2685E-02
 85 4.5118E-01 6.3412E+00  2.3812E+04 -2.1844E+05  7.5020E+04  2.9346E+05  2.4225E+05  3.1278E+05  7.0525E+04  8.1142E-02
 86 4.7952E-01 5.8945E+00  2.9644E+04 -2.1068E+05  8.7065E+04  2.9774E+05  2.4032E+05  3.1038E+05  7.0060E+04  9.9564E-02
 87 5.0901E-01 5.4509E+00  3.5504E+04 -2.0257E+05  9.9768E+04  3.0234E+05  2.3808E+05  3.0766E+05  6.9582E+04  1.1743E-01
 88 5.3962E-01 5.0109E+00  4.1357E+04 -1.9421E+05  1.1299E+05  3.0720E+05  2.3557E+05  3.0466E+05  6.9092E+04  1.3463E-01
 89 5.7136E-01 4.5750E+00  4.7234E+04 -1.8561E+05  1.2667E+05  3.1228E+05  2.3285E+05  3.0144E+05  6.8592E+04  1.5126E-01
 90 6.0420E-01 4.1438E+00  5.3049E+04 -1.7687E+05  1.4066E+05  3.1753E+05  2.2992E+05  2.9801E+05  6.8086E+04  1.6707E-01
 91 6.3812E-01 3.7178E+00  5.8722E+04 -1.6809E+05  1.5484E+05  3.2293E+05  2.2681E+05  2.9439E+05  6.7576E+04  1.8184E-01
 92 6.7310E-01 3.2975E+00  6.4252E+04 -1.5931E+05  1.6913E+05  3.2844E+05  2.2356E+05  2.9063E+05  6.7066E+04  1.9563E-01
 93 7.0910E-01 2.8832E+00  6.9542E+04 -1.5066E+05  1.8338E+05  3.3404E+05  2.2020E+05  2.8676E+05  6.6561E+04  2.0818E-01
 94 7.4609E-01 2.4756E+00  7.4358E+04 -1.4241E+05  1.9735E+05  3.3977E+05  2.1677E+05  2.8284E+05  6.6067E+04  2.1885E-01
 95 7.8402E-01 2.0746E+00  7.8641E+04 -1.3465E+05  2.1118E+05  3.4583E+05  2.1329E+05  2.7888E+05  6.5591E+04  2.2740E-01
 96 8.2283E-01 1.6807E+00  8.2590E+04 -1.2715E+05  2.2490E+05  3.5206E+05  2.0974E+05  2.7489E+05  6.5144E+04  2.3459E-01
 97 8.6248E-01 1.2939E+00  8.6316E+04 -1.1990E+05  2.3838E+05  3.5827E+05  2.0621E+05  2.7095E+05  6.4737E+04  2.4092E-01
 98 9.0291E-01 9.1467E-01  9.0142E+04 -1.1255E+05  2.5182E+05  3.6437E+05  2.0269E+05  2.6708E+05  6.4385E+04  2.4739E-01
 99 9.4403E-01 5.4326E-01  9.4420E+04 -1.0474E+05  2.6550E+05  3.7024E+05  1.9916E+05  2.6327E+05  6.4111E+04  2.5502E-01
100 9.8579E-01 1.7993E-01  9.9703E+04 -9.5912E+04  2.7951E+05  3.7543E+05  1.9561E+05  2.5956E+05  6.3949E+04  2.6557E-01
101 1.0281E+00 0.0000E+00  1.0625E+05 -8.5661E+04  2.9220E+05  3.7786E+05  1.9191E+05  2.5588E+05  6.3970E+04  2.8118E-01

 NST=     2 JCONV=  2 CHG=2.27E-04 dt0=1.00E+04 DIVF(1)= 3.38E-04 DIVFrms= 3.38E-04 DT(ND)=-1.02E-02 T(ND)=2.8600E+02
 NST=     3 JCONV=  2 CHG=1.10E-03 dt0=1.00E+04 DIVF(1)= 4.04E-04 DIVFrms= 4.04E-04 DT(ND)= 3.10E-02 T(ND)=2.8604E+02
 NST=     4 JCONV=  2 CHG=5.55E-04 dt0=1.00E+04 DIVF(1)= 2.48E-04 DIVFrms= 2.48E-04 DT(ND)= 1.79E-02 T(ND)=2.8605E+02
 NST=     5 JCONV=  2 CHG=3.24E-04 dt0=1.00E+04 DIVF(1)= 1.51E-04 DIVFrms= 1.51E-04 DT(ND)= 1.18E-02 T(ND)=2.8607E+02
 NST=     6 JCONV=  2 CHG=2.01E-04 dt0=1.00E+04 DIVF(1)= 8.56E-05 DIVFrms= 8.56E-05 DT(ND)= 8.22E-03 T(ND)=2.8607E+02
 NST=     7 JCONV=  2 CHG=1.29E-04 dt0=1.00E+04 DIVF(1)= 3.84E-05 DIVFrms= 3.84E-05 DT(ND)= 5.91E-03 T(ND)=2.8608E+02
 NST=     8 JCONV=  2 CHG=8.47E-05 dt0=1.00E+04 DIVF(1)= 4.10E-06 DIVFrms= 4.10E-06 DT(ND)= 4.32E-03 T(ND)=2.8608E+02
 NST=     9 JCONV=  2 CHG=5.57E-05 dt0=1.00E+04 DIVF(1)=-2.11E-05 DIVFrms= 2.11E-05 DT(ND)= 3.19E-03 T(ND)=2.8609E+02
 NST=    10 JCONV=  2 CHG=3.67E-05 dt0=1.00E+04 DIVF(1)=-3.97E-05 DIVFrms= 3.97E-05 DT(ND)= 2.36E-03 T(ND)=2.8609E+02
 NST=    11 JCONV=  2 CHG=2.49E-05 dt0=1.00E+04 DIVF(1)=-5.36E-05 DIVFrms= 5.36E-05 DT(ND)= 1.75E-03 T(ND)=2.8609E+02
 NST=    12 JCONV=  2 CHG=1.70E-05 dt0=1.00E+04 DIVF(1)=-6.38E-05 DIVFrms= 6.38E-05 DT(ND)= 1.30E-03 T(ND)=2.8609E+02
 NST=    13 JCONV=  2 CHG=1.12E-05 dt0=1.00E+04 DIVF(1)=-7.15E-05 DIVFrms= 7.15E-05 DT(ND)= 9.69E-04 T(ND)=2.8609E+02
 NST=    14 JCONV=  2 CHG=8.14E-06 dt0=1.00E+04 DIVF(1)=-7.73E-05 DIVFrms= 7.73E-05 DT(ND)= 7.24E-04 T(ND)=2.8609E+02
 NST=    15 JCONV=  2 CHG=7.87E-06 dt0=1.00E+04 DIVF(1)=-8.15E-05 DIVFrms= 8.15E-05 DT(ND)= 5.43E-04 T(ND)=2.8609E+02
 NST=    16 JCONV=  2 CHG=7.81E-06 dt0=1.00E+04 DIVF(1)=-8.48E-05 DIVFrms= 8.48E-05 DT(ND)= 4.09E-04 T(ND)=2.8610E+02
 NST=    17 JCONV=  2 CHG=7.74E-06 dt0=1.00E+04 DIVF(1)=-8.72E-05 DIVFrms= 8.72E-05 DT(ND)= 3.10E-04 T(ND)=2.8610E+02
 NST=    18 JCONV=  2 CHG=7.67E-06 dt0=1.00E+04 DIVF(1)=-8.91E-05 DIVFrms= 8.91E-05 DT(ND)= 2.37E-04 T(ND)=2.8610E+02
 NST=    19 JCONV=  2 CHG=7.61E-06 dt0=1.00E+04 DIVF(1)=-9.05E-05 DIVFrms= 9.05E-05 DT(ND)= 1.83E-04 T(ND)=2.8610E+02
 NST=    20 JCONV=  2 CHG=7.54E-06 dt0=1.00E+04 DIVF(1)=-9.16E-05 DIVFrms= 9.16E-05 DT(ND)= 1.43E-04 T(ND)=2.8610E+02
 NST=    21 JCONV=  2 CHG=7.47E-06 dt0=1.00E+04 DIVF(1)=-9.26E-05 DIVFrms= 9.26E-05 DT(ND)= 1.13E-04 T(ND)=2.8610E+02
 NST=    22 JCONV=  2 CHG=7.41E-06 dt0=1.00E+04 DIVF(1)=-9.32E-05 DIVFrms= 9.32E-05 DT(ND)= 9.17E-05 T(ND)=2.8610E+02
 NST=    23 JCONV=  2 CHG=7.34E-06 dt0=1.00E+04 DIVF(1)=-9.39E-05 DIVFrms= 9.39E-05 DT(ND)= 7.57E-05 T(ND)=2.8610E+02
 NST=    24 JCONV=  2 CHG=7.28E-06 dt0=1.00E+04 DIVF(1)=-9.44E-05 DIVFrms= 9.44E-05 DT(ND)= 6.39E-05 T(ND)=2.8610E+02
 NST=    25 JCONV=  2 CHG=7.21E-06 dt0=1.00E+04 DIVF(1)=-9.47E-05 DIVFrms= 9.47E-05 DT(ND)= 5.52E-05 T(ND)=2.8610E+02
 NST=    26 JCONV=  2 CHG=8.30E-04 dt0=1.00E+04 DIVF(1)=-9.51E-05 DIVFrms= 9.51E-05 DT(ND)= 4.89E-05 T(ND)=2.8610E+02
 NST=    27 JCONV=  2 CHG=4.16E-04 dt0=1.00E+04 DIVF(1)=-1.03E-04 DIVFrms= 1.03E-04 DT(ND)= 4.42E-05 T(ND)=2.8610E+02
 NST=    28 JCONV=  2 CHG=1.89E-04 dt0=1.00E+04 DIVF(1)=-9.05E-05 DIVFrms= 9.05E-05 DT(ND)= 4.03E-05 T(ND)=2.8610E+02
 NST=    29 JCONV=  2 CHG=1.98E-04 dt0=1.00E+04 DIVF(1)=-4.83E-05 DIVFrms= 4.83E-05 DT(ND)= 3.71E-05 T(ND)=2.8610E+02
 NST=    30 JCONV=  2 CHG=1.39E-04 dt0=1.00E+04 DIVF(1)=-6.59E-05 DIVFrms= 6.59E-05 DT(ND)= 3.70E-05 T(ND)=2.8610E+02
 NST=    31 JCONV=  2 CHG=1.43E-04 dt0=1.00E+04 DIVF(1)=-4.83E-05 DIVFrms= 4.83E-05 DT(ND)= 3.99E-05 T(ND)=2.8610E+02
 NST=    32 JCONV=  2 CHG=1.13E-04 dt0=1.00E+04 DIVF(1)=-6.65E-05 DIVFrms= 6.65E-05 DT(ND)= 4.34E-05 T(ND)=2.8610E+02
 NST=    33 JCONV=  2 CHG=1.19E-04 dt0=1.00E+04 DIVF(1)=-4.89E-05 DIVFrms= 4.89E-05 DT(ND)= 4.67E-05 T(ND)=2.8610E+02
 NST=    34 JCONV=  2 CHG=1.04E-04 dt0=1.00E+04 DIVF(1)=-6.72E-05 DIVFrms= 6.72E-05 DT(ND)= 4.92E-05 T(ND)=2.8610E+02
 NST=    35 JCONV=  2 CHG=1.06E-04 dt0=1.00E+04 DIVF(1)=-4.95E-05 DIVFrms= 4.95E-05 DT(ND)= 5.13E-05 T(ND)=2.8610E+02
 NST=    36 JCONV=  2 CHG=9.94E-05 dt0=1.00E+04 DIVF(1)=-6.80E-05 DIVFrms= 6.80E-05 DT(ND)= 5.27E-05 T(ND)=2.8610E+02
 NST=    37 JCONV=  2 CHG=9.80E-05 dt0=1.00E+04 DIVF(1)=-5.03E-05 DIVFrms= 5.03E-05 DT(ND)= 5.39E-05 T(ND)=2.8610E+02
 NST=    38 JCONV=  2 CHG=9.62E-05 dt0=1.00E+04 DIVF(1)=-6.89E-05 DIVFrms= 6.89E-05 DT(ND)= 5.47E-05 T(ND)=2.8610E+02
 NST=    39 JCONV=  2 CHG=9.29E-05 dt0=1.00E+04 DIVF(1)=-5.11E-05 DIVFrms= 5.11E-05 DT(ND)= 5.54E-05 T(ND)=2.8610E+02
 NST=    40 JCONV=  2 CHG=9.36E-05 dt0=1.00E+04 DIVF(1)=-6.98E-05 DIVFrms= 6.98E-05 DT(ND)= 5.59E-05 T(ND)=2.8610E+02
 NST=    41 JCONV=  2 CHG=8.92E-05 dt0=1.00E+04 DIVF(1)=-5.20E-05 DIVFrms= 5.20E-05 DT(ND)= 5.63E-05 T(ND)=2.8610E+02
 NST=    42 JCONV=  2 CHG=9.16E-05 dt0=1.00E+04 DIVF(1)=-7.05E-05 DIVFrms= 7.05E-05 DT(ND)= 5.65E-05 T(ND)=2.8610E+02
 NST=    43 JCONV=  2 CHG=8.66E-05 dt0=1.00E+04 DIVF(1)=-5.28E-05 DIVFrms= 5.28E-05 DT(ND)= 5.68E-05 T(ND)=2.8610E+02
 NST=    44 JCONV=  2 CHG=9.00E-05 dt0=1.00E+04 DIVF(1)=-7.15E-05 DIVFrms= 7.15E-05 DT(ND)= 5.69E-05 T(ND)=2.8610E+02
 NST=    45 JCONV=  2 CHG=8.46E-05 dt0=1.00E+04 DIVF(1)=-5.37E-05 DIVFrms= 5.37E-05 DT(ND)= 5.71E-05 T(ND)=2.8610E+02
 NST=    46 JCONV=  2 CHG=8.86E-05 dt0=1.00E+04 DIVF(1)=-7.23E-05 DIVFrms= 7.23E-05 DT(ND)= 5.72E-05 T(ND)=2.8610E+02
 NST=    47 JCONV=  2 CHG=8.30E-05 dt0=1.00E+04 DIVF(1)=-5.46E-05 DIVFrms= 5.46E-05 DT(ND)= 5.73E-05 T(ND)=2.8610E+02
 NST=    48 JCONV=  2 CHG=8.74E-05 dt0=1.00E+04 DIVF(1)=-7.32E-05 DIVFrms= 7.32E-05 DT(ND)= 5.74E-05 T(ND)=2.8610E+02
 NST=    49 JCONV=  2 CHG=8.17E-05 dt0=1.00E+04 DIVF(1)=-5.55E-05 DIVFrms= 5.55E-05 DT(ND)= 5.75E-05 T(ND)=2.8610E+02
 NST=    50 JCONV=  2 CHG=8.63E-05 dt0=1.00E+04 DIVF(1)=-7.40E-05 DIVFrms= 7.40E-05 DT(ND)= 5.75E-05 T(ND)=2.8610E+02

 TIME= 4.925E+05  TIME IN DAYS = 5.700E+00

 PLANETARY ALBEDO:  ALBP = 0.2269

  J     P         ALT         T        CONVEC       DT          TOLD        FH20       FSAVE        FO3        TCOOL       THEAT
  1 3.2610E-05 7.3543E+01 2.1859E+02  0.00E+00   1.7113E-04  2.1859E+02  4.6230E-06  4.6230E-06  4.8845E-08 -6.1118E+01  3.5852E+01
  2 3.8505E-05 7.2430E+01 2.1993E+02  1.00E+00   1.7038E-04  2.1993E+02  4.8962E-06  4.8962E-06  5.9612E-08 -4.0611E+01  5.0056E+00
  3 4.5410E-05 7.1319E+01 2.2132E+02  1.00E+00   1.6385E-04  2.2132E+02  5.1446E-06  5.1446E-06  7.4780E-08 -2.6345E+01  2.0867E+00
  4 5.3485E-05 7.0209E+01 2.2277E+02  1.00E+00   1.5099E-04  2.2277E+02  5.3672E-06  5.3672E-06  9.5914E-08 -1.7000E+01  1.8582E+00
  5 6.2916E-05 6.9101E+01 2.2428E+02  1.00E+00   1.3279E-04  2.2428E+02  5.5636E-06  5.5636E-06  1.2399E-07 -1.1305E+01  1.9504E+00
  6 7.3918E-05 6.7994E+01 2.2583E+02  1.00E+00   1.1067E-04  2.2583E+02  5.7407E-06  5.7407E-06  1.5744E-07 -8.0655E+00  2.0967E+00
  7 8.6733E-05 6.6889E+01 2.2742E+02  1.00E+00   8.6130E-05  2.2742E+02  5.9004E-06  5.9004E-06  1.9480E-07 -6.3334E+00  2.2655E+00
  8 1.0164E-04 6.5785E+01 2.2902E+02  1.00E+00   6.0581E-05  2.2902E+02  6.0357E-06  6.0357E-06  2.3366E-07 -5.4632E+00  2.4444E+00
  9 1.1897E-04 6.4683E+01 2.3063E+02  1.00E+00   3.5298E-05  2.3063E+02  6.1666E-06  6.1666E-06  2.7459E-07 -5.0703E+00  2.6453E+00
 10 1.3906E-04 6.3582E+01 2.3225E+02  1.00E+00   1.1356E-05  2.3225E+02  6.2767E-06  6.2767E-06  3.1889E-07 -4.9195E+00  2.8649E+00
 11 1.6235E-04 6.2483E+01 2.3387E+02  1.00E+00  -1.0414E-05  2.3387E+02  6.3813E-06  6.3813E-06  3.6762E-07 -4.8936E+00  3.1081E+00
 12 1.8931E-04 6.1385E+01 2.3547E+02  1.00E+00  -2.9449E-05  2.3547E+02  6.4691E-06  6.4691E-06  4.2179E-07 -4.9258E+00  3.3784E+00
 13 2.2045E-04 6.0290E+01 2.3707E+02  1.00E+00  -4.5462E-05  2.3707E+02  6.5568E-06  6.5568E-06  4.8270E-07 -4.9937E+00  3.6799E+00
 14 2.5640E-04 5.9196E+01 2.3865E+02  1.00E+00  -5.8413E-05  2.3865E+02  6.6243E-06  6.6243E-06  5.5144E-07 -5.0784E+00  4.0128E+00
 15 2.9784E-04 5.8105E+01 2.4022E+02  1.00E+00  -6.8472E-05  2.4022E+02  6.6958E-06  6.6958E-06  6.2648E-07 -5.1825E+00  4.3659E+00
 16 3.4553E-04 5.7016E+01 2.4178E+02  1.00E+00  -7.5959E-05  2.4178E+02  6.7540E-06  6.7540E-06  7.0938E-07 -5.2968E+00  4.7380E+00
 17 4.0036E-04 5.5930E+01 2.4332E+02  1.00E+00  -8.1238E-05  2.4332E+02  6.8028E-06  6.8028E-06  8.0018E-07 -5.4206E+00  5.1216E+00
 18 4.6331E-04 5.4847E+01 2.4486E+02  1.00E+00  -8.4993E-05  2.4486E+02  6.8561E-06  6.8561E-06  9.0042E-07 -5.5546E+00  5.5118E+00
 19 5.3547E-04 5.3767E+01 2.4638E+02  1.00E+00  -8.7683E-05  2.4638E+02  6.8993E-06  6.8993E-06  1.0082E-06 -5.6897E+00  5.8928E+00
 20 6.1810E-04 5.2690E+01 2.4790E+02  1.00E+00  -8.9574E-05  2.4790E+02  6.9324E-06  6.9324E-06  1.1370E-06 -5.8252E+00  6.2948E+00
 21 7.1258E-04 5.1616E+01 2.4941E+02  1.00E+00  -9.0923E-05  2.4941E+02  6.9627E-06  6.9627E-06  1.2683E-06 -5.9516E+00  6.6374E+00
 22 8.2046E-04 5.0546E+01 2.5091E+02  1.00E+00  -9.1955E-05  2.5091E+02  6.9941E-06  6.9941E-06  1.4220E-06 -6.0635E+00  6.9720E+00
 23 9.4349E-04 4.9479E+01 2.5241E+02  1.00E+00  -9.2841E-05  2.5241E+02  7.0154E-06  7.0154E-06  1.5980E-06 -6.1629E+00  7.2776E+00
 24 1.0836E-03 4.8416E+01 2.5390E+02  1.00E+00  -9.3691E-05  2.5390E+02  7.0300E-06  7.0300E-06  1.7961E-06 -6.2982E+00  7.5342E+00
 25 1.2429E-03 4.7357E+01 2.5538E+02  1.00E+00  -9.4568E-05  2.5538E+02  7.0400E-06  7.0400E-06  2.0159E-06 -6.4805E+00  7.7143E+00
 26 1.4239E-03 4.6302E+01 2.5689E+02  1.00E+00  -9.9991E-05  2.5689E+02  7.0490E-06  7.0490E-06  2.2583E-06 -6.7358E+00  7.7973E+00
 27 1.6292E-03 4.5251E+01 2.5838E+02  1.00E+00  -8.9272E-05  2.5838E+02  7.0400E-06  7.0400E-06  2.5298E-06 -7.0108E+00  7.7830E+00
 28 1.8617E-03 4.4204E+01 2.5948E+02  0.00E+00  -6.1431E-05  2.5948E+02  7.0291E-06  7.0291E-06  2.8233E-06 -7.1631E+00  7.6479E+00
 29 2.1248E-03 4.3165E+01 2.5990E+02  0.00E+00  -3.0256E-05  2.5990E+02  7.0066E-06  7.0066E-06  3.1465E-06 -7.1203E+00  7.4066E+00
 30 2.4219E-03 4.2136E+01 2.5957E+02  0.00E+00  -7.3769E-06  2.5957E+02  6.9654E-06  6.9654E-06  3.4880E-06 -6.8915E+00  7.0547E+00
 31 2.7571E-03 4.1120E+01 2.5854E+02  0.00E+00   2.9492E-07  2.5854E+02  6.9222E-06  6.9222E-06  3.8209E-06 -6.5222E+00  6.5970E+00
 32 3.1348E-03 4.0119E+01 2.5695E+02  0.00E+00  -8.0563E-06  2.5695E+02  6.8721E-06  6.8721E-06  4.1287E-06 -6.0653E+00  6.0776E+00
 33 3.5597E-03 3.9135E+01 2.5491E+02  0.00E+00  -2.8101E-05  2.5491E+02  6.8031E-06  6.8031E-06  4.3972E-06 -5.5667E+00  5.5437E+00
 34 4.0371E-03 3.8170E+01 2.5257E+02  0.00E+00  -5.2921E-05  2.5257E+02  6.7336E-06  6.7336E-06  4.6059E-06 -5.0662E+00  5.0261E+00
 35 4.5727E-03 3.7224E+01 2.5003E+02  0.00E+00  -7.5999E-05  2.5003E+02  6.6479E-06  6.6479E-06  4.7737E-06 -4.5974E+00  4.5620E+00
 36 5.1729E-03 3.6297E+01 2.4736E+02  0.00E+00  -9.3468E-05  2.4736E+02  6.5647E-06  6.5647E-06  4.8943E-06 -4.1726E+00  4.1513E+00
 37 5.8445E-03 3.5390E+01 2.4463E+02  0.00E+00  -1.0458E-04  2.4463E+02  6.4740E-06  6.4740E-06  4.9960E-06 -3.8050E+00  3.7976E+00
 38 6.5950E-03 3.4503E+01 2.4189E+02  0.00E+00  -1.1097E-04  2.4189E+02  6.3802E-06  6.3802E-06  5.0648E-06 -3.4852E+00  3.4810E+00
 39 7.4325E-03 3.3635E+01 2.3919E+02  0.00E+00  -1.1508E-04  2.3919E+02  6.2861E-06  6.2861E-06  5.1146E-06 -3.2012E+00  3.1958E+00
 40 8.3658E-03 3.2785E+01 2.3658E+02  0.00E+00  -1.1865E-04  2.3658E+02  6.1842E-06  6.1842E-06  5.1393E-06 -2.9402E+00  2.9316E+00
 41 9.4044E-03 3.1954E+01 2.3410E+02  0.00E+00  -1.2208E-04  2.3410E+02  6.0904E-06  6.0904E-06  5.1441E-06 -2.6975E+00  2.6846E+00
 42 1.0559E-02 3.1141E+01 2.3181E+02  0.00E+00  -1.2465E-04  2.3182E+02  5.9968E-06  5.9968E-06  5.1034E-06 -2.4946E+00  2.4454E+00
 43 1.1840E-02 3.0344E+01 2.2974E+02  0.00E+00  -1.2518E-04  2.2974E+02  5.9012E-06  5.9012E-06  5.0393E-06 -2.2560E+00  2.2206E+00
 44 1.3259E-02 2.9563E+01 2.2787E+02  0.00E+00  -1.2282E-04  2.2787E+02  5.8074E-06  5.8074E-06  4.9298E-06 -2.0325E+00  2.0068E+00
 45 1.4830E-02 2.8796E+01 2.2621E+02  0.00E+00  -1.1753E-04  2.2621E+02  5.7064E-06  5.7064E-06  4.7891E-06 -1.8261E+00  1.8097E+00
 46 1.6567E-02 2.8044E+01 2.2473E+02  0.00E+00  -1.1011E-04  2.2473E+02  5.6152E-06  5.6152E-06  4.6159E-06 -1.6390E+00  1.6305E+00
 47 1.8483E-02 2.7305E+01 2.2341E+02  0.00E+00  -1.0186E-04  2.2341E+02  5.5265E-06  5.5265E-06  4.4151E-06 -1.4722E+00  1.4705E+00
 48 2.0595E-02 2.6579E+01 2.2221E+02  0.00E+00  -9.4067E-05  2.2221E+02  5.4393E-06  5.4393E-06  4.1844E-06 -1.3262E+00  1.3284E+00
 49 2.2920E-02 2.5865E+01 2.2111E+02  0.00E+00  -8.7557E-05  2.2111E+02  5.3537E-06  5.3537E-06  3.9483E-06 -1.2000E+00  1.2063E+00
 50 2.5475E-02 2.5163E+01 2.2009E+02  0.00E+00  -8.2621E-05  2.2009E+02  5.2695E-06  5.2695E-06  3.6961E-06 -1.0913E+00  1.0988E+00
 51 2.8279E-02 2.4473E+01 2.1913E+02  0.00E+00  -7.9185E-05  2.1913E+02  5.1866E-06  5.1866E-06  3.4389E-06 -9.9621E-01  1.0038E+00
 52 3.1352E-02 2.3794E+01 2.1822E+02  0.00E+00  -7.6817E-05  2.1822E+02  5.0960E-06  5.0960E-06  3.1860E-06 -9.1048E-01  9.1881E-01
 53 3.4715E-02 2.3126E+01 2.1734E+02  0.00E+00  -7.4764E-05  2.1734E+02  5.0150E-06  5.0150E-06  2.9216E-06 -8.3253E-01  8.3845E-01
 54 3.8390E-02 2.2469E+01 2.1650E+02  0.00E+00  -7.2619E-05  2.1650E+02  4.9362E-06  4.9362E-06  2.6715E-06 -7.5913E-01  7.6424E-01
 55 4.2401E-02 2.1823E+01 2.1570E+02  0.00E+00  -7.1470E-05  2.1570E+02  4.8587E-06  4.8587E-06  2.4268E-06 -6.8987E-01  6.9356E-01
 56 4.6772E-02 2.1188E+01 2.1495E+02  0.00E+00  -7.2173E-05  2.1495E+02  4.7825E-06  4.7825E-06  2.1853E-06 -6.2493E-01  6.2528E-01
 57 5.1529E-02 2.0563E+01 2.1424E+02  0.00E+00  -7.2113E-05  2.1424E+02  4.7074E-06  4.7074E-06  1.9506E-06 -5.6394E-01  5.5990E-01
 58 5.6698E-02 1.9948E+01 2.1360E+02  0.00E+00  -6.3385E-05  2.1360E+02  4.6337E-06  4.6337E-06  1.7290E-06 -5.0563E-01  4.9868E-01
 59 6.2308E-02 1.9344E+01 2.1301E+02  0.00E+00  -4.3923E-05  2.1301E+02  4.5693E-06  4.5693E-06  1.5203E-06 -4.4969E-01  4.4193E-01
 60 6.8385E-02 1.8749E+01 2.1249E+02  0.00E+00  -2.0940E-05  2.1249E+02  4.4998E-06  4.4998E-06  1.3194E-06 -3.9630E-01  3.8934E-01
 61 7.4961E-02 1.8163E+01 2.1203E+02  0.00E+00  -1.5398E-05  2.1203E+02  4.4412E-06  4.4412E-06  1.1323E-06 -3.4613E-01  3.4203E-01
 62 8.2066E-02 1.7587E+01 2.1161E+02  0.00E+00  -1.6539E-05  2.1161E+02  4.3869E-06  4.3869E-06  9.5972E-07 -3.0041E-01  3.0009E-01
 63 8.9731E-02 1.7020E+01 2.1125E+02  0.00E+00  -1.5266E-05  2.1125E+02  4.3369E-06  4.3369E-06  7.9992E-07 -2.6175E-01  2.6316E-01
 64 9.7989E-02 1.6462E+01 2.1092E+02  0.00E+00   6.0796E-05  2.1092E+02  4.2869E-06  4.2869E-06  6.5791E-07 -2.3047E-01  2.3151E-01
 65 1.0687E-01 1.5913E+01 2.1062E+02  0.00E+00   1.2080E-04  2.1062E+02  4.2497E-06  4.2497E-06  5.3237E-07 -1.8166E-01  2.0344E-01
 66 1.1641E-01 1.5373E+01 2.1035E+02  0.00E+00   2.6376E-04  2.1035E+02  4.2173E-06  4.2173E-06  4.2381E-07 -1.6177E-01  1.7958E-01
 67 1.2664E-01 1.4841E+01 2.1011E+02  0.00E+00   1.0261E-04  2.1011E+02  4.1936E-06  4.1936E-06  3.3352E-07 -1.4862E-01  1.5995E-01
 68 1.3760E-01 1.4318E+01 2.0994E+02  0.00E+00   3.0391E-04  2.0994E+02  4.1727E-06  4.1727E-06  2.5939E-07 -1.4071E-01  1.4387E-01
 69 1.4932E-01 1.3804E+01 2.0984E+02  0.00E+00  -3.4021E-04  2.0984E+02  4.1521E-06  4.1521E-06  1.9754E-07 -1.3720E-01  1.3054E-01
 70 1.6183E-01 1.3297E+01 2.0985E+02  0.00E+00   9.1275E-04  2.0985E+02  4.1319E-06  4.1319E-06  1.4791E-07 -1.3546E-01  1.1984E-01
 71 1.7517E-01 1.2798E+01 2.0997E+02  0.00E+00  -1.2226E-03  2.0997E+02  4.1210E-06  4.1210E-06  1.1473E-07 -1.3043E-01  1.1219E-01
 72 1.8937E-01 1.2307E+01 2.1022E+02  0.00E+00   3.7584E-03  2.1022E+02  4.1200E-06  4.1200E-06  9.2810E-08 -1.2243E-01  1.0689E-01
 73 2.0447E-01 1.1823E+01 2.1058E+02  0.00E+00  -5.5816E-03  2.1059E+02  4.2986E-06  4.2986E-06  7.6486E-08 -1.1850E-01  1.0392E-01
 74 2.2049E-01 1.1347E+01 2.1105E+02  0.00E+00   1.4483E-02  2.1104E+02  5.2414E-06  5.2415E-06  6.4536E-08 -1.3003E-01  1.0517E-01
 75 2.3746E-01 1.0877E+01 2.1156E+02  0.00E+00  -1.8267E-02  2.1158E+02  6.1948E-06  5.9198E-06  5.7404E-08 -1.0535E-01  1.0626E-01
 76 2.5542E-01 1.0414E+01 2.1215E+02  0.00E+00   6.1441E-03  2.1215E+02  6.7482E-06  6.7570E-06  5.3078E-08 -5.5202E-02  1.0829E-01
 77 2.7439E-01 9.9574E+00 2.1329E+02  0.00E+00   2.1606E-03  2.1329E+02  7.9216E-06  7.9193E-06  4.9962E-08 -9.4078E-02  1.1275E-01
 78 2.9440E-01 9.5043E+00 2.1640E+02  0.00E+00   6.6748E-05  2.1640E+02  1.2035E-05  1.2035E-05  4.7353E-08 -3.5242E-01  1.3038E-01
 79 3.1547E-01 9.0517E+00 2.2074E+02  1.00E+00   6.7574E-05  2.2074E+02  2.1122E-05  2.1122E-05  4.4909E-08 -7.6143E-01  1.6638E-01
 80 3.3762E-01 8.5986E+00 2.2506E+02  1.00E+00   7.0927E-05  2.2506E+02  3.6153E-05  3.6152E-05  4.2495E-08 -1.1836E+00  2.1649E-01
 81 3.6087E-01 8.1454E+00 2.2933E+02  1.00E+00   7.6560E-05  2.2933E+02  6.0319E-05  6.0319E-05  4.0163E-08 -1.5752E+00  2.7799E-01
 82 3.8524E-01 7.6926E+00 2.3354E+02  1.00E+00   8.3406E-05  2.3354E+02  9.8029E-05  9.8028E-05  3.7916E-08 -1.8835E+00  3.4562E-01
 83 4.1074E-01 7.2405E+00 2.3766E+02  1.00E+00   8.9714E-05  2.3766E+02  1.5505E-04  1.5505E-04  3.5754E-08 -2.0943E+00  4.1635E-01
 84 4.3737E-01 6.7898E+00 2.4166E+02  1.00E+00   9.3849E-05  2.4166E+02  2.3848E-04  2.3847E-04  3.3677E-08 -2.2333E+00  4.9252E-01
 85 4.6514E-01 6.3409E+00 2.4552E+02  1.00E+00   9.5579E-05  2.4552E+02  3.5650E-04  3.5649E-04  3.1606E-08 -2.2906E+00  5.7042E-01
 86 4.9405E-01 5.8944E+00 2.4922E+02  1.00E+00   9.6399E-05  2.4922E+02  5.1790E-04  5.1789E-04  2.9619E-08 -2.2976E+00  6.3645E-01
 87 5.2409E-01 5.4509E+00 2.5274E+02  1.00E+00   9.6115E-05  2.5274E+02  7.3149E-04  7.3148E-04  2.7725E-08 -2.2812E+00  6.8351E-01
 88 5.5526E-01 5.0110E+00 2.5608E+02  1.00E+00   9.4708E-05  2.5608E+02  1.0055E-03  1.0055E-03  2.5874E-08 -2.2642E+00  7.1723E-01
 89 5.8755E-01 4.5752E+00 2.5922E+02  1.00E+00   9.2317E-05  2.5922E+02  1.3474E-03  1.3474E-03  2.4081E-08 -2.2232E+00  7.4437E-01
 90 6.2093E-01 4.1440E+00 2.6218E+02  1.00E+00   8.9178E-05  2.6218E+02  1.7631E-03  1.7631E-03  2.2383E-08 -2.1615E+00  7.6499E-01
 91 6.5538E-01 3.7181E+00 2.6496E+02  1.00E+00   8.5557E-05  2.6496E+02  2.2578E-03  2.2578E-03  2.0787E-08 -2.0962E+00  7.7628E-01
 92 6.9087E-01 3.2978E+00 2.6758E+02  1.00E+00   8.1695E-05  2.6758E+02  2.8352E-03  2.8352E-03  1.9356E-08 -2.0048E+00  7.7831E-01
 93 7.2736E-01 2.8836E+00 2.7003E+02  1.00E+00   7.7772E-05  2.7003E+02  3.4981E-03  3.4981E-03  1.8014E-08 -1.8606E+00  7.7409E-01
 94 7.6482E-01 2.4759E+00 2.7235E+02  1.00E+00   7.3915E-05  2.7235E+02  4.2483E-03  4.2483E-03  1.6761E-08 -1.7087E+00  7.6656E-01
 95 8.0319E-01 2.0750E+00 2.7469E+02  1.00E+00   7.0347E-05  2.7469E+02  5.1523E-03  5.1523E-03  1.5669E-08 -1.6099E+00  7.6137E-01
 96 8.4242E-01 1.6810E+00 2.7699E+02  1.00E+00   6.7351E-05  2.7699E+02  6.0519E-03  6.0519E-03  1.4743E-08 -1.5261E+00  7.4259E-01
 97 8.8246E-01 1.2942E+00 2.7918E+02  1.00E+00   6.4930E-05  2.7918E+02  7.0617E-03  7.0616E-03  1.3894E-08 -1.5153E+00  7.2626E-01
 98 9.2324E-01 9.1489E-01 2.8127E+02  1.00E+00   6.2208E-05  2.8127E+02  8.1757E-03  8.1756E-03  1.3259E-08 -1.5821E+00  7.1510E-01
 99 9.6468E-01 5.4341E-01 2.8325E+02  1.00E+00   6.1115E-05  2.8325E+02  9.2586E-03  9.2585E-03  1.2749E-08 -1.7624E+00  7.0814E-01
100 1.0067E+00 1.7998E-01 2.8515E+02  1.00E+00   5.8616E-05  2.8515E+02  1.0623E-02  1.0622E-02  1.2318E-08 -2.0182E+00  7.2924E-01
101 1.0281E+00 0.0000E+00 2.8610E+02  1.00E+00   5.7541E-05  2.8610E+02  1.1305E-02  1.1305E-02  1.2400E-08 -3.5410E+00  7.9334E+00
  J     P         ALT         T        CONVEC       DT          TOLD        FH20       FSAVE        FO3        TCOOL       THEAT

 FCO2
  2.05E-04 2.05E-04 2.05E-04 2.05E-04 2.05E-04 2.05E-04 2.05E-04 2.05E-04 2.05E-04 2.05E-04
  2.05E-04 2.05E-04 2.05E-04 2.05E-04 2.05E-04 2.05E-04 2.05E-04 2.05E-04 2.05E-04 2.05E-04
  2.05E-04 2.05E-04 2.05E-04 2.05E-04 2.05E-04 2.05E-04 2.05E-04 2.05E-04 2.05E-04 2.05E-04
  2.05E-04 2.05E-04 2.05E-04 2.05E-04 2.05E-04 2.05E-04 2.05E-04 2.05E-04 2.05E-04 2.05E-04
  2.05E-04 2.05E-04 2.05E-04 2.05E-04 2.05E-04 2.05E-04 2.05E-04 2.05E-04 2.05E-04 2.05E-04
  2.05E-04 2.05E-04 2.05E-04 2.05E-04 2.05E-04 2.05E-04 2.05E-04 2.05E-04 2.05E-04 2.05E-04
  2.05E-04 2.05E-04 2.05E-04 2.05E-04 2.05E-04 2.05E-04 2.05E-04 2.05E-04 2.05E-04 2.05E-04
  2.05E-04 2.05E-04 2.05E-04 2.05E-04 2.05E-04 2.05E-04 2.05E-04 2.05E-04 2.05E-04 2.05E-04
  2.05E-04 2.05E-04 2.05E-04 2.05E-04 2.05E-04 2.05E-04 2.05E-04 2.05E-04 2.05E-04 2.05E-04
  2.05E-04 2.05E-04 2.05E-04 2.05E-04 2.05E-04 2.05E-04 2.05E-04 2.05E-04 2.05E-04 2.05E-04
  2.05E-04

  J    PF         ALT       FTOTAL       FTIR       FDNIR       FUPIR       FTSOL       FDNSOL       FUPSOL       DIVF
  1 3.0000E-05 7.3543E+01 -1.9553E+01 -2.6426E+05  0.0000E+00  2.6426E+05  2.6424E+05  3.4178E+05  7.7538E+04 -7.3991E-05
  2 3.5446E-05 7.2430E+01 -2.7886E+00 -2.6422E+05  4.4244E+01  2.6426E+05  2.6422E+05  3.4175E+05  7.7538E+04 -1.0552E-05
  3 4.1828E-05 7.1319E+01  2.4889E+01 -2.6419E+05  7.9914E+01  2.6427E+05  2.6421E+05  3.4175E+05  7.7537E+04  9.4183E-05
  4 4.9298E-05 7.0209E+01  4.6953E+01 -2.6416E+05  1.0839E+02  2.6427E+05  2.6421E+05  3.4175E+05  7.7537E+04  1.7767E-04
  5 5.8027E-05 6.9101E+01  6.3046E+01 -2.6415E+05  1.3141E+02  2.6428E+05  2.6421E+05  3.4175E+05  7.7537E+04  2.3856E-04
  6 6.8217E-05 6.7994E+01  7.4648E+01 -2.6413E+05  1.5082E+02  2.6428E+05  2.6421E+05  3.4174E+05  7.7536E+04  2.8245E-04
  7 8.0095E-05 6.6889E+01  8.3276E+01 -2.6412E+05  1.6833E+02  2.6429E+05  2.6420E+05  3.4174E+05  7.7536E+04  3.1509E-04
  8 9.3922E-05 6.5785E+01  9.0119E+01 -2.6411E+05  1.8531E+02  2.6429E+05  2.6420E+05  3.4174E+05  7.7536E+04  3.4098E-04
  9 1.1000E-04 6.4683E+01  9.6023E+01 -2.6410E+05  2.0279E+02  2.6430E+05  2.6419E+05  3.4173E+05  7.7535E+04  3.6331E-04
 10 1.2866E-04 6.3582E+01  1.0153E+02 -2.6409E+05  2.2161E+02  2.6431E+05  2.6419E+05  3.4172E+05  7.7535E+04  3.8412E-04
 11 1.5031E-04 6.2483E+01  1.0693E+02 -2.6407E+05  2.4239E+02  2.6432E+05  2.6418E+05  3.4172E+05  7.7534E+04  4.0457E-04
 12 1.7537E-04 6.1385E+01  1.1237E+02 -2.6406E+05  2.6569E+02  2.6433E+05  2.6417E+05  3.4171E+05  7.7533E+04  4.2514E-04
 13 2.0435E-04 6.0290E+01  1.1783E+02 -2.6404E+05  2.9201E+02  2.6433E+05  2.6416E+05  3.4169E+05  7.7532E+04  4.4575E-04
 14 2.3782E-04 5.9196E+01  1.2317E+02 -2.6402E+05  3.2189E+02  2.6434E+05  2.6415E+05  3.4168E+05  7.7531E+04  4.6595E-04
 15 2.7643E-04 5.8105E+01  1.2817E+02 -2.6400E+05  3.5588E+02  2.6435E+05  2.6413E+05  3.4166E+05  7.7530E+04  4.8484E-04
 16 3.2090E-04 5.7016E+01  1.3258E+02 -2.6397E+05  3.9466E+02  2.6436E+05  2.6410E+05  3.4163E+05  7.7529E+04  5.0150E-04
 17 3.7206E-04 5.5930E+01  1.3605E+02 -2.6394E+05  4.3895E+02  2.6438E+05  2.6407E+05  3.4160E+05  7.7528E+04  5.1461E-04
 18 4.3082E-04 5.4847E+01  1.3819E+02 -2.6390E+05  4.8956E+02  2.6439E+05  2.6404E+05  3.4156E+05  7.7526E+04  5.2266E-04
 19 4.9824E-04 5.3767E+01  1.3854E+02 -2.6385E+05  5.4741E+02  2.6440E+05  2.6399E+05  3.4152E+05  7.7524E+04  5.2396E-04
 20 5.7549E-04 5.2690E+01  1.3663E+02 -2.6380E+05  6.1344E+02  2.6441E+05  2.6394E+05  3.4146E+05  7.7522E+04  5.1674E-04
 21 6.6387E-04 5.1616E+01  1.3159E+02 -2.6374E+05  6.8867E+02  2.6443E+05  2.6387E+05  3.4139E+05  7.7520E+04  4.9766E-04
 22 7.6486E-04 5.0546E+01  1.2319E+02 -2.6366E+05  7.7403E+02  2.6444E+05  2.6379E+05  3.4131E+05  7.7518E+04  4.6586E-04
 23 8.8010E-04 4.9479E+01  1.1049E+02 -2.6358E+05  8.7038E+02  2.6445E+05  2.6369E+05  3.4121E+05  7.7515E+04  4.1781E-04
 24 1.0114E-03 4.8416E+01  9.2735E+01 -2.6348E+05  9.7847E+02  2.6446E+05  2.6357E+05  3.4109E+05  7.7513E+04  3.5066E-04
 25 1.1609E-03 4.7357E+01  7.0331E+01 -2.6337E+05  1.0996E+03  2.6447E+05  2.6344E+05  3.4095E+05  7.7510E+04  2.6594E-04
 26 1.3308E-03 4.6302E+01  4.4922E+01 -2.6323E+05  1.2353E+03  2.6447E+05  2.6328E+05  3.4078E+05  7.7506E+04  1.6986E-04
 27 1.5236E-03 4.5251E+01  2.0112E+01 -2.6308E+05  1.3866E+03  2.6446E+05  2.6310E+05  3.4060E+05  7.7503E+04  7.6049E-05
 28 1.7421E-03 4.4204E+01 -3.4085E-01 -2.6289E+05  1.5527E+03  2.6444E+05  2.6289E+05  3.4039E+05  7.7500E+04 -1.2889E-06
 29 1.9895E-03 4.3165E+01 -1.4874E+01 -2.6268E+05  1.7305E+03  2.6441E+05  2.6266E+05  3.4016E+05  7.7496E+04 -5.6253E-05
 30 2.2692E-03 4.2136E+01 -2.4574E+01 -2.6243E+05  1.9158E+03  2.6435E+05  2.6241E+05  3.3990E+05  7.7493E+04 -9.2960E-05
 31 2.5849E-03 4.1120E+01 -3.0812E+01 -2.6217E+05  2.1048E+03  2.6428E+05  2.6214E+05  3.3963E+05  7.7490E+04 -1.1659E-04
 32 2.9408E-03 4.0119E+01 -3.4034E+01 -2.6189E+05  2.2944E+03  2.6418E+05  2.6186E+05  3.3934E+05  7.7487E+04 -1.2883E-04
 33 3.3415E-03 3.9135E+01 -3.4633E+01 -2.6160E+05  2.4828E+03  2.6408E+05  2.6156E+05  3.3905E+05  7.7484E+04 -1.3115E-04
 34 3.7921E-03 3.8170E+01 -3.3379E+01 -2.6129E+05  2.6688E+03  2.6396E+05  2.6126E+05  3.3874E+05  7.7482E+04 -1.2646E-04
 35 4.2979E-03 3.7224E+01 -3.0933E+01 -2.6098E+05  2.8523E+03  2.6384E+05  2.6095E+05  3.3843E+05  7.7480E+04 -1.1724E-04
 36 4.8651E-03 3.6297E+01 -2.8506E+01 -2.6067E+05  3.0347E+03  2.6370E+05  2.6064E+05  3.3812E+05  7.7479E+04 -1.0810E-04
 37 5.5002E-03 3.5390E+01 -2.6872E+01 -2.6035E+05  3.2182E+03  2.6357E+05  2.6032E+05  3.3780E+05  7.7478E+04 -1.0196E-04
 38 6.2104E-03 3.4503E+01 -2.6233E+01 -2.6002E+05  3.4065E+03  2.6343E+05  2.6000E+05  3.3747E+05  7.7477E+04 -9.9583E-05
 39 7.0034E-03 3.3635E+01 -2.5826E+01 -2.5969E+05  3.6030E+03  2.6329E+05  2.5966E+05  3.3714E+05  7.7477E+04 -9.8089E-05
 40 7.8878E-03 3.2785E+01 -2.5247E+01 -2.5935E+05  3.8108E+03  2.6316E+05  2.5932E+05  3.3680E+05  7.7477E+04 -9.5939E-05
 41 8.8727E-03 3.1954E+01 -2.4228E+01 -2.5900E+05  4.0317E+03  2.6303E+05  2.5897E+05  3.3645E+05  7.7477E+04 -9.2113E-05
 42 9.9679E-03 3.1141E+01 -2.2527E+01 -2.5864E+05  4.2665E+03  2.6291E+05  2.5862E+05  3.3610E+05  7.7478E+04 -8.5682E-05
 43 1.1184E-02 3.0344E+01 -1.5311E+01 -2.5828E+05  4.5193E+03  2.6280E+05  2.5826E+05  3.3574E+05  7.7479E+04 -5.8261E-05
 44 1.2533E-02 2.9563E+01 -9.5508E+00 -2.5791E+05  4.7854E+03  2.6270E+05  2.5790E+05  3.3538E+05  7.7480E+04 -3.6357E-05
 45 1.4027E-02 2.8796E+01 -4.9298E+00 -2.5755E+05  5.0636E+03  2.6261E+05  2.5754E+05  3.3502E+05  7.7481E+04 -1.8772E-05
 46 1.5679E-02 2.8044E+01 -1.6643E+00 -2.5718E+05  5.3525E+03  2.6254E+05  2.5718E+05  3.3466E+05  7.7481E+04 -6.3394E-06
 47 1.7504E-02 2.7305E+01  2.0400E-01 -2.5682E+05  5.6515E+03  2.6248E+05  2.5682E+05  3.3430E+05  7.7480E+04  7.7723E-07
 48 1.9517E-02 2.6579E+01  6.2293E-01 -2.5647E+05  5.9603E+03  2.6243E+05  2.5647E+05  3.3395E+05  7.7477E+04  2.3737E-06
 49 2.1733E-02 2.5865E+01  2.9514E-02 -2.5611E+05  6.2796E+03  2.6239E+05  2.5611E+05  3.3359E+05  7.7473E+04  1.1248E-07
 50 2.4171E-02 2.5163E+01 -1.8150E+00 -2.5576E+05  6.6111E+03  2.6237E+05  2.5576E+05  3.3323E+05  7.7465E+04 -6.9177E-06
 51 2.6848E-02 2.4473E+01 -4.2419E+00 -2.5541E+05  6.9566E+03  2.6237E+05  2.5541E+05  3.3286E+05  7.7455E+04 -1.6168E-05
 52 2.9785E-02 2.3794E+01 -6.9225E+00 -2.5506E+05  7.3182E+03  2.6238E+05  2.5505E+05  3.3250E+05  7.7441E+04 -2.6383E-05
 53 3.3001E-02 2.3126E+01 -1.0135E+01 -2.5471E+05  7.6974E+03  2.6241E+05  2.5470E+05  3.3212E+05  7.7422E+04 -3.8623E-05
 54 3.6518E-02 2.2469E+01 -1.2629E+01 -2.5436E+05  8.0955E+03  2.6245E+05  2.5435E+05  3.3174E+05  7.7398E+04 -4.8117E-05
 55 4.0359E-02 2.1823E+01 -1.4984E+01 -2.5401E+05  8.5133E+03  2.6252E+05  2.5399E+05  3.3136E+05  7.7367E+04 -5.7075E-05
 56 4.4547E-02 2.1188E+01 -1.6840E+01 -2.5366E+05  8.9515E+03  2.6261E+05  2.5365E+05  3.3098E+05  7.7330E+04 -6.4123E-05
 57 4.9109E-02 2.0563E+01 -1.7032E+01 -2.5332E+05  9.4105E+03  2.6273E+05  2.5330E+05  3.3059E+05  7.7285E+04 -6.4827E-05
 58 5.4069E-02 1.9948E+01 -1.4632E+01 -2.5299E+05  9.8903E+03  2.6288E+05  2.5297E+05  3.3020E+05  7.7231E+04 -5.5661E-05
 59 5.9456E-02 1.9344E+01 -1.0144E+01 -2.5266E+05  1.0390E+04  2.6305E+05  2.5265E+05  3.2982E+05  7.7168E+04 -3.8562E-05
 60 6.5296E-02 1.8749E+01 -4.7189E+00 -2.5235E+05  1.0908E+04  2.6325E+05  2.5234E+05  3.2944E+05  7.7095E+04 -1.7925E-05
 61 7.1620E-02 1.8163E+01  5.4491E-01 -2.5205E+05  1.1439E+04  2.6348E+05  2.5205E+05  3.2906E+05  7.7010E+04  2.0681E-06
 62 7.8458E-02 1.7587E+01  3.8980E+00 -2.5176E+05  1.1981E+04  2.6374E+05  2.5177E+05  3.2868E+05  7.6914E+04  1.4779E-05
 63 8.5840E-02 1.7020E+01  4.1803E+00 -2.5150E+05  1.2530E+04  2.6403E+05  2.5150E+05  3.2831E+05  7.6804E+04  1.5833E-05
 64 9.3799E-02 1.6462E+01  2.8362E+00 -2.5125E+05  1.3084E+04  2.6433E+05  2.5125E+05  3.2793E+05  7.6681E+04  1.0730E-05
 65 1.0237E-01 1.5913E+01  1.7737E+00 -2.5101E+05  1.3642E+04  2.6465E+05  2.5101E+05  3.2756E+05  7.6543E+04  6.7018E-06
 66 1.1157E-01 1.5373E+01 -2.2223E+01 -2.5081E+05  1.4218E+04  2.6503E+05  2.5079E+05  3.2718E+05  7.6391E+04 -8.3852E-05
 67 1.2146E-01 1.4841E+01 -4.3276E+01 -2.5062E+05  1.4796E+04  2.6542E+05  2.5058E+05  3.2680E+05  7.6223E+04 -1.6305E-04
 68 1.3205E-01 1.4318E+01 -5.7625E+01 -2.5043E+05  1.5383E+04  2.6581E+05  2.5037E+05  3.2641E+05  7.6040E+04 -2.1679E-04
 69 1.4339E-01 1.3804E+01 -6.1912E+01 -2.5024E+05  1.5989E+04  2.6623E+05  2.5018E+05  3.2602E+05  7.5842E+04 -2.3255E-04
 70 1.5550E-01 1.3297E+01 -5.2262E+01 -2.5004E+05  1.6623E+04  2.6667E+05  2.4999E+05  3.2562E+05  7.5628E+04 -1.9598E-04
 71 1.6843E-01 1.2798E+01 -2.8137E+01 -2.4983E+05  1.7294E+04  2.6713E+05  2.4981E+05  3.2520E+05  7.5397E+04 -1.0533E-04
 72 1.8219E-01 1.2307E+01  1.8680E+00 -2.4962E+05  1.8009E+04  2.6763E+05  2.4962E+05  3.2477E+05  7.5152E+04  6.9798E-06
 73 1.9684E-01 1.1823E+01  2.9064E+01 -2.4940E+05  1.8775E+04  2.6818E+05  2.4943E+05  3.2432E+05  7.4890E+04  1.0838E-04
 74 2.1239E-01 1.1347E+01  5.6146E+01 -2.4918E+05  1.9612E+04  2.6880E+05  2.4924E+05  3.2385E+05  7.4614E+04  2.0888E-04
 75 2.2889E-01 1.0877E+01  1.0511E+02 -2.4893E+05  2.0588E+04  2.6952E+05  2.4903E+05  3.2335E+05  7.4321E+04  3.9001E-04
 76 2.4635E-01 1.0414E+01  1.0321E+02 -2.4871E+05  2.1679E+04  2.7039E+05  2.4881E+05  3.2282E+05  7.4013E+04  3.8171E-04
 77 2.6482E-01 9.9574E+00 -1.3839E+01 -2.4859E+05  2.2971E+04  2.7156E+05  2.4857E+05  3.2226E+05  7.3689E+04 -5.0960E-05
 78 2.8431E-01 9.5043E+00 -5.7283E+01 -2.4837E+05  2.4801E+04  2.7317E+05  2.4831E+05  3.2166E+05  7.3350E+04 -2.0970E-04
 79 3.0485E-01 9.0517E+00  4.8736E+02 -2.4750E+05  2.7635E+04  2.7514E+05  2.4799E+05  3.2099E+05  7.2994E+04  1.7713E-03
 80 3.2646E-01 8.5986E+00  2.0235E+03 -2.4554E+05  3.1830E+04  2.7737E+05  2.4756E+05  3.2018E+05  7.2623E+04  7.2953E-03
 81 3.4916E-01 8.1454E+00  4.6468E+03 -2.4233E+05  3.7568E+04  2.7989E+05  2.4697E+05  3.1921E+05  7.2235E+04  1.6602E-02
 82 3.7298E-01 7.6926E+00  8.3382E+03 -2.3784E+05  4.4908E+04  2.8275E+05  2.4618E+05  3.1801E+05  7.1831E+04  2.9489E-02
 83 3.9791E-01 7.2405E+00  1.2922E+04 -2.3223E+05  5.3732E+04  2.8596E+05  2.4515E+05  3.1656E+05  7.1411E+04  4.5187E-02
 84 4.2397E-01 6.7898E+00  1.8151E+04 -2.2570E+05  6.3833E+04  2.8954E+05  2.4386E+05  3.1483E+05  7.0975E+04  6.2690E-02
 85 4.5118E-01 6.3409E+00  2.3814E+04 -2.1844E+05  7.5034E+04  2.9347E+05  2.4225E+05  3.1278E+05  7.0524E+04  8.1147E-02
 86 4.7952E-01 5.8944E+00  2.9646E+04 -2.1067E+05  8.7079E+04  2.9775E+05  2.4032E+05  3.1038E+05  7.0059E+04  9.9568E-02
 87 5.0901E-01 5.4509E+00  3.5506E+04 -2.0257E+05  9.9783E+04  3.0235E+05  2.3807E+05  3.0765E+05  6.9581E+04  1.1743E-01
 88 5.3962E-01 5.0110E+00  4.1360E+04 -1.9421E+05  1.1300E+05  3.0721E+05  2.3557E+05  3.0466E+05  6.9091E+04  1.3463E-01
 89 5.7136E-01 4.5752E+00  4.7237E+04 -1.8561E+05  1.2668E+05  3.1229E+05  2.3284E+05  3.0144E+05  6.8592E+04  1.5126E-01
 90 6.0420E-01 4.1440E+00  5.3051E+04 -1.7687E+05  1.4068E+05  3.1755E+05  2.2992E+05  2.9800E+05  6.8085E+04  1.6707E-01
 91 6.3812E-01 3.7181E+00  5.8724E+04 -1.6809E+05  1.5485E+05  3.2294E+05  2.2681E+05  2.9439E+05  6.7575E+04  1.8184E-01
 92 6.7310E-01 3.2978E+00  6.4254E+04 -1.5930E+05  1.6914E+05  3.2845E+05  2.2356E+05  2.9062E+05  6.7065E+04  1.9563E-01
 93 7.0910E-01 2.8836E+00  6.9544E+04 -1.5066E+05  1.8340E+05  3.3405E+05  2.2020E+05  2.8676E+05  6.6560E+04  2.0818E-01
 94 7.4609E-01 2.4759E+00  7.4359E+04 -1.4241E+05  1.9737E+05  3.3978E+05  2.1677E+05  2.8284E+05  6.6066E+04  2.1885E-01
 95 7.8402E-01 2.0750E+00  7.8642E+04 -1.3464E+05  2.1120E+05  3.4584E+05  2.1329E+05  2.7888E+05  6.5590E+04  2.2739E-01
 96 8.2283E-01 1.6810E+00  8.2591E+04 -1.2715E+05  2.2492E+05  3.5207E+05  2.0974E+05  2.7489E+05  6.5143E+04  2.3459E-01
 97 8.6248E-01 1.2942E+00  8.6317E+04 -1.1989E+05  2.3839E+05  3.5829E+05  2.0621E+05  2.7095E+05  6.4736E+04  2.4092E-01
 98 9.0291E-01 9.1489E-01  9.0143E+04 -1.1255E+05  2.5183E+05  3.6438E+05  2.0269E+05  2.6707E+05  6.4384E+04  2.4739E-01
 99 9.4403E-01 5.4341E-01  9.4421E+04 -1.0474E+05  2.6551E+05  3.7025E+05  1.9916E+05  2.6327E+05  6.4111E+04  2.5502E-01
100 9.8579E-01 1.7998E-01  9.9705E+04 -9.5908E+04  2.7953E+05  3.7544E+05  1.9561E+05  2.5956E+05  6.3948E+04  2.6557E-01
101 1.0281E+00 0.0000E+00  1.0625E+05 -8.5656E+04  2.9222E+05  3.7788E+05  1.9191E+05  2.5588E+05  6.3969E+04  2.8118E-01

