     ALT          P          T          FH2O           O3           THEAT        TCOOL        PSATCO2        FCO2
7.3543E+01  3.2610E-05 2.1859E+02    4.6230E-06    4.8845E-08    3.5852E+01   -6.1118E+01    5.6524E+00    2.0500E-04
7.2430E+01  3.8505E-05 2.1993E+02    4.8962E-06    5.9612E-08    5.0056E+00   -4.0611E+01    5.9801E+00    2.0500E-04
7.1319E+01  4.5410E-05 2.2132E+02    5.1446E-06    7.4780E-08    2.0867E+00   -2.6345E+01    6.3365E+00    2.0500E-04
7.0209E+01  5.3485E-05 2.2277E+02    5.3672E-06    9.5914E-08    1.8582E+00   -1.7000E+01    6.7258E+00    2.0500E-04
6.9101E+01  6.2916E-05 2.2428E+02    5.5636E-06    1.2399E-07    1.9504E+00   -1.1305E+01    7.1483E+00    2.0500E-04
6.7994E+01  7.3918E-05 2.2583E+02    5.7407E-06    1.5744E-07    2.0967E+00   -8.0655E+00    7.6035E+00    2.0500E-04
6.6889E+01  8.6733E-05 2.2742E+02    5.9004E-06    1.9480E-07    2.2655E+00   -6.3334E+00    8.0899E+00    2.0500E-04
6.5785E+01  1.0164E-04 2.2902E+02    6.0357E-06    2.3366E-07    2.4444E+00   -5.4632E+00    8.6061E+00    2.0500E-04
6.4683E+01  1.1897E-04 2.3063E+02    6.1666E-06    2.7459E-07    2.6453E+00   -5.0703E+00    9.1503E+00    2.0500E-04
6.3582E+01  1.3906E-04 2.3225E+02    6.2767E-06    3.1889E-07    2.8649E+00   -4.9195E+00    9.7209E+00    2.0500E-04
6.2483E+01  1.6235E-04 2.3387E+02    6.3813E-06    3.6762E-07    3.1081E+00   -4.8936E+00    1.0316E+01    2.0500E-04
6.1385E+01  1.8931E-04 2.3547E+02    6.4691E-06    4.2179E-07    3.3784E+00   -4.9258E+00    1.0935E+01    2.0500E-04
6.0290E+01  2.2045E-04 2.3707E+02    6.5568E-06    4.8270E-07    3.6799E+00   -4.9937E+00    1.1576E+01    2.0500E-04
5.9196E+01  2.5640E-04 2.3865E+02    6.6243E-06    5.5144E-07    4.0128E+00   -5.0784E+00    1.2239E+01    2.0500E-04
5.8105E+01  2.9784E-04 2.4022E+02    6.6958E-06    6.2648E-07    4.3659E+00   -5.1825E+00    1.2924E+01    2.0500E-04
5.7016E+01  3.4553E-04 2.4178E+02    6.7540E-06    7.0938E-07    4.7380E+00   -5.2968E+00    1.3631E+01    2.0500E-04
5.5930E+01  4.0036E-04 2.4332E+02    6.8028E-06    8.0018E-07    5.1216E+00   -5.4206E+00    1.4361E+01    2.0500E-04
5.4847E+01  4.6331E-04 2.4486E+02    6.8561E-06    9.0042E-07    5.5118E+00   -5.5546E+00    1.5113E+01    2.0500E-04
5.3767E+01  5.3547E-04 2.4638E+02    6.8993E-06    1.0082E-06    5.8928E+00   -5.6897E+00    1.5888E+01    2.0500E-04
5.2690E+01  6.1810E-04 2.4790E+02    6.9324E-06    1.1370E-06    6.2948E+00   -5.8252E+00    1.6689E+01    2.0500E-04
5.1616E+01  7.1258E-04 2.4941E+02    6.9627E-06    1.2683E-06    6.6374E+00   -5.9516E+00    1.7513E+01    2.0500E-04
5.0546E+01  8.2046E-04 2.5091E+02    6.9941E-06    1.4220E-06    6.9720E+00   -6.0635E+00    1.8364E+01    2.0500E-04
4.9479E+01  9.4349E-04 2.5241E+02    7.0154E-06    1.5980E-06    7.2776E+00   -6.1629E+00    1.9240E+01    2.0500E-04
4.8416E+01  1.0836E-03 2.5390E+02    7.0300E-06    1.7961E-06    7.5342E+00   -6.2982E+00    2.0142E+01    2.0500E-04
4.7357E+01  1.2429E-03 2.5538E+02    7.0400E-06    2.0159E-06    7.7143E+00   -6.4805E+00    2.1071E+01    2.0500E-04
4.6302E+01  1.4239E-03 2.5689E+02    7.0490E-06    2.2583E-06    7.7973E+00   -6.7358E+00    2.2049E+01    2.0500E-04
4.5251E+01  1.6292E-03 2.5838E+02    7.0400E-06    2.5298E-06    7.7830E+00   -7.0108E+00    2.3046E+01    2.0500E-04
4.4204E+01  1.8617E-03 2.5948E+02    7.0291E-06    2.8233E-06    7.6479E+00   -7.1631E+00    2.3801E+01    2.0500E-04
4.3165E+01  2.1248E-03 2.5990E+02    7.0066E-06    3.1465E-06    7.4066E+00   -7.1203E+00    2.4094E+01    2.0500E-04
4.2136E+01  2.4219E-03 2.5957E+02    6.9654E-06    3.4880E-06    7.0547E+00   -6.8915E+00    2.3863E+01    2.0500E-04
4.1120E+01  2.7571E-03 2.5854E+02    6.9222E-06    3.8209E-06    6.5970E+00   -6.5222E+00    2.3157E+01    2.0500E-04
4.0119E+01  3.1348E-03 2.5695E+02    6.8721E-06    4.1287E-06    6.0776E+00   -6.0653E+00    2.2087E+01    2.0500E-04
3.9135E+01  3.5597E-03 2.5491E+02    6.8031E-06    4.3972E-06    5.5437E+00   -5.5667E+00    2.0776E+01    2.0500E-04
3.8170E+01  4.0371E-03 2.5257E+02    6.7336E-06    4.6059E-06    5.0261E+00   -5.0662E+00    1.9338E+01    2.0500E-04
3.7224E+01  4.5727E-03 2.5003E+02    6.6479E-06    4.7737E-06    4.5620E+00   -4.5974E+00    1.7859E+01    2.0500E-04
3.6297E+01  5.1729E-03 2.4736E+02    6.5647E-06    4.8943E-06    4.1513E+00   -4.1726E+00    1.6398E+01    2.0500E-04
3.5390E+01  5.8445E-03 2.4463E+02    6.4740E-06    4.9960E-06    3.7976E+00   -3.8050E+00    1.4997E+01    2.0500E-04
3.4503E+01  6.5950E-03 2.4189E+02    6.3802E-06    5.0648E-06    3.4810E+00   -3.4852E+00    1.3681E+01    2.0500E-04
3.3635E+01  7.4325E-03 2.3919E+02    6.2861E-06    5.1146E-06    3.1958E+00   -3.2012E+00    1.2469E+01    2.0500E-04
3.2785E+01  8.3658E-03 2.3658E+02    6.1842E-06    5.1393E-06    2.9316E+00   -2.9402E+00    1.1375E+01    2.0500E-04
3.1954E+01  9.4044E-03 2.3410E+02    6.0904E-06    5.1441E-06    2.6846E+00   -2.6975E+00    1.0406E+01    2.0500E-04
3.1141E+01  1.0559E-02 2.3181E+02    5.9968E-06    5.1034E-06    2.4454E+00   -2.4946E+00    9.5640E+00    2.0500E-04
3.0344E+01  1.1840E-02 2.2974E+02    5.9012E-06    5.0393E-06    2.2206E+00   -2.2560E+00    8.8443E+00    2.0500E-04
2.9563E+01  1.3259E-02 2.2787E+02    5.8074E-06    4.9298E-06    2.0068E+00   -2.0325E+00    8.2339E+00    2.0500E-04
2.8796E+01  1.4830E-02 2.2621E+02    5.7064E-06    4.7891E-06    1.8097E+00   -1.8261E+00    7.7172E+00    2.0500E-04
2.8044E+01  1.6567E-02 2.2473E+02    5.6152E-06    4.6159E-06    1.6305E+00   -1.6390E+00    7.2779E+00    2.0500E-04
2.7305E+01  1.8483E-02 2.2341E+02    5.5265E-06    4.4151E-06    1.4705E+00   -1.4722E+00    6.9007E+00    2.0500E-04
2.6579E+01  2.0595E-02 2.2221E+02    5.4393E-06    4.1844E-06    1.3284E+00   -1.3262E+00    6.5725E+00    2.0500E-04
2.5865E+01  2.2920E-02 2.2111E+02    5.3537E-06    3.9483E-06    1.2063E+00   -1.2000E+00    6.2822E+00    2.0500E-04
2.5163E+01  2.5475E-02 2.2009E+02    5.2695E-06    3.6961E-06    1.0988E+00   -1.0913E+00    6.0211E+00    2.0500E-04
2.4473E+01  2.8279E-02 2.1913E+02    5.1866E-06    3.4389E-06    1.0038E+00   -9.9621E-01    5.7827E+00    2.0500E-04
2.3794E+01  3.1352E-02 2.1822E+02    5.0960E-06    3.1860E-06    9.1881E-01   -9.1048E-01    5.5625E+00    2.0500E-04
2.3126E+01  3.4715E-02 2.1734E+02    5.0150E-06    2.9216E-06    8.3845E-01   -8.3253E-01    5.3579E+00    2.0500E-04
2.2469E+01  3.8390E-02 2.1650E+02    4.9362E-06    2.6715E-06    7.6424E-01   -7.5913E-01    5.1606E+00    2.0500E-04
2.1823E+01  4.2401E-02 2.1570E+02    4.8587E-06    2.4268E-06    6.9356E-01   -6.8987E-01    4.8936E+00    2.0500E-04
2.1188E+01  4.6772E-02 2.1495E+02    4.7825E-06    2.1853E-06    6.2528E-01   -6.2493E-01    4.6522E+00    2.0500E-04
2.0563E+01  5.1529E-02 2.1424E+02    4.7074E-06    1.9506E-06    5.5990E-01   -5.6394E-01    4.4364E+00    2.0500E-04
1.9948E+01  5.6698E-02 2.1360E+02    4.6337E-06    1.7290E-06    4.9868E-01   -5.0563E-01    4.2459E+00    2.0500E-04
1.9344E+01  6.2308E-02 2.1301E+02    4.5693E-06    1.5203E-06    4.4193E-01   -4.4969E-01    4.0798E+00    2.0500E-04
1.8749E+01  6.8385E-02 2.1249E+02    4.4998E-06    1.3194E-06    3.8934E-01   -3.9630E-01    3.9362E+00    2.0500E-04
1.8163E+01  7.4961E-02 2.1203E+02    4.4412E-06    1.1323E-06    3.4203E-01   -3.4613E-01    3.8124E+00    2.0500E-04
1.7587E+01  8.2066E-02 2.1161E+02    4.3869E-06    9.5972E-07    3.0009E-01   -3.0041E-01    3.7054E+00    2.0500E-04
1.7020E+01  8.9731E-02 2.1125E+02    4.3369E-06    7.9992E-07    2.6316E-01   -2.6175E-01    3.6122E+00    2.0500E-04
1.6462E+01  9.7989E-02 2.1092E+02    4.2869E-06    6.5791E-07    2.3151E-01   -2.3047E-01    3.5301E+00    2.0500E-04
1.5913E+01  1.0687E-01 2.1062E+02    4.2497E-06    5.3237E-07    2.0344E-01   -1.8166E-01    3.4567E+00    2.0500E-04
1.5373E+01  1.1641E-01 2.1035E+02    4.2173E-06    4.2381E-07    1.7958E-01   -1.6177E-01    3.3914E+00    2.0500E-04
1.4841E+01  1.2664E-01 2.1011E+02    4.1936E-06    3.3352E-07    1.5995E-01   -1.4862E-01    3.3362E+00    2.0500E-04
1.4318E+01  1.3760E-01 2.0994E+02    4.1727E-06    2.5939E-07    1.4387E-01   -1.4071E-01    3.2952E+00    2.0500E-04
1.3804E+01  1.4932E-01 2.0984E+02    4.1521E-06    1.9754E-07    1.3054E-01   -1.3720E-01    3.2730E+00    2.0500E-04
1.3297E+01  1.6183E-01 2.0985E+02    4.1319E-06    1.4791E-07    1.1984E-01   -1.3546E-01    3.2747E+00    2.0500E-04
1.2798E+01  1.7517E-01 2.0997E+02    4.1210E-06    1.1473E-07    1.1219E-01   -1.3043E-01    3.3035E+00    2.0500E-04
1.2307E+01  1.8937E-01 2.1022E+02    4.1200E-06    9.2810E-08    1.0689E-01   -1.2243E-01    3.3621E+00    2.0500E-04
1.1823E+01  2.0447E-01 2.1058E+02    4.2986E-06    7.6486E-08    1.0392E-01   -1.1850E-01    3.4477E+00    2.0500E-04
1.1347E+01  2.2049E-01 2.1105E+02    5.2414E-06    6.4536E-08    1.0517E-01   -1.3003E-01    3.5630E+00    2.0500E-04
1.0877E+01  2.3746E-01 2.1156E+02    6.1948E-06    5.7404E-08    1.0626E-01   -1.0535E-01    3.6910E+00    2.0500E-04
1.0414E+01  2.5542E-01 2.1215E+02    6.7482E-06    5.3078E-08    1.0829E-01   -5.5202E-02    3.8465E+00    2.0500E-04
9.9574E+00  2.7439E-01 2.1329E+02    7.9216E-06    4.9962E-08    1.1275E-01   -9.4078E-02    4.1590E+00    2.0500E-04
9.5043E+00  2.9440E-01 2.1640E+02    1.2035E-05    4.7353E-08    1.3038E-01   -3.5242E-01    5.1255E+00    2.0500E-04
9.0517E+00  3.1547E-01 2.2074E+02    2.1122E-05    4.4909E-08    1.6638E-01   -7.6143E-01    6.1866E+00    2.0500E-04
8.5986E+00  3.3762E-01 2.2506E+02    3.6153E-05    4.2495E-08    2.1649E-01   -1.1836E+00    7.3737E+00    2.0500E-04
8.1454E+00  3.6087E-01 2.2933E+02    6.0319E-05    4.0163E-08    2.7799E-01   -1.5752E+00    8.7097E+00    2.0500E-04
7.6926E+00  3.8524E-01 2.3354E+02    9.8029E-05    3.7916E-08    3.4562E-01   -1.8835E+00    1.0194E+01    2.0500E-04
7.2405E+00  4.1074E-01 2.3766E+02    1.5505E-04    3.5754E-08    4.1635E-01   -2.0943E+00    1.1820E+01    2.0500E-04
6.7898E+00  4.3737E-01 2.4166E+02    2.3848E-04    3.3677E-08    4.9252E-01   -2.2333E+00    1.3577E+01    2.0500E-04
6.3409E+00  4.6514E-01 2.4552E+02    3.5650E-04    3.1606E-08    5.7042E-01   -2.2906E+00    1.5447E+01    2.0500E-04
5.8944E+00  4.9405E-01 2.4922E+02    5.1790E-04    2.9619E-08    6.3645E-01   -2.2976E+00    1.7409E+01    2.0500E-04
5.4509E+00  5.2409E-01 2.5274E+02    7.3149E-04    2.7725E-08    6.8351E-01   -2.2812E+00    1.9441E+01    2.0500E-04
5.0110E+00  5.5526E-01 2.5608E+02    1.0055E-03    2.5874E-08    7.1723E-01   -2.2642E+00    2.1519E+01    2.0500E-04
4.5752E+00  5.8755E-01 2.5922E+02    1.3474E-03    2.4081E-08    7.4437E-01   -2.2232E+00    2.3624E+01    2.0500E-04
4.1440E+00  6.2093E-01 2.6218E+02    1.7631E-03    2.2383E-08    7.6499E-01   -2.1615E+00    2.5739E+01    2.0500E-04
3.7181E+00  6.5538E-01 2.6496E+02    2.2578E-03    2.0787E-08    7.7628E-01   -2.0962E+00    2.7850E+01    2.0500E-04
3.2978E+00  6.9087E-01 2.6758E+02    2.8352E-03    1.9356E-08    7.7831E-01   -2.0048E+00    2.9948E+01    2.0500E-04
2.8836E+00  7.2736E-01 2.7003E+02    3.4981E-03    1.8014E-08    7.7409E-01   -1.8606E+00    3.2024E+01    2.0500E-04
2.4759E+00  7.6482E-01 2.7235E+02    4.2483E-03    1.6761E-08    7.6656E-01   -1.7087E+00    3.4075E+01    2.0500E-04
2.0750E+00  8.0319E-01 2.7469E+02    5.1523E-03    1.5669E-08    7.6137E-01   -1.6099E+00    3.6253E+01    2.0500E-04
1.6810E+00  8.4242E-01 2.7699E+02    6.0519E-03    1.4743E-08    7.4259E-01   -1.5261E+00    3.8479E+01    2.0500E-04
1.2942E+00  8.8246E-01 2.7918E+02    7.0617E-03    1.3894E-08    7.2626E-01   -1.5153E+00    4.0709E+01    2.0500E-04
9.1489E-01  9.2324E-01 2.8127E+02    8.1757E-03    1.3259E-08    7.1510E-01   -1.5821E+00    4.2910E+01    2.0500E-04
5.4341E-01  9.6468E-01 2.8325E+02    9.2586E-03    1.2749E-08    7.0814E-01   -1.7624E+00    4.5093E+01    2.0500E-04
1.7998E-01  1.0067E+00 2.8515E+02    1.0623E-02    1.2318E-08    7.2924E-01   -2.0182E+00    4.7255E+01    2.0500E-04
0.0000E+00  1.0281E+00 2.8610E+02    1.1305E-02    1.2400E-08    7.9334E+00   -3.5410E+00    4.8365E+01    2.0500E-04
