    PRESS     TEMP      ALT       O         O2        H2O       H         OH        HO2       H2O2      H2        CO        HCO       H2CO      CH4       CH3       C2H6      NO        NO2       HNO       H2S       HS        S         SO        SO2       H2SO4     HSO       S2        S4        S8        SO3       OCS       S3        O3        HNO3      N         NO3       N2O       HO2NO2    N2O5      CO2       SO4AER    S8AER   
  9.834E-01 2.861E+02 2.500E+04 6.085E-17 1.050E-01 1.130E-02 8.359E-21 4.407E-14 1.102E-11 1.081E-09 5.300E-07 1.100E-07 3.336E-22 2.393E-10 1.800E-06 2.994E-21 2.644E-26 2.150E-12 4.327E-12 1.662E-17 8.990E-12 2.201E-17 4.068E-32 2.666E-19 6.603E-11 4.036E-12 5.509E-13 5.284E-36 3.755E-62 2.574-105 1.660E-21 4.654E-22 1.247E-59 1.236E-08 2.427E-11 1.215-184 3.668E-16 3.000E-07 9.283E-14 5.526E-18 2.046E-04 2.027E-10 1.000E-38
  9.272E-01 2.835E+02 7.500E+04 6.978E-17 1.050E-01 9.410E-03 9.047E-21 4.720E-14 1.129E-11 1.143E-09 5.303E-07 1.071E-07 3.609E-22 2.367E-10 1.798E-06 3.008E-21 2.642E-26 2.334E-12 4.379E-12 1.672E-17 6.245E-12 1.601E-17 2.145E-32 2.487E-19 1.015E-10 6.127E-12 5.325E-13 3.361E-36 1.361E-62 2.574-105 3.376E-21 4.652E-22 3.691E-60 1.299E-08 2.706E-11 4.190-178 3.526E-16 3.000E-07 1.324E-13 7.315E-18 2.046E-04 2.147E-10 1.000E-38
  8.737E-01 2.808E+02 1.250E+05 8.097E-17 1.050E-01 7.910E-03 9.850E-21 5.117E-14 1.144E-11 1.174E-09 5.306E-07 1.043E-07 3.773E-22 2.255E-10 1.796E-06 3.050E-21 2.640E-26 2.592E-12 4.558E-12 1.437E-17 4.324E-12 1.166E-17 1.135E-32 2.181E-19 1.324E-10 8.282E-12 4.325E-13 1.818E-36 3.565E-63 2.574-105 5.740E-21 4.650E-22 9.336E-61 1.384E-08 3.051E-11 1.224-171 3.537E-16 2.999E-07 1.951E-13 1.055E-17 2.046E-04 2.380E-10 1.000E-38
  8.228E-01 2.780E+02 1.750E+05 9.476E-17 1.050E-01 6.504E-03 1.067E-20 5.537E-14 1.148E-11 1.188E-09 5.308E-07 1.016E-07 3.877E-22 2.117E-10 1.795E-06 3.074E-21 2.636E-26 2.929E-12 4.846E-12 1.166E-17 2.985E-12 8.402E-18 5.873E-33 1.844E-19 1.602E-10 1.052E-11 3.265E-13 8.962E-37 7.760E-64 2.574-105 9.327E-21 4.648E-22 2.108E-61 1.489E-08 3.482E-11 3.013-165 3.660E-16 2.999E-07 2.978E-13 1.641E-17 2.046E-04 2.739E-10 1.000E-38
  7.743E-01 2.751E+02 2.250E+05 1.116E-16 1.050E-01 5.311E-03 1.158E-20 6.006E-14 1.146E-11 1.183E-09 5.311E-07 9.889E-08 3.958E-22 1.975E-10 1.793E-06 3.093E-21 2.632E-26 3.354E-12 5.236E-12 9.234E-18 2.056E-12 6.025E-18 3.010E-33 1.536E-19 1.858E-10 1.280E-11 2.375E-13 4.153E-37 1.493E-64 2.574-105 1.459E-20 4.646E-22 4.434E-62 1.614E-08 3.979E-11 6.205-159 3.876E-16 2.999E-07 4.696E-13 2.711E-17 2.046E-04 3.206E-10 1.000E-38
  7.283E-01 2.722E+02 2.750E+05 1.320E-16 1.050E-01 4.199E-03 1.245E-20 6.460E-14 1.130E-11 1.154E-09 5.313E-07 9.630E-08 3.995E-22 1.832E-10 1.792E-06 3.079E-21 2.626E-26 3.887E-12 5.723E-12 7.249E-18 1.414E-12 4.261E-18 1.502E-33 1.256E-19 2.100E-10 1.505E-11 1.693E-13 1.836E-37 2.611E-65 2.574-105 2.336E-20 4.643E-22 8.662E-63 1.758E-08 4.503E-11 1.061-152 4.154E-16 2.998E-07 7.508E-13 4.649E-17 2.046E-04 3.754E-10 1.000E-38
  6.845E-01 2.693E+02 3.250E+05 1.566E-16 1.050E-01 3.297E-03 1.340E-20 6.952E-14 1.108E-11 1.103E-09 5.315E-07 9.380E-08 4.013E-22 1.693E-10 1.790E-06 3.067E-21 2.621E-26 4.542E-12 6.308E-12 5.667E-18 9.719E-13 3.006E-18 7.456E-34 1.021E-19 2.336E-10 1.723E-11 1.193E-13 7.824E-38 4.242E-66 2.574-105 3.730E-20 4.641E-22 1.623E-63 1.918E-08 5.025E-11 1.500-146 4.491E-16 2.998E-07 1.205E-12 8.127E-17 2.046E-04 4.367E-10 1.000E-38
  6.429E-01 2.663E+02 3.750E+05 1.855E-16 1.050E-01 2.540E-03 1.432E-20 7.438E-14 1.074E-11 1.035E-09 5.317E-07 9.140E-08 3.983E-22 1.551E-10 1.789E-06 3.019E-21 2.616E-26 5.325E-12 6.946E-12 4.421E-18 6.689E-13 2.109E-18 3.661E-34 8.288E-20 2.567E-10 1.928E-11 8.361E-14 3.235E-38 6.490E-67 2.574-105 5.966E-20 4.638E-22 2.922E-64 2.094E-08 5.519E-11 1.750-140 4.836E-16 2.998E-07 1.976E-12 1.460E-16 2.046E-04 5.033E-10 1.000E-38
  6.034E-01 2.631E+02 4.250E+05 2.187E-16 1.050E-01 1.916E-03 1.515E-20 7.887E-14 1.029E-11 9.545E-10 5.318E-07 8.912E-08 3.886E-22 1.404E-10 1.788E-06 2.922E-21 2.611E-26 6.210E-12 7.561E-12 3.430E-18 4.622E-13 1.471E-18 1.780E-34 6.737E-20 2.800E-10 2.114E-11 5.857E-14 1.304E-38 9.430E-68 2.574-105 9.584E-20 4.636E-22 5.080E-65 2.282E-08 5.960E-11 1.665-134 5.145E-16 2.997E-07 3.291E-12 2.644E-16 2.047E-04 5.742E-10 1.000E-38
  5.659E-01 2.597E+02 4.750E+05 2.565E-16 1.050E-01 1.411E-03 1.577E-20 8.238E-14 9.734E-12 8.662E-10 5.320E-07 8.697E-08 3.701E-22 1.250E-10 1.787E-06 2.763E-21 2.609E-26 7.108E-12 8.017E-12 2.626E-18 3.219E-13 1.020E-18 8.560E-35 5.482E-20 3.036E-10 2.268E-11 4.123E-14 5.135E-39 1.310E-68 2.574-105 1.545E-19 4.634E-22 8.544E-66 2.481E-08 6.324E-11 1.278-128 5.366E-16 2.997E-07 5.483E-12 4.675E-16 2.047E-04 6.486E-10 1.000E-38
  5.302E-01 2.562E+02 5.250E+05 2.988E-16 1.050E-01 1.013E-03 1.603E-20 8.403E-14 9.099E-12 7.753E-10 5.321E-07 8.495E-08 3.408E-22 1.088E-10 1.787E-06 2.527E-21 2.609E-26 7.851E-12 8.133E-12 1.963E-18 2.269E-13 7.006E-19 4.046E-35 4.456E-20 3.280E-10 2.378E-11 2.932E-14 1.981E-39 1.747E-69 2.574-105 2.490E-19 4.631E-22 1.385E-66 2.688E-08 6.596E-11 7.794-123 5.454E-16 2.996E-07 8.930E-12 7.733E-16 2.047E-04 7.260E-10 1.000E-38
  4.963E-01 2.523E+02 5.750E+05 3.454E-16 1.050E-01 7.037E-04 1.574E-20 8.295E-14 8.398E-12 6.855E-10 5.322E-07 8.308E-08 3.008E-22 9.208E-11 1.786E-06 2.212E-21 2.612E-26 8.258E-12 7.779E-12 1.422E-18 1.627E-13 4.748E-19 1.866E-35 3.610E-20 3.534E-10 2.434E-11 2.118E-14 7.502E-40 2.245E-70 2.574-105 4.000E-19 4.629E-22 2.152E-67 2.901E-08 6.776E-11 3.721-117 5.404E-16 2.996E-07 1.382E-11 1.155E-15 2.047E-04 8.059E-10 1.000E-38
  4.641E-01 2.483E+02 6.250E+05 3.965E-16 1.050E-01 4.739E-04 1.496E-20 7.923E-14 7.662E-12 5.993E-10 5.323E-07 8.134E-08 2.548E-22 7.567E-11 1.785E-06 1.854E-21 2.620E-26 8.287E-12 7.030E-12 1.001E-18 1.190E-13 3.182E-19 8.441E-36 2.922E-20 3.794E-10 2.439E-11 1.558E-14 2.792E-40 2.789E-71 2.574-105 6.398E-19 4.627E-22 3.228E-68 3.121E-08 6.886E-11 1.366-111 5.284E-16 2.995E-07 1.979E-11 1.544E-15 2.047E-04 8.883E-10 1.000E-38
  4.336E-01 2.441E+02 6.750E+05 4.525E-16 1.050E-01 3.090E-04 1.394E-20 7.425E-14 6.913E-12 5.180E-10 5.323E-07 7.973E-08 2.101E-22 6.078E-11 1.785E-06 1.507E-21 2.634E-26 8.180E-12 6.191E-12 7.061E-19 8.870E-14 2.137E-19 3.848E-36 2.395E-20 4.057E-10 2.413E-11 1.166E-14 1.023E-40 3.359E-72 2.574-105 1.033E-18 4.625E-22 4.806E-69 3.347E-08 6.960E-11 3.785-106 5.204E-16 2.995E-07 2.598E-11 1.888E-15 2.047E-04 9.730E-10 1.000E-38
  4.045E-01 2.398E+02 7.250E+05 5.141E-16 1.050E-01 1.950E-04 1.306E-20 7.002E-14 6.166E-12 4.426E-10 5.324E-07 7.822E-08 1.724E-22 4.835E-11 1.784E-06 1.219E-21 2.653E-26 8.382E-12 5.608E-12 5.228E-19 6.715E-14 1.469E-19 1.849E-36 2.031E-20 4.315E-10 2.383E-11 8.845E-15 3.702E-41 3.939E-73 2.574-105 1.725E-18 4.623E-22 7.443E-70 3.581E-08 7.035E-11 7.770-101 5.245E-16 2.994E-07 3.140E-11 2.184E-15 2.047E-04 1.060E-09 1.000E-38
  3.769E-01 2.353E+02 7.750E+05 5.817E-16 1.050E-01 1.191E-04 1.258E-20 6.801E-14 5.432E-12 3.738E-10 5.324E-07 7.682E-08 1.440E-22 3.864E-11 1.784E-06 1.004E-21 2.677E-26 9.317E-12 5.460E-12 4.224E-19 5.142E-14 1.053E-19 9.782E-37 1.815E-20 4.562E-10 2.378E-11 6.764E-15 1.324E-41 4.515E-74 2.574-105 3.047E-18 4.621E-22 1.255E-70 3.824E-08 7.134E-11 1.159E-95 5.420E-16 2.993E-07 3.534E-11 2.462E-15 2.047E-04 1.150E-09 1.000E-38
  3.507E-01 2.307E+02 8.250E+05 6.560E-16 1.050E-01 7.045E-05 1.260E-20 6.873E-14 4.723E-12 3.124E-10 5.325E-07 7.550E-08 1.237E-22 3.134E-11 1.783E-06 8.520E-22 2.708E-26 1.128E-11 5.740E-12 3.733E-19 3.972E-14 7.940E-20 5.878E-37 1.727E-20 4.792E-10 2.411E-11 5.201E-15 4.694E-42 5.083E-75 2.574-105 5.748E-18 4.618E-22 2.381E-71 4.075E-08 7.270E-11 1.231E-90 5.701E-16 2.993E-07 3.749E-11 2.748E-15 2.047E-04 1.243E-09 1.000E-38
  3.259E-01 2.260E+02 8.750E+05 7.375E-16 1.050E-01 4.038E-05 1.306E-20 7.182E-14 4.057E-12 2.592E-10 5.325E-07 7.428E-08 1.091E-22 2.583E-11 1.783E-06 7.396E-22 2.744E-26 1.440E-11 6.303E-12 3.496E-19 3.094E-14 6.253E-20 4.164E-37 1.749E-20 5.004E-10 2.481E-11 4.023E-15 1.661E-42 5.693E-76 2.574-105 1.150E-17 4.616E-22 5.310E-72 4.333E-08 7.447E-11 9.033E-86 6.057E-16 2.992E-07 3.790E-11 3.046E-15 2.047E-04 1.338E-09 1.000E-38
  3.023E-01 2.212E+02 9.250E+05 8.265E-16 1.050E-01 2.244E-05 1.380E-20 7.637E-14 3.460E-12 2.147E-10 5.325E-07 7.315E-08 9.797E-23 2.157E-11 1.783E-06 6.470E-22 2.786E-26 1.861E-11 6.940E-12 3.345E-19 2.440E-14 5.084E-20 3.828E-37 1.892E-20 5.200E-10 2.574E-11 3.146E-15 6.019E-43 6.672E-77 2.574-105 2.405E-17 4.614E-22 1.572E-72 4.595E-08 7.663E-11 4.316E-81 6.484E-16 2.991E-07 3.693E-11 3.342E-15 2.047E-04 1.435E-09 1.000E-38
  2.800E-01 2.164E+02 9.750E+05 9.258E-16 1.050E-01 1.209E-05 1.468E-20 8.154E-14 2.944E-12 1.777E-10 5.325E-07 7.209E-08 8.903E-23 1.820E-11 1.782E-06 5.629E-22 2.835E-26 2.372E-11 7.496E-12 3.187E-19 1.943E-14 4.193E-20 5.268E-37 2.231E-20 5.391E-10 2.677E-11 2.483E-15 2.383E-43 9.319E-78 2.574-105 5.196E-17 4.611E-22 7.600E-73 4.871E-08 7.930E-11 1.265E-76 7.018E-16 2.991E-07 3.508E-11 3.627E-15 2.047E-04 1.537E-09 1.000E-38
  2.590E-01 2.132E+02 1.025E+06 1.077E-15 1.050E-01 7.788E-06 1.597E-20 8.711E-14 2.565E-12 1.463E-10 5.325E-07 7.103E-08 8.380E-23 1.583E-11 1.782E-06 5.253E-22 2.899E-26 2.930E-11 8.118E-12 2.937E-19 1.550E-14 3.445E-20 1.075E-36 2.790E-20 5.595E-10 2.772E-11 1.970E-15 1.310E-43 2.466E-78 2.574-105 9.472E-17 4.608E-22 7.443E-73 5.182E-08 8.283E-11 2.077E-72 7.485E-16 2.990E-07 3.288E-11 3.904E-15 2.047E-04 1.652E-09 1.000E-38
  2.394E-01 2.120E+02 1.075E+06 1.331E-15 1.050E-01 6.570E-06 1.782E-20 9.286E-14 2.301E-12 1.181E-10 5.325E-07 6.985E-08 8.291E-23 1.442E-11 1.781E-06 5.438E-22 2.989E-26 3.519E-11 9.072E-12 2.582E-19 1.220E-14 2.742E-20 2.805E-36 3.782E-20 5.846E-10 2.855E-11 1.548E-15 1.363E-43 2.292E-78 2.574-105 1.344E-16 4.604E-22 1.730E-72 5.578E-08 8.811E-11 1.840E-68 7.729E-16 2.988E-07 3.068E-11 4.217E-15 2.047E-04 1.796E-09 1.000E-38
  2.211E-01 2.114E+02 1.125E+06 1.730E-15 1.050E-01 5.094E-06 1.950E-20 9.693E-14 1.996E-12 8.784E-11 5.325E-07 6.819E-08 8.263E-23 1.329E-11 1.780E-06 5.675E-22 3.155E-26 4.281E-11 1.072E-11 2.137E-19 8.874E-15 1.913E-20 8.892E-36 6.052E-20 6.250E-10 2.936E-11 1.133E-15 2.292E-43 5.541E-78 2.574-105 2.432E-16 4.598E-22 7.851E-72 6.238E-08 9.820E-11 9.710E-65 8.046E-16 2.986E-07 2.843E-11 4.789E-15 2.047E-04 2.032E-09 1.000E-38
  2.043E-01 2.109E+02 1.175E+06 2.400E-15 1.050E-01 4.328E-06 2.031E-20 9.736E-14 1.597E-12 5.606E-11 5.325E-07 6.569E-08 7.990E-23 1.201E-11 1.778E-06 5.724E-22 3.486E-26 5.426E-11 1.397E-11 1.624E-19 5.636E-15 1.063E-20 3.286E-35 1.150E-19 6.943E-10 3.000E-11 7.294E-16 4.270E-43 1.642E-77 2.574-105 3.695E-16 4.585E-22 4.599E-71 7.429E-08 1.179E-10 3.065E-61 8.684E-16 2.982E-07 2.648E-11 6.073E-15 2.047E-04 2.428E-09 1.000E-38
  1.886E-01 2.104E+02 1.225E+06 3.417E-15 1.050E-01 4.119E-06 2.042E-20 9.473E-14 1.246E-12 3.301E-11 5.325E-07 6.290E-08 7.538E-23 1.065E-11 1.776E-06 5.632E-22 3.981E-26 6.826E-11 1.873E-11 1.171E-19 3.405E-15 5.315E-21 1.279E-34 2.374E-19 7.834E-10 3.012E-11 4.477E-16 7.501E-43 4.319E-77 2.574-105 4.464E-16 4.568E-22 2.673E-70 9.058E-08 1.467E-10 5.464E-58 9.542E-16 2.976E-07 2.542E-11 8.133E-15 2.047E-04 2.919E-09 1.000E-38
  1.742E-01 2.101E+02 1.275E+06 4.937E-15 1.050E-01 4.125E-06 2.018E-20 9.076E-14 9.704E-13 1.852E-11 5.324E-07 6.000E-08 7.037E-23 9.363E-12 1.773E-06 5.499E-22 4.678E-26 8.501E-11 2.549E-11 8.247E-20 2.026E-15 2.535E-21 4.849E-34 4.932E-19 8.897E-10 2.983E-11 2.703E-16 1.212E-42 9.600E-77 2.573-105 4.898E-16 4.544E-22 1.390E-69 1.118E-07 1.861E-10 5.656E-55 1.069E-15 2.968E-07 2.514E-11 1.136E-14 2.047E-04 3.487E-09 1.000E-38
  1.608E-01 2.099E+02 1.325E+06 7.475E-15 1.050E-01 4.134E-06 1.915E-20 8.429E-14 7.260E-13 9.182E-12 5.322E-07 5.649E-08 6.406E-23 8.046E-12 1.768E-06 5.258E-22 5.814E-26 1.079E-10 3.729E-11 5.529E-20 1.114E-15 1.036E-21 1.775E-33 1.019E-18 1.033E-09 2.916E-11 1.516E-16 1.652E-42 1.517E-76 2.573-105 5.409E-16 4.507E-22 5.884E-69 1.440E-07 2.489E-10 3.613E-52 1.262E-15 2.955E-07 2.586E-11 1.784E-14 2.047E-04 4.237E-09 1.000E-38
  1.485E-01 2.098E+02 1.375E+06 1.173E-14 1.050E-01 4.148E-06 1.774E-20 7.741E-14 5.410E-13 4.054E-12 5.319E-07 5.234E-08 5.827E-23 6.891E-12 1.760E-06 5.031E-22 7.604E-26 1.379E-10 5.737E-11 3.587E-20 5.593E-16 3.685E-22 6.198E-33 2.061E-18 1.209E-09 2.835E-11 8.077E-17 1.881E-42 1.670E-76 2.572-105 6.045E-16 4.450E-22 1.982E-68 1.918E-07 3.457E-10 1.456E-49 1.601E-15 2.936E-07 2.785E-11 3.144E-14 2.047E-04 5.169E-09 1.000E-38
  1.371E-01 2.099E+02 1.425E+06 1.816E-14 1.050E-01 4.165E-06 1.716E-20 7.446E-14 4.398E-13 1.845E-12 5.314E-07 4.818E-08 5.627E-23 6.194E-12 1.751E-06 5.093E-22 9.957E-26 1.713E-10 8.511E-11 2.554E-20 2.729E-16 1.347E-22 2.003E-32 3.945E-18 1.379E-09 2.797E-11 4.829E-17 2.024E-42 1.641E-76 2.572-105 6.982E-16 4.379E-22 5.834E-68 2.511E-07 4.694E-10 3.704E-47 2.133E-15 2.911E-07 3.084E-11 5.587E-14 2.047E-04 6.106E-09 1.000E-38
  1.266E-01 2.100E+02 1.475E+06 2.741E-14 1.050E-01 4.186E-06 1.746E-20 7.538E-14 3.916E-13 9.782E-13 5.308E-07 4.422E-08 5.780E-23 5.866E-12 1.740E-06 5.464E-22 1.284E-25 2.063E-10 1.198E-10 2.273E-20 1.322E-16 5.257E-23 5.970E-32 7.104E-18 1.519E-09 2.795E-11 3.780E-17 2.150E-42 1.570E-76 2.571-105 8.274E-16 4.296E-22 1.563E-67 3.200E-07 6.159E-10 6.140E-45 2.894E-15 2.882E-07 3.472E-11 9.598E-14 2.047E-04 6.947E-09 1.000E-38
  1.169E-01 2.102E+02 1.525E+06 4.088E-14 1.050E-01 4.211E-06 1.825E-20 7.863E-14 3.699E-13 6.305E-13 5.301E-07 4.033E-08 6.170E-23 5.745E-12 1.727E-06 6.077E-22 1.648E-25 2.440E-10 1.640E-10 2.527E-20 6.174E-17 2.063E-23 1.658E-31 1.214E-17 1.623E-09 2.791E-11 3.876E-17 2.177E-42 1.363E-76 2.570-105 9.861E-16 4.195E-22 3.717E-67 4.024E-07 7.936E-10 6.929E-43 3.987E-15 2.847E-07 3.976E-11 1.627E-13 2.048E-04 7.678E-09 1.000E-38
  1.080E-01 2.104E+02 1.575E+06 6.014E-14 1.050E-01 4.240E-06 1.947E-20 8.397E-14 3.669E-13 4.945E-13 5.291E-07 3.657E-08 6.778E-23 5.771E-12 1.712E-06 6.947E-22 2.098E-25 2.841E-10 2.182E-10 3.173E-20 2.779E-17 8.152E-24 4.309E-31 1.971E-17 1.682E-09 2.763E-11 4.629E-17 2.155E-42 1.132E-76 2.568-105 1.170E-15 4.076E-22 8.088E-67 4.986E-07 1.003E-09 5.499E-41 5.498E-15 2.805E-07 4.602E-11 2.683E-13 2.048E-04 8.239E-09 1.000E-38
  9.971E-02 2.107E+02 1.625E+06 8.720E-14 1.050E-01 4.275E-06 2.112E-20 9.137E-14 3.785E-13 4.483E-13 5.280E-07 3.300E-08 7.613E-23 5.911E-12 1.695E-06 8.110E-22 2.647E-25 3.265E-10 2.828E-10 4.106E-20 1.205E-17 3.302E-24 1.051E-30 3.048E-17 1.688E-09 2.697E-11 5.771E-17 2.214E-42 1.012E-76 2.567-105 1.369E-15 3.940E-22 1.715E-66 6.088E-07 1.243E-09 3.164E-39 7.510E-15 2.756E-07 5.356E-11 4.266E-13 2.048E-04 8.591E-09 1.000E-38
  9.210E-02 2.109E+02 1.675E+06 1.245E-13 1.050E-01 4.313E-06 2.330E-20 1.010E-13 4.035E-13 4.471E-13 5.266E-07 2.972E-08 8.703E-23 6.150E-12 1.675E-06 9.628E-22 3.299E-25 3.709E-10 3.569E-10 5.236E-20 5.048E-18 1.491E-24 2.414E-30 4.492E-17 1.638E-09 2.584E-11 7.141E-17 2.605E-42 1.187E-76 2.565-105 1.575E-15 3.787E-22 3.924E-66 7.315E-07 1.509E-09 1.357E-37 1.008E-14 2.701E-07 6.229E-11 6.489E-13 2.048E-04 8.714E-09 1.000E-38
  8.508E-02 2.112E+02 1.725E+06 1.747E-13 1.050E-01 4.355E-06 2.615E-20 1.133E-13 4.417E-13 4.751E-13 5.250E-07 2.676E-08 1.009E-22 6.477E-12 1.654E-06 1.159E-21 4.058E-25 4.172E-10 4.392E-10 6.474E-20 2.061E-18 9.068E-25 5.222E-30 6.307E-17 1.534E-09 2.421E-11 8.613E-17 3.767E-42 2.105E-76 2.564-105 1.774E-15 3.621E-22 1.039E-65 8.643E-07 1.792E-09 4.444E-36 1.322E-14 2.641E-07 7.207E-11 9.401E-13 2.048E-04 8.618E-09 1.000E-38
  7.861E-02 2.116E+02 1.775E+06 2.418E-13 1.050E-01 4.401E-06 2.982E-20 1.286E-13 4.937E-13 5.279E-13 5.232E-07 2.414E-08 1.183E-22 6.887E-12 1.631E-06 1.410E-21 4.935E-25 4.656E-10 5.292E-10 7.699E-20 8.213E-19 8.441E-25 1.062E-29 8.416E-17 1.384E-09 2.207E-11 1.003E-16 6.436E-42 5.211E-76 2.562-105 1.949E-15 3.443E-22 3.059E-65 1.006E-06 2.090E-09 1.136E-34 1.696E-14 2.576E-07 8.286E-11 1.305E-12 2.048E-04 8.335E-09 1.000E-38
  7.264E-02 2.119E+02 1.825E+06 3.310E-13 1.050E-01 4.450E-06 3.449E-20 1.475E-13 5.610E-13 6.069E-13 5.212E-07 2.182E-08 1.401E-22 7.378E-12 1.607E-06 1.731E-21 5.955E-25 5.168E-10 6.279E-10 8.732E-20 3.169E-19 1.032E-24 2.018E-29 1.060E-16 1.193E-09 1.940E-11 1.117E-16 1.172E-41 1.465E-75 2.559-105 2.068E-15 3.254E-22 8.968E-65 1.159E-06 2.399E-09 2.317E-33 2.141E-14 2.506E-07 9.481E-11 1.752E-12 2.049E-04 7.899E-09 1.000E-38
  6.713E-02 2.123E+02 1.875E+06 4.487E-13 1.050E-01 4.503E-06 4.048E-20 1.705E-13 6.462E-13 7.168E-13 5.190E-07 1.978E-08 1.671E-22 7.953E-12 1.581E-06 2.141E-21 7.138E-25 5.712E-10 7.351E-10 9.364E-20 1.183E-19 1.353E-24 3.552E-29 1.249E-16 9.725E-10 1.626E-11 1.177E-16 2.078E-41 3.912E-75 2.557-105 2.099E-15 3.056E-22 2.375E-64 1.320E-06 2.713E-09 3.837E-32 2.661E-14 2.431E-07 1.079E-10 2.282E-12 2.049E-04 7.354E-09 1.000E-38
  6.205E-02 2.127E+02 1.925E+06 6.026E-13 1.050E-01 4.558E-06 4.823E-20 1.989E-13 7.529E-13 8.651E-13 5.166E-07 1.802E-08 2.007E-22 8.617E-12 1.554E-06 2.666E-21 8.501E-25 6.292E-10 8.506E-10 9.400E-20 4.279E-20 1.722E-24 5.728E-29 1.360E-16 7.413E-10 1.286E-11 1.159E-16 3.369E-41 8.726E-75 2.555-105 2.013E-15 2.850E-22 5.265E-64 1.489E-06 3.026E-09 5.251E-31 3.260E-14 2.353E-07 1.219E-10 2.892E-12 2.049E-04 6.748E-09 1.000E-38
  5.737E-02 2.132E+02 1.975E+06 8.022E-13 1.050E-01 4.615E-06 5.836E-20 2.338E-13 8.853E-13 1.062E-12 5.140E-07 1.652E-08 2.425E-22 9.376E-12 1.526E-06 3.341E-21 1.006E-24 6.914E-10 9.736E-10 8.800E-20 1.503E-20 2.056E-24 8.398E-29 1.358E-16 5.238E-10 9.519E-12 1.059E-16 4.807E-41 1.508E-74 2.552-105 1.809E-15 2.642E-22 9.344E-64 1.664E-06 3.328E-09 6.034E-30 3.937E-14 2.272E-07 1.367E-10 3.568E-12 2.049E-04 6.128E-09 1.000E-38
  5.304E-02 2.137E+02 2.025E+06 1.059E-12 1.050E-01 4.673E-06 7.173E-20 2.768E-13 1.049E-12 1.320E-12 5.113E-07 1.528E-08 2.948E-22 1.024E-11 1.498E-06 4.208E-21 1.182E-24 7.582E-10 1.103E-09 7.935E-20 5.169E-21 2.355E-24 1.156E-28 1.284E-16 3.541E-10 6.789E-12 9.245E-17 6.279E-41 2.185E-74 2.550-105 1.572E-15 2.435E-22 1.426E-63 1.842E-06 3.611E-09 5.907E-29 4.688E-14 2.190E-07 1.519E-10 4.288E-12 2.050E-04 5.532E-09 1.000E-38
  4.906E-02 2.142E+02 2.075E+06 1.387E-12 1.050E-01 4.731E-06 8.948E-20 3.299E-13 1.250E-12 1.655E-12 5.084E-07 1.424E-08 3.601E-22 1.121E-11 1.470E-06 5.328E-21 1.383E-24 8.304E-10 1.241E-09 7.192E-20 1.745E-21 2.690E-24 1.562E-28 1.203E-16 2.396E-10 4.846E-12 8.051E-17 8.047E-41 3.048E-74 2.547-105 1.381E-15 2.231E-22 2.097E-63 2.024E-06 3.869E-09 4.992E-28 5.520E-14 2.107E-07 1.673E-10 5.047E-12 2.050E-04 4.979E-09 1.000E-38
  4.538E-02 2.147E+02 2.125E+06 1.808E-12 1.050E-01 4.791E-06 1.131E-19 3.953E-13 1.497E-12 2.090E-12 5.053E-07 1.337E-08 4.418E-22 1.231E-11 1.441E-06 6.774E-21 1.615E-24 9.092E-10 1.388E-09 6.559E-20 5.836E-22 3.046E-24 2.067E-28 1.113E-16 1.617E-10 3.464E-12 6.962E-17 1.003E-40 4.025E-74 2.545-105 1.221E-15 2.030E-22 2.938E-63 2.209E-06 4.102E-09 3.687E-27 6.450E-14 2.023E-07 1.829E-10 5.849E-12 2.050E-04 4.471E-09 1.000E-38
  4.199E-02 2.153E+02 2.175E+06 2.344E-12 1.050E-01 4.851E-06 1.446E-19 4.760E-13 1.797E-12 2.646E-12 5.021E-07 1.265E-08 5.443E-22 1.353E-11 1.412E-06 8.643E-21 1.885E-24 9.957E-10 1.546E-09 6.049E-20 2.046E-22 3.415E-24 2.680E-28 1.017E-16 1.088E-10 2.479E-12 5.977E-17 1.216E-40 5.024E-74 2.542-105 1.084E-15 1.832E-22 3.921E-63 2.399E-06 4.305E-09 2.408E-26 7.479E-14 1.938E-07 1.982E-10 6.678E-12 2.050E-04 4.014E-09 1.000E-38
  3.886E-02 2.159E+02 2.225E+06 3.024E-12 1.050E-01 4.912E-06 1.872E-19 5.759E-13 2.160E-12 3.352E-12 4.988E-07 1.206E-08 6.727E-22 1.488E-11 1.383E-06 1.106E-20 2.197E-24 1.090E-09 1.714E-09 5.682E-20 8.661E-23 3.798E-24 3.413E-28 9.198E-17 7.315E-11 1.781E-12 5.101E-17 1.436E-40 5.965E-74 2.539-105 9.668E-16 1.642E-22 5.016E-63 2.590E-06 4.474E-09 1.405E-25 8.605E-14 1.853E-07 2.128E-10 7.507E-12 2.051E-04 3.607E-09 1.000E-38
  3.597E-02 2.165E+02 2.275E+06 3.884E-12 1.050E-01 4.973E-06 2.449E-19 6.992E-13 2.599E-12 4.239E-12 4.953E-07 1.158E-08 8.339E-22 1.638E-11 1.354E-06 1.420E-20 2.561E-24 1.194E-09 1.891E-09 5.468E-20 5.194E-23 4.186E-24 4.270E-28 8.245E-17 4.915E-11 1.282E-12 4.328E-17 1.654E-40 6.727E-74 2.536-105 8.664E-16 1.461E-22 6.145E-63 2.781E-06 4.607E-09 7.381E-25 9.828E-14 1.768E-07 2.262E-10 8.314E-12 2.051E-04 3.248E-09 1.000E-38
  3.330E-02 2.172E+02 2.325E+06 4.967E-12 1.050E-01 5.034E-06 3.235E-19 8.515E-13 3.128E-12 5.346E-12 4.917E-07 1.119E-08 1.036E-21 1.802E-11 1.325E-06 1.826E-20 2.989E-24 1.308E-09 2.079E-09 5.419E-20 4.265E-23 4.566E-24 5.246E-28 7.318E-17 3.298E-11 9.247E-13 3.645E-17 1.850E-40 7.168E-74 2.534-105 7.786E-16 1.289E-22 7.188E-63 2.974E-06 4.701E-09 3.520E-24 1.115E-13 1.684E-07 2.380E-10 9.078E-12 2.051E-04 2.931E-09 1.000E-38
  3.084E-02 2.178E+02 2.375E+06 6.329E-12 1.050E-01 5.095E-06 4.313E-19 1.039E-12 3.761E-12 6.712E-12 4.880E-07 1.087E-08 1.290E-21 1.981E-11 1.296E-06 2.352E-20 3.495E-24 1.432E-09 2.275E-09 5.553E-20 4.053E-23 4.924E-24 6.330E-28 6.431E-17 2.209E-11 6.672E-13 3.045E-17 2.010E-40 7.205E-74 2.531-105 7.006E-16 1.127E-22 8.023E-63 3.166E-06 4.758E-09 1.534E-23 1.257E-13 1.601E-07 2.478E-10 9.770E-12 2.051E-04 2.652E-09 1.000E-38
  2.857E-02 2.185E+02 2.425E+06 8.035E-12 1.050E-01 5.156E-06 5.798E-19 1.270E-12 4.516E-12 8.375E-12 4.841E-07 1.062E-08 1.607E-21 2.174E-11 1.267E-06 3.034E-20 4.098E-24 1.567E-09 2.479E-09 5.893E-20 4.007E-23 5.247E-24 7.505E-28 5.598E-17 1.478E-11 4.815E-13 2.522E-17 2.119E-40 6.822E-74 2.528-105 6.305E-16 9.760E-23 8.541E-63 3.356E-06 4.778E-09 6.144E-23 1.408E-13 1.519E-07 2.552E-10 1.036E-11 2.052E-04 2.405E-09 1.000E-38
  2.647E-02 2.192E+02 2.475E+06 1.017E-11 1.050E-01 5.217E-06 7.855E-19 1.552E-12 5.411E-12 1.037E-11 4.801E-07 1.042E-08 2.003E-21 2.381E-11 1.238E-06 3.914E-20 4.822E-24 1.713E-09 2.689E-09 6.468E-20 3.966E-23 5.522E-24 8.745E-28 4.827E-17 9.869E-12 3.475E-13 2.071E-17 2.168E-40 6.084E-74 2.525-105 5.671E-16 8.369E-23 8.676E-63 3.544E-06 4.760E-09 2.273E-22 1.567E-13 1.438E-07 2.600E-10 1.083E-11 2.052E-04 2.187E-09 1.000E-38
  2.453E-02 2.199E+02 2.525E+06 1.282E-11 1.050E-01 5.278E-06 1.072E-18 1.896E-12 6.464E-12 1.273E-11 4.759E-07 1.026E-08 2.496E-21 2.601E-11 1.209E-06 5.051E-20 5.696E-24 1.871E-09 2.904E-09 7.311E-20 3.887E-23 5.739E-24 1.002E-27 4.126E-17 6.585E-12 2.513E-13 1.684E-17 2.151E-40 5.109E-74 2.522-105 5.101E-16 7.100E-23 8.412E-63 3.728E-06 4.707E-09 7.797E-22 1.733E-13 1.359E-07 2.621E-10 1.115E-11 2.052E-04 1.993E-09 1.000E-38
  2.274E-02 2.206E+02 2.575E+06 1.613E-11 1.050E-01 5.339E-06 1.475E-18 2.312E-12 7.695E-12 1.548E-11 4.717E-07 1.014E-08 3.106E-21 2.832E-11 1.180E-06 6.516E-20 6.760E-24 2.040E-09 3.121E-09 8.463E-20 3.758E-23 5.884E-24 1.129E-27 3.495E-17 4.390E-12 1.828E-13 1.356E-17 2.070E-40 4.034E-74 2.519-105 4.582E-16 5.954E-23 7.779E-63 3.906E-06 4.620E-09 2.491E-21 1.905E-13 1.281E-07 2.612E-10 1.131E-11 2.052E-04 1.821E-09 1.000E-38
  2.109E-02 2.213E+02 2.625E+06 2.024E-11 1.050E-01 5.400E-06 2.042E-18 2.812E-12 9.117E-12 1.860E-11 4.673E-07 1.006E-08 3.857E-21 3.073E-11 1.152E-06 8.395E-20 8.068E-24 2.222E-09 3.338E-09 9.972E-20 3.578E-23 5.944E-24 1.251E-27 2.934E-17 2.922E-12 1.351E-13 1.080E-17 1.927E-40 2.985E-74 2.516-105 4.105E-16 4.928E-23 6.849E-63 4.078E-06 4.501E-09 7.439E-21 2.082E-13 1.205E-07 2.574E-10 1.129E-11 2.052E-04 1.668E-09 1.000E-38
  1.956E-02 2.221E+02 2.675E+06 2.534E-11 1.050E-01 5.461E-06 2.846E-18 3.410E-12 1.074E-11 2.210E-11 4.627E-07 1.000E-08 4.775E-21 3.320E-11 1.123E-06 1.080E-19 9.685E-24 2.415E-09 3.554E-09 1.190E-19 3.353E-23 5.914E-24 1.364E-27 2.441E-17 1.944E-12 1.043E-13 8.495E-18 1.738E-40 2.071E-74 2.513-105 3.670E-16 4.022E-23 5.746E-63 4.242E-06 4.352E-09 2.083E-20 2.261E-13 1.130E-07 2.509E-10 1.111E-11 2.053E-04 1.530E-09 1.000E-38
  1.815E-02 2.229E+02 2.725E+06 3.166E-11 1.050E-01 5.522E-06 3.993E-18 4.116E-12 1.259E-11 2.591E-11 4.580E-07 9.974E-09 5.890E-21 3.574E-11 1.094E-06 1.388E-19 1.169E-23 2.620E-09 3.764E-09 1.430E-19 3.095E-23 5.799E-24 1.464E-27 2.015E-17 1.293E-12 8.849E-14 6.607E-18 1.518E-40 1.351E-74 2.510-105 3.281E-16 3.235E-23 4.602E-63 4.396E-06 4.176E-09 5.485E-20 2.443E-13 1.058E-07 2.418E-10 1.077E-11 2.053E-04 1.408E-09 1.000E-38
  1.684E-02 2.238E+02 2.775E+06 3.947E-11 1.050E-01 5.584E-06 5.637E-18 4.945E-12 1.466E-11 2.997E-11 4.532E-07 9.970E-09 7.234E-21 3.831E-11 1.065E-06 1.778E-19 1.418E-23 2.837E-09 3.966E-09 1.727E-19 2.817E-23 5.615E-24 1.552E-27 1.655E-17 8.629E-13 8.822E-14 5.090E-18 1.293E-40 8.368E-75 2.506-105 2.935E-16 2.563E-23 3.548E-63 4.538E-06 3.974E-09 1.363E-19 2.624E-13 9.879E-08 2.304E-10 1.028E-11 2.053E-04 1.298E-09 1.000E-38
  1.564E-02 2.247E+02 2.825E+06 4.910E-11 1.050E-01 5.644E-06 8.001E-18 5.909E-12 1.694E-11 3.418E-11 4.483E-07 9.990E-09 8.843E-21 4.090E-11 1.037E-06 2.274E-19 1.728E-23 3.063E-09 4.153E-09 2.089E-19 2.538E-23 5.390E-24 1.631E-27 1.358E-17 5.797E-13 1.079E-13 3.898E-18 1.081E-40 5.001E-75 2.503-105 2.639E-16 2.002E-23 2.664E-63 4.666E-06 3.751E-09 3.202E-19 2.799E-13 9.210E-08 2.170E-10 9.654E-12 2.053E-04 1.200E-09 1.000E-38
  1.452E-02 2.256E+02 2.875E+06 6.101E-11 1.050E-01 5.704E-06 1.142E-17 7.019E-12 1.945E-11 3.845E-11 4.433E-07 1.003E-08 1.076E-20 4.350E-11 1.009E-06 2.903E-19 2.115E-23 3.297E-09 4.326E-09 2.526E-19 2.260E-23 5.120E-24 1.697E-27 1.112E-17 3.920E-13 1.554E-13 2.963E-18 8.853E-41 2.864E-75 2.500-105 2.390E-16 1.539E-23 1.939E-63 4.779E-06 3.511E-09 7.130E-19 2.971E-13 8.568E-08 2.021E-10 8.938E-12 2.053E-04 1.112E-09 1.000E-38
  1.349E-02 2.267E+02 2.925E+06 7.570E-11 1.050E-01 5.765E-06 1.638E-17 8.287E-12 2.217E-11 4.267E-11 4.382E-07 1.010E-08 1.301E-20 4.608E-11 9.808E-07 3.693E-19 2.608E-23 3.540E-09 4.481E-09 3.050E-19 1.984E-23 4.797E-24 1.745E-27 9.055E-18 2.660E-13 2.346E-13 2.228E-18 7.058E-41 1.556E-75 2.496-105 2.165E-16 1.159E-23 1.359E-63 4.878E-06 3.257E-09 1.510E-18 3.137E-13 7.946E-08 1.862E-10 8.157E-12 2.054E-04 1.031E-09 1.000E-38
  1.253E-02 2.277E+02 2.975E+06 9.382E-11 1.050E-01 5.826E-06 2.357E-17 9.724E-12 2.507E-11 4.675E-11 4.329E-07 1.018E-08 1.563E-20 4.861E-11 9.524E-07 4.684E-19 3.237E-23 3.789E-09 4.614E-09 3.674E-19 1.717E-23 4.438E-24 1.775E-27 7.351E-18 1.813E-13 3.192E-13 1.660E-18 5.493E-41 8.057E-76 2.493-105 1.967E-16 8.541E-24 9.198E-64 4.961E-06 2.995E-09 3.046E-18 3.293E-13 7.346E-08 1.696E-10 7.340E-12 2.054E-04 9.584E-10 1.000E-38
  1.165E-02 2.289E+02 3.025E+06 1.162E-10 1.050E-01 5.887E-06 3.407E-17 1.134E-11 2.818E-11 5.058E-11 4.275E-07 1.028E-08 1.870E-20 5.114E-11 9.241E-07 5.931E-19 4.033E-23 4.040E-09 4.721E-09 4.410E-19 1.472E-23 4.067E-24 1.792E-27 5.962E-18 1.246E-13 3.758E-13 1.229E-18 4.197E-41 4.021E-76 2.489-105 1.804E-16 6.162E-24 6.065E-64 5.028E-06 2.729E-09 5.864E-18 3.441E-13 6.774E-08 1.529E-10 6.515E-12 2.054E-04 8.927E-10 1.000E-38
  1.084E-02 2.301E+02 3.075E+06 1.438E-10 1.050E-01 5.948E-06 4.937E-17 1.315E-11 3.145E-11 5.406E-11 4.221E-07 1.041E-08 2.223E-20 5.361E-11 8.960E-07 7.485E-19 5.039E-23 4.291E-09 4.799E-09 5.275E-19 1.252E-23 3.707E-24 1.802E-27 4.852E-18 8.665E-14 4.137E-13 9.071E-19 3.177E-41 1.970E-76 2.485-105 1.667E-16 4.354E-24 3.948E-64 5.079E-06 2.465E-09 1.081E-17 3.574E-13 6.234E-08 1.362E-10 5.701E-12 2.054E-04 8.340E-10 1.000E-38
  1.008E-02 2.315E+02 3.125E+06 1.778E-10 1.050E-01 6.007E-06 7.171E-17 1.517E-11 3.488E-11 5.713E-11 4.167E-07 1.054E-08 2.630E-20 5.606E-11 8.684E-07 9.428E-19 6.305E-23 4.539E-09 4.845E-09 6.283E-19 1.061E-23 3.369E-24 1.811E-27 3.973E-18 6.110E-14 4.392E-13 6.700E-19 2.393E-41 9.565E-77 2.481-105 1.562E-16 3.017E-24 2.557E-64 5.115E-06 2.208E-09 1.911E-17 3.692E-13 5.728E-08 1.201E-10 4.923E-12 2.054E-04 7.811E-10 1.000E-38
  9.384E-03 2.328E+02 3.175E+06 2.197E-10 1.050E-01 6.066E-06 1.044E-16 1.742E-11 3.845E-11 5.973E-11 4.113E-07 1.069E-08 3.098E-20 5.848E-11 8.411E-07 1.185E-18 7.905E-23 4.780E-09 4.858E-09 7.452E-19 8.959E-24 3.054E-24 1.819E-27 3.273E-18 4.372E-14 4.565E-13 4.952E-19 1.796E-41 4.612E-77 2.477-105 1.483E-16 2.047E-24 1.649E-64 5.136E-06 1.962E-09 3.246E-17 3.795E-13 5.254E-08 1.047E-10 4.196E-12 2.055E-04 7.316E-10 1.000E-38
  8.738E-03 2.342E+02 3.225E+06 2.713E-10 1.050E-01 6.125E-06 1.522E-16 1.991E-11 4.213E-11 6.180E-11 4.059E-07 1.085E-08 3.631E-20 6.081E-11 8.140E-07 1.486E-18 9.943E-23 5.014E-09 4.837E-09 8.802E-19 7.529E-24 2.760E-24 1.825E-27 2.713E-18 3.169E-14 4.685E-13 3.662E-19 1.342E-41 2.206E-77 2.473-105 1.419E-16 1.355E-24 1.059E-64 5.145E-06 1.730E-09 5.317E-17 3.878E-13 4.807E-08 9.030E-11 3.530E-12 2.055E-04 6.838E-10 1.000E-38
  8.140E-03 2.357E+02 3.275E+06 3.351E-10 1.050E-01 6.183E-06 2.222E-16 2.267E-11 4.592E-11 6.335E-11 4.005E-07 1.101E-08 4.239E-20 6.309E-11 7.870E-07 1.859E-18 1.254E-22 5.237E-09 4.783E-09 1.035E-18 6.302E-24 2.487E-24 1.831E-27 2.262E-18 2.329E-14 4.768E-13 2.710E-19 9.991E-42 1.047E-77 2.469-105 1.373E-16 8.739E-25 6.777E-65 5.143E-06 1.515E-09 8.400E-17 3.943E-13 4.388E-08 7.704E-11 2.932E-12 2.055E-04 6.376E-10 1.000E-38
  7.587E-03 2.372E+02 3.325E+06 4.135E-10 1.050E-01 6.240E-06 3.248E-16 2.575E-11 4.977E-11 6.432E-11 3.951E-07 1.118E-08 4.931E-20 6.527E-11 7.602E-07 2.320E-18 1.584E-22 5.447E-09 4.696E-09 1.212E-18 5.268E-24 2.242E-24 1.843E-27 1.904E-18 1.738E-14 4.826E-13 2.013E-19 7.461E-42 5.005E-78 2.465-105 1.340E-16 5.492E-25 4.367E-65 5.130E-06 1.318E-09 1.285E-16 3.985E-13 3.996E-08 6.501E-11 2.405E-12 2.055E-04 5.934E-10 1.000E-38
  7.074E-03 2.388E+02 3.375E+06 5.100E-10 1.050E-01 6.297E-06 4.755E-16 2.919E-11 5.367E-11 6.472E-11 3.898E-07 1.135E-08 5.719E-20 6.736E-11 7.339E-07 2.889E-18 2.001E-22 5.643E-09 4.577E-09 1.415E-18 4.407E-24 2.027E-24 1.864E-27 1.621E-18 1.321E-14 4.867E-13 1.506E-19 5.613E-42 2.431E-78 2.460-105 1.321E-16 3.364E-25 2.852E-65 5.110E-06 1.140E-09 1.908E-16 4.005E-13 3.633E-08 5.427E-11 1.948E-12 2.055E-04 5.511E-10 1.000E-38
  6.600E-03 2.403E+02 3.425E+06 6.289E-10 1.050E-01 6.353E-06 6.971E-16 3.305E-11 5.759E-11 6.456E-11 3.847E-07 1.151E-08 6.617E-20 6.935E-11 7.080E-07 3.592E-18 2.526E-22 5.825E-09 4.428E-09 1.646E-18 3.701E-24 1.843E-24 1.903E-27 1.400E-18 1.023E-14 4.896E-13 1.137E-19 4.283E-42 1.216E-78 2.456-105 1.314E-16 2.010E-25 1.908E-65 5.082E-06 9.824E-10 2.754E-16 4.001E-13 3.298E-08 4.482E-11 1.558E-12 2.055E-04 5.110E-10 1.000E-38
  6.159E-03 2.419E+02 3.475E+06 7.752E-10 1.050E-01 6.407E-06 1.023E-15 3.738E-11 6.151E-11 6.387E-11 3.797E-07 1.167E-08 7.642E-20 7.124E-11 6.826E-07 4.459E-18 3.187E-22 5.990E-09 4.253E-09 1.909E-18 3.125E-24 1.688E-24 1.962E-27 1.229E-18 8.102E-15 4.916E-13 8.682E-20 3.326E-42 6.303E-79 2.451-105 1.318E-16 1.172E-25 1.313E-65 5.047E-06 8.429E-10 3.872E-16 3.972E-13 2.989E-08 3.662E-11 1.230E-12 2.056E-04 4.730E-10 1.000E-38
  5.751E-03 2.434E+02 3.525E+06 9.550E-10 1.050E-01 6.460E-06 1.504E-15 4.229E-11 6.539E-11 6.268E-11 3.748E-07 1.182E-08 8.811E-20 7.299E-11 6.578E-07 5.524E-18 4.022E-22 6.140E-09 4.054E-09 2.208E-18 2.658E-24 1.562E-24 2.048E-27 1.098E-18 6.556E-15 4.930E-13 6.720E-20 2.640E-42 3.418E-79 2.447-105 1.329E-16 6.642E-26 9.366E-66 5.006E-06 7.203E-10 5.321E-16 3.918E-13 2.706E-08 2.960E-11 9.580E-13 2.056E-04 4.368E-10 1.000E-38
  5.373E-03 2.450E+02 3.575E+06 1.176E-09 1.050E-01 6.512E-06 2.215E-15 4.785E-11 6.923E-11 6.106E-11 3.703E-07 1.195E-08 1.015E-19 7.463E-11 6.335E-07 6.837E-18 5.068E-22 6.275E-09 3.835E-09 2.550E-18 2.285E-24 1.464E-24 2.170E-27 1.001E-18 5.436E-15 4.941E-13 5.283E-20 2.152E-42 1.957E-79 2.442-105 1.345E-16 3.668E-26 6.969E-66 4.959E-06 6.134E-10 7.151E-16 3.839E-13 2.447E-08 2.366E-11 7.360E-13 2.056E-04 4.028E-10 1.000E-38
  5.021E-03 2.465E+02 3.625E+06 1.448E-09 1.050E-01 6.561E-06 3.267E-15 5.419E-11 7.299E-11 5.907E-11 3.660E-07 1.207E-08 1.169E-19 7.614E-11 6.102E-07 8.453E-18 6.364E-22 6.396E-09 3.599E-09 2.940E-18 1.992E-24 1.394E-24 2.341E-27 9.343E-19 4.629E-15 4.948E-13 4.236E-20 1.816E-42 1.202E-79 2.437-105 1.364E-16 1.982E-26 5.473E-66 4.905E-06 5.210E-10 9.430E-16 3.734E-13 2.213E-08 1.872E-11 5.575E-13 2.056E-04 3.712E-10 1.000E-38
  4.694E-03 2.479E+02 3.675E+06 1.783E-09 1.050E-01 6.608E-06 4.826E-15 6.142E-11 7.670E-11 5.681E-11 3.621E-07 1.218E-08 1.346E-19 7.754E-11 5.878E-07 1.044E-17 7.967E-22 6.504E-09 3.350E-09 3.384E-18 1.761E-24 1.349E-24 2.571E-27 8.919E-19 4.046E-15 4.952E-13 3.462E-20 1.585E-42 7.903E-80 2.432-105 1.381E-16 1.050E-26 4.530E-66 4.842E-06 4.411E-10 1.221E-15 3.607E-13 2.002E-08 1.466E-11 4.161E-13 2.056E-04 3.417E-10 1.000E-38
  4.391E-03 2.494E+02 3.725E+06 2.193E-09 1.049E-01 6.653E-06 7.136E-15 6.966E-11 8.035E-11 5.438E-11 3.586E-07 1.227E-08 1.550E-19 7.878E-11 5.662E-07 1.289E-17 9.955E-22 6.599E-09 3.091E-09 3.891E-18 1.580E-24 1.326E-24 2.871E-27 8.696E-19 3.622E-15 4.955E-13 2.881E-20 1.427E-42 5.542E-80 2.427-105 1.393E-16 5.433E-27 3.938E-66 4.770E-06 3.720E-10 1.557E-15 3.455E-13 1.812E-08 1.136E-11 3.055E-13 2.056E-04 3.141E-10 1.000E-38
  4.108E-03 2.508E+02 3.775E+06 2.698E-09 1.049E-01 6.696E-06 1.056E-14 7.905E-11 8.397E-11 5.186E-11 3.555E-07 1.234E-08 1.782E-19 7.982E-11 5.454E-07 1.588E-17 1.242E-21 6.679E-09 2.824E-09 4.464E-18 1.437E-24 1.323E-24 3.253E-27 8.643E-19 3.313E-15 4.957E-13 2.439E-20 1.323E-42 4.122E-80 2.422-105 1.394E-16 2.747E-27 3.581E-66 4.688E-06 3.122E-10 1.956E-15 3.280E-13 1.639E-08 8.710E-12 2.204E-13 2.056E-04 2.884E-10 1.000E-38
  3.845E-03 2.521E+02 3.825E+06 3.317E-09 1.049E-01 6.737E-06 1.562E-14 8.970E-11 8.759E-11 4.935E-11 3.528E-07 1.241E-08 2.047E-19 8.065E-11 5.254E-07 1.952E-17 1.547E-21 6.745E-09 2.555E-09 5.109E-18 1.323E-24 1.335E-24 3.729E-27 8.730E-19 3.086E-15 4.958E-13 2.094E-20 1.255E-42 3.218E-80 2.417-105 1.383E-16 1.355E-27 3.377E-66 4.594E-06 2.603E-10 2.425E-15 3.085E-13 1.482E-08 6.610E-12 1.560E-13 2.056E-04 2.642E-10 1.000E-38
  3.601E-03 2.534E+02 3.875E+06 4.073E-09 1.049E-01 6.776E-06 2.308E-14 1.017E-10 9.124E-11 4.693E-11 3.506E-07 1.246E-08 2.346E-19 8.120E-11 5.062E-07 2.391E-17 1.921E-21 6.795E-09 2.286E-09 5.828E-18 1.234E-24 1.364E-24 4.320E-27 8.951E-19 2.921E-15 4.959E-13 1.825E-20 1.219E-42 2.635E-80 2.412-105 1.360E-16 6.532E-28 3.298E-66 4.487E-06 2.155E-10 2.972E-15 2.870E-13 1.341E-08 4.969E-12 1.083E-13 2.056E-04 2.418E-10 1.000E-38
  3.373E-03 2.546E+02 3.925E+06 4.998E-09 1.049E-01 6.812E-06 3.401E-14 1.150E-10 9.498E-11 4.467E-11 3.490E-07 1.250E-08 2.682E-19 8.150E-11 4.880E-07 2.920E-17 2.377E-21 6.828E-09 2.024E-09 6.619E-18 1.164E-24 1.406E-24 5.039E-27 9.278E-19 2.802E-15 4.959E-13 1.608E-20 1.203E-42 2.229E-80 2.407-105 1.327E-16 3.090E-28 3.297E-66 4.368E-06 1.770E-10 3.601E-15 2.643E-13 1.214E-08 3.703E-12 7.365E-14 2.057E-04 2.210E-10 1.000E-38
  3.160E-03 2.557E+02 3.975E+06 6.114E-09 1.049E-01 6.845E-06 4.981E-14 1.297E-10 9.883E-11 4.262E-11 3.480E-07 1.253E-08 3.049E-19 8.142E-11 4.709E-07 3.541E-17 2.929E-21 6.843E-09 1.770E-09 7.472E-18 1.111E-24 1.463E-24 5.915E-27 9.723E-19 2.715E-15 4.959E-13 1.435E-20 1.209E-42 1.959E-80 2.402-105 1.284E-16 1.436E-28 3.386E-66 4.237E-06 1.440E-10 4.330E-15 2.404E-13 1.101E-08 2.738E-12 4.907E-14 2.057E-04 2.019E-10 1.000E-38
  2.962E-03 2.567E+02 4.025E+06 7.462E-09 1.049E-01 6.876E-06 7.248E-14 1.456E-10 1.029E-10 4.079E-11 3.477E-07 1.256E-08 3.449E-19 8.102E-11 4.547E-07 4.273E-17 3.597E-21 6.835E-09 1.532E-09 8.370E-18 1.070E-24 1.530E-24 6.960E-27 1.025E-18 2.651E-15 4.958E-13 1.292E-20 1.226E-42 1.756E-80 2.396-105 1.234E-16 6.560E-29 3.521E-66 4.093E-06 1.159E-10 5.150E-15 2.161E-13 9.985E-09 2.011E-12 3.201E-14 2.057E-04 1.841E-10 1.000E-38
  2.776E-03 2.576E+02 4.075E+06 9.058E-09 1.049E-01 6.905E-06 1.043E-13 1.624E-10 1.070E-10 3.921E-11 3.480E-07 1.258E-08 3.866E-19 8.014E-11 4.394E-07 5.097E-17 4.404E-21 6.804E-09 1.310E-09 9.289E-18 1.044E-24 1.615E-24 8.221E-27 1.089E-18 2.604E-15 4.958E-13 1.179E-20 1.266E-42 1.633E-80 2.391-105 1.177E-16 2.947E-29 3.747E-66 3.941E-06 9.216E-11 6.097E-15 1.916E-13 9.065E-09 1.469E-12 2.046E-14 2.057E-04 1.677E-10 1.000E-38
  2.603E-03 2.584E+02 4.125E+06 1.094E-08 1.049E-01 6.930E-06 1.483E-13 1.800E-10 1.114E-10 3.785E-11 3.490E-07 1.260E-08 4.302E-19 7.890E-11 4.250E-07 6.036E-17 5.376E-21 6.746E-09 1.110E-09 1.020E-17 1.027E-24 1.709E-24 9.707E-27 1.161E-18 2.570E-15 4.957E-13 1.085E-20 1.315E-42 1.541E-80 2.386-105 1.116E-16 1.306E-29 4.016E-66 3.780E-06 7.241E-11 7.149E-15 1.677E-13 8.235E-09 1.068E-12 1.282E-14 2.057E-04 1.524E-10 1.000E-38
  2.441E-03 2.589E+02 4.175E+06 1.311E-08 1.049E-01 6.954E-06 2.077E-13 1.978E-10 1.159E-10 3.670E-11 3.509E-07 1.262E-08 4.730E-19 7.719E-11 4.115E-07 7.047E-17 6.543E-21 6.663E-09 9.306E-10 1.107E-17 1.023E-24 1.823E-24 1.150E-26 1.247E-18 2.545E-15 4.956E-13 1.012E-20 1.392E-42 1.512E-80 2.380-105 1.053E-16 5.760E-30 4.409E-66 3.615E-06 5.626E-11 8.367E-15 1.449E-13 7.487E-09 7.754E-13 7.901E-15 2.057E-04 1.383E-10 1.000E-38
  2.290E-03 2.594E+02 4.225E+06 1.561E-08 1.049E-01 6.974E-06 2.867E-13 2.158E-10 1.205E-10 3.572E-11 3.535E-07 1.264E-08 5.156E-19 7.520E-11 3.990E-07 8.157E-17 7.938E-21 6.555E-09 7.750E-10 1.188E-17 1.025E-24 1.948E-24 1.360E-26 1.342E-18 2.526E-15 4.955E-13 9.525E-21 1.483E-42 1.503E-80 2.375-105 9.887E-17 2.573E-30 4.868E-66 3.447E-06 4.326E-11 9.718E-15 1.237E-13 6.817E-09 5.619E-13 4.799E-15 2.057E-04 1.254E-10 1.000E-38
  2.148E-03 2.597E+02 4.275E+06 1.842E-08 1.049E-01 6.991E-06 3.887E-13 2.334E-10 1.252E-10 3.489E-11 3.570E-07 1.267E-08 5.552E-19 7.286E-11 3.875E-07 9.299E-17 9.604E-21 6.427E-09 6.411E-10 1.261E-17 1.039E-24 2.095E-24 1.614E-26 1.454E-18 2.513E-15 4.954E-13 9.098E-21 1.609E-42 1.554E-80 2.369-105 9.250E-17 1.201E-30 5.505E-66 3.281E-06 3.299E-11 1.130E-14 1.045E-13 6.217E-09 4.077E-13 2.885E-15 2.057E-04 1.136E-10 1.000E-38
  2.015E-03 2.598E+02 4.325E+06 2.156E-08 1.049E-01 7.006E-06 5.193E-13 2.506E-10 1.300E-10 3.417E-11 3.612E-07 1.271E-08 5.927E-19 7.034E-11 3.769E-07 1.051E-16 1.160E-20 6.281E-09 5.281E-10 1.323E-17 1.058E-24 2.253E-24 1.913E-26 1.578E-18 2.503E-15 4.953E-13 8.762E-21 1.757E-42 1.629E-80 2.364-105 8.628E-17 6.153E-31 6.263E-66 3.117E-06 2.498E-11 1.307E-14 8.743E-14 5.682E-09 2.962E-13 1.719E-15 2.057E-04 1.028E-10 1.000E-38
  1.891E-03 2.598E+02 4.375E+06 2.501E-08 1.049E-01 7.018E-06 6.819E-13 2.670E-10 1.347E-10 3.355E-11 3.663E-07 1.276E-08 6.258E-19 6.763E-11 3.673E-07 1.171E-16 1.399E-20 6.122E-09 4.335E-10 1.375E-17 1.086E-24 2.436E-24 2.275E-26 1.723E-18 2.496E-15 4.951E-13 8.557E-21 1.951E-42 1.768E-80 2.358-105 8.030E-17 3.674E-31 7.280E-66 2.960E-06 1.882E-11 1.515E-14 7.254E-14 5.206E-09 2.158E-13 1.019E-15 2.057E-04 9.302E-11 1.000E-38
  1.774E-03 2.596E+02 4.425E+06 2.880E-08 1.049E-01 7.028E-06 8.831E-13 2.828E-10 1.394E-10 3.299E-11 3.721E-07 1.283E-08 6.555E-19 6.486E-11 3.585E-07 1.294E-16 1.688E-20 5.951E-09 3.552E-10 1.417E-17 1.117E-24 2.631E-24 2.704E-26 1.886E-18 2.491E-15 4.950E-13 8.425E-21 2.180E-42 1.945E-80 2.353-105 7.463E-17 2.630E-31 8.523E-66 2.808E-06 1.414E-11 1.752E-14 5.982E-14 4.781E-09 1.577E-13 6.023E-16 2.057E-04 8.414E-11 1.000E-38
  1.664E-03 2.592E+02 4.475E+06 3.289E-08 1.049E-01 7.035E-06 1.127E-12 2.977E-10 1.441E-10 3.248E-11 3.787E-07 1.292E-08 6.806E-19 6.204E-11 3.504E-07 1.414E-16 2.040E-20 5.772E-09 2.906E-10 1.448E-17 1.155E-24 2.848E-24 3.221E-26 2.074E-18 2.487E-15 4.949E-13 8.388E-21 2.465E-42 2.195E-80 2.348-105 6.925E-17 2.196E-31 1.013E-65 2.665E-06 1.059E-11 2.030E-14 4.902E-14 4.400E-09 1.157E-13 3.552E-16 2.056E-04 7.601E-11 1.000E-38
  1.560E-03 2.586E+02 4.525E+06 3.729E-08 1.049E-01 7.041E-06 1.421E-12 3.117E-10 1.486E-10 3.199E-11 3.862E-07 1.305E-08 7.011E-19 5.920E-11 3.430E-07 1.532E-16 2.477E-20 5.584E-09 2.376E-10 1.468E-17 1.198E-24 3.084E-24 3.841E-26 2.288E-18 2.485E-15 4.948E-13 8.420E-21 2.811E-42 2.522E-80 2.342-105 6.414E-17 2.025E-31 1.217E-65 2.528E-06 7.902E-12 2.349E-14 3.995E-14 4.054E-09 8.501E-14 2.086E-16 2.056E-04 6.849E-11 1.000E-38
  1.463E-03 2.580E+02 4.575E+06 4.201E-08 1.049E-01 7.044E-06 1.770E-12 3.249E-10 1.530E-10 3.149E-11 3.945E-07 1.321E-08 7.179E-19 5.642E-11 3.361E-07 1.649E-16 3.018E-20 5.391E-09 1.942E-10 1.478E-17 1.242E-24 3.336E-24 4.579E-26 2.528E-18 2.483E-15 4.946E-13 8.508E-21 3.222E-42 2.928E-80 2.336-105 5.930E-17 1.974E-31 1.470E-65 2.397E-06 5.883E-12 2.715E-14 3.242E-14 3.740E-09 6.261E-14 1.222E-16 2.056E-04 6.160E-11 1.000E-38
  1.372E-03 2.573E+02 4.625E+06 4.705E-08 1.049E-01 7.045E-06 2.184E-12 3.372E-10 1.572E-10 3.100E-11 4.035E-07 1.342E-08 7.315E-19 5.373E-11 3.299E-07 1.764E-16 3.677E-20 5.200E-09 1.590E-10 1.481E-17 1.288E-24 3.605E-24 5.463E-26 2.800E-18 2.483E-15 4.945E-13 8.649E-21 3.712E-42 3.435E-80 2.331-105 5.481E-17 1.981E-31 1.786E-65 2.273E-06 4.386E-12 3.136E-14 2.624E-14 3.461E-09 4.630E-14 7.176E-17 2.056E-04 5.541E-11 1.000E-38
  1.286E-03 2.566E+02 4.675E+06 5.246E-08 1.049E-01 7.044E-06 2.674E-12 3.488E-10 1.613E-10 3.048E-11 4.131E-07 1.369E-08 7.432E-19 5.117E-11 3.243E-07 1.883E-16 4.481E-20 5.012E-09 1.304E-10 1.478E-17 1.331E-24 3.879E-24 6.505E-26 3.098E-18 2.482E-15 4.944E-13 8.812E-21 4.269E-42 4.017E-80 2.325-105 5.061E-17 2.020E-31 2.162E-65 2.155E-06 3.272E-12 3.609E-14 2.120E-14 3.213E-09 3.433E-14 4.216E-17 2.056E-04 4.981E-11 1.000E-38
  1.206E-03 2.559E+02 4.725E+06 5.823E-08 1.049E-01 7.042E-06 3.250E-12 3.597E-10 1.653E-10 2.992E-11 4.234E-07 1.401E-08 7.530E-19 4.872E-11 3.192E-07 2.006E-16 5.468E-20 4.827E-09 1.072E-10 1.468E-17 1.371E-24 4.159E-24 7.736E-26 3.426E-18 2.482E-15 4.942E-13 8.999E-21 4.908E-42 4.691E-80 2.320-105 4.667E-17 2.080E-31 2.611E-65 2.042E-06 2.440E-12 4.138E-14 1.709E-14 2.988E-09 2.551E-14 2.477E-17 2.056E-04 4.472E-11 1.000E-38
  1.130E-03 2.552E+02 4.775E+06 6.437E-08 1.049E-01 7.038E-06 3.925E-12 3.699E-10 1.691E-10 2.933E-11 4.344E-07 1.441E-08 7.610E-19 4.638E-11 3.145E-07 2.133E-16 6.676E-20 4.644E-09 8.834E-11 1.454E-17 1.406E-24 4.443E-24 9.185E-26 3.787E-18 2.483E-15 4.941E-13 9.206E-21 5.635E-42 5.461E-80 2.314-105 4.298E-17 2.158E-31 3.144E-65 1.934E-06 1.819E-12 4.727E-14 1.376E-14 2.784E-09 1.899E-14 1.455E-17 2.056E-04 4.007E-11 1.000E-38
  1.059E-03 2.545E+02 4.825E+06 7.092E-08 1.049E-01 7.033E-06 4.714E-12 3.795E-10 1.727E-10 2.872E-11 4.462E-07 1.489E-08 7.677E-19 4.415E-11 3.101E-07 2.265E-16 8.150E-20 4.465E-09 7.294E-11 1.435E-17 1.438E-24 4.729E-24 1.089E-25 4.181E-18 2.483E-15 4.940E-13 9.428E-21 6.457E-42 6.331E-80 2.309-105 3.953E-17 2.254E-31 3.771E-65 1.830E-06 1.357E-12 5.378E-14 1.106E-14 2.599E-09 1.417E-14 8.561E-18 2.056E-04 3.583E-11 1.000E-38
  9.922E-04 2.538E+02 4.875E+06 7.789E-08 1.049E-01 7.026E-06 5.633E-12 3.887E-10 1.763E-10 2.808E-11 4.586E-07 1.547E-08 7.731E-19 4.202E-11 3.061E-07 2.401E-16 9.933E-20 4.290E-09 6.038E-11 1.412E-17 1.465E-24 5.017E-24 1.289E-25 4.613E-18 2.484E-15 4.938E-13 9.669E-21 7.389E-42 7.316E-80 2.303-105 3.633E-17 2.367E-31 4.508E-65 1.733E-06 1.012E-12 6.102E-14 8.885E-15 2.431E-09 1.059E-14 5.045E-18 2.056E-04 3.198E-11 1.000E-38
  9.294E-04 2.531E+02 4.925E+06 8.532E-08 1.049E-01 7.018E-06 6.706E-12 3.974E-10 1.797E-10 2.744E-11 4.717E-07 1.613E-08 7.775E-19 4.000E-11 3.024E-07 2.544E-16 1.207E-19 4.122E-09 5.010E-11 1.388E-17 1.488E-24 5.306E-24 1.525E-25 5.088E-18 2.484E-15 4.937E-13 9.928E-21 8.441E-42 8.426E-80 2.297-105 3.338E-17 2.500E-31 5.375E-65 1.641E-06 7.569E-13 6.906E-14 7.139E-15 2.279E-09 7.940E-15 2.984E-18 2.056E-04 2.850E-11 1.000E-38
  8.705E-04 2.524E+02 4.975E+06 9.325E-08 1.049E-01 7.009E-06 7.956E-12 4.059E-10 1.831E-10 2.680E-11 4.853E-07 1.691E-08 7.811E-19 3.808E-11 2.990E-07 2.693E-16 1.460E-19 3.960E-09 4.169E-11 1.362E-17 1.507E-24 5.595E-24 1.802E-25 5.610E-18 2.485E-15 4.935E-13 1.020E-20 9.628E-42 9.667E-80 2.292-105 3.066E-17 2.653E-31 6.389E-65 1.554E-06 5.671E-13 7.799E-14 5.738E-15 2.140E-09 5.969E-15 1.770E-18 2.055E-04 2.535E-11 1.000E-38
  8.151E-04 2.517E+02 5.025E+06 1.017E-07 1.049E-01 6.999E-06 9.411E-12 4.141E-10 1.864E-10 2.616E-11 4.996E-07 1.780E-08 7.841E-19 3.624E-11 2.958E-07 2.849E-16 1.760E-19 3.804E-09 3.477E-11 1.335E-17 1.522E-24 5.887E-24 2.127E-25 6.182E-18 2.485E-15 4.934E-13 1.050E-20 1.097E-41 1.106E-79 2.286-105 2.816E-17 2.830E-31 7.578E-65 1.472E-06 4.256E-13 8.789E-14 4.614E-15 2.014E-09 4.498E-15 1.053E-18 2.055E-04 2.250E-11 1.000E-38
  7.631E-04 2.510E+02 5.075E+06 1.108E-07 1.049E-01 6.987E-06 1.111E-11 4.222E-10 1.897E-10 2.553E-11 5.146E-07 1.883E-08 7.864E-19 3.450E-11 2.928E-07 3.013E-16 2.115E-19 3.654E-09 2.907E-11 1.307E-17 1.533E-24 6.180E-24 2.510E-25 6.810E-18 2.486E-15 4.932E-13 1.081E-20 1.248E-41 1.263E-79 2.280-105 2.586E-17 3.033E-31 8.967E-65 1.394E-06 3.201E-13 9.885E-14 3.712E-15 1.899E-09 3.398E-15 6.289E-19 2.055E-04 1.993E-11 1.000E-38
  7.144E-04 2.503E+02 5.125E+06 1.204E-07 1.049E-01 6.975E-06 1.308E-11 4.302E-10 1.930E-10 2.491E-11 5.302E-07 2.000E-08 7.883E-19 3.283E-11 2.900E-07 3.185E-16 2.530E-19 3.510E-09 2.436E-11 1.279E-17 1.543E-24 6.478E-24 2.959E-25 7.499E-18 2.486E-15 4.930E-13 1.114E-20 1.419E-41 1.439E-79 2.274-105 2.375E-17 3.266E-31 1.059E-64 1.322E-06 2.411E-13 1.110E-13 2.988E-15 1.793E-09 2.574E-15 3.766E-19 2.055E-04 1.760E-11 1.000E-38
  6.686E-04 2.496E+02 5.175E+06 1.307E-07 1.049E-01 6.961E-06 1.538E-11 4.383E-10 1.963E-10 2.431E-11 5.465E-07 2.134E-08 7.898E-19 3.125E-11 2.873E-07 3.365E-16 3.014E-19 3.371E-09 2.045E-11 1.251E-17 1.550E-24 6.780E-24 3.487E-25 8.256E-18 2.486E-15 4.929E-13 1.149E-20 1.613E-41 1.636E-79 2.268-105 2.182E-17 3.531E-31 1.249E-64 1.253E-06 1.820E-13 1.244E-13 2.407E-15 1.696E-09 1.954E-15 2.262E-19 2.055E-04 1.550E-11 1.000E-38
  6.256E-04 2.489E+02 5.225E+06 1.417E-07 1.049E-01 6.947E-06 1.807E-11 4.464E-10 1.996E-10 2.374E-11 5.636E-07 2.285E-08 7.909E-19 2.974E-11 2.848E-07 3.554E-16 3.576E-19 3.238E-09 1.722E-11 1.223E-17 1.555E-24 7.090E-24 4.106E-25 9.087E-18 2.486E-15 4.927E-13 1.187E-20 1.832E-41 1.860E-79 2.262-105 2.004E-17 3.832E-31 1.472E-64 1.188E-06 1.377E-13 1.393E-13 1.941E-15 1.606E-09 1.487E-15 1.363E-19 2.055E-04 1.360E-11 1.000E-38
  5.853E-04 2.482E+02 5.275E+06 1.535E-07 1.049E-01 6.931E-06 2.120E-11 4.547E-10 2.031E-10 2.319E-11 5.814E-07 2.456E-08 7.918E-19 2.830E-11 2.824E-07 3.754E-16 4.225E-19 3.110E-09 1.452E-11 1.196E-17 1.560E-24 7.408E-24 4.834E-25 9.999E-18 2.486E-15 4.925E-13 1.227E-20 2.081E-41 2.113E-79 2.256-105 1.842E-17 4.174E-31 1.733E-64 1.126E-06 1.044E-13 1.556E-13 1.566E-15 1.523E-09 1.134E-15 8.236E-20 2.055E-04 1.189E-11 1.000E-38
  5.475E-04 2.475E+02 5.325E+06 1.661E-07 1.049E-01 6.914E-06 2.485E-11 4.632E-10 2.066E-10 2.266E-11 6.000E-07 2.649E-08 7.924E-19 2.692E-11 2.800E-07 3.963E-16 4.972E-19 2.986E-09 1.227E-11 1.169E-17 1.564E-24 7.740E-24 5.689E-25 1.100E-17 2.486E-15 4.924E-13 1.270E-20 2.366E-41 2.402E-79 2.250-105 1.693E-17 4.561E-31 2.040E-64 1.068E-06 7.932E-14 1.737E-13 1.265E-15 1.446E-09 8.671E-16 4.993E-20 2.054E-04 1.035E-11 1.000E-38
  5.121E-04 2.468E+02 5.375E+06 1.795E-07 1.049E-01 6.897E-06 2.912E-11 4.719E-10 2.103E-10 2.217E-11 6.194E-07 2.865E-08 7.927E-19 2.562E-11 2.778E-07 4.183E-16 5.828E-19 2.868E-09 1.040E-11 1.143E-17 1.569E-24 8.087E-24 6.693E-25 1.210E-17 2.485E-15 4.922E-13 1.316E-20 2.691E-41 2.734E-79 2.244-105 1.556E-17 4.998E-31 2.401E-64 1.013E-06 6.040E-14 1.936E-13 1.022E-15 1.375E-09 6.647E-16 3.036E-20 2.054E-04 8.975E-12 1.000E-38
  4.788E-04 2.461E+02 5.425E+06 1.938E-07 1.049E-01 6.878E-06 3.411E-11 4.810E-10 2.142E-10 2.171E-11 6.397E-07 3.107E-08 7.928E-19 2.437E-11 2.756E-07 4.413E-16 6.803E-19 2.755E-09 8.824E-12 1.119E-17 1.575E-24 8.453E-24 7.872E-25 1.331E-17 2.485E-15 4.920E-13 1.365E-20 3.065E-41 3.118E-79 2.237-105 1.431E-17 5.490E-31 2.828E-64 9.599E-07 4.611E-14 2.156E-13 8.275E-16 1.309E-09 5.109E-16 1.852E-20 2.054E-04 7.745E-12 1.000E-38
  4.477E-04 2.454E+02 5.475E+06 2.091E-07 1.049E-01 6.858E-06 3.994E-11 4.905E-10 2.183E-10 2.128E-11 6.609E-07 3.377E-08 7.926E-19 2.317E-11 2.735E-07 4.655E-16 7.912E-19 2.646E-09 7.508E-12 1.095E-17 1.584E-24 8.843E-24 9.257E-25 1.464E-17 2.484E-15 4.918E-13 1.418E-20 3.495E-41 3.566E-79 2.231-105 1.316E-17 6.045E-31 3.335E-64 9.098E-07 3.529E-14 2.398E-13 6.704E-16 1.247E-09 3.937E-16 1.133E-20 2.054E-04 6.651E-12 1.000E-38
  4.185E-04 2.446E+02 5.525E+06 2.254E-07 1.049E-01 6.837E-06 4.675E-11 5.005E-10 2.225E-10 2.089E-11 6.830E-07 3.679E-08 7.922E-19 2.204E-11 2.714E-07 4.908E-16 9.167E-19 2.541E-09 6.402E-12 1.072E-17 1.594E-24 9.262E-24 1.088E-24 1.610E-17 2.483E-15 4.916E-13 1.475E-20 3.994E-41 4.092E-79 2.224-105 1.210E-17 6.667E-31 3.937E-64 8.620E-07 2.708E-14 2.664E-13 5.438E-16 1.190E-09 3.043E-16 6.960E-21 2.054E-04 5.680E-12 1.000E-38
  3.911E-04 2.439E+02 5.575E+06 2.427E-07 1.049E-01 6.815E-06 5.472E-11 5.110E-10 2.271E-10 2.054E-11 7.061E-07 4.014E-08 7.914E-19 2.095E-11 2.693E-07 5.172E-16 1.058E-18 2.441E-09 5.473E-12 1.051E-17 1.608E-24 9.715E-24 1.279E-24 1.770E-17 2.481E-15 4.914E-13 1.537E-20 4.575E-41 4.716E-79 2.217-105 1.113E-17 7.365E-31 4.658E-64 8.163E-07 2.083E-14 2.957E-13 4.417E-16 1.136E-09 2.359E-16 4.289E-21 2.053E-04 4.823E-12 1.000E-38
  3.654E-04 2.432E+02 5.625E+06 2.611E-07 1.049E-01 6.791E-06 6.406E-11 5.220E-10 2.318E-10 2.022E-11 7.302E-07 4.385E-08 7.903E-19 1.991E-11 2.673E-07 5.447E-16 1.217E-18 2.344E-09 4.690E-12 1.030E-17 1.625E-24 1.021E-23 1.504E-24 1.946E-17 2.480E-15 4.912E-13 1.604E-20 5.252E-41 5.458E-79 2.210-105 1.024E-17 8.146E-31 5.519E-64 7.726E-07 1.608E-14 3.278E-13 3.593E-16 1.086E-09 1.834E-16 2.653E-21 2.053E-04 4.071E-12 1.000E-38
  3.414E-04 2.425E+02 5.675E+06 2.806E-07 1.049E-01 6.767E-06 7.498E-11 5.336E-10 2.369E-10 1.994E-11 7.554E-07 4.797E-08 7.888E-19 1.892E-11 2.652E-07 5.733E-16 1.396E-18 2.252E-09 4.030E-12 1.011E-17 1.647E-24 1.075E-23 1.768E-24 2.140E-17 2.478E-15 4.910E-13 1.677E-20 6.048E-41 6.354E-79 2.203-105 9.428E-18 9.018E-31 6.558E-64 7.308E-07 1.245E-14 3.632E-13 2.927E-16 1.038E-09 1.431E-16 1.648E-21 2.053E-04 3.413E-12 1.000E-38
  3.189E-04 2.418E+02 5.725E+06 3.013E-07 1.049E-01 6.741E-06 8.778E-11 5.459E-10 2.423E-10 1.969E-11 7.817E-07 5.251E-08 7.869E-19 1.798E-11 2.632E-07 6.030E-16 1.595E-18 2.163E-09 3.472E-12 9.935E-18 1.674E-24 1.134E-23 2.077E-24 2.352E-17 2.476E-15 4.907E-13 1.756E-20 6.983E-41 7.433E-79 2.196-105 8.676E-18 9.990E-31 7.809E-64 6.908E-07 9.664E-15 4.019E-13 2.389E-16 9.940E-10 1.120E-16 1.027E-21 2.053E-04 2.841E-12 1.000E-38
  2.978E-04 2.411E+02 5.775E+06 3.232E-07 1.049E-01 6.714E-06 1.028E-10 5.589E-10 2.481E-10 1.948E-11 8.093E-07 5.753E-08 7.847E-19 1.707E-11 2.611E-07 6.336E-16 1.817E-18 2.079E-09 3.000E-12 9.770E-18 1.706E-24 1.199E-23 2.441E-24 2.586E-17 2.473E-15 4.905E-13 1.843E-20 8.090E-41 8.753E-79 2.188-105 7.986E-18 1.107E-30 9.328E-64 6.526E-07 7.531E-15 4.445E-13 1.953E-16 9.523E-10 8.795E-17 6.436E-22 2.052E-04 2.348E-12 1.000E-38
  2.780E-04 2.404E+02 5.825E+06 3.464E-07 1.049E-01 6.686E-06 1.204E-10 5.727E-10 2.542E-10 1.931E-11 8.380E-07 6.306E-08 7.820E-19 1.621E-11 2.591E-07 6.653E-16 2.064E-18 1.997E-09 2.600E-12 9.616E-18 1.744E-24 1.271E-23 2.869E-24 2.842E-17 2.471E-15 4.902E-13 1.936E-20 9.400E-41 1.036E-78 2.180-105 7.350E-18 1.227E-30 1.117E-63 6.160E-07 5.889E-15 4.911E-13 1.600E-16 9.131E-10 6.934E-17 4.051E-22 2.052E-04 1.924E-12 1.000E-38
  2.596E-04 2.397E+02 5.875E+06 3.710E-07 1.049E-01 6.656E-06 1.410E-10 5.873E-10 2.607E-10 1.917E-11 8.681E-07 6.915E-08 7.790E-19 1.538E-11 2.570E-07 6.978E-16 2.338E-18 1.920E-09 2.261E-12 9.476E-18 1.788E-24 1.350E-23 3.371E-24 3.124E-17 2.468E-15 4.900E-13 2.038E-20 1.096E-40 1.235E-78 2.172-105 6.765E-18 1.361E-30 1.341E-63 5.810E-07 4.622E-15 5.422E-13 1.314E-16 8.761E-10 5.487E-17 2.563E-22 2.052E-04 1.564E-12 1.000E-38
  2.422E-04 2.389E+02 5.925E+06 3.971E-07 1.049E-01 6.624E-06 1.652E-10 6.027E-10 2.676E-10 1.906E-11 8.996E-07 7.583E-08 7.756E-19 1.459E-11 2.548E-07 7.312E-16 2.640E-18 1.845E-09 1.973E-12 9.347E-18 1.839E-24 1.438E-23 3.961E-24 3.433E-17 2.464E-15 4.897E-13 2.149E-20 1.282E-40 1.480E-78 2.164-105 6.226E-18 1.508E-30 1.615E-63 5.476E-07 3.641E-15 5.981E-13 1.082E-16 8.412E-10 4.360E-17 1.630E-22 2.051E-04 1.260E-12 1.000E-38
  2.260E-04 2.382E+02 5.975E+06 4.246E-07 1.049E-01 6.592E-06 1.937E-10 6.190E-10 2.750E-10 1.899E-11 9.326E-07 8.317E-08 7.719E-19 1.384E-11 2.527E-07 7.653E-16 2.975E-18 1.774E-09 1.727E-12 9.230E-18 1.898E-24 1.535E-23 4.654E-24 3.773E-17 2.461E-15 4.894E-13 2.269E-20 1.503E-40 1.784E-78 2.156-105 5.730E-18 1.671E-30 1.950E-63 5.158E-07 2.880E-15 6.594E-13 8.927E-17 8.083E-10 3.479E-17 1.043E-22 2.051E-04 1.005E-12 1.000E-38
  2.109E-04 2.375E+02 6.025E+06 4.538E-07 1.049E-01 6.557E-06 2.272E-10 6.363E-10 2.828E-10 1.895E-11 9.671E-07 9.121E-08 7.680E-19 1.312E-11 2.504E-07 8.000E-16 3.343E-18 1.706E-09 1.518E-12 9.125E-18 1.964E-24 1.643E-23 5.467E-24 4.145E-17 2.457E-15 4.891E-13 2.399E-20 1.769E-40 2.162E-78 2.147-105 5.272E-18 1.850E-30 2.360E-63 4.855E-07 2.288E-15 7.265E-13 7.388E-17 7.771E-10 2.787E-17 6.711E-23 2.051E-04 7.931E-13 1.000E-38
  1.967E-04 2.368E+02 6.075E+06 4.847E-07 1.049E-01 6.521E-06 2.666E-10 6.547E-10 2.912E-10 1.894E-11 1.003E-06 1.000E-07 7.638E-19 1.243E-11 2.482E-07 8.352E-16 3.747E-18 1.641E-09 1.339E-12 9.031E-18 2.038E-24 1.762E-23 6.422E-24 4.554E-17 2.452E-15 4.888E-13 2.540E-20 2.086E-40 2.634E-78 2.138-105 4.851E-18 2.048E-30 2.863E-63 4.566E-07 1.824E-15 7.999E-13 6.132E-17 7.476E-10 2.242E-17 4.346E-23 2.050E-04 6.193E-13 1.000E-38
  1.834E-04 2.360E+02 6.125E+06 5.175E-07 1.048E-01 6.483E-06 3.130E-10 6.741E-10 3.000E-10 1.897E-11 1.041E-06 1.096E-07 7.596E-19 1.177E-11 2.458E-07 8.707E-16 4.191E-18 1.579E-09 1.185E-12 8.949E-18 2.122E-24 1.895E-23 7.544E-24 5.002E-17 2.447E-15 4.885E-13 2.692E-20 2.468E-40 3.225E-78 2.129-105 4.463E-18 2.265E-30 3.481E-63 4.292E-07 1.461E-15 8.802E-13 5.106E-17 7.196E-10 1.812E-17 2.832E-23 2.050E-04 4.779E-13 1.000E-38
  1.710E-04 2.353E+02 6.175E+06 5.523E-07 1.048E-01 6.443E-06 3.678E-10 6.946E-10 3.094E-10 1.903E-11 1.081E-06 1.201E-07 7.555E-19 1.115E-11 2.434E-07 9.066E-16 4.678E-18 1.519E-09 1.053E-12 8.879E-18 2.215E-24 2.041E-23 8.859E-24 5.492E-17 2.442E-15 4.882E-13 2.856E-20 2.926E-40 3.965E-78 2.119-105 4.106E-18 2.504E-30 4.239E-63 4.032E-07 1.176E-15 9.679E-13 4.265E-17 6.930E-10 1.471E-17 1.858E-23 2.049E-04 3.642E-13 1.000E-38
  1.594E-04 2.346E+02 6.225E+06 5.892E-07 1.048E-01 6.401E-06 4.325E-10 7.164E-10 3.194E-10 1.913E-11 1.122E-06 1.316E-07 7.520E-19 1.055E-11 2.409E-07 9.426E-16 5.210E-18 1.463E-09 9.394E-13 8.821E-18 2.319E-24 2.204E-23 1.040E-23 6.030E-17 2.436E-15 4.878E-13 3.034E-20 3.478E-40 4.898E-78 2.109-105 3.777E-18 2.766E-30 5.174E-63 3.786E-07 9.501E-16 1.064E-12 3.574E-17 6.678E-10 1.199E-17 1.227E-23 2.049E-04 2.740E-13 1.000E-38
  1.486E-04 2.338E+02 6.275E+06 6.283E-07 1.048E-01 6.357E-06 5.091E-10 7.396E-10 3.300E-10 1.927E-11 1.166E-06 1.441E-07 7.498E-19 9.994E-12 2.383E-07 9.792E-16 5.791E-18 1.409E-09 8.415E-13 8.775E-18 2.436E-24 2.386E-23 1.221E-23 6.616E-17 2.429E-15 4.875E-13 3.226E-20 4.143E-40 6.076E-78 2.099-105 3.473E-18 3.053E-30 6.325E-63 3.552E-07 7.715E-16 1.169E-12 3.005E-17 6.438E-10 9.821E-18 8.164E-24 2.048E-04 2.031E-13 1.000E-38
  1.385E-04 2.331E+02 6.325E+06 6.697E-07 1.048E-01 6.311E-06 5.997E-10 7.644E-10 3.414E-10 1.946E-11 1.212E-06 1.578E-07 7.503E-19 9.476E-12 2.356E-07 1.017E-15 6.424E-18 1.358E-09 7.571E-13 8.745E-18 2.569E-24 2.590E-23 1.433E-23 7.258E-17 2.422E-15 4.871E-13 3.435E-20 4.952E-40 7.584E-78 2.089-105 3.194E-18 3.369E-30 7.752E-63 3.331E-07 6.296E-16 1.283E-12 2.536E-17 6.210E-10 8.086E-18 5.471E-24 2.048E-04 1.484E-13 1.000E-38
  1.290E-04 2.324E+02 6.375E+06 7.134E-07 1.048E-01 6.263E-06 7.072E-10 7.911E-10 3.537E-10 1.972E-11 1.260E-06 1.726E-07 7.559E-19 9.009E-12 2.328E-07 1.057E-15 7.114E-18 1.309E-09 6.842E-13 8.733E-18 2.724E-24 2.821E-23 1.681E-23 7.958E-17 2.414E-15 4.867E-13 3.663E-20 5.940E-40 9.530E-78 2.078-105 2.937E-18 3.718E-30 9.526E-63 3.120E-07 5.168E-16 1.408E-12 2.148E-17 5.992E-10 6.696E-18 3.695E-24 2.047E-04 1.067E-13 1.000E-38
  1.201E-04 2.316E+02 6.425E+06 7.592E-07 1.048E-01 6.212E-06 8.349E-10 8.201E-10 3.672E-10 2.007E-11 1.310E-06 1.888E-07 7.706E-19 8.609E-12 2.299E-07 1.102E-15 7.864E-18 1.263E-09 6.216E-13 8.743E-18 2.909E-24 3.088E-23 1.971E-23 8.720E-17 2.405E-15 4.862E-13 3.915E-20 7.162E-40 1.210E-77 2.066-105 2.700E-18 4.104E-30 1.176E-62 2.918E-07 4.271E-16 1.545E-12 1.827E-17 5.784E-10 5.581E-18 2.518E-24 2.047E-04 7.535E-14 1.000E-38
  1.119E-04 2.309E+02 6.475E+06 8.067E-07 1.048E-01 6.159E-06 9.871E-10 8.522E-10 3.822E-10 2.055E-11 1.363E-06 2.063E-07 8.010E-19 8.301E-12 2.269E-07 1.156E-15 8.678E-18 1.220E-09 5.683E-13 8.782E-18 3.136E-24 3.401E-23 2.310E-23 9.547E-17 2.396E-15 4.858E-13 4.198E-20 8.698E-40 1.557E-77 2.055-105 2.482E-18 4.535E-30 1.460E-62 2.725E-07 3.558E-16 1.693E-12 1.561E-17 5.586E-10 4.691E-18 1.733E-24 2.046E-04 5.227E-14 1.000E-38
  1.042E-04 2.302E+02 6.525E+06 8.553E-07 1.048E-01 6.103E-06 1.169E-09 8.884E-10 3.992E-10 2.121E-11 1.418E-06 2.254E-07 8.577E-19 8.124E-12 2.237E-07 1.229E-15 9.562E-18 1.179E-09 5.233E-13 8.860E-18 3.425E-24 3.779E-23 2.705E-23 1.044E-16 2.386E-15 4.853E-13 4.522E-20 1.067E-39 2.044E-77 2.043-105 2.282E-18 5.022E-30 1.829E-62 2.537E-07 2.993E-16 1.853E-12 1.341E-17 5.396E-10 3.984E-18 1.207E-24 2.046E-04 3.555E-14 1.000E-38
  9.696E-05 2.294E+02 6.575E+06 9.041E-07 1.048E-01 6.044E-06 1.387E-09 9.301E-10 4.190E-10 2.211E-11 1.477E-06 2.461E-07 9.562E-19 8.130E-12 2.204E-07 1.332E-15 1.052E-17 1.140E-09 4.864E-13 8.989E-18 3.806E-24 4.247E-23 3.163E-23 1.141E-16 2.375E-15 4.848E-13 4.904E-20 1.327E-39 2.755E-77 2.030-105 2.098E-18 5.578E-30 2.319E-62 2.354E-07 2.550E-16 2.027E-12 1.160E-17 5.215E-10 3.428E-18 8.532E-25 2.045E-04 2.368E-14 1.000E-38
  9.023E-05 2.287E+02 6.625E+06 9.519E-07 1.048E-01 5.982E-06 1.650E-09 9.790E-10 4.424E-10 2.332E-11 1.538E-06 2.686E-07 1.120E-18 8.388E-12 2.170E-07 1.486E-15 1.156E-17 1.104E-09 4.571E-13 9.186E-18 4.320E-24 4.845E-23 3.693E-23 1.244E-16 2.364E-15 4.843E-13 5.362E-20 1.678E-39 3.840E-77 2.018-105 1.929E-18 6.223E-30 2.985E-62 2.175E-07 2.205E-16 2.213E-12 1.010E-17 5.041E-10 2.998E-18 6.137E-25 2.044E-04 1.542E-14 1.000E-38
  8.395E-05 2.280E+02 6.675E+06 9.975E-07 1.048E-01 5.917E-06 1.968E-09 1.037E-09 4.707E-10 2.495E-11 1.603E-06 2.930E-07 1.379E-18 8.990E-12 2.134E-07 1.721E-15 1.268E-17 1.070E-09 4.353E-13 9.467E-18 5.029E-24 5.625E-23 4.304E-23 1.354E-16 2.351E-15 4.838E-13 5.922E-20 2.165E-39 5.573E-77 2.004-105 1.775E-18 6.985E-30 3.911E-62 1.998E-07 1.943E-16 2.410E-12 8.875E-18 4.874E-10 2.673E-18 4.507E-25 2.043E-04 9.808E-15 1.000E-38
  7.809E-05 2.273E+02 6.725E+06 1.039E-06 1.048E-01 5.848E-06 2.356E-09 1.108E-09 5.050E-10 2.712E-11 1.670E-06 3.194E-07 1.779E-18 1.005E-11 2.096E-07 2.079E-15 1.390E-17 1.039E-09 4.209E-13 9.852E-18 6.019E-24 6.661E-23 5.003E-23 1.469E-16 2.338E-15 4.832E-13 6.614E-20 2.859E-39 8.463E-77 1.990-105 1.634E-18 7.900E-30 5.229E-62 1.824E-07 1.747E-16 2.618E-12 7.879E-18 4.714E-10 2.437E-18 3.390E-25 2.042E-04 6.078E-15 1.000E-38
  7.262E-05 2.265E+02 6.775E+06 1.077E-06 1.048E-01 5.776E-06 2.831E-09 1.193E-09 5.467E-10 2.993E-11 1.742E-06 3.481E-07 2.374E-18 1.169E-11 2.057E-07 2.618E-15 1.521E-17 1.009E-09 4.136E-13 1.036E-17 7.408E-24 8.054E-23 5.799E-23 1.589E-16 2.325E-15 4.826E-13 7.472E-20 3.865E-39 1.346E-76 1.976-105 1.507E-18 9.016E-30 7.129E-62 1.655E-07 1.608E-16 2.835E-12 7.071E-18 4.559E-10 2.276E-18 2.618E-25 2.042E-04 3.664E-15 1.000E-38
  6.752E-05 2.258E+02 6.825E+06 1.110E-06 1.048E-01 5.701E-06 3.415E-09 1.296E-09 5.972E-10 3.353E-11 1.817E-06 3.791E-07 3.236E-18 1.406E-11 2.015E-07 3.415E-15 1.663E-17 9.825E-10 4.130E-13 1.101E-17 9.354E-24 9.934E-23 6.699E-23 1.713E-16 2.311E-15 4.820E-13 8.531E-20 5.338E-39 2.233E-76 1.961-105 1.392E-18 1.040E-29 9.896E-62 1.493E-07 1.513E-16 3.057E-12 6.419E-18 4.411E-10 2.176E-18 2.076E-25 2.041E-04 2.144E-15 1.000E-38
  6.277E-05 2.251E+02 6.875E+06 1.139E-06 1.048E-01 5.621E-06 4.136E-09 1.418E-09 6.576E-10 3.804E-11 1.895E-06 4.128E-07 4.452E-18 1.732E-11 1.972E-07 4.571E-15 1.816E-17 9.578E-10 4.187E-13 1.181E-17 1.206E-23 1.246E-22 7.707E-23 1.839E-16 2.297E-15 4.813E-13 9.816E-20 7.499E-39 3.833E-76 1.946-105 1.288E-18 1.212E-29 1.391E-61 1.339E-07 1.454E-16 3.282E-12 5.888E-18 4.268E-10 2.125E-18 1.688E-25 2.040E-04 1.215E-15 1.000E-38
  5.833E-05 2.244E+02 6.925E+06 1.166E-06 1.047E-01 5.537E-06 5.029E-09 1.561E-09 7.286E-10 4.356E-11 1.978E-06 4.492E-07 6.124E-18 2.161E-11 1.927E-07 6.210E-15 1.981E-17 9.354E-10 4.297E-13 1.277E-17 1.577E-23 1.583E-22 8.830E-23 1.966E-16 2.282E-15 4.806E-13 1.135E-19 1.065E-38 6.723E-76 1.930-105 1.195E-18 1.428E-29 1.967E-61 1.196E-07 1.422E-16 3.507E-12 5.452E-18 4.130E-10 2.113E-18 1.402E-25 2.039E-04 6.658E-16 1.000E-38
  5.420E-05 2.237E+02 6.975E+06 1.192E-06 1.047E-01 5.449E-06 6.137E-09 1.727E-09 8.109E-10 5.017E-11 2.065E-06 4.887E-07 8.372E-18 2.705E-11 1.881E-07 8.478E-15 2.159E-17 9.151E-10 4.450E-13 1.390E-17 2.075E-23 2.024E-22 1.007E-22 2.091E-16 2.268E-15 4.798E-13 1.313E-19 1.518E-38 1.186E-75 1.914-105 1.112E-18 1.699E-29 2.778E-61 1.066E-07 1.409E-16 3.729E-12 5.084E-18 3.996E-10 2.126E-18 1.183E-25 2.037E-04 3.514E-16 1.000E-38
  5.035E-05 2.231E+02 7.025E+06 1.220E-06 1.047E-01 5.356E-06 7.517E-09 1.916E-09 9.043E-10 5.790E-11 2.156E-06 5.315E-07 1.133E-17 3.375E-11 1.832E-07 1.154E-14 2.350E-17 8.970E-10 4.632E-13 1.519E-17 2.730E-23 2.591E-22 1.144E-22 2.214E-16 2.253E-15 4.791E-13 1.513E-19 2.155E-38 2.074E-75 1.897-105 1.037E-18 2.040E-29 3.887E-61 9.500E-08 1.407E-16 3.949E-12 4.766E-18 3.867E-10 2.153E-18 1.009E-25 2.036E-04 1.782E-16 1.000E-38
  4.677E-05 2.224E+02 7.075E+06 1.252E-06 1.047E-01 5.259E-06 9.239E-09 2.128E-09 1.009E-09 6.673E-11 2.251E-06 5.778E-07 1.514E-17 4.175E-11 1.782E-07 1.556E-14 2.555E-17 8.809E-10 4.825E-13 1.664E-17 3.563E-23 3.302E-22 1.293E-22 2.333E-16 2.239E-15 4.782E-13 1.730E-19 3.022E-38 3.541E-75 1.879-105 9.692E-19 2.465E-29 5.350E-61 8.478E-08 1.408E-16 4.165E-12 4.479E-18 3.742E-10 2.182E-18 8.639E-26 2.035E-04 8.654E-17 1.000E-38
  4.343E-05 2.217E+02 7.125E+06 1.291E-06 1.047E-01 5.157E-06 1.139E-08 2.362E-09 1.123E-09 7.654E-11 2.351E-06 6.278E-07 1.997E-17 5.105E-11 1.729E-07 2.072E-14 2.773E-17 8.670E-10 5.014E-13 1.823E-17 4.590E-23 4.170E-22 1.457E-22 2.450E-16 2.225E-15 4.774E-13 1.957E-19 4.164E-38 5.831E-75 1.861-105 9.077E-19 2.991E-29 7.203E-61 7.590E-08 1.406E-16 4.380E-12 4.211E-18 3.621E-10 2.200E-18 7.383E-26 2.034E-04 4.010E-17 1.000E-38
  4.032E-05 2.211E+02 7.175E+06 1.339E-06 1.047E-01 5.050E-06 1.410E-08 2.615E-09 1.245E-09 8.717E-11 2.455E-06 6.820E-07 2.596E-17 6.161E-11 1.676E-07 2.713E-14 3.003E-17 8.551E-10 5.179E-13 1.995E-17 5.809E-23 5.196E-22 1.636E-22 2.563E-16 2.211E-15 4.764E-13 2.185E-19 5.610E-38 9.176E-75 1.842-105 8.511E-19 3.638E-29 9.447E-61 6.825E-08 1.393E-16 4.596E-12 3.956E-18 3.503E-10 2.199E-18 6.269E-26 2.032E-04 1.765E-17 1.000E-38
  3.743E-05 2.205E+02 7.225E+06 1.399E-06 1.047E-01 4.938E-06 1.749E-08 2.885E-09 1.375E-09 9.833E-11 2.563E-06 7.405E-07 3.327E-17 7.332E-11 1.621E-07 3.488E-14 3.243E-17 8.451E-10 5.306E-13 2.179E-17 7.197E-23 6.374E-22 1.832E-22 2.673E-16 2.198E-15 4.755E-13 2.402E-19 7.367E-38 1.371E-74 1.822-105 7.986E-19 4.426E-29 1.204E-60 6.169E-08 1.367E-16 4.819E-12 3.705E-18 3.389E-10 2.169E-18 5.267E-26 2.030E-04 7.349E-18 1.000E-38
  3.473E-05 2.199E+02 7.275E+06 1.474E-06 1.047E-01 4.821E-06 2.176E-08 3.169E-09 1.509E-09 1.097E-10 2.676E-06 8.036E-07 4.204E-17 8.603E-11 1.564E-07 4.397E-14 3.489E-17 8.371E-10 5.384E-13 2.372E-17 8.711E-23 7.686E-22 2.047E-22 2.783E-16 2.184E-15 4.744E-13 2.599E-19 9.420E-38 1.941E-74 1.802-105 7.491E-19 5.375E-29 1.490E-60 5.609E-08 1.324E-16 5.053E-12 3.459E-18 3.278E-10 2.107E-18 4.368E-26 2.029E-04 2.878E-18 1.000E-38
  3.223E-05 2.193E+02 7.325E+06 1.566E-06 1.047E-01 4.699E-06 2.715E-08 3.465E-09 1.646E-09 1.208E-10 2.793E-06 8.716E-07 5.240E-17 9.950E-11 1.507E-07 5.427E-14 3.737E-17 8.311E-10 5.404E-13 2.574E-17 1.027E-22 9.103E-22 2.285E-22 2.891E-16 2.170E-15 4.733E-13 2.765E-19 1.171E-37 2.599E-74 1.781-105 7.021E-19 6.507E-29 1.790E-60 5.130E-08 1.261E-16 5.303E-12 3.215E-18 3.170E-10 2.012E-18 3.566E-26 2.027E-04 1.054E-18 1.000E-38
  2.990E-05 2.187E+02 7.375E+06 1.679E-06 1.046E-01 4.572E-06 3.400E-08 3.769E-09 1.784E-09 1.311E-10 2.913E-06 9.448E-07 6.442E-17 1.135E-10 1.449E-07 6.553E-14 3.979E-17 8.270E-10 5.359E-13 2.783E-17 1.177E-22 1.057E-21 2.547E-22 3.000E-16 2.156E-15 4.722E-13 2.892E-19 1.414E-37 3.277E-74 1.759-105 6.568E-19 7.844E-29 2.084E-60 4.723E-08 1.178E-16 5.573E-12 2.976E-18 3.065E-10 1.880E-18 2.852E-26 2.025E-04 3.584E-19 1.000E-38
  2.773E-05 2.186E+02 7.425E+06 1.825E-06 1.046E-01 4.440E-06 4.282E-08 4.058E-09 1.912E-09 1.398E-10 3.037E-06 1.023E-06 7.845E-17 1.275E-10 1.390E-07 7.759E-14 4.209E-17 8.249E-10 5.196E-13 2.985E-17 1.301E-22 1.189E-21 2.838E-22 3.100E-16 2.143E-15 4.710E-13 2.937E-19 1.630E-37 3.749E-74 1.737-105 6.126E-19 9.411E-29 2.305E-60 4.342E-08 1.073E-16 5.859E-12 2.699E-18 2.963E-10 1.697E-18 2.194E-26 2.023E-04 1.120E-19 1.000E-38
  2.572E-05 2.186E+02 7.475E+06 2.004E-06 1.046E-01 4.303E-06 5.401E-08 4.337E-09 2.031E-09 1.469E-10 3.165E-06 1.108E-06 9.432E-17 1.414E-10 1.331E-07 8.965E-14 4.418E-17 8.248E-10 4.963E-13 3.183E-17 1.396E-22 1.308E-21 3.168E-22 3.208E-16 2.129E-15 4.697E-13 2.932E-19 1.825E-37 4.042E-74 1.713-105 5.700E-19 1.123E-28 2.478E-60 4.014E-08 9.566E-17 6.188E-12 2.430E-18 2.864E-10 1.494E-18 1.642E-26 2.021E-04 3.187E-20 1.000E-38
  2.386E-05 2.186E+02 7.525E+06 2.215E-06 1.046E-01 4.161E-06 6.811E-08 4.603E-09 2.141E-09 1.524E-10 3.294E-06 1.199E-06 1.120E-16 1.548E-10 1.272E-07 1.012E-13 4.596E-17 8.266E-10 4.684E-13 3.377E-17 1.466E-22 1.416E-21 3.542E-22 3.325E-16 2.114E-15 4.683E-13 2.888E-19 2.000E-37 4.178E-74 1.689-105 5.296E-19 1.333E-28 2.613E-60 3.727E-08 8.373E-17 6.570E-12 2.175E-18 2.767E-10 1.290E-18 1.205E-26 2.019E-04 8.149E-21 1.000E-38
  2.213E-05 2.186E+02 7.575E+06 2.460E-06 1.046E-01 4.016E-06 8.586E-08 4.864E-09 2.245E-09 1.566E-10 3.425E-06 1.296E-06 1.314E-16 1.675E-10 1.213E-07 1.118E-13 4.737E-17 8.306E-10 4.389E-13 3.575E-17 1.516E-22 1.520E-21 3.965E-22 3.451E-16 2.097E-15 4.669E-13 2.820E-19 2.166E-37 4.216E-74 1.664-105 4.921E-19 1.572E-28 2.725E-60 3.463E-08 7.234E-17 7.006E-12 1.939E-18 2.672E-10 1.101E-18 8.732E-27 2.016E-04 1.845E-21 1.000E-38
  2.053E-05 2.186E+02 7.625E+06 2.732E-06 1.045E-01 3.866E-06 1.084E-07 5.145E-09 2.356E-09 1.598E-10 3.557E-06 1.399E-06 1.525E-16 1.790E-10 1.154E-07 1.215E-13 4.833E-17 8.367E-10 4.112E-13 3.799E-17 1.558E-22 1.635E-21 4.432E-22 3.576E-16 2.081E-15 4.653E-13 2.749E-19 2.346E-37 4.257E-74 1.638-105 4.582E-19 1.842E-28 2.839E-60 3.207E-08 6.200E-17 7.482E-12 1.730E-18 2.580E-10 9.364E-19 6.307E-27 2.013E-04 3.625E-22 1.000E-38
  1.904E-05 2.186E+02 7.675E+06 3.031E-06 1.045E-01 3.714E-06 1.376E-07 5.479E-09 2.486E-09 1.618E-10 3.687E-06 1.509E-06 1.751E-16 1.890E-10 1.096E-07 1.301E-13 4.881E-17 8.451E-10 3.874E-13 4.075E-17 1.595E-22 1.779E-21 4.934E-22 3.691E-16 2.065E-15 4.637E-13 2.685E-19 2.564E-37 4.373E-74 1.611-105 4.286E-19 2.146E-28 2.972E-60 2.951E-08 5.280E-17 7.989E-12 1.550E-18 2.490E-10 7.981E-19 4.567E-27 2.011E-04 6.025E-23 1.000E-38
  1.767E-05 2.186E+02 7.725E+06 3.385E-06 1.045E-01 3.558E-06 1.770E-07 5.877E-09 2.639E-09 1.613E-10 3.815E-06 1.626E-06 1.990E-16 1.966E-10 1.039E-07 1.365E-13 4.876E-17 8.558E-10 3.643E-13 4.412E-17 1.597E-22 1.942E-21 5.477E-22 3.798E-16 2.050E-15 4.620E-13 2.609E-19 2.782E-37 4.432E-74 1.583-105 4.041E-19 2.488E-28 3.081E-60 2.711E-08 4.432E-17 8.561E-12 1.394E-18 2.403E-10 6.745E-19 3.289E-27 2.008E-04 8.164E-24 1.000E-38
  1.639E-05 2.186E+02 7.775E+06 3.906E-06 1.045E-01 3.398E-06 2.324E-07 6.240E-09 2.766E-09 1.553E-10 3.937E-06 1.750E-06 2.241E-16 2.007E-10 9.834E-08 1.374E-13 4.818E-17 8.690E-10 3.298E-13 4.733E-17 1.487E-22 2.018E-21 6.120E-22 3.935E-16 2.031E-15 4.602E-13 2.440E-19 2.803E-37 3.871E-74 1.554-105 3.853E-19 2.876E-28 2.985E-60 2.541E-08 3.576E-17 9.356E-12 1.240E-18 2.318E-10 5.431E-19 2.271E-27 2.004E-04 8.526E-25 1.000E-38
  1.520E-05 2.186E+02 7.825E+06 4.881E-06 1.044E-01 3.235E-06 3.117E-07 6.280E-09 2.743E-09 1.400E-10 4.051E-06 1.881E-06 2.505E-16 1.996E-10 9.291E-08 1.269E-13 4.711E-17 8.843E-10 2.675E-13 4.809E-17 1.180E-22 1.788E-21 7.041E-22 4.197E-16 2.000E-15 4.582E-13 2.059E-19 2.295E-37 2.232E-74 1.525-105 3.732E-19 3.318E-28 2.419E-60 2.539E-08 2.668E-17 1.073E-11 1.055E-18 2.235E-10 3.887E-19 1.404E-27 2.001E-04 6.230E-26 1.000E-38
  1.410E-05 2.186E+02 7.875E+06 6.890E-06 1.044E-01 3.067E-06 4.221E-07 5.700E-09 2.451E-09 1.151E-10 4.151E-06 2.019E-06 2.791E-16 1.905E-10 8.764E-08 1.030E-13 4.566E-17 9.016E-10 1.808E-13 4.386E-17 7.377E-23 1.198E-21 8.500E-22 4.698E-16 1.945E-15 4.562E-13 1.464E-19 1.324E-37 6.410E-75 1.494-105 3.703E-19 3.817E-28 1.450E-60 2.821E-08 1.789E-17 1.322E-11 8.205E-19 2.155E-10 2.322E-19 7.284E-28 1.998E-04 2.584E-27 1.000E-38
  1.308E-05 2.186E+02 7.925E+06 1.089E-05 1.044E-01 2.898E-06 5.652E-07 4.639E-09 1.947E-09 8.583E-11 4.237E-06 2.165E-06 3.126E-16 1.715E-10 8.255E-08 7.366E-14 4.397E-17 9.209E-10 1.014E-13 3.542E-17 3.608E-23 5.931E-22 1.067E-21 5.468E-16 1.862E-15 4.541E-13 8.661E-20 5.243E-38 8.686E-76 1.463-105 3.800E-19 4.358E-28 6.205E-61 3.480E-08 1.088E-17 1.727E-11 5.668E-19 2.077E-10 1.156E-19 3.134E-28 1.994E-04 2.511E-29 1.000E-38
  1.214E-05 2.186E+02 7.975E+06 1.819E-05 1.044E-01 2.729E-06 7.361E-07 3.544E-09 1.425E-09 5.938E-11 4.306E-06 2.316E-06 3.518E-16 1.439E-10 7.765E-08 4.900E-14 4.216E-17 9.426E-10 5.102E-14 2.633E-17 1.467E-23 2.380E-22 1.349E-21 6.408E-16 1.762E-15 4.518E-13 4.499E-20 1.598E-38 6.989E-77 1.430-105 4.055E-19 4.895E-28 2.058E-61 4.553E-08 6.223E-18 2.310E-11 3.527E-19 2.001E-10 5.061E-20 1.173E-28 1.990E-04 2.896E-30 1.000E-38
  1.126E-05 2.186E+02 8.025E+06 3.052E-05 1.043E-01 2.562E-06 9.278E-07 2.675E-09 1.004E-09 3.899E-11 4.362E-06 2.473E-06 3.933E-16 1.129E-10 7.292E-08 3.202E-14 4.028E-17 9.680E-10 2.545E-14 1.891E-17 5.258E-24 8.697E-23 1.676E-21 7.382E-16 1.658E-15 4.494E-13 2.201E-20 4.335E-39 4.443E-78 1.397-105 4.481E-19 5.358E-28 5.970E-62 6.035E-08 3.448E-18 3.073E-11 2.082E-19 1.928E-10 2.059E-20 4.039E-29 1.986E-04 2.814E-31 1.000E-38
  1.045E-05 2.186E+02 8.075E+06 4.996E-05 1.043E-01 2.399E-06 1.134E-06 2.052E-09 7.006E-10 2.469E-11 4.406E-06 2.635E-06 4.325E-16 8.429E-11 6.835E-08 2.120E-14 3.833E-17 9.985E-10 1.365E-14 1.354E-17 1.713E-24 3.125E-23 2.032E-21 8.299E-16 1.560E-15 4.468E-13 1.064E-20 1.155E-39 2.715E-79 1.362-105 5.075E-19 5.675E-28 1.660E-62 7.905E-08 1.877E-18 4.028E-11 1.247E-19 1.855E-10 8.089E-21 1.340E-29 1.981E-04 2.273E-32 1.000E-38
  9.691E-06 2.186E+02 8.125E+06 7.893E-05 1.042E-01 2.240E-06 1.347E-06 1.617E-09 4.916E-10 1.523E-11 4.441E-06 2.803E-06 4.671E-16 6.152E-11 6.394E-08 1.442E-14 3.632E-17 1.035E-09 8.304E-15 9.807E-18 5.170E-25 1.151E-23 2.409E-21 9.117E-16 1.471E-15 4.440E-13 5.225E-21 3.192E-40 1.783E-80 1.326-105 5.814E-19 5.798E-28 4.679E-63 1.013E-07 1.013E-18 5.205E-11 8.043E-20 1.784E-10 3.165E-21 4.456E-30 1.976E-04 1.504E-33 1.000E-38
  8.991E-06 2.186E+02 8.175E+06 1.202E-04 1.042E-01 2.086E-06 1.563E-06 1.310E-09 3.488E-10 9.201E-12 4.468E-06 2.975E-06 4.971E-16 4.489E-11 5.972E-08 1.011E-14 3.427E-17 1.080E-09 5.821E-15 7.237E-18 1.458E-25 4.424E-24 2.802E-21 9.833E-16 1.392E-15 4.410E-13 2.640E-21 9.367E-41 1.319E-81 1.289-105 6.669E-19 5.717E-28 1.375E-63 1.267E-07 5.451E-19 6.671E-11 5.744E-20 1.715E-10 1.265E-21 1.555E-30 1.971E-04 8.063E-35 1.000E-38
  8.341E-06 2.186E+02 8.225E+06 1.770E-04 1.041E-01 1.939E-06 1.778E-06 1.087E-09 2.507E-10 5.463E-12 4.489E-06 3.152E-06 5.235E-16 3.317E-11 5.567E-08 7.293E-15 3.218E-17 1.133E-09 4.615E-15 5.448E-18 3.861E-26 1.781E-24 3.214E-21 1.045E-15 1.322E-15 4.379E-13 1.377E-21 2.939E-41 1.116E-82 1.250-105 7.603E-19 5.462E-28 4.260E-64 1.549E-07 2.931E-19 8.538E-11 4.513E-20 1.647E-10 5.280E-22 6.033E-31 1.966E-04 3.442E-36 1.000E-38
  7.739E-06 2.186E+02 8.275E+06 2.526E-04 1.040E-01 1.798E-06 1.988E-06 9.200E-10 1.825E-10 3.191E-12 4.505E-06 3.332E-06 5.462E-16 2.494E-11 5.181E-08 5.398E-15 3.006E-17 1.197E-09 4.001E-15 4.184E-18 9.643E-27 7.514E-25 3.648E-21 1.099E-15 1.260E-15 4.345E-13 7.423E-22 9.861E-42 1.080E-83 1.210-105 8.581E-19 5.084E-28 1.396E-64 1.856E-07 1.580E-19 1.098E-10 3.804E-20 1.581E-10 2.353E-22 2.761E-31 1.961E-04 1.150E-37 1.000E-38
  7.180E-06 2.186E+02 8.325E+06 3.508E-04 1.039E-01 1.664E-06 2.191E-06 7.912E-10 1.345E-10 1.834E-12 4.518E-06 3.516E-06 5.652E-16 1.910E-11 4.814E-08 4.087E-15 2.795E-17 1.272E-09 3.677E-15 3.276E-18 2.283E-27 3.316E-25 4.106E-21 1.147E-15 1.204E-15 4.309E-13 4.129E-22 3.527E-42 1.190E-84 1.169-105 9.566E-19 4.636E-28 4.837E-65 2.182E-07 8.567E-20 1.428E-10 3.354E-20 1.517E-10 1.136E-22 1.525E-31 1.955E-04 1.000E-38 1.000E-38
  6.662E-06 2.186E+02 8.375E+06 4.757E-04 1.038E-01 1.537E-06 2.386E-06 6.889E-10 1.002E-10 1.037E-12 4.527E-06 3.704E-06 5.799E-16 1.488E-11 4.466E-08 3.157E-15 2.584E-17 1.360E-09 3.502E-15 2.610E-18 5.167E-28 1.526E-25 4.592E-21 1.188E-15 1.153E-15 4.271E-13 2.367E-22 1.340E-42 1.485E-85 1.127-105 1.052E-18 4.166E-28 1.769E-65 2.524E-07 4.690E-20 1.884E-10 3.038E-20 1.454E-10 5.958E-23 9.823E-32 1.949E-04 1.000E-38 1.000E-38
  6.181E-06 2.186E+02 8.425E+06 6.312E-04 1.036E-01 1.417E-06 2.572E-06 6.055E-10 7.554E-11 5.773E-13 4.534E-06 3.894E-06 5.901E-16 1.177E-11 4.136E-08 2.484E-15 2.377E-17 1.461E-09 3.409E-15 2.113E-18 1.137E-28 7.309E-26 5.111E-21 1.225E-15 1.107E-15 4.231E-13 1.395E-22 5.385E-43 2.094E-86 1.084-105 1.142E-18 3.708E-28 6.812E-66 2.876E-07 2.605E-20 2.529E-10 2.795E-20 1.393E-10 3.366E-23 6.978E-32 1.942E-04 1.000E-38 1.000E-38
  5.735E-06 2.186E+02 8.475E+06 8.215E-04 1.035E-01 1.305E-06 2.749E-06 5.359E-10 5.751E-11 3.162E-13 4.538E-06 4.088E-06 5.955E-16 9.454E-12 3.825E-08 1.985E-15 2.174E-17 1.575E-09 3.364E-15 1.736E-18 2.500E-29 3.633E-26 5.667E-21 1.258E-15 1.064E-15 4.188E-13 8.442E-23 2.283E-43 3.349E-87 1.040-105 1.222E-18 3.283E-28 2.756E-66 3.231E-07 1.476E-20 3.456E-10 2.595E-20 1.333E-10 2.018E-23 5.227E-32 1.935E-04 1.000E-38 1.000E-38
  5.321E-06 2.186E+02 8.525E+06 1.051E-03 1.033E-01 1.199E-06 2.915E-06 4.767E-10 4.419E-11 1.704E-13 4.541E-06 4.283E-06 5.962E-16 7.695E-12 3.532E-08 1.610E-15 1.978E-17 1.702E-09 3.345E-15 1.443E-18 5.731E-30 1.870E-26 6.264E-21 1.288E-15 1.023E-15 4.142E-13 5.237E-23 1.018E-43 6.165E-88 9.953-106 1.292E-18 2.901E-28 1.169E-66 3.584E-07 8.595E-21 4.804E-10 2.420E-20 1.275E-10 1.264E-23 4.020E-32 1.928E-04 1.000E-38 1.000E-38
  4.937E-06 2.186E+02 8.575E+06 1.323E-03 1.031E-01 1.100E-06 3.071E-06 4.256E-10 3.426E-11 9.035E-14 4.542E-06 4.481E-06 5.922E-16 6.341E-12 3.257E-08 1.323E-15 1.790E-17 1.841E-09 3.340E-15 1.212E-18 1.440E-30 9.947E-27 6.907E-21 1.315E-15 9.851E-16 4.093E-13 3.326E-23 4.760E-44 1.338E-88 9.497-106 1.348E-18 2.563E-28 5.192E-67 3.927E-07 5.168E-21 6.776E-10 2.261E-20 1.219E-10 8.159E-24 3.129E-32 1.920E-04 1.000E-38 1.000E-38
  4.581E-06 2.186E+02 8.625E+06 1.642E-03 1.028E-01 1.007E-06 3.218E-06 3.809E-10 2.679E-11 4.719E-14 4.542E-06 4.681E-06 5.839E-16 5.284E-12 2.999E-08 1.100E-15 1.612E-17 1.990E-09 3.338E-15 1.027E-18 4.110E-31 5.458E-27 7.603E-21 1.340E-15 9.485E-16 4.042E-13 2.160E-23 2.333E-44 3.516E-89 9.036-106 1.389E-18 2.267E-28 2.412E-67 4.255E-07 3.221E-21 9.669E-10 2.111E-20 1.164E-10 5.376E-24 2.443E-32 1.912E-04 1.000E-38 1.000E-38
  4.251E-06 2.186E+02 8.675E+06 2.011E-03 1.026E-01 9.213E-07 3.355E-06 3.414E-10 2.111E-11 2.430E-14 4.540E-06 4.883E-06 5.716E-16 4.450E-12 2.758E-08 9.244E-16 1.444E-17 2.146E-09 3.332E-15 8.745E-19 1.335E-31 3.084E-27 8.356E-21 1.363E-15 9.131E-16 3.987E-13 1.432E-23 1.197E-44 1.126E-89 8.570-106 1.416E-18 2.010E-28 1.171E-67 4.562E-07 2.082E-21 1.391E-09 1.966E-20 1.111E-10 3.591E-24 1.903E-32 1.904E-04 1.000E-38 1.000E-38
  3.945E-06 2.186E+02 8.725E+06 2.434E-03 1.023E-01 8.414E-07 3.482E-06 3.063E-10 1.676E-11 1.235E-14 4.538E-06 5.086E-06 5.560E-16 3.783E-12 2.533E-08 7.847E-16 1.287E-17 2.304E-09 3.315E-15 7.475E-19 4.814E-32 1.792E-27 9.174E-21 1.384E-15 8.785E-16 3.930E-13 9.687E-24 6.441E-45 4.310E-90 8.101-106 1.427E-18 1.786E-28 5.957E-68 4.842E-07 1.392E-21 2.012E-09 1.823E-20 1.059E-10 2.419E-24 1.473E-32 1.895E-04 1.000E-38 1.000E-38
  3.661E-06 2.186E+02 8.775E+06 2.913E-03 1.019E-01 7.674E-07 3.601E-06 2.748E-10 1.340E-11 6.211E-15 4.535E-06 5.290E-06 5.376E-16 3.245E-12 2.323E-08 6.722E-16 1.142E-17 2.460E-09 3.280E-15 6.401E-19 1.874E-32 1.069E-27 1.006E-20 1.404E-15 8.445E-16 3.869E-13 6.675E-24 3.637E-45 1.899E-90 7.631-106 1.423E-18 1.592E-28 3.178E-68 5.090E-07 9.569E-22 2.917E-09 1.680E-20 1.009E-10 1.637E-24 1.129E-32 1.886E-04 1.000E-38 1.000E-38
  3.397E-06 2.186E+02 8.825E+06 3.451E-03 1.016E-01 6.989E-07 3.711E-06 2.466E-10 1.078E-11 3.096E-15 4.531E-06 5.494E-06 5.171E-16 2.806E-12 2.129E-08 5.807E-16 1.010E-17 2.609E-09 3.224E-15 5.481E-19 7.721E-33 6.533E-28 1.103E-20 1.423E-15 8.108E-16 3.805E-13 4.682E-24 2.163E-45 9.331E-91 7.162-106 1.404E-18 1.424E-28 1.784E-68 5.302E-07 6.717E-22 4.224E-09 1.537E-20 9.606E-11 1.111E-24 8.551E-33 1.876E-04 1.000E-38 1.000E-38
  3.153E-06 2.186E+02 8.875E+06 4.049E-03 1.012E-01 6.358E-07 3.813E-06 2.211E-10 8.730E-12 1.535E-15 4.526E-06 5.699E-06 4.952E-16 2.444E-12 1.948E-08 5.054E-16 8.887E-18 2.744E-09 3.144E-15 4.685E-19 3.330E-33 4.088E-28 1.209E-20 1.441E-15 7.773E-16 3.738E-13 3.338E-24 1.360E-45 5.007E-91 6.695-106 1.372E-18 1.279E-28 1.059E-68 5.476E-07 4.780E-22 6.100E-09 1.394E-20 9.137E-11 7.538E-25 6.383E-33 1.865E-04 1.000E-38 1.000E-38
  2.926E-06 2.186E+02 8.925E+06 4.709E-03 1.007E-01 5.776E-07 3.908E-06 1.982E-10 7.109E-12 7.591E-16 4.521E-06 5.904E-06 4.723E-16 2.144E-12 1.781E-08 4.430E-16 7.795E-18 2.862E-09 3.040E-15 3.996E-19 1.493E-33 2.615E-28 1.324E-20 1.458E-15 7.438E-16 3.667E-13 2.418E-24 9.083E-46 2.904E-91 6.232-106 1.328E-18 1.152E-28 6.669E-69 5.609E-07 3.428E-22 8.767E-09 1.254E-20 8.684E-11 5.108E-25 4.691E-33 1.855E-04 1.000E-38 1.000E-38
  2.715E-06 2.186E+02 8.975E+06 5.433E-03 1.002E-01 5.241E-07 3.995E-06 1.774E-10 5.820E-12 3.764E-16 4.516E-06 6.108E-06 4.491E-16 1.893E-12 1.627E-08 3.909E-16 6.817E-18 2.958E-09 2.914E-15 3.397E-19 6.939E-34 1.707E-28 1.449E-20 1.474E-15 7.103E-16 3.594E-13 1.777E-24 6.455E-46 1.809E-91 5.776-106 1.273E-18 1.042E-28 4.469E-69 5.701E-07 2.466E-22 1.252E-08 1.117E-20 8.246E-11 3.454E-25 3.393E-33 1.843E-04 1.000E-38 1.000E-38
  2.520E-06 2.186E+02 9.025E+06 6.220E-03 9.973E-02 4.751E-07 4.075E-06 1.586E-10 4.789E-12 1.880E-16 4.510E-06 6.311E-06 4.259E-16 1.681E-12 1.485E-08 3.469E-16 5.944E-18 3.032E-09 2.770E-15 2.880E-19 3.331E-34 1.136E-28 1.586E-20 1.489E-15 6.769E-16 3.516E-13 1.324E-24 4.881E-46 1.206E-91 5.329-106 1.210E-18 9.472E-29 3.186E-69 5.751E-07 1.773E-22 1.773E-08 9.870E-21 7.824E-11 2.330E-25 2.417E-33 1.831E-04 1.000E-38 1.000E-38
  2.339E-06 2.186E+02 9.075E+06 7.072E-03 9.917E-02 4.303E-07 4.150E-06 1.417E-10 3.959E-12 9.517E-17 4.504E-06 6.512E-06 4.031E-16 1.501E-12 1.354E-08 3.097E-16 5.172E-18 3.083E-09 2.613E-15 2.435E-19 1.648E-34 7.703E-29 1.736E-20 1.503E-15 6.434E-16 3.435E-13 9.986E-25 3.913E-46 8.545E-92 4.893-106 1.140E-18 8.645E-29 2.408E-69 5.760E-07 1.272E-22 2.490E-08 8.652E-21 7.417E-11 1.568E-25 1.698E-33 1.819E-04 1.000E-38 1.000E-38
  2.171E-06 2.186E+02 9.125E+06 7.987E-03 9.857E-02 3.893E-07 4.218E-06 1.264E-10 3.288E-12 4.909E-17 4.498E-06 6.711E-06 3.811E-16 1.347E-12 1.234E-08 2.779E-16 4.491E-18 3.114E-09 2.448E-15 2.054E-19 8.387E-35 5.311E-29 1.898E-20 1.517E-15 6.101E-16 3.351E-13 7.624E-25 3.304E-46 6.384E-92 4.469-106 1.066E-18 7.925E-29 1.915E-69 5.730E-07 9.091E-23 3.463E-08 7.531E-21 7.026E-11 1.052E-25 1.178E-33 1.805E-04 1.000E-38 1.000E-38
  2.016E-06 2.186E+02 9.175E+06 8.966E-03 9.793E-02 3.520E-07 4.282E-06 1.126E-10 2.743E-12 2.595E-17 4.492E-06 6.907E-06 3.599E-16 1.215E-12 1.125E-08 2.506E-16 3.894E-18 3.127E-09 2.280E-15 1.732E-19 4.381E-35 3.721E-29 2.075E-20 1.529E-15 5.769E-16 3.264E-13 5.885E-25 2.913E-46 4.984E-92 4.060-106 9.880E-19 7.299E-29 1.591E-69 5.663E-07 6.471E-23 4.766E-08 6.519E-21 6.651E-11 7.056E-26 8.090E-34 1.792E-04 1.000E-38 1.000E-38
  1.871E-06 2.186E+02 9.225E+06 1.001E-02 9.726E-02 3.181E-07 4.340E-06 1.001E-10 2.296E-12 1.412E-17 4.485E-06 7.100E-06 3.399E-16 1.102E-12 1.025E-08 2.272E-16 3.374E-18 3.127E-09 2.115E-15 1.460E-19 2.346E-35 2.645E-29 2.267E-20 1.540E-15 5.440E-16 3.173E-13 4.590E-25 2.660E-46 4.029E-92 3.668-106 9.089E-19 6.754E-29 1.368E-69 5.561E-07 4.588E-23 6.492E-08 5.618E-21 6.292E-11 4.727E-26 5.515E-34 1.777E-04 1.000E-38 1.000E-38
  1.737E-06 2.186E+02 9.275E+06 1.111E-02 9.655E-02 2.874E-07 4.393E-06 8.895E-11 1.930E-12 7.928E-18 4.478E-06 7.289E-06 3.211E-16 1.004E-12 9.343E-09 2.069E-16 2.922E-18 3.117E-09 1.956E-15 1.232E-19 1.285E-35 1.908E-29 2.476E-20 1.550E-15 5.115E-16 3.079E-13 3.613E-25 2.495E-46 3.344E-92 3.294-106 8.298E-19 6.282E-29 1.208E-69 5.430E-07 3.241E-23 8.747E-08 4.826E-21 5.949E-11 3.168E-26 3.739E-34 1.762E-04 1.000E-38 1.000E-38
  1.613E-06 2.186E+02 9.325E+06 1.227E-02 9.581E-02 2.596E-07 4.443E-06 7.889E-11 1.628E-12 4.599E-18 4.472E-06 7.473E-06 3.036E-16 9.189E-13 8.521E-09 1.894E-16 2.531E-18 3.099E-09 1.804E-15 1.041E-19 7.198E-36 1.394E-29 2.702E-20 1.558E-15 4.795E-16 2.983E-13 2.870E-25 2.390E-46 2.832E-92 2.940-106 7.522E-19 5.873E-29 1.088E-69 5.270E-07 2.282E-23 1.166E-07 4.135E-21 5.623E-11 2.125E-26 2.525E-34 1.746E-04 1.000E-38 1.000E-38
  1.498E-06 2.186E+02 9.375E+06 1.349E-02 9.503E-02 2.345E-07 4.488E-06 6.987E-11 1.378E-12 2.752E-18 4.465E-06 7.651E-06 2.876E-16 8.455E-13 7.779E-09 1.742E-16 2.194E-18 3.075E-09 1.661E-15 8.820E-20 4.115E-36 1.031E-29 2.946E-20 1.564E-15 4.481E-16 2.883E-13 2.298E-25 2.325E-46 2.434E-92 2.608-106 6.770E-19 5.521E-29 9.950E-70 5.087E-07 1.603E-23 1.537E-07 3.538E-21 5.313E-11 1.428E-26 1.702E-34 1.730E-04 1.000E-38 1.000E-38
  1.390E-06 2.186E+02 9.425E+06 1.476E-02 9.422E-02 2.120E-07 4.530E-06 6.179E-11 1.171E-12 1.695E-18 4.459E-06 7.823E-06 2.730E-16 7.822E-13 7.112E-09 1.611E-16 1.904E-18 3.049E-09 1.528E-15 7.489E-20 2.399E-36 7.716E-30 3.211E-20 1.569E-15 4.175E-16 2.781E-13 1.854E-25 2.289E-46 2.115E-92 2.297-106 6.053E-19 5.221E-29 9.203E-70 4.885E-07 1.123E-23 2.006E-07 3.023E-21 5.020E-11 9.613E-27 1.146E-34 1.713E-04 1.000E-38 1.000E-38
  1.291E-06 2.186E+02 9.475E+06 1.608E-02 9.338E-02 1.919E-07 4.568E-06 5.457E-11 9.974E-13 1.071E-18 4.452E-06 7.988E-06 2.600E-16 7.279E-13 6.516E-09 1.499E-16 1.657E-18 3.019E-09 1.405E-15 6.377E-20 1.425E-36 5.840E-30 3.496E-20 1.572E-15 3.877E-16 2.677E-13 1.507E-25 2.274E-46 1.851E-92 2.009-106 5.377E-19 4.969E-29 8.584E-70 4.665E-07 7.859E-24 2.591E-07 2.581E-21 4.745E-11 6.489E-27 7.719E-35 1.695E-04 1.000E-38 1.000E-38
  1.199E-06 2.186E+02 9.525E+06 1.744E-02 9.251E-02 1.740E-07 4.603E-06 4.813E-11 8.526E-13 6.921E-19 4.446E-06 8.144E-06 2.486E-16 6.818E-13 5.987E-09 1.404E-16 1.446E-18 2.989E-09 1.290E-15 5.445E-20 8.624E-37 4.467E-30 3.802E-20 1.573E-15 3.589E-16 2.570E-13 1.233E-25 2.275E-46 1.629E-92 1.745-106 4.747E-19 4.764E-29 8.055E-70 4.434E-07 5.491E-24 3.313E-07 2.202E-21 4.488E-11 4.392E-27 5.199E-35 1.677E-04 1.000E-38 1.000E-38
  1.114E-06 2.186E+02 9.575E+06 1.884E-02 9.163E-02 1.581E-07 4.635E-06 4.239E-11 7.312E-13 4.558E-19 4.440E-06 8.292E-06 2.390E-16 6.434E-13 5.522E-09 1.325E-16 1.267E-18 2.957E-09 1.185E-15 4.664E-20 5.313E-37 3.453E-30 4.131E-20 1.572E-15 3.312E-16 2.462E-13 1.015E-25 2.288E-46 1.439E-92 1.505-106 4.168E-19 4.604E-29 7.593E-70 4.193E-07 3.833E-24 4.196E-07 1.878E-21 4.248E-11 2.981E-27 3.505E-35 1.658E-04 1.000E-38 1.000E-38
  1.034E-06 2.186E+02 9.625E+06 2.026E-02 9.073E-02 1.443E-07 4.665E-06 3.729E-11 6.291E-13 3.052E-19 4.434E-06 8.431E-06 2.313E-16 6.124E-13 5.118E-09 1.261E-16 1.117E-18 2.924E-09 1.088E-15 4.008E-20 3.331E-37 2.696E-30 4.484E-20 1.569E-15 3.046E-16 2.353E-13 8.413E-26 2.311E-46 1.274E-92 1.287-106 3.641E-19 4.492E-29 7.181E-70 3.945E-07 2.674E-24 5.264E-07 1.601E-21 4.027E-11 2.031E-27 2.365E-35 1.638E-04 1.000E-38 1.000E-38
  9.607E-07 2.186E+02 9.675E+06 2.171E-02 8.981E-02 1.323E-07 4.691E-06 3.277E-11 5.431E-13 2.075E-19 4.428E-06 8.558E-06 2.256E-16 5.888E-13 4.773E-09 1.212E-16 9.919E-19 2.891E-09 9.983E-16 3.456E-20 2.127E-37 2.127E-30 4.861E-20 1.564E-15 2.793E-16 2.243E-13 7.012E-26 2.343E-46 1.130E-92 1.093-106 3.169E-19 4.430E-29 6.809E-70 3.694E-07 1.864E-24 6.545E-07 1.365E-21 3.825E-11 1.388E-27 1.598E-35 1.617E-04 1.000E-38 1.000E-38
  8.924E-07 2.186E+02 9.725E+06 2.315E-02 8.890E-02 1.222E-07 4.715E-06 2.877E-11 4.706E-13 1.431E-19 4.422E-06 8.674E-06 2.223E-16 5.729E-13 4.484E-09 1.180E-16 8.888E-19 2.858E-09 9.163E-16 2.991E-20 1.384E-37 1.695E-30 5.263E-20 1.556E-15 2.552E-16 2.132E-13 5.880E-26 2.382E-46 1.002E-92 9.205-107 2.750E-19 4.426E-29 6.466E-70 3.443E-07 1.301E-24 8.067E-07 1.164E-21 3.642E-11 9.523E-28 1.081E-35 1.596E-04 1.000E-38 1.000E-38
  8.290E-07 2.186E+02 9.775E+06 2.458E-02 8.799E-02 1.138E-07 4.736E-06 2.524E-11 4.093E-13 1.001E-19 4.417E-06 8.777E-06 2.217E-16 5.654E-13 4.250E-09 1.164E-16 8.055E-19 2.826E-09 8.411E-16 2.599E-20 9.181E-38 1.365E-30 5.688E-20 1.546E-15 2.325E-16 2.021E-13 4.960E-26 2.428E-46 8.892E-93 7.692-107 2.386E-19 4.489E-29 6.148E-70 3.193E-07 9.089E-25 9.860E-07 9.926E-22 3.479E-11 6.565E-28 7.328E-36 1.574E-04 1.000E-38 1.000E-38
  7.701E-07 2.186E+02 9.825E+06 2.598E-02 8.711E-02 1.071E-07 4.754E-06 2.212E-11 3.577E-13 7.130E-20 4.412E-06 8.865E-06 2.245E-16 5.677E-13 4.072E-09 1.168E-16 7.403E-19 2.794E-09 7.724E-16 2.268E-20 6.226E-38 1.111E-30 6.138E-20 1.534E-15 2.113E-16 1.910E-13 4.211E-26 2.480E-46 7.878E-93 6.379-107 2.077E-19 4.634E-29 5.848E-70 2.946E-07 6.385E-25 1.196E-06 8.466E-22 3.336E-11 4.555E-28 4.979E-36 1.551E-04 1.000E-38 1.000E-38
  7.155E-07 2.186E+02 9.875E+06 2.730E-02 8.627E-02 1.022E-07 4.769E-06 1.939E-11 3.142E-13 5.208E-20 4.407E-06 8.938E-06 2.316E-16 5.825E-13 3.950E-09 1.198E-16 6.917E-19 2.765E-09 7.096E-16 1.991E-20 4.331E-38 9.164E-31 6.609E-20 1.519E-15 1.920E-16 1.800E-13 3.599E-26 2.538E-46 6.964E-93 5.250-107 1.823E-19 4.883E-29 5.562E-70 2.703E-07 4.551E-25 1.439E-06 7.225E-22 3.214E-11 3.197E-28 3.396E-36 1.528E-04 1.000E-38 1.000E-38
  6.648E-07 2.186E+02 9.925E+06 2.849E-02 8.549E-02 9.921E-08 4.781E-06 1.700E-11 2.779E-13 3.987E-20 4.403E-06 8.993E-06 2.451E-16 6.170E-13 3.884E-09 1.267E-16 6.587E-19 2.738E-09 6.526E-16 1.759E-20 3.116E-38 7.667E-31 7.095E-20 1.501E-15 1.752E-16 1.692E-13 3.101E-26 2.600E-46 6.130E-93 4.291-107 1.626E-19 5.249E-29 5.281E-70 2.464E-07 3.370E-25 1.719E-06 6.171E-22 3.114E-11 2.307E-28 2.347E-36 1.505E-04 1.000E-38 1.000E-38
  6.177E-07 2.186E+02 9.975E+06 2.946E-02 8.484E-02 9.816E-08 4.788E-06 1.498E-11 2.482E-13 3.350E-20 4.401E-06 9.026E-06 2.718E-16 6.973E-13 3.877E-09 1.433E-16 6.410E-19 2.716E-09 6.014E-16 1.571E-20 2.400E-38 6.544E-31 7.582E-20 1.479E-15 1.623E-16 1.585E-13 2.700E-26 2.667E-46 5.354E-93 3.484-107 1.486E-19 5.659E-29 4.997E-70 2.236E-07 2.732E-25 2.039E-06 5.280E-22 3.037E-11 1.800E-28 1.715E-36 1.480E-04 1.000E-38 1.000E-38
