     ALT          P          T          FH2O           O3           THEAT        TCOOL        PSATCO2        FCO2
7.3573E+01  3.2610E-05 2.1882E+02    4.4114E-06    4.9691E-08    3.5853E+01   -6.1300E+01    5.7063E+00    2.0500E-04
7.2458E+01  3.8505E-05 2.2015E+02    4.6733E-06    6.0530E-08    5.0042E+00   -4.0654E+01    6.0366E+00    2.0500E-04
7.1346E+01  4.5410E-05 2.2155E+02    4.9102E-06    7.5906E-08    2.0873E+00   -2.6309E+01    6.3958E+00    2.0500E-04
7.0235E+01  5.3485E-05 2.2300E+02    5.1224E-06    9.7201E-08    1.8598E+00   -1.6919E+01    6.7879E+00    2.0500E-04
6.9125E+01  6.2916E-05 2.2451E+02    5.3095E-06    1.2530E-07    1.9522E+00   -1.1203E+01    7.2136E+00    2.0500E-04
6.8018E+01  7.3918E-05 2.2606E+02    5.4822E-06    1.5919E-07    2.1008E+00   -7.9566E+00    7.6719E+00    2.0500E-04
6.6911E+01  8.6734E-05 2.2764E+02    5.6372E-06    1.9731E-07    2.2738E+00   -6.2289E+00    8.1616E+00    2.0500E-04
6.5806E+01  1.0164E-04 2.2925E+02    5.7731E-06    2.3687E-07    2.4568E+00   -5.3639E+00    8.6812E+00    2.0500E-04
6.4702E+01  1.1897E-04 2.3086E+02    5.8947E-06    2.7872E-07    2.6624E+00   -4.9782E+00    9.2290E+00    2.0500E-04
6.3600E+01  1.3907E-04 2.3248E+02    6.0019E-06    3.2312E-07    2.8827E+00   -4.8378E+00    9.8032E+00    2.0500E-04
6.2500E+01  1.6236E-04 2.3409E+02    6.0999E-06    3.7180E-07    3.1260E+00   -4.8207E+00    1.0402E+01    2.0500E-04
6.1401E+01  1.8931E-04 2.3570E+02    6.1879E-06    4.2696E-07    3.4011E+00   -4.8656E+00    1.1024E+01    2.0500E-04
6.0304E+01  2.2046E-04 2.3730E+02    6.2656E-06    4.8876E-07    3.7063E+00   -4.9422E+00    1.1669E+01    2.0500E-04
5.9210E+01  2.5641E-04 2.3888E+02    6.3324E-06    5.5667E-07    4.0356E+00   -5.0390E+00    1.2336E+01    2.0500E-04
5.8118E+01  2.9784E-04 2.4045E+02    6.3980E-06    6.3262E-07    4.3918E+00   -5.1533E+00    1.3025E+01    2.0500E-04
5.7028E+01  3.4554E-04 2.4200E+02    6.4533E-06    7.1598E-07    4.7655E+00   -5.2789E+00    1.3735E+01    2.0500E-04
5.5941E+01  4.0037E-04 2.4355E+02    6.5024E-06    8.0739E-07    5.1506E+00   -5.4147E+00    1.4469E+01    2.0500E-04
5.4857E+01  4.6331E-04 2.4508E+02    6.5558E-06    9.0766E-07    5.5400E+00   -5.5594E+00    1.5225E+01    2.0500E-04
5.3775E+01  5.3548E-04 2.4661E+02    6.5890E-06    1.0175E-06    5.9269E+00   -5.7025E+00    1.6005E+01    2.0500E-04
5.2697E+01  6.1811E-04 2.4813E+02    6.6311E-06    1.1464E-06    6.3270E+00   -5.8489E+00    1.6810E+01    2.0500E-04
5.1622E+01  7.1259E-04 2.4964E+02    6.6552E-06    1.2777E-06    6.6659E+00   -5.9813E+00    1.7640E+01    2.0500E-04
5.0551E+01  8.2047E-04 2.5114E+02    6.6840E-06    1.4316E-06    6.9970E+00   -6.0966E+00    1.8495E+01    2.0500E-04
4.9483E+01  9.4350E-04 2.5264E+02    6.7054E-06    1.6078E-06    7.2986E+00   -6.2011E+00    1.9377E+01    2.0500E-04
4.8419E+01  1.0836E-03 2.5413E+02    6.7167E-06    1.8060E-06    7.5513E+00   -6.3400E+00    2.0284E+01    2.0500E-04
4.7359E+01  1.2430E-03 2.5561E+02    6.7300E-06    2.0261E-06    7.7273E+00   -6.5281E+00    2.1219E+01    2.0500E-04
4.6303E+01  1.4240E-03 2.5713E+02    6.7300E-06    2.2677E-06    7.8042E+00   -6.7831E+00    2.2208E+01    2.0500E-04
4.5250E+01  1.6292E-03 2.5861E+02    6.7200E-06    2.5407E-06    7.7890E+00   -7.0481E+00    2.3200E+01    2.0500E-04
4.4203E+01  1.8618E-03 2.5967E+02    6.7090E-06    2.8347E-06    7.6497E+00   -7.1843E+00    2.3936E+01    2.0500E-04
4.3163E+01  2.1248E-03 2.6006E+02    6.6864E-06    3.1500E-06    7.3920E+00   -7.1257E+00    2.4206E+01    2.0500E-04
4.2133E+01  2.4220E-03 2.5970E+02    6.6452E-06    3.4901E-06    7.0385E+00   -6.8890E+00    2.3957E+01    2.0500E-04
4.1117E+01  2.7572E-03 2.5867E+02    6.6018E-06    3.8232E-06    6.5845E+00   -6.5170E+00    2.3240E+01    2.0500E-04
4.0115E+01  3.1348E-03 2.5706E+02    6.5417E-06    4.1383E-06    6.0742E+00   -6.0598E+00    2.2162E+01    2.0500E-04
3.9131E+01  3.5597E-03 2.5503E+02    6.4801E-06    4.3992E-06    5.5348E+00   -5.5603E+00    2.0847E+01    2.0500E-04
3.8165E+01  4.0372E-03 2.5269E+02    6.4029E-06    4.6076E-06    5.0187E+00   -5.0593E+00    1.9406E+01    2.0500E-04
3.7218E+01  4.5728E-03 2.5014E+02    6.3264E-06    4.7750E-06    4.5561E+00   -4.5912E+00    1.7924E+01    2.0500E-04
3.6291E+01  5.1730E-03 2.4747E+02    6.2430E-06    4.8955E-06    4.1461E+00   -4.1665E+00    1.6460E+01    2.0500E-04
3.5383E+01  5.8447E-03 2.4474E+02    6.1529E-06    4.9870E-06    3.7884E+00   -3.7980E+00    1.5055E+01    2.0500E-04
3.4496E+01  6.5952E-03 2.4200E+02    6.0541E-06    5.0555E-06    3.4728E+00   -3.4780E+00    1.3736E+01    2.0500E-04
3.3627E+01  7.4327E-03 2.3930E+02    5.9572E-06    5.1051E-06    3.1889E+00   -3.1940E+00    1.2521E+01    2.0500E-04
3.2777E+01  8.3660E-03 2.3670E+02    5.8628E-06    5.1295E-06    2.9254E+00   -2.9337E+00    1.1423E+01    2.0500E-04
3.1946E+01  9.4046E-03 2.3422E+02    5.7629E-06    5.1238E-06    2.6760E+00   -2.6905E+00    1.0450E+01    2.0500E-04
3.1132E+01  1.0559E-02 2.3193E+02    5.6652E-06    5.0926E-06    2.4404E+00   -2.4886E+00    9.6050E+00    2.0500E-04
3.0334E+01  1.1840E-02 2.2985E+02    5.5696E-06    5.0280E-06    2.2162E+00   -2.2503E+00    8.8816E+00    2.0500E-04
2.9553E+01  1.3260E-02 2.2798E+02    5.4757E-06    4.9176E-06    2.0026E+00   -2.0268E+00    8.2674E+00    2.0500E-04
2.8786E+01  1.4831E-02 2.2631E+02    5.3838E-06    4.7763E-06    1.8055E+00   -1.8206E+00    7.7468E+00    2.0500E-04
2.8033E+01  1.6567E-02 2.2482E+02    5.2934E-06    4.5966E-06    1.6253E+00   -1.6333E+00    7.3038E+00    2.0500E-04
2.7294E+01  1.8484E-02 2.2349E+02    5.2047E-06    4.4009E-06    1.4665E+00   -1.4665E+00    6.9232E+00    2.0500E-04
2.6567E+01  2.0596E-02 2.2228E+02    5.1175E-06    4.1695E-06    1.3245E+00   -1.3203E+00    6.5918E+00    2.0500E-04
2.5853E+01  2.2921E-02 2.2117E+02    5.0238E-06    3.9331E-06    1.2024E+00   -1.1934E+00    6.2983E+00    2.0500E-04
2.5151E+01  2.5475E-02 2.2014E+02    4.9376E-06    3.6821E-06    1.0952E+00   -1.0842E+00    6.0341E+00    2.0500E-04
2.4460E+01  2.8279E-02 2.1917E+02    4.8547E-06    3.4271E-06    1.0005E+00   -9.8901E-01    5.7928E+00    2.0500E-04
2.3781E+01  3.1353E-02 2.1825E+02    4.7733E-06    3.1701E-06    9.1503E-01   -9.0381E-01    5.5698E+00    2.0500E-04
2.3113E+01  3.4716E-02 2.1736E+02    4.6931E-06    2.9153E-06    8.3621E-01   -8.2541E-01    5.3625E+00    2.0500E-04
2.2457E+01  3.8391E-02 2.1651E+02    4.6142E-06    2.6654E-06    7.6215E-01   -7.5184E-01    5.1636E+00    2.0500E-04
2.1811E+01  4.2403E-02 2.1570E+02    4.5368E-06    2.4209E-06    6.9147E-01   -6.8239E-01    4.8924E+00    2.0500E-04
2.1175E+01  4.6774E-02 2.1493E+02    4.4605E-06    2.1807E-06    6.2347E-01   -6.1690E-01    4.6467E+00    2.0500E-04
2.0550E+01  5.1531E-02 2.1421E+02    4.3855E-06    1.9548E-06    5.5943E-01   -5.5414E-01    4.4259E+00    2.0500E-04
1.9936E+01  5.6701E-02 2.1354E+02    4.3118E-06    1.7335E-06    4.9820E-01   -4.9466E-01    4.2295E+00    2.0500E-04
1.9331E+01  6.2310E-02 2.1293E+02    4.2477E-06    1.5167E-06    4.4023E-01   -4.3887E-01    4.0567E+00    2.0500E-04
1.8736E+01  6.8388E-02 2.1238E+02    4.1783E-06    1.3143E-06    3.8731E-01   -3.8493E-01    3.9058E+00    2.0500E-04
1.8151E+01  7.4964E-02 2.1188E+02    4.1198E-06    1.1277E-06    3.4009E-01   -3.3388E-01    3.7744E+00    2.0500E-04
1.7575E+01  8.2069E-02 2.1144E+02    4.0658E-06    9.5672E-07    2.9844E-01   -2.8703E-01    3.6595E+00    2.0500E-04
1.7009E+01  8.9735E-02 2.1103E+02    4.0155E-06    7.9938E-07    2.6190E-01   -2.4698E-01    3.5581E+00    2.0500E-04
1.6451E+01  9.7992E-02 2.1066E+02    3.9719E-06    6.5727E-07    2.3029E-01   -2.1533E-01    3.4677E+00    2.0500E-04
1.5903E+01  1.0688E-01 2.1032E+02    3.9320E-06    5.3118E-07    2.0214E-01   -1.6574E-01    3.3859E+00    2.0500E-04
1.5363E+01  1.1642E-01 2.1001E+02    3.8967E-06    4.2287E-07    1.7829E-01   -1.4536E-01    3.3123E+00    2.0500E-04
1.4833E+01  1.2665E-01 2.0974E+02    3.8732E-06    3.3307E-07    1.5875E-01   -1.3183E-01    3.2493E+00    2.0500E-04
1.4311E+01  1.3761E-01 2.0953E+02    3.8524E-06    2.5933E-07    1.4273E-01   -1.2378E-01    3.2013E+00    2.0500E-04
1.3797E+01  1.4933E-01 2.0940E+02    3.8318E-06    1.9685E-07    1.2932E-01   -1.2103E-01    3.1735E+00    2.0500E-04
1.3291E+01  1.6184E-01 2.0939E+02    3.8208E-06    1.4740E-07    1.1869E-01   -1.2023E-01    3.1707E+00    2.0500E-04
1.2794E+01  1.7518E-01 2.0951E+02    3.8109E-06    1.1446E-07    1.1109E-01   -1.1600E-01    3.1964E+00    2.0500E-04
1.2304E+01  1.8938E-01 2.0975E+02    3.8011E-06    9.2769E-08    1.0577E-01   -1.0798E-01    3.2518E+00    2.0500E-04
1.1821E+01  2.0448E-01 2.1011E+02    3.9625E-06    7.6522E-08    1.0263E-01   -1.0326E-01    3.3355E+00    2.0500E-04
1.1345E+01  2.2050E-01 2.1057E+02    4.5551E-06    6.4618E-08    1.0250E-01   -1.0440E-01    3.4440E+00    2.0500E-04
1.0877E+01  2.3747E-01 2.1108E+02    5.3907E-06    5.7509E-08    1.0435E-01   -8.1495E-02    3.5702E+00    2.0500E-04
1.0415E+01  2.5543E-01 2.1161E+02    6.2698E-06    5.3191E-08    1.0683E-01   -3.0620E-02    3.7041E+00    2.0500E-04
9.9590E+00  2.7440E-01 2.1285E+02    7.4651E-06    5.0079E-08    1.1185E-01   -9.7885E-02    4.0360E+00    2.0500E-04
9.5064E+00  2.9441E-01 2.1642E+02    1.2071E-05    4.7421E-08    1.3209E-01   -3.9650E-01    5.1334E+00    2.0500E-04
9.0537E+00  3.1548E-01 2.2077E+02    2.1185E-05    4.4966E-08    1.6885E-01   -8.0041E-01    6.1928E+00    2.0500E-04
8.6005E+00  3.3764E-01 2.2508E+02    3.6260E-05    4.2610E-08    2.1926E-01   -1.2169E+00    7.3810E+00    2.0500E-04
8.1472E+00  3.6089E-01 2.2936E+02    6.0497E-05    4.0277E-08    2.8079E-01   -1.6007E+00    8.7182E+00    2.0500E-04
7.6942E+00  3.8526E-01 2.3357E+02    9.8316E-05    3.8016E-08    3.4820E-01   -1.9013E+00    1.0204E+01    2.0500E-04
7.2421E+00  4.1075E-01 2.3769E+02    1.5550E-04    3.5766E-08    4.1851E-01   -2.1057E+00    1.1832E+01    2.0500E-04
6.7912E+00  4.3739E-01 2.4169E+02    2.3915E-04    3.3687E-08    4.9430E-01   -2.2404E+00    1.3590E+01    2.0500E-04
6.3422E+00  4.6516E-01 2.4555E+02    3.5747E-04    3.1615E-08    5.7190E-01   -2.2950E+00    1.5461E+01    2.0500E-04
5.8957E+00  4.9407E-01 2.4925E+02    5.1925E-04    2.9627E-08    6.3763E-01   -2.3006E+00    1.7424E+01    2.0500E-04
5.4521E+00  5.2412E-01 2.5277E+02    7.3330E-04    2.7732E-08    6.8440E-01   -2.2832E+00    1.9457E+01    2.0500E-04
5.0120E+00  5.5529E-01 2.5610E+02    1.0079E-03    2.5881E-08    7.1792E-01   -2.2657E+00    2.1536E+01    2.0500E-04
4.5762E+00  5.8758E-01 2.5925E+02    1.3503E-03    2.4087E-08    7.4492E-01   -2.2242E+00    2.3641E+01    2.0500E-04
4.1449E+00  6.2096E-01 2.6221E+02    1.7667E-03    2.2388E-08    7.6542E-01   -2.1620E+00    2.5756E+01    2.0500E-04
3.7189E+00  6.5541E-01 2.6499E+02    2.2621E-03    2.0791E-08    7.7658E-01   -2.0964E+00    2.7868E+01    2.0500E-04
3.2985E+00  6.9090E-01 2.6760E+02    2.8402E-03    1.9360E-08    7.7850E-01   -2.0041E+00    2.9965E+01    2.0500E-04
2.8843E+00  7.2740E-01 2.7005E+02    3.5038E-03    1.7942E-08    7.7418E-01   -1.8577E+00    3.2042E+01    2.0500E-04
2.4765E+00  7.6486E-01 2.7237E+02    4.2547E-03    1.6720E-08    7.6669E-01   -1.7089E+00    3.4092E+01    2.0500E-04
2.0755E+00  8.0323E-01 2.7474E+02    5.1687E-03    1.5671E-08    7.6239E-01   -1.6159E+00    3.6294E+01    2.0500E-04
1.6814E+00  8.4247E-01 2.7703E+02    6.0675E-03    1.4744E-08    7.4315E-01   -1.5287E+00    3.8520E+01    2.0500E-04
1.2945E+00  8.8251E-01 2.7922E+02    7.0821E-03    1.3895E-08    7.2683E-01   -1.5180E+00    4.0749E+01    2.0500E-04
9.1511E-01  9.2329E-01 2.8130E+02    8.1950E-03    1.3259E-08    7.1536E-01   -1.5843E+00    4.2951E+01    2.0500E-04
5.4353E-01  9.6473E-01 2.8329E+02    9.2841E-03    1.2706E-08    7.0858E-01   -1.7658E+00    4.5133E+01    2.0500E-04
1.8002E-01  1.0068E+00 2.8518E+02    1.0647E-02    1.2205E-08    7.2943E-01   -2.0208E+00    4.7295E+01    2.0500E-04
0.0000E+00  1.0281E+00 2.8613E+02    1.1329E-02    1.2300E-08    7.9325E+00   -3.5387E+00    4.8405E+01    2.0500E-04
