     ALT          P          T          FH2O           O3           THEAT        TCOOL        PSATCO2        FCO2
7.3563E+01  3.2610E-05 2.1878E+02    4.4539E-06    4.9573E-08    3.5852E+01   -6.1262E+01    5.6967E+00    2.0500E-04
7.2449E+01  3.8505E-05 2.2011E+02    4.7155E-06    6.0385E-08    5.0050E+00   -4.0652E+01    6.0266E+00    2.0500E-04
7.1336E+01  4.5410E-05 2.2151E+02    4.9522E-06    7.5759E-08    2.0875E+00   -2.6310E+01    6.3853E+00    2.0500E-04
7.0226E+01  5.3485E-05 2.2296E+02    5.1740E-06    9.7083E-08    1.8601E+00   -1.6945E+01    6.7770E+00    2.0500E-04
6.9116E+01  6.2916E-05 2.2447E+02    5.3609E-06    1.2478E-07    1.9506E+00   -1.1229E+01    7.2020E+00    2.0500E-04
6.8009E+01  7.3918E-05 2.2602E+02    5.5334E-06    1.5891E-07    2.1003E+00   -7.9784E+00    7.6598E+00    2.0500E-04
6.6903E+01  8.6734E-05 2.2760E+02    5.6883E-06    1.9727E-07    2.2745E+00   -6.2533E+00    8.1490E+00    2.0500E-04
6.5798E+01  1.0164E-04 2.2921E+02    5.8241E-06    2.3705E-07    2.4583E+00   -5.3838E+00    8.6680E+00    2.0500E-04
6.4695E+01  1.1897E-04 2.3082E+02    5.9454E-06    2.7800E-07    2.6597E+00   -4.9958E+00    9.2151E+00    2.0500E-04
6.3593E+01  1.3906E-04 2.3244E+02    6.0556E-06    3.2242E-07    2.8797E+00   -4.8537E+00    9.7887E+00    2.0500E-04
6.2493E+01  1.6235E-04 2.3405E+02    6.1505E-06    3.7112E-07    3.1230E+00   -4.8333E+00    1.0387E+01    2.0500E-04
6.1394E+01  1.8931E-04 2.3566E+02    6.2384E-06    4.2630E-07    3.3978E+00   -4.8757E+00    1.1009E+01    2.0500E-04
6.0298E+01  2.2045E-04 2.3726E+02    6.3171E-06    4.8712E-07    3.6990E+00   -4.9511E+00    1.1653E+01    2.0500E-04
5.9204E+01  2.5640E-04 2.3884E+02    6.3928E-06    5.5605E-07    4.0327E+00   -5.0488E+00    1.2319E+01    2.0500E-04
5.8112E+01  2.9784E-04 2.4041E+02    6.4583E-06    6.3175E-07    4.3882E+00   -5.1608E+00    1.3007E+01    2.0500E-04
5.7022E+01  3.4554E-04 2.4196E+02    6.5137E-06    7.1495E-07    4.7613E+00   -5.2838E+00    1.3717E+01    2.0500E-04
5.5935E+01  4.0037E-04 2.4351E+02    6.5626E-06    8.0642E-07    5.1469E+00   -5.4166E+00    1.4450E+01    2.0500E-04
5.4852E+01  4.6331E-04 2.4504E+02    6.6060E-06    9.0709E-07    5.5385E+00   -5.5567E+00    1.5205E+01    2.0500E-04
5.3771E+01  5.3548E-04 2.4657E+02    6.6492E-06    1.0178E-06    5.9261E+00   -5.7008E+00    1.5985E+01    2.0500E-04
5.2693E+01  6.1811E-04 2.4809E+02    6.6823E-06    1.1379E-06    6.2954E+00   -5.8407E+00    1.6789E+01    2.0500E-04
5.1618E+01  7.1259E-04 2.4960E+02    6.7153E-06    1.2782E-06    6.6673E+00   -5.9772E+00    1.7618E+01    2.0500E-04
5.0547E+01  8.2047E-04 2.5110E+02    6.7441E-06    1.4321E-06    7.0018E+00   -6.0920E+00    1.8472E+01    2.0500E-04
4.9480E+01  9.4350E-04 2.5260E+02    6.7654E-06    1.6083E-06    7.3031E+00   -6.1952E+00    1.9353E+01    2.0500E-04
4.8416E+01  1.0836E-03 2.5409E+02    6.7767E-06    1.8065E-06    7.5554E+00   -6.3331E+00    2.0259E+01    2.0500E-04
4.7356E+01  1.2430E-03 2.5557E+02    6.7900E-06    2.0266E-06    7.7309E+00   -6.5199E+00    2.1193E+01    2.0500E-04
4.6300E+01  1.4239E-03 2.5709E+02    6.7900E-06    2.2682E-06    7.8049E+00   -6.7744E+00    2.2180E+01    2.0500E-04
4.5248E+01  1.6292E-03 2.5857E+02    6.7899E-06    2.5312E-06    7.7701E+00   -7.0396E+00    2.3173E+01    2.0500E-04
4.4201E+01  1.8618E-03 2.5964E+02    6.7690E-06    2.8351E-06    7.6522E+00   -7.1809E+00    2.3913E+01    2.0500E-04
4.3161E+01  2.1248E-03 2.6003E+02    6.7463E-06    3.1504E-06    7.3960E+00   -7.1249E+00    2.4187E+01    2.0500E-04
4.2131E+01  2.4219E-03 2.5968E+02    6.7127E-06    3.4904E-06    7.0417E+00   -6.8903E+00    2.3942E+01    2.0500E-04
4.1115E+01  2.7572E-03 2.5865E+02    6.6645E-06    3.8234E-06    6.5869E+00   -6.5182E+00    2.3227E+01    2.0500E-04
4.0114E+01  3.1348E-03 2.5704E+02    6.6117E-06    4.1384E-06    6.0760E+00   -6.0617E+00    2.2151E+01    2.0500E-04
3.9129E+01  3.5597E-03 2.5501E+02    6.5426E-06    4.3992E-06    5.5361E+00   -5.5615E+00    2.0836E+01    2.0500E-04
3.8164E+01  4.0371E-03 2.5267E+02    6.4729E-06    4.6076E-06    5.0197E+00   -5.0610E+00    1.9395E+01    2.0500E-04
3.7217E+01  4.5728E-03 2.5012E+02    6.3871E-06    4.7750E-06    4.5568E+00   -4.5922E+00    1.7914E+01    2.0500E-04
3.6290E+01  5.1730E-03 2.4746E+02    6.3037E-06    4.8955E-06    4.1466E+00   -4.1675E+00    1.6451E+01    2.0500E-04
3.5383E+01  5.8446E-03 2.4473E+02    6.2129E-06    4.9870E-06    3.7888E+00   -3.7989E+00    1.5046E+01    2.0500E-04
3.4495E+01  6.5951E-03 2.4199E+02    6.1190E-06    5.0555E-06    3.4732E+00   -3.4793E+00    1.3728E+01    2.0500E-04
3.3626E+01  7.4326E-03 2.3929E+02    6.0248E-06    5.1051E-06    3.1893E+00   -3.1957E+00    1.2514E+01    2.0500E-04
3.2777E+01  8.3659E-03 2.3668E+02    5.9228E-06    5.1295E-06    2.9259E+00   -2.9350E+00    1.1417E+01    2.0500E-04
3.1945E+01  9.4045E-03 2.3421E+02    5.8230E-06    5.1300E-06    2.6783E+00   -2.6922E+00    1.0445E+01    2.0500E-04
3.1132E+01  1.0559E-02 2.3192E+02    5.7354E-06    5.0927E-06    2.4408E+00   -2.4905E+00    9.6005E+00    2.0500E-04
3.0334E+01  1.1840E-02 2.2984E+02    5.6397E-06    5.0281E-06    2.2165E+00   -2.2522E+00    8.8779E+00    2.0500E-04
2.9553E+01  1.3259E-02 2.2797E+02    5.5359E-06    4.9178E-06    2.0028E+00   -2.0282E+00    8.2646E+00    2.0500E-04
2.8786E+01  1.4831E-02 2.2630E+02    5.4439E-06    4.7765E-06    1.8059E+00   -1.8221E+00    7.7448E+00    2.0500E-04
2.8033E+01  1.6567E-02 2.2482E+02    5.3535E-06    4.6024E-06    1.6267E+00   -1.6350E+00    7.3025E+00    2.0500E-04
2.7294E+01  1.8484E-02 2.2348E+02    5.2649E-06    4.4013E-06    1.4668E+00   -1.4680E+00    6.9224E+00    2.0500E-04
2.6568E+01  2.0596E-02 2.2228E+02    5.1777E-06    4.1699E-06    1.3248E+00   -1.3218E+00    6.5915E+00    2.0500E-04
2.5854E+01  2.2920E-02 2.2118E+02    5.0920E-06    3.9336E-06    1.2027E+00   -1.1953E+00    6.2986E+00    2.0500E-04
2.5152E+01  2.5475E-02 2.2015E+02    5.0077E-06    3.6827E-06    1.0955E+00   -1.0864E+00    6.0350E+00    2.0500E-04
2.4461E+01  2.8279E-02 2.1918E+02    4.9190E-06    3.4277E-06    1.0008E+00   -9.9101E-01    5.7944E+00    2.0500E-04
2.3782E+01  3.1352E-02 2.1826E+02    4.8334E-06    3.1707E-06    9.1534E-01   -9.0573E-01    5.5722E+00    2.0500E-04
2.3114E+01  3.4715E-02 2.1737E+02    4.7532E-06    2.9159E-06    8.3653E-01   -8.2747E-01    5.3656E+00    2.0500E-04
2.2457E+01  3.8391E-02 2.1653E+02    4.6744E-06    2.6660E-06    7.6247E-01   -7.5405E-01    5.1694E+00    2.0500E-04
2.1811E+01  4.2402E-02 2.1572E+02    4.5970E-06    2.4214E-06    6.9176E-01   -6.8472E-01    4.8992E+00    2.0500E-04
2.1176E+01  4.6774E-02 2.1495E+02    4.5207E-06    2.1813E-06    6.2379E-01   -6.1937E-01    4.6543E+00    2.0500E-04
2.0551E+01  5.1531E-02 2.1424E+02    4.4457E-06    1.9553E-06    5.5975E-01   -5.5678E-01    4.4344E+00    2.0500E-04
1.9936E+01  5.6700E-02 2.1357E+02    4.3783E-06    1.7340E-06    4.9854E-01   -4.9773E-01    4.2389E+00    2.0500E-04
1.9332E+01  6.2309E-02 2.1297E+02    4.3094E-06    1.5171E-06    4.4054E-01   -4.4184E-01    4.0670E+00    2.0500E-04
1.8737E+01  6.8387E-02 2.1242E+02    4.2384E-06    1.3147E-06    3.8759E-01   -3.8793E-01    3.9171E+00    2.0500E-04
1.8152E+01  7.4963E-02 2.1193E+02    4.1799E-06    1.1281E-06    3.4036E-01   -3.3697E-01    3.7868E+00    2.0500E-04
1.7576E+01  8.2068E-02 2.1149E+02    4.1258E-06    9.5700E-07    2.9869E-01   -2.9024E-01    3.6728E+00    2.0500E-04
1.7009E+01  8.9733E-02 2.1109E+02    4.0805E-06    7.9906E-07    2.6209E-01   -2.5065E-01    3.5724E+00    2.0500E-04
1.6452E+01  9.7991E-02 2.1073E+02    4.0359E-06    6.5642E-07    2.3039E-01   -2.1915E-01    3.4830E+00    2.0500E-04
1.5903E+01  1.0687E-01 2.1039E+02    3.9921E-06    5.3101E-07    2.0231E-01   -1.6925E-01    3.4023E+00    2.0500E-04
1.5364E+01  1.1641E-01 2.1009E+02    3.9567E-06    4.2292E-07    1.7850E-01   -1.4882E-01    3.3299E+00    2.0500E-04
1.4833E+01  1.2665E-01 2.0982E+02    3.9332E-06    3.3308E-07    1.5896E-01   -1.3552E-01    3.2684E+00    2.0500E-04
1.4310E+01  1.3761E-01 2.0962E+02    3.9124E-06    2.5932E-07    1.4293E-01   -1.2770E-01    3.2218E+00    2.0500E-04
1.3797E+01  1.4933E-01 2.0950E+02    3.8918E-06    1.9681E-07    1.2952E-01   -1.2499E-01    3.1950E+00    2.0500E-04
1.3291E+01  1.6184E-01 2.0949E+02    3.8808E-06    1.4736E-07    1.1888E-01   -1.2374E-01    3.1920E+00    2.0500E-04
1.2793E+01  1.7518E-01 2.0960E+02    3.8708E-06    1.1442E-07    1.1128E-01   -1.1894E-01    3.2170E+00    2.0500E-04
1.2303E+01  1.8938E-01 2.0983E+02    3.8610E-06    9.2730E-08    1.0597E-01   -1.1005E-01    3.2703E+00    2.0500E-04
1.1820E+01  2.0447E-01 2.1019E+02    4.0229E-06    7.6485E-08    1.0296E-01   -1.0680E-01    3.3547E+00    2.0500E-04
1.1344E+01  2.2049E-01 2.1064E+02    4.9443E-06    6.4585E-08    1.0433E-01   -1.1908E-01    3.4622E+00    2.0500E-04
1.0875E+01  2.3747E-01 2.1119E+02    5.6041E-06    5.7488E-08    1.0648E-01   -1.0204E-01    3.5972E+00    2.0500E-04
1.0413E+01  2.5543E-01 2.1177E+02    6.4190E-06    5.3177E-08    1.0732E-01   -3.5003E-02    3.7458E+00    2.0500E-04
9.9574E+00  2.7440E-01 2.1287E+02    7.4805E-06    5.0067E-08    1.1152E-01   -8.7103E-02    4.0402E+00    2.0500E-04
9.5047E+00  2.9441E-01 2.1641E+02    1.2045E-05    4.7410E-08    1.3141E-01   -3.8389E-01    5.1278E+00    2.0500E-04
9.0521E+00  3.1548E-01 2.2075E+02    2.1139E-05    4.4956E-08    1.6797E-01   -7.8782E-01    6.1883E+00    2.0500E-04
8.5990E+00  3.3763E-01 2.2507E+02    3.6181E-05    4.2601E-08    2.1825E-01   -1.2056E+00    7.3757E+00    2.0500E-04
8.1458E+00  3.6088E-01 2.2934E+02    6.0367E-05    4.0269E-08    2.7973E-01   -1.5919E+00    8.7121E+00    2.0500E-04
7.6929E+00  3.8525E-01 2.3355E+02    9.8108E-05    3.8009E-08    3.4719E-01   -1.8950E+00    1.0197E+01    2.0500E-04
7.2409E+00  4.1075E-01 2.3767E+02    1.5517E-04    3.5759E-08    4.1760E-01   -2.1015E+00    1.1823E+01    2.0500E-04
6.7901E+00  4.3738E-01 2.4167E+02    2.3867E-04    3.3681E-08    4.9349E-01   -2.2376E+00    1.3581E+01    2.0500E-04
6.3412E+00  4.6515E-01 2.4553E+02    3.5677E-04    3.1609E-08    5.7117E-01   -2.2932E+00    1.5451E+01    2.0500E-04
5.8947E+00  4.9406E-01 2.4923E+02    5.1828E-04    2.9622E-08    6.3703E-01   -2.2993E+00    1.7414E+01    2.0500E-04
5.4512E+00  5.2411E-01 2.5275E+02    7.3199E-04    2.7727E-08    6.8392E-01   -2.2822E+00    1.9445E+01    2.0500E-04
5.0112E+00  5.5528E-01 2.5609E+02    1.0062E-03    2.5877E-08    7.1752E-01   -2.2650E+00    2.1524E+01    2.0500E-04
4.5754E+00  5.8757E-01 2.5923E+02    1.3481E-03    2.4084E-08    7.4457E-01   -2.2236E+00    2.3629E+01    2.0500E-04
4.1443E+00  6.2095E-01 2.6219E+02    1.7640E-03    2.2385E-08    7.6512E-01   -2.1616E+00    2.5744E+01    2.0500E-04
3.7183E+00  6.5540E-01 2.6497E+02    2.2588E-03    2.0789E-08    7.7634E-01   -2.0960E+00    2.7855E+01    2.0500E-04
3.2980E+00  6.9089E-01 2.6758E+02    2.8362E-03    1.9358E-08    7.7831E-01   -2.0040E+00    2.9952E+01    2.0500E-04
2.8838E+00  7.2739E-01 2.7004E+02    3.4991E-03    1.8015E-08    7.7403E-01   -1.8578E+00    3.2028E+01    2.0500E-04
2.4761E+00  7.6484E-01 2.7235E+02    4.2492E-03    1.6762E-08    7.6658E-01   -1.7091E+00    3.4077E+01    2.0500E-04
2.0752E+00  8.0322E-01 2.7472E+02    5.1627E-03    1.5670E-08    7.6236E-01   -1.6162E+00    3.6279E+01    2.0500E-04
1.6811E+00  8.4245E-01 2.7701E+02    6.0616E-03    1.4744E-08    7.4321E-01   -1.5288E+00    3.8504E+01    2.0500E-04
1.2943E+00  8.8249E-01 2.7921E+02    7.0739E-03    1.3894E-08    7.2679E-01   -1.5174E+00    4.0733E+01    2.0500E-04
9.1497E-01  9.2327E-01 2.8129E+02    8.1869E-03    1.3259E-08    7.1537E-01   -1.5836E+00    4.2934E+01    2.0500E-04
5.4345E-01  9.6472E-01 2.8327E+02    9.2730E-03    1.2706E-08    7.0846E-01   -1.7644E+00    4.5116E+01    2.0500E-04
1.7999E-01  1.0068E+00 2.8517E+02    1.0636E-02    1.2205E-08    7.2937E-01   -2.0195E+00    4.7277E+01    2.0500E-04
0.0000E+00  1.0281E+00 2.8612E+02    1.1318E-02    1.2300E-08    7.9330E+00   -3.5398E+00    4.8387E+01    2.0500E-04
