     ALT          P          T          FH2O           O3           THEAT        TCOOL        PSATCO2        FCO2
7.3547E+01  3.2610E-05 2.1939E+02    3.7617E-06    5.2749E-08    3.5953E+01   -6.2127E+01    5.8461E+00    2.0700E-04
7.2428E+01  3.8506E-05 2.2073E+02    3.9908E-06    6.3968E-08    4.9601E+00   -4.0842E+01    6.1833E+00    2.0700E-04
7.1312E+01  4.5411E-05 2.2212E+02    4.1949E-06    7.9936E-08    2.0907E+00   -2.6111E+01    6.5496E+00    2.0700E-04
7.0198E+01  5.3486E-05 2.2358E+02    4.3738E-06    1.0199E-07    1.8772E+00   -1.6550E+01    6.9492E+00    2.0700E-04
6.9085E+01  6.2918E-05 2.2509E+02    4.5379E-06    1.3180E-07    1.9790E+00   -1.0780E+01    7.3826E+00    2.0700E-04
6.7974E+01  7.3921E-05 2.2664E+02    4.6873E-06    1.6739E-07    2.1362E+00   -7.5372E+00    7.8490E+00    2.0700E-04
6.6864E+01  8.6738E-05 2.2822E+02    4.8206E-06    2.0708E-07    2.3170E+00   -5.8331E+00    8.3471E+00    2.0700E-04
6.5756E+01  1.0165E-04 2.2983E+02    4.9430E-06    2.4818E-07    2.5078E+00   -5.0055E+00    8.8751E+00    2.0700E-04
6.4649E+01  1.1897E-04 2.3144E+02    5.0437E-06    2.9138E-07    2.7204E+00   -4.6534E+00    9.4314E+00    2.0700E-04
6.3544E+01  1.3907E-04 2.3306E+02    5.1395E-06    3.3754E-07    2.9499E+00   -4.5498E+00    1.0014E+01    2.0700E-04
6.2440E+01  1.6237E-04 2.3467E+02    5.2278E-06    3.8853E-07    3.2046E+00   -4.5708E+00    1.0621E+01    2.0700E-04
6.1338E+01  1.8932E-04 2.3627E+02    5.2970E-06    4.4522E-07    3.4869E+00   -4.6491E+00    1.1252E+01    2.0700E-04
6.0239E+01  2.2047E-04 2.3786E+02    5.3630E-06    5.0803E-07    3.7969E+00   -4.7632E+00    1.1906E+01    2.0700E-04
5.9141E+01  2.5643E-04 2.3944E+02    5.4289E-06    5.7887E-07    4.1385E+00   -4.9032E+00    1.2581E+01    2.0700E-04
5.8046E+01  2.9787E-04 2.4101E+02    5.4846E-06    6.5626E-07    4.4997E+00   -5.0568E+00    1.3279E+01    2.0700E-04
5.6953E+01  3.4558E-04 2.4257E+02    5.5335E-06    7.4138E-07    4.8785E+00   -5.2218E+00    1.3999E+01    2.0700E-04
5.5863E+01  4.0041E-04 2.4411E+02    5.5771E-06    8.3546E-07    5.2711E+00   -5.3952E+00    1.4742E+01    2.0700E-04
5.4776E+01  4.6337E-04 2.4564E+02    5.6106E-06    9.3846E-07    5.6664E+00   -5.5719E+00    1.5508E+01    2.0700E-04
5.3692E+01  5.3555E-04 2.4717E+02    5.6520E-06    1.0517E-06    6.0585E+00   -5.7521E+00    1.6299E+01    2.0700E-04
5.2611E+01  6.1819E-04 2.4869E+02    5.6772E-06    1.1813E-06    6.4509E+00   -5.9248E+00    1.7114E+01    2.0700E-04
5.1533E+01  7.1269E-04 2.5020E+02    5.7052E-06    1.3158E-06    6.7882E+00   -6.0833E+00    1.7955E+01    2.0700E-04
5.0459E+01  8.2059E-04 2.5170E+02    5.7267E-06    1.4729E-06    7.1155E+00   -6.2167E+00    1.8822E+01    2.0700E-04
4.9388E+01  9.4365E-04 2.5320E+02    5.7381E-06    1.6524E-06    7.4100E+00   -6.3386E+00    1.9716E+01    2.0700E-04
4.8321E+01  1.0838E-03 2.5469E+02    5.7494E-06    1.8542E-06    7.6529E+00   -6.4944E+00    2.0637E+01    2.0700E-04
4.7258E+01  1.2432E-03 2.5618E+02    5.7500E-06    2.0775E-06    7.8129E+00   -6.7023E+00    2.1586E+01    2.0700E-04
4.6199E+01  1.4242E-03 2.5773E+02    5.7500E-06    2.3122E-06    7.8487E+00   -6.9636E+00    2.2604E+01    2.0700E-04
4.5144E+01  1.6295E-03 2.5914E+02    5.7370E-06    2.5812E-06    7.8050E+00   -7.1952E+00    2.3570E+01    2.0700E-04
4.4094E+01  1.8621E-03 2.6009E+02    5.7160E-06    2.8790E-06    7.6598E+00   -7.2810E+00    2.4227E+01    2.0700E-04
4.3053E+01  2.1252E-03 2.6034E+02    5.6903E-06    3.2064E-06    7.4099E+00   -7.1800E+00    2.4408E+01    2.0700E-04
4.2022E+01  2.4224E-03 2.5987E+02    5.6491E-06    3.5518E-06    7.0504E+00   -6.9099E+00    2.4077E+01    2.0700E-04
4.1004E+01  2.7577E-03 2.5874E+02    5.5984E-06    3.8821E-06    6.5815E+00   -6.5127E+00    2.3294E+01    2.0700E-04
4.0002E+01  3.1355E-03 2.5707E+02    5.5366E-06    4.1870E-06    6.0565E+00   -6.0388E+00    2.2167E+01    2.0700E-04
3.9017E+01  3.5605E-03 2.5498E+02    5.4678E-06    4.4460E-06    5.5172E+00   -5.5307E+00    2.0818E+01    2.0700E-04
3.8051E+01  4.0380E-03 2.5260E+02    5.3906E-06    4.6482E-06    5.0008E+00   -5.0257E+00    1.9355E+01    2.0700E-04
3.7104E+01  4.5738E-03 2.5003E+02    5.3048E-06    4.8063E-06    4.5375E+00   -4.5554E+00    1.7858E+01    2.0700E-04
3.6177E+01  5.1742E-03 2.4733E+02    5.2184E-06    4.9238E-06    4.1312E+00   -4.1311E+00    1.6384E+01    2.0700E-04
3.5270E+01  5.8460E-03 2.4457E+02    5.1273E-06    5.0218E-06    3.7804E+00   -3.7639E+00    1.4969E+01    2.0700E-04
3.4382E+01  6.5967E-03 2.4180E+02    5.0290E-06    5.0846E-06    3.4645E+00   -3.4429E+00    1.3639E+01    2.0700E-04
3.3514E+01  7.4345E-03 2.3906E+02    4.9266E-06    5.1311E-06    3.1805E+00   -3.1566E+00    1.2414E+01    2.0700E-04
3.2665E+01  8.3680E-03 2.3640E+02    4.8349E-06    5.1525E-06    2.9171E+00   -2.8935E+00    1.1304E+01    2.0700E-04
3.1834E+01  9.4070E-03 2.3387E+02    4.7353E-06    5.1509E-06    2.6700E+00   -2.6473E+00    1.0318E+01    2.0700E-04
3.1021E+01  1.0562E-02 2.3152E+02    4.6378E-06    5.1239E-06    2.4360E+00   -2.4433E+00    9.4576E+00    2.0700E-04
3.0225E+01  1.1843E-02 2.2936E+02    4.5424E-06    5.0524E-06    2.2102E+00   -2.2010E+00    8.7185E+00    2.0700E-04
2.9445E+01  1.3263E-02 2.2741E+02    4.4488E-06    4.9451E-06    1.9977E+00   -1.9736E+00    8.0877E+00    2.0700E-04
2.8680E+01  1.4835E-02 2.2565E+02    4.3572E-06    4.8064E-06    1.8017E+00   -1.7633E+00    7.5498E+00    2.0700E-04
2.7929E+01  1.6572E-02 2.2407E+02    4.2672E-06    4.6272E-06    1.6220E+00   -1.5716E+00    7.0888E+00    2.0700E-04
2.7192E+01  1.8489E-02 2.2264E+02    4.1690E-06    4.4303E-06    1.4634E+00   -1.3998E+00    6.6898E+00    2.0700E-04
2.6468E+01  2.0602E-02 2.2133E+02    4.0822E-06    4.1989E-06    1.3219E+00   -1.2494E+00    6.3398E+00    2.0700E-04
2.5757E+01  2.2927E-02 2.2012E+02    3.9972E-06    3.9613E-06    1.2001E+00   -1.1189E+00    6.0282E+00    2.0700E-04
2.5058E+01  2.5483E-02 2.1898E+02    3.9134E-06    3.7094E-06    1.0931E+00   -1.0060E+00    5.7465E+00    2.0700E-04
2.4371E+01  2.8288E-02 2.1790E+02    3.8312E-06    3.4548E-06    9.9890E-01   -9.0720E-01    5.4889E+00    2.0700E-04
2.3696E+01  3.1362E-02 2.1687E+02    3.7504E-06    3.1989E-06    9.1383E-01   -8.1867E-01    5.2512E+00    2.0700E-04
2.3032E+01  3.4726E-02 2.1589E+02    3.6757E-06    2.9416E-06    8.3480E-01   -7.3769E-01    4.9541E+00    2.0700E-04
2.2380E+01  3.8403E-02 2.1494E+02    3.6028E-06    2.6897E-06    7.6045E-01   -6.6200E-01    4.6506E+00    2.0700E-04
2.1738E+01  4.2416E-02 2.1404E+02    3.5261E-06    2.4373E-06    6.8868E-01   -5.9120E-01    4.3763E+00    2.0700E-04
2.1108E+01  4.6789E-02 2.1319E+02    3.4506E-06    2.1970E-06    6.2074E-01   -5.2441E-01    4.1302E+00    2.0700E-04
2.0488E+01  5.1548E-02 2.1240E+02    3.3820E-06    1.9674E-06    5.5631E-01   -4.6153E-01    3.9111E+00    2.0700E-04
1.9878E+01  5.6719E-02 2.1166E+02    3.3134E-06    1.7411E-06    4.9452E-01   -4.0279E-01    3.7182E+00    2.0700E-04
1.9279E+01  6.2331E-02 2.1100E+02    3.2515E-06    1.5251E-06    4.3686E-01   -3.4736E-01    3.5498E+00    2.0700E-04
1.8689E+01  6.8411E-02 2.1040E+02    3.1827E-06    1.3254E-06    3.8453E-01   -2.9362E-01    3.4038E+00    2.0700E-04
1.8109E+01  7.4990E-02 2.0986E+02    3.1279E-06    1.1392E-06    3.3749E-01   -2.4389E-01    3.2773E+00    2.0700E-04
1.7539E+01  8.2098E-02 2.0938E+02    3.0823E-06    9.6300E-07    2.9523E-01   -2.0063E-01    3.1675E+00    2.0700E-04
1.6977E+01  8.9766E-02 2.0895E+02    3.0376E-06    8.0453E-07    2.5856E-01   -1.6401E-01    3.0718E+00    2.0700E-04
1.6425E+01  9.8027E-02 2.0856E+02    2.9935E-06    6.6117E-07    2.2682E-01   -1.3613E-01    2.9880E+00    2.0700E-04
1.5882E+01  1.0691E-01 2.0821E+02    2.9576E-06    5.3479E-07    1.9877E-01   -8.8266E-02    2.9140E+00    2.0700E-04
1.5348E+01  1.1646E-01 2.0790E+02    2.9257E-06    4.2619E-07    1.7498E-01   -7.3562E-02    2.8497E+00    2.0700E-04
1.4822E+01  1.2670E-01 2.0764E+02    2.9028E-06    3.3572E-07    1.5541E-01   -6.5642E-02    2.7972E+00    2.0700E-04
1.4305E+01  1.3766E-01 2.0745E+02    2.8822E-06    2.6094E-07    1.3932E-01   -6.2849E-02    2.7602E+00    2.0700E-04
1.3796E+01  1.4938E-01 2.0737E+02    2.8619E-06    1.9897E-07    1.2603E-01   -6.3869E-02    2.7427E+00    2.0700E-04
1.3295E+01  1.6190E-01 2.0740E+02    2.8509E-06    1.4903E-07    1.1539E-01   -6.6469E-02    2.7490E+00    2.0700E-04
1.2802E+01  1.7525E-01 2.0757E+02    2.8411E-06    1.1613E-07    1.0785E-01   -6.5017E-02    2.7826E+00    2.0700E-04
1.2316E+01  1.8945E-01 2.0789E+02    2.8658E-06    9.4064E-08    1.0294E-01   -6.3159E-02    2.8473E+00    2.0700E-04
1.1838E+01  2.0456E-01 2.0823E+02    3.5021E-06    7.7682E-08    1.0229E-01   -6.8183E-02    2.9193E+00    2.0700E-04
1.1366E+01  2.2058E-01 2.0880E+02    3.9809E-06    6.5537E-08    1.0182E-01   -5.9124E-02    3.0394E+00    2.0700E-04
1.0901E+01  2.3756E-01 2.0946E+02    4.6535E-06    5.8190E-08    1.0238E-01   -3.4845E-02    3.1865E+00    2.0700E-04
1.0442E+01  2.5553E-01 2.1051E+02    5.3831E-06    5.3688E-08    1.0576E-01   -2.9674E-02    3.4313E+00    2.0700E-04
9.9871E+00  2.7451E-01 2.1276E+02    7.3668E-06    5.0485E-08    1.1517E-01   -1.9285E-01    4.0099E+00    2.0700E-04
9.5336E+00  2.9453E-01 2.1713E+02    1.3234E-05    4.7757E-08    1.4235E-01   -5.6634E-01    5.3098E+00    2.0700E-04
9.0792E+00  3.1561E-01 2.2149E+02    2.3183E-05    4.5189E-08    1.8274E-01   -9.6468E-01    6.3807E+00    2.0700E-04
8.6243E+00  3.3777E-01 2.2582E+02    3.9585E-05    4.2758E-08    2.3562E-01   -1.3648E+00    7.5980E+00    2.0700E-04
8.1694E+00  3.6104E-01 2.3009E+02    6.5867E-05    4.0410E-08    2.9850E-01   -1.7225E+00    8.9655E+00    2.0700E-04
7.7148E+00  3.8542E-01 2.3430E+02    1.0672E-04    3.8141E-08    3.6606E-01   -1.9931E+00    1.0482E+01    2.0700E-04
7.2610E+00  4.1092E-01 2.3842E+02    1.6823E-04    3.5873E-08    4.3632E-01   -2.1738E+00    1.2139E+01    2.0700E-04
6.8086E+00  4.3757E-01 2.4241E+02    2.5776E-04    3.3690E-08    5.1239E-01   -2.2896E+00    1.3925E+01    2.0700E-04
6.3581E+00  4.6535E-01 2.4625E+02    3.8373E-04    3.1598E-08    5.8884E-01   -2.3283E+00    1.5821E+01    2.0700E-04
5.9101E+00  4.9428E-01 2.4993E+02    5.5501E-04    2.9600E-08    6.5152E-01   -2.3269E+00    1.7805E+01    2.0700E-04
5.4651E+00  5.2434E-01 2.5343E+02    7.8039E-04    2.7637E-08    6.9524E-01   -2.3033E+00    1.9853E+01    2.0700E-04
5.0238E+00  5.5553E-01 2.5673E+02    1.0680E-03    2.5738E-08    7.2702E-01   -2.2822E+00    2.1944E+01    2.0700E-04
4.5866E+00  5.8783E-01 2.5984E+02    1.4249E-03    2.3936E-08    7.5279E-01   -2.2337E+00    2.4057E+01    2.0700E-04
4.1543E+00  6.2123E-01 2.6277E+02    1.8572E-03    2.2230E-08    7.7167E-01   -2.1686E+00    2.6176E+01    2.0700E-04
3.7271E+00  6.5570E-01 2.6552E+02    2.3694E-03    2.0620E-08    7.8092E-01   -2.0992E+00    2.8290E+01    2.0700E-04
3.3057E+00  6.9120E-01 2.6811E+02    2.9653E-03    1.9097E-08    7.8125E-01   -1.9981E+00    3.0388E+01    2.0700E-04
2.8905E+00  7.2772E-01 2.7054E+02    3.6474E-03    1.7739E-08    7.7579E-01   -1.8402E+00    3.2463E+01    2.0700E-04
2.4818E+00  7.6519E-01 2.7283E+02    4.4176E-03    1.6537E-08    7.6733E-01   -1.6941E+00    3.4511E+01    2.0700E-04
2.0799E+00  8.0359E-01 2.7523E+02    5.3573E-03    1.5447E-08    7.6212E-01   -1.6115E+00    3.6762E+01    2.0700E-04
1.6849E+00  8.4284E-01 2.7750E+02    6.2489E-03    1.4467E-08    7.4002E-01   -1.5230E+00    3.8992E+01    2.0700E-04
1.2972E+00  8.8290E-01 2.7968E+02    7.3212E-03    1.3692E-08    7.2622E-01   -1.5293E+00    4.1225E+01    2.0700E-04
9.1699E-01  9.2370E-01 2.8175E+02    8.4255E-03    1.3062E-08    7.1317E-01   -1.5987E+00    4.3428E+01    2.0700E-04
5.4464E-01  9.6517E-01 2.8372E+02    9.5892E-03    1.2508E-08    7.0987E-01   -1.7988E+00    4.5621E+01    2.0700E-04
1.8038E-01  1.0072E+00 2.8560E+02    1.0941E-02    1.2006E-08    7.2890E-01   -2.0474E+00    4.7783E+01    2.0700E-04
0.0000E+00  1.0286E+00 2.8654E+02    1.1619E-02    1.2100E-08    7.9164E+00   -3.5059E+00    4.8895E+01    2.0700E-04
