     ALT          P          T          FH2O           O3           THEAT        TCOOL        PSATCO2        FCO2
7.3578E+01  3.2610E-05 2.1907E+02    4.1385E-06    5.0944E-08    3.5902E+01   -6.1690E+01    5.7666E+00    2.0600E-04
7.2462E+01  3.8506E-05 2.2040E+02    4.3841E-06    6.1933E-08    4.9821E+00   -4.0758E+01    6.0999E+00    2.0600E-04
7.1347E+01  4.5410E-05 2.2180E+02    4.6032E-06    7.7576E-08    2.0882E+00   -2.6229E+01    6.4622E+00    2.0600E-04
7.0235E+01  5.3485E-05 2.2325E+02    4.8036E-06    9.9268E-08    1.8677E+00   -1.6775E+01    6.8576E+00    2.0600E-04
6.9124E+01  6.2917E-05 2.2476E+02    4.9883E-06    1.2778E-07    1.9629E+00   -1.1024E+01    7.2866E+00    2.0600E-04
6.8015E+01  7.3919E-05 2.2631E+02    5.1436E-06    1.6252E-07    2.1154E+00   -7.7760E+00    7.7484E+00    2.0600E-04
6.6907E+01  8.6735E-05 2.2790E+02    5.2918E-06    2.0140E-07    2.2921E+00   -6.0608E+00    8.2418E+00    2.0600E-04
6.5801E+01  1.0165E-04 2.2950E+02    5.4156E-06    2.4136E-07    2.4769E+00   -5.2130E+00    8.7651E+00    2.0600E-04
6.4696E+01  1.1897E-04 2.3111E+02    5.5349E-06    2.8339E-07    2.6836E+00   -4.8449E+00    9.3166E+00    2.0600E-04
6.3593E+01  1.3907E-04 2.3273E+02    5.6332E-06    3.2880E-07    2.9089E+00   -4.7187E+00    9.8945E+00    2.0600E-04
6.2491E+01  1.6236E-04 2.3434E+02    5.7214E-06    3.7865E-07    3.1577E+00   -4.7155E+00    1.0497E+01    2.0600E-04
6.1391E+01  1.8931E-04 2.3595E+02    5.8094E-06    4.3397E-07    3.4338E+00   -4.7781E+00    1.1123E+01    2.0600E-04
6.0293E+01  2.2046E-04 2.3754E+02    5.8780E-06    4.9598E-07    3.7401E+00   -4.8696E+00    1.1772E+01    2.0600E-04
5.9197E+01  2.5641E-04 2.3912E+02    5.9525E-06    5.6602E-07    4.0787E+00   -4.9875E+00    1.2442E+01    2.0600E-04
5.8104E+01  2.9785E-04 2.4069E+02    6.0094E-06    6.4234E-07    4.4364E+00   -5.1165E+00    1.3135E+01    2.0600E-04
5.7013E+01  3.4555E-04 2.4225E+02    6.0599E-06    7.2653E-07    4.8124E+00   -5.2579E+00    1.3849E+01    2.0600E-04
5.5924E+01  4.0038E-04 2.4379E+02    6.1134E-06    8.1898E-07    5.2005E+00   -5.4112E+00    1.4587E+01    2.0600E-04
5.4839E+01  4.6333E-04 2.4533E+02    6.1484E-06    9.2034E-07    5.5917E+00   -5.5661E+00    1.5348E+01    2.0600E-04
5.3756E+01  5.3551E-04 2.4685E+02    6.1901E-06    1.0306E-06    5.9768E+00   -5.7254E+00    1.6133E+01    2.0600E-04
5.2677E+01  6.1814E-04 2.4837E+02    6.2217E-06    1.1599E-06    6.3740E+00   -5.8819E+00    1.6942E+01    2.0600E-04
5.1601E+01  7.1262E-04 2.4988E+02    6.2532E-06    1.2921E-06    6.7128E+00   -6.0269E+00    1.7777E+01    2.0600E-04
5.0529E+01  8.2052E-04 2.5139E+02    6.2747E-06    1.4523E-06    7.0596E+00   -6.1490E+00    1.8637E+01    2.0600E-04
4.9460E+01  9.4356E-04 2.5288E+02    6.2900E-06    1.6280E-06    7.3509E+00   -6.2590E+00    1.9524E+01    2.0600E-04
4.8394E+01  1.0837E-03 2.5437E+02    6.3074E-06    1.8232E-06    7.5845E+00   -6.4032E+00    2.0438E+01    2.0600E-04
4.7333E+01  1.2430E-03 2.5586E+02    6.3100E-06    2.0443E-06    7.7542E+00   -6.5973E+00    2.1379E+01    2.0600E-04
4.6276E+01  1.4240E-03 2.5739E+02    6.3100E-06    2.2871E-06    7.8238E+00   -6.8549E+00    2.2379E+01    2.0600E-04
4.5222E+01  1.6293E-03 2.5884E+02    6.3000E-06    2.5514E-06    7.7825E+00   -7.1040E+00    2.3362E+01    2.0600E-04
4.4174E+01  1.8619E-03 2.5986E+02    6.2882E-06    2.8466E-06    7.6425E+00   -7.2213E+00    2.4070E+01    2.0600E-04
4.3133E+01  2.1249E-03 2.6020E+02    6.2574E-06    3.1713E-06    7.3986E+00   -7.1476E+00    2.4308E+01    2.0600E-04
4.2103E+01  2.4221E-03 2.5981E+02    6.2235E-06    3.5141E-06    7.0450E+00   -6.8991E+00    2.4030E+01    2.0600E-04
4.1086E+01  2.7574E-03 2.5874E+02    6.1728E-06    3.8466E-06    6.5845E+00   -6.5165E+00    2.3289E+01    2.0600E-04
4.0084E+01  3.1351E-03 2.5711E+02    6.1191E-06    4.1502E-06    6.0607E+00   -6.0518E+00    2.2194E+01    2.0600E-04
3.9099E+01  3.5600E-03 2.5506E+02    6.0500E-06    4.4094E-06    5.5225E+00   -5.5490E+00    2.0868E+01    2.0600E-04
3.8133E+01  4.0375E-03 2.5271E+02    5.9768E-06    4.6236E-06    5.0132E+00   -5.0486E+00    1.9420E+01    2.0600E-04
3.7186E+01  4.5732E-03 2.5016E+02    5.8921E-06    4.7810E-06    4.5464E+00   -4.5788E+00    1.7934E+01    2.0600E-04
3.6259E+01  5.1735E-03 2.4749E+02    5.8094E-06    4.9006E-06    4.1380E+00   -4.1550E+00    1.6467E+01    2.0600E-04
3.5351E+01  5.8452E-03 2.4475E+02    5.7186E-06    4.9913E-06    3.7818E+00   -3.7872E+00    1.5060E+01    2.0600E-04
3.4463E+01  6.5957E-03 2.4201E+02    5.6198E-06    5.0581E-06    3.4668E+00   -3.4675E+00    1.3738E+01    2.0600E-04
3.3594E+01  7.4333E-03 2.3930E+02    5.5195E-06    5.1068E-06    3.1835E+00   -3.1832E+00    1.2521E+01    2.0600E-04
3.2745E+01  8.3667E-03 2.3669E+02    5.4276E-06    5.1300E-06    2.9202E+00   -2.9224E+00    1.1420E+01    2.0600E-04
3.1913E+01  9.4055E-03 2.3420E+02    5.3277E-06    5.1230E-06    2.6709E+00   -2.6784E+00    1.0442E+01    2.0600E-04
3.1099E+01  1.0560E-02 2.3189E+02    5.2301E-06    5.0901E-06    2.4352E+00   -2.4761E+00    9.5925E+00    2.0600E-04
3.0302E+01  1.1841E-02 2.2979E+02    5.1345E-06    5.0237E-06    2.2109E+00   -2.2369E+00    8.8641E+00    2.0600E-04
2.9520E+01  1.3261E-02 2.2791E+02    5.0406E-06    4.9108E-06    1.9971E+00   -2.0125E+00    8.2448E+00    2.0600E-04
2.8754E+01  1.4832E-02 2.2622E+02    4.9487E-06    4.7677E-06    1.8002E+00   -1.8056E+00    7.7189E+00    2.0600E-04
2.8001E+01  1.6569E-02 2.2471E+02    4.8584E-06    4.5966E-06    1.6223E+00   -1.6176E+00    7.2703E+00    2.0600E-04
2.7262E+01  1.8486E-02 2.2335E+02    4.7698E-06    4.3996E-06    1.4636E+00   -1.4499E+00    6.8839E+00    2.0600E-04
2.6536E+01  2.0598E-02 2.2211E+02    4.6827E-06    4.1666E-06    1.3215E+00   -1.3026E+00    6.5465E+00    2.0600E-04
2.5822E+01  2.2923E-02 2.2098E+02    4.5883E-06    3.9299E-06    1.1996E+00   -1.1748E+00    6.2470E+00    2.0600E-04
2.5121E+01  2.5478E-02 2.1992E+02    4.5029E-06    3.6852E-06    1.0936E+00   -1.0647E+00    5.9768E+00    2.0600E-04
2.4431E+01  2.8283E-02 2.1891E+02    4.4202E-06    3.4298E-06    9.9910E-01   -9.6840E-01    5.7295E+00    2.0600E-04
2.3753E+01  3.1356E-02 2.1795E+02    4.3389E-06    3.1765E-06    9.1424E-01   -8.8189E-01    5.5007E+00    2.0600E-04
2.3086E+01  3.4720E-02 2.1703E+02    4.2589E-06    2.9219E-06    8.3545E-01   -8.0213E-01    5.2876E+00    2.0600E-04
2.2430E+01  3.8396E-02 2.1615E+02    4.1802E-06    2.6728E-06    7.6145E-01   -7.2705E-01    5.0413E+00    2.0600E-04
2.1785E+01  4.2408E-02 2.1530E+02    4.1030E-06    2.4291E-06    6.9084E-01   -6.5602E-01    4.7643E+00    2.0600E-04
2.1151E+01  4.6780E-02 2.1450E+02    4.0269E-06    2.1872E-06    6.2248E-01   -5.8929E-01    4.5131E+00    2.0600E-04
2.0527E+01  5.1537E-02 2.1374E+02    3.9567E-06    1.9545E-06    5.5742E-01   -5.2635E-01    4.2874E+00    2.0600E-04
1.9914E+01  5.6707E-02 2.1304E+02    3.8886E-06    1.7340E-06    4.9628E-01   -4.6612E-01    4.0866E+00    2.0600E-04
1.9311E+01  6.2317E-02 2.1239E+02    3.8163E-06    1.5181E-06    4.3848E-01   -4.0907E-01    3.9099E+00    2.0600E-04
1.8717E+01  6.8396E-02 2.1181E+02    3.7560E-06    1.3165E-06    3.8584E-01   -3.5477E-01    3.7553E+00    2.0600E-04
1.8134E+01  7.4973E-02 2.1128E+02    3.6977E-06    1.1313E-06    3.3885E-01   -3.0301E-01    3.6201E+00    2.0600E-04
1.7559E+01  8.2079E-02 2.1080E+02    3.6443E-06    9.5958E-07    2.9716E-01   -2.5611E-01    3.5014E+00    2.0600E-04
1.6995E+01  8.9746E-02 2.1037E+02    3.5991E-06    8.0044E-07    2.6041E-01   -2.1689E-01    3.3963E+00    2.0600E-04
1.6439E+01  9.8005E-02 2.0997E+02    3.5547E-06    6.5816E-07    2.2877E-01   -1.8572E-01    3.3025E+00    2.0600E-04
1.5892E+01  1.0689E-01 2.0960E+02    3.5110E-06    5.3185E-07    2.0063E-01   -1.3589E-01    3.2177E+00    2.0600E-04
1.5355E+01  1.1643E-01 2.0926E+02    3.4841E-06    4.2408E-07    1.7692E-01   -1.1692E-01    3.1419E+00    2.0600E-04
1.4826E+01  1.2667E-01 2.0897E+02    3.4544E-06    3.3315E-07    1.5724E-01   -1.0495E-01    3.0776E+00    2.0600E-04
1.4306E+01  1.3763E-01 2.0875E+02    3.4321E-06    2.5966E-07    1.4126E-01   -9.8168E-02    3.0289E+00    2.0600E-04
1.3794E+01  1.4935E-01 2.0862E+02    3.4209E-06    1.9751E-07    1.2797E-01   -9.6945E-02    3.0012E+00    2.0600E-04
1.3290E+01  1.6186E-01 2.0861E+02    3.4016E-06    1.4832E-07    1.1734E-01   -9.6867E-02    2.9988E+00    2.0600E-04
1.2794E+01  1.7521E-01 2.0873E+02    3.3909E-06    1.1459E-07    1.0965E-01   -9.3595E-02    3.0244E+00    2.0600E-04
1.2306E+01  1.8941E-01 2.0899E+02    3.3900E-06    9.3073E-08    1.0442E-01   -8.7058E-02    3.0814E+00    2.0600E-04
1.1825E+01  2.0451E-01 2.0936E+02    3.5672E-06    7.6876E-08    1.0153E-01   -8.3329E-02    3.1637E+00    2.0600E-04
1.1351E+01  2.2053E-01 2.0986E+02    4.4183E-06    6.4890E-08    1.0265E-01   -9.3441E-02    3.2778E+00    2.0600E-04
1.0883E+01  2.3751E-01 2.1041E+02    5.2894E-06    5.7719E-08    1.0369E-01   -6.6017E-02    3.4064E+00    2.0600E-04
1.0423E+01  2.5547E-01 2.1108E+02    5.8248E-06    5.3370E-08    1.0586E-01   -1.0246E-02    3.5706E+00    2.0600E-04
9.9681E+00  2.7444E-01 2.1246E+02    7.0797E-06    5.0246E-08    1.1155E-01   -1.1153E-01    3.9294E+00    2.0600E-04
9.5155E+00  2.9446E-01 2.1668E+02    1.2476E-05    4.7581E-08    1.3586E-01   -4.7020E-01    5.2063E+00    2.0600E-04
9.0623E+00  3.1553E-01 2.2102E+02    2.1876E-05    4.5081E-08    1.7422E-01   -8.6885E-01    6.2591E+00    2.0600E-04
8.6085E+00  3.3769E-01 2.2534E+02    3.7409E-05    4.2660E-08    2.2559E-01   -1.2781E+00    7.4575E+00    2.0600E-04
8.1546E+00  3.6094E-01 2.2962E+02    6.2355E-05    4.0322E-08    2.8763E-01   -1.6508E+00    8.8054E+00    2.0600E-04
7.7011E+00  3.8532E-01 2.3383E+02    1.0123E-04    3.8058E-08    3.5505E-01   -1.9387E+00    1.0302E+01    2.0600E-04
7.2484E+00  4.1082E-01 2.3795E+02    1.5991E-04    3.5801E-08    4.2522E-01   -2.1329E+00    1.1940E+01    2.0600E-04
6.7970E+00  4.3745E-01 2.4194E+02    2.4562E-04    3.3718E-08    5.0101E-01   -2.2597E+00    1.3708E+01    2.0600E-04
6.3475E+00  4.6523E-01 2.4580E+02    3.6661E-04    3.1643E-08    5.7817E-01   -2.3079E+00    1.5588E+01    2.0600E-04
5.9005E+00  4.9414E-01 2.4949E+02    5.3173E-04    2.9651E-08    6.4279E-01   -2.3105E+00    1.7559E+01    2.0600E-04
5.4564E+00  5.2420E-01 2.5300E+02    7.4976E-04    2.7693E-08    6.8841E-01   -2.2907E+00    1.9597E+01    2.0600E-04
5.0159E+00  5.5538E-01 2.5633E+02    1.0290E-03    2.5800E-08    7.2126E-01   -2.2720E+00    2.1680E+01    2.0600E-04
4.5796E+00  5.8767E-01 2.5946E+02    1.3765E-03    2.4004E-08    7.4781E-01   -2.2279E+00    2.3789E+01    2.0600E-04
4.1480E+00  6.2106E-01 2.6241E+02    1.7986E-03    2.2302E-08    7.6773E-01   -2.1647E+00    2.5906E+01    2.0600E-04
3.7216E+00  6.5551E-01 2.6518E+02    2.3000E-03    2.0702E-08    7.7821E-01   -2.0979E+00    2.8018E+01    2.0600E-04
3.3009E+00  6.9101E-01 2.6778E+02    2.8845E-03    1.9269E-08    7.7956E-01   -2.0028E+00    3.0116E+01    2.0600E-04
2.8863E+00  7.2751E-01 2.7023E+02    3.5548E-03    1.7924E-08    7.7484E-01   -1.8535E+00    3.2193E+01    2.0600E-04
2.4782E+00  7.6498E-01 2.7253E+02    4.3127E-03    1.6670E-08    7.6694E-01   -1.7031E+00    3.4242E+01    2.0600E-04
2.0769E+00  8.0336E-01 2.7490E+02    5.2297E-03    1.5575E-08    7.6166E-01   -1.6097E+00    3.6445E+01    2.0600E-04
1.6825E+00  8.4260E-01 2.7718E+02    6.1263E-03    1.4647E-08    7.4159E-01   -1.5244E+00    3.8672E+01    2.0600E-04
1.2953E+00  8.8265E-01 2.7937E+02    7.1601E-03    1.3797E-08    7.2626E-01   -1.5203E+00    4.0904E+01    2.0600E-04
9.1570E-01  9.2343E-01 2.8145E+02    8.2704E-03    1.3160E-08    7.1435E-01   -1.5881E+00    4.3107E+01    2.0600E-04
5.4388E-01  9.6489E-01 2.8343E+02    9.3844E-03    1.2607E-08    7.0881E-01   -1.7762E+00    4.5293E+01    2.0600E-04
1.8014E-01  1.0069E+00 2.8532E+02    1.0744E-02    1.2105E-08    7.2908E-01   -2.0292E+00    4.7456E+01    2.0600E-04
0.0000E+00  1.0283E+00 2.8627E+02    1.1424E-02    1.2200E-08    7.9272E+00   -3.5276E+00    4.8567E+01    2.0600E-04
