     ALT          P          T          FH2O           O3           THEAT        TCOOL        PSATCO2        FCO2
7.3521E+01  3.2610E-05 2.1948E+02    3.6552E-06    5.3293E-08    3.5955E+01   -6.2180E+01    5.8688E+00    2.0700E-04
7.2403E+01  3.8506E-05 2.2082E+02    3.8713E-06    6.4660E-08    4.9603E+00   -4.0831E+01    6.2071E+00    2.0700E-04
7.1286E+01  4.5411E-05 2.2222E+02    4.0722E-06    8.0743E-08    2.0922E+00   -2.6076E+01    6.5746E+00    2.0700E-04
7.0171E+01  5.3486E-05 2.2367E+02    4.2506E-06    1.0298E-07    1.8798E+00   -1.6513E+01    6.9754E+00    2.0700E-04
6.9058E+01  6.2919E-05 2.2518E+02    4.4139E-06    1.3262E-07    1.9813E+00   -1.0723E+01    7.4100E+00    2.0700E-04
6.7946E+01  7.3921E-05 2.2673E+02    4.5596E-06    1.6890E-07    2.1417E+00   -7.4748E+00    7.8777E+00    2.0700E-04
6.6836E+01  8.6739E-05 2.2832E+02    4.6859E-06    2.0873E-07    2.3237E+00   -5.7719E+00    8.3770E+00    2.0700E-04
6.5727E+01  1.0165E-04 2.2992E+02    4.7975E-06    2.5078E-07    2.5189E+00   -4.9431E+00    8.9064E+00    2.0700E-04
6.4619E+01  1.1897E-04 2.3153E+02    4.9046E-06    2.9418E-07    2.7331E+00   -4.5973E+00    9.4640E+00    2.0700E-04
6.3513E+01  1.3908E-04 2.3315E+02    4.9931E-06    3.4057E-07    2.9638E+00   -4.4970E+00    1.0048E+01    2.0700E-04
6.2409E+01  1.6237E-04 2.3476E+02    5.0815E-06    3.9180E-07    3.2197E+00   -4.5243E+00    1.0657E+01    2.0700E-04
6.1307E+01  1.8933E-04 2.3636E+02    5.1498E-06    4.4883E-07    3.5037E+00   -4.6091E+00    1.1289E+01    2.0700E-04
6.0207E+01  2.2048E-04 2.3795E+02    5.2159E-06    5.1192E-07    3.8145E+00   -4.7304E+00    1.1944E+01    2.0700E-04
5.9108E+01  2.5643E-04 2.3953E+02    5.2778E-06    5.8211E-07    4.1531E+00   -4.8753E+00    1.2621E+01    2.0700E-04
5.8013E+01  2.9788E-04 2.4110E+02    5.3317E-06    6.6039E-07    4.5180E+00   -5.0352E+00    1.3320E+01    2.0700E-04
5.6919E+01  3.4558E-04 2.4265E+02    5.3754E-06    7.4646E-07    4.9006E+00   -5.2057E+00    1.4041E+01    2.0700E-04
5.5829E+01  4.0042E-04 2.4420E+02    5.4191E-06    8.4088E-07    5.2938E+00   -5.3867E+00    1.4786E+01    2.0700E-04
5.4741E+01  4.6338E-04 2.4573E+02    5.4613E-06    9.4349E-07    5.6866E+00   -5.5725E+00    1.5553E+01    2.0700E-04
5.3656E+01  5.3556E-04 2.4726E+02    5.4930E-06    1.0577E-06    6.0806E+00   -5.7560E+00    1.6346E+01    2.0700E-04
5.2575E+01  6.1821E-04 2.4877E+02    5.5193E-06    1.1875E-06    6.4721E+00   -5.9344E+00    1.7163E+01    2.0700E-04
5.1497E+01  7.1271E-04 2.5029E+02    5.5462E-06    1.3230E-06    6.8115E+00   -6.0971E+00    1.8005E+01    2.0700E-04
5.0422E+01  8.2062E-04 2.5179E+02    5.5600E-06    1.4813E-06    7.1403E+00   -6.2341E+00    1.8874E+01    2.0700E-04
4.9351E+01  9.4368E-04 2.5329E+02    5.5791E-06    1.6621E-06    7.4354E+00   -6.3624E+00    1.9769E+01    2.0700E-04
4.8284E+01  1.0838E-03 2.5478E+02    5.5900E-06    1.8648E-06    7.6741E+00   -6.5218E+00    2.0692E+01    2.0700E-04
4.7220E+01  1.2432E-03 2.5627E+02    5.5900E-06    2.0791E-06    7.8077E+00   -6.7315E+00    2.1643E+01    2.0700E-04
4.6160E+01  1.4242E-03 2.5782E+02    5.5870E-06    2.3250E-06    7.8674E+00   -6.9990E+00    2.2667E+01    2.0700E-04
4.5105E+01  1.6296E-03 2.5923E+02    5.5759E-06    2.5924E-06    7.8172E+00   -7.2250E+00    2.3627E+01    2.0700E-04
4.4055E+01  1.8622E-03 2.6014E+02    5.5549E-06    2.8904E-06    7.6673E+00   -7.3004E+00    2.4266E+01    2.0700E-04
4.3013E+01  2.1253E-03 2.6037E+02    5.5241E-06    3.2198E-06    7.4158E+00   -7.1894E+00    2.4426E+01    2.0700E-04
4.1982E+01  2.4225E-03 2.5987E+02    5.4803E-06    3.5605E-06    7.0475E+00   -6.9110E+00    2.4076E+01    2.0700E-04
4.0964E+01  2.7578E-03 2.5872E+02    5.4293E-06    3.8998E-06    6.5873E+00   -6.5114E+00    2.3277E+01    2.0700E-04
3.9962E+01  3.1356E-03 2.5703E+02    5.3692E-06    4.2035E-06    6.0590E+00   -6.0343E+00    2.2138E+01    2.0700E-04
3.8978E+01  3.5607E-03 2.5492E+02    5.2935E-06    4.4591E-06    5.5156E+00   -5.5230E+00    2.0780E+01    2.0700E-04
3.8012E+01  4.0382E-03 2.5252E+02    5.2162E-06    4.6632E-06    5.0008E+00   -5.0170E+00    1.9309E+01    2.0700E-04
3.7065E+01  4.5741E-03 2.4993E+02    5.1357E-06    4.8238E-06    4.5394E+00   -4.5464E+00    1.7806E+01    2.0700E-04
3.6138E+01  5.1745E-03 2.4722E+02    5.0431E-06    4.9402E-06    4.1324E+00   -4.1206E+00    1.6326E+01    2.0700E-04
3.5231E+01  5.8463E-03 2.4444E+02    4.9510E-06    5.0360E-06    3.7804E+00   -3.7521E+00    1.4906E+01    2.0700E-04
3.4344E+01  6.5971E-03 2.4165E+02    4.8539E-06    5.0977E-06    3.4643E+00   -3.4302E+00    1.3572E+01    2.0700E-04
3.3476E+01  7.4349E-03 2.3889E+02    4.7506E-06    5.1497E-06    3.1826E+00   -3.1432E+00    1.2342E+01    2.0700E-04
3.2628E+01  8.3685E-03 2.3621E+02    4.6589E-06    5.1735E-06    2.9201E+00   -2.8789E+00    1.1228E+01    2.0700E-04
3.1798E+01  9.4075E-03 2.3365E+02    4.5595E-06    5.1798E-06    2.6748E+00   -2.6314E+00    1.0236E+01    2.0700E-04
3.0986E+01  1.0562E-02 2.3127E+02    4.4621E-06    5.1411E-06    2.4368E+00   -2.4251E+00    9.3710E+00    2.0700E-04
3.0190E+01  1.1844E-02 2.2908E+02    4.3668E-06    5.0768E-06    2.2126E+00   -2.1811E+00    8.6265E+00    2.0700E-04
2.9411E+01  1.3264E-02 2.2710E+02    4.2657E-06    4.9680E-06    1.9995E+00   -1.9512E+00    7.9904E+00    2.0700E-04
2.8647E+01  1.4836E-02 2.2531E+02    4.1720E-06    4.8269E-06    1.8029E+00   -1.7390E+00    7.4473E+00    2.0700E-04
2.7897E+01  1.6573E-02 2.2370E+02    4.0823E-06    4.6544E-06    1.6245E+00   -1.5459E+00    6.9814E+00    2.0700E-04
2.7162E+01  1.8490E-02 2.2223E+02    3.9942E-06    4.4502E-06    1.4647E+00   -1.3732E+00    6.5779E+00    2.0700E-04
2.6439E+01  2.0603E-02 2.2089E+02    3.9077E-06    4.2269E-06    1.3248E+00   -1.2213E+00    6.2238E+00    2.0700E-04
2.5729E+01  2.2929E-02 2.1964E+02    3.8229E-06    3.9883E-06    1.2028E+00   -1.0895E+00    5.9086E+00    2.0700E-04
2.5032E+01  2.5485E-02 2.1847E+02    3.7394E-06    3.7322E-06    1.0951E+00   -9.7574E-01    5.6239E+00    2.0700E-04
2.4346E+01  2.8290E-02 2.1737E+02    3.6575E-06    3.4732E-06    9.9998E-01   -8.7643E-01    5.3641E+00    2.0700E-04
2.3673E+01  3.1364E-02 2.1631E+02    3.5791E-06    3.2077E-06    9.1343E-01   -7.8820E-01    5.0966E+00    2.0700E-04
2.3011E+01  3.4729E-02 2.1531E+02    3.5077E-06    2.9509E-06    8.3450E-01   -7.0771E-01    4.7661E+00    2.0700E-04
2.2360E+01  3.8406E-02 2.1435E+02    3.4299E-06    2.6922E-06    7.5941E-01   -6.3289E-01    4.4683E+00    2.0700E-04
2.1720E+01  4.2419E-02 2.1344E+02    3.3534E-06    2.4475E-06    6.8884E-01   -5.6245E-01    4.2009E+00    2.0700E-04
2.1091E+01  4.6793E-02 2.1258E+02    3.2818E-06    2.1993E-06    6.1998E-01   -4.9760E-01    3.9620E+00    2.0700E-04
2.0473E+01  5.1552E-02 2.1179E+02    3.2142E-06    1.9711E-06    5.5582E-01   -4.3592E-01    3.7506E+00    2.0700E-04
1.9865E+01  5.6724E-02 2.1106E+02    3.1497E-06    1.7454E-06    4.9431E-01   -3.7838E-01    3.5651E+00    2.0700E-04
1.9267E+01  6.2336E-02 2.1040E+02    3.0802E-06    1.5305E-06    4.3683E-01   -3.2346E-01    3.4039E+00    2.0700E-04
1.8679E+01  6.8416E-02 2.0980E+02    3.0215E-06    1.3297E-06    3.8436E-01   -2.7157E-01    3.2646E+00    2.0700E-04
1.8101E+01  7.4996E-02 2.0928E+02    2.9671E-06    1.1360E-06    3.3626E-01   -2.2475E-01    3.1445E+00    2.0700E-04
1.7532E+01  8.2104E-02 2.0880E+02    2.9171E-06    9.6219E-07    2.9427E-01   -1.8229E-01    3.0411E+00    2.0700E-04
1.6972E+01  8.9773E-02 2.0839E+02    2.8671E-06    8.0590E-07    2.5792E-01   -1.4617E-01    2.9515E+00    2.0700E-04
1.6421E+01  9.8035E-02 2.0801E+02    2.8299E-06    6.6239E-07    2.2623E-01   -1.1989E-01    2.8738E+00    2.0700E-04
1.5880E+01  1.0692E-01 2.0768E+02    2.7975E-06    5.3539E-07    1.9812E-01   -7.2926E-02    2.8054E+00    2.0700E-04
1.5347E+01  1.1647E-01 2.0739E+02    2.7656E-06    4.2694E-07    1.7437E-01   -5.9495E-02    2.7467E+00    2.0700E-04
1.4822E+01  1.2671E-01 2.0715E+02    2.7428E-06    3.3673E-07    1.5487E-01   -5.2881E-02    2.7001E+00    2.0700E-04
1.4306E+01  1.3767E-01 2.0699E+02    2.7222E-06    2.6211E-07    1.3881E-01   -5.1616E-02    2.6693E+00    2.0700E-04
1.3798E+01  1.4940E-01 2.0693E+02    2.7020E-06    1.9932E-07    1.2544E-01   -5.4123E-02    2.6573E+00    2.0700E-04
1.3299E+01  1.6192E-01 2.0699E+02    2.6910E-06    1.5028E-07    1.1491E-01   -5.6863E-02    2.6682E+00    2.0700E-04
1.2806E+01  1.7526E-01 2.0717E+02    2.6812E-06    1.1650E-07    1.0728E-01   -5.5188E-02    2.7036E+00    2.0700E-04
1.2321E+01  1.8947E-01 2.0749E+02    2.7139E-06    9.4379E-08    1.0240E-01   -5.2857E-02    2.7683E+00    2.0700E-04
1.1843E+01  2.0457E-01 2.0793E+02    3.3456E-06    7.7899E-08    1.0188E-01   -6.5513E-02    2.8555E+00    2.0700E-04
1.1372E+01  2.2060E-01 2.0847E+02    3.8050E-06    6.5784E-08    1.0227E-01   -5.1460E-02    2.9696E+00    2.0700E-04
1.0908E+01  2.3759E-01 2.0906E+02    4.3783E-06    5.8327E-08    1.0221E-01   -2.1531E-02    3.0964E+00    2.0700E-04
1.0449E+01  2.5556E-01 2.1044E+02    5.3256E-06    5.3819E-08    1.0574E-01   -4.4229E-02    3.4129E+00    2.0700E-04
9.9945E+00  2.7454E-01 2.1294E+02    7.5499E-06    5.0586E-08    1.1680E-01   -2.2540E-01    4.0603E+00    2.0700E-04
9.5405E+00  2.9456E-01 2.1732E+02    1.3555E-05    4.7804E-08    1.4483E-01   -5.9989E-01    5.3523E+00    2.0700E-04
9.0857E+00  3.1564E-01 2.2168E+02    2.3732E-05    4.5230E-08    1.8592E-01   -9.9821E-01    6.4304E+00    2.0700E-04
8.6304E+00  3.3781E-01 2.2601E+02    4.0501E-05    4.2795E-08    2.3936E-01   -1.3953E+00    7.6556E+00    2.0700E-04
8.1750E+00  3.6107E-01 2.3029E+02    6.7342E-05    4.0428E-08    3.0257E-01   -1.7478E+00    9.0310E+00    2.0700E-04
7.7200E+00  3.8545E-01 2.3450E+02    1.0902E-04    3.8077E-08    3.7020E-01   -2.0125E+00    1.0555E+01    2.0700E-04
7.2658E+00  4.1097E-01 2.3861E+02    1.7170E-04    3.5895E-08    4.4058E-01   -2.1888E+00    1.2221E+01    2.0700E-04
6.8130E+00  4.3761E-01 2.4260E+02    2.6282E-04    3.3713E-08    5.1683E-01   -2.3005E+00    1.4014E+01    2.0700E-04
6.3621E+00  4.6540E-01 2.4644E+02    3.9083E-04    3.1619E-08    5.9299E-01   -2.3358E+00    1.5916E+01    2.0700E-04
5.9137E+00  4.9433E-01 2.5011E+02    5.6463E-04    2.9549E-08    6.5489E-01   -2.3326E+00    1.7904E+01    2.0700E-04
5.4683E+00  5.2439E-01 2.5359E+02    7.9300E-04    2.7611E-08    6.9788E-01   -2.3084E+00    1.9956E+01    2.0700E-04
5.0267E+00  5.5558E-01 2.5689E+02    1.0840E-03    2.5753E-08    7.2927E-01   -2.2863E+00    2.2050E+01    2.0700E-04
4.5892E+00  5.8789E-01 2.6000E+02    1.4448E-03    2.3915E-08    7.5475E-01   -2.2361E+00    2.4165E+01    2.0700E-04
4.1565E+00  6.2129E-01 2.6292E+02    1.8811E-03    2.2141E-08    7.7320E-01   -2.1705E+00    2.6285E+01    2.0700E-04
3.7291E+00  6.5576E-01 2.6566E+02    2.3978E-03    2.0533E-08    7.8197E-01   -2.1001E+00    2.8399E+01    2.0700E-04
3.3075E+00  6.9128E-01 2.6824E+02    2.9983E-03    1.9094E-08    7.8191E-01   -1.9969E+00    3.0497E+01    2.0700E-04
2.8920E+00  7.2779E-01 2.7066E+02    3.6853E-03    1.7745E-08    7.7618E-01   -1.8371E+00    3.2572E+01    2.0700E-04
2.4831E+00  7.6527E-01 2.7295E+02    4.4604E-03    1.6486E-08    7.6740E-01   -1.6900E+00    3.4620E+01    2.0700E-04
2.0809E+00  8.0367E-01 2.7534E+02    5.4006E-03    1.5386E-08    7.6136E-01   -1.6071E+00    3.6871E+01    2.0700E-04
1.6857E+00  8.4293E-01 2.7761E+02    6.2907E-03    1.4469E-08    7.3877E-01   -1.5203E+00    3.9101E+01    2.0700E-04
1.2978E+00  8.8300E-01 2.7979E+02    7.3761E-03    1.3694E-08    7.2565E-01   -1.5312E+00    4.1335E+01    2.0700E-04
9.1743E-01  9.2380E-01 2.8185E+02    8.4785E-03    1.2995E-08    7.1237E-01   -1.6017E+00    4.3539E+01    2.0700E-04
5.4489E-01  9.6527E-01 2.8382E+02    9.6591E-03    1.2451E-08    7.0992E-01   -1.8062E+00    4.5734E+01    2.0700E-04
1.8047E-01  1.0073E+00 2.8570E+02    1.1008E-02    1.2019E-08    7.2861E-01   -2.0534E+00    4.7896E+01    2.0700E-04
0.0000E+00  1.0287E+00 2.8664E+02    1.1685E-02    1.2100E-08    7.9124E+00   -3.4984E+00    4.9009E+01    2.0700E-04
