     ALT          P          T          FH2O           O3           THEAT        TCOOL        PSATCO2        FCO2
7.3584E+01  3.2610E-05 2.1902E+02    4.2077E-06    5.0580E-08    3.5854E+01   -6.1429E+01    5.7549E+00    2.0500E-04
7.2468E+01  3.8506E-05 2.2036E+02    4.4532E-06    6.1583E-08    5.0035E+00   -4.0690E+01    6.0875E+00    2.0500E-04
7.1354E+01  4.5410E-05 2.2175E+02    4.6804E-06    7.7100E-08    2.0885E+00   -2.6260E+01    6.4493E+00    2.0500E-04
7.0242E+01  5.3485E-05 2.2320E+02    4.8827E-06    9.8637E-08    1.8625E+00   -1.6829E+01    6.8440E+00    2.0500E-04
6.9131E+01  6.2917E-05 2.2471E+02    5.0700E-06    1.2739E-07    1.9584E+00   -1.1096E+01    7.2723E+00    2.0500E-04
6.8022E+01  7.3919E-05 2.2626E+02    5.2328E-06    1.6177E-07    2.1097E+00   -7.8461E+00    7.7335E+00    2.0500E-04
6.6915E+01  8.6735E-05 2.2785E+02    5.3779E-06    2.0017E-07    2.2841E+00   -6.1183E+00    8.2261E+00    2.0500E-04
6.5809E+01  1.0164E-04 2.2945E+02    5.5049E-06    2.4011E-07    2.4690E+00   -5.2590E+00    8.7487E+00    2.0500E-04
6.4704E+01  1.1897E-04 2.3107E+02    5.6254E-06    2.8211E-07    2.6758E+00   -4.8815E+00    9.2995E+00    2.0500E-04
6.3601E+01  1.3907E-04 2.3268E+02    5.7257E-06    3.2748E-07    2.9010E+00   -4.7497E+00    9.8768E+00    2.0500E-04
6.2499E+01  1.6236E-04 2.3430E+02    5.8207E-06    3.7676E-07    3.1475E+00   -4.7435E+00    1.0479E+01    2.0500E-04
6.1399E+01  1.8931E-04 2.3590E+02    5.9087E-06    4.3224E-07    3.4244E+00   -4.8002E+00    1.1104E+01    2.0500E-04
6.0302E+01  2.2046E-04 2.3750E+02    5.9774E-06    4.9446E-07    3.7316E+00   -4.8861E+00    1.1752E+01    2.0500E-04
5.9206E+01  2.5641E-04 2.3908E+02    6.0432E-06    5.6353E-07    4.0659E+00   -4.9950E+00    1.2422E+01    2.0500E-04
5.8113E+01  2.9785E-04 2.4065E+02    6.1088E-06    6.3964E-07    4.4227E+00   -5.1222E+00    1.3114E+01    2.0500E-04
5.7022E+01  3.4555E-04 2.4220E+02    6.1595E-06    7.2374E-07    4.7989E+00   -5.2588E+00    1.3828E+01    2.0500E-04
5.5934E+01  4.0038E-04 2.4375E+02    6.2130E-06    8.1605E-07    5.1870E+00   -5.4076E+00    1.4565E+01    2.0500E-04
5.4849E+01  4.6333E-04 2.4528E+02    6.2565E-06    9.1731E-07    5.5793E+00   -5.5605E+00    1.5325E+01    2.0500E-04
5.3767E+01  5.3550E-04 2.4681E+02    6.2899E-06    1.0293E-06    5.9692E+00   -5.7138E+00    1.6109E+01    2.0500E-04
5.2688E+01  6.1813E-04 2.4833E+02    6.3229E-06    1.1500E-06    6.3371E+00   -5.8644E+00    1.6918E+01    2.0500E-04
5.1612E+01  7.1261E-04 2.4984E+02    6.3530E-06    1.2905E-06    6.7050E+00   -6.0094E+00    1.7752E+01    2.0500E-04
5.0539E+01  8.2050E-04 2.5134E+02    6.3744E-06    1.4449E-06    7.0363E+00   -6.1284E+00    1.8612E+01    2.0500E-04
4.9471E+01  9.4354E-04 2.5284E+02    6.3958E-06    1.6217E-06    7.3338E+00   -6.2388E+00    1.9498E+01    2.0500E-04
4.8406E+01  1.0837E-03 2.5433E+02    6.4100E-06    1.8206E-06    7.5819E+00   -6.3829E+00    2.0410E+01    2.0500E-04
4.7344E+01  1.2430E-03 2.5582E+02    6.4200E-06    2.0414E-06    7.7529E+00   -6.5763E+00    2.1351E+01    2.0500E-04
4.6287E+01  1.4240E-03 2.5734E+02    6.4200E-06    2.2838E-06    7.8224E+00   -6.8329E+00    2.2348E+01    2.0500E-04
4.5234E+01  1.6293E-03 2.5880E+02    6.4100E-06    2.5477E-06    7.7810E+00   -7.0849E+00    2.3334E+01    2.0500E-04
4.4186E+01  1.8618E-03 2.5983E+02    6.3985E-06    2.8424E-06    7.6413E+00   -7.2073E+00    2.4050E+01    2.0500E-04
4.3145E+01  2.1249E-03 2.6019E+02    6.3677E-06    3.1667E-06    7.3977E+00   -7.1381E+00    2.4298E+01    2.0500E-04
4.2115E+01  2.4221E-03 2.5980E+02    6.3341E-06    3.5093E-06    7.0444E+00   -6.8929E+00    2.4028E+01    2.0500E-04
4.1098E+01  2.7573E-03 2.5874E+02    6.2834E-06    3.8419E-06    6.5848E+00   -6.5125E+00    2.3292E+01    2.0500E-04
4.0096E+01  3.1350E-03 2.5712E+02    6.2300E-06    4.1461E-06    6.0616E+00   -6.0494E+00    2.2200E+01    2.0500E-04
3.9111E+01  3.5599E-03 2.5507E+02    6.1609E-06    4.4059E-06    5.5237E+00   -5.5477E+00    2.0876E+01    2.0500E-04
3.8145E+01  4.0374E-03 2.5272E+02    6.0883E-06    4.6209E-06    5.0145E+00   -5.0479E+00    1.9429E+01    2.0500E-04
3.7198E+01  4.5731E-03 2.5018E+02    6.0049E-06    4.7789E-06    4.5476E+00   -4.5784E+00    1.7943E+01    2.0500E-04
3.6271E+01  5.1733E-03 2.4751E+02    5.9209E-06    4.8990E-06    4.1389E+00   -4.1544E+00    1.6477E+01    2.0500E-04
3.5363E+01  5.8450E-03 2.4477E+02    5.8301E-06    4.9899E-06    3.7824E+00   -3.7866E+00    1.5070E+01    2.0500E-04
3.4475E+01  6.5956E-03 2.4203E+02    5.7312E-06    5.0572E-06    3.4675E+00   -3.4670E+00    1.3749E+01    2.0500E-04
3.3606E+01  7.4331E-03 2.3933E+02    5.6344E-06    5.1062E-06    3.1842E+00   -3.1833E+00    1.2531E+01    2.0500E-04
3.2756E+01  8.3665E-03 2.3671E+02    5.5393E-06    5.1300E-06    2.9210E+00   -2.9228E+00    1.1430E+01    2.0500E-04
3.1924E+01  9.4052E-03 2.3423E+02    5.4395E-06    5.1233E-06    2.6718E+00   -2.6793E+00    1.0453E+01    2.0500E-04
3.1110E+01  1.0560E-02 2.3193E+02    5.3418E-06    5.0909E-06    2.4361E+00   -2.4776E+00    9.6036E+00    2.0500E-04
3.0313E+01  1.1841E-02 2.2983E+02    5.2462E-06    5.0162E-06    2.2098E+00   -2.2387E+00    8.8761E+00    2.0500E-04
2.9531E+01  1.3260E-02 2.2795E+02    5.1523E-06    4.9131E-06    1.9985E+00   -2.0153E+00    8.2578E+00    2.0500E-04
2.8764E+01  1.4832E-02 2.2626E+02    5.0604E-06    4.7707E-06    1.8018E+00   -1.8091E+00    7.7332E+00    2.0500E-04
2.8012E+01  1.6568E-02 2.2476E+02    4.9700E-06    4.5948E-06    1.6226E+00   -1.6217E+00    7.2861E+00    2.0500E-04
2.7273E+01  1.8485E-02 2.2341E+02    4.8814E-06    4.3933E-06    1.4630E+00   -1.4543E+00    6.9015E+00    2.0500E-04
2.6546E+01  2.0597E-02 2.2219E+02    4.7942E-06    4.1708E-06    1.3229E+00   -1.3076E+00    6.5659E+00    2.0500E-04
2.5832E+01  2.2922E-02 2.2106E+02    4.7086E-06    3.9341E-06    1.2010E+00   -1.1805E+00    6.2682E+00    2.0500E-04
2.5131E+01  2.5477E-02 2.2001E+02    4.6144E-06    3.6826E-06    1.0936E+00   -1.0702E+00    5.9997E+00    2.0500E-04
2.4440E+01  2.8282E-02 2.1901E+02    4.5316E-06    3.4275E-06    9.9895E-01   -9.7412E-01    5.7539E+00    2.0500E-04
2.3762E+01  3.1355E-02 2.1806E+02    4.4503E-06    3.1710E-06    9.1354E-01   -8.8800E-01    5.5266E+00    2.0500E-04
2.3094E+01  3.4718E-02 2.1715E+02    4.3702E-06    2.9162E-06    8.3475E-01   -8.0873E-01    5.3150E+00    2.0500E-04
2.2438E+01  3.8394E-02 2.1628E+02    4.2915E-06    2.6668E-06    7.6081E-01   -7.3425E-01    5.0850E+00    2.0500E-04
2.1793E+01  4.2406E-02 2.1544E+02    4.2141E-06    2.4228E-06    6.9027E-01   -6.6386E-01    4.8093E+00    2.0500E-04
2.1158E+01  4.6778E-02 2.1465E+02    4.1380E-06    2.1830E-06    6.2234E-01   -5.9756E-01    4.5592E+00    2.0500E-04
2.0534E+01  5.1535E-02 2.1390E+02    4.0676E-06    1.9529E-06    5.5777E-01   -5.3483E-01    4.3345E+00    2.0500E-04
1.9920E+01  5.6705E-02 2.1321E+02    3.9995E-06    1.7338E-06    4.9693E-01   -4.7477E-01    4.1345E+00    2.0500E-04
1.9317E+01  6.2315E-02 2.1257E+02    3.9272E-06    1.5207E-06    4.3955E-01   -4.1742E-01    3.9581E+00    2.0500E-04
1.8723E+01  6.8393E-02 2.1199E+02    3.8667E-06    1.3188E-06    3.8683E-01   -3.6308E-01    3.8035E+00    2.0500E-04
1.8139E+01  7.4970E-02 2.1147E+02    3.8083E-06    1.1306E-06    3.3928E-01   -3.1195E-01    3.6681E+00    2.0500E-04
1.7564E+01  8.2076E-02 2.1100E+02    3.7509E-06    9.5455E-07    2.9692E-01   -2.6590E-01    3.5493E+00    2.0500E-04
1.6999E+01  8.9742E-02 2.1057E+02    3.6995E-06    7.9973E-07    2.6067E-01   -2.2531E-01    3.4441E+00    2.0500E-04
1.6442E+01  9.8001E-02 2.1017E+02    3.6613E-06    6.5717E-07    2.2906E-01   -1.9422E-01    3.3503E+00    2.0500E-04
1.5895E+01  1.0688E-01 2.0981E+02    3.6213E-06    5.3135E-07    2.0097E-01   -1.4436E-01    3.2656E+00    2.0500E-04
1.5357E+01  1.1643E-01 2.0948E+02    3.5863E-06    4.2360E-07    1.7722E-01   -1.2456E-01    3.1896E+00    2.0500E-04
1.4828E+01  1.2666E-01 2.0919E+02    3.5630E-06    3.3337E-07    1.5763E-01   -1.1209E-01    3.1249E+00    2.0500E-04
1.4307E+01  1.3762E-01 2.0896E+02    3.5422E-06    2.5894E-07    1.4154E-01   -1.0533E-01    3.0760E+00    2.0500E-04
1.3794E+01  1.4934E-01 2.0883E+02    3.5217E-06    1.9755E-07    1.2829E-01   -1.0291E-01    3.0474E+00    2.0500E-04
1.3290E+01  1.6186E-01 2.0882E+02    3.5108E-06    1.4835E-07    1.1770E-01   -1.0291E-01    3.0447E+00    2.0500E-04
1.2794E+01  1.7520E-01 2.0894E+02    3.5009E-06    1.1458E-07    1.1000E-01   -9.9706E-02    3.0700E+00    2.0500E-04
1.2305E+01  1.8940E-01 2.0919E+02    3.4911E-06    9.3043E-08    1.0471E-01   -9.2121E-02    3.1255E+00    2.0500E-04
1.1824E+01  2.0450E-01 2.0955E+02    3.6678E-06    7.6749E-08    1.0179E-01   -8.8525E-02    3.2073E+00    2.0500E-04
1.1349E+01  2.2052E-01 2.1005E+02    4.5347E-06    6.4833E-08    1.0293E-01   -9.9299E-02    3.3204E+00    2.0500E-04
1.0882E+01  2.3749E-01 2.1058E+02    5.4149E-06    5.7690E-08    1.0397E-01   -7.2258E-02    3.4474E+00    2.0500E-04
1.0421E+01  2.5546E-01 2.1122E+02    5.9393E-06    5.3349E-08    1.0603E-01   -1.2852E-02    3.6059E+00    2.0500E-04
9.9656E+00  2.7443E-01 2.1251E+02    7.1200E-06    5.0229E-08    1.1128E-01   -1.0280E-01    3.9406E+00    2.0500E-04
9.5131E+00  2.9444E-01 2.1660E+02    1.2352E-05    4.7566E-08    1.3469E-01   -4.5028E-01    5.1890E+00    2.0500E-04
9.0600E+00  3.1551E-01 2.2095E+02    2.1664E-05    4.5067E-08    1.7264E-01   -8.4976E-01    6.2389E+00    2.0500E-04
8.6064E+00  3.3767E-01 2.2527E+02    3.7058E-05    4.2648E-08    2.2374E-01   -1.2609E+00    7.4343E+00    2.0500E-04
8.1527E+00  3.6093E-01 2.2954E+02    6.1788E-05    4.0311E-08    2.8565E-01   -1.6367E+00    8.7790E+00    2.0500E-04
7.6993E+00  3.8530E-01 2.3375E+02    1.0034E-04    3.8048E-08    3.5307E-01   -1.9282E+00    1.0272E+01    2.0500E-04
7.2468E+00  4.1080E-01 2.3787E+02    1.5857E-04    3.5792E-08    4.2327E-01   -2.1251E+00    1.1907E+01    2.0500E-04
6.7955E+00  4.3743E-01 2.4187E+02    2.4366E-04    3.3710E-08    4.9906E-01   -2.2542E+00    1.3673E+01    2.0500E-04
6.3462E+00  4.6520E-01 2.4573E+02    3.6385E-04    3.1636E-08    5.7635E-01   -2.3042E+00    1.5550E+01    2.0500E-04
5.8992E+00  4.9412E-01 2.4942E+02    5.2797E-04    2.9645E-08    6.4129E-01   -2.3077E+00    1.7519E+01    2.0500E-04
5.4553E+00  5.2417E-01 2.5293E+02    7.4482E-04    2.7687E-08    6.8725E-01   -2.2886E+00    1.9555E+01    2.0500E-04
5.0149E+00  5.5535E-01 2.5626E+02    1.0226E-03    2.5795E-08    7.2029E-01   -2.2703E+00    2.1637E+01    2.0500E-04
4.5787E+00  5.8764E-01 2.5940E+02    1.3687E-03    2.3999E-08    7.4697E-01   -2.2271E+00    2.3745E+01    2.0500E-04
4.1472E+00  6.2102E-01 2.6235E+02    1.7891E-03    2.2320E-08    7.6707E-01   -2.1642E+00    2.5861E+01    2.0500E-04
3.7209E+00  6.5548E-01 2.6512E+02    2.2887E-03    2.0793E-08    7.7777E-01   -2.0978E+00    2.7974E+01    2.0500E-04
3.3003E+00  6.9097E-01 2.6773E+02    2.8714E-03    1.9276E-08    7.7928E-01   -2.0036E+00    3.0072E+01    2.0500E-04
2.8858E+00  7.2747E-01 2.7018E+02    3.5398E-03    1.7922E-08    7.7469E-01   -1.8552E+00    3.2148E+01    2.0500E-04
2.4778E+00  7.6494E-01 2.7248E+02    4.2957E-03    1.6668E-08    7.6691E-01   -1.7053E+00    3.4198E+01    2.0500E-04
2.0765E+00  8.0332E-01 2.7485E+02    5.2119E-03    1.5574E-08    7.6192E-01   -1.6120E+00    3.6401E+01    2.0500E-04
1.6822E+00  8.4256E-01 2.7714E+02    6.1092E-03    1.4646E-08    7.4210E-01   -1.5261E+00    3.8628E+01    2.0500E-04
1.2951E+00  8.8260E-01 2.7933E+02    7.1376E-03    1.3796E-08    7.2648E-01   -1.5201E+00    4.0859E+01    2.0500E-04
9.1556E-01  9.2339E-01 2.8141E+02    8.2488E-03    1.3160E-08    7.1469E-01   -1.5875E+00    4.3062E+01    2.0500E-04
5.4380E-01  9.6484E-01 2.8339E+02    9.3557E-03    1.2649E-08    7.0881E-01   -1.7737E+00    4.5248E+01    2.0500E-04
1.8011E-01  1.0069E+00 2.8528E+02    1.0716E-02    1.2218E-08    7.2926E-01   -2.0273E+00    4.7410E+01    2.0500E-04
0.0000E+00  1.0283E+00 2.8623E+02    1.1397E-02    1.2300E-08    7.9288E+00   -3.5312E+00    4.8521E+01    2.0500E-04
