     ALT          P          T          FH2O           O3           THEAT        TCOOL        PSATCO2        FCO2
7.3574E+01  3.2610E-05 2.1924E+02    3.9619E-06    5.1711E-08    3.5903E+01   -6.1810E+01    5.8101E+00    2.0600E-04
7.2457E+01  3.8506E-05 2.2058E+02    4.2016E-06    6.2828E-08    4.9816E+00   -4.0780E+01    6.1455E+00    2.0600E-04
7.1342E+01  4.5410E-05 2.2198E+02    4.4164E-06    7.8648E-08    2.0898E+00   -2.6196E+01    6.5100E+00    2.0600E-04
7.0229E+01  5.3486E-05 2.2343E+02    4.6062E-06    1.0061E-07    1.8707E+00   -1.6698E+01    6.9078E+00    2.0600E-04
6.9117E+01  6.2918E-05 2.2494E+02    4.7810E-06    1.2935E-07    1.9672E+00   -1.0936E+01    7.3392E+00    2.0600E-04
6.8007E+01  7.3920E-05 2.2649E+02    4.9365E-06    1.6467E-07    2.1230E+00   -7.6832E+00    7.8036E+00    2.0600E-04
6.6898E+01  8.6736E-05 2.2808E+02    5.0744E-06    2.0419E-07    2.3032E+00   -5.9695E+00    8.2996E+00    2.0600E-04
6.5790E+01  1.0165E-04 2.2968E+02    5.1978E-06    2.4515E-07    2.4931E+00   -5.1242E+00    8.8256E+00    2.0600E-04
6.4684E+01  1.1897E-04 2.3129E+02    5.3085E-06    2.8730E-07    2.7008E+00   -4.7608E+00    9.3799E+00    2.0600E-04
6.3580E+01  1.3907E-04 2.3291E+02    5.4051E-06    3.3281E-07    2.9266E+00   -4.6433E+00    9.9606E+00    2.0600E-04
6.2477E+01  1.6236E-04 2.3452E+02    5.4934E-06    3.8287E-07    3.1767E+00   -4.6514E+00    1.0566E+01    2.0600E-04
6.1376E+01  1.8932E-04 2.3613E+02    5.5736E-06    4.3914E-07    3.4571E+00   -4.7209E+00    1.1195E+01    2.0600E-04
6.0277E+01  2.2047E-04 2.3772E+02    5.6495E-06    5.0160E-07    3.7655E+00   -4.8257E+00    1.1846E+01    2.0600E-04
5.9181E+01  2.5642E-04 2.3930E+02    5.7054E-06    5.7100E-07    4.1009E+00   -4.9472E+00    1.2520E+01    2.0600E-04
5.8086E+01  2.9786E-04 2.4087E+02    5.7674E-06    6.4846E-07    4.4631E+00   -5.0894E+00    1.3216E+01    2.0600E-04
5.6994E+01  3.4556E-04 2.4243E+02    5.8166E-06    7.3346E-07    4.8422E+00   -5.2415E+00    1.3934E+01    2.0600E-04
5.5905E+01  4.0040E-04 2.4397E+02    5.8647E-06    8.2605E-07    5.2300E+00   -5.4033E+00    1.4674E+01    2.0600E-04
5.4819E+01  4.6335E-04 2.4551E+02    5.8991E-06    9.2834E-07    5.6251E+00   -5.5683E+00    1.5439E+01    2.0600E-04
5.3736E+01  5.3552E-04 2.4703E+02    5.9407E-06    1.0436E-06    6.0251E+00   -5.7384E+00    1.6227E+01    2.0600E-04
5.2655E+01  6.1816E-04 2.4855E+02    5.9724E-06    1.1639E-06    6.3882E+00   -5.8998E+00    1.7040E+01    2.0600E-04
5.1578E+01  7.1265E-04 2.5006E+02    5.9939E-06    1.3068E-06    6.7595E+00   -6.0527E+00    1.7879E+01    2.0600E-04
5.0505E+01  8.2055E-04 2.5157E+02    6.0154E-06    1.4624E-06    7.0888E+00   -6.1790E+00    1.8743E+01    2.0600E-04
4.9435E+01  9.4359E-04 2.5307E+02    6.0368E-06    1.6404E-06    7.3824E+00   -6.2967E+00    1.9634E+01    2.0600E-04
4.8369E+01  1.0837E-03 2.5456E+02    6.0481E-06    1.8406E-06    7.6256E+00   -6.4465E+00    2.0553E+01    2.0600E-04
4.7307E+01  1.2431E-03 2.5605E+02    6.0500E-06    2.0627E-06    7.7882E+00   -6.6470E+00    2.1498E+01    2.0600E-04
4.6248E+01  1.4241E-03 2.5758E+02    6.0500E-06    2.2967E-06    7.8299E+00   -6.9048E+00    2.2508E+01    2.0600E-04
4.5194E+01  1.6294E-03 2.5902E+02    6.0400E-06    2.5706E-06    7.8021E+00   -7.1473E+00    2.3484E+01    2.0600E-04
4.4145E+01  1.8620E-03 2.6000E+02    6.0274E-06    2.8608E-06    7.6472E+00   -7.2469E+00    2.4167E+01    2.0600E-04
4.3104E+01  2.1250E-03 2.6030E+02    5.9966E-06    3.1874E-06    7.4003E+00   -7.1588E+00    2.4377E+01    2.0600E-04
4.2073E+01  2.4222E-03 2.5987E+02    5.9619E-06    3.5279E-06    7.0398E+00   -6.8993E+00    2.4073E+01    2.0600E-04
4.1056E+01  2.7575E-03 2.5877E+02    5.9068E-06    3.8596E-06    6.5774E+00   -6.5098E+00    2.3312E+01    2.0600E-04
4.0054E+01  3.1352E-03 2.5712E+02    5.8467E-06    4.1660E-06    6.0560E+00   -6.0416E+00    2.2202E+01    2.0600E-04
3.9069E+01  3.5602E-03 2.5506E+02    5.7834E-06    4.4192E-06    5.5135E+00   -5.5366E+00    2.0866E+01    2.0600E-04
3.8103E+01  4.0377E-03 2.5270E+02    5.7061E-06    4.6309E-06    5.0041E+00   -5.0352E+00    1.9412E+01    2.0600E-04
3.7156E+01  4.5734E-03 2.5014E+02    5.6204E-06    4.7867E-06    4.5385E+00   -4.5656E+00    1.7922E+01    2.0600E-04
3.6228E+01  5.1738E-03 2.4746E+02    5.5353E-06    4.9056E-06    4.1316E+00   -4.1422E+00    1.6453E+01    2.0600E-04
3.5321E+01  5.8455E-03 2.4472E+02    5.4445E-06    4.9963E-06    3.7772E+00   -3.7751E+00    1.5043E+01    2.0600E-04
3.4433E+01  6.5961E-03 2.4197E+02    5.3457E-06    5.0673E-06    3.4647E+00   -3.4561E+00    1.3719E+01    2.0600E-04
3.3564E+01  7.4338E-03 2.3925E+02    5.2489E-06    5.1084E-06    3.1791E+00   -3.1714E+00    1.2498E+01    2.0600E-04
3.2714E+01  8.3673E-03 2.3662E+02    5.1528E-06    5.1400E-06    2.9193E+00   -2.9105E+00    1.1393E+01    2.0600E-04
3.1883E+01  9.4061E-03 2.3412E+02    5.0530E-06    5.1322E-06    2.6700E+00   -2.6658E+00    1.0412E+01    2.0600E-04
3.1069E+01  1.0561E-02 2.3180E+02    4.9554E-06    5.0977E-06    2.4338E+00   -2.4630E+00    9.5571E+00    2.0600E-04
3.0272E+01  1.1842E-02 2.2967E+02    4.8599E-06    5.0299E-06    2.2091E+00   -2.2229E+00    8.8236E+00    2.0600E-04
2.9491E+01  1.3262E-02 2.2776E+02    4.7661E-06    4.9148E-06    1.9950E+00   -1.9975E+00    8.1991E+00    2.0600E-04
2.8725E+01  1.4833E-02 2.2605E+02    4.6743E-06    4.7795E-06    1.8000E+00   -1.7897E+00    7.6679E+00    2.0600E-04
2.7973E+01  1.6570E-02 2.2451E+02    4.5841E-06    4.6019E-06    1.6207E+00   -1.6005E+00    7.2139E+00    2.0600E-04
2.7235E+01  1.8487E-02 2.2312E+02    4.4956E-06    4.3989E-06    1.4610E+00   -1.4315E+00    6.8221E+00    2.0600E-04
2.6509E+01  2.0600E-02 2.2186E+02    4.4086E-06    4.1757E-06    1.3210E+00   -1.2832E+00    6.4793E+00    2.0600E-04
2.5796E+01  2.2925E-02 2.2070E+02    4.3232E-06    3.9389E-06    1.1992E+00   -1.1547E+00    6.1746E+00    2.0600E-04
2.5096E+01  2.5480E-02 2.1960E+02    4.2391E-06    3.6866E-06    1.0921E+00   -1.0435E+00    5.8993E+00    2.0600E-04
2.4407E+01  2.8285E-02 2.1857E+02    4.1566E-06    3.4390E-06    9.9886E-01   -9.4576E-01    5.6471E+00    2.0600E-04
2.3730E+01  3.1358E-02 2.1758E+02    4.0755E-06    3.1845E-06    9.1381E-01   -8.5815E-01    5.4138E+00    2.0600E-04
2.3064E+01  3.4722E-02 2.1663E+02    3.9956E-06    2.9215E-06    8.3373E-01   -7.7799E-01    5.1967E+00    2.0600E-04
2.2409E+01  3.8399E-02 2.1572E+02    3.9172E-06    2.6733E-06    7.5991E-01   -7.0236E-01    4.8998E+00    2.0600E-04
2.1765E+01  4.2411E-02 2.1485E+02    3.8401E-06    2.4304E-06    6.8956E-01   -6.3092E-01    4.6219E+00    2.0600E-04
2.1132E+01  4.6783E-02 2.1402E+02    3.7642E-06    2.1887E-06    6.2132E-01   -5.6399E-01    4.3708E+00    2.0600E-04
2.0510E+01  5.1542E-02 2.1325E+02    3.6896E-06    1.9572E-06    5.5653E-01   -5.0067E-01    4.1458E+00    2.0600E-04
1.9898E+01  5.6712E-02 2.1253E+02    3.6236E-06    1.7376E-06    4.9565E-01   -4.4047E-01    3.9461E+00    2.0600E-04
1.9296E+01  6.2323E-02 2.1187E+02    3.5543E-06    1.5224E-06    4.3804E-01   -3.8349E-01    3.7706E+00    2.0600E-04
1.8704E+01  6.8402E-02 2.1127E+02    3.4945E-06    1.3216E-06    3.8552E-01   -3.2921E-01    3.6173E+00    2.0600E-04
1.8122E+01  7.4980E-02 2.1073E+02    3.4364E-06    1.1343E-06    3.3820E-01   -2.7824E-01    3.4834E+00    2.0600E-04
1.7550E+01  8.2087E-02 2.1024E+02    3.3834E-06    9.5856E-07    2.9595E-01   -2.3302E-01    3.3664E+00    2.0600E-04
1.6986E+01  8.9754E-02 2.0980E+02    3.3384E-06    8.0185E-07    2.5949E-01   -1.9424E-01    3.2633E+00    2.0600E-04
1.6432E+01  9.8014E-02 2.0940E+02    3.2941E-06    6.5870E-07    2.2777E-01   -1.6448E-01    3.1721E+00    2.0600E-04
1.5887E+01  1.0690E-01 2.0903E+02    3.2580E-06    5.3265E-07    1.9973E-01   -1.1557E-01    3.0905E+00    2.0600E-04
1.5350E+01  1.1644E-01 2.0870E+02    3.2258E-06    4.2453E-07    1.7596E-01   -9.8194E-02    3.0181E+00    2.0600E-04
1.4823E+01  1.2668E-01 2.0841E+02    3.1942E-06    3.3380E-07    1.5628E-01   -8.7576E-02    2.9573E+00    2.0600E-04
1.4304E+01  1.3764E-01 2.0820E+02    3.1721E-06    2.5965E-07    1.4023E-01   -8.2566E-02    2.9123E+00    2.0600E-04
1.3794E+01  1.4936E-01 2.0808E+02    3.1609E-06    1.9759E-07    1.2697E-01   -8.2403E-02    2.8874E+00    2.0600E-04
1.3291E+01  1.6188E-01 2.0808E+02    3.1508E-06    1.4850E-07    1.1642E-01   -8.2951E-02    2.8865E+00    2.0600E-04
1.2796E+01  1.7522E-01 2.0821E+02    3.1410E-06    1.1480E-07    1.0876E-01   -8.0150E-02    2.9135E+00    2.0600E-04
1.2309E+01  1.8943E-01 2.0848E+02    3.1400E-06    9.3437E-08    1.0377E-01   -7.5722E-02    2.9712E+00    2.0600E-04
1.1829E+01  2.0453E-01 2.0889E+02    3.7750E-06    7.7171E-08    1.0302E-01   -9.0199E-02    3.0589E+00    2.0600E-04
1.1356E+01  2.2055E-01 2.0933E+02    4.3089E-06    6.5155E-08    1.0283E-01   -7.9906E-02    3.1563E+00    2.0600E-04
1.0890E+01  2.3753E-01 2.1001E+02    4.8199E-06    5.7926E-08    1.0364E-01   -5.2474E-02    3.3118E+00    2.0600E-04
1.0430E+01  2.5549E-01 2.1080E+02    5.6428E-06    5.3542E-08    1.0558E-01   -1.5687E-02    3.5005E+00    2.0600E-04
9.9756E+00  2.7447E-01 2.1250E+02    7.1170E-06    5.0347E-08    1.1254E-01   -1.3777E-01    3.9401E+00    2.0600E-04
9.5227E+00  2.9449E-01 2.1686E+02    1.2784E-05    4.7630E-08    1.3837E-01   -5.1041E-01    5.2489E+00    2.0600E-04
9.0690E+00  3.1556E-01 2.2121E+02    2.2403E-05    4.5125E-08    1.7761E-01   -9.0810E-01    6.3087E+00    2.0600E-04
8.6148E+00  3.3772E-01 2.2554E+02    3.8285E-05    4.2700E-08    2.2962E-01   -1.3136E+00    7.5147E+00    2.0600E-04
8.1605E+00  3.6098E-01 2.2981E+02    6.3769E-05    4.0358E-08    2.9203E-01   -1.6803E+00    8.8706E+00    2.0600E-04
7.7066E+00  3.8536E-01 2.3402E+02    1.0344E-04    3.8092E-08    3.5952E-01   -1.9611E+00    1.0375E+01    2.0600E-04
7.2534E+00  4.1086E-01 2.3814E+02    1.6326E-04    3.5830E-08    4.2973E-01   -2.1497E+00    1.2021E+01    2.0600E-04
6.8017E+00  4.3750E-01 2.4213E+02    2.5051E-04    3.3652E-08    5.0563E-01   -2.2720E+00    1.3797E+01    2.0600E-04
6.3517E+00  4.6528E-01 2.4599E+02    3.7351E-04    3.1565E-08    5.8252E-01   -2.3163E+00    1.5683E+01    2.0600E-04
5.9043E+00  4.9420E-01 2.4967E+02    5.4111E-04    2.9571E-08    6.4635E-01   -2.3172E+00    1.7659E+01    2.0600E-04
5.4599E+00  5.2425E-01 2.5318E+02    7.6211E-04    2.7670E-08    6.9119E-01   -2.2958E+00    1.9701E+01    2.0600E-04
5.0190E+00  5.5544E-01 2.5649E+02    1.0447E-03    2.5816E-08    7.2360E-01   -2.2762E+00    2.1787E+01    2.0600E-04
4.5824E+00  5.8773E-01 2.5962E+02    1.3961E-03    2.4017E-08    7.4983E-01   -2.2304E+00    2.3898E+01    2.0600E-04
4.1505E+00  6.2113E-01 2.6256E+02    1.8222E-03    2.2313E-08    7.6933E-01   -2.1664E+00    2.6016E+01    2.0600E-04
3.7238E+00  6.5559E-01 2.6532E+02    2.3280E-03    2.0706E-08    7.7932E-01   -2.0985E+00    2.8129E+01    2.0600E-04
3.3028E+00  6.9109E-01 2.6791E+02    2.9172E-03    1.9186E-08    7.8025E-01   -2.0010E+00    3.0227E+01    2.0600E-04
2.8880E+00  7.2759E-01 2.7035E+02    3.5923E-03    1.7830E-08    7.7523E-01   -1.8479E+00    3.2303E+01    2.0600E-04
2.4797E+00  7.6506E-01 2.7265E+02    4.3552E-03    1.6630E-08    7.6712E-01   -1.6998E+00    3.4352E+01    2.0600E-04
2.0781E+00  8.0345E-01 2.7504E+02    5.2835E-03    1.5542E-08    7.6210E-01   -1.6119E+00    3.6578E+01    2.0600E-04
1.6835E+00  8.4270E-01 2.7732E+02    6.1780E-03    1.4564E-08    7.4112E-01   -1.5246E+00    3.8807E+01    2.0600E-04
1.2961E+00  8.8275E-01 2.7950E+02    7.2282E-03    1.3790E-08    7.2641E-01   -1.5246E+00    4.1039E+01    2.0600E-04
9.1622E-01  9.2354E-01 2.8157E+02    8.3359E-03    1.3093E-08    7.1396E-01   -1.5929E+00    4.3242E+01    2.0600E-04
5.4419E-01  9.6500E-01 2.8356E+02    9.4711E-03    1.2550E-08    7.0936E-01   -1.7861E+00    4.5432E+01    2.0600E-04
1.8023E-01  1.0070E+00 2.8544E+02    1.0827E-02    1.2119E-08    7.2909E-01   -2.0372E+00    4.7594E+01    2.0600E-04
0.0000E+00  1.0284E+00 2.8638E+02    1.1507E-02    1.2200E-08    7.9228E+00   -3.5188E+00    4.8705E+01    2.0600E-04
