   218.600216154802        0.461271917551162E-05
   219.936185228598        0.488596401174863E-05
   221.328023320984        0.513433925908199E-05
   222.781782314264        0.535700756589438E-05
   224.289919801376        0.555346609553721E-05
   225.841090590829        0.573052101240850E-05
   227.423800567725        0.589023961410598E-05
   229.027358642975        0.602558769757239E-05
   230.642205883696        0.615656845650449E-05
   232.260196322560        0.626664720844961E-05
   233.874832100360        0.637127065267594E-05
   235.481370989088        0.645908292405897E-05
   237.076769725150        0.654674751340537E-05
   238.659476035236        0.661317002131592E-05
   240.229113638753        0.667863299828258E-05
   241.786119494752        0.673930458523145E-05
   243.331370768881        0.679274624079630E-05
   244.865998735941        0.684411132789261E-05
   246.391218966874        0.687964468575400E-05
   247.908038026838        0.692118580833538E-05
   249.417188921651        0.695266108804372E-05
   250.919217394305        0.698406810994404E-05
   252.414562446310        0.700540400374526E-05
   253.903610984069        0.701666595746842E-05
   255.386731537730        0.703000000000000E-05
   256.897019229484        0.703000000000000E-05
   258.386936967087        0.703000000000000E-05
   259.484502105612        0.701908648909509E-05
   259.902324949892        0.698830269737846E-05
   259.571998291077        0.695543860500126E-05
   258.549518265395        0.691218077320487E-05
   256.953108787154        0.685212538094403E-05
   254.919713629432        0.679079170396486E-05
   252.577744651543        0.671356139048163E-05
   250.032348608014        0.663786846181303E-05
   247.363289071316        0.655465422700981E-05
   244.631908357584        0.646392724648615E-05
   241.891248823821        0.636517240774496E-05
   239.191692484041        0.626837289066788E-05
   236.582327691812        0.617415900201242E-05
   234.110128827910        0.607438284683651E-05
   231.821232259821        0.597677586820386E-05
   229.742250423050        0.588114685838623E-05
   227.877593563405        0.578736939047466E-05
   226.216175520772        0.569544600617751E-05
   224.736715227842        0.560510938746483E-05
   223.412397222014        0.551647467575058E-05
   222.215087520531        0.542928383810279E-05
   221.117962006555        0.534363020699292E-05
   220.097844465542        0.524940232749677E-05
   219.136703910220        0.516652569472003E-05
   218.221874970251        0.508511031260015E-05
   217.346404072775        0.500493814111710E-05
   216.508013999349        0.492610288775711E-05
   215.708308601454        0.484863056836180E-05
   214.952338539797        0.477239189428315E-05
   214.247271740999        0.469735080995530E-05
   213.599957001314        0.462357891214654E-05
   213.014633488464        0.455920807457283E-05
   212.491704713847        0.448974508564370E-05
   212.027480287744        0.443115579437454E-05
   211.615136358759        0.437351803876748E-05
   211.246942956941        0.432146020307096E-05
   210.916030273529        0.427682435248884E-05
   210.613982541761        0.423968680167206E-05
   210.340035511255        0.420727663896107E-05
   210.104736767542        0.417538881923815E-05
   209.926410415176        0.415267887219898E-05
   209.828953196247        0.414104917359454E-05
   209.833711760441        0.412183801735584E-05
   209.958913484616        0.411094795986467E-05
   210.203425072564        0.411000000000000E-05
   210.569800470538        0.428031578747060E-05
   211.018420223832        0.522467757197362E-05
   211.555141508484        0.590094320127958E-05
   212.122669271516        0.673273972204797E-05
   213.278906832219        0.790617361038897E-05
   216.395107064348        0.120273270442680E-04
   220.737461469083        0.211080313033843E-04
   225.054582069317        0.361299754225170E-04
   229.328040550876        0.602828436204003E-04
   233.536051141700        0.979720829408403E-04
   237.654127710530        0.154961965371919E-03
   241.656517058541        0.238351020567891E-03
   245.518330612743        0.356319702405467E-03
   249.218011013924        0.517657957769948E-03
   252.739586143223        0.731173669576008E-03
   256.074012124127        0.100513679371424E-02
   259.219096336758        0.134687014128850E-02
   262.178427608432        0.176253736647885E-02
   264.959795872636        0.225710081171121E-02
   267.573563931913        0.283438310415150E-02
   270.031284603603        0.349716565984226E-02
   272.344674678896        0.424727668517790E-02
   274.691786874386        0.515118098171431E-02
   276.983894825058        0.605084199882234E-02
   279.181708516144        0.706025924013666E-02
   281.264622873168        0.817428838882814E-02
   283.250583381056        0.925674091102759E-02
   285.147156808036        0.106207700906913E-01
   286.095205419571        0.113033035694820E-01
