   185.618270901517        0.109000000000000E-04
   182.796608271928        0.110575117688844E-04
   185.164941341964        0.112000000000000E-04
   189.156425671841        0.113588299017178E-04
   192.942774272227        0.114570854441477E-04
   196.180569873423        0.115537416851608E-04
   199.000763965925        0.116488014439081E-04
   201.557405010439        0.117422681285520E-04
   203.940605856442        0.118341457077345E-04
   206.195979963460        0.119244386831489E-04
   208.348914267295        0.120000000000000E-04
   210.416435356979        0.121000000000000E-04
   212.411410254371        0.121000000000000E-04
   214.343965313808        0.122000000000000E-04
   216.222177055713        0.122000000000000E-04
   218.052569571547        0.123000000000000E-04
   219.840497702228        0.123000000000000E-04
   221.590429308772        0.123000000000000E-04
   223.306148271441        0.123654301121917E-04
   224.990903159214        0.124000000000000E-04
   226.647521510696        0.124000000000000E-04
   228.278502882139        0.124000000000000E-04
   229.886098084778        0.124000000000000E-04
   231.478823996996        0.124000000000000E-04
   233.207840146057        0.124000000000000E-04
   234.396760182177        0.123000000000000E-04
   234.511520242436        0.123000000000000E-04
   233.541330360102        0.123000000000000E-04
   231.706519470253        0.122000000000000E-04
   229.295843334989        0.122000000000000E-04
   226.589138991444        0.121000000000000E-04
   223.820599851865        0.120000000000000E-04
   221.160892138608        0.119357669835959E-04
   218.709450687695        0.119000000000000E-04
   216.500038013934        0.118324842781572E-04
   214.519299687637        0.117000000000000E-04
   212.732118831928        0.116354371422909E-04
   211.102730075029        0.115893125615061E-04
   209.610171765160        0.115000000000000E-04
   208.251639187293        0.114016563755175E-04
   207.037504459439        0.113600471671295E-04
   205.978897242700        0.112201254222575E-04
   205.075983108635        0.111817282770628E-04
   204.319081051392        0.111000000000000E-04
   203.693462030628        0.110096097486198E-04
   203.181895084021        0.109000000000000E-04
   202.766340153759        0.108435937228194E-04
   202.427990138969        0.107130073730991E-04
   202.148791359237        0.106838980054265E-04
   201.911864506378        0.106000000000000E-04
   201.702667067156        0.105303041176932E-04
   201.509972138289        0.104059176873749E-04
   201.326950563478        0.103829608176195E-04
   201.150496157225        0.102615417780526E-04
   200.980768376692        0.102000000000000E-04
   200.820221789333        0.101234523261826E-04
   200.672925424514        0.100067633390469E-04
   200.545251994662        0.997493939652972E-05
   200.444454297449        0.990672211698577E-05
   200.376116360146        0.983943547349797E-05
   200.341381878253        0.977757055726604E-05
   200.335740418135        0.971764472152021E-05
   200.349947530946        0.966543411676084E-05
   200.372888960825        0.961629787730187E-05
   200.392113629422        0.957126553098745E-05
   200.411439684445        0.953757907724480E-05
   200.459366621301        0.950716550270938E-05
   200.575002789359        0.947721130928958E-05
   200.801537366654        0.945514621491358E-05
   201.147160018811        0.943578905390041E-05
   201.607743528503        0.465433356191760E-05
   202.103793123953        0.155523481289146E-05
   202.669757110395        0.170345410011107E-05
   204.758722016284        0.233833610116260E-05
   208.579945941023        0.407729017109410E-05
   212.213126150310        0.678978373945966E-05
   216.115667657832        0.115105255631631E-04
   220.540179025404        0.204506542784920E-04
   224.939617233785        0.354048651755865E-04
   229.293744739699        0.596859445565325E-04
   233.578525907193        0.978918140314989E-04
   237.766980040026        0.156046559550686E-03
   241.830986048679        0.241548614675611E-03
   245.743882309299        0.362866637593518E-03
   249.483326459248        0.529008123419958E-03
   253.033693483522        0.748889424015600E-03
   256.387255373209        0.103078164297818E-02
   259.543734336912        0.138194100150482E-02
   262.508825722323        0.180845445164256E-02
   265.292304527574        0.231525136525251E-02
   267.906224226378        0.290620289901765E-02
   270.363480806179        0.358424060526216E-02
   272.676808007348        0.435145112833867E-02
   275.082239212665        0.528681511051523E-02
   277.384127979348        0.618828318496178E-02
   279.594608038529        0.725827601794294E-02
   281.690103278361        0.837665212359055E-02
   283.698609011236        0.955040525884301E-02
   285.610915044193        0.109229534823334E-01
   287.431371853562        0.122317934507008E-01
   288.350613261430        0.129400094328535E-01
