   219.536676173842        0.294493458714917E-05
   220.877070032559        0.312876073009613E-05
   222.270898391452        0.328766362647161E-05
   223.724002435569        0.344151852024384E-05
   225.229113239245        0.357073548656170E-05
   226.775190907407        0.369174370749638E-05
   228.350957398773        0.379263568669684E-05
   229.945866125867        0.389269504518330E-05
   231.550475586233        0.397111191222818E-05
   233.156767025675        0.404941787569381E-05
   234.758320342733        0.412070845500481E-05
   236.350888547664        0.417673876325567E-05
   237.932024533641        0.423175785447977E-05
   239.500573059038        0.428559123048810E-05
   241.056425262385        0.432466843660450E-05
   242.600245322837        0.436297018730417E-05
   244.133147318666        0.439825231287797E-05
   245.656400996649        0.442991780693224E-05
   247.171220911309        0.445160086958462E-05
   248.678652963897        0.447317873826410E-05
   250.179543564392        0.449468973543706E-05
   251.674562505596        0.450613102866273E-05
   253.164249213012        0.451000000000001E-05
   254.649059461103        0.451000000000000E-05
   256.143547305978        0.450998923842055E-05
   257.676852695570        0.449885078429580E-05
   258.914805080725        0.447561363926098E-05
   259.542205608733        0.444380575721889E-05
   259.439521690483        0.439857829093957E-05
   258.604822365150        0.434723089615328E-05
   257.107404726646        0.427683557018178E-05
   255.058289740291        0.420338099877656E-05
   252.580086142258        0.412243322532263E-05
   249.784463744678        0.402783873042050E-05
   246.760025174111        0.393552412659074E-05
   243.575906063293        0.383656048714129E-05
   240.292783394774        0.373768611296199E-05
   236.971059502509        0.363863384079451E-05
   233.675261769360        0.353881593313095E-05
   230.473685954770        0.344131972300455E-05
   227.434871327597        0.334635532993519E-05
   224.623446642264        0.325360263931707E-05
   222.080764915400        0.316290492415448E-05
   219.820651778881        0.307414658392395E-05
   217.835849122000        0.298929877288735E-05
   216.104843422338        0.291172163384548E-05
   214.597528483804        0.282832364407173E-05
   213.280340670623        0.275541864577698E-05
   212.120726780251        0.268200255077681E-05
   211.089616994350        0.260557141240403E-05
   210.162735103626        0.254005943968556E-05
   209.321007687438        0.246875414588366E-05
   208.550409107156        0.240230667521458E-05
   207.841341286021        0.233978197934699E-05
   207.188406144474        0.227822455885558E-05
   206.589936783824        0.221765579207837E-05
   206.046821847351        0.215804953807712E-05
   205.560815646741        0.209936524156826E-05
   205.133773705207        0.204314693003813E-05
   204.766292484629        0.199751600349975E-05
   204.455977107079        0.195258285214464E-05
   204.197344992516        0.190833106306860E-05
   203.984618052827        0.187107821379428E-05
   203.815910956946        0.183887794024775E-05
   203.686363413921        0.180715882115741E-05
   203.599538923421        0.178395159861474E-05
   203.567128215980        0.176343208770945E-05
   203.599425789577        0.174321740122238E-05
   203.714725628994        0.173165381572089E-05
   203.950321861463        0.172183925140029E-05
   204.275632575803        0.173564325513933E-05
   204.758550653669        0.211272954841839E-05
   205.302666361729        0.252284688276058E-05
   206.030049104468        0.281367835196926E-05
   208.185396861333        0.385729456111474E-05
   210.188358298292        0.514129956593953E-05
   214.446719470897        0.923207213525970E-05
   218.846641322819        0.164955889232433E-04
   223.228288401550        0.287346494151965E-04
   227.573760148505        0.487749660932121E-04
   231.861376687117        0.806147406695646E-04
   236.066103936026        0.129616217821267E-03
   240.160858811901        0.202548358554347E-03
   244.118715755070        0.307403225755519E-03
   247.915651279186        0.452969485848946E-03
   251.533125659462        0.648241113767336E-03
   254.959760687536        0.901813517133951E-03
   258.191682767319        0.122141778192999E-02
   261.231562156536        0.161365946545602E-02
   264.086954801833        0.208394977649262E-02
   266.768499299289        0.263656256737481E-02
   269.288344613360        0.327474270700971E-02
   271.658967476024        0.400081051774780E-02
   273.986382896481        0.486274778504466E-02
   276.334651304721        0.578190531315090E-02
   278.577841866444        0.672190283930411E-02
   280.713633625438        0.786129898743555E-02
   282.744708579763        0.894699253058051E-02
   284.693169239029        0.102712839056764E-01
   286.541586560848        0.115998086278933E-01
   287.470839799169        0.122683172323386E-01
