   219.148715509688        0.404845237013635E-05
   220.487349220599        0.428839640960539E-05
   221.881311560329        0.451153348960196E-05
   223.336630652869        0.470389331956786E-05
   224.845834414023        0.488123971258391E-05
   226.397633008321        0.504400868266878E-05
   227.980550100904        0.518224061517578E-05
   229.583887659452        0.530598460219724E-05
   231.198074368837        0.541657106399790E-05
   232.814962641610        0.552359783063601E-05
   234.428074673697        0.561181347343853E-05
   236.032709813574        0.569242605035098E-05
   237.625838309588        0.576782717628852E-05
   239.206309701315        0.583278279420697E-05
   240.774148272004        0.588655533279987E-05
   242.329965522953        0.594022953402549E-05
   243.874722130950        0.598379837694268E-05
   245.409519223276        0.602725511936248E-05
   246.935422182284        0.606059130140821E-05
   248.453355067165        0.609379404314887E-05
   249.964069572159        0.612343502068607E-05
   251.468166311302        0.614490320517428E-05
   252.966139417902        0.616630000846981E-05
   254.458421341273        0.617762265820140E-05
   255.945415503599        0.618000000000000E-05
   257.477238036031        0.618000000000000E-05
   258.924890427075        0.617887647320765E-05
   259.929354766561        0.615789659418729E-05
   260.251149455517        0.612707074424073E-05
   259.840958190207        0.609290744316163E-05
   258.759338270380        0.604220701896846E-05
   257.123360802841        0.598818661848479E-05
   255.066605618613        0.591546696247351E-05
   252.711638511042        0.583817381154418E-05
   250.158710732578        0.576052208856459E-05
   247.484003793111        0.566824929706451E-05
   244.746871486549        0.557842803143212E-05
   241.998885048386        0.548183238809882E-05
   239.288841923935        0.538759633353125E-05
   236.664489452069        0.528641147821979E-05
   234.172425675895        0.519588386811233E-05
   231.858822452581        0.509821914098184E-05
   229.750462224869        0.500264404326679E-05
   227.851887482366        0.490882855872193E-05
   226.152105303500        0.481696342956845E-05
   224.630235324484        0.472108052946330E-05
   223.259996578653        0.462813379913424E-05
   222.013483587854        0.454100025378352E-05
   220.864298480965        0.445552195709786E-05
   219.789998514073        0.437138170945934E-05
   218.772910244862        0.428871588658593E-05
   217.800699231511        0.420751685836883E-05
   216.866659468255        0.412752594565154E-05
   215.969056842314        0.404896912322832E-05
   215.109866556876        0.397180847603518E-05
   214.293890432240        0.389579045612377E-05
   213.527475495172        0.382591611215134E-05
   212.816793777879        0.375766520859581E-05
   212.165355180613        0.368550814335254E-05
   211.573375453013        0.362540644141233E-05
   211.038168828365        0.356714891795687E-05
   210.554124981503        0.351390204452766E-05
   210.114464169686        0.346882890998094E-05
   209.713527174187        0.342449503000179E-05
   209.344045837711        0.338817416723866E-05
   209.007007619501        0.335600230272483E-05
   208.716149641855        0.332435666637942E-05
   208.494558210538        0.330215358207515E-05
   208.366587970896        0.329086784306948E-05
   208.361655256621        0.327163633297421E-05
   208.488639101006        0.327000000000000E-05
   208.748840735703        0.327000000000000E-05
   209.146683196886        0.343750442463001E-05
   209.648898261042        0.428127015036800E-05
   210.178631311118        0.511656257010671E-05
   210.949749585970        0.571945287275817E-05
   212.469018613326        0.708353095337636E-05
   216.753426626882        0.126007245637996E-04
   221.101426270321        0.220897018799169E-04
   225.423283773948        0.377662722365284E-04
   229.700054110906        0.629337189521567E-04
   233.909326028152        0.102136820641970E-03
   238.025981676711        0.161292311101712E-03
   242.023806697249        0.247641514231712E-03
   245.877819445095        0.369471631361349E-03
   249.566832846898        0.535625292573814E-03
   253.075557182296        0.754903419881392E-03
   256.395673580029        0.103551093061160E-02
   259.525694703775        0.138466660334697E-02
   262.469828501408        0.180841493407433E-02
   265.236342021500        0.231160181397043E-02
   267.835922878271        0.289794631256527E-02
   270.280315572042        0.357014261456154E-02
   272.581327569171        0.432994745749822E-02
   274.968090910762        0.525731406468296E-02
   277.249405065854        0.615265717652014E-02
   279.438346499335        0.719450906690827E-02
   281.511656713340        0.830327895200698E-02
   283.493438440483        0.942761275065055E-02
   285.381110429554        0.107850694452631E-01
   286.325586271617        0.114649364494604E-01
