   218.699251292955        0.453573719548252E-05
   220.035691186568        0.480312499410713E-05
   221.427958296201        0.504351585730513E-05
   222.882106785527        0.526510399746089E-05
   224.390602112537        0.546185446351095E-05
   225.942102593070        0.563413383112680E-05
   227.525111947431        0.578897624439952E-05
   229.128933373339        0.592456952949416E-05
   230.744001383640        0.605577999862264E-05
   232.362164932903        0.616591061904763E-05
   233.976924203434        0.626072299451489E-05
   235.583538996266        0.634857687832252E-05
   237.178972154031        0.643628293751445E-05
   238.761681007201        0.650285401933524E-05
   240.331301345004        0.656834719283103E-05
   241.888251870595        0.662913410220741E-05
   243.433537839073        0.668259566844296E-05
   244.968443907684        0.672594573840986E-05
   246.494129625661        0.676917779281534E-05
   248.011502687024        0.680227882246066E-05
   249.521260507972        0.683524747015370E-05
   251.023949435186        0.686404185854634E-05
   252.520018737001        0.688538741433962E-05
   254.009865376538        0.690000000000000E-05
   255.493865956138        0.691000000000000E-05
   257.009025589268        0.691000000000000E-05
   258.488652348435        0.690999249552949E-05
   259.565474036566        0.689905637929501E-05
   259.964421017514        0.686826602536766E-05
   259.621179035994        0.683535469196890E-05
   258.591872759085        0.679204159839137E-05
   256.993319599268        0.673197429399431E-05
   254.960717077405        0.667057466657675E-05
   252.620883826683        0.659332875552608E-05
   250.077759486080        0.651702271688578E-05
   247.410542585152        0.643346250793897E-05
   244.680965327474        0.633628280952780E-05
   241.942342899070        0.624480040991849E-05
   239.245090030566        0.614556587459840E-05
   236.637430249362        0.605305548328811E-05
   234.165811618306        0.595385823603902E-05
   231.876226216068        0.585622301746478E-05
   229.795772786458        0.576057165985936E-05
   227.929372143040        0.566676584202631E-05
   226.266153442653        0.557482276606094E-05
   224.784887222290        0.548445850044436E-05
   223.458674336235        0.539580659781992E-05
   222.259001693728        0.530500729995603E-05
   221.159101137093        0.521292293239082E-05
   220.136169293991        0.512867446993459E-05
   219.172466065023        0.504578602158303E-05
   218.255618403339        0.496436249997917E-05
   217.378297760194        0.488417178297368E-05
   216.537712079879        0.480532885290424E-05
   215.735163272103        0.472785205191728E-05
   214.975470461513        0.465159957488149E-05
   214.265399766176        0.457655548075263E-05
   213.610956999713        0.450278446975496E-05
   213.016052842078        0.443025057781262E-05
   212.481466130130        0.436908748836882E-05
   212.003983886556        0.431050763920020E-05
   211.577181072348        0.425288393577069E-05
   211.193528932844        0.420096833457223E-05
   210.846040002739        0.415635127944477E-05
   210.525865982213        0.411934906021692E-05
   210.232922301745        0.408695858257596E-05
   209.979572017746        0.405509303848844E-05
   209.787349184907        0.403249797608673E-05
   209.678868977661        0.402096748441405E-05
   209.675661590563        0.400169339545989E-05
   209.787597658198        0.399088525565996E-05
   210.026198330466        0.399000000000000E-05
   210.375928775764        0.416117292385519E-05
   210.848910395931        0.509013372186045E-05
   211.363099938677        0.603258201082871E-05
   211.980346187832        0.658948685759430E-05
   213.045455588921        0.766095099876029E-05
   216.383519219840        0.120090689804829E-04
   220.725737203121        0.210768725036121E-04
   225.042831706856        0.360785508142065E-04
   229.316385598680        0.602008738677426E-04
   233.524607922237        0.978459437609105E-04
   237.642990541778        0.154774437018337E-03
   241.645752609882        0.238081354831825E-03
   245.507992774628        0.355944575864351E-03
   249.208163775793        0.517154057274951E-03
   252.730279946951        0.730519528054716E-03
   256.065270592865        0.100431380296908E-02
   259.210919383913        0.134586322758563E-02
   262.170797012365        0.176133506074084E-02
   264.952681317252        0.225569489254061E-02
   267.566928147075        0.283276799683903E-02
   270.025087167532        0.349533773906022E-02
   272.338874699352        0.424523362592772E-02
   274.686334703865        0.514905027594870E-02
   276.978726848131        0.604881801293738E-02
   279.176767423948        0.705762557776085E-02
   281.259922048471        0.817177781681593E-02
   283.245994446780        0.925344895821152E-02
   285.142779821083        0.106176244553664E-01
   286.090930113605        0.113002281891583E-01
