   219.481861617550        0.365522953539075E-05
   220.822228828977        0.387127675509054E-05
   222.217476610386        0.407222955952683E-05
   223.673602851202        0.425056071122175E-05
   225.183185504180        0.441389800883127E-05
   226.734978242838        0.455963675160099E-05
   228.317522445992        0.468591098236180E-05
   229.920120582145        0.479751526694519E-05
   231.533198287354        0.490463112281952E-05
   233.148612750644        0.499313424944705E-05
   234.759803100488        0.508151543867139E-05
   236.362487325804        0.514982108675929E-05
   237.954126911127        0.521585229200894E-05
   239.533424186975        0.527784332470175E-05
   241.100140906201        0.533169030574380E-05
   242.654827749620        0.537543821893914E-05
   244.198496884708        0.541908004826352E-05
   245.732327480118        0.546130077135033E-05
   247.257457356089        0.549300027815191E-05
   248.774872648788        0.551926896267628E-05
   250.285379652664        0.554620718185919E-05
   251.789629465979        0.556000000000000E-05
   253.288164728300        0.557913863073116E-05
   254.781465084836        0.558999999999999E-05
   256.269979028021        0.558999999999999E-05
   257.819577056134        0.558702750556353E-05
   259.226744866657        0.557591033428956E-05
   260.141363791114        0.555490600049879E-05
   260.366704428539        0.552406433976447E-05
   259.871421294831        0.548031331307818E-05
   258.719443780040        0.542926362060403E-05
   257.025469653209        0.536916405458042E-05
   254.920090457048        0.529347957548664E-05
   252.523616844688        0.521624392483832E-05
   249.932947707404        0.513569264298025E-05
   247.220833061455        0.504308120333510E-05
   244.443690057079        0.495097003420912E-05
   241.651448156229        0.485385920315148E-05
   238.891669625222        0.475055833854549E-05
   236.211052493837        0.465885049548986E-05
   233.654861343800        0.455946637743684E-05
   231.269308315173        0.446205682849669E-05
   229.082090575198        0.436681003849687E-05
   227.098811034437        0.426571569778747E-05
   225.309721632003        0.417198481168285E-05
   223.695063470048        0.408227463937464E-05
   222.229762659479        0.399419933796120E-05
   220.887155185543        0.390773184056731E-05
   219.642227757348        0.382286078235788E-05
   218.474348258892        0.373936573168679E-05
   217.368352092336        0.365746046559845E-05
   216.314719779209        0.357907240922825E-05
   215.308726159403        0.350766064593707E-05
   214.349723652533        0.342990079604041E-05
   213.440100823308        0.335343161244767E-05
   212.584866680049        0.328182185466022E-05
   211.789784918568        0.321423195834016E-05
   211.059970006097        0.314966896941645E-05
   210.398355742766        0.308018949931443E-05
   209.804525599053        0.302150752303613E-05
   209.275173678766        0.296708196291453E-05
   208.804746229226        0.291711199597150E-05
   208.386368768475        0.286707040310377E-05
   208.013863712599        0.282987936090468E-05
   207.679451529299        0.279747370134488E-05
   207.386364723540        0.276558931049120E-05
   207.149788455531        0.274281528086315E-05
   206.991407566108        0.272223203658855E-05
   206.929401875593        0.270197209752923E-05
   206.985592250012        0.269101362629020E-05
   207.167498068375        0.268118947776542E-05
   207.494515687582        0.271391425585265E-05
   207.925399734721        0.334561301580063E-05
   208.471464048737        0.380496540427686E-05
   209.058000971110        0.437831793055173E-05
   210.435837785712        0.532563700448750E-05
   212.941985952091        0.754986341775248E-05
   217.317122991289        0.135554818320247E-04
   221.677395169954        0.237320371005910E-04
   226.006948048488        0.405008039582557E-04
   230.287039654912        0.673419507776791E-04
   234.496033512660        0.109023099916166E-03
   238.608089148783        0.171695590566122E-03
   242.596543837340        0.262815973228573E-03
   246.436447448837        0.390826233374404E-03
   250.107186853719        0.564632796908591E-03
   253.594487625529        0.793003634525253E-03
   256.891253267743        0.108403361444306E-02
   259.997164394569        0.144478616709929E-02
   262.917382862219        0.188113703003066E-02
   265.660872552402        0.239777562458233E-02
   268.238770340163        0.299829020990761E-02
   270.663060566512        0.368527157179575E-02
   272.945632770507        0.446039535363704E-02
   275.341120405061        0.540062316883675E-02
   277.609243740836        0.629069732770253E-02
   279.785437123518        0.737611940933184E-02
   281.847032672392        0.847848143072993E-02
   283.822383728328        0.965912398634309E-02
   285.699056807064        0.110084696616884E-01
   286.639410285530        0.116852549169200E-01
