   219.679882978235        0.310963267403355E-05
   221.021185528698        0.330131700749751E-05
   222.416384521335        0.346969086369824E-05
   223.871380319604        0.362581013579284E-05
   225.378857664924        0.376582562514466E-05
   226.927703169726        0.389115435511353E-05
   228.506565423815        0.400229197023487E-05
   230.104829780969        0.410057307068207E-05
   231.712992437618        0.418920866975006E-05
   233.322886964343        0.427080733431510E-05
   234.928442875120        0.434613450849068E-05
   236.525476217667        0.440327273261738E-05
   238.111301752793        0.446620959260467E-05
   239.684594395714        0.451521585310274E-05
   241.245175025068        0.456399617012417E-05
   242.793679964517        0.459887233437161E-05
   244.331204338518        0.464068840678232E-05
   245.858997603892        0.467244451737879E-05
   247.378251640763        0.469413994421192E-05
   248.889988372302        0.472000000000000E-05
   250.395030204050        0.473733671595087E-05
   251.894024132384        0.475000000000000E-05
   253.387489203976        0.476025504521549E-05
   254.875864395337        0.477000000000000E-05
   256.361613775842        0.476712655454442E-05
   257.928904152313        0.475593432342725E-05
   259.244179351067        0.473483260146590E-05
   259.970215315880        0.470771494370971E-05
   259.979291905231        0.467613819298922E-05
   259.266907617199        0.461756220499651E-05
   257.904527289376        0.455907303841631E-05
   256.005334594691        0.448943213693164E-05
   253.695973930471        0.441129085629999E-05
   251.091356067463        0.432474932906095E-05
   248.280730370656        0.423483052474911E-05
   245.330020201144        0.414004278089306E-05
   242.291834474497        0.403411600333326E-05
   239.215063543052        0.393834449866549E-05
   236.150250170292        0.383625816475422E-05
   233.150398681385        0.373676035946099E-05
   230.270719403187        0.363965553429670E-05
   227.568115539579        0.354477429824021E-05
   225.081412624409        0.345222120203889E-05
   222.826971925570        0.336147454894093E-05
   220.803605275320        0.327284204007836E-05
   218.997775498731        0.318575292365139E-05
   217.387919092002        0.310047873198990E-05
   215.948840610880        0.301891967869780E-05
   214.655422258602        0.294434226209209E-05
   213.484665476688        0.286356070522447E-05
   212.417125999819        0.279392644233398E-05
   211.437548913684        0.272140132203625E-05
   210.534471082154        0.264876390246629E-05
   209.700218745323        0.258304507161541E-05
   208.930581186559        0.251204592223432E-05
   208.224684819290        0.245091748622697E-05
   207.583563572962        0.239079717021591E-05
   207.009006879445        0.233165440326555E-05
   206.501461937666        0.227331470324407E-05
   206.059333012329        0.221871581543734E-05
   205.679067209620        0.216933488173882E-05
   205.355929741046        0.212424296554212E-05
   205.085119512321        0.208513007111327E-05
   204.862075374259        0.204898847755465E-05
   204.677941837376        0.201710592058011E-05
   204.532764177445        0.199381318116228E-05
   204.440071926400        0.197319755453202E-05
   204.421943093347        0.195289272965347E-05
   204.499692178196        0.193289115873628E-05
   204.727227100849        0.192159504943608E-05
   204.987741868723        0.192810842577786E-05
   205.412147346466        0.232458848869047E-05
   205.914427882510        0.276088453873141E-05
   206.732294834955        0.311379703692994E-05
   208.193357376836        0.386258933380132E-05
   210.056842929830        0.504947681242926E-05
   214.043848941904        0.875045630970074E-05
   218.437365043508        0.156557176915399E-04
   222.813731980881        0.273095676074356E-04
   227.155604369590        0.464259060879236E-04
   231.441952953091        0.768607852953143E-04
   235.648392994389        0.123813307947546E-03
   239.748327723105        0.193889076006548E-03
   243.714973063121        0.294945143476046E-03
   247.523997918776        0.435689441827630E-03
   251.156181938354        0.625102810841912E-03
   254.599338187201        0.871836372822865E-03
   257.848730717311        0.118372395002341E-02
   260.906253907352        0.156749449792702E-02
   263.778857759838        0.202868083507264E-02
   266.476767176851        0.257166313120182E-02
   269.011890012470        0.319977257659129E-02
   271.396595540028        0.391539699656298E-02
   273.711692280525        0.475727337139452E-02
   276.071855781343        0.568113729872733E-02
   278.319795128935        0.658691399123800E-02
   280.466072562956        0.773198870197923E-02
   282.504967757961        0.882195617994284E-02
   284.461668605247        0.101086646993150E-01
   286.317295894924        0.114425077680668E-01
   287.249368790179        0.121131224883649E-01
