   218.610074407402        0.460838059686121E-05
   219.946092357009        0.487566101857199E-05
   221.337984877327        0.512407319299860E-05
   222.791804960302        0.534680326486699E-05
   224.300009222857        0.554329255682848E-05
   225.851250154839        0.572035581779497E-05
   227.434030590296        0.588010253862431E-05
   229.037656160861        0.601547671565353E-05
   230.652564873481        0.614648206533556E-05
   232.270608296979        0.625656604106351E-05
   233.885286972772        0.635650256781408E-05
   235.491858065467        0.644902638531250E-05
   237.087278677776        0.652752310681386E-05
   238.669997730362        0.660313405234193E-05
   240.239640734783        0.666860008719568E-05
   241.796646779633        0.672928467685363E-05
   243.341889115602        0.678272835278909E-05
   244.876528910646        0.682606064158257E-05
   246.401786096804        0.686927499141713E-05
   247.918654257446        0.691117987528159E-05
   249.427860328415        0.694265614419422E-05
   250.929949470682        0.696406415097388E-05
   252.425361896187        0.698540103056348E-05
   253.914485857692        0.700666397148501E-05
   255.397690993873        0.701785021125102E-05
   256.908423329480        0.702000000000000E-05
   258.397465153835        0.701001344284609E-05
   259.493059860728        0.699908467127805E-05
   259.909043606580        0.697830016812329E-05
   259.577518688689        0.694543232977709E-05
   258.554350932924        0.689478261760064E-05
   256.957660668911        0.684211284116536E-05
   254.924365392468        0.678077303941713E-05
   252.582827359886        0.670354083929326E-05
   250.038077968727        0.662730563058274E-05
   247.369583218992        0.653462403845383E-05
   244.638418057136        0.644389461296714E-05
   241.897620498948        0.635513734799576E-05
   239.197655731055        0.625599367196567E-05
   236.587807316318        0.616342841973016E-05
   234.115512773711        0.606433140088094E-05
   231.826731031244        0.596672101380373E-05
   229.747659347608        0.587108910059610E-05
   227.882511956876        0.577730806561346E-05
   226.220314050089        0.568538193838085E-05
   224.740357616786        0.559504193211299E-05
   223.416313617469        0.550640508964004E-05
   222.219621362261        0.540921149877031E-05
   221.122937557313        0.532355650100653E-05
   220.103012346343        0.523932655745439E-05
   219.141923911820        0.515644842157748E-05
   218.227117973798        0.507503160695541E-05
   217.351708907584        0.499485679713030E-05
   216.513407176394        0.491601993462214E-05
   215.713668175327        0.482996178934724E-05
   214.957411301593        0.475230519371781E-05
   214.251814416610        0.468106500802672E-05
   213.603816105736        0.461349025841339E-05
   213.017622484836        0.454095063378066E-05
   212.493613667881        0.447960338125780E-05
   212.028027743695        0.441108056085473E-05
   211.614081161382        0.435676485902699E-05
   211.244225367585        0.431140133863658E-05
   210.911666732992        0.426676666418391E-05
   210.607821615917        0.422284929970811E-05
   210.331721736441        0.418723606465484E-05
   210.093976205008        0.416357029295722E-05
   209.913257196481        0.414265458408233E-05
   209.813400518279        0.412207344551144E-05
   209.818155859699        0.411090960736168E-05
   209.939368869079        0.410093851263476E-05
   210.186703002966        0.409111897801658E-05
   210.544369058134        0.426895317277930E-05
   211.002068639142        0.521103088782829E-05
   211.536128760704        0.588724500198929E-05
   212.090684324310        0.669876483470325E-05
   213.262169602695        0.788836626912032E-05
   216.390396415712        0.120199295726978E-04
   220.732694076351        0.210954049795296E-04
   225.049784976472        0.361090566605409E-04
   229.323246340550        0.602492528648534E-04
   233.531295414270        0.979198694983604E-04
   237.649445819784        0.154883466542683E-03
   241.651942038561        0.238236931249841E-03
   245.513894092034        0.356159504452872E-03
   249.213744823087        0.517440807701079E-03
   252.735513509913        0.730889053079370E-03
   256.070146471664        0.100477514680049E-02
   259.215441781294        0.134642321708572E-02
   262.174980641925        0.176199833641362E-02
   264.956547516838        0.225646416871312E-02
   267.570501790337        0.283364445766793E-02
   270.028394522525        0.349632149901111E-02
   272.341941967193        0.424632416596383E-02
   274.689192212903        0.515017939422587E-02
   276.981411614409        0.604988408959974E-02
   279.179312506848        0.705899923878853E-02
   281.262324031632        0.817308049714091E-02
   283.248321331818        0.925514072605375E-02
   285.144984136232        0.106192345579873E-01
   286.093070603958        0.113017955529803E-01
