     ALT          P          T          FH2O           O3           THEAT        TCOOL        PSATCO2        FCO2
7.3653E+01  3.2610E-05 2.2010E+02    4.5027E-06    5.7995E-08    3.6090E+01   -6.3835E+01    6.0239E+00    2.0800E-04
7.2533E+01  3.8505E-05 2.2145E+02    4.7528E-06    7.1795E-08    5.0232E+00   -4.2028E+01    6.3699E+00    2.0800E-04
7.1416E+01  4.5410E-05 2.2285E+02    4.9764E-06    9.1239E-08    2.1848E+00   -2.7021E+01    6.7465E+00    2.0800E-04
7.0300E+01  5.3485E-05 2.2432E+02    5.1718E-06    1.1761E-07    1.9987E+00   -1.7262E+01    7.1578E+00    2.0800E-04
6.9186E+01  6.2917E-05 2.2584E+02    5.3589E-06    1.5095E-07    2.1214E+00   -1.1403E+01    7.6046E+00    2.0800E-04
6.8073E+01  7.3918E-05 2.2740E+02    5.5146E-06    1.8917E-07    2.2929E+00   -8.0905E+00    8.0858E+00    2.0800E-04
6.6962E+01  8.6734E-05 2.2900E+02    5.6545E-06    2.2977E-07    2.4791E+00   -6.3529E+00    8.6000E+00    2.0800E-04
6.5852E+01  1.0164E-04 2.3062E+02    5.7878E-06    2.7204E-07    2.6756E+00   -5.4936E+00    9.1456E+00    2.0800E-04
6.4743E+01  1.1897E-04 2.3225E+02    5.9007E-06    3.1632E-07    2.8940E+00   -5.1195E+00    9.7208E+00    2.0800E-04
6.3636E+01  1.3907E-04 2.3389E+02    6.0015E-06    3.6516E-07    3.1366E+00   -4.9933E+00    1.0324E+01    2.0800E-04
6.2530E+01  1.6236E-04 2.3552E+02    6.0976E-06    4.1927E-07    3.4069E+00   -4.9932E+00    1.0953E+01    2.0800E-04
6.1426E+01  1.8931E-04 2.3714E+02    6.1759E-06    4.7962E-07    3.7073E+00   -5.0512E+00    1.1607E+01    2.0800E-04
6.0325E+01  2.2046E-04 2.3876E+02    6.2541E-06    5.4818E-07    4.0432E+00   -5.1472E+00    1.2284E+01    2.0800E-04
5.9225E+01  2.5641E-04 2.4036E+02    6.3211E-06    6.2286E-07    4.4012E+00   -5.2629E+00    1.2985E+01    2.0800E-04
5.8128E+01  2.9784E-04 2.4194E+02    6.3774E-06    7.0572E-07    4.7826E+00   -5.3934E+00    1.3708E+01    2.0800E-04
5.7033E+01  3.4554E-04 2.4352E+02    6.4288E-06    7.9599E-07    5.1774E+00   -5.5373E+00    1.4454E+01    2.0800E-04
5.5940E+01  4.0037E-04 2.4508E+02    6.4725E-06    8.9561E-07    5.5851E+00   -5.6912E+00    1.5224E+01    2.0800E-04
5.4851E+01  4.6332E-04 2.4663E+02    6.5160E-06    1.0087E-06    6.0082E+00   -5.8544E+00    1.6018E+01    2.0800E-04
5.3764E+01  5.3549E-04 2.4818E+02    6.5595E-06    1.1285E-06    6.4059E+00   -6.0187E+00    1.6836E+01    2.0800E-04
5.2681E+01  6.1812E-04 2.4971E+02    6.5914E-06    1.2598E-06    6.7823E+00   -6.1764E+00    1.7680E+01    2.0800E-04
5.1601E+01  7.1260E-04 2.5123E+02    6.6130E-06    1.4138E-06    7.1618E+00   -6.3144E+00    1.8550E+01    2.0800E-04
5.0524E+01  8.2049E-04 2.5275E+02    6.6346E-06    1.5861E-06    7.5027E+00   -6.4416E+00    1.9447E+01    2.0800E-04
4.9451E+01  9.4352E-04 2.5427E+02    6.6560E-06    1.7738E-06    7.7748E+00   -6.5598E+00    2.0371E+01    2.0800E-04
4.8382E+01  1.0836E-03 2.5577E+02    6.6674E-06    1.9911E-06    8.0047E+00   -6.7192E+00    2.1322E+01    2.0800E-04
4.7316E+01  1.2430E-03 2.5727E+02    6.6700E-06    2.2259E-06    8.1354E+00   -6.9508E+00    2.2303E+01    2.0800E-04
4.6255E+01  1.4240E-03 2.5885E+02    6.6700E-06    2.4897E-06    8.1700E+00   -7.2457E+00    2.3370E+01    2.0800E-04
4.5197E+01  1.6293E-03 2.6023E+02    6.6589E-06    2.7666E-06    8.0671E+00   -7.4669E+00    2.4328E+01    2.0800E-04
4.4145E+01  1.8618E-03 2.6103E+02    6.6378E-06    3.0820E-06    7.8724E+00   -7.5086E+00    2.4903E+01    2.0800E-04
4.3102E+01  2.1248E-03 2.6111E+02    6.6139E-06    3.4108E-06    7.5502E+00   -7.3461E+00    2.4958E+01    2.0800E-04
4.2071E+01  2.4220E-03 2.6046E+02    6.5726E-06    3.7581E-06    7.1332E+00   -7.0189E+00    2.4492E+01    2.0800E-04
4.1053E+01  2.7572E-03 2.5917E+02    6.5179E-06    4.0838E-06    6.6200E+00   -6.5766E+00    2.3587E+01    2.0800E-04
4.0051E+01  3.1349E-03 2.5737E+02    6.4578E-06    4.3724E-06    6.0619E+00   -6.0721E+00    2.2368E+01    2.0800E-04
3.9068E+01  3.5598E-03 2.5520E+02    6.3950E-06    4.6209E-06    5.5135E+00   -5.5496E+00    2.0958E+01    2.0800E-04
3.8103E+01  4.0372E-03 2.5278E+02    6.3178E-06    4.8142E-06    4.9988E+00   -5.0405E+00    1.9460E+01    2.0800E-04
3.7157E+01  4.5729E-03 2.5018E+02    6.2322E-06    4.9617E-06    4.5390E+00   -4.5727E+00    1.7948E+01    2.0800E-04
3.6231E+01  5.1732E-03 2.4750E+02    6.1476E-06    5.0724E-06    4.1377E+00   -4.1552E+00    1.6472E+01    2.0800E-04
3.5325E+01  5.8448E-03 2.4476E+02    6.0484E-06    5.1630E-06    3.7900E+00   -3.7948E+00    1.5064E+01    2.0800E-04
3.4438E+01  6.5953E-03 2.4203E+02    5.9583E-06    5.2290E-06    3.4799E+00   -3.4818E+00    1.3746E+01    2.0800E-04
3.3571E+01  7.4329E-03 2.3934E+02    5.8578E-06    5.2774E-06    3.1990E+00   -3.2014E+00    1.2535E+01    2.0800E-04
3.2722E+01  8.3662E-03 2.3674E+02    5.7567E-06    5.3000E-06    2.9363E+00   -2.9418E+00    1.1440E+01    2.0800E-04
3.1892E+01  9.4049E-03 2.3427E+02    5.6663E-06    5.2855E-06    2.6851E+00   -2.6984E+00    1.0469E+01    2.0800E-04
3.1079E+01  1.0559E-02 2.3199E+02    5.5688E-06    5.2459E-06    2.4477E+00   -2.4956E+00    9.6258E+00    2.0800E-04
3.0282E+01  1.1840E-02 2.2991E+02    5.4733E-06    5.1633E-06    2.2199E+00   -2.2552E+00    8.9036E+00    2.0800E-04
2.9502E+01  1.3260E-02 2.2805E+02    5.3795E-06    5.0391E-06    2.0049E+00   -2.0298E+00    8.2903E+00    2.0800E-04
2.8736E+01  1.4831E-02 2.2638E+02    5.2777E-06    4.8849E-06    1.8073E+00   -1.8216E+00    7.7700E+00    2.0800E-04
2.7984E+01  1.6568E-02 2.2490E+02    5.1874E-06    4.6890E-06    1.6263E+00   -1.6330E+00    7.3264E+00    2.0800E-04
2.7245E+01  1.8484E-02 2.2356E+02    5.0988E-06    4.4668E-06    1.4653E+00   -1.4652E+00    6.9444E+00    2.0800E-04
2.6520E+01  2.0596E-02 2.2235E+02    5.0117E-06    4.2291E-06    1.3248E+00   -1.3182E+00    6.6106E+00    2.0800E-04
2.5806E+01  2.2921E-02 2.2123E+02    4.9261E-06    3.9691E-06    1.2011E+00   -1.1912E+00    6.3140E+00    2.0800E-04
2.5105E+01  2.5476E-02 2.2019E+02    4.8419E-06    3.7089E-06    1.0943E+00   -1.0815E+00    6.0457E+00    2.0800E-04
2.4415E+01  2.8280E-02 2.1920E+02    4.7592E-06    3.4399E-06    9.9904E-01   -9.8530E-01    5.7994E+00    2.0800E-04
2.3737E+01  3.1354E-02 2.1825E+02    4.6779E-06    3.1728E-06    9.1304E-01   -8.9876E-01    5.5707E+00    2.0800E-04
2.3071E+01  3.4717E-02 2.1734E+02    4.5978E-06    2.9047E-06    8.3282E-01   -8.1905E-01    5.3572E+00    2.0800E-04
2.2415E+01  3.8393E-02 2.1646E+02    4.5191E-06    2.6425E-06    7.5725E-01   -7.4447E-01    5.1457E+00    2.0800E-04
2.1770E+01  4.2404E-02 2.1562E+02    4.4419E-06    2.3860E-06    6.8510E-01   -6.7448E-01    4.8655E+00    2.0800E-04
2.1136E+01  4.6776E-02 2.1482E+02    4.3657E-06    2.1434E-06    6.1696E-01   -6.0824E-01    4.6117E+00    2.0800E-04
2.0512E+01  5.1533E-02 2.1407E+02    4.2909E-06    1.9108E-06    5.5224E-01   -5.4566E-01    4.3840E+00    2.0800E-04
1.9899E+01  5.6702E-02 2.1337E+02    4.2244E-06    1.6903E-06    4.9137E-01   -4.8637E-01    4.1821E+00    2.0800E-04
1.9296E+01  6.2312E-02 2.1274E+02    4.1550E-06    1.4743E-06    4.3394E-01   -4.3039E-01    4.0048E+00    2.0800E-04
1.8702E+01  6.8390E-02 2.1217E+02    4.0938E-06    1.2826E-06    3.8292E-01   -3.7526E-01    3.8501E+00    2.0800E-04
1.8119E+01  7.4967E-02 2.1165E+02    4.0292E-06    1.0960E-06    3.3596E-01   -3.2454E-01    3.7153E+00    2.0800E-04
1.7544E+01  8.2072E-02 2.1119E+02    3.9791E-06    9.2349E-07    2.9437E-01   -2.7962E-01    3.5977E+00    2.0800E-04
1.6979E+01  8.9738E-02 2.1077E+02    3.9281E-06    7.7022E-07    2.5861E-01   -2.4059E-01    3.4944E+00    2.0800E-04
1.6423E+01  9.7996E-02 2.1040E+02    3.8836E-06    6.3257E-07    2.2789E-01   -2.1000E-01    3.4032E+00    2.0800E-04
1.5877E+01  1.0688E-01 2.1005E+02    3.8474E-06    5.1088E-07    2.0060E-01   -1.6116E-01    3.3217E+00    2.0800E-04
1.5339E+01  1.1642E-01 2.0974E+02    3.8152E-06    4.0688E-07    1.7754E-01   -1.4189E-01    3.2497E+00    2.0800E-04
1.4809E+01  1.2665E-01 2.0948E+02    3.7923E-06    3.2033E-07    1.5859E-01   -1.2939E-01    3.1894E+00    2.0800E-04
1.4289E+01  1.3761E-01 2.0928E+02    3.7715E-06    2.4946E-07    1.4308E-01   -1.2203E-01    3.1449E+00    2.0800E-04
1.3776E+01  1.4933E-01 2.0917E+02    3.7510E-06    1.9054E-07    1.3024E-01   -1.1908E-01    3.1209E+00    2.0800E-04
1.3272E+01  1.6185E-01 2.0918E+02    3.7404E-06    1.4275E-07    1.1990E-01   -1.1848E-01    3.1222E+00    2.0800E-04
1.2776E+01  1.7519E-01 2.0931E+02    3.7305E-06    1.1139E-07    1.1255E-01   -1.1387E-01    3.1514E+00    2.0800E-04
1.2287E+01  1.8939E-01 2.0957E+02    3.7207E-06    9.1055E-08    1.0745E-01   -1.0559E-01    3.2106E+00    2.0800E-04
1.1805E+01  2.0448E-01 2.0994E+02    3.9062E-06    7.5503E-08    1.0466E-01   -1.0205E-01    3.2964E+00    2.0800E-04
1.1331E+01  2.2051E-01 2.1043E+02    4.7969E-06    6.4048E-08    1.0588E-01   -1.1253E-01    3.4111E+00    2.0800E-04
1.0863E+01  2.3748E-01 2.1095E+02    5.6987E-06    5.7294E-08    1.0693E-01   -8.4755E-02    3.5384E+00    2.0800E-04
1.0402E+01  2.5544E-01 2.1156E+02    6.2242E-06    5.3162E-08    1.0891E-01   -2.7680E-02    3.6923E+00    2.0800E-04
9.9470E+00  2.7441E-01 2.1279E+02    7.4020E-06    5.0167E-08    1.1384E-01   -9.8800E-02    4.0188E+00    2.0800E-04
9.4950E+00  2.9442E-01 2.1651E+02    1.2210E-05    4.7558E-08    1.3498E-01   -4.1199E-01    5.1633E+00    2.0800E-04
9.0427E+00  3.1550E-01 2.2085E+02    2.1420E-05    4.5110E-08    1.7212E-01   -8.1567E-01    6.2154E+00    2.0800E-04
8.5900E+00  3.3765E-01 2.2517E+02    3.6648E-05    4.2789E-08    2.2280E-01   -1.2318E+00    7.4070E+00    2.0800E-04
8.1372E+00  3.6090E-01 2.2945E+02    6.1120E-05    4.0527E-08    2.8452E-01   -1.6143E+00    8.7476E+00    2.0800E-04
7.6848E+00  3.8527E-01 2.3366E+02    9.9286E-05    3.8269E-08    3.5200E-01   -1.9128E+00    1.0237E+01    2.0800E-04
7.2332E+00  4.1077E-01 2.3777E+02    1.5696E-04    3.6024E-08    4.2238E-01   -2.1154E+00    1.1868E+01    2.0800E-04
6.7828E+00  4.3740E-01 2.4177E+02    2.4128E-04    3.3950E-08    4.9827E-01   -2.2485E+00    1.3629E+01    2.0800E-04
6.3344E+00  4.6518E-01 2.4563E+02    3.6046E-04    3.1880E-08    5.7583E-01   -2.3016E+00    1.5503E+01    2.0800E-04
5.8883E+00  4.9409E-01 2.4933E+02    5.2332E-04    2.9895E-08    6.4131E-01   -2.3063E+00    1.7468E+01    2.0800E-04
5.4452E+00  5.2414E-01 2.5285E+02    7.3865E-04    2.8004E-08    6.8780E-01   -2.2881E+00    1.9502E+01    2.0800E-04
5.0057E+00  5.5531E-01 2.5618E+02    1.0147E-03    2.6155E-08    7.2115E-01   -2.2702E+00    2.1583E+01    2.0800E-04
4.5703E+00  5.8760E-01 2.5932E+02    1.3588E-03    2.4364E-08    7.4803E-01   -2.2277E+00    2.3689E+01    2.0800E-04
4.1397E+00  6.2099E-01 2.6227E+02    1.7770E-03    2.2668E-08    7.6836E-01   -2.1650E+00    2.5805E+01    2.0800E-04
3.7141E+00  6.5544E-01 2.6505E+02    2.2744E-03    2.1067E-08    7.7932E-01   -2.0987E+00    2.7917E+01    2.0800E-04
3.2943E+00  6.9093E-01 2.6766E+02    2.8546E-03    1.9554E-08    7.8106E-01   -2.0055E+00    3.0014E+01    2.0800E-04
2.8806E+00  7.2743E-01 2.7011E+02    3.5204E-03    1.8205E-08    7.7661E-01   -1.8580E+00    3.2091E+01    2.0800E-04
2.4733E+00  7.6489E-01 2.7242E+02    4.2737E-03    1.6954E-08    7.6897E-01   -1.7085E+00    3.4141E+01    2.0800E-04
2.0728E+00  8.0326E-01 2.7479E+02    5.1888E-03    1.5865E-08    7.6435E-01   -1.6152E+00    3.6343E+01    2.0800E-04
1.6792E+00  8.4250E-01 2.7708E+02    6.0870E-03    1.4939E-08    7.4482E-01   -1.5284E+00    3.8570E+01    2.0800E-04
1.2928E+00  8.8255E-01 2.7927E+02    7.1082E-03    1.4091E-08    7.2880E-01   -1.5197E+00    4.0801E+01    2.0800E-04
9.1393E-01  9.2333E-01 2.8135E+02    8.2204E-03    1.3389E-08    7.1712E-01   -1.5864E+00    4.3003E+01    2.0800E-04
5.4283E-01  9.6477E-01 2.8334E+02    9.3180E-03    1.2848E-08    7.1071E-01   -1.7703E+00    4.5187E+01    2.0800E-04
1.7979E-01  1.0068E+00 2.8523E+02    1.0680E-02    1.2418E-08    7.3134E-01   -2.0248E+00    4.7350E+01    2.0800E-04
0.0000E+00  1.0282E+00 2.8618E+02    1.1361E-02    1.2500E-08    7.9273E+00   -3.5354E+00    4.8460E+01    2.0800E-04
