     ALT          P          T          FH2O           O3           THEAT        TCOOL        PSATCO2        FCO2
7.3559E+01  3.2610E-05 2.2081E+02    3.6424E-06    6.2688E-08    3.6194E+01   -6.4732E+01    6.2038E+00    2.1000E-04
7.2435E+01  3.8506E-05 2.2216E+02    3.8496E-06    7.7275E-08    4.9852E+00   -4.2196E+01    6.5587E+00    2.1000E-04
7.1313E+01  4.5411E-05 2.2356E+02    4.0316E-06    9.7719E-08    2.1972E+00   -2.6727E+01    6.9445E+00    2.1000E-04
7.0193E+01  5.3487E-05 2.2503E+02    4.1982E-06    1.2551E-07    2.0283E+00   -1.6794E+01    7.3654E+00    2.1000E-04
6.9075E+01  6.2920E-05 2.2655E+02    4.3448E-06    1.6025E-07    2.1596E+00   -1.0845E+01    7.8221E+00    2.1000E-04
6.7958E+01  7.3922E-05 2.2812E+02    4.4766E-06    2.0176E-07    2.3476E+00   -7.5432E+00    8.3137E+00    2.1000E-04
6.6842E+01  8.6740E-05 2.2972E+02    4.5983E-06    2.4528E-07    2.5493E+00   -5.8334E+00    8.8389E+00    2.1000E-04
6.5728E+01  1.0165E-04 2.3134E+02    4.6997E-06    2.8979E-07    2.7573E+00   -5.0151E+00    9.3960E+00    2.1000E-04
6.4615E+01  1.1898E-04 2.3297E+02    4.7968E-06    3.3609E-07    2.9864E+00   -4.6885E+00    9.9831E+00    2.1000E-04
6.3504E+01  1.3908E-04 2.3461E+02    4.8793E-06    3.8729E-07    3.2408E+00   -4.6083E+00    1.0598E+01    2.1000E-04
6.2394E+01  1.6237E-04 2.3624E+02    4.9559E-06    4.4337E-07    3.5209E+00   -4.6544E+00    1.1239E+01    2.1000E-04
6.1286E+01  1.8933E-04 2.3786E+02    5.0224E-06    5.0642E-07    3.8336E+00   -4.7628E+00    1.1905E+01    2.1000E-04
6.0181E+01  2.2049E-04 2.3947E+02    5.0858E-06    5.7674E-07    4.1772E+00   -4.9091E+00    1.2595E+01    2.1000E-04
5.9077E+01  2.5644E-04 2.4107E+02    5.1400E-06    6.5426E-07    4.5460E+00   -5.0771E+00    1.3307E+01    2.1000E-04
5.7976E+01  2.9789E-04 2.4266E+02    5.1911E-06    7.3962E-07    4.9362E+00   -5.2626E+00    1.4043E+01    2.1000E-04
5.6877E+01  3.4560E-04 2.4423E+02    5.2290E-06    8.3358E-07    5.3422E+00   -5.4580E+00    1.4801E+01    2.1000E-04
5.5781E+01  4.0044E-04 2.4579E+02    5.2719E-06    9.3563E-07    5.7516E+00   -5.6649E+00    1.5583E+01    2.1000E-04
5.4687E+01  4.6340E-04 2.4734E+02    5.3028E-06    1.0466E-06    6.1589E+00   -5.8729E+00    1.6390E+01    2.1000E-04
5.3597E+01  5.3559E-04 2.4888E+02    5.3346E-06    1.1774E-06    6.5879E+00   -6.0835E+00    1.7221E+01    2.1000E-04
5.2510E+01  6.1824E-04 2.5042E+02    5.3564E-06    1.3142E-06    6.9704E+00   -6.2777E+00    1.8079E+01    2.1000E-04
5.1426E+01  7.1274E-04 2.5194E+02    5.3781E-06    1.4661E-06    7.3205E+00   -6.4487E+00    1.8963E+01    2.1000E-04
5.0346E+01  8.2066E-04 2.5346E+02    5.3900E-06    1.6373E-06    7.6341E+00   -6.6049E+00    1.9875E+01    2.1000E-04
4.9269E+01  9.4372E-04 2.5497E+02    5.4012E-06    1.8318E-06    7.9018E+00   -6.7503E+00    2.0814E+01    2.1000E-04
4.8196E+01  1.0839E-03 2.5648E+02    5.4100E-06    2.0489E-06    8.1059E+00   -6.9398E+00    2.1782E+01    2.1000E-04
4.7127E+01  1.2433E-03 2.5800E+02    5.4100E-06    2.2880E-06    8.2198E+00   -7.1977E+00    2.2790E+01    2.1000E-04
4.6062E+01  1.4243E-03 2.5956E+02    5.4000E-06    2.5491E-06    8.2234E+00   -7.4770E+00    2.3856E+01    2.1000E-04
4.5001E+01  1.6297E-03 2.6080E+02    5.3834E-06    2.8380E-06    8.1196E+00   -7.6439E+00    2.4735E+01    2.1000E-04
4.3947E+01  1.8623E-03 2.6142E+02    5.3623E-06    3.1522E-06    7.9003E+00   -7.6165E+00    2.5184E+01    2.1000E-04
4.2902E+01  2.1254E-03 2.6132E+02    5.3228E-06    3.4953E-06    7.5785E+00   -7.3984E+00    2.5110E+01    2.1000E-04
4.1869E+01  2.4227E-03 2.6052E+02    5.2723E-06    3.8466E-06    7.1481E+00   -7.0306E+00    2.4534E+01    2.1000E-04
4.0851E+01  2.7580E-03 2.5911E+02    5.2212E-06    4.1732E-06    6.6230E+00   -6.5624E+00    2.3543E+01    2.1000E-04
3.9849E+01  3.1358E-03 2.5721E+02    5.1516E-06    4.4644E-06    6.0601E+00   -6.0403E+00    2.2258E+01    2.1000E-04
3.8865E+01  3.5609E-03 2.5495E+02    5.0822E-06    4.7010E-06    5.5008E+00   -5.5046E+00    2.0801E+01    2.1000E-04
3.7901E+01  4.0385E-03 2.5246E+02    4.9958E-06    4.8867E-06    4.9840E+00   -4.9880E+00    1.9268E+01    2.1000E-04
3.6956E+01  4.5744E-03 2.4980E+02    4.9103E-06    5.0318E-06    4.5280E+00   -4.5166E+00    1.7731E+01    2.1000E-04
3.6031E+01  5.1748E-03 2.4704E+02    4.8146E-06    5.1452E-06    4.1321E+00   -4.0965E+00    1.6233E+01    2.1000E-04
3.5126E+01  5.8468E-03 2.4424E+02    4.7201E-06    5.2298E-06    3.7842E+00   -3.7332E+00    1.4804E+01    2.1000E-04
3.4241E+01  6.5976E-03 2.4142E+02    4.6201E-06    5.2965E-06    3.4759E+00   -3.4159E+00    1.3466E+01    2.1000E-04
3.3375E+01  7.4355E-03 2.3864E+02    4.5164E-06    5.3478E-06    3.1970E+00   -3.1304E+00    1.2234E+01    2.1000E-04
3.2529E+01  8.3692E-03 2.3594E+02    4.4209E-06    5.3758E-06    2.9368E+00   -2.8652E+00    1.1118E+01    2.1000E-04
3.1701E+01  9.4083E-03 2.3336E+02    4.3259E-06    5.3753E-06    2.6895E+00   -2.6153E+00    1.0125E+01    2.1000E-04
3.0891E+01  1.0563E-02 2.3094E+02    4.2290E-06    5.3345E-06    2.4510E+00   -2.4061E+00    9.2570E+00    2.1000E-04
3.0098E+01  1.1845E-02 2.2872E+02    4.1240E-06    5.2597E-06    2.2245E+00   -2.1572E+00    8.5092E+00    2.1000E-04
2.9321E+01  1.3265E-02 2.2671E+02    4.0312E-06    5.1416E-06    2.0102E+00   -1.9235E+00    7.8691E+00    2.1000E-04
2.8560E+01  1.4837E-02 2.2488E+02    3.9400E-06    4.9799E-06    1.8108E+00   -1.7070E+00    7.3213E+00    2.1000E-04
2.7813E+01  1.6574E-02 2.2323E+02    3.8508E-06    4.7917E-06    1.6313E+00   -1.5099E+00    6.8501E+00    2.1000E-04
2.7079E+01  1.8492E-02 2.2172E+02    3.7631E-06    4.5632E-06    1.4691E+00   -1.3340E+00    6.4410E+00    2.1000E-04
2.6360E+01  2.0605E-02 2.2033E+02    3.6771E-06    4.3111E-06    1.3264E+00   -1.1799E+00    6.0814E+00    2.1000E-04
2.5653E+01  2.2931E-02 2.1904E+02    3.5926E-06    4.0513E-06    1.2031E+00   -1.0466E+00    5.7610E+00    2.1000E-04
2.4958E+01  2.5487E-02 2.1783E+02    3.5096E-06    3.7746E-06    1.0942E+00   -9.3225E-01    5.4719E+00    2.1000E-04
2.4276E+01  2.8293E-02 2.1669E+02    3.4382E-06    3.5036E-06    9.9905E-01   -8.3311E-01    5.2083E+00    2.1000E-04
2.3605E+01  3.1367E-02 2.1559E+02    3.3580E-06    3.2219E-06    9.1126E-01   -7.4499E-01    4.8580E+00    2.1000E-04
2.2946E+01  3.4732E-02 2.1455E+02    3.2793E-06    2.9465E-06    8.3031E-01   -6.6493E-01    4.5306E+00    2.1000E-04
2.2299E+01  3.8410E-02 2.1357E+02    3.2021E-06    2.6771E-06    7.5426E-01   -5.9116E-01    4.2371E+00    2.1000E-04
2.1662E+01  4.2423E-02 2.1263E+02    3.1360E-06    2.4222E-06    6.8284E-01   -5.2265E-01    3.9749E+00    2.1000E-04
2.1037E+01  4.6797E-02 2.1176E+02    3.0612E-06    2.1723E-06    6.1408E-01   -4.5878E-01    3.7422E+00    2.1000E-04
2.0422E+01  5.1557E-02 2.1095E+02    2.9948E-06    1.9348E-06    5.4897E-01   -3.9941E-01    3.5373E+00    2.1000E-04
1.9817E+01  5.6729E-02 2.1021E+02    2.9347E-06    1.7071E-06    4.8746E-01   -3.4405E-01    3.3588E+00    2.1000E-04
1.9222E+01  6.2342E-02 2.0954E+02    2.8655E-06    1.4929E-06    4.3036E-01   -2.9122E-01    3.2048E+00    2.1000E-04
1.8638E+01  6.8423E-02 2.0895E+02    2.8098E-06    1.2874E-06    3.7764E-01   -2.4298E-01    3.0730E+00    2.1000E-04
1.8062E+01  7.5004E-02 2.0843E+02    2.7599E-06    1.1032E-06    3.3120E-01   -1.9768E-01    2.9608E+00    2.1000E-04
1.7497E+01  8.2113E-02 2.0797E+02    2.7088E-06    9.3131E-07    2.8986E-01   -1.5811E-01    2.8653E+00    2.1000E-04
1.6940E+01  8.9783E-02 2.0757E+02    2.6645E-06    7.7742E-07    2.5415E-01   -1.2560E-01    2.7839E+00    2.1000E-04
1.6392E+01  9.8046E-02 2.0722E+02    2.6281E-06    6.3843E-07    2.2332E-01   -1.0224E-01    2.7147E+00    2.1000E-04
1.5853E+01  1.0693E-01 2.0692E+02    2.5959E-06    5.1615E-07    1.9610E-01   -5.6781E-02    2.6556E+00    2.1000E-04
1.5323E+01  1.1648E-01 2.0666E+02    2.5642E-06    4.1133E-07    1.7305E-01   -4.5874E-02    2.6062E+00    2.1000E-04
1.4801E+01  1.2672E-01 2.0646E+02    2.5420E-06    3.2432E-07    1.5418E-01   -4.0889E-02    2.5686E+00    2.1000E-04
1.4287E+01  1.3769E-01 2.0634E+02    2.5215E-06    2.5355E-07    1.3876E-01   -4.0438E-02    2.5465E+00    2.1000E-04
1.3781E+01  1.4941E-01 2.0633E+02    2.5107E-06    1.9346E-07    1.2590E-01   -4.4621E-02    2.5442E+00    2.1000E-04
1.3284E+01  1.6193E-01 2.0644E+02    2.4915E-06    1.4603E-07    1.1563E-01   -4.8438E-02    2.5647E+00    2.1000E-04
1.2793E+01  1.7528E-01 2.0669E+02    2.4900E-06    1.1372E-07    1.0829E-01   -4.8594E-02    2.6109E+00    2.1000E-04
1.2310E+01  1.8949E-01 2.0705E+02    2.5420E-06    9.2873E-08    1.0373E-01   -4.5585E-02    2.6807E+00    2.1000E-04
1.1834E+01  2.0460E-01 2.0753E+02    3.1538E-06    7.7072E-08    1.0318E-01   -5.5425E-02    2.7760E+00    2.1000E-04
1.1364E+01  2.2063E-01 2.0805E+02    3.7722E-06    6.5374E-08    1.0274E-01   -2.5099E-02    2.8822E+00    2.1000E-04
1.0901E+01  2.3762E-01 2.0866E+02    4.1288E-06    5.8200E-08    1.0365E-01   -1.3433E-02    3.0102E+00    2.1000E-04
1.0444E+01  2.5559E-01 2.1047E+02    5.3476E-06    5.3846E-08    1.0887E-01   -7.5589E-02    3.4202E+00    2.1000E-04
9.9894E+00  2.7457E-01 2.1319E+02    7.8110E-06    5.0662E-08    1.2139E-01   -2.6992E-01    4.1311E+00    2.1000E-04
9.5355E+00  2.9460E-01 2.1757E+02    1.4012E-05    4.7924E-08    1.5046E-01   -6.4717E-01    5.4116E+00    2.1000E-04
9.0807E+00  3.1568E-01 2.2194E+02    2.4509E-05    4.5409E-08    1.9246E-01   -1.0454E+00    6.4994E+00    2.1000E-04
8.6255E+00  3.3785E-01 2.2627E+02    4.1788E-05    4.2975E-08    2.4659E-01   -1.4382E+00    7.7350E+00    2.1000E-04
8.1702E+00  3.6112E-01 2.3055E+02    6.9411E-05    4.0624E-08    3.1019E-01   -1.7841E+00    9.1212E+00    2.1000E-04
7.7153E+00  3.8550E-01 2.3476E+02    1.1224E-04    3.8352E-08    3.7790E-01   -2.0409E+00    1.0656E+01    2.1000E-04
7.2613E+00  4.1102E-01 2.3887E+02    1.7653E-04    3.6081E-08    4.4840E-01   -2.2115E+00    1.2332E+01    2.1000E-04
6.8086E+00  4.3767E-01 2.4285E+02    2.6982E-04    3.3896E-08    5.2486E-01   -2.3179E+00    1.4134E+01    2.1000E-04
6.3579E+00  4.6546E-01 2.4668E+02    4.0063E-04    3.1803E-08    6.0064E-01   -2.3487E+00    1.6044E+01    2.1000E-04
5.9096E+00  4.9439E-01 2.5035E+02    5.7787E-04    2.9803E-08    6.6152E-01   -2.3425E+00    1.8039E+01    2.1000E-04
5.4645E+00  5.2446E-01 2.5382E+02    8.1029E-04    2.7839E-08    7.0359E-01   -2.3181E+00    2.0096E+01    2.1000E-04
5.0230E+00  5.5566E-01 2.5711E+02    1.1059E-03    2.5939E-08    7.3446E-01   -2.2940E+00    2.2193E+01    2.1000E-04
4.5858E+00  5.8797E-01 2.6020E+02    1.4718E-03    2.4136E-08    7.5952E-01   -2.2413E+00    2.4310E+01    2.1000E-04
4.1534E+00  6.2138E-01 2.6311E+02    1.9136E-03    2.2430E-08    7.7740E-01   -2.1745E+00    2.6431E+01    2.1000E-04
3.7263E+00  6.5585E-01 2.6584E+02    2.4360E-03    2.0819E-08    7.8552E-01   -2.1021E+00    2.8545E+01    2.1000E-04
3.3049E+00  6.9137E-01 2.6841E+02    3.0425E-03    1.9296E-08    7.8492E-01   -1.9945E+00    3.0642E+01    2.1000E-04
2.8897E+00  7.2789E-01 2.7083E+02    3.7357E-03    1.7938E-08    7.7888E-01   -1.8348E+00    3.2716E+01    2.1000E-04
2.4811E+00  7.6538E-01 2.7312E+02    4.5249E-03    1.6681E-08    7.7056E-01   -1.6913E+00    3.4782E+01    2.1000E-04
2.0793E+00  8.0378E-01 2.7551E+02    5.4649E-03    1.5582E-08    7.6306E-01   -1.6045E+00    3.7032E+01    2.1000E-04
1.6844E+00  8.4305E-01 2.7777E+02    6.3524E-03    1.4653E-08    7.3950E-01   -1.5188E+00    3.9263E+01    2.1000E-04
1.2967E+00  8.8312E-01 2.7994E+02    7.4566E-03    1.3801E-08    7.2720E-01   -1.5354E+00    4.1496E+01    2.1000E-04
9.1667E-01  9.2393E-01 2.8200E+02    8.5559E-03    1.3162E-08    7.1347E-01   -1.6071E+00    4.3701E+01    2.1000E-04
5.4444E-01  9.6541E-01 2.8397E+02    9.7605E-03    1.2608E-08    7.1211E-01   -1.8176E+00    4.5897E+01    2.1000E-04
1.8031E-01  1.0075E+00 2.8584E+02    1.1106E-02    1.2106E-08    7.3024E-01   -2.0630E+00    4.8059E+01    2.1000E-04
0.0000E+00  1.0289E+00 2.8678E+02    1.1781E-02    1.2200E-08    7.9034E+00   -3.4877E+00    4.9172E+01    2.1000E-04
