     ALT          P          T          FH2O           O3           THEAT        TCOOL        PSATCO2        FCO2
7.3643E+01  3.2610E-05 2.2054E+02    3.9881E-06    6.0573E-08    3.6141E+01   -6.4347E+01    6.1352E+00    2.0900E-04
7.2521E+01  3.8506E-05 2.2189E+02    4.2100E-06    7.4882E-08    5.0034E+00   -4.2109E+01    6.4867E+00    2.0900E-04
7.1401E+01  4.5411E-05 2.2329E+02    4.4169E-06    9.4816E-08    2.1907E+00   -2.6855E+01    6.8690E+00    2.0900E-04
7.0282E+01  5.3486E-05 2.2476E+02    4.5986E-06    1.2176E-07    2.0129E+00   -1.7002E+01    7.2863E+00    2.0900E-04
6.9165E+01  6.2918E-05 2.2628E+02    4.7551E-06    1.5654E-07    2.1430E+00   -1.1080E+01    7.7392E+00    2.0900E-04
6.8050E+01  7.3920E-05 2.2785E+02    4.8968E-06    1.9588E-07    2.3205E+00   -7.7753E+00    8.2268E+00    2.0900E-04
6.6936E+01  8.6737E-05 2.2945E+02    5.0238E-06    2.3771E-07    2.5134E+00   -6.0485E+00    8.7478E+00    2.0900E-04
6.5823E+01  1.0165E-04 2.3107E+02    5.1452E-06    2.8201E-07    2.7201E+00   -5.2190E+00    9.3005E+00    2.0900E-04
6.4712E+01  1.1897E-04 2.3270E+02    5.2451E-06    3.2771E-07    2.9460E+00   -4.8698E+00    9.8831E+00    2.0900E-04
6.3603E+01  1.3907E-04 2.3434E+02    5.3338E-06    3.7716E-07    3.1922E+00   -4.7696E+00    1.0494E+01    2.0900E-04
6.2495E+01  1.6237E-04 2.3597E+02    5.4169E-06    4.3302E-07    3.4705E+00   -4.7962E+00    1.1131E+01    2.0900E-04
6.1389E+01  1.8932E-04 2.3759E+02    5.4933E-06    4.9439E-07    3.7758E+00   -4.8864E+00    1.1792E+01    2.0900E-04
6.0284E+01  2.2047E-04 2.3920E+02    5.5596E-06    5.6356E-07    4.1141E+00   -5.0102E+00    1.2477E+01    2.0900E-04
5.9182E+01  2.5643E-04 2.4080E+02    5.6157E-06    6.3993E-07    4.4785E+00   -5.1546E+00    1.3185E+01    2.0900E-04
5.8082E+01  2.9787E-04 2.4239E+02    5.6678E-06    7.2442E-07    4.8660E+00   -5.3168E+00    1.3916E+01    2.0900E-04
5.6985E+01  3.4557E-04 2.4396E+02    5.7176E-06    8.1656E-07    5.2668E+00   -5.4927E+00    1.4670E+01    2.0900E-04
5.5891E+01  4.0041E-04 2.4552E+02    5.7555E-06    9.1810E-07    5.6771E+00   -5.6754E+00    1.5448E+01    2.0900E-04
5.4799E+01  4.6336E-04 2.4708E+02    5.7992E-06    1.0280E-06    6.0813E+00   -5.8653E+00    1.6250E+01    2.0900E-04
5.3710E+01  5.3554E-04 2.4862E+02    5.8314E-06    1.1482E-06    6.4768E+00   -6.0520E+00    1.7077E+01    2.0900E-04
5.2624E+01  6.1818E-04 2.5015E+02    5.8531E-06    1.2915E-06    6.8902E+00   -6.2328E+00    1.7930E+01    2.0900E-04
5.1542E+01  7.1267E-04 2.5168E+02    5.8748E-06    1.4430E-06    7.2528E+00   -6.3875E+00    1.8809E+01    2.0900E-04
5.0463E+01  8.2058E-04 2.5320E+02    5.8964E-06    1.6167E-06    7.5848E+00   -6.5322E+00    1.9714E+01    2.0900E-04
4.9388E+01  9.4362E-04 2.5471E+02    5.9100E-06    1.8083E-06    7.8536E+00   -6.6635E+00    2.0648E+01    2.0900E-04
4.8316E+01  1.0838E-03 2.5622E+02    5.9200E-06    2.0230E-06    8.0602E+00   -6.8330E+00    2.1609E+01    2.0900E-04
4.7249E+01  1.2431E-03 2.5772E+02    5.9200E-06    2.2580E-06    8.1738E+00   -7.0782E+00    2.2600E+01    2.0900E-04
4.6185E+01  1.4242E-03 2.5931E+02    5.9180E-06    2.5150E-06    8.1813E+00   -7.3748E+00    2.3687E+01    2.0900E-04
4.5125E+01  1.6295E-03 2.6064E+02    5.9000E-06    2.8036E-06    8.0909E+00   -7.5734E+00    2.4623E+01    2.0900E-04
4.4072E+01  1.8621E-03 2.6136E+02    5.8758E-06    3.1168E-06    7.8821E+00   -7.5747E+00    2.5136E+01    2.0900E-04
4.3027E+01  2.1251E-03 2.6134E+02    5.8497E-06    3.4512E-06    7.5569E+00   -7.3783E+00    2.5123E+01    2.0900E-04
4.1994E+01  2.4223E-03 2.6061E+02    5.8026E-06    3.7918E-06    7.1239E+00   -7.0242E+00    2.4597E+01    2.0900E-04
4.0976E+01  2.7576E-03 2.5926E+02    5.7515E-06    4.1217E-06    6.6123E+00   -6.5683E+00    2.3646E+01    2.0900E-04
3.9974E+01  3.1354E-03 2.5741E+02    5.6852E-06    4.4101E-06    6.0525E+00   -6.0544E+00    2.2394E+01    2.0900E-04
3.8989E+01  3.5604E-03 2.5521E+02    5.6164E-06    4.6444E-06    5.4942E+00   -5.5246E+00    2.0962E+01    2.0900E-04
3.8024E+01  4.0379E-03 2.5276E+02    5.5340E-06    4.8364E-06    4.9825E+00   -5.0139E+00    1.9450E+01    2.0900E-04
3.7078E+01  4.5737E-03 2.5015E+02    5.4495E-06    4.9785E-06    4.5242E+00   -4.5462E+00    1.7929E+01    2.0900E-04
3.6152E+01  5.1740E-03 2.4745E+02    5.3569E-06    5.0930E-06    4.1285E+00   -4.1295E+00    1.6445E+01    2.0900E-04
3.5246E+01  5.8458E-03 2.4469E+02    5.2663E-06    5.1822E-06    3.7824E+00   -3.7696E+00    1.5030E+01    2.0900E-04
3.4359E+01  6.5965E-03 2.4193E+02    5.1692E-06    5.2438E-06    3.4715E+00   -3.4552E+00    1.3703E+01    2.0900E-04
3.3492E+01  7.4342E-03 2.3922E+02    5.0710E-06    5.2816E-06    3.1878E+00   -3.1731E+00    1.2483E+01    2.0900E-04
3.2644E+01  8.3677E-03 2.3658E+02    4.9734E-06    5.3100E-06    2.9287E+00   -2.9126E+00    1.1379E+01    2.0900E-04
3.1814E+01  9.4066E-03 2.3408E+02    4.8739E-06    5.3007E-06    2.6800E+00   -2.6672E+00    1.0398E+01    2.0900E-04
3.1001E+01  1.0561E-02 2.3175E+02    4.7764E-06    5.2576E-06    2.4421E+00   -2.4632E+00    9.5426E+00    2.0900E-04
3.0205E+01  1.1842E-02 2.2963E+02    4.6810E-06    5.1795E-06    2.2159E+00   -2.2205E+00    8.8082E+00    2.0900E-04
2.9426E+01  1.3263E-02 2.2771E+02    4.5875E-06    5.0562E-06    2.0012E+00   -1.9926E+00    8.1818E+00    2.0900E-04
2.8661E+01  1.4834E-02 2.2598E+02    4.4958E-06    4.8915E-06    1.8017E+00   -1.7820E+00    7.6480E+00    2.0900E-04
2.7910E+01  1.6571E-02 2.2443E+02    4.4058E-06    4.7041E-06    1.6229E+00   -1.5906E+00    7.1906E+00    2.0900E-04
2.7173E+01  1.8488E-02 2.2302E+02    4.3154E-06    4.4863E-06    1.4631E+00   -1.4195E+00    6.7945E+00    2.0900E-04
2.6449E+01  2.0601E-02 2.2174E+02    4.2207E-06    4.2415E-06    1.3215E+00   -1.2691E+00    6.4464E+00    2.0900E-04
2.5738E+01  2.2926E-02 2.2054E+02    4.1355E-06    3.9856E-06    1.1987E+00   -1.1389E+00    6.1354E+00    2.0900E-04
2.5038E+01  2.5482E-02 2.1942E+02    4.0517E-06    3.7194E-06    1.0912E+00   -1.0260E+00    5.8532E+00    2.0900E-04
2.4351E+01  2.8287E-02 2.1835E+02    3.9694E-06    3.4507E-06    9.9602E-01   -9.2702E-01    5.5938E+00    2.0900E-04
2.3676E+01  3.1361E-02 2.1732E+02    3.8904E-06    3.1807E-06    9.0979E-01   -8.3826E-01    5.3531E+00    2.0900E-04
2.3011E+01  3.4725E-02 2.1633E+02    3.8189E-06    2.9149E-06    8.3019E-01   -7.5681E-01    5.1022E+00    2.0900E-04
2.2359E+01  3.8402E-02 2.1538E+02    3.7407E-06    2.6549E-06    7.5516E-01   -6.8022E-01    4.7888E+00    2.0900E-04
2.1717E+01  4.2414E-02 2.1447E+02    3.6639E-06    2.4002E-06    6.8341E-01   -6.0846E-01    4.5044E+00    2.0900E-04
2.1086E+01  4.6787E-02 2.1360E+02    3.5883E-06    2.1559E-06    6.1511E-01   -5.4105E-01    4.2481E+00    2.0900E-04
2.0466E+01  5.1545E-02 2.1279E+02    3.5201E-06    1.9205E-06    5.5014E-01   -4.7798E-01    4.0194E+00    2.0900E-04
1.9856E+01  5.6716E-02 2.1204E+02    3.4511E-06    1.7021E-06    4.8970E-01   -4.1734E-01    3.8171E+00    2.0900E-04
1.9257E+01  6.2327E-02 2.1136E+02    3.3895E-06    1.4881E-06    4.3261E-01   -3.6076E-01    3.6399E+00    2.0900E-04
1.8667E+01  6.8407E-02 2.1074E+02    3.3306E-06    1.2864E-06    3.8016E-01   -3.0759E-01    3.4857E+00    2.0900E-04
1.8087E+01  7.4986E-02 2.1018E+02    3.2727E-06    1.0956E-06    3.3268E-01   -2.5905E-01    3.3521E+00    2.0900E-04
1.7517E+01  8.2093E-02 2.0968E+02    3.2206E-06    9.2727E-07    2.9168E-01   -2.1469E-01    3.2364E+00    2.0900E-04
1.6956E+01  8.9761E-02 2.0924E+02    3.1759E-06    7.7326E-07    2.5595E-01   -1.7811E-01    3.1360E+00    2.0900E-04
1.6404E+01  9.8022E-02 2.0884E+02    3.1318E-06    6.3485E-07    2.2515E-01   -1.5038E-01    3.0487E+00    2.0900E-04
1.5861E+01  1.0691E-01 2.0848E+02    3.0964E-06    5.1341E-07    1.9798E-01   -1.0258E-01    2.9722E+00    2.0900E-04
1.5326E+01  1.1645E-01 2.0817E+02    3.0644E-06    4.0882E-07    1.7490E-01   -8.7636E-02    2.9063E+00    2.0900E-04
1.4801E+01  1.2669E-01 2.0791E+02    3.0420E-06    3.2214E-07    1.5598E-01   -7.9239E-02    2.8530E+00    2.0900E-04
1.4284E+01  1.3765E-01 2.0773E+02    3.0213E-06    2.5099E-07    1.4047E-01   -7.5595E-02    2.8158E+00    2.0900E-04
1.3775E+01  1.4937E-01 2.0765E+02    3.0010E-06    1.9157E-07    1.2760E-01   -7.5791E-02    2.7986E+00    2.0900E-04
1.3275E+01  1.6189E-01 2.0768E+02    2.9905E-06    1.4407E-07    1.1734E-01   -7.7265E-02    2.8055E+00    2.0900E-04
1.2781E+01  1.7524E-01 2.0785E+02    2.9807E-06    1.1283E-07    1.1005E-01   -7.4833E-02    2.8399E+00    2.0900E-04
1.2296E+01  1.8944E-01 2.0817E+02    2.9981E-06    9.1930E-08    1.0527E-01   -7.1983E-02    2.9053E+00    2.0900E-04
1.1817E+01  2.0454E-01 2.0852E+02    3.6513E-06    7.6254E-08    1.0474E-01   -7.7783E-02    2.9796E+00    2.0900E-04
1.1346E+01  2.2057E-01 2.0908E+02    4.1429E-06    6.4750E-08    1.0438E-01   -6.9523E-02    3.1002E+00    2.0900E-04
1.0881E+01  2.3755E-01 2.0973E+02    4.8259E-06    5.7786E-08    1.0494E-01   -4.7634E-02    3.2465E+00    2.0900E-04
1.0422E+01  2.5552E-01 2.1073E+02    5.5503E-06    5.3546E-08    1.0811E-01   -2.6809E-02    3.4847E+00    2.0900E-04
9.9677E+00  2.7450E-01 2.1267E+02    7.2736E-06    5.0457E-08    1.1611E-01   -1.6711E-01    3.9840E+00    2.0900E-04
9.5151E+00  2.9451E-01 2.1703E+02    1.3070E-05    4.7790E-08    1.4268E-01   -5.4187E-01    5.2876E+00    2.0900E-04
9.0616E+00  3.1559E-01 2.2139E+02    2.2898E-05    4.5325E-08    1.8261E-01   -9.4112E-01    6.3546E+00    2.0900E-04
8.6076E+00  3.3775E-01 2.2571E+02    3.9106E-05    4.2965E-08    2.3515E-01   -1.3445E+00    7.5675E+00    2.0900E-04
8.1536E+00  3.6101E-01 2.2999E+02    6.5091E-05    4.0606E-08    2.9787E-01   -1.7069E+00    8.9306E+00    2.0900E-04
7.7000E+00  3.8539E-01 2.3420E+02    1.0550E-04    3.8270E-08    3.6544E-01   -1.9825E+00    1.0442E+01    2.0900E-04
7.2471E+00  4.1090E-01 2.3831E+02    1.6638E-04    3.6102E-08    4.3574E-01   -2.1669E+00    1.2096E+01    2.0900E-04
6.7956E+00  4.3754E-01 2.4231E+02    2.5506E-04    3.3926E-08    5.1180E-01   -2.2856E+00    1.3878E+01    2.0900E-04
6.3460E+00  4.6532E-01 2.4615E+02    3.7991E-04    3.1841E-08    5.8848E-01   -2.3267E+00    1.5770E+01    2.0900E-04
5.8989E+00  4.9425E-01 2.4983E+02    5.4980E-04    2.9849E-08    6.5169E-01   -2.3261E+00    1.7750E+01    2.0900E-04
5.4548E+00  5.2431E-01 2.5333E+02    7.7354E-04    2.7890E-08    6.9590E-01   -2.3033E+00    1.9796E+01    2.0900E-04
5.0143E+00  5.5549E-01 2.5664E+02    1.0593E-03    2.5997E-08    7.2795E-01   -2.2826E+00    2.1885E+01    2.0900E-04
4.5780E+00  5.8779E-01 2.5976E+02    1.4141E-03    2.4200E-08    7.5391E-01   -2.2350E+00    2.3997E+01    2.0900E-04
4.1465E+00  6.2119E-01 2.6269E+02    1.8441E-03    2.2499E-08    7.7304E-01   -2.1702E+00    2.6116E+01    2.0900E-04
3.7202E+00  6.5565E-01 2.6545E+02    2.3540E-03    2.0893E-08    7.8258E-01   -2.1013E+00    2.8230E+01    2.0900E-04
3.2995E+00  6.9116E-01 2.6804E+02    2.9473E-03    1.9376E-08    7.8314E-01   -2.0017E+00    3.0328E+01    2.0900E-04
2.8851E+00  7.2767E-01 2.7047E+02    3.6269E-03    1.8022E-08    7.7784E-01   -1.8466E+00    3.2404E+01    2.0900E-04
2.4772E+00  7.6514E-01 2.7276E+02    4.3944E-03    1.6824E-08    7.6943E-01   -1.6975E+00    3.4452E+01    2.0900E-04
2.0760E+00  8.0353E-01 2.7514E+02    5.3239E-03    1.5737E-08    7.6367E-01   -1.6090E+00    3.6679E+01    2.0900E-04
1.6818E+00  8.4278E-01 2.7742E+02    6.2169E-03    1.4746E-08    7.4215E-01   -1.5229E+00    3.8908E+01    2.0900E-04
1.2948E+00  8.8284E-01 2.7960E+02    7.2793E-03    1.3896E-08    7.2803E-01   -1.5271E+00    4.1142E+01    2.0900E-04
9.1528E-01  9.2364E-01 2.8167E+02    8.3853E-03    1.3260E-08    7.1530E-01   -1.5964E+00    4.3345E+01    2.0900E-04
5.4363E-01  9.6510E-01 2.8365E+02    9.5364E-03    1.2707E-08    7.1145E-01   -1.7938E+00    4.5536E+01    2.0900E-04
1.8005E-01  1.0072E+00 2.8553E+02    1.0890E-02    1.2205E-08    7.3079E-01   -2.0438E+00    4.7699E+01    2.0900E-04
0.0000E+00  1.0285E+00 2.8647E+02    1.1569E-02    1.2300E-08    7.9158E+00   -3.5120E+00    4.8811E+01    2.0900E-04
