     ALT          P          T          FH2O           O3           THEAT        TCOOL        PSATCO2        FCO2
7.1729E+01  3.2610E-05 2.1888E+02    2.6783E-06    1.2964E-07    3.6323E+01   -5.9951E+01    5.7206E+00    2.0500E-04
7.0615E+01  3.8507E-05 2.2021E+02    2.7937E-06    1.5724E-07    5.5247E+00   -3.9384E+01    6.0517E+00    2.0500E-04
6.9504E+01  4.5414E-05 2.2161E+02    2.9013E-06    1.9420E-07    2.7172E+00   -2.5038E+01    6.4118E+00    2.0500E-04
6.8394E+01  5.3491E-05 2.2306E+02    2.9984E-06    2.4249E-07    2.6385E+00   -1.5655E+01    6.8049E+00    2.0500E-04
6.7285E+01  6.2926E-05 2.2457E+02    3.0860E-06    3.0242E-07    2.9067E+00   -9.9572E+00    7.2317E+00    2.0500E-04
6.6178E+01  7.3931E-05 2.2612E+02    3.1604E-06    3.6845E-07    3.2331E+00   -6.7388E+00    7.6911E+00    2.0500E-04
6.5073E+01  8.6752E-05 2.2771E+02    3.2294E-06    4.3730E-07    3.5742E+00   -5.0552E+00    8.1820E+00    2.0500E-04
6.3969E+01  1.0167E-04 2.2931E+02    3.2885E-06    5.0632E-07    3.9147E+00   -4.2554E+00    8.7026E+00    2.0500E-04
6.2866E+01  1.1900E-04 2.3093E+02    3.3477E-06    5.7661E-07    4.2690E+00   -3.9500E+00    9.2512E+00    2.0500E-04
6.1765E+01  1.3911E-04 2.3254E+02    3.3970E-06    6.5246E-07    4.6468E+00   -3.9024E+00    9.8259E+00    2.0500E-04
6.0666E+01  1.6241E-04 2.3415E+02    3.4410E-06    7.3633E-07    5.0586E+00   -3.9896E+00    1.0425E+01    2.0500E-04
5.9568E+01  1.8938E-04 2.3576E+02    3.4806E-06    8.3006E-07    5.5080E+00   -4.1508E+00    1.1047E+01    2.0500E-04
5.8472E+01  2.2054E-04 2.3735E+02    3.5202E-06    9.3412E-07    5.9900E+00   -4.3590E+00    1.1691E+01    2.0500E-04
5.7379E+01  2.5652E-04 2.3892E+02    3.5498E-06    1.0490E-06    6.4987E+00   -4.5965E+00    1.2356E+01    2.0500E-04
5.6287E+01  2.9798E-04 2.4049E+02    3.5794E-06    1.1824E-06    7.0503E+00   -4.8620E+00    1.3042E+01    2.0500E-04
5.5199E+01  3.4571E-04 2.4203E+02    3.6045E-06    1.3253E-06    7.5941E+00   -5.1446E+00    1.3750E+01    2.0500E-04
5.4113E+01  4.0058E-04 2.4357E+02    3.6242E-06    1.4876E-06    8.1479E+00   -5.4410E+00    1.4479E+01    2.0500E-04
5.3030E+01  4.6357E-04 2.4510E+02    3.6440E-06    1.6730E-06    8.7039E+00   -5.7472E+00    1.5231E+01    2.0500E-04
5.1950E+01  5.3579E-04 2.4661E+02    3.6537E-06    1.8834E-06    9.2433E+00   -6.0522E+00    1.6006E+01    2.0500E-04
5.0873E+01  6.1849E-04 2.4812E+02    3.6600E-06    2.1360E-06    9.7878E+00   -6.3560E+00    1.6804E+01    2.0500E-04
4.9800E+01  7.1304E-04 2.4961E+02    3.6700E-06    2.4268E-06    1.0283E+01   -6.6518E+00    1.7627E+01    2.0500E-04
4.8730E+01  8.2102E-04 2.5110E+02    3.6674E-06    2.7702E-06    1.0729E+01   -6.9253E+00    1.8474E+01    2.0500E-04
4.7663E+01  9.4416E-04 2.5259E+02    3.6579E-06    3.1874E-06    1.1122E+01   -7.1873E+00    1.9347E+01    2.0500E-04
4.6600E+01  1.0844E-03 2.5407E+02    3.6484E-06    3.6752E-06    1.1400E+01   -7.5632E+00    2.0247E+01    2.0500E-04
4.5542E+01  1.2439E-03 2.5566E+02    3.6190E-06    4.2763E-06    1.1581E+01   -8.0334E+00    2.1251E+01    2.0500E-04
4.4487E+01  1.4251E-03 2.5695E+02    3.5892E-06    5.0381E-06    1.1654E+01   -8.4017E+00    2.2091E+01    2.0500E-04
4.3438E+01  1.6305E-03 2.5742E+02    3.5508E-06    5.9882E-06    1.1554E+01   -8.4857E+00    2.2403E+01    2.0500E-04
4.2400E+01  1.8633E-03 2.5683E+02    3.4943E-06    7.0526E-06    1.1151E+01   -8.2065E+00    2.2007E+01    2.0500E-04
4.1377E+01  2.1266E-03 2.5514E+02    3.4385E-06    8.1035E-06    1.0429E+01   -7.5995E+00    2.0919E+01    2.0500E-04
4.0373E+01  2.4241E-03 2.5251E+02    3.3682E-06    8.9601E-06    9.4708E+00   -6.7588E+00    1.9302E+01    2.0500E-04
3.9390E+01  2.7597E-03 2.4917E+02    3.2968E-06    9.5317E-06    8.4428E+00   -5.8142E+00    1.7382E+01    2.0500E-04
3.8430E+01  3.1378E-03 2.4538E+02    3.2163E-06    9.8137E-06    7.4604E+00   -4.8790E+00    1.5374E+01    2.0500E-04
3.7496E+01  3.5632E-03 2.4136E+02    3.1387E-06    9.8444E-06    6.5655E+00   -4.0408E+00    1.3437E+01    2.0500E-04
3.6586E+01  4.0412E-03 2.3729E+02    3.0573E-06    9.7110E-06    5.7772E+00   -3.3318E+00    1.1667E+01    2.0500E-04
3.5701E+01  4.5775E-03 2.3332E+02    2.9755E-06    9.4639E-06    5.0873E+00   -2.7578E+00    1.0111E+01    2.0500E-04
3.4839E+01  5.1784E-03 2.2954E+02    2.8953E-06    9.1540E-06    4.4897E+00   -2.3103E+00    8.7777E+00    2.0500E-04
3.4000E+01  5.8509E-03 2.2601E+02    2.8139E-06    8.8054E-06    3.9730E+00   -1.9708E+00    7.6559E+00    2.0500E-04
3.3183E+01  6.6024E-03 2.2277E+02    2.7294E-06    8.4348E-06    3.5272E+00   -1.7152E+00    6.7243E+00    2.0500E-04
3.2385E+01  7.4410E-03 2.1984E+02    2.6535E-06    8.0571E-06    3.1436E+00   -1.5201E+00    5.9583E+00    2.0500E-04
3.1605E+01  8.3755E-03 2.1724E+02    2.5790E-06    7.6765E-06    2.8117E+00   -1.3654E+00    5.3338E+00    2.0500E-04
3.0843E+01  9.4155E-03 2.1496E+02    2.5057E-06    7.2823E-06    2.5196E+00   -1.2378E+00    4.6544E+00    2.0500E-04
3.0096E+01  1.0571E-02 2.1299E+02    2.4409E-06    6.8785E-06    2.2603E+00   -1.1307E+00    4.0743E+00    2.0500E-04
2.9364E+01  1.1854E-02 2.1133E+02    2.3728E-06    6.4676E-06    2.0286E+00   -1.0021E+00    3.6321E+00    2.0500E-04
2.8645E+01  1.3276E-02 2.0993E+02    2.3083E-06    6.0616E-06    1.8224E+00   -8.8505E-01    3.2929E+00    2.0500E-04
2.7939E+01  1.4849E-02 2.0875E+02    2.2441E-06    5.6544E-06    1.6374E+00   -7.7975E-01    3.0302E+00    2.0500E-04
2.7245E+01  1.6588E-02 2.0777E+02    2.1862E-06    5.2463E-06    1.4717E+00   -6.8673E-01    2.8244E+00    2.0500E-04
2.6562E+01  1.8508E-02 2.0695E+02    2.1255E-06    4.8445E-06    1.3249E+00   -6.0571E-01    2.6610E+00    2.0500E-04
2.5889E+01  2.0623E-02 2.0625E+02    2.0634E-06    4.4594E-06    1.1972E+00   -5.3628E-01    2.5293E+00    2.0500E-04
2.5226E+01  2.2951E-02 2.0565E+02    2.0106E-06    4.0954E-06    1.0872E+00   -4.7803E-01    2.4208E+00    2.0500E-04
2.4573E+01  2.5510E-02 2.0513E+02    1.9592E-06    3.7477E-06    9.9110E-01   -4.2925E-01    2.3294E+00    2.0500E-04
2.3929E+01  2.8319E-02 2.0467E+02    1.9085E-06    3.4141E-06    9.0568E-01   -3.8782E-01    2.2503E+00    2.0500E-04
2.3295E+01  3.1397E-02 2.0424E+02    1.8585E-06    3.1009E-06    8.2891E-01   -3.5092E-01    2.1802E+00    2.0500E-04
2.2670E+01  3.4765E-02 2.0384E+02    1.8091E-06    2.8058E-06    7.5808E-01   -3.1643E-01    2.1167E+00    2.0500E-04
2.2053E+01  3.8447E-02 2.0347E+02    1.7603E-06    2.5301E-06    6.9151E-01   -2.8289E-01    2.0586E+00    2.0500E-04
2.1446E+01  4.2465E-02 2.0312E+02    1.7123E-06    2.2661E-06    6.2722E-01   -2.5044E-01    2.0053E+00    2.0500E-04
2.0848E+01  4.6844E-02 2.0280E+02    1.6650E-06    2.0241E-06    5.6617E-01   -2.1791E-01    1.9567E+00    2.0500E-04
2.0258E+01  5.1609E-02 2.0250E+02    1.6183E-06    1.7915E-06    5.0691E-01   -1.8679E-01    1.9132E+00    2.0500E-04
1.9677E+01  5.6787E-02 2.0224E+02    1.5741E-06    1.5733E-06    4.5056E-01   -1.5667E-01    1.8754E+00    2.0500E-04
1.9104E+01  6.2406E-02 2.0202E+02    1.5367E-06    1.3714E-06    3.9812E-01   -1.2714E-01    1.8437E+00    2.0500E-04
1.8539E+01  6.8495E-02 2.0183E+02    1.4964E-06    1.1852E-06    3.5006E-01   -9.7768E-02    1.8182E+00    2.0500E-04
1.7983E+01  7.5083E-02 2.0169E+02    1.4633E-06    1.0140E-06    3.0682E-01   -6.9820E-02    1.7984E+00    2.0500E-04
1.7435E+01  8.2200E-02 2.0158E+02    1.4306E-06    8.5866E-07    2.6869E-01   -4.4096E-02    1.7839E+00    2.0500E-04
1.6895E+01  8.9880E-02 2.0151E+02    1.4056E-06    7.1718E-07    2.3544E-01   -2.3331E-02    1.7740E+00    2.0500E-04
1.6362E+01  9.8152E-02 2.0147E+02    1.3844E-06    5.9030E-07    2.0688E-01   -8.4994E-03    1.7684E+00    2.0500E-04
1.5838E+01  1.0705E-01 2.0145E+02    1.3636E-06    4.7924E-07    1.8180E-01    3.7594E-02    1.7657E+00    2.0500E-04
1.5321E+01  1.1661E-01 2.0146E+02    1.3430E-06    3.8361E-07    1.6066E-01    4.3183E-02    1.7672E+00    2.0500E-04
1.4812E+01  1.2686E-01 2.0152E+02    1.3228E-06    3.0458E-07    1.4340E-01    4.4081E-02    1.7754E+00    2.0500E-04
1.4310E+01  1.3784E-01 2.0165E+02    1.3114E-06    2.3912E-07    1.2925E-01    4.0895E-02    1.7934E+00    2.0500E-04
1.3816E+01  1.4958E-01 2.0185E+02    1.3016E-06    1.8459E-07    1.1759E-01    3.7940E-02    1.8211E+00    2.0500E-04
1.3328E+01  1.6212E-01 2.0217E+02    1.3000E-06    1.4119E-07    1.0846E-01    3.4273E-02    1.8649E+00    2.0500E-04
1.2848E+01  1.7549E-01 2.0257E+02    1.5396E-06    1.1110E-07    1.0351E-01    2.6713E-02    1.9235E+00    2.0500E-04
1.2374E+01  1.8972E-01 2.0314E+02    1.7418E-06    9.1019E-08    1.0068E-01    3.8620E-02    2.0069E+00    2.0500E-04
1.1906E+01  2.0484E-01 2.0376E+02    2.0180E-06    7.6148E-08    9.8528E-02    7.1799E-02    2.1028E+00    2.0500E-04
1.1444E+01  2.2089E-01 2.0502E+02    2.4397E-06    6.4781E-08    9.9057E-02    5.7524E-03    2.3111E+00    2.0500E-04
1.0985E+01  2.3790E-01 2.0828E+02    3.9196E-06    5.7131E-08    1.0723E-01   -1.3330E-01    2.9285E+00    2.0500E-04
1.0527E+01  2.5590E-01 2.1108E+02    5.8333E-06    5.2444E-08    1.1890E-01   -2.9713E-01    3.5703E+00    2.0500E-04
1.0069E+01  2.7491E-01 2.1550E+02    1.0653E-05    4.9220E-08    1.4531E-01   -6.5219E-01    4.8290E+00    2.0500E-04
9.6104E+00  2.9496E-01 2.1992E+02    1.8961E-05    4.6537E-08    1.8307E-01   -1.0270E+00    5.9778E+00    2.0500E-04
9.1507E+00  3.1607E-01 2.2431E+02    3.2884E-05    4.4084E-08    2.3183E-01   -1.4002E+00    7.1564E+00    2.0500E-04
8.6905E+00  3.3827E-01 2.2866E+02    5.5548E-05    4.1780E-08    2.9119E-01   -1.7503E+00    8.4877E+00    2.0500E-04
8.2303E+00  3.6157E-01 2.3294E+02    9.1327E-05    3.9480E-08    3.5762E-01   -2.0394E+00    9.9721E+00    2.0500E-04
7.7706E+00  3.8599E-01 2.3714E+02    1.4600E-04    3.7356E-08    4.2624E-01   -2.2355E+00    1.1604E+01    2.0500E-04
7.3119E+00  4.1154E-01 2.4121E+02    2.2673E-04    3.5150E-08    4.9931E-01   -2.3652E+00    1.3370E+01    2.0500E-04
6.8548E+00  4.3823E-01 2.4514E+02    3.4182E-04    3.3100E-08    5.7735E-01   -2.4251E+00    1.5253E+01    2.0500E-04
6.3998E+00  4.6606E-01 2.4890E+02    5.0020E-04    3.1090E-08    6.4737E-01   -2.4254E+00    1.7231E+01    2.0500E-04
5.9475E+00  4.9504E-01 2.5248E+02    7.1083E-04    2.9092E-08    6.9796E-01   -2.3988E+00    1.9280E+01    2.0500E-04
5.4985E+00  5.2515E-01 2.5586E+02    9.8211E-04    2.7160E-08    7.3252E-01   -2.3738E+00    2.1376E+01    2.0500E-04
5.0535E+00  5.5639E-01 2.5904E+02    1.3215E-03    2.5326E-08    7.5944E-01   -2.3315E+00    2.3498E+01    2.0500E-04
4.6130E+00  5.8875E-01 2.6203E+02    1.7352E-03    2.3591E-08    7.8056E-01   -2.2625E+00    2.5630E+01    2.0500E-04
4.1775E+00  6.2221E-01 2.6484E+02    2.2283E-03    2.1952E-08    7.9289E-01   -2.1901E+00    2.7757E+01    2.0500E-04
3.7474E+00  6.5673E-01 2.6748E+02    2.8049E-03    2.0410E-08    7.9532E-01   -2.0995E+00    2.9870E+01    2.0500E-04
3.3234E+00  6.9230E-01 2.6996E+02    3.4679E-03    1.8956E-08    7.9051E-01   -1.9554E+00    3.1963E+01    2.0500E-04
2.9057E+00  7.2888E-01 2.7230E+02    4.2195E-03    1.7596E-08    7.8198E-01   -1.7967E+00    3.4030E+01    2.0500E-04
2.4947E+00  7.6642E-01 2.7467E+02    5.1288E-03    1.6380E-08    7.7589E-01   -1.6837E+00    3.6230E+01    2.0500E-04
2.0904E+00  8.0488E-01 2.7699E+02    6.0362E-03    1.5347E-08    7.5532E-01   -1.5763E+00    3.8482E+01    2.0500E-04
1.6932E+00  8.4421E-01 2.7921E+02    7.0576E-03    1.4488E-08    7.3607E-01   -1.5374E+00    4.0739E+01    2.0500E-04
1.3034E+00  8.8434E-01 2.8132E+02    8.1827E-03    1.3707E-08    7.1961E-01   -1.5680E+00    4.2972E+01    2.0500E-04
9.2133E-01  9.2521E-01 2.8334E+02    9.2939E-03    1.3004E-08    7.0497E-01   -1.6599E+00    4.5190E+01    2.0500E-04
5.4717E-01  9.6675E-01 2.8527E+02    1.0674E-02    1.2454E-08    7.1158E-01   -1.9113E+00    4.7390E+01    2.0500E-04
1.8120E-01  1.0089E+00 2.8710E+02    1.1989E-02    1.2020E-08    7.2601E-01   -2.1395E+00    4.9556E+01    2.0500E-04
0.0000E+00  1.0303E+00 2.8802E+02    1.2651E-02    1.2100E-08    7.8466E+00   -3.3872E+00    5.0676E+01    2.0500E-04
