     ALT          P          T          FH2O           O3           THEAT        TCOOL        PSATCO2        FCO2
7.3632E+01  3.2610E-05 2.1990E+02    4.7378E-06    5.6896E-08    3.6042E+01   -6.3460E+01    5.9725E+00    2.0700E-04
7.2514E+01  3.8505E-05 2.2124E+02    5.0015E-06    7.0597E-08    5.0449E+00   -4.1954E+01    6.3160E+00    2.0700E-04
7.1398E+01  4.5410E-05 2.2264E+02    5.2302E-06    8.9779E-08    2.1837E+00   -2.7078E+01    6.6899E+00    2.0700E-04
7.0283E+01  5.3485E-05 2.2411E+02    5.4439E-06    1.1608E-07    1.9922E+00   -1.7410E+01    7.0985E+00    2.0700E-04
6.9170E+01  6.2916E-05 2.2563E+02    5.6327E-06    1.4844E-07    2.1095E+00   -1.1553E+01    7.5423E+00    2.0700E-04
6.8058E+01  7.3918E-05 2.2720E+02    5.7967E-06    1.8568E-07    2.2764E+00   -8.2500E+00    8.0205E+00    2.0700E-04
6.6948E+01  8.6733E-05 2.2879E+02    5.9521E-06    2.2627E-07    2.4623E+00   -6.4981E+00    8.5316E+00    2.0700E-04
6.5839E+01  1.0164E-04 2.3041E+02    6.0892E-06    2.6750E-07    2.6542E+00   -5.6226E+00    9.0740E+00    2.0700E-04
6.4731E+01  1.1897E-04 2.3204E+02    6.2018E-06    3.1174E-07    2.8719E+00   -5.2291E+00    9.6458E+00    2.0700E-04
6.3625E+01  1.3906E-04 2.3368E+02    6.3124E-06    3.5982E-07    3.1113E+00   -5.0908E+00    1.0245E+01    2.0700E-04
6.2521E+01  1.6235E-04 2.3531E+02    6.4083E-06    4.1369E-07    3.3803E+00   -5.0746E+00    1.0871E+01    2.0700E-04
6.1418E+01  1.8931E-04 2.3693E+02    6.4965E-06    4.7402E-07    3.6804E+00   -5.1210E+00    1.1521E+01    2.0700E-04
6.0318E+01  2.2045E-04 2.3855E+02    6.5746E-06    5.4068E-07    4.0081E+00   -5.2009E+00    1.2195E+01    2.0700E-04
5.9219E+01  2.5640E-04 2.4015E+02    6.6418E-06    6.1521E-07    4.3653E+00   -5.3014E+00    1.2891E+01    2.0700E-04
5.8123E+01  2.9784E-04 2.4174E+02    6.7051E-06    6.9771E-07    4.7463E+00   -5.4196E+00    1.3611E+01    2.0700E-04
5.7029E+01  3.4554E-04 2.4331E+02    6.7588E-06    7.8772E-07    5.1409E+00   -5.5501E+00    1.4353E+01    2.0700E-04
5.5938E+01  4.0037E-04 2.4487E+02    6.8087E-06    8.8605E-07    5.5450E+00   -5.6919E+00    1.5119E+01    2.0700E-04
5.4849E+01  4.6331E-04 2.4642E+02    6.8560E-06    9.9862E-07    5.9682E+00   -5.8430E+00    1.5909E+01    2.0700E-04
5.3764E+01  5.3548E-04 2.4797E+02    6.8894E-06    1.1183E-06    6.3683E+00   -5.9931E+00    1.6724E+01    2.0700E-04
5.2681E+01  6.1810E-04 2.4950E+02    6.9227E-06    1.2494E-06    6.7468E+00   -6.1418E+00    1.7564E+01    2.0700E-04
5.1602E+01  7.1258E-04 2.5103E+02    6.9530E-06    1.4003E-06    7.1183E+00   -6.2750E+00    1.8429E+01    2.0700E-04
5.0527E+01  8.2047E-04 2.5254E+02    6.9745E-06    1.5696E-06    7.4560E+00   -6.3948E+00    1.9321E+01    2.0700E-04
4.9455E+01  9.4350E-04 2.5406E+02    6.9959E-06    1.7626E-06    7.7518E+00   -6.5105E+00    2.0241E+01    2.0700E-04
4.8386E+01  1.0836E-03 2.5556E+02    7.0100E-06    1.9794E-06    7.9873E+00   -6.6668E+00    2.1187E+01    2.0700E-04
4.7322E+01  1.2430E-03 2.5706E+02    7.0200E-06    2.2139E-06    8.1199E+00   -6.8941E+00    2.2163E+01    2.0700E-04
4.6261E+01  1.4239E-03 2.5863E+02    7.0200E-06    2.4673E-06    8.1373E+00   -7.1845E+00    2.3219E+01    2.0700E-04
4.5204E+01  1.6292E-03 2.6003E+02    7.0091E-06    2.7534E-06    8.0611E+00   -7.4203E+00    2.4185E+01    2.0700E-04
4.4154E+01  1.8617E-03 2.6087E+02    6.9881E-06    3.0684E-06    7.8721E+00   -7.4791E+00    2.4783E+01    2.0700E-04
4.3111E+01  2.1248E-03 2.6098E+02    6.9644E-06    3.3965E-06    7.5518E+00   -7.3304E+00    2.4863E+01    2.0700E-04
4.2080E+01  2.4219E-03 2.6036E+02    6.9232E-06    3.7437E-06    7.1369E+00   -7.0129E+00    2.4419E+01    2.0700E-04
4.1063E+01  2.7571E-03 2.5909E+02    6.8787E-06    4.0693E-06    6.6248E+00   -6.5774E+00    2.3530E+01    2.0700E-04
4.0062E+01  3.1348E-03 2.5730E+02    6.8187E-06    4.3623E-06    6.0703E+00   -6.0770E+00    2.2321E+01    2.0700E-04
3.9078E+01  3.5597E-03 2.5514E+02    6.7462E-06    4.6110E-06    5.5202E+00   -5.5553E+00    2.0917E+01    2.0700E-04
3.8114E+01  4.0371E-03 2.5271E+02    6.6690E-06    4.8045E-06    5.0041E+00   -5.0471E+00    1.9423E+01    2.0700E-04
3.7168E+01  4.5728E-03 2.5012E+02    6.5918E-06    4.9614E-06    4.5489E+00   -4.5812E+00    1.7913E+01    2.0700E-04
3.6243E+01  5.1730E-03 2.4743E+02    6.4992E-06    5.0808E-06    4.1497E+00   -4.1631E+00    1.6439E+01    2.0700E-04
3.5337E+01  5.8446E-03 2.4469E+02    6.4086E-06    5.1631E-06    3.7959E+00   -3.8010E+00    1.5031E+01    2.0700E-04
3.4450E+01  6.5951E-03 2.4196E+02    6.3139E-06    5.2340E-06    3.4861E+00   -3.4873E+00    1.3714E+01    2.0700E-04
3.3583E+01  7.4326E-03 2.3926E+02    6.2199E-06    5.2767E-06    3.2025E+00   -3.2067E+00    1.2503E+01    2.0700E-04
3.2735E+01  8.3659E-03 2.3666E+02    6.1182E-06    5.3100E-06    2.9430E+00   -2.9479E+00    1.1410E+01    2.0700E-04
3.1905E+01  9.4045E-03 2.3420E+02    6.0254E-06    5.2962E-06    2.6915E+00   -2.7047E+00    1.0442E+01    2.0700E-04
3.1092E+01  1.0559E-02 2.3192E+02    5.9310E-06    5.2573E-06    2.4535E+00   -2.5020E+00    9.6007E+00    2.0700E-04
3.0296E+01  1.1840E-02 2.2985E+02    5.8355E-06    5.1755E-06    2.2255E+00   -2.2619E+00    8.8813E+00    2.0700E-04
2.9516E+01  1.3259E-02 2.2799E+02    5.7318E-06    5.0576E-06    2.0114E+00   -2.0363E+00    8.2707E+00    2.0700E-04
2.8750E+01  1.4831E-02 2.2633E+02    5.6400E-06    4.8999E-06    1.8127E+00   -1.8287E+00    7.7531E+00    2.0700E-04
2.7999E+01  1.6567E-02 2.2485E+02    5.5497E-06    4.7041E-06    1.6311E+00   -1.6401E+00    7.3124E+00    2.0700E-04
2.7260E+01  1.8483E-02 2.2352E+02    5.4612E-06    4.4831E-06    1.4699E+00   -1.4723E+00    6.9334E+00    2.0700E-04
2.6535E+01  2.0596E-02 2.2232E+02    5.3740E-06    4.2414E-06    1.3285E+00   -1.3255E+00    6.6028E+00    2.0700E-04
2.5822E+01  2.2920E-02 2.2122E+02    5.2885E-06    3.9851E-06    1.2052E+00   -1.1987E+00    6.3094E+00    2.0700E-04
2.5121E+01  2.5475E-02 2.2019E+02    5.2043E-06    3.7169E-06    1.0968E+00   -1.0894E+00    6.0446E+00    2.0700E-04
2.4431E+01  2.8279E-02 2.1921E+02    5.1151E-06    3.4473E-06    1.0013E+00   -9.9335E-01    5.8019E+00    2.0700E-04
2.3753E+01  3.1352E-02 2.1828E+02    5.0303E-06    3.1809E-06    9.1545E-01   -9.0722E-01    5.5770E+00    2.0700E-04
2.3086E+01  3.4715E-02 2.1738E+02    4.9502E-06    2.9126E-06    8.3533E-01   -8.2821E-01    5.3671E+00    2.0700E-04
2.2430E+01  3.8391E-02 2.1652E+02    4.8714E-06    2.6501E-06    7.5980E-01   -7.5427E-01    5.1662E+00    2.0700E-04
2.1785E+01  4.2402E-02 2.1570E+02    4.7941E-06    2.3933E-06    6.8770E-01   -6.8483E-01    4.8908E+00    2.0700E-04
2.1151E+01  4.6773E-02 2.1491E+02    4.7180E-06    2.1507E-06    6.1952E-01   -6.1912E-01    4.6414E+00    2.0700E-04
2.0527E+01  5.1530E-02 2.1418E+02    4.6476E-06    1.9126E-06    5.5405E-01   -5.5789E-01    4.4181E+00    2.0700E-04
1.9913E+01  5.6699E-02 2.1351E+02    4.5794E-06    1.6935E-06    4.9339E-01   -4.9894E-01    4.2207E+00    2.0700E-04
1.9310E+01  6.2309E-02 2.1290E+02    4.5071E-06    1.4802E-06    4.3622E-01   -4.4309E-01    4.0484E+00    2.0700E-04
1.8716E+01  6.8386E-02 2.1235E+02    4.4465E-06    1.2782E-06    3.8368E-01   -3.9079E-01    3.8994E+00    2.0700E-04
1.8132E+01  7.4963E-02 2.1187E+02    4.3881E-06    1.0926E-06    3.3684E-01   -3.4151E-01    3.7714E+00    2.0700E-04
1.7557E+01  8.2068E-02 2.1144E+02    4.3306E-06    9.2419E-07    2.9578E-01   -2.9636E-01    3.6613E+00    2.0700E-04
1.6991E+01  8.9733E-02 2.1106E+02    4.2792E-06    7.7140E-07    2.6013E-01   -2.5792E-01    3.5663E+00    2.0700E-04
1.6435E+01  9.7990E-02 2.1073E+02    4.2347E-06    6.3361E-07    2.2936E-01   -2.2801E-01    3.4837E+00    2.0700E-04
1.5887E+01  1.0687E-01 2.1043E+02    4.1982E-06    5.1208E-07    2.0205E-01   -1.7999E-01    3.4111E+00    2.0700E-04
1.5348E+01  1.1641E-01 2.1016E+02    4.1658E-06    4.0774E-07    1.7890E-01   -1.6102E-01    3.3476E+00    2.0700E-04
1.4818E+01  1.2665E-01 2.0994E+02    4.1340E-06    3.2069E-07    1.5982E-01   -1.4840E-01    3.2954E+00    2.0700E-04
1.4296E+01  1.3761E-01 2.0978E+02    4.1118E-06    2.5035E-07    1.4434E-01   -1.4062E-01    3.2578E+00    2.0700E-04
1.3782E+01  1.4932E-01 2.0970E+02    4.1006E-06    1.9024E-07    1.3138E-01   -1.3808E-01    3.2395E+00    2.0700E-04
1.3277E+01  1.6184E-01 2.0972E+02    4.0811E-06    1.4312E-07    1.2108E-01   -1.3604E-01    3.2448E+00    2.0700E-04
1.2779E+01  1.7518E-01 2.0986E+02    4.0800E-06    1.1158E-07    1.1374E-01   -1.3120E-01    3.2776E+00    2.0700E-04
1.2289E+01  1.8938E-01 2.1012E+02    4.0708E-06    9.1034E-08    1.0860E-01   -1.2200E-01    3.3383E+00    2.0700E-04
1.1806E+01  2.0447E-01 2.1050E+02    4.2472E-06    7.5418E-08    1.0573E-01   -1.1856E-01    3.4286E+00    2.0700E-04
1.1330E+01  2.2049E-01 2.1096E+02    5.1866E-06    6.3928E-08    1.0715E-01   -1.3010E-01    3.5411E+00    2.0700E-04
1.0862E+01  2.3747E-01 2.1151E+02    5.8650E-06    5.7165E-08    1.0936E-01   -1.1113E-01    3.6789E+00    2.0700E-04
1.0399E+01  2.5543E-01 2.1209E+02    6.7024E-06    5.3107E-08    1.1028E-01   -5.5193E-02    3.8293E+00    2.0700E-04
9.9435E+00  2.7440E-01 2.1330E+02    7.9250E-06    5.0077E-08    1.1490E-01   -9.7840E-02    4.1600E+00    2.0700E-04
9.4911E+00  2.9441E-01 2.1643E+02    1.2076E-05    4.7482E-08    1.3271E-01   -3.5792E-01    5.1344E+00    2.0700E-04
9.0391E+00  3.1548E-01 2.2077E+02    2.1190E-05    4.5084E-08    1.6881E-01   -7.6731E-01    6.1932E+00    2.0700E-04
8.5866E+00  3.3763E-01 2.2509E+02    3.6264E-05    4.2732E-08    2.1900E-01   -1.1896E+00    7.3812E+00    2.0700E-04
8.1340E+00  3.6088E-01 2.2936E+02    6.0496E-05    4.0430E-08    2.8054E-01   -1.5810E+00    8.7181E+00    2.0700E-04
7.6818E+00  3.8525E-01 2.3357E+02    9.8300E-05    3.8249E-08    3.4820E-01   -1.8888E+00    1.0203E+01    2.0700E-04
7.2304E+00  4.1074E-01 2.3768E+02    1.5545E-04    3.6007E-08    4.1892E-01   -2.0991E+00    1.1830E+01    2.0700E-04
6.7803E+00  4.3738E-01 2.4168E+02    2.3905E-04    3.3935E-08    4.9511E-01   -2.2377E+00    1.3588E+01    2.0700E-04
6.3320E+00  4.6515E-01 2.4555E+02    3.5730E-04    3.1866E-08    5.7300E-01   -2.2945E+00    1.5458E+01    2.0700E-04
5.8861E+00  4.9406E-01 2.4924E+02    5.1897E-04    2.9883E-08    6.3900E-01   -2.3012E+00    1.7421E+01    2.0700E-04
5.4433E+00  5.2410E-01 2.5276E+02    7.3287E-04    2.7993E-08    6.8600E-01   -2.2844E+00    1.9453E+01    2.0700E-04
5.0039E+00  5.5528E-01 2.5610E+02    1.0073E-03    2.6145E-08    7.1967E-01   -2.2672E+00    2.1531E+01    2.0700E-04
4.5688E+00  5.8756E-01 2.5924E+02    1.3494E-03    2.4356E-08    7.4677E-01   -2.2258E+00    2.3636E+01    2.0700E-04
4.1382E+00  6.2094E-01 2.6220E+02    1.7656E-03    2.2661E-08    7.6733E-01   -2.1636E+00    2.5751E+01    2.0700E-04
3.7129E+00  6.5539E-01 2.6498E+02    2.2606E-03    2.1069E-08    7.7855E-01   -2.0979E+00    2.7861E+01    2.0700E-04
3.2932E+00  6.9088E-01 2.6759E+02    2.8383E-03    1.9641E-08    7.8052E-01   -2.0057E+00    2.9958E+01    2.0700E-04
2.8796E+00  7.2738E-01 2.7005E+02    3.5014E-03    1.8226E-08    7.7621E-01   -1.8594E+00    3.2034E+01    2.0700E-04
2.4725E+00  7.6484E-01 2.7236E+02    4.2518E-03    1.7009E-08    7.6873E-01   -1.7106E+00    3.4084E+01    2.0700E-04
2.0721E+00  8.0321E-01 2.7473E+02    5.1654E-03    1.5925E-08    7.6448E-01   -1.6175E+00    3.6285E+01    2.0700E-04
1.6787E+00  8.4244E-01 2.7702E+02    6.0641E-03    1.4938E-08    7.4527E-01   -1.5299E+00    3.8511E+01    2.0700E-04
1.2924E+00  8.8248E-01 2.7921E+02    7.0773E-03    1.4090E-08    7.2886E-01   -1.5187E+00    4.0740E+01    2.0700E-04
9.1363E-01  9.2326E-01 2.8130E+02    8.1902E-03    1.3457E-08    7.1738E-01   -1.5848E+00    4.2940E+01    2.0700E-04
5.4266E-01  9.6471E-01 2.8328E+02    9.2774E-03    1.2905E-08    7.1048E-01   -1.7660E+00    4.5122E+01    2.0700E-04
1.7973E-01  1.0067E+00 2.8517E+02    1.0640E-02    1.2405E-08    7.3134E-01   -2.0212E+00    4.7284E+01    2.0700E-04
0.0000E+00  1.0281E+00 2.8612E+02    1.1322E-02    1.2500E-08    7.9292E+00   -3.5399E+00    4.8394E+01    2.0700E-04
