     ALT          P          T          FH2O           O3           THEAT        TCOOL        PSATCO2        FCO2
7.3652E+01  3.2610E-05 2.2002E+02    4.6131E-06    5.7412E-08    3.6043E+01   -6.3550E+01    6.0032E+00    2.0700E-04
7.2533E+01  3.8505E-05 2.2137E+02    4.8673E-06    7.1171E-08    5.0440E+00   -4.1961E+01    6.3483E+00    2.0700E-04
7.1416E+01  4.5410E-05 2.2277E+02    5.0966E-06    9.0423E-08    2.1840E+00   -2.7051E+01    6.7238E+00    2.0700E-04
7.0300E+01  5.3485E-05 2.2423E+02    5.3008E-06    1.1661E-07    1.9921E+00   -1.7354E+01    7.1340E+00    2.0700E-04
6.9186E+01  6.2916E-05 2.2575E+02    5.4888E-06    1.4905E-07    2.1101E+00   -1.1502E+01    7.5796E+00    2.0700E-04
6.8074E+01  7.3918E-05 2.2732E+02    5.6445E-06    1.8714E-07    2.2809E+00   -8.1801E+00    8.0596E+00    2.0700E-04
6.6963E+01  8.6734E-05 2.2892E+02    5.7944E-06    2.2771E-07    2.4675E+00   -6.4320E+00    8.5726E+00    2.0700E-04
6.5853E+01  1.0164E-04 2.3054E+02    5.9276E-06    2.6996E-07    2.6642E+00   -5.5578E+00    9.1169E+00    2.0700E-04
6.4745E+01  1.1897E-04 2.3217E+02    6.0405E-06    3.1421E-07    2.8824E+00   -5.1733E+00    9.6908E+00    2.0700E-04
6.3638E+01  1.3907E-04 2.3380E+02    6.1489E-06    3.6224E-07    3.1215E+00   -5.0403E+00    1.0292E+01    2.0700E-04
6.2533E+01  1.6236E-04 2.3544E+02    6.2373E-06    4.1610E-07    3.3903E+00   -5.0281E+00    1.0920E+01    2.0700E-04
6.1430E+01  1.8931E-04 2.3706E+02    6.3256E-06    4.7677E-07    3.6922E+00   -5.0830E+00    1.1573E+01    2.0700E-04
6.0329E+01  2.2046E-04 2.3867E+02    6.4038E-06    5.4406E-07    4.0228E+00   -5.1708E+00    1.2249E+01    2.0700E-04
5.9229E+01  2.5641E-04 2.4027E+02    6.4713E-06    6.1855E-07    4.3798E+00   -5.2789E+00    1.2948E+01    2.0700E-04
5.8132E+01  2.9784E-04 2.4186E+02    6.5271E-06    7.0130E-07    4.7613E+00   -5.4019E+00    1.3670E+01    2.0700E-04
5.7038E+01  3.4554E-04 2.4344E+02    6.5828E-06    7.9148E-07    5.1568E+00   -5.5404E+00    1.4415E+01    2.0700E-04
5.5946E+01  4.0037E-04 2.4500E+02    6.6322E-06    8.9101E-07    5.5633E+00   -5.6893E+00    1.5183E+01    2.0700E-04
5.4857E+01  4.6331E-04 2.4655E+02    6.6758E-06    9.9903E-07    5.9664E+00   -5.8440E+00    1.5976E+01    2.0700E-04
5.3771E+01  5.3548E-04 2.4809E+02    6.7096E-06    1.1180E-06    6.3648E+00   -5.9998E+00    1.6793E+01    2.0700E-04
5.2688E+01  6.1811E-04 2.4963E+02    6.7426E-06    1.2575E-06    6.7758E+00   -6.1570E+00    1.7635E+01    2.0700E-04
5.1608E+01  7.1259E-04 2.5116E+02    6.7729E-06    1.4098E-06    7.1509E+00   -6.2938E+00    1.8504E+01    2.0700E-04
5.0532E+01  8.2047E-04 2.5267E+02    6.7944E-06    1.5747E-06    7.4700E+00   -6.4153E+00    1.9399E+01    2.0700E-04
4.9459E+01  9.4350E-04 2.5419E+02    6.8159E-06    1.7679E-06    7.7612E+00   -6.5334E+00    2.0321E+01    2.0700E-04
4.8390E+01  1.0836E-03 2.5569E+02    6.8272E-06    1.9819E-06    7.9877E+00   -6.6904E+00    2.1271E+01    2.0700E-04
4.7325E+01  1.2430E-03 2.5719E+02    6.8300E-06    2.2222E-06    8.1340E+00   -6.9215E+00    2.2250E+01    2.0700E-04
4.6263E+01  1.4240E-03 2.5877E+02    6.8300E-06    2.4773E-06    8.1527E+00   -7.2130E+00    2.3313E+01    2.0700E-04
4.5206E+01  1.6292E-03 2.6015E+02    6.8200E-06    2.7626E-06    8.0693E+00   -7.4429E+00    2.4275E+01    2.0700E-04
4.4155E+01  1.8618E-03 2.6098E+02    6.8080E-06    3.0706E-06    7.8653E+00   -7.4924E+00    2.4863E+01    2.0700E-04
4.3112E+01  2.1248E-03 2.6107E+02    6.7744E-06    3.4070E-06    7.5560E+00   -7.3378E+00    2.4931E+01    2.0700E-04
4.2080E+01  2.4220E-03 2.6044E+02    6.7331E-06    3.7478E-06    7.1314E+00   -7.0138E+00    2.4476E+01    2.0700E-04
4.1062E+01  2.7572E-03 2.5916E+02    6.6886E-06    4.0764E-06    6.6225E+00   -6.5761E+00    2.3579E+01    2.0700E-04
4.0061E+01  3.1348E-03 2.5737E+02    6.6285E-06    4.3694E-06    6.0678E+00   -6.0737E+00    2.2363E+01    2.0700E-04
3.9077E+01  3.5597E-03 2.5520E+02    6.5559E-06    4.6117E-06    5.5130E+00   -5.5497E+00    2.0955E+01    2.0700E-04
3.8112E+01  4.0372E-03 2.5277E+02    6.4787E-06    4.8051E-06    4.9981E+00   -5.0410E+00    1.9457E+01    2.0700E-04
3.7166E+01  4.5728E-03 2.5018E+02    6.4014E-06    4.9603E-06    4.5428E+00   -4.5750E+00    1.7946E+01    2.0700E-04
3.6241E+01  5.1730E-03 2.4749E+02    6.3088E-06    5.0712E-06    4.1408E+00   -4.1567E+00    1.6470E+01    2.0700E-04
3.5334E+01  5.8447E-03 2.4476E+02    6.2182E-06    5.1618E-06    3.7923E+00   -3.7963E+00    1.5061E+01    2.0700E-04
3.4448E+01  6.5952E-03 2.4202E+02    6.1233E-06    5.2283E-06    3.4818E+00   -3.4828E+00    1.3743E+01    2.0700E-04
3.3580E+01  7.4327E-03 2.3933E+02    6.0293E-06    5.2769E-06    3.2006E+00   -3.2028E+00    1.2531E+01    2.0700E-04
3.2732E+01  8.3660E-03 2.3673E+02    5.9275E-06    5.3000E-06    2.9382E+00   -2.9435E+00    1.1437E+01    2.0700E-04
3.1901E+01  9.4046E-03 2.3426E+02    5.8278E-06    5.2930E-06    2.6889E+00   -2.7001E+00    1.0466E+01    2.0700E-04
3.1088E+01  1.0559E-02 2.3198E+02    5.7402E-06    5.2468E-06    2.4494E+00   -2.4978E+00    9.6225E+00    2.0700E-04
3.0292E+01  1.1840E-02 2.2990E+02    5.6447E-06    5.1647E-06    2.2216E+00   -2.2578E+00    8.9010E+00    2.0700E-04
2.9511E+01  1.3260E-02 2.2804E+02    5.5410E-06    5.0464E-06    2.0078E+00   -2.0325E+00    8.2885E+00    2.0700E-04
2.8745E+01  1.4831E-02 2.2638E+02    5.4491E-06    4.8883E-06    1.8094E+00   -1.8251E+00    7.7693E+00    2.0700E-04
2.7994E+01  1.6567E-02 2.2490E+02    5.3588E-06    4.6970E-06    1.6292E+00   -1.6367E+00    7.3270E+00    2.0700E-04
2.7255E+01  1.8484E-02 2.2357E+02    5.2703E-06    4.4807E-06    1.4689E+00   -1.4688E+00    6.9462E+00    2.0700E-04
2.6529E+01  2.0596E-02 2.2236E+02    5.1831E-06    4.2333E-06    1.3263E+00   -1.3218E+00    6.6137E+00    2.0700E-04
2.5816E+01  2.2921E-02 2.2125E+02    5.0976E-06    3.9736E-06    1.2023E+00   -1.1949E+00    6.3185E+00    2.0700E-04
2.5115E+01  2.5475E-02 2.2021E+02    5.0134E-06    3.7066E-06    1.0943E+00   -1.0855E+00    6.0520E+00    2.0700E-04
2.4425E+01  2.8279E-02 2.1923E+02    4.9306E-06    3.4377E-06    9.9906E-01   -9.8982E-01    5.8079E+00    2.0700E-04
2.3747E+01  3.1353E-02 2.1830E+02    4.8393E-06    3.1776E-06    9.1423E-01   -9.0312E-01    5.5816E+00    2.0700E-04
2.3080E+01  3.4716E-02 2.1740E+02    4.7592E-06    2.9093E-06    8.3416E-01   -8.2400E-01    5.3703E+00    2.0700E-04
2.2424E+01  3.8391E-02 2.1653E+02    4.6805E-06    2.6469E-06    7.5861E-01   -7.4997E-01    5.1690E+00    2.0700E-04
2.1779E+01  4.2403E-02 2.1570E+02    4.6031E-06    2.3901E-06    6.8649E-01   -6.8042E-01    4.8912E+00    2.0700E-04
2.1144E+01  4.6774E-02 2.1491E+02    4.5292E-06    2.1475E-06    6.1839E-01   -6.1463E-01    4.6394E+00    2.0700E-04
2.0520E+01  5.1531E-02 2.1417E+02    4.4621E-06    1.9144E-06    5.5366E-01   -5.5263E-01    4.4134E+00    2.0700E-04
1.9907E+01  5.6701E-02 2.1348E+02    4.3885E-06    1.6937E-06    4.9273E-01   -4.9312E-01    4.2129E+00    2.0700E-04
1.9303E+01  6.2310E-02 2.1286E+02    4.3161E-06    1.4775E-06    4.3509E-01   -4.3727E-01    4.0370E+00    2.0700E-04
1.8710E+01  6.8388E-02 2.1230E+02    4.2557E-06    1.2756E-06    3.8257E-01   -3.8459E-01    3.8842E+00    2.0700E-04
1.8126E+01  7.4964E-02 2.1180E+02    4.1973E-06    1.0909E-06    3.3586E-01   -3.3467E-01    3.7520E+00    2.0700E-04
1.7551E+01  8.2069E-02 2.1135E+02    4.1439E-06    9.2413E-07    2.9508E-01   -2.8882E-01    3.6374E+00    2.0700E-04
1.6985E+01  8.9735E-02 2.1095E+02    4.0933E-06    7.7106E-07    2.5941E-01   -2.4999E-01    3.5376E+00    2.0700E-04
1.6429E+01  9.7992E-02 2.1059E+02    4.0506E-06    6.3308E-07    2.2861E-01   -2.1980E-01    3.4500E+00    2.0700E-04
1.5882E+01  1.0688E-01 2.1026E+02    4.0104E-06    5.1106E-07    2.0123E-01   -1.7123E-01    3.3721E+00    2.0700E-04
1.5343E+01  1.1642E-01 2.0997E+02    3.9755E-06    4.0762E-07    1.7821E-01   -1.5154E-01    3.3035E+00    2.0700E-04
1.4813E+01  1.2665E-01 2.0973E+02    3.9525E-06    3.2097E-07    1.5923E-01   -1.3891E-01    3.2463E+00    2.0700E-04
1.4292E+01  1.3761E-01 2.0954E+02    3.9316E-06    2.4989E-07    1.4368E-01   -1.3142E-01    3.2043E+00    2.0700E-04
1.3779E+01  1.4933E-01 2.0944E+02    3.9111E-06    1.9082E-07    1.3080E-01   -1.2823E-01    3.1822E+00    2.0700E-04
1.3274E+01  1.6184E-01 2.0945E+02    3.9005E-06    1.4291E-07    1.2044E-01   -1.2715E-01    3.1844E+00    2.0700E-04
1.2777E+01  1.7518E-01 2.0958E+02    3.8905E-06    1.1146E-07    1.1306E-01   -1.2217E-01    3.2141E+00    2.0700E-04
1.2288E+01  1.8938E-01 2.0984E+02    3.8807E-06    9.1072E-08    1.0795E-01   -1.1326E-01    3.2725E+00    2.0700E-04
1.1805E+01  2.0448E-01 2.1021E+02    4.0663E-06    7.5496E-08    1.0513E-01   -1.0980E-01    3.3589E+00    2.0700E-04
1.1330E+01  2.2050E-01 2.1068E+02    4.9623E-06    6.4028E-08    1.0632E-01   -1.1999E-01    3.4706E+00    2.0700E-04
1.0862E+01  2.3747E-01 2.1120E+02    5.6158E-06    5.7274E-08    1.0736E-01   -8.8683E-02    3.6006E+00    2.0700E-04
1.0400E+01  2.5543E-01 2.1174E+02    6.3857E-06    5.3146E-08    1.0923E-01   -3.8490E-02    3.7386E+00    2.0700E-04
9.9450E+00  2.7440E-01 2.1305E+02    7.6688E-06    5.0089E-08    1.1443E-01   -1.0231E-01    4.0914E+00    2.0700E-04
9.4928E+00  2.9441E-01 2.1644E+02    1.2104E-05    4.7495E-08    1.3376E-01   -3.8447E-01    5.1405E+00    2.0700E-04
9.0407E+00  3.1548E-01 2.2079E+02    2.1239E-05    4.5096E-08    1.7032E-01   -7.9102E-01    6.1980E+00    2.0700E-04
8.5881E+00  3.3764E-01 2.2510E+02    3.6348E-05    4.2777E-08    2.2071E-01   -1.2100E+00    7.3869E+00    2.0700E-04
8.1355E+00  3.6089E-01 2.2938E+02    6.0635E-05    4.0516E-08    2.8230E-01   -1.5968E+00    8.7247E+00    2.0700E-04
7.6832E+00  3.8526E-01 2.3359E+02    9.8525E-05    3.8258E-08    3.4983E-01   -1.8999E+00    1.0211E+01    2.0700E-04
7.2317E+00  4.1075E-01 2.3770E+02    1.5580E-04    3.6015E-08    4.2032E-01   -2.1064E+00    1.1839E+01    2.0700E-04
6.7815E+00  4.3739E-01 2.4171E+02    2.3958E-04    3.3942E-08    4.9630E-01   -2.2423E+00    1.3598E+01    2.0700E-04
6.3331E+00  4.6516E-01 2.4557E+02    3.5807E-04    3.1872E-08    5.7402E-01   -2.2975E+00    1.5469E+01    2.0700E-04
5.8872E+00  4.9407E-01 2.4927E+02    5.2004E-04    2.9889E-08    6.3983E-01   -2.3033E+00    1.7433E+01    2.0700E-04
5.4442E+00  5.2412E-01 2.5278E+02    7.3432E-04    2.7998E-08    6.8665E-01   -2.2859E+00    1.9465E+01    2.0700E-04
5.0048E+00  5.5529E-01 2.5612E+02    1.0092E-03    2.6150E-08    7.2020E-01   -2.2684E+00    2.1544E+01    2.0700E-04
4.5695E+00  5.8758E-01 2.5926E+02    1.3519E-03    2.4360E-08    7.4721E-01   -2.2267E+00    2.3650E+01    2.0700E-04
4.1389E+00  6.2096E-01 2.6222E+02    1.7686E-03    2.2664E-08    7.6770E-01   -2.1643E+00    2.5765E+01    2.0700E-04
3.7135E+00  6.5541E-01 2.6500E+02    2.2643E-03    2.1064E-08    7.7884E-01   -2.0985E+00    2.7876E+01    2.0700E-04
3.2938E+00  6.9090E-01 2.6761E+02    2.8427E-03    1.9552E-08    7.8073E-01   -2.0060E+00    2.9974E+01    2.0700E-04
2.8801E+00  7.2740E-01 2.7006E+02    3.5066E-03    1.8203E-08    7.7639E-01   -1.8594E+00    3.2050E+01    2.0700E-04
2.4729E+00  7.6485E-01 2.7238E+02    4.2579E-03    1.7010E-08    7.6887E-01   -1.7103E+00    3.4100E+01    2.0700E-04
2.0725E+00  8.0323E-01 2.7475E+02    5.1721E-03    1.5926E-08    7.6451E-01   -1.6172E+00    3.6302E+01    2.0700E-04
1.6790E+00  8.4247E-01 2.7704E+02    6.0708E-03    1.4939E-08    7.4520E-01   -1.5298E+00    3.8528E+01    2.0700E-04
1.2926E+00  8.8251E-01 2.7923E+02    7.0864E-03    1.4091E-08    7.2891E-01   -1.5193E+00    4.0758E+01    2.0700E-04
9.1379E-01  9.2328E-01 2.8131E+02    8.1992E-03    1.3457E-08    7.1737E-01   -1.5856E+00    4.2959E+01    2.0700E-04
5.4275E-01  9.6473E-01 2.8330E+02    9.2896E-03    1.2905E-08    7.1061E-01   -1.7676E+00    4.5142E+01    2.0700E-04
1.7976E-01  1.0068E+00 2.8519E+02    1.0652E-02    1.2405E-08    7.3140E-01   -2.0226E+00    4.7304E+01    2.0700E-04
0.0000E+00  1.0281E+00 2.8614E+02    1.1334E-02    1.2500E-08    7.9287E+00   -3.5387E+00    4.8414E+01    2.0700E-04
