     ALT          P          T          FH2O           O3           THEAT        TCOOL        PSATCO2        FCO2
7.3649E+01  3.2610E-05 2.2046E+02    4.0850E-06    6.0122E-08    3.6140E+01   -6.4280E+01    6.1131E+00    2.0900E-04
7.2528E+01  3.8506E-05 2.2180E+02    4.3124E-06    7.4262E-08    5.0032E+00   -4.2113E+01    6.4635E+00    2.0900E-04
7.1408E+01  4.5410E-05 2.2321E+02    4.5170E-06    9.4201E-08    2.1897E+00   -2.6882E+01    6.8446E+00    2.0900E-04
7.0290E+01  5.3486E-05 2.2467E+02    4.7060E-06    1.2133E-07    2.0124E+00   -1.7038E+01    7.2608E+00    2.0900E-04
6.9174E+01  6.2918E-05 2.2619E+02    4.8710E-06    1.5500E-07    2.1375E+00   -1.1141E+01    7.7124E+00    2.0900E-04
6.8059E+01  7.3920E-05 2.2776E+02    5.0148E-06    1.9466E-07    2.3161E+00   -7.8320E+00    8.1987E+00    2.0900E-04
6.6946E+01  8.6736E-05 2.2936E+02    5.1485E-06    2.3665E-07    2.5098E+00   -6.1078E+00    8.7183E+00    2.0900E-04
6.5834E+01  1.0165E-04 2.3098E+02    5.2633E-06    2.8026E-07    2.7131E+00   -5.2675E+00    9.2696E+00    2.0900E-04
6.4723E+01  1.1897E-04 2.3261E+02    5.3644E-06    3.2582E-07    2.9380E+00   -4.9150E+00    9.8507E+00    2.0900E-04
6.3614E+01  1.3907E-04 2.3425E+02    5.4623E-06    3.7524E-07    3.1839E+00   -4.8136E+00    1.0460E+01    2.0900E-04
6.2506E+01  1.6236E-04 2.3588E+02    5.5457E-06    4.3043E-07    3.4592E+00   -4.8354E+00    1.1095E+01    2.0900E-04
6.1401E+01  1.8932E-04 2.3750E+02    5.6221E-06    4.9218E-07    3.7661E+00   -4.9192E+00    1.1755E+01    2.0900E-04
6.0297E+01  2.2047E-04 2.3911E+02    5.6883E-06    5.6117E-07    4.1038E+00   -5.0365E+00    1.2438E+01    2.0900E-04
5.9196E+01  2.5642E-04 2.4071E+02    5.7444E-06    6.3736E-07    4.4671E+00   -5.1752E+00    1.3145E+01    2.0900E-04
5.8096E+01  2.9786E-04 2.4230E+02    5.8004E-06    7.2066E-07    4.8495E+00   -5.3325E+00    1.3874E+01    2.0900E-04
5.7000E+01  3.4556E-04 2.4387E+02    5.8508E-06    8.1255E-07    5.2493E+00   -5.5027E+00    1.4627E+01    2.0900E-04
5.5905E+01  4.0040E-04 2.4544E+02    5.8946E-06    9.1383E-07    5.6601E+00   -5.6812E+00    1.5403E+01    2.0900E-04
5.4814E+01  4.6335E-04 2.4699E+02    5.9291E-06    1.0253E-06    6.0718E+00   -5.8631E+00    1.6203E+01    2.0900E-04
5.3726E+01  5.3553E-04 2.4853E+02    5.9618E-06    1.1454E-06    6.4669E+00   -6.0451E+00    1.7028E+01    2.0900E-04
5.2641E+01  6.1816E-04 2.5006E+02    5.9926E-06    1.2855E-06    6.8705E+00   -6.2240E+00    1.7879E+01    2.0900E-04
5.1559E+01  7.1265E-04 2.5159E+02    6.0143E-06    1.4395E-06    7.2408E+00   -6.3750E+00    1.8756E+01    2.0900E-04
5.0481E+01  8.2055E-04 2.5311E+02    6.0358E-06    1.6063E-06    7.5539E+00   -6.5134E+00    1.9660E+01    2.0900E-04
4.9406E+01  9.4360E-04 2.5462E+02    6.0500E-06    1.8029E-06    7.8413E+00   -6.6435E+00    2.0592E+01    2.0900E-04
4.8335E+01  1.0837E-03 2.5613E+02    6.0600E-06    2.0175E-06    8.0515E+00   -6.8102E+00    2.1551E+01    2.0900E-04
4.7268E+01  1.2431E-03 2.5763E+02    6.0600E-06    2.2515E-06    8.1651E+00   -7.0517E+00    2.2540E+01    2.0900E-04
4.6204E+01  1.4241E-03 2.5922E+02    6.0586E-06    2.5078E-06    8.1734E+00   -7.3477E+00    2.3624E+01    2.0900E-04
4.5145E+01  1.6294E-03 2.6056E+02    6.0474E-06    2.7957E-06    8.0844E+00   -7.5529E+00    2.4567E+01    2.0900E-04
4.4092E+01  1.8620E-03 2.6130E+02    6.0227E-06    3.1077E-06    7.8763E+00   -7.5624E+00    2.5094E+01    2.0900E-04
4.3047E+01  2.1251E-03 2.6130E+02    5.9909E-06    3.4419E-06    7.5547E+00   -7.3731E+00    2.5097E+01    2.0900E-04
4.2015E+01  2.4223E-03 2.6059E+02    5.9496E-06    3.7876E-06    7.1298E+00   -7.0263E+00    2.4585E+01    2.0900E-04
4.0996E+01  2.7575E-03 2.5925E+02    5.8933E-06    4.1129E-06    6.6133E+00   -6.5717E+00    2.3646E+01    2.0900E-04
3.9994E+01  3.1353E-03 2.5742E+02    5.8331E-06    4.4025E-06    6.0547E+00   -6.0602E+00    2.2401E+01    2.0900E-04
3.9010E+01  3.5602E-03 2.5523E+02    5.7588E-06    4.6379E-06    5.4971E+00   -5.5309E+00    2.0974E+01    2.0900E-04
3.8045E+01  4.0377E-03 2.5278E+02    5.6816E-06    4.8312E-06    4.9857E+00   -5.0208E+00    1.9465E+01    2.0900E-04
3.7099E+01  4.5735E-03 2.5018E+02    5.5959E-06    4.9745E-06    4.5274E+00   -4.5528E+00    1.7946E+01    2.0900E-04
3.6173E+01  5.1738E-03 2.4748E+02    5.5098E-06    5.0901E-06    4.1312E+00   -4.1364E+00    1.6464E+01    2.0900E-04
3.5267E+01  5.8456E-03 2.4473E+02    5.4191E-06    5.1706E-06    3.7804E+00   -3.7757E+00    1.5050E+01    2.0900E-04
3.4380E+01  6.5962E-03 2.4198E+02    5.3205E-06    5.2336E-06    3.4705E+00   -3.4618E+00    1.3727E+01    2.0900E-04
3.3513E+01  7.4339E-03 2.3928E+02    5.2185E-06    5.2804E-06    3.1903E+00   -3.1806E+00    1.2509E+01    2.0900E-04
3.2664E+01  8.3674E-03 2.3666E+02    5.1168E-06    5.3000E-06    2.9279E+00   -2.9199E+00    1.1408E+01    2.0900E-04
3.1834E+01  9.4062E-03 2.3417E+02    5.0260E-06    5.2912E-06    2.6794E+00   -2.6756E+00    1.0429E+01    2.0900E-04
3.1021E+01  1.0561E-02 2.3185E+02    4.9297E-06    5.2498E-06    2.4420E+00   -2.4723E+00    9.5776E+00    2.0900E-04
3.0225E+01  1.1842E-02 2.2974E+02    4.8333E-06    5.1633E-06    2.2136E+00   -2.2302E+00    8.8467E+00    2.0900E-04
2.9445E+01  1.3262E-02 2.2784E+02    4.7306E-06    5.0409E-06    1.9995E+00   -2.0029E+00    8.2241E+00    2.0900E-04
2.8680E+01  1.4833E-02 2.2613E+02    4.6389E-06    4.8876E-06    1.8027E+00   -1.7933E+00    7.6940E+00    2.0900E-04
2.7929E+01  1.6570E-02 2.2460E+02    4.5488E-06    4.6935E-06    1.6225E+00   -1.6029E+00    7.2402E+00    2.0900E-04
2.7191E+01  1.8487E-02 2.2322E+02    4.4604E-06    4.4740E-06    1.4623E+00   -1.4329E+00    6.8476E+00    2.0900E-04
2.6466E+01  2.0600E-02 2.2195E+02    4.3734E-06    4.2359E-06    1.3220E+00   -1.2837E+00    6.5029E+00    2.0900E-04
2.5754E+01  2.2925E-02 2.2078E+02    4.2882E-06    3.9744E-06    1.1982E+00   -1.1544E+00    6.1953E+00    2.0900E-04
2.5054E+01  2.5480E-02 2.1967E+02    4.2042E-06    3.7130E-06    1.0914E+00   -1.0425E+00    5.9164E+00    2.0900E-04
2.4366E+01  2.8285E-02 2.1862E+02    4.1218E-06    3.4466E-06    9.9668E-01   -9.4416E-01    5.6599E+00    2.0900E-04
2.3690E+01  3.1359E-02 2.1762E+02    4.0407E-06    3.1784E-06    9.1063E-01   -8.5576E-01    5.4218E+00    2.0900E-04
2.3025E+01  3.4723E-02 2.1665E+02    3.9610E-06    2.9119E-06    8.3077E-01   -7.7425E-01    5.1996E+00    2.0900E-04
2.2371E+01  3.8399E-02 2.1571E+02    3.8827E-06    2.6513E-06    7.5552E-01   -6.9790E-01    4.8961E+00    2.0900E-04
2.1729E+01  4.2412E-02 2.1481E+02    3.8057E-06    2.3960E-06    6.8367E-01   -6.2621E-01    4.6106E+00    2.0900E-04
2.1097E+01  4.6784E-02 2.1396E+02    3.7333E-06    2.1550E-06    6.1579E-01   -5.5846E-01    4.3524E+00    2.0900E-04
2.0476E+01  5.1542E-02 2.1316E+02    3.6655E-06    1.9189E-06    5.5061E-01   -4.9518E-01    4.1213E+00    2.0900E-04
1.9865E+01  5.6713E-02 2.1242E+02    3.6003E-06    1.6959E-06    4.8944E-01   -4.3509E-01    3.9163E+00    2.0900E-04
1.9264E+01  6.2324E-02 2.1174E+02    3.5305E-06    1.4815E-06    4.3217E-01   -3.7806E-01    3.7365E+00    2.0900E-04
1.8674E+01  6.8403E-02 2.1112E+02    3.4714E-06    1.2813E-06    3.8000E-01   -3.2425E-01    3.5798E+00    2.0900E-04
1.8093E+01  7.4981E-02 2.1056E+02    3.4134E-06    1.0964E-06    3.3335E-01   -2.7396E-01    3.4437E+00    2.0900E-04
1.7522E+01  8.2088E-02 2.1007E+02    3.3611E-06    9.2548E-07    2.9205E-01   -2.2940E-01    3.3253E+00    2.0900E-04
1.6959E+01  8.9755E-02 2.0962E+02    3.3162E-06    7.7213E-07    2.5637E-01   -1.9196E-01    3.2220E+00    2.0900E-04
1.6407E+01  9.8015E-02 2.0922E+02    3.2721E-06    6.3369E-07    2.2558E-01   -1.6344E-01    3.1317E+00    2.0900E-04
1.5863E+01  1.0690E-01 2.0886E+02    3.2365E-06    5.1191E-07    1.9835E-01   -1.1538E-01    3.0520E+00    2.0900E-04
1.5328E+01  1.1644E-01 2.0853E+02    3.2045E-06    4.0794E-07    1.7534E-01   -9.9256E-02    2.9829E+00    2.0900E-04
1.4801E+01  1.2668E-01 2.0827E+02    3.1820E-06    3.2120E-07    1.5642E-01   -8.9709E-02    2.9260E+00    2.0900E-04
1.4283E+01  1.3764E-01 2.0807E+02    3.1613E-06    2.5088E-07    1.4101E-01   -8.4742E-02    2.8854E+00    2.0900E-04
1.3774E+01  1.4936E-01 2.0797E+02    3.1409E-06    1.9142E-07    1.2814E-01   -8.4437E-02    2.8653E+00    2.0900E-04
1.3273E+01  1.6188E-01 2.0800E+02    3.1305E-06    1.4389E-07    1.1786E-01   -8.5753E-02    2.8703E+00    2.0900E-04
1.2779E+01  1.7523E-01 2.0814E+02    3.1206E-06    1.1266E-07    1.1056E-01   -8.1802E-02    2.9009E+00    2.0900E-04
1.2293E+01  1.8943E-01 2.0842E+02    3.1291E-06    9.1694E-08    1.0572E-01   -7.5563E-02    2.9583E+00    2.0900E-04
1.1813E+01  2.0453E-01 2.0883E+02    3.8064E-06    7.6025E-08    1.0525E-01   -9.0890E-02    3.0470E+00    2.0900E-04
1.1341E+01  2.2055E-01 2.0936E+02    4.3157E-06    6.4541E-08    1.0501E-01   -8.1202E-02    3.1627E+00    2.0900E-04
1.0876E+01  2.3753E-01 2.0991E+02    4.9291E-06    5.7690E-08    1.0589E-01   -5.6742E-02    3.2889E+00    2.0900E-04
1.0416E+01  2.5550E-01 2.1091E+02    5.6890E-06    5.3431E-08    1.0797E-01   -2.0526E-02    3.5284E+00    2.0900E-04
9.9624E+00  2.7448E-01 2.1255E+02    7.1586E-06    5.0378E-08    1.1489E-01   -1.4094E-01    3.9518E+00    2.0900E-04
9.5101E+00  2.9449E-01 2.1691E+02    1.2867E-05    4.7758E-08    1.4087E-01   -5.1577E-01    5.2602E+00    2.0900E-04
9.0569E+00  3.1557E-01 2.2126E+02    2.2544E-05    4.5298E-08    1.8025E-01   -9.1450E-01    6.3218E+00    2.0900E-04
8.6033E+00  3.3773E-01 2.2559E+02    3.8517E-05    4.2939E-08    2.3238E-01   -1.3205E+00    7.5297E+00    2.0900E-04
8.1495E+00  3.6099E-01 2.2986E+02    6.4138E-05    4.0581E-08    2.9487E-01   -1.6871E+00    8.8874E+00    2.0900E-04
7.6962E+00  3.8536E-01 2.3407E+02    1.0401E-04    3.8249E-08    3.6241E-01   -1.9675E+00    1.0394E+01    2.0900E-04
7.2436E+00  4.1087E-01 2.3819E+02    1.6411E-04    3.6082E-08    4.3269E-01   -2.1556E+00    1.2042E+01    2.0900E-04
6.7924E+00  4.3751E-01 2.4218E+02    2.5174E-04    3.3909E-08    5.0867E-01   -2.2774E+00    1.3819E+01    2.0900E-04
6.3431E+00  4.6529E-01 2.4603E+02    3.7523E-04    3.1908E-08    5.8554E-01   -2.3210E+00    1.5706E+01    2.0900E-04
5.8962E+00  4.9421E-01 2.4971E+02    5.4343E-04    2.9864E-08    6.4928E-01   -2.3215E+00    1.7683E+01    2.0900E-04
5.4524E+00  5.2426E-01 2.5322E+02    7.6514E-04    2.7939E-08    6.9400E-01   -2.2997E+00    1.9726E+01    2.0900E-04
5.0122E+00  5.5545E-01 2.5653E+02    1.0485E-03    2.6087E-08    7.2634E-01   -2.2797E+00    2.1813E+01    2.0900E-04
4.5761E+00  5.8775E-01 2.5965E+02    1.4008E-03    2.4291E-08    7.5251E-01   -2.2332E+00    2.3924E+01    2.0900E-04
4.1448E+00  6.2114E-01 2.6259E+02    1.8279E-03    2.2569E-08    7.7192E-01   -2.1688E+00    2.6042E+01    2.0900E-04
3.7187E+00  6.5560E-01 2.6535E+02    2.3347E-03    2.0893E-08    7.8178E-01   -2.1005E+00    2.8155E+01    2.0900E-04
3.2982E+00  6.9110E-01 2.6795E+02    2.9249E-03    1.9461E-08    7.8262E-01   -2.0023E+00    3.0253E+01    2.0900E-04
2.8840E+00  7.2761E-01 2.7038E+02    3.6012E-03    1.8043E-08    7.7750E-01   -1.8485E+00    3.2328E+01    2.0900E-04
2.4762E+00  7.6508E-01 2.7268E+02    4.3652E-03    1.6821E-08    7.6931E-01   -1.7001E+00    3.4377E+01    2.0900E-04
2.0752E+00  8.0347E-01 2.7506E+02    5.2938E-03    1.5735E-08    7.6409E-01   -1.6119E+00    3.6604E+01    2.0900E-04
1.6811E+00  8.4272E-01 2.7734E+02    6.1879E-03    1.4759E-08    7.4296E-01   -1.5247E+00    3.8832E+01    2.0900E-04
1.2943E+00  8.8277E-01 2.7953E+02    7.2411E-03    1.3986E-08    7.2837E-01   -1.5257E+00    4.1065E+01    2.0900E-04
9.1495E-01  9.2356E-01 2.8160E+02    8.3484E-03    1.3291E-08    7.1581E-01   -1.5942E+00    4.3268E+01    2.0900E-04
5.4343E-01  9.6502E-01 2.8358E+02    9.4875E-03    1.2749E-08    7.1136E-01   -1.7885E+00    4.5458E+01    2.0900E-04
1.7998E-01  1.0071E+00 2.8546E+02    1.0843E-02    1.2318E-08    7.3097E-01   -2.0395E+00    4.7620E+01    2.0900E-04
0.0000E+00  1.0285E+00 2.8641E+02    1.1522E-02    1.2400E-08    7.9185E+00   -3.5172E+00    4.8732E+01    2.0900E-04
