     ALT          P          T          FH2O           O3           THEAT        TCOOL        PSATCO2        FCO2
7.3660E+01  3.2610E-05 2.2033E+02    4.2518E-06    5.9261E-08    3.6092E+01   -6.3967E+01    6.0810E+00    2.0800E-04
7.2539E+01  3.8506E-05 2.2168E+02    4.4839E-06    7.3323E-08    5.0240E+00   -4.2037E+01    6.4299E+00    2.0800E-04
7.1421E+01  4.5410E-05 2.2308E+02    4.7011E-06    9.3050E-08    2.1884E+00   -2.6939E+01    6.8094E+00    2.0800E-04
7.0304E+01  5.3485E-05 2.2454E+02    4.8932E-06    1.1984E-07    2.0046E+00   -1.7161E+01    7.2238E+00    2.0800E-04
6.9188E+01  6.2917E-05 2.2607E+02    5.0602E-06    1.5338E-07    2.1285E+00   -1.1261E+01    7.6737E+00    2.0800E-04
6.8074E+01  7.3919E-05 2.2763E+02    5.2124E-06    1.9256E-07    2.3052E+00   -7.9570E+00    8.1582E+00    2.0800E-04
6.6961E+01  8.6735E-05 2.2923E+02    5.3500E-06    2.3423E-07    2.4970E+00   -6.2168E+00    8.6758E+00    2.0800E-04
6.5850E+01  1.0165E-04 2.3085E+02    5.4712E-06    2.7656E-07    2.6944E+00   -5.3646E+00    9.2250E+00    2.0800E-04
6.4740E+01  1.1897E-04 2.3248E+02    5.5818E-06    3.2194E-07    2.9182E+00   -5.0024E+00    9.8041E+00    2.0800E-04
6.3632E+01  1.3907E-04 2.3412E+02    5.6804E-06    3.7113E-07    3.1632E+00   -4.8884E+00    1.0411E+01    2.0800E-04
6.2525E+01  1.6236E-04 2.3575E+02    5.7642E-06    4.2616E-07    3.4378E+00   -4.8982E+00    1.1044E+01    2.0800E-04
6.1420E+01  1.8931E-04 2.3737E+02    5.8405E-06    4.8736E-07    3.7421E+00   -4.9702E+00    1.1702E+01    2.0800E-04
6.0317E+01  2.2046E-04 2.3899E+02    5.9168E-06    5.5545E-07    4.0760E+00   -5.0804E+00    1.2384E+01    2.0800E-04
5.9216E+01  2.5642E-04 2.4059E+02    5.9728E-06    6.3139E-07    4.4385E+00   -5.2078E+00    1.3088E+01    2.0800E-04
5.8118E+01  2.9785E-04 2.4217E+02    6.0287E-06    7.1444E-07    4.8205E+00   -5.3537E+00    1.3815E+01    2.0800E-04
5.7022E+01  3.4555E-04 2.4375E+02    6.0797E-06    8.0600E-07    5.2199E+00   -5.5131E+00    1.4566E+01    2.0800E-04
5.5928E+01  4.0039E-04 2.4531E+02    6.1234E-06    9.0694E-07    5.6286E+00   -5.6814E+00    1.5340E+01    2.0800E-04
5.4838E+01  4.6334E-04 2.4686E+02    6.1671E-06    1.0129E-06    6.0230E+00   -5.8552E+00    1.6138E+01    2.0800E-04
5.3750E+01  5.3551E-04 2.4841E+02    6.2003E-06    1.1417E-06    6.4516E+00   -6.0316E+00    1.6961E+01    2.0800E-04
5.2665E+01  6.1814E-04 2.4994E+02    6.2320E-06    1.2735E-06    6.8294E+00   -6.2006E+00    1.7810E+01    2.0800E-04
5.1584E+01  7.1263E-04 2.5147E+02    6.2536E-06    1.4283E-06    7.2062E+00   -6.3459E+00    1.8684E+01    2.0800E-04
5.0507E+01  8.2052E-04 2.5299E+02    6.2752E-06    1.6008E-06    7.5415E+00   -6.4809E+00    1.9586E+01    2.0800E-04
4.9432E+01  9.4356E-04 2.5450E+02    6.2900E-06    1.7893E-06    7.8094E+00   -6.6043E+00    2.0515E+01    2.0800E-04
4.8362E+01  1.0837E-03 2.5601E+02    6.3000E-06    2.0082E-06    8.0363E+00   -6.7692E+00    2.1472E+01    2.0800E-04
4.7295E+01  1.2430E-03 2.5751E+02    6.3000E-06    2.2432E-06    8.1577E+00   -7.0068E+00    2.2458E+01    2.0800E-04
4.6233E+01  1.4241E-03 2.5910E+02    6.3000E-06    2.4983E-06    8.1665E+00   -7.3009E+00    2.3537E+01    2.0800E-04
4.5174E+01  1.6294E-03 2.6045E+02    6.2882E-06    2.7851E-06    8.0784E+00   -7.5138E+00    2.4487E+01    2.0800E-04
4.4121E+01  1.8619E-03 2.6122E+02    6.2671E-06    3.0954E-06    7.8713E+00   -7.5364E+00    2.5036E+01    2.0800E-04
4.3077E+01  2.1250E-03 2.6125E+02    6.2362E-06    3.4331E-06    7.5575E+00   -7.3594E+00    2.5061E+01    2.0800E-04
4.2045E+01  2.4221E-03 2.6057E+02    6.1967E-06    3.7741E-06    7.1284E+00   -7.0194E+00    2.4568E+01    2.0800E-04
4.1027E+01  2.7574E-03 2.5925E+02    6.1456E-06    4.1010E-06    6.6149E+00   -6.5707E+00    2.3643E+01    2.0800E-04
4.0025E+01  3.1351E-03 2.5743E+02    6.0855E-06    4.3921E-06    6.0582E+00   -6.0626E+00    2.2409E+01    2.0800E-04
3.9041E+01  3.5601E-03 2.5525E+02    6.0120E-06    4.6291E-06    5.5013E+00   -5.5351E+00    2.0988E+01    2.0800E-04
3.8076E+01  4.0375E-03 2.5281E+02    5.9348E-06    4.8240E-06    4.9898E+00   -5.0258E+00    1.9483E+01    2.0800E-04
3.7130E+01  4.5732E-03 2.5022E+02    5.8491E-06    4.9689E-06    4.5308E+00   -4.5580E+00    1.7967E+01    2.0800E-04
3.6204E+01  5.1735E-03 2.4752E+02    5.7638E-06    5.0774E-06    4.1302E+00   -4.1408E+00    1.6487E+01    2.0800E-04
3.5297E+01  5.8452E-03 2.4478E+02    5.6732E-06    5.1674E-06    3.7837E+00   -3.7812E+00    1.5076E+01    2.0800E-04
3.4410E+01  6.5958E-03 2.4204E+02    5.5745E-06    5.2313E-06    3.4736E+00   -3.4675E+00    1.3754E+01    2.0800E-04
3.3543E+01  7.4334E-03 2.3935E+02    5.4733E-06    5.2744E-06    3.1913E+00   -3.1866E+00    1.2538E+01    2.0800E-04
3.2694E+01  8.3668E-03 2.3674E+02    5.3815E-06    5.2900E-06    2.9274E+00   -2.9271E+00    1.1440E+01    2.0800E-04
3.1864E+01  9.4056E-03 2.3426E+02    5.2818E-06    5.2820E-06    2.6794E+00   -2.6837E+00    1.0465E+01    2.0800E-04
3.1051E+01  1.0560E-02 2.3196E+02    5.1842E-06    5.2428E-06    2.4429E+00   -2.4814E+00    9.6167E+00    2.0800E-04
3.0254E+01  1.1841E-02 2.2987E+02    5.0888E-06    5.1586E-06    2.2153E+00   -2.2408E+00    8.8897E+00    2.0800E-04
2.9474E+01  1.3261E-02 2.2799E+02    4.9950E-06    5.0375E-06    2.0014E+00   -2.0152E+00    8.2712E+00    2.0800E-04
2.8708E+01  1.4832E-02 2.2630E+02    4.9032E-06    4.8764E-06    1.8027E+00   -1.8069E+00    7.7456E+00    2.0800E-04
2.7956E+01  1.6569E-02 2.2480E+02    4.8068E-06    4.6834E-06    1.6226E+00   -1.6174E+00    7.2967E+00    2.0800E-04
2.7218E+01  1.8486E-02 2.2344E+02    4.7145E-06    4.4652E-06    1.4626E+00   -1.4486E+00    6.9093E+00    2.0800E-04
2.6493E+01  2.0598E-02 2.2220E+02    4.6275E-06    4.2272E-06    1.3222E+00   -1.3007E+00    6.5699E+00    2.0800E-04
2.5780E+01  2.2923E-02 2.2106E+02    4.5421E-06    3.9664E-06    1.1985E+00   -1.1728E+00    6.2676E+00    2.0800E-04
2.5079E+01  2.5479E-02 2.1998E+02    4.4579E-06    3.7055E-06    1.0916E+00   -1.0619E+00    5.9937E+00    2.0800E-04
2.4390E+01  2.8283E-02 2.1896E+02    4.3753E-06    3.4378E-06    9.9657E-01   -9.6469E-01    5.7419E+00    2.0800E-04
2.3713E+01  3.1356E-02 2.1799E+02    4.2941E-06    3.1699E-06    9.1054E-01   -8.7728E-01    5.5080E+00    2.0800E-04
2.3047E+01  3.4720E-02 2.1704E+02    4.2142E-06    2.9026E-06    8.3053E-01   -7.9679E-01    5.2895E+00    2.0800E-04
2.2392E+01  3.8396E-02 2.1613E+02    4.1357E-06    2.6411E-06    7.5532E-01   -7.2126E-01    5.0360E+00    2.0800E-04
2.1748E+01  4.2408E-02 2.1526E+02    4.0586E-06    2.3950E-06    6.8470E-01   -6.4947E-01    4.7513E+00    2.0800E-04
2.1115E+01  4.6780E-02 2.1443E+02    3.9855E-06    2.1433E-06    6.1533E-01   -5.8314E-01    4.4932E+00    2.0800E-04
2.0492E+01  5.1538E-02 2.1365E+02    3.9179E-06    1.9120E-06    5.5078E-01   -5.1989E-01    4.2614E+00    2.0800E-04
1.9880E+01  5.6708E-02 2.1292E+02    3.8446E-06    1.6923E-06    4.9009E-01   -4.5923E-01    4.0556E+00    2.0800E-04
1.9278E+01  6.2318E-02 2.1226E+02    3.7821E-06    1.4771E-06    4.3269E-01   -4.0275E-01    3.8745E+00    2.0800E-04
1.8686E+01  6.8397E-02 2.1166E+02    3.7129E-06    1.2761E-06    3.8034E-01   -3.4873E-01    3.7164E+00    2.0800E-04
1.8104E+01  7.4975E-02 2.1111E+02    3.6578E-06    1.0921E-06    3.3380E-01   -2.9828E-01    3.5788E+00    2.0800E-04
1.7531E+01  8.2081E-02 2.1063E+02    3.6075E-06    9.2404E-07    2.9292E-01   -2.5266E-01    3.4588E+00    2.0800E-04
1.6967E+01  8.9748E-02 2.1019E+02    3.5570E-06    7.7107E-07    2.5727E-01   -2.1396E-01    3.3534E+00    2.0800E-04
1.6413E+01  9.8007E-02 2.0979E+02    3.5127E-06    6.3310E-07    2.2650E-01   -1.8418E-01    3.2605E+00    2.0800E-04
1.5868E+01  1.0689E-01 2.0942E+02    3.4768E-06    5.1104E-07    1.9921E-01   -1.3549E-01    3.1777E+00    2.0800E-04
1.5331E+01  1.1643E-01 2.0910E+02    3.4447E-06    4.0748E-07    1.7621E-01   -1.1739E-01    3.1047E+00    2.0800E-04
1.4804E+01  1.2667E-01 2.0882E+02    3.4221E-06    3.2052E-07    1.5723E-01   -1.0624E-01    3.0437E+00    2.0800E-04
1.4285E+01  1.3763E-01 2.0861E+02    3.4013E-06    2.4996E-07    1.4176E-01   -9.9837E-02    2.9989E+00    2.0800E-04
1.3774E+01  1.4935E-01 2.0850E+02    3.3809E-06    1.9034E-07    1.2886E-01   -9.8374E-02    2.9752E+00    2.0800E-04
1.3271E+01  1.6187E-01 2.0850E+02    3.3704E-06    1.4368E-07    1.1867E-01   -9.8088E-02    2.9765E+00    2.0800E-04
1.2776E+01  1.7521E-01 2.0864E+02    3.3605E-06    1.1151E-07    1.1124E-01   -9.4496E-02    3.0058E+00    2.0800E-04
1.2289E+01  1.8941E-01 2.0892E+02    3.3692E-06    9.1356E-08    1.0626E-01   -8.7760E-02    3.0657E+00    2.0800E-04
1.1809E+01  2.0451E-01 2.0932E+02    3.5541E-06    7.5752E-08    1.0350E-01   -8.5997E-02    3.1556E+00    2.0800E-04
1.1335E+01  2.2053E-01 2.0978E+02    4.3959E-06    6.4287E-08    1.0475E-01   -9.1457E-02    3.2586E+00    2.0800E-04
1.0869E+01  2.3751E-01 2.1041E+02    5.0267E-06    5.7491E-08    1.0674E-01   -7.3911E-02    3.4072E+00    2.0800E-04
1.0409E+01  2.5547E-01 2.1112E+02    5.8911E-06    5.3332E-08    1.0829E-01   -1.8586E-02    3.5813E+00    2.0800E-04
9.9549E+00  2.7445E-01 2.1251E+02    7.1196E-06    5.0265E-08    1.1384E-01   -1.1433E-01    3.9407E+00    2.0800E-04
9.5029E+00  2.9446E-01 2.1672E+02    1.2551E-05    4.7661E-08    1.3826E-01   -4.7484E-01    5.2168E+00    2.0800E-04
9.0502E+00  3.1554E-01 2.2107E+02    2.2003E-05    4.5215E-08    1.7674E-01   -8.7443E-01    6.2711E+00    2.0800E-04
8.5970E+00  3.3769E-01 2.2539E+02    3.7618E-05    4.2831E-08    2.2823E-01   -1.2842E+00    7.4712E+00    2.0800E-04
8.1437E+00  3.6095E-01 2.2967E+02    6.2689E-05    4.0567E-08    2.9037E-01   -1.6569E+00    8.8209E+00    2.0800E-04
7.6908E+00  3.8532E-01 2.3387E+02    1.0175E-04    3.8306E-08    3.5785E-01   -1.9445E+00    1.0319E+01    2.0800E-04
7.2387E+00  4.1082E-01 2.3799E+02    1.6069E-04    3.6055E-08    4.2809E-01   -2.1383E+00    1.1959E+01    2.0800E-04
6.7879E+00  4.3746E-01 2.4199E+02    2.4675E-04    3.3977E-08    5.0396E-01   -2.2647E+00    1.3729E+01    2.0800E-04
6.3390E+00  4.6524E-01 2.4584E+02    3.6820E-04    3.1905E-08    5.8109E-01   -2.3124E+00    1.5610E+01    2.0800E-04
5.8925E+00  4.9415E-01 2.4953E+02    5.3389E-04    2.9917E-08    6.4564E-01   -2.3147E+00    1.7582E+01    2.0800E-04
5.4490E+00  5.2421E-01 2.5304E+02    7.5263E-04    2.7961E-08    6.9116E-01   -2.2945E+00    1.9621E+01    2.0800E-04
5.0091E+00  5.5539E-01 2.5637E+02    1.0326E-03    2.6072E-08    7.2393E-01   -2.2754E+00    2.1705E+01    2.0800E-04
4.5734E+00  5.8768E-01 2.5950E+02    1.3811E-03    2.4279E-08    7.5040E-01   -2.2307E+00    2.3815E+01    2.0800E-04
4.1423E+00  6.2107E-01 2.6244E+02    1.8042E-03    2.2581E-08    7.7022E-01   -2.1670E+00    2.5932E+01    2.0800E-04
3.7165E+00  6.5553E-01 2.6521E+02    2.3068E-03    2.0977E-08    7.8058E-01   -2.0996E+00    2.8045E+01    2.0800E-04
3.2963E+00  6.9103E-01 2.6781E+02    2.8926E-03    1.9463E-08    7.8180E-01   -2.0035E+00    3.0143E+01    2.0800E-04
2.8823E+00  7.2753E-01 2.7026E+02    3.5643E-03    1.8112E-08    7.7696E-01   -1.8519E+00    3.2220E+01    2.0800E-04
2.4748E+00  7.6499E-01 2.7256E+02    4.3237E-03    1.6860E-08    7.6905E-01   -1.7044E+00    3.4271E+01    2.0800E-04
2.0740E+00  8.0338E-01 2.7493E+02    5.2414E-03    1.5768E-08    7.6461E-01   -1.6166E+00    3.6474E+01    2.0800E-04
1.6802E+00  8.4262E-01 2.7721E+02    6.1379E-03    1.4842E-08    7.4408E-01   -1.5276E+00    3.8702E+01    2.0800E-04
1.2936E+00  8.8267E-01 2.7940E+02    7.1757E-03    1.3993E-08    7.2871E-01   -1.5234E+00    4.0935E+01    2.0800E-04
9.1445E-01  9.2346E-01 2.8148E+02    8.2859E-03    1.3358E-08    7.1647E-01   -1.5907E+00    4.3138E+01    2.0800E-04
5.4314E-01  9.6491E-01 2.8346E+02    9.4055E-03    1.2806E-08    7.1105E-01   -1.7799E+00    4.5327E+01    2.0800E-04
1.7989E-01  1.0070E+00 2.8535E+02    1.0764E-02    1.2305E-08    7.3110E-01   -2.0324E+00    4.7490E+01    2.0800E-04
0.0000E+00  1.0283E+00 2.8630E+02    1.1445E-02    1.2400E-08    7.9228E+00   -3.5259E+00    4.8602E+01    2.0800E-04
