     ALT          P          T          FH2O           O3           THEAT        TCOOL        PSATCO2        FCO2
7.2615E+01  3.2610E-05 2.2041E+02    2.8452E-06    7.1386E-08    3.6188E+01   -6.3445E+01    6.1006E+00    2.0900E-04
7.1492E+01  3.8507E-05 2.2175E+02    3.0112E-06    8.7709E-08    5.0402E+00   -4.1248E+01    6.4502E+00    2.0900E-04
7.0372E+01  4.5413E-05 2.2315E+02    3.1569E-06    1.1049E-07    2.2455E+00   -2.6011E+01    6.8299E+00    2.0900E-04
6.9253E+01  5.3490E-05 2.2461E+02    3.2864E-06    1.4151E-07    2.0901E+00   -1.6168E+01    7.2435E+00    2.0900E-04
6.8136E+01  6.2924E-05 2.2613E+02    3.4095E-06    1.8056E-07    2.2449E+00   -1.0271E+01    7.6918E+00    2.0900E-04
6.7020E+01  7.3929E-05 2.2768E+02    3.5117E-06    2.2685E-07    2.4597E+00   -6.9920E+00    8.1737E+00    2.0900E-04
6.5906E+01  8.6749E-05 2.2927E+02    3.6102E-06    2.7545E-07    2.6895E+00   -5.3002E+00    8.6879E+00    2.0900E-04
6.4793E+01  1.0166E-04 2.3087E+02    3.6885E-06    3.2449E-07    2.9229E+00   -4.5035E+00    9.2327E+00    2.0900E-04
6.3682E+01  1.1899E-04 2.3249E+02    3.7668E-06    3.7595E-07    3.1794E+00   -4.2015E+00    9.8063E+00    2.0900E-04
6.2572E+01  1.3910E-04 2.3411E+02    3.8363E-06    4.3168E-07    3.4581E+00   -4.1523E+00    1.0407E+01    2.0900E-04
6.1464E+01  1.6240E-04 2.3572E+02    3.8923E-06    4.9323E-07    3.7650E+00   -4.2301E+00    1.1032E+01    2.0900E-04
6.0358E+01  1.8937E-04 2.3733E+02    3.9455E-06    5.6084E-07    4.0999E+00   -4.3767E+00    1.1682E+01    2.0900E-04
5.9254E+01  2.2053E-04 2.3892E+02    3.9993E-06    6.3700E-07    4.4694E+00   -4.5666E+00    1.2354E+01    2.0900E-04
5.8152E+01  2.5650E-04 2.4050E+02    4.0365E-06    7.2096E-07    4.8644E+00   -4.7778E+00    1.3048E+01    2.0900E-04
5.7053E+01  2.9796E-04 2.4206E+02    4.0768E-06    8.1276E-07    5.2776E+00   -5.0124E+00    1.3764E+01    2.0900E-04
5.5956E+01  3.4568E-04 2.4362E+02    4.1102E-06    9.1389E-07    5.7041E+00   -5.2614E+00    1.4502E+01    2.0900E-04
5.4862E+01  4.0054E-04 2.4516E+02    4.1419E-06    1.0212E-06    6.1256E+00   -5.5201E+00    1.5264E+01    2.0900E-04
5.3771E+01  4.6353E-04 2.4669E+02    4.1636E-06    1.1512E-06    6.5876E+00   -5.7849E+00    1.6049E+01    2.0900E-04
5.2683E+01  5.3574E-04 2.4822E+02    4.1852E-06    1.2860E-06    7.0073E+00   -6.0472E+00    1.6859E+01    2.0900E-04
5.1598E+01  6.1842E-04 2.4973E+02    4.2000E-06    1.4370E-06    7.4047E+00   -6.3010E+00    1.7693E+01    2.0900E-04
5.0516E+01  7.1296E-04 2.5124E+02    4.2100E-06    1.6057E-06    7.7703E+00   -6.5300E+00    1.8554E+01    2.0900E-04
4.9438E+01  8.2093E-04 2.5275E+02    4.2200E-06    1.7969E-06    8.0948E+00   -6.7439E+00    1.9442E+01    2.0900E-04
4.8364E+01  9.4404E-04 2.5425E+02    4.2200E-06    2.0109E-06    8.3555E+00   -6.9433E+00    2.0357E+01    2.0900E-04
4.7293E+01  1.0843E-03 2.5574E+02    4.2177E-06    2.2546E-06    8.5541E+00   -7.2133E+00    2.1301E+01    2.0900E-04
4.6226E+01  1.2437E-03 2.5730E+02    4.2065E-06    2.5178E-06    8.6414E+00   -7.5348E+00    2.2319E+01    2.0900E-04
4.5163E+01  1.4249E-03 2.5871E+02    4.1808E-06    2.8223E-06    8.6487E+00   -7.7976E+00    2.3268E+01    2.0900E-04
4.4106E+01  1.6303E-03 2.5962E+02    4.1488E-06    3.1899E-06    8.5971E+00   -7.9041E+00    2.3900E+01    2.0900E-04
4.3056E+01  1.8630E-03 2.5983E+02    4.1073E-06    3.6343E-06    8.4721E+00   -7.8130E+00    2.4045E+01    2.0900E-04
4.2018E+01  2.1263E-03 2.5925E+02    4.0495E-06    4.1457E-06    8.2302E+00   -7.5275E+00    2.3643E+01    2.0900E-04
4.0994E+01  2.4237E-03 2.5789E+02    3.9822E-06    4.7024E-06    7.8528E+00   -7.0806E+00    2.2717E+01    2.0900E-04
3.9986E+01  2.7592E-03 2.5584E+02    3.9035E-06    5.2534E-06    7.3453E+00   -6.5117E+00    2.1363E+01    2.0900E-04
3.8998E+01  3.1373E-03 2.5320E+02    3.8209E-06    5.7539E-06    6.7617E+00   -5.8686E+00    1.9717E+01    2.0900E-04
3.8031E+01  3.5626E-03 2.5013E+02    3.7373E-06    6.1695E-06    6.1641E+00   -5.1995E+00    1.7919E+01    2.0900E-04
3.7085E+01  4.0404E-03 2.4676E+02    3.6363E-06    6.5005E-06    5.6061E+00   -4.5390E+00    1.6084E+01    2.0900E-04
3.6163E+01  4.5766E-03 2.4319E+02    3.5474E-06    6.7543E-06    5.1024E+00   -3.9370E+00    1.4296E+01    2.0900E-04
3.5264E+01  5.1775E-03 2.3952E+02    3.4438E-06    6.9190E-06    4.6405E+00   -3.4070E+00    1.2614E+01    2.0900E-04
3.4387E+01  5.8498E-03 2.3583E+02    3.3475E-06    7.0279E-06    4.2232E+00   -2.9556E+00    1.1076E+01    2.0900E-04
3.3534E+01  6.6011E-03 2.3221E+02    3.2549E-06    7.0692E-06    3.8353E+00   -2.5739E+00    9.7048E+00    2.0900E-04
3.2702E+01  7.4395E-03 2.2873E+02    3.1590E-06    7.0395E-06    3.4709E+00   -2.2495E+00    8.5111E+00    2.0900E-04
3.1891E+01  8.3738E-03 2.2547E+02    3.0654E-06    6.9581E-06    3.1336E+00   -1.9715E+00    7.4949E+00    2.0900E-04
3.1100E+01  9.4136E-03 2.2249E+02    2.9815E-06    6.8054E-06    2.8168E+00   -1.7327E+00    6.6475E+00    2.0900E-04
3.0328E+01  1.0569E-02 2.1983E+02    2.8941E-06    6.5877E-06    2.5219E+00   -1.5388E+00    5.9546E+00    2.0900E-04
2.9573E+01  1.1852E-02 2.1751E+02    2.8135E-06    6.3239E-06    2.2530E+00   -1.3311E+00    5.3958E+00    2.0900E-04
2.8834E+01  1.3273E-02 2.1551E+02    2.7317E-06    6.0196E-06    2.0098E+00   -1.1479E+00    4.8304E+00    2.0900E-04
2.8109E+01  1.4846E-02 2.1381E+02    2.6551E-06    5.6798E-06    1.7914E+00   -9.8920E-01    4.3070E+00    2.0900E-04
2.7398E+01  1.6585E-02 2.1236E+02    2.5815E-06    5.3279E-06    1.5996E+00   -8.5361E-01    3.9011E+00    2.0900E-04
2.6700E+01  1.8503E-02 2.1112E+02    2.5096E-06    4.9540E-06    1.4302E+00   -7.4018E-01    3.5812E+00    2.0900E-04
2.6013E+01  2.0618E-02 2.1006E+02    2.4357E-06    4.5838E-06    1.2844E+00   -6.4652E-01    3.3245E+00    2.0900E-04
2.5338E+01  2.2946E-02 2.0914E+02    2.3695E-06    4.2272E-06    1.1600E+00   -5.7031E-01    3.1141E+00    2.0900E-04
2.4674E+01  2.5504E-02 2.0832E+02    2.3040E-06    3.8722E-06    1.0511E+00   -5.0850E-01    2.9379E+00    2.0900E-04
2.4020E+01  2.8312E-02 2.0759E+02    2.2396E-06    3.5365E-06    9.5645E-01   -4.5662E-01    2.7873E+00    2.0900E-04
2.3377E+01  3.1389E-02 2.0692E+02    2.1762E-06    3.2202E-06    8.7219E-01   -4.1093E-01    2.6562E+00    2.0900E-04
2.2743E+01  3.4757E-02 2.0631E+02    2.1149E-06    2.9098E-06    7.9355E-01   -3.6972E-01    2.5405E+00    2.0900E-04
2.2119E+01  3.8437E-02 2.0575E+02    2.0619E-06    2.6248E-06    7.2112E-01   -3.3037E-01    2.4375E+00    2.0900E-04
2.1505E+01  4.2454E-02 2.0522E+02    2.0011E-06    2.3509E-06    6.5193E-01   -2.9233E-01    2.3456E+00    2.0900E-04
2.0900E+01  4.6831E-02 2.0475E+02    1.9490E-06    2.1037E-06    5.8752E-01   -2.5448E-01    2.2637E+00    2.0900E-04
2.0304E+01  5.1595E-02 2.0431E+02    1.8923E-06    1.8688E-06    5.2577E-01   -2.1751E-01    2.1916E+00    2.0900E-04
1.9717E+01  5.6772E-02 2.0392E+02    1.8441E-06    1.6378E-06    4.6607E-01   -1.8333E-01    2.1289E+00    2.0900E-04
1.9140E+01  6.2389E-02 2.0358E+02    1.7894E-06    1.4303E-06    4.1149E-01   -1.4830E-01    2.0757E+00    2.0900E-04
1.8571E+01  6.8476E-02 2.0330E+02    1.7442E-06    1.2346E-06    3.6131E-01   -1.1507E-01    2.0315E+00    2.0900E-04
1.8010E+01  7.5062E-02 2.0306E+02    1.7047E-06    1.0570E-06    3.1655E-01   -8.3379E-02    1.9957E+00    2.0900E-04
1.7458E+01  8.2177E-02 2.0287E+02    1.6657E-06    8.9299E-07    2.7683E-01   -5.5422E-02    1.9674E+00    2.0900E-04
1.6914E+01  8.9854E-02 2.0273E+02    1.6294E-06    7.4618E-07    2.4249E-01   -3.2562E-02    1.9461E+00    2.0900E-04
1.6378E+01  9.8124E-02 2.0262E+02    1.6050E-06    6.1411E-07    2.1298E-01   -1.7129E-02    1.9309E+00    2.0900E-04
1.5850E+01  1.0702E-01 2.0256E+02    1.5759E-06    4.9785E-07    1.8693E-01    2.7040E-02    1.9208E+00    2.0900E-04
1.5330E+01  1.1658E-01 2.0252E+02    1.5533E-06    3.9901E-07    1.6510E-01    3.1906E-02    1.9161E+00    2.0900E-04
1.4818E+01  1.2683E-01 2.0254E+02    1.5329E-06    3.1555E-07    1.4706E-01    3.1511E-02    1.9190E+00    2.0900E-04
1.4313E+01  1.3780E-01 2.0263E+02    1.5214E-06    2.4740E-07    1.3238E-01    2.7979E-02    1.9319E+00    2.0900E-04
1.3816E+01  1.4954E-01 2.0281E+02    1.5115E-06    1.9058E-07    1.2025E-01    2.2551E-02    1.9580E+00    2.0900E-04
1.3326E+01  1.6207E-01 2.0310E+02    1.5018E-06    1.4505E-07    1.1065E-01    1.6225E-02    2.0013E+00    2.0900E-04
1.2843E+01  1.7543E-01 2.0351E+02    1.7501E-06    1.1384E-07    1.0537E-01    3.8243E-03    2.0640E+00    2.0900E-04
1.2366E+01  1.8966E-01 2.0400E+02    1.9720E-06    9.2929E-08    1.0200E-01    1.4780E-02    2.1423E+00    2.0900E-04
1.1897E+01  2.0478E-01 2.0452E+02    2.2448E-06    7.7504E-08    1.0001E-01    5.4666E-02    2.2269E+00    2.0900E-04
1.1433E+01  2.2082E-01 2.0542E+02    2.5738E-06    6.5855E-08    9.9632E-02    6.9061E-03    2.3790E+00    2.0900E-04
1.0973E+01  2.3783E-01 2.0829E+02    3.9160E-06    5.8126E-08    1.0620E-01   -9.0356E-02    2.9321E+00    2.0900E-04
1.0515E+01  2.5582E-01 2.1051E+02    5.3735E-06    5.3388E-08    1.1473E-01   -2.1273E-01    3.4304E+00    2.0900E-04
1.0059E+01  2.7482E-01 2.1493E+02    9.8390E-06    5.0105E-08    1.3902E-01   -5.6589E-01    4.6457E+00    2.0900E-04
9.6005E+00  2.9486E-01 2.1933E+02    1.7553E-05    4.7370E-08    1.7499E-01   -9.4167E-01    5.8326E+00    2.0900E-04
9.1416E+00  3.1597E-01 2.2372E+02    3.0521E-05    4.4908E-08    2.2230E-01   -1.3222E+00    6.9889E+00    2.0900E-04
8.6823E+00  3.3816E-01 2.2807E+02    5.1708E-05    4.2517E-08    2.8053E-01   -1.6825E+00    8.2975E+00    2.0900E-04
8.2229E+00  3.6145E-01 2.3236E+02    8.5281E-05    4.0131E-08    3.4644E-01   -1.9851E+00    9.7589E+00    2.0900E-04
7.7640E+00  3.8586E-01 2.3656E+02    1.3679E-04    3.7828E-08    4.1484E-01   -2.1946E+00    1.1368E+01    2.0900E-04
7.3061E+00  4.1140E-01 2.4065E+02    2.1320E-04    3.5615E-08    4.8718E-01   -2.3332E+00    1.3114E+01    2.0900E-04
6.8496E+00  4.3808E-01 2.4459E+02    3.2265E-04    3.3493E-08    5.6508E-01   -2.4041E+00    1.4980E+01    2.0900E-04
6.3953E+00  4.6590E-01 2.4837E+02    4.7400E-04    3.1393E-08    6.3692E-01   -2.4103E+00    1.6944E+01    2.0900E-04
5.9436E+00  4.9487E-01 2.5197E+02    6.7625E-04    2.9369E-08    6.9009E-01   -2.3877E+00    1.8982E+01    2.0900E-04
5.4952E+00  5.2497E-01 2.5538E+02    9.3791E-04    2.7441E-08    7.2631E-01   -2.3630E+00    2.1071E+01    2.0900E-04
5.0506E+00  5.5620E-01 2.5859E+02    1.2666E-03    2.5570E-08    7.5413E-01   -2.3251E+00    2.3189E+01    2.0900E-04
4.6105E+00  5.8854E-01 2.6161E+02    1.6687E-03    2.3749E-08    7.7626E-01   -2.2587E+00    2.5318E+01    2.0900E-04
4.1754E+00  6.2199E-01 2.6444E+02    2.1496E-03    2.2026E-08    7.8997E-01   -2.1872E+00    2.7446E+01    2.0900E-04
3.7457E+00  6.5650E-01 2.6710E+02    2.7133E-03    2.0401E-08    7.9369E-01   -2.1011E+00    2.9561E+01    2.0900E-04
3.3219E+00  6.9206E-01 2.6961E+02    3.3630E-03    1.8949E-08    7.8980E-01   -1.9646E+00    3.1655E+01    2.0900E-04
2.9045E+00  7.2862E-01 2.7196E+02    4.1010E-03    1.7590E-08    7.8196E-01   -1.8063E+00    3.3725E+01    2.0900E-04
2.4936E+00  7.6615E-01 2.7432E+02    4.9923E-03    1.6375E-08    7.7649E-01   -1.6887E+00    3.5902E+01    2.0900E-04
2.0896E+00  8.0459E-01 2.7666E+02    5.9056E-03    1.5310E-08    7.5813E-01   -1.5820E+00    3.8153E+01    2.0900E-04
1.6926E+00  8.4390E-01 2.7889E+02    6.8864E-03    1.4385E-08    7.3698E-01   -1.5304E+00    4.0407E+01    2.0900E-04
1.3030E+00  8.8402E-01 2.8102E+02    8.0189E-03    1.3605E-08    7.2193E-01   -1.5591E+00    4.2639E+01    2.0900E-04
9.2102E-01  9.2487E-01 2.8304E+02    9.0993E-03    1.2970E-08    7.0579E-01   -1.6410E+00    4.4850E+01    2.0900E-04
5.4699E-01  9.6640E-01 2.8497E+02    1.0468E-02    1.2412E-08    7.1232E-01   -1.8911E+00    4.7051E+01    2.0900E-04
1.8115E-01  1.0085E+00 2.8681E+02    1.1791E-02    1.1907E-08    7.2759E-01   -2.1233E+00    4.9216E+01    2.0900E-04
0.0000E+00  1.0299E+00 2.8774E+02    1.2456E-02    1.2000E-08    7.8614E+00   -3.4093E+00    5.0335E+01    2.0900E-04
