   220.889707842303        0.351515232432071E-05
   222.239076111864        0.371778189700748E-05
   223.644588811444        0.389535183745416E-05
   225.112351794272        0.405222219658328E-05
   226.635051707821        0.419893667690164E-05
   228.201617527813        0.432615119736607E-05
   229.800570305874        0.443840351506754E-05
   231.420980145729        0.454590299805087E-05
   233.052924533766        0.463497938536365E-05
   234.687888083337        0.471546624869824E-05
   236.319084131041        0.479208598946676E-05
   237.941608574240        0.485857749017196E-05
   239.552393322612        0.491495836959979E-05
   241.149983975190        0.496414891924962E-05
   242.734194254921        0.501822971656967E-05
   244.305704278066        0.505220351254050E-05
   245.865671687473        0.509303479355996E-05
   247.415411633713        0.512491024336340E-05
   248.956177506341        0.515344740171722E-05
   250.489046694583        0.517847847793543E-05
   252.014892585374        0.520000000000000E-05
   253.534411323838        0.521177958399704E-05
   255.048171150362        0.522000000000000E-05
   256.556660524859        0.522479170986357E-05
   258.082325128616        0.522000000000000E-05
   259.620119167452        0.521249606795338E-05
   260.826231753611        0.519127721045925E-05
   261.404186814318        0.517019598440161E-05
   261.258753392841        0.512861143082780E-05
   260.414020612504        0.508599058451769E-05
   258.964031129381        0.502496550815681E-05
   257.033938728397        0.495327403135457E-05
   254.750487625132        0.487474328752134E-05
   252.222501754558        0.479720764048948E-05
   249.533278648679        0.470296956783453E-05
   246.742119770324        0.461072451658293E-05
   243.895337472449        0.451460743292170E-05
   241.035075249231        0.441235991979377E-05
   238.204127573145        0.431548288231849E-05
   235.446510954208        0.421438537277121E-05
   232.807025723947        0.411559074365835E-05
   230.332073867090        0.401911960653404E-05
   228.050813285435        0.392454117152207E-05
   225.970948173527        0.383078863326434E-05
   224.084521598440        0.373145633651085E-05
   222.373769058004        0.365147321797329E-05
   220.815882678395        0.356127826572225E-05
   219.386833619567        0.348014032879493E-05
   218.064212277982        0.339607380455562E-05
   216.829365354655        0.331366348930257E-05
   215.668330362749        0.323270752866058E-05
   214.572003459204        0.315755508833796E-05
   213.535578440961        0.308486212898066E-05
   212.557695906419        0.300839807578442E-05
   211.640337737267        0.294239085300936E-05
   210.787784155778        0.287340195021278E-05
   210.004555633420        0.280502403493006E-05
   209.294213045822        0.274271150145326E-05
   208.658403201753        0.268377665415041E-05
   208.096566472257        0.262577550044429E-05
   207.605593964305        0.257300029438009E-05
   207.179942073979        0.252810059571145E-05
   206.813018330610        0.248391705498798E-05
   206.498961061344        0.244783603451383E-05
   206.229723767732        0.241573306655519E-05
   206.006782796787        0.238413312668265E-05
   205.842491511832        0.236202139499572E-05
   205.754548802211        0.234160343462108E-05
   205.764144576239        0.233075012804905E-05
   205.908525591065        0.232084804437454E-05
   206.156732544578        0.231109174572754E-05
   206.538438510563        0.273771081639136E-05
   207.066359301469        0.310015326813939E-05
   207.638310014292        0.355649528730195E-05
   208.536471424572        0.405591661582547E-05
   210.276318589027        0.520765955516739E-05
   213.449985146943        0.808306987687784E-05
   217.832797686606        0.144876550267299E-04
   222.199919372169        0.253197279850344E-04
   226.534822120467        0.431315036862690E-04
   230.817546950826        0.715712059704020E-04
   235.024884122410        0.115597071312438E-03
   239.131119247803        0.181570035975129E-03
   243.109509380217        0.277132913110346E-03
   246.935253072363        0.410852773556500E-03
   250.588331889519        0.591676439234143E-03
   254.055400691575        0.828324967391640E-03
   257.330433555231        0.112877906561140E-02
   260.414126669393        0.149995251875536E-02
   263.312467255469        0.194756559380157E-02
   266.035002863746        0.247616595273561E-02
   268.593228994528        0.308922306635683E-02
   270.999311258224        0.378923358426871E-02
   273.285811789839        0.459362373271627E-02
   275.665202875085        0.552509023337846E-02
   277.921757479040        0.641055422199172E-02
   280.084828745225        0.753271310072738E-02
   282.136227021709        0.862950840179258E-02
   284.104132642988        0.985732568806828E-02
   285.971362655537        0.111997172985374E-01
   286.908083186483        0.118737940755182E-01
