   220.004568872681        0.463504116766693E-05
   221.348612509336        0.489463631052135E-05
   222.750185271340        0.512809102594905E-05
   224.215600058394        0.533216712802603E-05
   225.737130127032        0.551121731624337E-05
   227.303060297528        0.567549537580642E-05
   228.901452253363        0.582517205749434E-05
   230.521052961467        0.595834384407033E-05
   232.152391668391        0.607113382185780E-05
   233.787485509332        0.617941755591525E-05
   235.419711669511        0.627781000372291E-05
   237.044105954052        0.635955946246672E-05
   238.657440463963        0.643564518581036E-05
   240.258051068905        0.650160204115416E-05
   241.845515434315        0.656494082675485E-05
   243.420271088420        0.661871642513916E-05
   244.983245397558        0.666857735436665E-05
   246.535550806222        0.670797618516376E-05
   248.078275546386        0.674939434637899E-05
   249.612374468511        0.678135445234136E-05
   251.138642817123        0.681294598531215E-05
   252.657743136528        0.683446946972010E-05
   254.170253922601        0.685000000000000E-05
   255.676715819444        0.686730080068427E-05
   257.177662157730        0.687000000000000E-05
   258.753735595145        0.687000000000000E-05
   260.138110054069        0.685902736561420E-05
   260.963577967392        0.683800007460096E-05
   261.060662909798        0.681428039816526E-05
   260.426062403897        0.677301760452059E-05
   259.147637539734        0.672231563361670E-05
   257.355736765430        0.666450678931591E-05
   255.187361605024        0.659581652759528E-05
   252.761838966705        0.651863020835144E-05
   250.170939558132        0.644124211266384E-05
   247.481697312708        0.634868216964528E-05
   244.745949901819        0.625804814847087E-05
   242.009954312718        0.616323485907540E-05
   239.319213848449        0.606916298820625E-05
   236.719404506499        0.596740040847565E-05
   234.255659840173        0.586771467540247E-05
   231.973552389820        0.577016664308216E-05
   229.899434577685        0.567465805384626E-05
   228.037671897610        0.558092541699638E-05
   226.377089163191        0.548910363841145E-05
   224.896010124880        0.539881174894414E-05
   223.566938960287        0.531028311167341E-05
   222.361152474602        0.522312500336120E-05
   221.251718461774        0.512883356942027E-05
   220.215442060308        0.504338857454946E-05
   219.234800988362        0.496062338994632E-05
   218.298010488488        0.487931927014133E-05
   217.398287341853        0.479920565179878E-05
   216.533291934130        0.472049932332893E-05
   215.705042224626        0.464316583350255E-05
   214.918750553373        0.456700175281515E-05
   214.181270971590        0.449677395155060E-05
   213.499312441494        0.442850190119944E-05
   212.878023071801        0.435613432193576E-05
   212.319468178344        0.429575693186046E-05
   211.821577960372        0.423732085220293E-05
   211.378654275998        0.417984290829351E-05
   210.983557338654        0.412865283127953E-05
   210.629859802290        0.408415176032333E-05
   210.309316752446        0.404778461390584E-05
   210.021499499415        0.401547786824634E-05
   209.777537921108        0.399246506052076E-05
   209.596998164839        0.397161612835450E-05
   209.503457642956        0.395110045451517E-05
   209.518824376216        0.394045454679805E-05
   209.656566482054        0.393051440309883E-05
   209.917461195011        0.392072477652402E-05
   210.290136996186        0.409788349577046E-05
   210.752747097306        0.471027015358109E-05
   211.270083878778        0.554707972274244E-05
   211.800568946751        0.643515894567505E-05
   213.113707136046        0.773157687749903E-05
   216.433946168287        0.120881241318625E-04
   220.776243855944        0.212103781810504E-04
   225.093291225318        0.362981084390588E-04
   229.366611223996        0.605519219991030E-04
   233.574343247702        0.983905125887160E-04
   237.691912319027        0.155592214871542E-03
   241.693492830132        0.239267870424842E-03
   245.554180653492        0.357606065130634E-03
   249.252476224189        0.519399959918346E-03
   252.772476892974        0.733454292999955E-03
   256.105195033374        0.100802864096083E-02
   259.248497013876        0.135043060447286E-02
   262.206023981888        0.176680589727110E-02
   264.985606623250        0.226209801200458E-02
   267.597636386605        0.284011113159271E-02
   270.053685107592        0.350360964701373E-02
   272.365482820862        0.425440725463346E-02
   274.736419337614        0.516833441623467E-02
   277.026176822951        0.606706220060285E-02
   279.222065254271        0.708137430603163E-02
   281.302932004812        0.819429065790542E-02
   283.287838300612        0.928294865878582E-02
   285.182623136513        0.106456654063699E-01
   286.129835793616        0.113275829819074E-01
