   188.777161609345        0.110000000000000E-04
   190.871815817435        0.111767542901045E-04
   193.435872979720        0.113000000000000E-04
   196.040728574294        0.114774626603073E-04
   198.513977150976        0.115754134189517E-04
   200.844170820352        0.116717650916152E-04
   203.060899564171        0.117665206640783E-04
   205.189861608961        0.118596836988713E-04
   207.247024089931        0.119000000000000E-04
   209.242271619831        0.120000000000000E-04
   211.182551603209        0.121000000000000E-04
   213.073364383362        0.121164999040679E-04
   214.919349388990        0.122000000000000E-04
   216.724535981149        0.122000000000000E-04
   218.492481866132        0.123000000000000E-04
   220.226361425093        0.123000000000000E-04
   221.929022519277        0.123267513094472E-04
   223.603024001172        0.124000000000000E-04
   225.250665001291        0.124000000000000E-04
   226.874014320936        0.124000000000000E-04
   228.474944428362        0.124000000000000E-04
   230.055170746809        0.124000000000000E-04
   231.616294022089        0.124000000000000E-04
   233.207881416175        0.124000000000000E-04
   234.790968562246        0.124000000000000E-04
   235.680649914622        0.123340250919176E-04
   235.437330605900        0.123000000000000E-04
   234.114343356110        0.123000000000000E-04
   231.978782917485        0.122000000000000E-04
   229.347969184442        0.121909040082468E-04
   226.509534166566        0.121000000000000E-04
   223.686882912908        0.120000000000000E-04
   221.028251578203        0.120000000000000E-04
   218.608283547769        0.119000000000000E-04
   216.440256714481        0.118220817401653E-04
   214.497177430344        0.117000000000000E-04
   212.736856650348        0.116254786345325E-04
   211.122736524801        0.115795282908383E-04
   209.636396186577        0.115000000000000E-04
   208.278614426356        0.114000000000000E-04
   207.062326441265        0.113509333361802E-04
   206.000448008726        0.112112536222514E-04
   205.094813124397        0.111730161043909E-04
   204.336364225029        0.111000000000000E-04
   203.709873132229        0.110013613472146E-04
   203.197502431640        0.109000000000000E-04
   202.780296984525        0.108357190541328E-04
   202.438749895664        0.107053506145335E-04
   202.154766651536        0.106763847314637E-04
   201.912154927679        0.106000000000000E-04
   201.696645601054        0.105232083835078E-04
   201.497187998749        0.104000000000000E-04
   201.307429420536        0.103762013947336E-04
   201.124556565803        0.102549784283355E-04
   200.948678634596        0.102000000000000E-04
   200.782517771885        0.101172695164141E-04
   200.631070725086        0.101000000000000E-04
   200.500880432469        0.998141937106710E-05
   200.398709289190        0.991330733838505E-05
   200.329687140403        0.985010950628097E-05
   200.295173102904        0.978986727808223E-05
   200.290727818892        0.973045177772400E-05
   200.307006242004        0.967677610266627E-05
   200.332905425729        0.963109817282843E-05
   200.356058938254        0.958938369962091E-05
   200.380279942579        0.955621365444177E-05
   200.433851430807        0.952584562630967E-05
   200.555711142754        0.949593622026564E-05
   200.788777871987        0.947432527960052E-05
   201.140888960945        0.945499701185781E-05
   201.607570168944        0.466227746418232E-05
   202.109563180200        0.155656438838119E-05
   202.681034198991        0.170632428969986E-05
   204.775053575562        0.234392792505698E-05
   208.596310835905        0.408670529865020E-05
   212.229444150388        0.680488618017094E-05
   216.128540402402        0.115299950525906E-04
   220.552650634953        0.204828346293151E-04
   224.951665378112        0.354565978146386E-04
   229.305336607558        0.597666926595362E-04
   233.589620900204        0.980139594990994E-04
   237.777534836764        0.156225311147219E-03
   241.840961235316        0.241801387573902E-03
   245.753248811072        0.363211915358917E-03
   249.492070319420        0.529464027984026E-03
   253.041820011394        0.749472520850249E-03
   256.394788307221        0.103150624144177E-02
   259.550711945573        0.138281905477832E-02
   262.515295523218        0.180949591641882E-02
   265.298318176734        0.231646478333921E-02
   267.911833485099        0.290759599284456E-02
   270.368734840976        0.358582076471036E-02
   272.681751872832        0.435322574525314E-02
   275.086892012339        0.528862075334438E-02
   277.388565054282        0.619000738329953E-02
   279.598843923572        0.726051752794667E-02
   281.694166709545        0.837880481718079E-02
   283.702567275084        0.955322417536989E-02
   285.614727357541        0.109256711161313E-01
   287.435076000176        0.122344363786787E-01
   288.354327985134        0.129435266200269E-01
