   219.936555636253        0.470653607047804E-05
   221.280209841151        0.496037132535033E-05
   222.681460566645        0.519920376903088E-05
   224.146624025430        0.540310455194491E-05
   225.667964476944        0.559198355309703E-05
   227.233758956038        0.575611865710986E-05
   228.832073151174        0.590566480970618E-05
   230.451654964708        0.603879487440348E-05
   232.082886504259        0.616147182086286E-05
   233.717772846694        0.626966110294649E-05
   235.349774294177        0.635802635449611E-05
   236.973971850039        0.644626130806764E-05
   238.587143614919        0.652576653540258E-05
   240.187615471642        0.659170263934690E-05
   241.774951487858        0.665499461639015E-05
   243.349575946549        0.670875695814348E-05
   244.912404320828        0.676241577862682E-05
   246.464538871541        0.680596415980106E-05
   248.007059515743        0.683969794362556E-05
   249.540914561176        0.687269540707064E-05
   251.066894090992        0.690293366822579E-05
   252.585656234126        0.692445076626507E-05
   254.097775042590        0.694589695281444E-05
   255.603785916454        0.696000000000000E-05
   257.104215558025        0.697000000000001E-05
   258.677644276690        0.697000000000000E-05
   260.067301058430        0.695907768705234E-05
   260.903688426207        0.693805583402099E-05
   261.010124965911        0.691440101122723E-05
   260.381633509315        0.687314573015077E-05
   259.107417497775        0.682245021620624E-05
   257.319047803179        0.676478766243223E-05
   255.153583153667        0.669610770273471E-05
   252.729837957020        0.661893093936836E-05
   250.139497916625        0.654162978300046E-05
   247.449897455428        0.644908122211937E-05
   244.713229896487        0.635845632376997E-05
   241.976317369675        0.626373976111675E-05
   239.285186903203        0.616968292404132E-05
   236.685767261877        0.606793460041156E-05
   234.223040424880        0.596825915553510E-05
   231.941779067772        0.587072549808440E-05
   229.868347632440        0.577522406911754E-05
   228.007557124926        0.568150576317531E-05
   226.348517684020        0.558969561407679E-05
   224.869696947800        0.549941087868929E-05
   223.543685009544        0.541088515053598E-05
   222.341687620729        0.532373823170555E-05
   221.236301999875        0.522954917255143E-05
   220.204228340461        0.514401005132058E-05
   219.227571375859        0.506124404302385E-05
   218.293932056672        0.497994383036416E-05
   217.396442732848        0.489982874387886E-05
   216.533342196113        0.482111801636727E-05
   215.707240158435        0.474377719116540E-05
   214.923795238869        0.466761420084337E-05
   214.190434314619        0.459271554232940E-05
   213.514116892632        0.452592308466473E-05
   212.899759342036        0.445671090605628E-05
   212.349123837216        0.439547083155864E-05
   211.859967280240        0.433023162705501E-05
   211.426643966806        0.428028362785467E-05
   211.042039786525        0.422898902058326E-05
   210.699645614554        0.418446953489235E-05
   210.391049209504        0.414800722767024E-05
   210.115528797987        0.411568304146901E-05
   209.883497680987        0.408387955292466E-05
   209.713633182045        0.406172648074473E-05
   209.628777410496        0.405059884375061E-05
   209.650228059588        0.403098869206789E-05
   209.791197304993        0.402054693618468E-05
   210.052881659954        0.402000000000000E-05
   210.425210754641        0.419755941651139E-05
   210.889250825890        0.511095072169591E-05
   211.410008997921        0.577908507411985E-05
   211.944411390523        0.656318488411640E-05
   213.258750425947        0.788451157564383E-05
   216.420958666236        0.120677941430332E-04
   220.763093340777        0.211756739067881E-04
   225.079965615949        0.362402270293368E-04
   229.353118549338        0.604577865214124E-04
   233.560723672546        0.982416666726997E-04
   237.678245579195        0.155364205993974E-03
   241.679893056581        0.238930558083872E-03
   245.540773966279        0.357124840404736E-03
   249.239368246904        0.518737137325421E-03
   252.759733160854        0.732570130340671E-03
   256.092856052913        0.100688342759842E-02
   259.236575613428        0.134898529304194E-02
   262.194507230594        0.176502172137391E-02
   264.974461062086        0.225993537771656E-02
   267.586815073334        0.283752834124274E-02
   270.043135166311        0.350056208163771E-02
   272.355152533524        0.425084753931347E-02
   274.726259914761        0.516446707022731E-02
   277.016081909768        0.606323033882061E-02
   279.211964457664        0.707613354221811E-02
   281.292916101392        0.818910814244346E-02
   283.277728172501        0.927588588700184E-02
   285.172686613162        0.106387431669001E-01
   286.119897727065        0.113206680754251E-01
