   220.406209056339        0.284522055995795E-05
   221.752089250666        0.301119982514658E-05
   223.152387257527        0.315688463129895E-05
   224.613089051285        0.328636610499819E-05
   226.126789260709        0.340952597001598E-05
   227.682128843302        0.351167887666699E-05
   229.267635071504        0.361015416624409E-05
   230.872944477117        0.368853883975032E-05
   232.488729941600        0.376682727615230E-05
   234.106850713967        0.383626199243671E-05
   235.720748099115        0.389228617866147E-05
   237.325671848451        0.394545988335645E-05
   238.918670118195        0.399931841362951E-05
   240.498383110300        0.403654972282799E-05
   242.064705381508        0.407677852173696E-05
   243.618390942462        0.411018175299357E-05
   245.160671549525        0.414191533031492E-05
   246.692942612723        0.416359214547243E-05
   248.216547442267        0.418520890282633E-05
   249.732664034501        0.420000000000000E-05
   251.242276116037        0.421000000000000E-05
   252.746197474650        0.422000000000000E-05
   254.245117518229        0.422000000000001E-05
   255.739643987738        0.421771695350348E-05
   257.298450486368        0.420652025127375E-05
   258.705895102507        0.418080727905170E-05
   259.619168443348        0.414884201542522E-05
   259.827304545669        0.410729386126373E-05
   259.249705908231        0.404949319389034E-05
   257.893759148996        0.398221693718311E-05
   255.836344748728        0.390351860728199E-05
   253.202002432980        0.382087735595178E-05
   250.133001369506        0.373734788265154E-05
   246.759652844419        0.363632856550681E-05
   243.190641518832        0.354735386963116E-05
   239.519319681109        0.344381871196661E-05
   235.831004161358        0.334753142239077E-05
   232.208120060466        0.325489010640955E-05
   228.730431392847        0.315897900402689E-05
   225.470073128921        0.306538096796072E-05
   222.487229660166        0.298153535090954E-05
   219.827217237271        0.289414936807415E-05
   217.505542820460        0.281354375021525E-05
   215.509094028624        0.273165300116826E-05
   213.807007659308        0.265509824780406E-05
   212.359386347998        0.258154399446221E-05
   211.124428611311        0.250964053393079E-05
   210.062473740907        0.243571676019418E-05
   209.138061516110        0.236948805532358E-05
   208.321636131430        0.230401499300446E-05
   207.589627313896        0.223958801107356E-05
   206.923972905696        0.217617534528024E-05
   206.312313739901        0.211489189242317E-05
   205.747135060967        0.206185967522732E-05
   205.224992120489        0.200107175897537E-05
   204.745247841403        0.194899224887486E-05
   204.309455261640        0.189227745756785E-05
   203.921105970509        0.184407059070502E-05
   203.583214629894        0.178937146830135E-05
   203.296843842141        0.174416082466730E-05
   203.060595772798        0.170473763153049E-05
   202.871909918809        0.166573716577749E-05
   202.727529882948        0.162939265377745E-05
   202.624485415133        0.160496841930331E-05
   202.555300230556        0.157594537715502E-05
   202.523043652026        0.155328710481026E-05
   202.542841863554        0.153290423488015E-05
   202.631329346260        0.152141331646561E-05
   202.808347173023        0.151151608642238E-05
   203.097854213380        0.150176032474694E-05
   203.507855947026        0.175007613901327E-05
   204.004870668228        0.197203156013799E-05
   204.524202182296        0.224480674372448E-05
   205.417021529710        0.257383884032352E-05
   208.294053888315        0.391596772331455E-05
   210.508986590667        0.537346986764973E-05
   214.927323469969        0.983904423731358E-05
   219.334888575322        0.175525658246433E-04
   223.721773057320        0.305214830088184E-04
   228.070313418964        0.517082209353626E-04
   232.358088835530        0.852810232005092E-04
   236.559365724347        0.136794037104457E-03
   240.646577241781        0.213203935325122E-03
   244.592705731993        0.322651527714976E-03
   248.374119482952        0.474004277984655E-03
   251.973094438576        0.676251547323839E-03
   255.379288601303        0.937908939432989E-03
   258.589848188066        0.126657501256181E-02
   261.608334794118        0.166870280715329E-02
   264.442982999667        0.214955645661128E-02
   267.104883283513        0.271328292989409E-02
   269.606440324173        0.336302538607704E-02
   271.960238776294        0.410102634060644E-02
   274.323550797893        0.499229985764941E-02
   276.657024551363        0.590563709312290E-02
   278.892156628698        0.688644008780915E-02
   281.015042810468        0.801888564588855E-02
   283.036404327825        0.909930800827794E-02
   284.973589364835        0.104684512529608E-01
   286.813228751549        0.117905421371331E-01
   287.738993192517        0.124564670230669E-01
