   220.638397683280        0.388066702892300E-05
   221.986214206384        0.409978639316410E-05
   223.390696998282        0.430170584838399E-05
   224.858094612891        0.447259790708684E-05
   226.380675709682        0.462901585753521E-05
   227.947055745112        0.477026329627997E-05
   229.545873193668        0.489674836626807E-05
   231.166383898881        0.500814995886643E-05
   232.798758948270        0.510747701878794E-05
   234.434508522892        0.519631544642228E-05
   236.066829056853        0.527878447182522E-05
   237.690770901620        0.535362850519507E-05
   239.303202670772        0.541154614033253E-05
   240.902594431046        0.547514976113412E-05
   242.488675554835        0.552376004813498E-05
   244.062037739680        0.557310854180806E-05
   245.623751430604        0.560846845453331E-05
   247.175050039478        0.565032368706332E-05
   248.717113185810        0.568211673117165E-05
   250.250953421015        0.570384718126963E-05
   251.777388277067        0.572551201832923E-05
   253.297066856681        0.574710830792207E-05
   254.810519263257        0.575863318459202E-05
   256.318205241755        0.577000000000000E-05
   257.826041339402        0.577000000000000E-05
   259.406759495619        0.576000000000000E-05
   260.708488160985        0.574603737373798E-05
   261.394713166537        0.572495681368598E-05
   261.354252460461        0.568811359505215E-05
   260.605366036425        0.564679716447649E-05
   259.240405068026        0.558908604983253E-05
   257.386399514946        0.552897417611422E-05
   255.173704429366        0.545324844082247E-05
   252.714803846937        0.537605682216190E-05
   250.095789587370        0.528552630512343E-05
   247.378825970312        0.519298307320172E-05
   244.612874314310        0.510244489636438E-05
   241.841824197577        0.500464349106006E-05
   239.109527463815        0.490719515811926E-05
   236.460766664678        0.480893569395628E-05
   233.940110414173        0.470954964106288E-05
   231.592683046856        0.461211935265213E-05
   229.444863027342        0.451682544327367E-05
   227.501200816518        0.442342898781144E-05
   225.750943093252        0.433183970533476E-05
   224.173454745839        0.424201856300883E-05
   222.742460370274        0.414381134385767E-05
   221.429860220580        0.405720165936178E-05
   220.209400266659        0.397216566470509E-05
   219.059630638885        0.388851149979610E-05
   217.964956278692        0.380643938918100E-05
   216.915438815698        0.373567122578746E-05
   215.906172008265        0.365630081084274E-05
   214.937063820231        0.357838678461036E-05
   214.011753789100        0.350174674732108E-05
   213.136222020394        0.343031005312764E-05
   212.317492089963        0.336229913110035E-05
   211.562231422954        0.329796601560088E-05
   210.874938572083        0.322834853604093E-05
   210.256454003275        0.316962862819066E-05
   209.703874016777        0.311553268520447E-05
   209.211846442727        0.306512577883434E-05
   208.774249575540        0.301544639211079E-05
   208.386445307214        0.297863804847392E-05
   208.041934655984        0.294621314095553E-05
   207.742030139953        0.291431167822979E-05
   207.499235188851        0.289195180400172E-05
   207.333605869099        0.287135899999243E-05
   207.267812314534        0.285109051229224E-05
   207.322318438247        0.284056840639627E-05
   207.510494308599        0.283074121727431E-05
   207.832419263864        0.285680353783616E-05
   208.269872841229        0.349654181322526E-05
   208.778081107900        0.397081011833146E-05
   209.303048513926        0.452417858699031E-05
   210.683621701018        0.551183028152319E-05
   212.804068540119        0.741094415874929E-05
   217.176159544538        0.133106893886351E-04
   221.533231439135        0.233107816575955E-04
   225.859665302901        0.397941611475091E-04
   230.138373481081        0.661995251861141E-04
   234.346968645253        0.107234418972564E-03
   238.459777677717        0.168988442092761E-03
   242.450255142259        0.258861635412159E-03
   246.293444841338        0.385255426809629E-03
   249.968589998646        0.557059785468986E-03
   253.461160423040        0.783052053866713E-03
   256.763747657709        0.107135716434351E-02
   259.875727139125        0.142908049164728E-02
   262.802008541766        0.186214328813175E-02
   265.551373529142        0.237527819664075E-02
   268.134839702674        0.297211053027665E-02
   270.564325183231        0.365526129743775E-02
   272.851693122939        0.442643053523072E-02
   275.251594871978        0.536628366434632E-02
   277.522870877066        0.625762440339790E-02
   279.702365143577        0.733272778547087E-02
   281.766789847370        0.843664604155862E-02
   283.743857813801        0.960395690859314E-02
   285.623172911024        0.109552619525122E-01
   286.564598511170        0.116328515910496E-01
