   219.905687428004        0.472741555268132E-05
   221.249163780974        0.499114645682033E-05
   222.650255878517        0.522987769097862E-05
   224.115280160851        0.543368220025982E-05
   225.636497999343        0.562246465849506E-05
   227.202184531197        0.579651840566930E-05
   228.800405281622        0.594197241897165E-05
   230.419928043912        0.607909954846030E-05
   232.051050116228        0.619170766669832E-05
   233.685770737222        0.630228948310170E-05
   235.317596570796        0.639819021854008E-05
   236.941631063118        0.648641260068850E-05
   238.554655604124        0.656449032998608E-05
   240.154992239766        0.663179671910458E-05
   241.742199777722        0.669505115998629E-05
   243.316697476562        0.674880730019708E-05
   244.879396390275        0.679868470675593E-05
   246.431395092628        0.684600214041399E-05
   247.973770589728        0.687942728051324E-05
   249.507468966638        0.691272105777639E-05
   251.033278525394        0.694294345917866E-05
   252.551855670613        0.696445753032742E-05
   254.063772317663        0.698590069857554E-05
   255.569560846689        0.700000000000000E-05
   257.069743702940        0.701000000000000E-05
   258.642088300086        0.701000000000000E-05
   260.033708418219        0.699908595463110E-05
   260.874042123023        0.697806680170090E-05
   260.985864418432        0.695442759406699E-05
   260.362729939864        0.691317607656729E-05
   259.092325771762        0.686248362065307E-05
   257.306008617258        0.680485982383970E-05
   255.141246468010        0.673618471624568E-05
   252.717369274071        0.665901272570909E-05
   250.126380623239        0.658173817291780E-05
   247.436026570405        0.648919583662638E-05
   244.698699180060        0.639857675605326E-05
   241.960867653320        0.630389271129624E-05
   239.268824139299        0.620984451220225E-05
   236.668898288629        0.610810460202433E-05
   234.206117466492        0.600843627354799E-05
   231.925380401536        0.591091067259757E-05
   229.853029392550        0.581541465110856E-05
   227.993330794638        0.572170400546467E-05
   226.334798432761        0.562990049865865E-05
   224.856154516564        0.553962126295448E-05
   223.530342414391        0.545109966573028E-05
   222.328477091359        0.536396003293488E-05
   221.223339359274        0.527841700146706E-05
   220.191751285262        0.518424117536187E-05
   219.215770813067        0.510147771576408E-05
   218.282929276322        0.502017948285202E-05
   217.386317135171        0.494006884783466E-05
   216.524181408395        0.486135951852933E-05
   215.699191093163        0.478401934635417E-05
   214.917102344431        0.470786078480045E-05
   214.185464444333        0.463296310339606E-05
   213.511368642766        0.456612929892045E-05
   212.899837210710        0.449695696155031E-05
   212.352680702040        0.443571772549949E-05
   211.867631118825        0.437039353633385E-05
   211.438953786873        0.432048175805823E-05
   211.059420131043        0.426914260443546E-05
   210.722417300431        0.422461714325065E-05
   210.419424459595        0.418811254713709E-05
   210.149517988613        0.415578208866538E-05
   209.922760190017        0.412397141654021E-05
   209.757418465012        0.410178242948454E-05
   209.676133188567        0.409062398925876E-05
   209.700126059187        0.407103302098186E-05
   209.842853983508        0.406056616681526E-05
   210.106071953911        0.406000000000000E-05
   210.480287216604        0.424613265003018E-05
   210.946788836781        0.516748589125041E-05
   211.470349182433        0.583322163664635E-05
   212.007623407821        0.662008405436717E-05
   213.321685498389        0.795169293099597E-05
   216.423664650189        0.120720843046563E-04
   220.765830685569        0.211829932153933E-04
   225.082703506427        0.362522813541870E-04
   229.355823833427        0.604769263492084E-04
   233.563365588594        0.982709615067753E-04
   237.680800479314        0.155407480952465E-03
   241.682345989938        0.238992374124812E-03
   245.543114643144        0.357210286697801E-03
   249.241584331104        0.518851230640382E-03
   252.761813786350        0.732717294075364E-03
   256.094796998646        0.100706734298843E-02
   259.238378317354        0.134920877352076E-02
   262.196177289718        0.176528672238396E-02
   264.976006718747        0.226024309845016E-02
   267.588246000743        0.283787938052898E-02
   270.044461618661        0.350095661901026E-02
   272.356384764262        0.425128550686515E-02
   274.727408157538        0.516492001953453E-02
   277.017162826160        0.606365863382962E-02
   279.212991144811        0.707668658756844E-02
   281.293887043124        0.818963343301365E-02
   283.278667437024        0.927656734434448E-02
   285.173578283105        0.106393927908073E-01
   286.120765313463        0.113213015423798E-01
