   220.203567919041        0.440058976519436E-05
   221.548764391573        0.464272345402557E-05
   222.951241779679        0.485981878983450E-05
   224.417295625846        0.505194434381629E-05
   225.939223650008        0.523034345794240E-05
   227.505328895734        0.538491182103325E-05
   229.103555240005        0.552482971775131E-05
   230.723189678016        0.565014036082925E-05
   232.354789919539        0.576111323289545E-05
   233.990089876130        0.586950324528212E-05
   235.622349409574        0.595799799062952E-05
   237.246598269925        0.603636249269980E-05
   238.859640349410        0.610593963680553E-05
   240.459855136939        0.617197046094395E-05
   242.046868098083        0.622784943664344E-05
   243.621164519797        0.627906073823103E-05
   245.183715526752        0.632278150624778E-05
   246.735670306847        0.636639145773905E-05
   248.278145575022        0.639994201535691E-05
   249.812117108276        0.643324245390165E-05
   251.338395921745        0.646323720470996E-05
   252.857658900779        0.648478391776854E-05
   254.370502161143        0.650000000000000E-05
   255.877492515065        0.651000000000000E-05
   257.379203027316        0.651898635468585E-05
   258.962673495453        0.651000000000000E-05
   260.330795966965        0.650000000000000E-05
   261.121226980397        0.648510147914007E-05
   261.181706847040        0.645335332626330E-05
   260.516650330551        0.641206693605258E-05
   259.216806843247        0.635701436031666E-05
   257.411903556713        0.629690970875296E-05
   255.236358621889        0.623382308858574E-05
   252.806895891878        0.615661390801173E-05
   250.213946272292        0.606869317616394E-05
   247.523594585171        0.598610716676875E-05
   244.786507706061        0.588655485877359E-05
   242.048175815463        0.579010366772498E-05
   239.354458563956        0.569599961571342E-05
   236.751285758030        0.559420898243343E-05
   234.283486145154        0.550211185514357E-05
   231.995916535414        0.540694756462739E-05
   229.914924459952        0.531145245689964E-05
   228.044778779170        0.521229322703015E-05
   226.373769340646        0.511586042039187E-05
   224.879975314599        0.502558953700845E-05
   223.536080270838        0.493706506920941E-05
   222.313589268957        0.484993822185143E-05
   221.185555379421        0.476444382853484E-05
   220.129127666105        0.468026985720365E-05
   219.126939948424        0.459757069641815E-05
   218.167355488549        0.451630899958451E-05
   217.244006437064        0.443627460313590E-05
   216.354807698106        0.435766272054250E-05
   215.501681143119        0.428043774479044E-05
   214.689795933502        0.420434343789184E-05
   213.926363609141        0.412957127609119E-05
   213.218465982550        0.406342078875014E-05
   212.570385283695        0.399386353354139E-05
   211.982922067668        0.393396026918088E-05
   211.453372895150        0.387564894730932E-05
   210.976407571596        0.381830455789868E-05
   210.545781683930        0.376753671136772E-05
   210.156256015393        0.372987519721512E-05
   209.800744921468        0.368949835308874E-05
   209.480068783542        0.365492156565833E-05
   209.207184414092        0.363216096788747E-05
   209.002173653804        0.361138024310925E-05
   208.890912104073        0.359093340975762E-05
   208.895358739908        0.358040529474917E-05
   209.027560055755        0.357049891281075E-05
   209.298142698673        0.357000000000000E-05
   209.673415441504        0.374684247215915E-05
   210.172084443303        0.462138757289481E-05
   210.714007160875        0.551687362949449E-05
   211.376173441303        0.606564302677984E-05
   212.608357243181        0.721968118906497E-05
   216.597331758508        0.123479293807405E-04
   220.942044336439        0.216547932211600E-04
   225.261101770262        0.370383297884804E-04
   229.535794922030        0.617503655962899E-04
   233.743984073708        0.100272463414670E-03
   237.860813750681        0.158451894639843E-03
   241.860256583905        0.243464410330197E-03
   245.717375744788        0.363547904090616E-03
   249.410852907205        0.527521682676892E-03
   252.925117699338        0.744192174608646E-03
   256.251505281082        0.102179512512998E-02
   259.388207308542        0.136759952396094E-02
   262.339148855746        0.178770811036420E-02
   265.112377123339        0.228702489702083E-02
   267.718427070672        0.286932200072486E-02
   270.168948767455        0.353733941148235E-02
   272.475699039926        0.429287188654991E-02
   274.842151834331        0.520893616611733E-02
   277.128583000948        0.610632226696895E-02
   279.322022719519        0.713365962115792E-02
   281.399892919210        0.824492152063301E-02
   283.383879990954        0.935053378166230E-02
   285.275726075345        0.107110674662836E-01
   286.222024296138        0.113922874319591E-01
