   220.936624301987        0.338116860349616E-05
   222.286261309499        0.357098245012792E-05
   223.691801808923        0.374554636524910E-05
   225.159300016383        0.390253937902836E-05
   226.681590602422        0.403946271695450E-05
   228.247641627360        0.416129737111100E-05
   229.845930554363        0.427292910257945E-05
   231.465512162975        0.436757034445235E-05
   233.096473333857        0.445751804423448E-05
   234.730316661477        0.453564685145948E-05
   236.360272480772        0.461085340802226E-05
   237.981454055069        0.467736736397297E-05
   239.590815370523        0.473376990849872E-05
   241.186928882839        0.478003284747966E-05
   242.769638020540        0.482410748871623E-05
   244.339653754160        0.486808402430649E-05
   245.898164457772        0.490195521477215E-05
   247.446514940814        0.493571416360699E-05
   248.985986490245        0.495967743950489E-05
   250.517682144404        0.498143004711657E-05
   252.042498320521        0.500311601455473E-05
   253.561151225139        0.501473309934945E-05
   255.074225791872        0.502000000000000E-05
   256.582223342605        0.503000000000000E-05
   258.115106988608        0.502085350673364E-05
   259.632914847045        0.500953804867210E-05
   260.793477029710        0.498832029017032E-05
   261.318331786266        0.496448744162137E-05
   261.120480981022        0.492273582588969E-05
   260.225827742013        0.487149537981409E-05
   258.726486463784        0.481171127941986E-05
   256.746473902714        0.474183437907082E-05
   254.412011739228        0.466345702755751E-05
   251.830964999777        0.457665836872295E-05
   249.084648457250        0.448935157976924E-05
   246.231600657990        0.438747069585444E-05
   243.317513592436        0.428911489860023E-05
   240.383887855320        0.419373098898192E-05
   237.473057343575        0.409085259568225E-05
   234.630016713913        0.399046196297067E-05
   231.901673058246        0.389220813301240E-05
   229.337489878193        0.379632558799737E-05
   226.969898677232        0.370255701677102E-05
   224.809704132920        0.360077569959794E-05
   222.852362464851        0.351095947969723E-05
   221.082823533823        0.342574415850473E-05
   219.479993688788        0.334651836066253E-05
   218.020569691956        0.326181387255401E-05
   216.682361353807        0.317852745836591E-05
   215.445857454039        0.309687277483875E-05
   214.295908400608        0.302651073219006E-05
   213.222180501986        0.294752052849082E-05
   212.218198896833        0.287832684357281E-05
   211.280686107475        0.280475452852080E-05
   210.408910080922        0.273856222763595E-05
   209.604084130310        0.267064144542401E-05
   208.868689641728        0.261017483724046E-05
   208.205194791709        0.254086415309241E-05
   207.615399331071        0.248368400304955E-05
   207.099050390333        0.243440845507153E-05
   206.652616389190        0.238214590971062E-05
   206.270297569137        0.233746771124507E-05
   205.945939605297        0.229349089751688E-05
   205.675103687688        0.225766171955039E-05
   205.447707156302        0.222569292613299E-05
   205.263938577484        0.219421709763546E-05
   205.138718875978        0.217215436022225E-05
   205.097109576027        0.216090567494281E-05
   205.148326000836        0.214176764385845E-05
   205.314707242779        0.213101430061061E-05
   205.593758278556        0.212128575861756E-05
   206.030316227554        0.255218496952769E-05
   206.522817372467        0.300979787486166E-05
   207.161455134149        0.331179464275020E-05
   208.423126246197        0.399085672279866E-05
   210.131484426854        0.510311499919330E-05
   213.735785653109        0.839812895793590E-05
   218.123543911662        0.150389346734626E-04
   222.494953073416        0.262588004469607E-04
   226.833096858399        0.446864886878376E-04
   231.117486318234        0.740687553058280E-04
   235.324312740303        0.119478030714653E-03
   239.427428495351        0.187391516137343E-03
   243.400164207302        0.285556846877929E-03
   247.217883079088        0.422609340344933E-03
   250.860934067004        0.607513811942942E-03
   254.316519953934        0.848959472269091E-03
   257.579230728045        0.115485778459840E-02
   260.650338516320        0.153203448353634E-02
   263.536295751454        0.198612005516649E-02
   266.246978800519        0.252158172282081E-02
   268.794084648162        0.314182260097517E-02
   271.189880114662        0.384928754681204E-02
   273.490673303107        0.467236783950109E-02
   275.860686193863        0.560012802531306E-02
   278.111466013903        0.648328032813872E-02
   280.266468521632        0.762767521757652E-02
   282.311857276145        0.872118906222233E-02
   284.274665587378        0.997723244963099E-02
   286.136293815787        0.113154979830635E-01
   287.070778276232        0.119879095463546E-01
