     ALT          P          T          FH2O           O3           THEAT        TCOOL        PSATCO2        FCO2
7.3433E+01  3.2610E-05 2.1711E+02    4.4718E-06    4.1734E-08    3.5616E+01   -5.8372E+01    5.3043E+00    2.0200E-04
7.2325E+01  3.8505E-05 2.1844E+02    4.7515E-06    5.0036E-08    4.9962E+00   -3.9093E+01    5.6151E+00    2.0200E-04
7.1220E+01  4.5410E-05 2.1982E+02    5.0064E-06    6.1774E-08    2.0009E+00   -2.5507E+01    5.9529E+00    2.0200E-04
7.0116E+01  5.3485E-05 2.2126E+02    5.2438E-06    7.8323E-08    1.7327E+00   -1.6554E+01    6.3214E+00    2.0200E-04
6.9014E+01  6.2916E-05 2.2276E+02    5.4522E-06    1.0075E-07    1.7928E+00   -1.1034E+01    6.7211E+00    2.0200E-04
6.7913E+01  7.3917E-05 2.2429E+02    5.6336E-06    1.2989E-07    1.9151E+00   -7.8630E+00    7.1514E+00    2.0200E-04
6.6814E+01  8.6733E-05 2.2586E+02    5.8096E-06    1.6384E-07    2.0661E+00   -6.1598E+00    7.6112E+00    2.0200E-04
6.5716E+01  1.0164E-04 2.2745E+02    5.9540E-06    2.0009E-07    2.2316E+00   -5.2847E+00    8.0991E+00    2.0200E-04
6.4620E+01  1.1896E-04 2.2904E+02    6.0855E-06    2.3854E-07    2.4190E+00   -4.8802E+00    8.6137E+00    2.0200E-04
6.3525E+01  1.3906E-04 2.3064E+02    6.2124E-06    2.7838E-07    2.6163E+00   -4.7233E+00    9.1534E+00    2.0200E-04
6.2431E+01  1.6235E-04 2.3224E+02    6.3154E-06    3.2220E-07    2.8347E+00   -4.6828E+00    9.7168E+00    2.0200E-04
6.1340E+01  1.8930E-04 2.3383E+02    6.4127E-06    3.7154E-07    3.0810E+00   -4.7043E+00    1.0303E+01    2.0200E-04
6.0251E+01  2.2045E-04 2.3541E+02    6.4999E-06    4.2595E-07    3.3520E+00   -4.7575E+00    1.0911E+01    2.0200E-04
5.9163E+01  2.5640E-04 2.3698E+02    6.5769E-06    4.8722E-07    3.6524E+00   -4.8299E+00    1.1540E+01    2.0200E-04
5.8078E+01  2.9784E-04 2.3854E+02    6.6503E-06    5.5610E-07    3.9813E+00   -4.9186E+00    1.2190E+01    2.0200E-04
5.6996E+01  3.4553E-04 2.4008E+02    6.7102E-06    6.3153E-07    4.3282E+00   -5.0173E+00    1.2861E+01    2.0200E-04
5.5916E+01  4.0036E-04 2.4161E+02    6.7700E-06    7.1447E-07    4.6897E+00   -5.1276E+00    1.3555E+01    2.0200E-04
5.4839E+01  4.6331E-04 2.4314E+02    6.8164E-06    8.0600E-07    5.0613E+00   -5.2432E+00    1.4270E+01    2.0200E-04
5.3764E+01  5.3547E-04 2.4465E+02    6.8594E-06    9.0652E-07    5.4334E+00   -5.3635E+00    1.5008E+01    2.0200E-04
5.2693E+01  6.1810E-04 2.4615E+02    6.9022E-06    1.0166E-06    5.7974E+00   -5.4847E+00    1.5770E+01    2.0200E-04
5.1626E+01  7.1257E-04 2.4765E+02    6.9425E-06    1.1446E-06    6.1678E+00   -5.6030E+00    1.6555E+01    2.0200E-04
5.0561E+01  8.2046E-04 2.4914E+02    6.9675E-06    1.2859E-06    6.5071E+00   -5.7104E+00    1.7365E+01    2.0200E-04
4.9501E+01  9.4348E-04 2.5063E+02    6.9950E-06    1.4393E-06    6.7939E+00   -5.8029E+00    1.8200E+01    2.0200E-04
4.8443E+01  1.0836E-03 2.5210E+02    7.0161E-06    1.6145E-06    7.0523E+00   -5.9186E+00    1.9059E+01    2.0200E-04
4.7390E+01  1.2429E-03 2.5358E+02    7.0300E-06    1.8214E-06    7.2783E+00   -6.0654E+00    1.9945E+01    2.0200E-04
4.6341E+01  1.4239E-03 2.5504E+02    7.0400E-06    2.0395E-06    7.3915E+00   -6.2790E+00    2.0857E+01    2.0200E-04
4.5295E+01  1.6292E-03 2.5660E+02    7.0400E-06    2.2888E-06    7.4279E+00   -6.5676E+00    2.1856E+01    2.0200E-04
4.4254E+01  1.8617E-03 2.5792E+02    7.0300E-06    2.5687E-06    7.3701E+00   -6.7943E+00    2.2732E+01    2.0200E-04
4.3219E+01  2.1247E-03 2.5864E+02    7.0094E-06    2.8695E-06    7.1916E+00   -6.8487E+00    2.3222E+01    2.0200E-04
4.2193E+01  2.4219E-03 2.5863E+02    6.9777E-06    3.1989E-06    6.9137E+00   -6.7176E+00    2.3215E+01    2.0200E-04
4.1179E+01  2.7571E-03 2.5790E+02    6.9371E-06    3.5424E-06    6.5376E+00   -6.4310E+00    2.2719E+01    2.0200E-04
4.0178E+01  3.1347E-03 2.5654E+02    6.8857E-06    3.8626E-06    6.0681E+00   -6.0312E+00    2.1817E+01    2.0200E-04
3.9194E+01  3.5596E-03 2.5468E+02    6.8266E-06    4.1543E-06    5.5641E+00   -5.5690E+00    2.0627E+01    2.0200E-04
3.8228E+01  4.0370E-03 2.5245E+02    6.7582E-06    4.3844E-06    5.0530E+00   -5.0847E+00    1.9266E+01    2.0200E-04
3.7281E+01  4.5727E-03 2.4998E+02    6.6824E-06    4.5644E-06    4.5811E+00   -4.6183E+00    1.7830E+01    2.0200E-04
3.6353E+01  5.1729E-03 2.4734E+02    6.5982E-06    4.7056E-06    4.1659E+00   -4.1889E+00    1.6391E+01    2.0200E-04
3.5444E+01  5.8445E-03 2.4462E+02    6.5094E-06    4.8105E-06    3.8012E+00   -3.8128E+00    1.4996E+01    2.0200E-04
3.4556E+01  6.5949E-03 2.4188E+02    6.4166E-06    4.8816E-06    3.4769E+00   -3.4856E+00    1.3679E+01    2.0200E-04
3.3686E+01  7.4324E-03 2.3918E+02    6.3223E-06    4.9326E-06    3.1874E+00   -3.1967E+00    1.2465E+01    2.0200E-04
3.2836E+01  8.3656E-03 2.3655E+02    6.2202E-06    4.9666E-06    2.9239E+00   -2.9338E+00    1.1366E+01    2.0200E-04
3.2004E+01  9.4042E-03 2.3407E+02    6.1303E-06    4.9700E-06    2.6752E+00   -2.6905E+00    1.0392E+01    2.0200E-04
3.1189E+01  1.0558E-02 2.3177E+02    6.0326E-06    4.9463E-06    2.4395E+00   -2.4876E+00    9.5464E+00    2.0200E-04
3.0391E+01  1.1839E-02 2.2967E+02    5.9368E-06    4.8840E-06    2.2138E+00   -2.2497E+00    8.8232E+00    2.0200E-04
2.9609E+01  1.3259E-02 2.2780E+02    5.8430E-06    4.7901E-06    2.0021E+00   -2.0274E+00    8.2100E+00    2.0200E-04
2.8842E+01  1.4830E-02 2.2613E+02    5.7509E-06    4.6663E-06    1.8065E+00   -1.8227E+00    7.6913E+00    2.0200E-04
2.8089E+01  1.6566E-02 2.2464E+02    5.6605E-06    4.5041E-06    1.6270E+00   -1.6367E+00    7.2510E+00    2.0200E-04
2.7349E+01  1.8483E-02 2.2331E+02    5.5637E-06    4.3253E-06    1.4685E+00   -1.4705E+00    6.8741E+00    2.0200E-04
2.6622E+01  2.0595E-02 2.2212E+02    5.4745E-06    4.1109E-06    1.3267E+00   -1.3252E+00    6.5474E+00    2.0200E-04
2.5907E+01  2.2919E-02 2.2103E+02    5.3887E-06    3.8895E-06    1.2047E+00   -1.1997E+00    6.2596E+00    2.0200E-04
2.5204E+01  2.5474E-02 2.2002E+02    5.3045E-06    3.6631E-06    1.0995E+00   -1.0916E+00    6.0020E+00    2.0200E-04
2.4513E+01  2.8278E-02 2.1907E+02    5.2215E-06    3.4183E-06    1.0049E+00   -9.9756E-01    5.7680E+00    2.0200E-04
2.3833E+01  3.1351E-02 2.1818E+02    5.1399E-06    3.1792E-06    9.2078E-01   -9.1333E-01    5.5528E+00    2.0200E-04
2.3165E+01  3.4714E-02 2.1732E+02    5.0497E-06    2.9284E-06    8.4162E-01   -8.3601E-01    5.3536E+00    2.0200E-04
2.2507E+01  3.8389E-02 2.1651E+02    4.9707E-06    2.6909E-06    7.6869E-01   -7.6353E-01    5.1628E+00    2.0200E-04
2.1860E+01  4.2400E-02 2.1574E+02    4.8931E-06    2.4505E-06    6.9828E-01   -6.9548E-01    4.9043E+00    2.0200E-04
2.1224E+01  4.6772E-02 2.1501E+02    4.8168E-06    2.2200E-06    6.3134E-01   -6.3077E-01    4.6708E+00    2.0200E-04
2.0598E+01  5.1528E-02 2.1433E+02    4.7416E-06    1.9932E-06    5.6687E-01   -5.6961E-01    4.4618E+00    2.0200E-04
1.9982E+01  5.6697E-02 2.1370E+02    4.6677E-06    1.7710E-06    5.0525E-01   -5.1163E-01    4.2772E+00    2.0200E-04
1.9376E+01  6.2306E-02 2.1314E+02    4.5950E-06    1.5609E-06    4.4796E-01   -4.5552E-01    4.1158E+00    2.0200E-04
1.8779E+01  6.8384E-02 2.1264E+02    4.5329E-06    1.3593E-06    3.9498E-01   -4.0204E-01    3.9760E+00    2.0200E-04
1.8193E+01  7.4960E-02 2.1219E+02    4.4642E-06    1.1703E-06    3.4693E-01   -3.5091E-01    3.8552E+00    2.0200E-04
1.7615E+01  8.2065E-02 2.1179E+02    4.4091E-06    9.8977E-07    3.0361E-01   -3.0547E-01    3.7503E+00    2.0200E-04
1.7047E+01  8.9729E-02 2.1143E+02    4.3596E-06    8.3133E-07    2.6652E-01   -2.6464E-01    3.6583E+00    2.0200E-04
1.6488E+01  9.7987E-02 2.1111E+02    4.3142E-06    6.8488E-07    2.3404E-01   -2.3224E-01    3.5764E+00    2.0200E-04
1.5937E+01  1.0687E-01 2.1080E+02    4.2749E-06    5.5393E-07    2.0498E-01   -1.8290E-01    3.5018E+00    2.0200E-04
1.5396E+01  1.1641E-01 2.1052E+02    4.2387E-06    4.4160E-07    1.8037E-01   -1.6160E-01    3.4340E+00    2.0200E-04
1.4863E+01  1.2664E-01 2.1028E+02    4.2145E-06    3.4745E-07    1.6005E-01   -1.4751E-01    3.3751E+00    2.0200E-04
1.4339E+01  1.3760E-01 2.1008E+02    4.1853E-06    2.6946E-07    1.4328E-01   -1.3891E-01    3.3293E+00    2.0200E-04
1.3823E+01  1.4932E-01 2.0997E+02    4.1714E-06    2.0486E-07    1.2950E-01   -1.3546E-01    3.3018E+00    2.0200E-04
1.3315E+01  1.6183E-01 2.0995E+02    4.1526E-06    1.5270E-07    1.1840E-01   -1.3381E-01    3.2978E+00    2.0200E-04
1.2816E+01  1.7517E-01 2.1005E+02    4.1413E-06    1.1785E-07    1.1048E-01   -1.2872E-01    3.3208E+00    2.0200E-04
1.2324E+01  1.8937E-01 2.1027E+02    4.1400E-06    9.4767E-08    1.0499E-01   -1.2045E-01    3.3732E+00    2.0200E-04
1.1839E+01  2.0446E-01 2.1061E+02    4.3201E-06    7.7658E-08    1.0191E-01   -1.1757E-01    3.4559E+00    2.0200E-04
1.1362E+01  2.2048E-01 2.1107E+02    5.2574E-06    6.5154E-08    1.0307E-01   -1.3047E-01    3.5674E+00    2.0200E-04
1.0891E+01  2.3746E-01 2.1160E+02    5.9354E-06    5.7639E-08    1.0410E-01   -1.0558E-01    3.7003E+00    2.0200E-04
1.0428E+01  2.5541E-01 2.1214E+02    6.7415E-06    5.3119E-08    1.0598E-01   -5.2241E-02    3.8421E+00    2.0200E-04
9.9703E+00  2.7439E-01 2.1324E+02    7.8641E-06    4.9883E-08    1.1024E-01   -8.8257E-02    4.1437E+00    2.0200E-04
9.5167E+00  2.9439E-01 2.1634E+02    1.1940E-05    4.7172E-08    1.2774E-01   -3.4577E-01    5.1048E+00    2.0200E-04
9.0635E+00  3.1546E-01 2.2068E+02    2.0960E-05    4.4712E-08    1.6357E-01   -7.5337E-01    6.1709E+00    2.0200E-04
8.6098E+00  3.3761E-01 2.2500E+02    3.5886E-05    4.2354E-08    2.1351E-01   -1.1748E+00    7.3558E+00    2.0200E-04
8.1561E+00  3.6086E-01 2.2927E+02    5.9893E-05    3.9998E-08    2.7488E-01   -1.5665E+00    8.6894E+00    2.0200E-04
7.7027E+00  3.8523E-01 2.3348E+02    9.7368E-05    3.7666E-08    3.4242E-01   -1.8757E+00    1.0171E+01    2.0200E-04
7.2501E+00  4.1073E-01 2.3760E+02    1.5405E-04    3.5500E-08    4.1308E-01   -2.0873E+00    1.1795E+01    2.0200E-04
6.7988E+00  4.3736E-01 2.4160E+02    2.3703E-04    3.3326E-08    4.8915E-01   -2.2271E+00    1.3550E+01    2.0200E-04
6.3493E+00  4.6512E-01 2.4547E+02    3.5447E-04    3.1325E-08    5.6706E-01   -2.2853E+00    1.5419E+01    2.0200E-04
5.9023E+00  4.9403E-01 2.4917E+02    5.1515E-04    2.9353E-08    6.3324E-01   -2.2929E+00    1.7379E+01    2.0200E-04
5.4582E+00  5.2408E-01 2.5269E+02    7.2789E-04    2.7395E-08    6.8045E-01   -2.2771E+00    1.9410E+01    2.0200E-04
5.0177E+00  5.5525E-01 2.5603E+02    1.0010E-03    2.5551E-08    7.1428E-01   -2.2605E+00    2.1488E+01    2.0200E-04
4.5813E+00  5.8754E-01 2.5918E+02    1.3417E-03    2.3806E-08    7.4151E-01   -2.2202E+00    2.3592E+01    2.0200E-04
4.1496E+00  6.2091E-01 2.6214E+02    1.7563E-03    2.2105E-08    7.6224E-01   -2.1589E+00    2.5707E+01    2.0200E-04
3.7231E+00  6.5536E-01 2.6492E+02    2.2497E-03    2.0505E-08    7.7366E-01   -2.0942E+00    2.7818E+01    2.0200E-04
3.3023E+00  6.9085E-01 2.6754E+02    2.8258E-03    1.9071E-08    7.7582E-01   -2.0034E+00    2.9916E+01    2.0200E-04
2.8875E+00  7.2734E-01 2.7000E+02    3.4873E-03    1.7726E-08    7.7169E-01   -1.8600E+00    3.1992E+01    2.0200E-04
2.4793E+00  7.6480E-01 2.7231E+02    4.2362E-03    1.6527E-08    7.6428E-01   -1.7086E+00    3.4043E+01    2.0200E-04
2.0778E+00  8.0317E-01 2.7466E+02    5.1395E-03    1.5440E-08    7.5930E-01   -1.6102E+00    3.6221E+01    2.0200E-04
1.6833E+00  8.4240E-01 2.7695E+02    6.0396E-03    1.4462E-08    7.4071E-01   -1.5262E+00    3.8447E+01    2.0200E-04
1.2960E+00  8.8244E-01 2.7915E+02    7.0455E-03    1.3689E-08    7.2422E-01   -1.5142E+00    4.0677E+01    2.0200E-04
9.1615E-01  9.2322E-01 2.8124E+02    8.1601E-03    1.3060E-08    7.1320E-01   -1.5807E+00    4.2878E+01    2.0200E-04
5.4415E-01  9.6466E-01 2.8322E+02    9.2379E-03    1.2549E-08    7.0604E-01   -1.7596E+00    4.5060E+01    2.0200E-04
1.8023E-01  1.0067E+00 2.8512E+02    1.0603E-02    1.2119E-08    7.2729E-01   -2.0156E+00    4.7222E+01    2.0200E-04
0.0000E+00  1.0281E+00 2.8607E+02    1.1285E-02    1.2200E-08    7.9383E+00   -3.5432E+00    4.8332E+01    2.0200E-04
