     ALT          P          T          FH2O           O3           THEAT        TCOOL        PSATCO2        FCO2
6.8775E+01  3.2610E-05 1.8610E+02    2.8175E-06    1.0321E-08    3.3526E+01   -2.6824E+01    4.9266E-01    1.7700E-04
6.7847E+01  3.8505E-05 1.7572E+02    3.1513E-06    1.3678E-08    5.3452E+00   -1.1541E+01    1.8259E-01    1.7779E-04
6.6968E+01  4.5409E-05 1.6974E+02    3.4370E-06    1.7165E-08    1.6917E+00   -4.4482E+00    9.7446E-02    1.7800E-04
6.6116E+01  5.3484E-05 1.6767E+02    3.7076E-06    2.0047E-08    1.1446E+00   -1.4794E+00    7.7591E-02    1.7800E-04
6.5274E+01  6.2915E-05 1.6824E+02    3.9512E-06    2.2317E-08    1.0607E+00   -5.3618E-01    8.2667E-02    1.7894E-04
6.4433E+01  7.3916E-05 1.7034E+02    4.1803E-06    2.4378E-08    1.0327E+00   -4.3287E-01    1.0401E-01    1.7900E-04
6.3586E+01  8.6732E-05 1.7326E+02    4.3976E-06    2.6505E-08    1.0111E+00   -5.8632E-01    1.4179E-01    1.7900E-04
6.2730E+01  1.0164E-04 1.7663E+02    4.6034E-06    2.8944E-08    9.9273E-01   -7.4659E-01    2.0009E-01    1.7900E-04
6.1865E+01  1.1896E-04 1.8029E+02    4.7958E-06    3.1934E-08    9.8250E-01   -8.6403E-01    2.8678E-01    1.7900E-04
6.0988E+01  1.3906E-04 1.8423E+02    4.9812E-06    3.5865E-08    9.8059E-01   -1.0227E+00    4.1568E-01    1.7900E-04
6.0099E+01  1.6235E-04 1.8851E+02    5.1563E-06    4.1069E-08    9.8964E-01   -1.3398E+00    6.1044E-01    1.7900E-04
5.9197E+01  1.8930E-04 1.9309E+02    5.3179E-06    4.7947E-08    1.0124E+00   -1.7204E+00    9.0367E-01    1.7900E-04
5.8281E+01  2.2045E-04 1.9745E+02    5.4645E-06    5.7398E-08    1.0527E+00   -1.9489E+00    1.2912E+00    1.7900E-04
5.7354E+01  2.5639E-04 2.0126E+02    5.6049E-06    7.0048E-08    1.1144E+00   -2.0311E+00    1.7397E+00    1.7900E-04
5.6419E+01  2.9783E-04 2.0453E+02    5.7393E-06    8.5413E-08    1.1955E+00   -2.0654E+00    2.2274E+00    1.7900E-04
5.5478E+01  3.4552E-04 2.0740E+02    5.8623E-06    1.0261E-07    1.2875E+00   -2.1114E+00    2.7496E+00    1.7900E-04
5.4533E+01  4.0035E-04 2.1000E+02    5.9757E-06    1.2120E-07    1.3871E+00   -2.1678E+00    3.3100E+00    1.7900E-04
5.3585E+01  4.6329E-04 2.1241E+02    6.0795E-06    1.4050E-07    1.4904E+00   -2.2277E+00    3.9139E+00    1.7900E-04
5.2635E+01  5.3545E-04 2.1467E+02    6.1813E-06    1.6165E-07    1.6018E+00   -2.2881E+00    4.5659E+00    1.7900E-04
5.1684E+01  6.1807E-04 2.1682E+02    6.2664E-06    1.8563E-07    1.7249E+00   -2.3452E+00    5.2389E+00    1.7900E-04
5.0732E+01  7.1254E-04 2.1888E+02    6.3513E-06    2.1248E-07    1.8585E+00   -2.4017E+00    5.7223E+00    1.7900E-04
4.9781E+01  8.2041E-04 2.2087E+02    6.4368E-06    2.4195E-07    2.0004E+00   -2.4563E+00    6.2199E+00    1.7900E-04
4.8829E+01  9.4343E-04 2.2280E+02    6.5052E-06    2.7686E-07    2.1591E+00   -2.5061E+00    6.7332E+00    1.7900E-04
4.7879E+01  1.0835E-03 2.2468E+02    6.5796E-06    3.1615E-07    2.3328E+00   -2.5640E+00    7.2631E+00    1.7900E-04
4.6929E+01  1.2429E-03 2.2652E+02    6.6456E-06    3.6017E-07    2.5143E+00   -2.6207E+00    7.8107E+00    1.7900E-04
4.5981E+01  1.4238E-03 2.2832E+02    6.7061E-06    4.0978E-07    2.6962E+00   -2.6721E+00    8.3767E+00    1.7900E-04
4.5035E+01  1.6291E-03 2.3008E+02    6.7629E-06    4.6546E-07    2.8740E+00   -2.7252E+00    8.9621E+00    1.7900E-04
4.4091E+01  1.8616E-03 2.3182E+02    6.8095E-06    5.2819E-07    3.0446E+00   -2.7903E+00    9.5673E+00    1.7900E-04
4.3148E+01  2.1246E-03 2.3354E+02    6.8540E-06    5.9908E-07    3.2055E+00   -2.8817E+00    1.0193E+01    1.7900E-04
4.2209E+01  2.4217E-03 2.3523E+02    6.8916E-06    6.7982E-07    3.3548E+00   -3.0192E+00    1.0840E+01    1.7900E-04
4.1271E+01  2.7569E-03 2.3694E+02    6.9291E-06    7.7271E-07    3.4912E+00   -3.2115E+00    1.1521E+01    1.7900E-04
4.0337E+01  3.1345E-03 2.3857E+02    6.9483E-06    8.8366E-07    3.6184E+00   -3.4278E+00    1.2202E+01    1.7900E-04
3.9406E+01  3.5594E-03 2.3996E+02    6.9669E-06    1.0159E-06    3.7287E+00   -3.6239E+00    1.2806E+01    1.7900E-04
3.8481E+01  4.0367E-03 2.4097E+02    6.9700E-06    1.1828E-06    3.8300E+00   -3.7695E+00    1.3260E+01    1.7900E-04
3.7561E+01  4.5723E-03 2.4151E+02    6.9662E-06    1.3977E-06    3.9128E+00   -3.8492E+00    1.3508E+01    1.7900E-04
3.6650E+01  5.1725E-03 2.4152E+02    6.9460E-06    1.6525E-06    3.9298E+00   -3.8522E+00    1.3512E+01    1.7900E-04
3.5750E+01  5.8440E-03 2.4096E+02    6.9100E-06    1.9600E-06    3.8815E+00   -3.7829E+00    1.3258E+01    1.7900E-04
3.4863E+01  6.5944E-03 2.3986E+02    6.8567E-06    2.2959E-06    3.7431E+00   -3.6473E+00    1.2765E+01    1.7900E-04
3.3989E+01  7.4318E-03 2.3829E+02    6.7991E-06    2.6173E-06    3.5167E+00   -3.4571E+00    1.2083E+01    1.7900E-04
3.3132E+01  8.3650E-03 2.3635E+02    6.7305E-06    2.9003E-06    3.2457E+00   -3.2284E+00    1.1285E+01    1.7900E-04
3.2291E+01  9.4034E-03 2.3420E+02    6.6541E-06    3.1100E-06    2.9551E+00   -2.9780E+00    1.0443E+01    1.7900E-04
3.1467E+01  1.0558E-02 2.3198E+02    6.5717E-06    3.2394E-06    2.6676E+00   -2.7372E+00    9.6216E+00    1.7900E-04
3.0661E+01  1.1838E-02 2.2978E+02    6.4892E-06    3.3118E-06    2.3998E+00   -2.4586E+00    8.8595E+00    1.7900E-04
2.9870E+01  1.3258E-02 2.2769E+02    6.3943E-06    3.3200E-06    2.1458E+00   -2.1950E+00    8.1764E+00    1.7900E-04
2.9096E+01  1.4829E-02 2.2575E+02    6.3114E-06    3.2907E-06    1.9135E+00   -1.9518E+00    7.5774E+00    1.7900E-04
2.8336E+01  1.6565E-02 2.2397E+02    6.2202E-06    3.2285E-06    1.7028E+00   -1.7303E+00    7.0590E+00    1.7900E-04
2.7591E+01  1.8481E-02 2.2236E+02    6.1308E-06    3.1476E-06    1.5165E+00   -1.5331E+00    6.6130E+00    1.7900E-04
2.6860E+01  2.0593E-02 2.2091E+02    6.0353E-06    3.0452E-06    1.3524E+00   -1.3608E+00    6.2295E+00    1.7900E-04
2.6143E+01  2.2917E-02 2.1960E+02    5.9448E-06    2.9325E-06    1.2115E+00   -1.2139E+00    5.8988E+00    1.7900E-04
2.5437E+01  2.5472E-02 2.1843E+02    5.8523E-06    2.8132E-06    1.0919E+00   -1.0904E+00    5.6122E+00    1.7900E-04
2.4744E+01  2.8275E-02 2.1736E+02    5.7592E-06    2.6987E-06    9.9182E-01   -9.8693E-01    5.3627E+00    1.7900E-04
2.4063E+01  3.1348E-02 2.1640E+02    5.6736E-06    2.5658E-06    9.0289E-01   -8.9986E-01    5.1263E+00    1.7900E-04
2.3393E+01  3.4710E-02 2.1554E+02    5.5798E-06    2.4452E-06    8.2724E-01   -8.2380E-01    4.8402E+00    1.7900E-04
2.2733E+01  3.8385E-02 2.1477E+02    5.4875E-06    2.3164E-06    7.5821E-01   -7.5619E-01    4.5963E+00    1.7900E-04
2.2085E+01  4.2396E-02 2.1409E+02    5.3966E-06    2.1863E-06    6.9472E-01   -6.9477E-01    4.3902E+00    1.7900E-04
2.1446E+01  4.6767E-02 2.1350E+02    5.3073E-06    2.0585E-06    6.3596E-01   -6.3806E-01    4.2184E+00    1.7900E-04
2.0818E+01  5.1523E-02 2.1301E+02    5.2193E-06    1.9244E-06    5.7986E-01   -5.8566E-01    4.0784E+00    1.7900E-04
2.0199E+01  5.6691E-02 2.1261E+02    5.1427E-06    1.7983E-06    5.2806E-01   -5.3558E-01    3.9677E+00    1.7900E-04
1.9589E+01  6.2299E-02 2.1229E+02    5.0573E-06    1.6603E-06    4.7749E-01   -4.8745E-01    3.8836E+00    1.7900E-04
1.8989E+01  6.8376E-02 2.1207E+02    4.9732E-06    1.5159E-06    4.2909E-01   -4.4029E-01    3.8229E+00    1.7900E-04
1.8397E+01  7.4951E-02 2.1191E+02    4.8975E-06    1.3740E-06    3.8442E-01   -3.9261E-01    3.7812E+00    1.7900E-04
1.7814E+01  8.2055E-02 2.1180E+02    4.8188E-06    1.2257E-06    3.4220E-01   -3.4546E-01    3.7530E+00    1.7900E-04
1.7239E+01  8.9719E-02 2.1172E+02    4.7586E-06    1.0766E-06    3.0305E-01   -3.0054E-01    3.7324E+00    1.7900E-04
1.6673E+01  9.7975E-02 2.1165E+02    4.6922E-06    9.2192E-07    2.6605E-01   -2.6023E-01    3.7135E+00    1.7900E-04
1.6115E+01  1.0686E-01 2.1156E+02    4.6391E-06    7.7374E-07    2.3154E-01   -2.0344E-01    3.6902E+00    1.7900E-04
1.5566E+01  1.1640E-01 2.1143E+02    4.5952E-06    6.3485E-07    2.0058E-01   -1.7219E-01    3.6592E+00    1.7900E-04
1.5025E+01  1.2663E-01 2.1128E+02    4.5564E-06    5.1034E-07    1.7378E-01   -1.4862E-01    3.6211E+00    1.7900E-04
1.4493E+01  1.3758E-01 2.1112E+02    4.5245E-06    4.0160E-07    1.5087E-01   -1.3265E-01    3.5801E+00    1.7900E-04
1.3969E+01  1.4930E-01 2.1097E+02    4.4987E-06    3.0665E-07    1.3127E-01   -1.2468E-01    3.5434E+00    1.7900E-04
1.3454E+01  1.6181E-01 2.1088E+02    4.4781E-06    2.2660E-07    1.1501E-01   -1.2250E-01    3.5200E+00    1.7900E-04
1.2947E+01  1.7515E-01 2.1087E+02    4.4639E-06    1.6792E-07    1.0286E-01   -1.1968E-01    3.5178E+00    1.7900E-04
1.2448E+01  1.8935E-01 2.1098E+02    4.4539E-06    1.2837E-07    9.4374E-02   -1.1417E-01    3.5452E+00    1.7900E-04
1.1957E+01  2.0444E-01 2.1122E+02    4.5550E-06    1.0044E-07    8.8831E-02   -1.0986E-01    3.6041E+00    1.7900E-04
1.1473E+01  2.2045E-01 2.1159E+02    5.0379E-06    7.9882E-08    8.6712E-02   -1.1452E-01    3.6989E+00    1.7900E-04
1.0996E+01  2.3742E-01 2.1208E+02    6.1058E-06    6.6719E-08    8.8497E-02   -1.1900E-01    3.8268E+00    1.7900E-04
1.0527E+01  2.5538E-01 2.1260E+02    7.1911E-06    5.9187E-08    9.1216E-02   -6.6876E-02    3.9675E+00    1.7900E-04
1.0064E+01  2.7435E-01 2.1327E+02    7.8982E-06    5.4242E-08    9.3350E-02   -5.7214E-02    4.1524E+00    1.7900E-04
9.6060E+00  2.9435E-01 2.1601E+02    1.1441E-05    5.0215E-08    1.0823E-01   -2.8628E-01    4.9953E+00    1.7900E-04
9.1488E+00  3.1542E-01 2.2035E+02    2.0116E-05    4.6648E-08    1.4259E-01   -6.9014E-01    6.0873E+00    1.7900E-04
8.6910E+00  3.3757E-01 2.2467E+02    3.4496E-05    4.3372E-08    1.9134E-01   -1.1098E+00    7.2604E+00    1.7900E-04
8.2332E+00  3.6081E-01 2.2895E+02    5.7666E-05    4.0185E-08    2.5185E-01   -1.5050E+00    8.5819E+00    1.7900E-04
7.7757E+00  3.8518E-01 2.3316E+02    9.3905E-05    3.7163E-08    3.1899E-01   -1.8213E+00    1.0051E+01    1.7900E-04
7.3190E+00  4.1067E-01 2.3728E+02    1.4884E-04    3.4312E-08    3.8935E-01   -2.0400E+00    1.1664E+01    1.7900E-04
6.8636E+00  4.3729E-01 2.4129E+02    2.2945E-04    3.1557E-08    4.6502E-01   -2.1859E+00    1.3408E+01    1.7900E-04
6.4100E+00  4.6506E-01 2.4517E+02    3.4383E-04    2.9037E-08    5.4287E-01   -2.2502E+00    1.5267E+01    1.7900E-04
5.9588E+00  4.9396E-01 2.4888E+02    5.0070E-04    2.6655E-08    6.0964E-01   -2.2614E+00    1.7220E+01    1.7900E-04
5.5106E+00  5.2400E-01 2.5242E+02    7.0891E-04    2.4422E-08    6.5761E-01   -2.2497E+00    1.9245E+01    1.7900E-04
5.0660E+00  5.5517E-01 2.5577E+02    9.7679E-04    2.2365E-08    6.9193E-01   -2.2359E+00    2.1318E+01    1.7900E-04
4.6255E+00  5.8745E-01 2.5893E+02    1.3118E-03    2.0456E-08    7.1955E-01   -2.1999E+00    2.3421E+01    1.7900E-04
4.1897E+00  6.2082E-01 2.6190E+02    1.7201E-03    1.8660E-08    7.4082E-01   -2.1421E+00    2.5534E+01    1.7900E-04
3.7591E+00  6.5527E-01 2.6470E+02    2.2068E-03    1.7033E-08    7.5293E-01   -2.0809E+00    2.7645E+01    1.7900E-04
3.3342E+00  6.9075E-01 2.6733E+02    2.7759E-03    1.5574E-08    7.5575E-01   -1.9951E+00    2.9743E+01    1.7900E-04
2.9155E+00  7.2723E-01 2.6980E+02    3.4301E-03    1.4279E-08    7.5221E-01   -1.8581E+00    3.1821E+01    1.7900E-04
2.5033E+00  7.6468E-01 2.7212E+02    4.1714E-03    1.3143E-08    7.4529E-01   -1.7069E+00    3.3873E+01    1.7900E-04
2.0979E+00  8.0305E-01 2.7446E+02    5.0609E-03    1.2155E-08    7.4036E-01   -1.6047E+00    3.6028E+01    1.7900E-04
1.6996E+00  8.4228E-01 2.7676E+02    5.9644E-03    1.1306E-08    7.2333E-01   -1.5239E+00    3.8254E+01    1.7900E-04
1.3085E+00  8.8231E-01 2.7896E+02    6.9460E-03    1.0602E-08    7.0604E-01   -1.5060E+00    4.0481E+01    1.7900E-04
9.2504E-01  9.2307E-01 2.8106E+02    8.0646E-03    1.0033E-08    6.9625E-01   -1.5725E+00    4.2683E+01    1.7900E-04
5.4943E-01  9.6451E-01 2.8305E+02    9.1307E-03    9.5780E-09    6.8906E-01   -1.7467E+00    4.4860E+01    1.7900E-04
1.8198E-01  1.0065E+00 2.8495E+02    1.0481E-02    9.2014E-09    7.1020E-01   -1.9994E+00    4.7023E+01    1.7900E-04
0.0000E+00  1.0279E+00 2.8590E+02    1.1166E-02    9.2700E-09    7.9901E+00   -3.5607E+00    4.8132E+01    1.7900E-04
