     ALT          P          T          FH2O           O3           THEAT        TCOOL        PSATCO2        FCO2
6.8890E+01  3.2610E-05 1.8644E+02    2.6638E-06    1.0616E-08    3.3528E+01   -2.6767E+01    5.0783E-01    1.7700E-04
6.7960E+01  3.8505E-05 1.7627E+02    2.9804E-06    1.3891E-08    5.3411E+00   -1.1626E+01    1.9311E-01    1.7800E-04
6.7077E+01  4.5410E-05 1.7050E+02    3.2581E-06    1.7303E-08    1.6863E+00   -4.4282E+00    1.0584E-01    1.7800E-04
6.6221E+01  5.3484E-05 1.6862E+02    3.5128E-06    2.0028E-08    1.1402E+00   -1.4806E+00    8.6165E-02    1.7802E-04
6.5374E+01  6.2916E-05 1.6934E+02    3.7497E-06    2.2182E-08    1.0563E+00   -5.4289E-01    9.3309E-02    1.7900E-04
6.4527E+01  7.3917E-05 1.7158E+02    3.9732E-06    2.4148E-08    1.0276E+00   -4.4377E-01    1.1872E-01    1.7900E-04
6.3673E+01  8.6732E-05 1.7461E+02    4.1845E-06    2.6056E-08    1.0048E+00   -6.0362E-01    1.6310E-01    1.7900E-04
6.2811E+01  1.0164E-04 1.7810E+02    4.3833E-06    2.8385E-08    9.8582E-01   -7.7687E-01    2.3164E-01    1.7900E-04
6.1938E+01  1.1896E-04 1.8190E+02    4.5756E-06    3.1266E-08    9.7528E-01   -9.3997E-01    3.3430E-01    1.7900E-04
6.1053E+01  1.3906E-04 1.8601E+02    4.7533E-06    3.4973E-08    9.7243E-01   -1.1932E+00    4.8857E-01    1.7900E-04
6.0155E+01  1.6235E-04 1.9043E+02    4.9152E-06    3.9860E-08    9.8012E-01   -1.5509E+00    7.2127E-01    1.7900E-04
5.9244E+01  1.8930E-04 1.9488E+02    5.0797E-06    4.6784E-08    1.0032E+00   -1.8502E+00    1.0484E+00    1.7900E-04
5.8321E+01  2.2045E-04 1.9894E+02    5.2276E-06    5.6467E-08    1.0444E+00   -1.9897E+00    1.4526E+00    1.7900E-04
5.7388E+01  2.5640E-04 2.0245E+02    5.3599E-06    6.9275E-08    1.1079E+00   -2.0271E+00    1.9054E+00    1.7900E-04
5.6448E+01  2.9783E-04 2.0550E+02    5.4917E-06    8.4999E-08    1.1904E+00   -2.0592E+00    2.3936E+00    1.7900E-04
5.5503E+01  3.4553E-04 2.0822E+02    5.6092E-06    1.0282E-07    1.2853E+00   -2.1083E+00    2.9168E+00    1.7900E-04
5.4554E+01  4.0035E-04 2.1071E+02    5.7132E-06    1.2178E-07    1.3865E+00   -2.1673E+00    3.4796E+00    1.7900E-04
5.3603E+01  4.6330E-04 2.1304E+02    5.8145E-06    1.4111E-07    1.4903E+00   -2.2312E+00    4.0868E+00    1.7900E-04
5.2650E+01  5.3546E-04 2.1524E+02    5.9098E-06    1.6330E-07    1.6059E+00   -2.2951E+00    4.7429E+00    1.7900E-04
5.1697E+01  6.1808E-04 2.1734E+02    5.9952E-06    1.8642E-07    1.7258E+00   -2.3567E+00    5.3565E+00    1.7900E-04
5.0743E+01  7.1256E-04 2.1936E+02    6.0805E-06    2.1420E-07    1.8635E+00   -2.4171E+00    5.8376E+00    1.7900E-04
4.9789E+01  8.2043E-04 2.2131E+02    6.1569E-06    2.4463E-07    2.0099E+00   -2.4738E+00    6.3336E+00    1.7900E-04
4.8836E+01  9.4346E-04 2.2321E+02    6.2249E-06    2.7966E-07    2.1692E+00   -2.5260E+00    6.8456E+00    1.7900E-04
4.7884E+01  1.0836E-03 2.2506E+02    6.2920E-06    3.1900E-07    2.3429E+00   -2.5849E+00    7.3747E+00    1.7900E-04
4.6933E+01  1.2429E-03 2.2688E+02    6.3591E-06    3.6372E-07    2.5269E+00   -2.6429E+00    7.9218E+00    1.7900E-04
4.5983E+01  1.4239E-03 2.2866E+02    6.4161E-06    4.1379E-07    2.7100E+00   -2.6942E+00    8.4876E+00    1.7900E-04
4.5036E+01  1.6291E-03 2.3041E+02    6.4686E-06    4.6958E-07    2.8871E+00   -2.7464E+00    9.0730E+00    1.7900E-04
4.4090E+01  1.8617E-03 2.3214E+02    6.5165E-06    5.3242E-07    3.0570E+00   -2.8105E+00    9.6785E+00    1.7900E-04
4.3147E+01  2.1247E-03 2.3384E+02    6.5542E-06    6.0446E-07    3.2201E+00   -2.9002E+00    1.0305E+01    1.7900E-04
4.2206E+01  2.4218E-03 2.3552E+02    6.5919E-06    6.8538E-07    3.3683E+00   -3.0359E+00    1.0953E+01    1.7900E-04
4.1267E+01  2.7570E-03 2.3721E+02    6.6294E-06    7.7945E-07    3.5057E+00   -3.2269E+00    1.1634E+01    1.7900E-04
4.0332E+01  3.1346E-03 2.3883E+02    6.6484E-06    8.9076E-07    3.6315E+00   -3.4424E+00    1.2317E+01    1.7900E-04
3.9400E+01  3.5595E-03 2.4022E+02    6.6600E-06    1.0262E-06    3.7460E+00   -3.6373E+00    1.2922E+01    1.7900E-04
3.8473E+01  4.0369E-03 2.4122E+02    6.6600E-06    1.1950E-06    3.8446E+00   -3.7806E+00    1.3373E+01    1.7900E-04
3.7553E+01  4.5725E-03 2.4175E+02    6.6560E-06    1.4007E-06    3.9064E+00   -3.8557E+00    1.3617E+01    1.7900E-04
3.6641E+01  5.1726E-03 2.4174E+02    6.6277E-06    1.6647E-06    3.9353E+00   -3.8575E+00    1.3614E+01    1.7900E-04
3.5740E+01  5.8442E-03 2.4117E+02    6.5895E-06    1.9747E-06    3.8859E+00   -3.7857E+00    1.3350E+01    1.7900E-04
3.4852E+01  6.5947E-03 2.4005E+02    6.5459E-06    2.3015E-06    3.7350E+00   -3.6468E+00    1.2847E+01    1.7900E-04
3.3978E+01  7.4321E-03 2.3846E+02    6.4834E-06    2.6279E-06    3.5129E+00   -3.4551E+00    1.2156E+01    1.7900E-04
3.3120E+01  8.3653E-03 2.3651E+02    6.4092E-06    2.9069E-06    3.2399E+00   -3.2244E+00    1.1348E+01    1.7900E-04
3.2279E+01  9.4038E-03 2.3435E+02    6.3324E-06    3.1145E-06    2.9494E+00   -2.9728E+00    1.0498E+01    1.7900E-04
3.1455E+01  1.0558E-02 2.3211E+02    6.2500E-06    3.2459E-06    2.6640E+00   -2.7323E+00    9.6685E+00    1.7900E-04
3.0647E+01  1.1839E-02 2.2990E+02    6.1671E-06    3.3121E-06    2.3942E+00   -2.4530E+00    8.8995E+00    1.7900E-04
2.9857E+01  1.3258E-02 2.2780E+02    6.0802E-06    3.3200E-06    2.1409E+00   -2.1897E+00    8.2103E+00    1.7900E-04
2.9082E+01  1.4829E-02 2.2584E+02    5.9892E-06    3.2896E-06    1.9090E+00   -1.9460E+00    7.6059E+00    1.7900E-04
2.8322E+01  1.6566E-02 2.2405E+02    5.8981E-06    3.2267E-06    1.6987E+00   -1.7244E+00    7.0827E+00    1.7900E-04
2.7577E+01  1.8482E-02 2.2243E+02    5.8086E-06    3.1449E-06    1.5127E+00   -1.5271E+00    6.6322E+00    1.7900E-04
2.6846E+01  2.0594E-02 2.2097E+02    5.7127E-06    3.0426E-06    1.3490E+00   -1.3546E+00    6.2446E+00    1.7900E-04
2.6128E+01  2.2918E-02 2.1965E+02    5.6221E-06    2.9295E-06    1.2086E+00   -1.2075E+00    5.9099E+00    1.7900E-04
2.5422E+01  2.5473E-02 2.1846E+02    5.5301E-06    2.8166E-06    1.0906E+00   -1.0835E+00    5.6193E+00    1.7900E-04
2.4729E+01  2.8277E-02 2.1738E+02    5.4369E-06    2.6953E-06    9.8934E-01   -9.7944E-01    5.3658E+00    1.7900E-04
2.4048E+01  3.1349E-02 2.1640E+02    5.3509E-06    2.5682E-06    9.0154E-01   -8.9159E-01    5.1249E+00    1.7900E-04
2.3377E+01  3.4712E-02 2.1552E+02    5.2572E-06    2.4419E-06    8.2490E-01   -8.1497E-01    4.8329E+00    1.7900E-04
2.2718E+01  3.8387E-02 2.1473E+02    5.1650E-06    2.3127E-06    7.5584E-01   -7.4683E-01    4.5837E+00    1.7900E-04
2.2070E+01  4.2398E-02 2.1403E+02    5.0778E-06    2.1826E-06    6.9250E-01   -6.8511E-01    4.3727E+00    1.7900E-04
2.1432E+01  4.6769E-02 2.1342E+02    4.9948E-06    2.0550E-06    6.3405E-01   -6.2822E-01    4.1964E+00    1.7900E-04
2.0803E+01  5.1525E-02 2.1291E+02    4.9069E-06    1.9297E-06    5.7934E-01   -5.7462E-01    4.0519E+00    1.7900E-04
2.0185E+01  5.6694E-02 2.1249E+02    4.8203E-06    1.7945E-06    5.2621E-01   -5.2439E-01    3.9365E+00    1.7900E-04
1.9576E+01  6.2303E-02 2.1216E+02    4.7350E-06    1.6601E-06    4.7621E-01   -4.7529E-01    3.8474E+00    1.7900E-04
1.8975E+01  6.8380E-02 2.1191E+02    4.6510E-06    1.5222E-06    4.2882E-01   -4.2651E-01    3.7810E+00    1.7900E-04
1.8384E+01  7.4955E-02 2.1172E+02    4.5757E-06    1.3730E-06    3.8306E-01   -3.7916E-01    3.7328E+00    1.7900E-04
1.7802E+01  8.2060E-02 2.1159E+02    4.5058E-06    1.2221E-06    3.4041E-01   -3.3245E-01    3.6978E+00    1.7900E-04
1.7227E+01  8.9724E-02 2.1148E+02    4.4375E-06    1.0730E-06    3.0131E-01   -2.8691E-01    3.6701E+00    1.7900E-04
1.6662E+01  9.7981E-02 2.1137E+02    4.3809E-06    9.2344E-07    2.6514E-01   -2.4541E-01    3.6438E+00    1.7900E-04
1.6105E+01  1.0686E-01 2.1125E+02    4.3282E-06    7.7568E-07    2.3078E-01   -1.8751E-01    3.6129E+00    1.7900E-04
1.5556E+01  1.1640E-01 2.1110E+02    4.2843E-06    6.3687E-07    1.9983E-01   -1.5576E-01    3.5741E+00    1.7900E-04
1.5016E+01  1.2663E-01 2.1091E+02    4.2459E-06    5.1129E-07    1.7288E-01   -1.3215E-01    3.5284E+00    1.7900E-04
1.4485E+01  1.3759E-01 2.1072E+02    4.2140E-06    4.0208E-07    1.4989E-01   -1.1624E-01    3.4805E+00    1.7900E-04
1.3962E+01  1.4931E-01 2.1054E+02    4.1884E-06    3.0688E-07    1.3025E-01   -1.0840E-01    3.4377E+00    1.7900E-04
1.3448E+01  1.6182E-01 2.1042E+02    4.1679E-06    2.2685E-07    1.1400E-01   -1.0648E-01    3.4094E+00    1.7900E-04
1.2942E+01  1.7516E-01 2.1040E+02    4.1538E-06    1.6852E-07    1.0191E-01   -1.0425E-01    3.4042E+00    1.7900E-04
1.2445E+01  1.8936E-01 2.1050E+02    4.1439E-06    1.2920E-07    9.3450E-02   -9.8783E-02    3.4281E+00    1.7900E-04
1.1954E+01  2.0445E-01 2.1074E+02    4.2338E-06    1.0105E-07    8.7847E-02   -9.5413E-02    3.4861E+00    1.7900E-04
1.1472E+01  2.2047E-01 2.1112E+02    4.7227E-06    8.0317E-08    8.5769E-02   -1.0143E-01    3.5799E+00    1.7900E-04
1.0996E+01  2.3744E-01 2.1158E+02    5.7204E-06    6.7092E-08    8.7348E-02   -1.0090E-01    3.6961E+00    1.7900E-04
1.0528E+01  2.5540E-01 2.1216E+02    6.4611E-06    5.9474E-08    8.9751E-02   -3.8857E-02    3.8476E+00    1.7900E-04
1.0066E+01  2.7437E-01 2.1279E+02    7.4215E-06    5.4474E-08    9.2197E-02   -5.5860E-02    4.0172E+00    1.7900E-04
9.6086E+00  2.9437E-01 2.1608E+02    1.1549E-05    5.0442E-08    1.0992E-01   -3.2942E-01    5.0193E+00    1.7900E-04
9.1512E+00  3.1544E-01 2.2043E+02    2.0300E-05    4.6851E-08    1.4517E-01   -7.2891E-01    6.1059E+00    1.7900E-04
8.6933E+00  3.3759E-01 2.2475E+02    3.4804E-05    4.3494E-08    1.9439E-01   -1.1445E+00    7.2819E+00    1.7900E-04
8.2353E+00  3.6084E-01 2.2902E+02    5.8166E-05    4.0304E-08    2.5510E-01   -1.5330E+00    8.6064E+00    1.7900E-04
7.7777E+00  3.8520E-01 2.3323E+02    9.4694E-05    3.7280E-08    3.2215E-01   -1.8417E+00    1.0079E+01    1.7900E-04
7.3208E+00  4.1070E-01 2.3736E+02    1.5005E-04    3.4427E-08    3.9223E-01   -2.0538E+00    1.1695E+01    1.7900E-04
6.8653E+00  4.3732E-01 2.4137E+02    2.3123E-04    3.1671E-08    4.6764E-01   -2.1950E+00    1.3441E+01    1.7900E-04
6.4115E+00  4.6509E-01 2.4524E+02    3.4634E-04    2.9149E-08    5.4519E-01   -2.2559E+00    1.5303E+01    1.7900E-04
5.9602E+00  4.9400E-01 2.4895E+02    5.0415E-04    2.6766E-08    6.1152E-01   -2.2654E+00    1.7258E+01    1.7900E-04
5.5119E+00  5.2404E-01 2.5248E+02    7.1348E-04    2.4530E-08    6.5905E-01   -2.2525E+00    1.9285E+01    1.7900E-04
5.0671E+00  5.5521E-01 2.5583E+02    9.8265E-04    2.2433E-08    6.9307E-01   -2.2381E+00    2.1360E+01    1.7900E-04
4.6265E+00  5.8749E-01 2.5899E+02    1.3191E-03    2.0463E-08    7.2049E-01   -2.2013E+00    2.3463E+01    1.7900E-04
4.1906E+00  6.2087E-01 2.6196E+02    1.7290E-03    1.8678E-08    7.4155E-01   -2.1430E+00    2.5577E+01    1.7900E-04
3.7600E+00  6.5531E-01 2.6476E+02    2.2174E-03    1.7135E-08    7.5344E-01   -2.0812E+00    2.7688E+01    1.7900E-04
3.3350E+00  6.9080E-01 2.6738E+02    2.7882E-03    1.5593E-08    7.5606E-01   -1.9942E+00    2.9786E+01    1.7900E-04
2.9162E+00  7.2729E-01 2.6985E+02    3.4442E-03    1.4282E-08    7.5237E-01   -1.8547E+00    3.1864E+01    1.7900E-04
2.5039E+00  7.6474E-01 2.7217E+02    4.1873E-03    1.3145E-08    7.4542E-01   -1.7062E+00    3.3915E+01    1.7900E-04
2.0984E+00  8.0311E-01 2.7453E+02    5.0875E-03    1.2156E-08    7.4126E-01   -1.6096E+00    3.6094E+01    1.7900E-04
1.7000E+00  8.4234E-01 2.7683E+02    5.9898E-03    1.1307E-08    7.2363E-01   -1.5257E+00    3.8320E+01    1.7900E-04
1.3088E+00  8.8237E-01 2.7903E+02    6.9795E-03    1.0602E-08    7.0654E-01   -1.5091E+00    4.0547E+01    1.7900E-04
9.2525E-01  9.2314E-01 2.8112E+02    8.0967E-03    1.0027E-08    6.9628E-01   -1.5751E+00    4.2749E+01    1.7900E-04
5.4956E-01  9.6458E-01 2.8310E+02    9.1618E-03    9.5682E-09    6.8891E-01   -1.7494E+00    4.4927E+01    1.7900E-04
1.8202E-01  1.0066E+00 2.8501E+02    1.0522E-02    9.1915E-09    7.1038E-01   -2.0039E+00    4.7089E+01    1.7900E-04
0.0000E+00  1.0280E+00 2.8596E+02    1.1205E-02    9.2600E-09    7.9882E+00   -3.5570E+00    4.8199E+01    1.7900E-04
