     ALT          P          T          FH2O           O3           THEAT        TCOOL        PSATCO2        FCO2
6.8758E+01  3.2610E-05 1.8607E+02    2.8355E-06    1.0371E-08    3.3526E+01   -2.6774E+01    4.9119E-01    1.7700E-04
6.7830E+01  3.8505E-05 1.7565E+02    3.1690E-06    1.3661E-08    5.3462E+00   -1.1676E+01    1.8133E-01    1.7783E-04
6.6951E+01  4.5409E-05 1.6965E+02    3.4635E-06    1.7139E-08    1.6921E+00   -4.4434E+00    9.6449E-02    1.7800E-04
6.6100E+01  5.3484E-05 1.6755E+02    3.7305E-06    2.0101E-08    1.1453E+00   -1.4653E+00    7.6544E-02    1.7800E-04
6.5259E+01  6.2915E-05 1.6810E+02    3.9763E-06    2.2367E-08    1.0617E+00   -5.3088E-01    8.1338E-02    1.7898E-04
6.4418E+01  7.3916E-05 1.7018E+02    4.2050E-06    2.4482E-08    1.0337E+00   -4.2736E-01    1.0216E-01    1.7900E-04
6.3572E+01  8.6732E-05 1.7308E+02    4.4216E-06    2.6548E-08    1.0117E+00   -5.7922E-01    1.3912E-01    1.7900E-04
6.2718E+01  1.0164E-04 1.7643E+02    4.6270E-06    2.8998E-08    9.9343E-01   -7.3927E-01    1.9622E-01    1.7900E-04
6.1853E+01  1.1896E-04 1.8008E+02    4.8266E-06    3.2089E-08    9.8379E-01   -8.5785E-01    2.8116E-01    1.7900E-04
6.0977E+01  1.3906E-04 1.8402E+02    5.0038E-06    3.6030E-08    9.8178E-01   -1.0102E+00    4.0747E-01    1.7900E-04
6.0090E+01  1.6235E-04 1.8828E+02    5.1783E-06    4.1247E-08    9.9081E-01   -1.3197E+00    5.9832E-01    1.7900E-04
5.9188E+01  1.8930E-04 1.9285E+02    5.3407E-06    4.8140E-08    1.0136E+00   -1.6976E+00    8.8597E-01    1.7900E-04
5.8274E+01  2.2045E-04 1.9723E+02    5.4959E-06    5.7603E-08    1.0542E+00   -1.9369E+00    1.2689E+00    1.7900E-04
5.7348E+01  2.5639E-04 2.0108E+02    5.6360E-06    7.0188E-08    1.1154E+00   -2.0279E+00    1.7157E+00    1.7900E-04
5.6414E+01  2.9783E-04 2.0438E+02    5.7668E-06    8.5599E-08    1.1966E+00   -2.0637E+00    2.2030E+00    1.7900E-04
5.5473E+01  3.4552E-04 2.0728E+02    5.8930E-06    1.0273E-07    1.2885E+00   -2.1106E+00    2.7252E+00    1.7900E-04
5.4529E+01  4.0035E-04 2.0990E+02    6.0064E-06    1.2131E-07    1.3881E+00   -2.1666E+00    3.2855E+00    1.7900E-04
5.3581E+01  4.6329E-04 2.1231E+02    6.1101E-06    1.4061E-07    1.4914E+00   -2.2261E+00    3.8890E+00    1.7900E-04
5.2631E+01  5.3545E-04 2.1459E+02    6.2117E-06    1.6175E-07    1.6024E+00   -2.2860E+00    4.5405E+00    1.7900E-04
5.1681E+01  6.1807E-04 2.1675E+02    6.2968E-06    1.8486E-07    1.7214E+00   -2.3427E+00    5.2220E+00    1.7900E-04
5.0729E+01  7.1254E-04 2.1881E+02    6.3816E-06    2.1162E-07    1.8547E+00   -2.3988E+00    5.7057E+00    1.7900E-04
4.9778E+01  8.2042E-04 2.2081E+02    6.4672E-06    2.4206E-07    2.0010E+00   -2.4533E+00    6.2036E+00    1.7900E-04
4.8827E+01  9.4343E-04 2.2274E+02    6.5354E-06    2.7698E-07    2.1600E+00   -2.5030E+00    6.7171E+00    1.7900E-04
4.7876E+01  1.0835E-03 2.2463E+02    6.6098E-06    3.1554E-07    2.3306E+00   -2.5608E+00    7.2472E+00    1.7900E-04
4.6927E+01  1.2429E-03 2.2647E+02    6.6758E-06    3.5992E-07    2.5133E+00   -2.6175E+00    7.7948E+00    1.7900E-04
4.5979E+01  1.4238E-03 2.2827E+02    6.7362E-06    4.0937E-07    2.6949E+00   -2.6690E+00    8.3609E+00    1.7900E-04
4.5033E+01  1.6291E-03 2.3004E+02    6.7930E-06    4.6517E-07    2.8730E+00   -2.7223E+00    8.9463E+00    1.7900E-04
4.4089E+01  1.8616E-03 2.3178E+02    6.8464E-06    5.2731E-07    3.0417E+00   -2.7879E+00    9.5515E+00    1.7900E-04
4.3147E+01  2.1246E-03 2.3350E+02    6.8862E-06    5.9820E-07    3.2027E+00   -2.8791E+00    1.0177E+01    1.7900E-04
4.2208E+01  2.4217E-03 2.3519E+02    6.9317E-06    6.7894E-07    3.3528E+00   -3.0172E+00    1.0825E+01    1.7900E-04
4.1271E+01  2.7569E-03 2.3690E+02    6.9596E-06    7.7278E-07    3.4921E+00   -3.2094E+00    1.1505E+01    1.7900E-04
4.0336E+01  3.1345E-03 2.3853E+02    6.9883E-06    8.8296E-07    3.6177E+00   -3.4265E+00    1.2187E+01    1.7900E-04
3.9406E+01  3.5594E-03 2.3992E+02    7.0000E-06    1.0157E-06    3.7292E+00   -3.6228E+00    1.2791E+01    1.7900E-04
3.8480E+01  4.0367E-03 2.4094E+02    7.0046E-06    1.1829E-06    3.8314E+00   -3.7689E+00    1.3246E+01    1.7900E-04
3.7561E+01  4.5723E-03 2.4148E+02    6.9962E-06    1.3978E-06    3.9140E+00   -3.8485E+00    1.3494E+01    1.7900E-04
3.6650E+01  5.1725E-03 2.4149E+02    6.9760E-06    1.6526E-06    3.9308E+00   -3.8515E+00    1.3498E+01    1.7900E-04
3.5750E+01  5.8440E-03 2.4094E+02    6.9400E-06    1.9600E-06    3.8823E+00   -3.7823E+00    1.3245E+01    1.7900E-04
3.4863E+01  6.5944E-03 2.3983E+02    6.8967E-06    2.2959E-06    3.7442E+00   -3.6476E+00    1.2752E+01    1.7900E-04
3.3989E+01  7.4318E-03 2.3826E+02    6.8391E-06    2.6223E-06    3.5214E+00   -3.4578E+00    1.2071E+01    1.7900E-04
3.3132E+01  8.3650E-03 2.3632E+02    6.7682E-06    2.9002E-06    3.2457E+00   -3.2283E+00    1.1273E+01    1.7900E-04
3.2291E+01  9.4035E-03 2.3417E+02    6.6933E-06    3.1099E-06    2.9551E+00   -2.9779E+00    1.0433E+01    1.7900E-04
3.1468E+01  1.0558E-02 2.3195E+02    6.6117E-06    3.2438E-06    2.6699E+00   -2.7375E+00    9.6116E+00    1.7900E-04
3.0661E+01  1.1838E-02 2.2975E+02    6.5211E-06    3.3136E-06    2.4006E+00   -2.4582E+00    8.8503E+00    1.7900E-04
2.9871E+01  1.3258E-02 2.2766E+02    6.4344E-06    3.3224E-06    2.1466E+00   -2.1950E+00    8.1678E+00    1.7900E-04
2.9096E+01  1.4829E-02 2.2572E+02    6.3415E-06    3.2907E-06    1.9133E+00   -1.9511E+00    7.5694E+00    1.7900E-04
2.8337E+01  1.6565E-02 2.2394E+02    6.2504E-06    3.2286E-06    1.7026E+00   -1.7297E+00    7.0516E+00    1.7900E-04
2.7592E+01  1.8481E-02 2.2233E+02    6.1610E-06    3.1477E-06    1.5164E+00   -1.5327E+00    6.6062E+00    1.7900E-04
2.6861E+01  2.0593E-02 2.2089E+02    6.0733E-06    3.0454E-06    1.3524E+00   -1.3609E+00    6.2234E+00    1.7900E-04
2.6143E+01  2.2917E-02 2.1958E+02    5.9771E-06    2.9327E-06    1.2117E+00   -1.2140E+00    5.8934E+00    1.7900E-04
2.5438E+01  2.5472E-02 2.1841E+02    5.8925E-06    2.8198E-06    1.0935E+00   -1.0909E+00    5.6074E+00    1.7900E-04
2.4745E+01  2.8275E-02 2.1734E+02    5.7993E-06    2.6991E-06    9.9217E-01   -9.8739E-01    5.3583E+00    1.7900E-04
2.4064E+01  3.1348E-02 2.1638E+02    5.7075E-06    2.5722E-06    9.0422E-01   -8.9984E-01    5.1200E+00    1.7900E-04
2.3394E+01  3.4711E-02 2.1552E+02    5.6200E-06    2.4455E-06    8.2740E-01   -8.2411E-01    4.8343E+00    1.7900E-04
2.2735E+01  3.8385E-02 2.1475E+02    5.5278E-06    2.3168E-06    7.5830E-01   -7.5651E-01    4.5909E+00    1.7900E-04
2.2086E+01  4.2396E-02 2.1407E+02    5.4369E-06    2.1866E-06    6.9484E-01   -6.9511E-01    4.3853E+00    1.7900E-04
2.1448E+01  4.6767E-02 2.1349E+02    5.3475E-06    2.0589E-06    6.3610E-01   -6.3848E-01    4.2141E+00    1.7900E-04
2.0819E+01  5.1523E-02 2.1299E+02    5.2596E-06    1.9248E-06    5.8002E-01   -5.8611E-01    4.0747E+00    1.7900E-04
2.0200E+01  5.6691E-02 2.1259E+02    5.1729E-06    1.7987E-06    5.2819E-01   -5.3567E-01    3.9646E+00    1.7900E-04
1.9591E+01  6.2300E-02 2.1229E+02    5.0875E-06    1.6607E-06    4.7763E-01   -4.8758E-01    3.8812E+00    1.7900E-04
1.8990E+01  6.8376E-02 2.1206E+02    5.0087E-06    1.5164E-06    4.2926E-01   -4.4069E-01    3.8212E+00    1.7900E-04
1.8398E+01  7.4951E-02 2.1190E+02    4.9306E-06    1.3745E-06    3.8459E-01   -3.9300E-01    3.7802E+00    1.7900E-04
1.7815E+01  8.2055E-02 2.1180E+02    4.8577E-06    1.2261E-06    3.4240E-01   -3.4612E-01    3.7528E+00    1.7900E-04
1.7241E+01  8.9719E-02 2.1172E+02    4.7890E-06    1.0771E-06    3.0321E-01   -3.0098E-01    3.7332E+00    1.7900E-04
1.6674E+01  9.7975E-02 2.1165E+02    4.7324E-06    9.2143E-07    2.6612E-01   -2.6142E-01    3.7153E+00    1.7900E-04
1.6116E+01  1.0686E-01 2.1157E+02    4.6792E-06    7.7351E-07    2.3164E-01   -2.0469E-01    3.6932E+00    1.7900E-04
1.5567E+01  1.1640E-01 2.1145E+02    4.6353E-06    6.3527E-07    2.0077E-01   -1.7328E-01    3.6633E+00    1.7900E-04
1.5026E+01  1.2663E-01 2.1130E+02    4.5965E-06    5.1020E-07    1.7390E-01   -1.4987E-01    3.6262E+00    1.7900E-04
1.4494E+01  1.3758E-01 2.1114E+02    4.5646E-06    4.0147E-07    1.5098E-01   -1.3397E-01    3.5862E+00    1.7900E-04
1.3970E+01  1.4930E-01 2.1100E+02    4.5388E-06    3.0627E-07    1.3134E-01   -1.2615E-01    3.5506E+00    1.7900E-04
1.3455E+01  1.6181E-01 2.1091E+02    4.5182E-06    2.2578E-07    1.1502E-01   -1.2423E-01    3.5283E+00    1.7900E-04
1.2948E+01  1.7515E-01 2.1091E+02    4.4979E-06    1.6771E-07    1.0293E-01   -1.2126E-01    3.5280E+00    1.7900E-04
1.2449E+01  1.8935E-01 2.1102E+02    4.4900E-06    1.2845E-07    9.4500E-02   -1.1543E-01    3.5558E+00    1.7900E-04
1.1957E+01  2.0444E-01 2.1127E+02    4.5946E-06    1.0042E-07    8.8957E-02   -1.1211E-01    3.6179E+00    1.7900E-04
1.1473E+01  2.2045E-01 2.1163E+02    5.0664E-06    7.9874E-08    8.6791E-02   -1.1521E-01    3.7106E+00    1.7900E-04
1.0997E+01  2.3743E-01 2.1212E+02    6.1391E-06    6.6737E-08    8.8479E-02   -1.1880E-01    3.8385E+00    1.7900E-04
1.0527E+01  2.5538E-01 2.1266E+02    7.2472E-06    5.9152E-08    8.9997E-02   -5.9308E-02    3.9818E+00    1.7900E-04
1.0064E+01  2.7435E-01 2.1329E+02    7.9159E-06    5.4145E-08    9.3350E-02   -5.6682E-02    4.1571E+00    1.7900E-04
9.6064E+00  2.9435E-01 2.1603E+02    1.1460E-05    5.0144E-08    1.0829E-01   -2.8666E-01    4.9997E+00    1.7900E-04
9.1491E+00  3.1542E-01 2.2037E+02    2.0150E-05    4.6626E-08    1.4267E-01   -6.9086E-01    6.0907E+00    1.7900E-04
8.6914E+00  3.3757E-01 2.2468E+02    3.4552E-05    4.3285E-08    1.9146E-01   -1.1108E+00    7.2644E+00    1.7900E-04
8.2335E+00  3.6082E-01 2.2896E+02    5.7756E-05    4.0185E-08    2.5201E-01   -1.5060E+00    8.5863E+00    1.7900E-04
7.7760E+00  3.8518E-01 2.3317E+02    9.4047E-05    3.7164E-08    3.1918E-01   -1.8221E+00    1.0056E+01    1.7900E-04
7.3193E+00  4.1067E-01 2.3730E+02    1.4906E-04    3.4225E-08    3.8956E-01   -2.0408E+00    1.1669E+01    1.7900E-04
6.8638E+00  4.3729E-01 2.4131E+02    2.2977E-04    3.1537E-08    4.6527E-01   -2.1865E+00    1.3414E+01    1.7900E-04
6.4102E+00  4.6506E-01 2.4518E+02    3.4427E-04    2.9038E-08    5.4312E-01   -2.2505E+00    1.5273E+01    1.7900E-04
5.9590E+00  4.9396E-01 2.4889E+02    5.0131E-04    2.6656E-08    6.0985E-01   -2.2617E+00    1.7227E+01    1.7900E-04
5.5108E+00  5.2401E-01 2.5243E+02    7.0971E-04    2.4422E-08    6.5778E-01   -2.2499E+00    1.9252E+01    1.7900E-04
5.0661E+00  5.5517E-01 2.5578E+02    9.7781E-04    2.2365E-08    6.9207E-01   -2.2361E+00    2.1326E+01    1.7900E-04
4.6256E+00  5.8745E-01 2.5894E+02    1.3130E-03    2.0457E-08    7.1968E-01   -2.2000E+00    2.3428E+01    1.7900E-04
4.1898E+00  6.2083E-01 2.6191E+02    1.7216E-03    1.8660E-08    7.4092E-01   -2.1422E+00    2.5541E+01    1.7900E-04
3.7592E+00  6.5527E-01 2.6471E+02    2.2086E-03    1.7033E-08    7.5300E-01   -2.0809E+00    2.7652E+01    1.7900E-04
3.3343E+00  6.9075E-01 2.6734E+02    2.7780E-03    1.5574E-08    7.5580E-01   -1.9950E+00    2.9751E+01    1.7900E-04
2.9156E+00  7.2724E-01 2.6981E+02    3.4326E-03    1.4280E-08    7.5224E-01   -1.8579E+00    3.1828E+01    1.7900E-04
2.5034E+00  7.6469E-01 2.7213E+02    4.1742E-03    1.3143E-08    7.4529E-01   -1.7066E+00    3.3880E+01    1.7900E-04
2.0980E+00  8.0305E-01 2.7447E+02    5.0638E-03    1.2155E-08    7.4033E-01   -1.6044E+00    3.6035E+01    1.7900E-04
1.6996E+00  8.4228E-01 2.7677E+02    5.9672E-03    1.1306E-08    7.2325E-01   -1.5236E+00    3.8261E+01    1.7900E-04
1.3086E+00  8.8231E-01 2.7897E+02    6.9497E-03    1.0602E-08    7.0602E-01   -1.5061E+00    4.0488E+01    1.7900E-04
9.2506E-01  9.2308E-01 2.8106E+02    8.0682E-03    1.0026E-08    6.9619E-01   -1.5727E+00    4.2690E+01    1.7900E-04
5.4945E-01  9.6451E-01 2.8305E+02    9.1342E-03    9.5721E-09    6.8900E-01   -1.7469E+00    4.4867E+01    1.7900E-04
1.8198E-01  1.0065E+00 2.8496E+02    1.0486E-02    9.2027E-09    7.1018E-01   -1.9998E+00    4.7030E+01    1.7900E-04
0.0000E+00  1.0279E+00 2.8591E+02    1.1170E-02    9.2700E-09    7.9899E+00   -3.5602E+00    4.8139E+01    1.7900E-04
