     ALT          P          T          FH2O           O3           THEAT        TCOOL        PSATCO2        FCO2
6.8919E+01  3.2610E-05 1.8651E+02    2.6151E-06    1.0646E-08    3.3529E+01   -2.6792E+01    5.1140E-01    1.7700E-04
6.7988E+01  3.8505E-05 1.7639E+02    2.9271E-06    1.3951E-08    5.3389E+00   -1.1623E+01    1.9544E-01    1.7800E-04
6.7104E+01  4.5410E-05 1.7066E+02    3.1979E-06    1.7322E-08    1.6852E+00   -4.4324E+00    1.0768E-01    1.7800E-04
6.6247E+01  5.3484E-05 1.6882E+02    3.4560E-06    2.0060E-08    1.1428E+00   -1.4688E+00    8.8061E-02    1.7897E-04
6.5399E+01  6.2916E-05 1.6957E+02    3.6869E-06    2.2233E-08    1.0553E+00   -5.3845E-01    9.5670E-02    1.7900E-04
6.4550E+01  7.3917E-05 1.7183E+02    3.9042E-06    2.4167E-08    1.0261E+00   -4.3519E-01    1.2197E-01    1.7900E-04
6.3695E+01  8.6733E-05 1.7489E+02    4.1100E-06    2.6099E-08    1.0033E+00   -5.9904E-01    1.6776E-01    1.7900E-04
6.2832E+01  1.0164E-04 1.7839E+02    4.3094E-06    2.8335E-08    9.8396E-01   -7.7580E-01    2.3846E-01    1.7900E-04
6.1957E+01  1.1896E-04 1.8222E+02    4.4964E-06    3.1208E-08    9.7330E-01   -9.4459E-01    3.4448E-01    1.7900E-04
6.1071E+01  1.3906E-04 1.8635E+02    4.6741E-06    3.4873E-08    9.7038E-01   -1.2203E+00    5.0414E-01    1.7900E-04
6.0171E+01  1.6235E-04 1.9081E+02    4.8416E-06    3.9779E-08    9.7834E-01   -1.5882E+00    7.4512E-01    1.7900E-04
5.9258E+01  1.8930E-04 1.9524E+02    4.9978E-06    4.6597E-08    1.0008E+00   -1.8688E+00    1.0795E+00    1.7900E-04
5.8333E+01  2.2045E-04 1.9923E+02    5.1379E-06    5.6359E-08    1.0421E+00   -1.9887E+00    1.4869E+00    1.7900E-04
5.7399E+01  2.5640E-04 2.0269E+02    5.2789E-06    6.9325E-08    1.1070E+00   -2.0201E+00    1.9404E+00    1.7900E-04
5.6457E+01  2.9783E-04 2.0570E+02    5.4007E-06    8.5136E-08    1.1897E+00   -2.0506E+00    2.4285E+00    1.7900E-04
5.5511E+01  3.4553E-04 2.0839E+02    5.5186E-06    1.0287E-07    1.2840E+00   -2.1015E+00    2.9519E+00    1.7900E-04
5.4562E+01  4.0036E-04 2.1086E+02    5.6226E-06    1.2168E-07    1.3849E+00   -2.1625E+00    3.5151E+00    1.7900E-04
5.3610E+01  4.6330E-04 2.1317E+02    5.7241E-06    1.4202E-07    1.4929E+00   -2.2285E+00    4.1231E+00    1.7900E-04
5.2657E+01  5.3546E-04 2.1535E+02    5.8176E-06    1.6321E-07    1.6048E+00   -2.2938E+00    4.7801E+00    1.7900E-04
5.1703E+01  6.1809E-04 2.1744E+02    5.9039E-06    1.8734E-07    1.7289E+00   -2.3573E+00    5.3811E+00    1.7900E-04
5.0748E+01  7.1256E-04 2.1945E+02    5.9803E-06    2.1512E-07    1.8670E+00   -2.4179E+00    5.8618E+00    1.7900E-04
4.9794E+01  8.2044E-04 2.2140E+02    6.0567E-06    2.4555E-07    2.0132E+00   -2.4762E+00    6.3575E+00    1.7900E-04
4.8841E+01  9.4346E-04 2.2329E+02    6.1248E-06    2.8059E-07    2.1727E+00   -2.5298E+00    6.8693E+00    1.7900E-04
4.7888E+01  1.0836E-03 2.2514E+02    6.1919E-06    3.2023E-07    2.3473E+00   -2.5897E+00    7.3982E+00    1.7900E-04
4.6936E+01  1.2429E-03 2.2695E+02    6.2590E-06    3.6468E-07    2.5302E+00   -2.6482E+00    7.9452E+00    1.7900E-04
4.5986E+01  1.4239E-03 2.2873E+02    6.3160E-06    4.1476E-07    2.7133E+00   -2.6997E+00    8.5111E+00    1.7900E-04
4.5038E+01  1.6292E-03 2.3048E+02    6.3630E-06    4.7157E-07    2.8940E+00   -2.7517E+00    9.0964E+00    1.7900E-04
4.4092E+01  1.8617E-03 2.3220E+02    6.4165E-06    5.3443E-07    3.0637E+00   -2.8160E+00    9.7021E+00    1.7900E-04
4.3149E+01  2.1247E-03 2.3390E+02    6.4543E-06    6.0650E-07    3.2264E+00   -2.9051E+00    1.0329E+01    1.7900E-04
4.2207E+01  2.4218E-03 2.3558E+02    6.4919E-06    6.8846E-07    3.3770E+00   -3.0403E+00    1.0976E+01    1.7900E-04
4.1269E+01  2.7570E-03 2.3727E+02    6.5197E-06    7.8258E-07    3.5131E+00   -3.2300E+00    1.1658E+01    1.7900E-04
4.0333E+01  3.1347E-03 2.3889E+02    6.5385E-06    8.9396E-07    3.6369E+00   -3.4446E+00    1.2341E+01    1.7900E-04
3.9401E+01  3.5595E-03 2.4027E+02    6.5500E-06    1.0274E-06    3.7448E+00   -3.6388E+00    1.2946E+01    1.7900E-04
3.8474E+01  4.0369E-03 2.4127E+02    6.5544E-06    1.1954E-06    3.8429E+00   -3.7822E+00    1.3398E+01    1.7900E-04
3.7553E+01  4.5725E-03 2.4180E+02    6.5459E-06    1.4114E-06    3.9215E+00   -3.8584E+00    1.3640E+01    1.7900E-04
3.6641E+01  5.1727E-03 2.4179E+02    6.5177E-06    1.6676E-06    3.9346E+00   -3.8573E+00    1.3635E+01    1.7900E-04
3.5740E+01  5.8443E-03 2.4121E+02    6.4890E-06    1.9760E-06    3.8823E+00   -3.7847E+00    1.3368E+01    1.7900E-04
3.4851E+01  6.5947E-03 2.4008E+02    6.4357E-06    2.3127E-06    3.7412E+00   -3.6457E+00    1.2861E+01    1.7900E-04
3.3977E+01  7.4322E-03 2.3848E+02    6.3732E-06    2.6335E-06    3.5123E+00   -3.4518E+00    1.2166E+01    1.7900E-04
3.3119E+01  8.3654E-03 2.3653E+02    6.2990E-06    2.9078E-06    3.2354E+00   -3.2198E+00    1.1356E+01    1.7900E-04
3.2278E+01  9.4039E-03 2.3436E+02    6.2221E-06    3.1153E-06    2.9459E+00   -2.9683E+00    1.0504E+01    1.7900E-04
3.1453E+01  1.0558E-02 2.3212E+02    6.1396E-06    3.2462E-06    2.6614E+00   -2.7285E+00    9.6732E+00    1.7900E-04
3.0646E+01  1.1839E-02 2.2991E+02    6.0567E-06    3.3144E-06    2.3935E+00   -2.4500E+00    8.9037E+00    1.7900E-04
2.9855E+01  1.3259E-02 2.2781E+02    5.9618E-06    3.3300E-06    2.1434E+00   -2.1870E+00    8.2138E+00    1.7900E-04
2.9080E+01  1.4830E-02 2.2585E+02    5.8788E-06    3.2958E-06    1.9100E+00   -1.9435E+00    7.6083E+00    1.7900E-04
2.8320E+01  1.6566E-02 2.2406E+02    5.7876E-06    3.2351E-06    1.6997E+00   -1.7217E+00    7.0835E+00    1.7900E-04
2.7575E+01  1.8482E-02 2.2243E+02    5.6945E-06    3.1444E-06    1.5109E+00   -1.5236E+00    6.6314E+00    1.7900E-04
2.6844E+01  2.0594E-02 2.2096E+02    5.6005E-06    3.0421E-06    1.3473E+00   -1.3509E+00    6.2423E+00    1.7900E-04
2.6126E+01  2.2919E-02 2.1963E+02    5.5116E-06    2.9289E-06    1.2071E+00   -1.2037E+00    5.9062E+00    1.7900E-04
2.5420E+01  2.5473E-02 2.1843E+02    5.4196E-06    2.8160E-06    1.0894E+00   -1.0795E+00    5.6145E+00    1.7900E-04
2.4727E+01  2.8277E-02 2.1735E+02    5.3265E-06    2.6947E-06    9.8826E-01   -9.7543E-01    5.3599E+00    1.7900E-04
2.4046E+01  3.1350E-02 2.1637E+02    5.2405E-06    2.5675E-06    9.0056E-01   -8.8742E-01    5.1145E+00    1.7900E-04
2.3376E+01  3.4713E-02 2.1548E+02    5.1467E-06    2.4413E-06    8.2403E-01   -8.1068E-01    4.8214E+00    1.7900E-04
2.2717E+01  3.8388E-02 2.1469E+02    5.0553E-06    2.3120E-06    7.5505E-01   -7.4247E-01    4.5711E+00    1.7900E-04
2.2068E+01  4.2399E-02 2.1398E+02    4.9737E-06    2.1820E-06    6.9180E-01   -6.8084E-01    4.3591E+00    1.7900E-04
2.1430E+01  4.6770E-02 2.1337E+02    4.8844E-06    2.0544E-06    6.3337E-01   -6.2353E-01    4.1819E+00    1.7900E-04
2.0802E+01  5.1526E-02 2.1286E+02    4.7965E-06    1.9292E-06    5.7871E-01   -5.6977E-01    4.0365E+00    1.7900E-04
2.0183E+01  5.6695E-02 2.1243E+02    4.7100E-06    1.7939E-06    5.2561E-01   -5.1947E-01    3.9203E+00    1.7900E-04
1.9574E+01  6.2304E-02 2.1209E+02    4.6247E-06    1.6595E-06    4.7564E-01   -4.7038E-01    3.8304E+00    1.7900E-04
1.8974E+01  6.8381E-02 2.1184E+02    4.5407E-06    1.5217E-06    4.2828E-01   -4.2172E-01    3.7633E+00    1.7900E-04
1.8383E+01  7.4957E-02 2.1165E+02    4.4654E-06    1.3725E-06    3.8269E-01   -3.7433E-01    3.7144E+00    1.7900E-04
1.7801E+01  8.2061E-02 2.1151E+02    4.3956E-06    1.2308E-06    3.4132E-01   -3.2595E-01    3.6785E+00    1.7900E-04
1.7227E+01  8.9726E-02 2.1140E+02    4.3273E-06    1.0727E-06    3.0097E-01   -2.8180E-01    3.6495E+00    1.7900E-04
1.6661E+01  9.7982E-02 2.1129E+02    4.2708E-06    9.2413E-07    2.6487E-01   -2.4010E-01    3.6216E+00    1.7900E-04
1.6104E+01  1.0686E-01 2.1116E+02    4.2181E-06    7.7645E-07    2.3052E-01   -1.8179E-01    3.5889E+00    1.7900E-04
1.5556E+01  1.1640E-01 2.1099E+02    4.1743E-06    6.3773E-07    1.9959E-01   -1.4983E-01    3.5484E+00    1.7900E-04
1.5016E+01  1.2664E-01 2.1080E+02    4.1358E-06    5.1223E-07    1.7264E-01   -1.2613E-01    3.5012E+00    1.7900E-04
1.4485E+01  1.3759E-01 2.1060E+02    4.1040E-06    4.0249E-07    1.4957E-01   -1.1057E-01    3.4525E+00    1.7900E-04
1.3963E+01  1.4931E-01 2.1042E+02    4.0785E-06    3.0693E-07    1.2988E-01   -1.0350E-01    3.4100E+00    1.7900E-04
1.3449E+01  1.6182E-01 2.1031E+02    4.0579E-06    2.2693E-07    1.1364E-01   -1.0241E-01    3.3829E+00    1.7900E-04
1.2943E+01  1.7516E-01 2.1029E+02    4.0439E-06    1.6861E-07    1.0155E-01   -1.0098E-01    3.3793E+00    1.7900E-04
1.2446E+01  1.8936E-01 2.1039E+02    4.0339E-06    1.2928E-07    9.3097E-02   -9.6220E-02    3.4030E+00    1.7900E-04
1.1956E+01  2.0445E-01 2.1069E+02    4.1349E-06    1.0113E-07    8.7534E-02   -9.9352E-02    3.4753E+00    1.7900E-04
1.1473E+01  2.2047E-01 2.1092E+02    4.5832E-06    8.0386E-08    8.5309E-02   -8.6509E-02    3.5299E+00    1.7900E-04
1.0998E+01  2.3744E-01 2.1136E+02    5.5104E-06    6.7185E-08    8.6798E-02   -7.4566E-02    3.6402E+00    1.7900E-04
1.0530E+01  2.5540E-01 2.1193E+02    6.6021E-06    5.9597E-08    8.8495E-02   -4.9570E-02    3.7870E+00    1.7900E-04
1.0068E+01  2.7437E-01 2.1311E+02    7.7337E-06    5.4559E-08    9.4602E-02   -9.3851E-02    4.1086E+00    1.7900E-04
9.6103E+00  2.9438E-01 2.1609E+02    1.1560E-05    5.0496E-08    1.1049E-01   -3.3012E-01    5.0219E+00    1.7900E-04
9.1529E+00  3.1545E-01 2.2044E+02    2.0321E-05    4.6972E-08    1.4555E-01   -7.3193E-01    6.1080E+00    1.7900E-04
8.6950E+00  3.3760E-01 2.2475E+02    3.4843E-05    4.3602E-08    1.9483E-01   -1.1480E+00    7.2847E+00    1.7900E-04
8.2369E+00  3.6085E-01 2.2903E+02    5.8242E-05    4.0321E-08    2.5560E-01   -1.5365E+00    8.6101E+00    1.7900E-04
7.7792E+00  3.8521E-01 2.3325E+02    9.4836E-05    3.7294E-08    3.2274E-01   -1.8452E+00    1.0084E+01    1.7900E-04
7.3222E+00  4.1070E-01 2.3737E+02    1.5030E-04    3.4439E-08    3.9291E-01   -2.0574E+00    1.1701E+01    1.7900E-04
6.8666E+00  4.3733E-01 2.4138E+02    2.3166E-04    3.1682E-08    4.6844E-01   -2.1987E+00    1.3450E+01    1.7900E-04
6.4128E+00  4.6510E-01 2.4526E+02    3.4704E-04    2.9158E-08    5.4611E-01   -2.2594E+00    1.5313E+01    1.7900E-04
5.9614E+00  4.9401E-01 2.4897E+02    5.0521E-04    2.6773E-08    6.1248E-01   -2.2688E+00    1.7270E+01    1.7900E-04
5.5130E+00  5.2405E-01 2.5251E+02    7.1503E-04    2.4537E-08    6.5997E-01   -2.2555E+00    1.9298E+01    1.7900E-04
5.0681E+00  5.5522E-01 2.5585E+02    9.8482E-04    2.2439E-08    6.9394E-01   -2.2409E+00    2.1375E+01    1.7900E-04
4.6275E+00  5.8750E-01 2.5901E+02    1.3220E-03    2.0467E-08    7.2130E-01   -2.2036E+00    2.3480E+01    1.7900E-04
4.1915E+00  6.2088E-01 2.6199E+02    1.7328E-03    1.8669E-08    7.4226E-01   -2.1449E+00    2.5595E+01    1.7900E-04
3.7607E+00  6.5533E-01 2.6478E+02    2.2222E-03    1.7040E-08    7.5402E-01   -2.0827E+00    2.7708E+01    1.7900E-04
3.3356E+00  6.9081E-01 2.6741E+02    2.7942E-03    1.5580E-08    7.5651E-01   -1.9951E+00    2.9807E+01    1.7900E-04
2.9167E+00  7.2730E-01 2.6987E+02    3.4515E-03    1.4284E-08    7.5272E-01   -1.8549E+00    3.1886E+01    1.7900E-04
2.5044E+00  7.6476E-01 2.7220E+02    4.1960E-03    1.3146E-08    7.4567E-01   -1.7059E+00    3.3938E+01    1.7900E-04
2.0989E+00  8.0313E-01 2.7455E+02    5.0973E-03    1.2157E-08    7.4134E-01   -1.6091E+00    3.6118E+01    1.7900E-04
1.7003E+00  8.4236E-01 2.7685E+02    5.9995E-03    1.1308E-08    7.2353E-01   -1.5253E+00    3.8345E+01    1.7900E-04
1.3091E+00  8.8239E-01 2.7905E+02    6.9929E-03    1.0603E-08    7.0659E-01   -1.5099E+00    4.0573E+01    1.7900E-04
9.2543E-01  9.2316E-01 2.8114E+02    8.1099E-03    1.0020E-08    6.9621E-01   -1.5760E+00    4.2776E+01    1.7900E-04
5.4966E-01  9.6460E-01 2.8313E+02    9.1751E-03    9.5624E-09    6.8880E-01   -1.7505E+00    4.4955E+01    1.7900E-04
1.8205E-01  1.0066E+00 2.8503E+02    1.0539E-02    9.1928E-09    7.1045E-01   -2.0059E+00    4.7118E+01    1.7900E-04
0.0000E+00  1.0280E+00 2.8598E+02    1.1223E-02    9.2600E-09    7.9872E+00   -3.5553E+00    4.8228E+01    1.7900E-04
