     ALT          P          T          FH2O           O3           THEAT        TCOOL        PSATCO2        FCO2
6.6644E+01  3.2610E-05 1.8744E+02    1.2802E-06    1.6388E-08    3.3248E+01   -2.6734E+01    5.5560E-01    1.7200E-04
6.5708E+01  3.8507E-05 1.7731E+02    1.4459E-06    2.0529E-08    5.4699E+00   -1.1447E+01    2.1427E-01    1.7300E-04
6.4820E+01  4.5414E-05 1.7150E+02    1.6043E-06    2.4086E-08    1.7127E+00   -4.4860E+00    1.1772E-01    1.7350E-04
6.3958E+01  5.3491E-05 1.6951E+02    1.7473E-06    2.6660E-08    1.1267E+00   -1.5531E+00    9.5012E-02    1.7400E-04
6.3107E+01  6.2926E-05 1.7007E+02    1.8845E-06    2.8438E-08    1.0279E+00   -6.4218E-01    1.0102E-01    1.7400E-04
6.2256E+01  7.3931E-05 1.7206E+02    2.0055E-06    3.0150E-08    9.9565E-01   -5.8721E-01    1.2502E-01    1.7400E-04
6.1401E+01  8.6752E-05 1.7474E+02    2.1271E-06    3.2239E-08    9.7596E-01   -7.8451E-01    1.6523E-01    1.7500E-04
6.0539E+01  1.0167E-04 1.7768E+02    2.2386E-06    3.5082E-08    9.5849E-01   -9.7457E-01    2.2230E-01    1.7500E-04
5.9670E+01  1.1900E-04 1.8066E+02    2.3447E-06    3.9076E-08    9.5202E-01   -1.0696E+00    2.9723E-01    1.7500E-04
5.8793E+01  1.3911E-04 1.8355E+02    2.4345E-06    4.4999E-08    9.5845E-01   -1.0876E+00    3.9029E-01    1.7500E-04
5.7911E+01  1.6241E-04 1.8628E+02    2.5191E-06    5.3360E-08    9.8175E-01   -1.0643E+00    5.0070E-01    1.7500E-04
5.7024E+01  1.8938E-04 1.8881E+02    2.5907E-06    6.5465E-08    1.0290E+00   -1.0310E+00    6.2698E-01    1.7500E-04
5.6133E+01  2.2054E-04 1.9116E+02    2.6624E-06    8.2573E-08    1.1077E+00   -1.0115E+00    7.6790E-01    1.7500E-04
5.5238E+01  2.5651E-04 1.9335E+02    2.7254E-06    1.0572E-07    1.2234E+00   -1.0128E+00    9.2349E-01    1.7500E-04
5.4342E+01  2.9798E-04 1.9542E+02    2.7788E-06    1.3602E-07    1.3803E+00   -1.0355E+00    1.0955E+00    1.7500E-04
5.3444E+01  3.4571E-04 1.9742E+02    2.8321E-06    1.7119E-07    1.5667E+00   -1.0788E+00    1.2875E+00    1.7500E-04
5.2545E+01  4.0057E-04 1.9939E+02    2.8752E-06    2.0985E-07    1.7721E+00   -1.1377E+00    1.5048E+00    1.7500E-04
5.1645E+01  4.6357E-04 2.0136E+02    2.9188E-06    2.5055E-07    1.9880E+00   -1.2081E+00    1.7541E+00    1.7500E-04
5.0745E+01  5.3579E-04 2.0338E+02    2.9640E-06    2.9223E-07    2.2064E+00   -1.2918E+00    2.0439E+00    1.7500E-04
4.9843E+01  6.1848E-04 2.0545E+02    2.9990E-06    3.3792E-07    2.4364E+00   -1.3883E+00    2.3842E+00    1.7500E-04
4.8940E+01  7.1304E-04 2.0758E+02    3.0320E-06    3.8798E-07    2.6771E+00   -1.4986E+00    2.7863E+00    1.7500E-04
4.8036E+01  8.2102E-04 2.0979E+02    3.0588E-06    4.4494E-07    2.9334E+00   -1.6211E+00    3.2616E+00    1.7500E-04
4.7131E+01  9.4415E-04 2.1206E+02    3.0868E-06    5.0915E-07    3.1996E+00   -1.7548E+00    3.8215E+00    1.7500E-04
4.6225E+01  1.0844E-03 2.1438E+02    3.1141E-06    5.8249E-07    3.4781E+00   -1.9047E+00    4.4767E+00    1.7500E-04
4.5317E+01  1.2439E-03 2.1672E+02    3.1314E-06    6.6723E-07    3.7633E+00   -2.0620E+00    5.2169E+00    1.7500E-04
4.4408E+01  1.4250E-03 2.1908E+02    3.1486E-06    7.6534E-07    4.0440E+00   -2.2240E+00    5.7700E+00    1.7500E-04
4.3498E+01  1.6305E-03 2.2142E+02    3.1658E-06    8.8038E-07    4.3169E+00   -2.3916E+00    6.3631E+00    1.7500E-04
4.2588E+01  1.8633E-03 2.2372E+02    3.1800E-06    1.0207E-06    4.5889E+00   -2.5684E+00    6.9897E+00    1.7500E-04
4.1677E+01  2.1266E-03 2.2595E+02    3.1800E-06    1.1893E-06    4.8469E+00   -2.7574E+00    7.6381E+00    1.7500E-04
4.0766E+01  2.4241E-03 2.2804E+02    3.1800E-06    1.4053E-06    5.1126E+00   -2.9624E+00    8.2863E+00    1.7500E-04
3.9856E+01  2.7597E-03 2.2989E+02    3.1762E-06    1.6840E-06    5.3757E+00   -3.1724E+00    8.8970E+00    1.7500E-04
3.8949E+01  3.1377E-03 2.3139E+02    3.1593E-06    2.0578E-06    5.6334E+00   -3.3620E+00    9.4130E+00    1.7500E-04
3.8047E+01  3.5631E-03 2.3237E+02    3.1426E-06    2.5606E-06    5.8465E+00   -3.4960E+00    9.7619E+00    1.7500E-04
3.7151E+01  4.0411E-03 2.3268E+02    3.1078E-06    3.2072E-06    5.9362E+00   -3.5352E+00    9.8746E+00    1.7500E-04
3.6264E+01  4.5774E-03 2.3223E+02    3.0684E-06    3.9638E-06    5.8315E+00   -3.4581E+00    9.7135E+00    1.7500E-04
3.5390E+01  5.1784E-03 2.3104E+02    3.0195E-06    4.7350E-06    5.5290E+00   -3.2640E+00    9.2897E+00    1.7500E-04
3.4531E+01  5.8508E-03 2.2918E+02    2.9613E-06    5.4056E-06    5.0989E+00   -2.9784E+00    8.6583E+00    1.7500E-04
3.3688E+01  6.6023E-03 2.2680E+02    2.9052E-06    5.8836E-06    4.6127E+00   -2.6440E+00    7.8978E+00    1.7500E-04
3.2864E+01  7.4408E-03 2.2407E+02    2.8331E-06    6.1377E-06    4.1134E+00   -2.3023E+00    7.0885E+00    1.7500E-04
3.2059E+01  8.3754E-03 2.2118E+02    2.7722E-06    6.1805E-06    3.6229E+00   -1.9841E+00    6.2994E+00    1.7500E-04
3.1274E+01  9.4154E-03 2.1829E+02    2.7023E-06    6.0479E-06    3.1573E+00   -1.7036E+00    5.5798E+00    1.7500E-04
3.0506E+01  1.0571E-02 2.1556E+02    2.6345E-06    5.7878E-06    2.7314E+00   -1.4703E+00    4.8462E+00    1.7500E-04
2.9757E+01  1.1854E-02 2.1309E+02    2.5658E-06    5.4470E-06    2.3540E+00   -1.2416E+00    4.1023E+00    1.7500E-04
2.9023E+01  1.3276E-02 2.1095E+02    2.5014E-06    5.0784E-06    2.0309E+00   -1.0500E+00    3.5378E+00    1.7500E-04
2.8305E+01  1.4849E-02 2.0915E+02    2.4333E-06    4.7056E-06    1.7577E+00   -8.9135E-01    3.1157E+00    1.7500E-04
2.7601E+01  1.6588E-02 2.0766E+02    2.3728E-06    4.3472E-06    1.5290E+00   -7.6176E-01    2.8024E+00    1.7500E-04
2.6909E+01  1.8507E-02 2.0647E+02    2.3051E-06    4.0051E-06    1.3377E+00   -6.5676E-01    2.5702E+00    1.7500E-04
2.6229E+01  2.0623E-02 2.0552E+02    2.2483E-06    3.6852E-06    1.1790E+00   -5.7354E-01    2.3975E+00    1.7500E-04
2.5560E+01  2.2951E-02 2.0477E+02    2.1879E-06    3.3929E-06    1.0488E+00   -5.0779E-01    2.2681E+00    1.7500E-04
2.4901E+01  2.5510E-02 2.0418E+02    2.1274E-06    3.1293E-06    9.4257E-01   -4.5591E-01    2.1700E+00    1.7500E-04
2.4251E+01  2.8318E-02 2.0370E+02    2.0733E-06    2.8956E-06    8.5584E-01   -4.1432E-01    2.0942E+00    1.7500E-04
2.3611E+01  3.1396E-02 2.0332E+02    2.0140E-06    2.6752E-06    7.8175E-01   -3.7956E-01    2.0344E+00    1.7500E-04
2.2980E+01  3.4765E-02 2.0300E+02    1.9575E-06    2.4754E-06    7.1782E-01   -3.4847E-01    1.9863E+00    1.7500E-04
2.2358E+01  3.8446E-02 2.0273E+02    1.9048E-06    2.2877E-06    6.6013E-01   -3.1907E-01    1.9470E+00    1.7500E-04
2.1744E+01  4.2464E-02 2.0251E+02    1.8462E-06    2.1164E-06    6.0725E-01   -2.8910E-01    1.9148E+00    1.7500E-04
2.1139E+01  4.6843E-02 2.0233E+02    1.7952E-06    1.9509E-06    5.5668E-01   -2.5929E-01    1.8888E+00    1.7500E-04
2.0543E+01  5.1608E-02 2.0219E+02    1.7408E-06    1.8017E-06    5.0928E-01   -2.2758E-01    1.8685E+00    1.7500E-04
1.9954E+01  5.6786E-02 2.0209E+02    1.6941E-06    1.6550E-06    4.6304E-01   -1.9549E-01    1.8537E+00    1.7500E-04
1.9374E+01  6.2405E-02 2.0202E+02    1.6400E-06    1.5055E-06    4.1734E-01   -1.6282E-01    1.8441E+00    1.7500E-04
1.8801E+01  6.8493E-02 2.0199E+02    1.5926E-06    1.3583E-06    3.7365E-01   -1.2922E-01    1.8394E+00    1.7500E-04
1.8237E+01  7.5081E-02 2.0198E+02    1.5484E-06    1.2226E-06    3.3359E-01   -9.2871E-02    1.8389E+00    1.7500E-04
1.7680E+01  8.2199E-02 2.0200E+02    1.5152E-06    1.0784E-06    2.9488E-01   -5.8736E-02    1.8413E+00    1.7500E-04
1.7131E+01  8.9878E-02 2.0203E+02    1.4799E-06    9.3762E-07    2.5911E-01   -2.6121E-02    1.8455E+00    1.7500E-04
1.6590E+01  9.8150E-02 2.0206E+02    1.4435E-06    8.0122E-07    2.2653E-01    2.9833E-03    1.8502E+00    1.7500E-04
1.6057E+01  1.0705E-01 2.0209E+02    1.4184E-06    6.7114E-07    1.9636E-01    5.9121E-02    1.8540E+00    1.7500E-04
1.5532E+01  1.1661E-01 2.0211E+02    1.3914E-06    5.5208E-07    1.6978E-01    7.5839E-02    1.8564E+00    1.7500E-04
1.5014E+01  1.2686E-01 2.0213E+02    1.3708E-06    4.4547E-07    1.4690E-01    8.4567E-02    1.8602E+00    1.7500E-04
1.4504E+01  1.3784E-01 2.0220E+02    1.3553E-06    3.5293E-07    1.2751E-01    8.5803E-02    1.8695E+00    1.7500E-04
1.4001E+01  1.4958E-01 2.0233E+02    1.3406E-06    2.7265E-07    1.1102E-01    8.1018E-02    1.8882E+00    1.7500E-04
1.3506E+01  1.6212E-01 2.0257E+02    1.3300E-06    2.0450E-07    9.7417E-02    7.0642E-02    1.9224E+00    1.7500E-04
1.3018E+01  1.7548E-01 2.0294E+02    1.5471E-06    1.5325E-07    8.8611E-02    5.1170E-02    1.9770E+00    1.7500E-04
1.2537E+01  1.8971E-01 2.0341E+02    1.7878E-06    1.1852E-07    8.3080E-02    5.2537E-02    2.0496E+00    1.7500E-04
1.2062E+01  2.0484E-01 2.0392E+02    2.0621E-06    9.4260E-08    7.9689E-02    9.6445E-02    2.1290E+00    1.7500E-04
1.1594E+01  2.2089E-01 2.0473E+02    2.3358E-06    7.5463E-08    7.8036E-02    4.0542E-02    2.2613E+00    1.7500E-04
1.1129E+01  2.3790E-01 2.0813E+02    3.8376E-06    6.2021E-08    8.5433E-02   -1.1608E-01    2.8980E+00    1.7500E-04
1.0666E+01  2.5589E-01 2.1093E+02    5.7093E-06    5.4239E-08    9.6580E-02   -2.8012E-01    3.5326E+00    1.7500E-04
1.0202E+01  2.7490E-01 2.1536E+02    1.0439E-05    4.9384E-08    1.2255E-01   -6.3074E-01    4.7809E+00    1.7500E-04
9.7371E+00  2.9495E-01 2.1977E+02    1.8603E-05    4.5566E-08    1.6006E-01   -1.0021E+00    5.9411E+00    1.7500E-04
9.2714E+00  3.1607E-01 2.2417E+02    3.2301E-05    4.2278E-08    2.0870E-01   -1.3723E+00    7.1153E+00    1.7500E-04
8.8053E+00  3.3826E-01 2.2852E+02    5.4623E-05    3.9256E-08    2.6797E-01   -1.7198E+00    8.4421E+00    1.7500E-04
8.3391E+00  3.6156E-01 2.3281E+02    8.9906E-05    3.6417E-08    3.3424E-01   -2.0070E+00    9.9223E+00    1.7500E-04
7.8734E+00  3.8598E-01 2.3701E+02    1.4389E-04    3.3682E-08    4.0261E-01   -2.2021E+00    1.1550E+01    1.7500E-04
7.4087E+00  4.1153E-01 2.4109E+02    2.2369E-04    3.1108E-08    4.7537E-01   -2.3312E+00    1.3313E+01    1.7500E-04
6.9456E+00  4.3822E-01 2.4502E+02    3.3760E-04    2.8656E-08    5.5306E-01   -2.3913E+00    1.5194E+01    1.7500E-04
6.4846E+00  4.6605E-01 2.4879E+02    4.9454E-04    2.6355E-08    6.2277E-01   -2.3928E+00    1.7170E+01    1.7500E-04
6.0264E+00  4.9502E-01 2.5237E+02    7.0347E-04    2.4193E-08    6.7313E-01   -2.3686E+00    1.9217E+01    1.7500E-04
5.5715E+00  5.2514E-01 2.5576E+02    9.7284E-04    2.2168E-08    7.0758E-01   -2.3459E+00    2.1312E+01    1.7500E-04
5.1206E+00  5.5638E-01 2.5895E+02    1.3101E-03    2.0298E-08    7.3453E-01   -2.3065E+00    2.3434E+01    1.7500E-04
4.6743E+00  5.8873E-01 2.6195E+02    1.7215E-03    1.8544E-08    7.5576E-01   -2.2411E+00    2.5566E+01    1.7500E-04
4.2330E+00  6.2219E-01 2.6476E+02    2.2123E-03    1.6963E-08    7.6825E-01   -2.1724E+00    2.7694E+01    1.7500E-04
3.7972E+00  6.5671E-01 2.6741E+02    2.7864E-03    1.5472E-08    7.7092E-01   -2.0853E+00    2.9808E+01    1.7500E-04
3.3676E+00  6.9228E-01 2.6989E+02    3.4468E-03    1.4154E-08    7.6643E-01   -1.9448E+00    3.1901E+01    1.7500E-04
2.9443E+00  7.2886E-01 2.7223E+02    4.1958E-03    1.3002E-08    7.5828E-01   -1.7892E+00    3.3969E+01    1.7500E-04
2.5278E+00  7.6640E-01 2.7461E+02    5.1038E-03    1.2007E-08    7.5272E-01   -1.6789E+00    3.6170E+01    1.7500E-04
2.1182E+00  8.0486E-01 2.7693E+02    6.0123E-03    1.1134E-08    7.3280E-01   -1.5730E+00    3.8422E+01    1.7500E-04
1.7157E+00  8.4419E-01 2.7916E+02    7.0265E-03    1.0346E-08    7.1354E-01   -1.5331E+00    4.0679E+01    1.7500E-04
1.3208E+00  8.8432E-01 2.8127E+02    8.1529E-03    9.6950E-09    6.9773E-01   -1.5639E+00    4.2911E+01    1.7500E-04
9.3357E-01  9.2519E-01 2.8329E+02    9.2549E-03    9.1780E-09    6.8325E-01   -1.6532E+00    4.5129E+01    1.7500E-04
5.5443E-01  9.6673E-01 2.8521E+02    1.0637E-02    8.7679E-09    6.9055E-01   -1.9039E+00    4.7329E+01    1.7500E-04
1.8361E-01  1.0089E+00 2.8705E+02    1.1953E-02    8.4309E-09    7.0553E-01   -2.1306E+00    4.9495E+01    1.7500E-04
0.0000E+00  1.0303E+00 2.8797E+02    1.2616E-02    8.4900E-09    7.9040E+00   -3.3948E+00    5.0614E+01    1.7500E-04
