     ALT          P          T          FH2O           O3           THEAT        TCOOL        PSATCO2        FCO2
6.8962E+01  3.2610E-05 1.8666E+02    2.5293E-06    1.0815E-08    3.3559E+01   -2.6802E+01    5.1816E-01    1.7753E-04
6.8030E+01  3.8505E-05 1.7664E+02    2.8290E-06    1.4129E-08    5.3173E+00   -1.1563E+01    2.0046E-01    1.7800E-04
6.7144E+01  4.5410E-05 1.7101E+02    3.0952E-06    1.7480E-08    1.6811E+00   -4.4229E+00    1.1180E-01    1.7817E-04
6.6285E+01  5.3485E-05 1.6925E+02    3.3447E-06    2.0145E-08    1.1404E+00   -1.4735E+00    9.2371E-02    1.7900E-04
6.5435E+01  6.2916E-05 1.7008E+02    3.5669E-06    2.2249E-08    1.0528E+00   -5.3426E-01    1.0107E-01    1.7900E-04
6.4584E+01  7.3918E-05 1.7239E+02    3.7858E-06    2.4126E-08    1.0234E+00   -4.4504E-01    1.2943E-01    1.7900E-04
6.3726E+01  8.6733E-05 1.7550E+02    3.9922E-06    2.6024E-08    1.0010E+00   -6.1100E-01    1.7857E-01    1.7902E-04
6.2859E+01  1.0164E-04 1.7905E+02    4.1831E-06    2.8255E-08    9.8443E-01   -7.9068E-01    2.5446E-01    1.8000E-04
6.1981E+01  1.1896E-04 1.8294E+02    4.3615E-06    3.1019E-08    9.7307E-01   -9.7658E-01    3.6855E-01    1.8000E-04
6.1091E+01  1.3906E-04 1.8714E+02    4.5370E-06    3.4579E-08    9.6932E-01   -1.2886E+00    5.4096E-01    1.8000E-04
6.0187E+01  1.6235E-04 1.9165E+02    4.6990E-06    3.9371E-08    9.7654E-01   -1.6700E+00    8.0067E-01    1.8000E-04
5.9271E+01  1.8931E-04 1.9602E+02    4.8556E-06    4.6290E-08    9.9922E-01   -1.9125E+00    1.1508E+00    1.8000E-04
5.8342E+01  2.2045E-04 1.9989E+02    4.9948E-06    5.6138E-08    1.0407E+00   -1.9954E+00    1.5648E+00    1.8000E-04
5.7405E+01  2.5640E-04 2.0322E+02    5.1281E-06    6.9209E-08    1.1063E+00   -2.0095E+00    2.0195E+00    1.8000E-04
5.6462E+01  2.9784E-04 2.0613E+02    5.2504E-06    8.5141E-08    1.1895E+00   -2.0414E+00    2.5075E+00    1.8000E-04
5.5514E+01  3.4553E-04 2.0876E+02    5.3637E-06    1.0342E-07    1.2865E+00   -2.0953E+00    3.0312E+00    1.8000E-04
5.4563E+01  4.0036E-04 2.1118E+02    5.4689E-06    1.2270E-07    1.3897E+00   -2.1608E+00    3.5956E+00    1.8000E-04
5.3610E+01  4.6331E-04 2.1346E+02    5.5643E-06    1.4308E-07    1.4980E+00   -2.2293E+00    4.2052E+00    1.8000E-04
5.2655E+01  5.3547E-04 2.1561E+02    5.6579E-06    1.6449E-07    1.6107E+00   -2.2984E+00    4.8642E+00    1.8000E-04
5.1700E+01  6.1810E-04 2.1768E+02    5.7344E-06    1.8848E-07    1.7339E+00   -2.3639E+00    5.4364E+00    1.8000E-04
5.0744E+01  7.1258E-04 2.1967E+02    5.8108E-06    2.1633E-07    1.8725E+00   -2.4280E+00    5.9161E+00    1.8000E-04
4.9789E+01  8.2046E-04 2.2160E+02    5.8873E-06    2.4782E-07    2.0235E+00   -2.4895E+00    6.4111E+00    1.8000E-04
4.8835E+01  9.4348E-04 2.2348E+02    5.9553E-06    2.8292E-07    2.1833E+00   -2.5452E+00    6.9224E+00    1.8000E-04
4.7881E+01  1.0836E-03 2.2532E+02    6.0225E-06    3.2236E-07    2.3568E+00   -2.6065E+00    7.4510E+00    1.8000E-04
4.6929E+01  1.2429E-03 2.2712E+02    6.0797E-06    3.6720E-07    2.5409E+00   -2.6647E+00    7.9979E+00    1.8000E-04
4.5979E+01  1.4239E-03 2.2889E+02    6.1367E-06    4.1838E-07    2.7276E+00   -2.7170E+00    8.5636E+00    1.8000E-04
4.5030E+01  1.6292E-03 2.3063E+02    6.1891E-06    4.7432E-07    2.9045E+00   -2.7691E+00    9.1491E+00    1.8000E-04
4.4083E+01  1.8617E-03 2.3235E+02    6.2370E-06    5.3832E-07    3.0769E+00   -2.8328E+00    9.7548E+00    1.8000E-04
4.3139E+01  2.1248E-03 2.3404E+02    6.2748E-06    6.1056E-07    3.2390E+00   -2.9215E+00    1.0382E+01    1.8000E-04
4.2197E+01  2.4219E-03 2.3571E+02    6.3112E-06    6.9275E-07    3.3885E+00   -3.0561E+00    1.1030E+01    1.8000E-04
4.1258E+01  2.7571E-03 2.3740E+02    6.3400E-06    7.8712E-07    3.5236E+00   -3.2458E+00    1.1712E+01    1.8000E-04
4.0322E+01  3.1348E-03 2.3902E+02    6.3588E-06    8.9889E-07    3.6477E+00   -3.4608E+00    1.2396E+01    1.8000E-04
3.9389E+01  3.5596E-03 2.4039E+02    6.3674E-06    1.0378E-06    3.7668E+00   -3.6552E+00    1.3001E+01    1.8000E-04
3.8461E+01  4.0370E-03 2.4138E+02    6.3640E-06    1.2087E-06    3.8641E+00   -3.7960E+00    1.3449E+01    1.8000E-04
3.7540E+01  4.5727E-03 2.4190E+02    6.3556E-06    1.4156E-06    3.9212E+00   -3.8670E+00    1.3685E+01    1.8000E-04
3.6628E+01  5.1729E-03 2.4187E+02    6.3274E-06    1.6808E-06    3.9435E+00   -3.8648E+00    1.3672E+01    1.8000E-04
3.5727E+01  5.8445E-03 2.4127E+02    6.2887E-06    1.9823E-06    3.8788E+00   -3.7882E+00    1.3398E+01    1.8000E-04
3.4838E+01  6.5950E-03 2.4013E+02    6.2446E-06    2.3195E-06    3.7376E+00   -3.6488E+00    1.2885E+01    1.8000E-04
3.3964E+01  7.4324E-03 2.3853E+02    6.1762E-06    2.6454E-06    3.5134E+00   -3.4548E+00    1.2185E+01    1.8000E-04
3.3105E+01  8.3657E-03 2.3656E+02    6.1075E-06    2.9198E-06    3.2366E+00   -3.2221E+00    1.1370E+01    1.8000E-04
3.2264E+01  9.4043E-03 2.3439E+02    6.0303E-06    3.1293E-06    2.9478E+00   -2.9695E+00    1.0514E+01    1.8000E-04
3.1439E+01  1.0559E-02 2.3214E+02    5.9478E-06    3.2548E-06    2.6603E+00   -2.7280E+00    9.6788E+00    1.8000E-04
3.0632E+01  1.1839E-02 2.2992E+02    5.8571E-06    3.3226E-06    2.3918E+00   -2.4476E+00    8.9052E+00    1.8000E-04
2.9841E+01  1.3259E-02 2.2780E+02    5.7696E-06    3.3300E-06    2.1389E+00   -2.1835E+00    8.2117E+00    1.8000E-04
2.9066E+01  1.4830E-02 2.2583E+02    5.6766E-06    3.2983E-06    1.9067E+00   -1.9389E+00    7.6030E+00    1.8000E-04
2.8306E+01  1.6567E-02 2.2403E+02    5.5855E-06    3.2345E-06    1.6964E+00   -1.7164E+00    7.0754E+00    1.8000E-04
2.7561E+01  1.8483E-02 2.2239E+02    5.4960E-06    3.1519E-06    1.5105E+00   -1.5182E+00    6.6205E+00    1.8000E-04
2.6830E+01  2.0595E-02 2.2090E+02    5.4083E-06    3.0497E-06    1.3473E+00   -1.3451E+00    6.2282E+00    1.8000E-04
2.6112E+01  2.2920E-02 2.1956E+02    5.3122E-06    2.9361E-06    1.2069E+00   -1.1968E+00    5.8888E+00    1.8000E-04
2.5407E+01  2.5474E-02 2.1835E+02    5.2205E-06    2.8162E-06    1.0875E+00   -1.0721E+00    5.5937E+00    1.8000E-04
2.4714E+01  2.8278E-02 2.1725E+02    5.1336E-06    2.6917E-06    9.8597E-01   -9.6773E-01    5.3360E+00    1.8000E-04
2.4033E+01  3.1351E-02 2.1625E+02    5.0427E-06    2.5689E-06    8.9936E-01   -8.7914E-01    5.0740E+00    1.8000E-04
2.3363E+01  3.4714E-02 2.1535E+02    4.9545E-06    2.4405E-06    8.2282E-01   -8.0244E-01    4.7783E+00    1.8000E-04
2.2705E+01  3.8390E-02 2.1454E+02    4.8624E-06    2.3190E-06    7.5530E-01   -7.3348E-01    4.5258E+00    1.8000E-04
2.2057E+01  4.2401E-02 2.1382E+02    4.7716E-06    2.1891E-06    6.9212E-01   -6.7089E-01    4.3117E+00    1.8000E-04
2.1419E+01  4.6772E-02 2.1320E+02    4.6824E-06    2.0617E-06    6.3366E-01   -6.1291E-01    4.1323E+00    1.8000E-04
2.0792E+01  5.1529E-02 2.1267E+02    4.5947E-06    1.9366E-06    5.7899E-01   -5.5840E-01    3.9845E+00    1.8000E-04
2.0174E+01  5.6698E-02 2.1223E+02    4.5099E-06    1.8012E-06    5.2576E-01   -5.0744E-01    3.8657E+00    1.8000E-04
1.9565E+01  6.2307E-02 2.1188E+02    4.4331E-06    1.6630E-06    4.7513E-01   -4.5854E-01    3.7732E+00    1.8000E-04
1.8966E+01  6.8385E-02 2.1161E+02    4.3492E-06    1.5192E-06    4.2695E-01   -4.1019E-01    3.7035E+00    1.8000E-04
1.8375E+01  7.4961E-02 2.1141E+02    4.2743E-06    1.3778E-06    3.8245E-01   -3.6145E-01    3.6521E+00    1.8000E-04
1.7793E+01  8.2065E-02 2.1125E+02    4.2046E-06    1.2295E-06    3.4036E-01   -3.1375E-01    3.6138E+00    1.8000E-04
1.7220E+01  8.9730E-02 2.1113E+02    4.1365E-06    1.0801E-06    3.0122E-01   -2.6777E-01    3.5824E+00    1.8000E-04
1.6656E+01  9.7988E-02 2.1101E+02    4.0801E-06    9.2597E-07    2.6444E-01   -2.2684E-01    3.5520E+00    1.8000E-04
1.6099E+01  1.0687E-01 2.1086E+02    4.0276E-06    7.7750E-07    2.2995E-01   -1.6843E-01    3.5168E+00    1.8000E-04
1.5552E+01  1.1641E-01 2.1069E+02    3.9839E-06    6.3849E-07    1.9901E-01   -1.3694E-01    3.4744E+00    1.8000E-04
1.5013E+01  1.2664E-01 2.1049E+02    3.9456E-06    5.1333E-07    1.7215E-01   -1.1393E-01    3.4266E+00    1.8000E-04
1.4483E+01  1.3760E-01 2.1029E+02    3.9192E-06    4.0389E-07    1.4918E-01   -9.9779E-02    3.3789E+00    1.8000E-04
1.3961E+01  1.4932E-01 2.1012E+02    3.8925E-06    3.0792E-07    1.2945E-01   -9.4061E-02    3.3381E+00    1.8000E-04
1.3448E+01  1.6183E-01 2.1000E+02    3.8739E-06    2.2707E-07    1.1309E-01   -9.3618E-02    3.3110E+00    1.8000E-04
1.2943E+01  1.7517E-01 2.0998E+02    3.8577E-06    1.6857E-07    1.0095E-01   -9.1046E-02    3.3041E+00    1.8000E-04
1.2446E+01  1.8937E-01 2.1007E+02    3.8500E-06    1.2931E-07    9.2517E-02   -8.5233E-02    3.3252E+00    1.8000E-04
1.1957E+01  2.0447E-01 2.1031E+02    3.9429E-06    1.0132E-07    8.6949E-02   -8.2325E-02    3.3829E+00    1.8000E-04
1.1475E+01  2.2048E-01 2.1064E+02    4.3644E-06    8.0662E-08    8.4649E-02   -7.9973E-02    3.4617E+00    1.8000E-04
1.1001E+01  2.3746E-01 2.1116E+02    5.3531E-06    6.7388E-08    8.6192E-02   -8.0720E-02    3.5907E+00    1.8000E-04
1.0533E+01  2.5542E-01 2.1177E+02    6.4366E-06    5.9739E-08    8.7968E-02   -2.5327E-02    3.7449E+00    1.8000E-04
1.0072E+01  2.7439E-01 2.1264E+02    7.2477E-06    5.4701E-08    9.2686E-02   -7.3939E-02    3.9759E+00    1.8000E-04
9.6142E+00  2.9440E-01 2.1622E+02    1.1762E-05    5.0604E-08    1.1232E-01   -3.7352E-01    5.0662E+00    1.8000E-04
9.1565E+00  3.1547E-01 2.2057E+02    2.0666E-05    4.7005E-08    1.4850E-01   -7.7176E-01    6.1421E+00    1.8000E-04
8.6983E+00  3.3762E-01 2.2489E+02    3.5414E-05    4.3642E-08    1.9836E-01   -1.1840E+00    7.3238E+00    1.8000E-04
8.2400E+00  3.6087E-01 2.2917E+02    5.9156E-05    4.0445E-08    2.5942E-01   -1.5658E+00    8.6543E+00    1.8000E-04
7.7820E+00  3.8524E-01 2.3338E+02    9.6253E-05    3.7322E-08    3.2645E-01   -1.8663E+00    1.0133E+01    1.8000E-04
7.3248E+00  4.1073E-01 2.3750E+02    1.5242E-04    3.4458E-08    3.9636E-01   -2.0714E+00    1.1755E+01    1.8000E-04
6.8689E+00  4.3736E-01 2.4151E+02    2.3472E-04    3.1699E-08    4.7167E-01   -2.2073E+00    1.3507E+01    1.8000E-04
6.4148E+00  4.6513E-01 2.4538E+02    3.5130E-04    2.9172E-08    5.4893E-01   -2.2640E+00    1.5374E+01    1.8000E-04
5.9632E+00  4.9404E-01 2.4909E+02    5.1095E-04    2.6786E-08    6.1461E-01   -2.2714E+00    1.7334E+01    1.8000E-04
5.5146E+00  5.2409E-01 2.5262E+02    7.2250E-04    2.4547E-08    6.6145E-01   -2.2570E+00    1.9364E+01    1.8000E-04
5.0696E+00  5.5526E-01 2.5596E+02    9.9424E-04    2.2448E-08    6.9506E-01   -2.2419E+00    2.1441E+01    1.8000E-04
4.6287E+00  5.8754E-01 2.5911E+02    1.3335E-03    2.0474E-08    7.2221E-01   -2.2035E+00    2.3546E+01    1.8000E-04
4.1926E+00  6.2092E-01 2.6208E+02    1.7466E-03    1.8675E-08    7.4294E-01   -2.1445E+00    2.5661E+01    1.8000E-04
3.7617E+00  6.5537E-01 2.6486E+02    2.2384E-03    1.7045E-08    7.5443E-01   -2.0821E+00    2.7773E+01    1.8000E-04
3.3365E+00  6.9086E-01 2.6748E+02    2.8129E-03    1.5584E-08    7.5673E-01   -1.9935E+00    2.9872E+01    1.8000E-04
2.9174E+00  7.2735E-01 2.6995E+02    3.4727E-03    1.4287E-08    7.5280E-01   -1.8522E+00    3.1949E+01    1.8000E-04
2.5050E+00  7.6481E-01 2.7227E+02    4.2198E-03    1.3148E-08    7.4562E-01   -1.7027E+00    3.4001E+01    1.8000E-04
2.0993E+00  8.0318E-01 2.7462E+02    5.1224E-03    1.2159E-08    7.4097E-01   -1.6059E+00    3.6180E+01    1.8000E-04
1.7007E+00  8.4241E-01 2.7691E+02    6.0235E-03    1.1309E-08    7.2283E-01   -1.5230E+00    3.8407E+01    1.8000E-04
1.3094E+00  8.8245E-01 2.7911E+02    7.0245E-03    1.0603E-08    7.0631E-01   -1.5102E+00    4.0636E+01    1.8000E-04
9.2563E-01  9.2323E-01 2.8120E+02    8.1402E-03    1.0007E-08    6.9572E-01   -1.5768E+00    4.2838E+01    1.8000E-04
5.4978E-01  9.6467E-01 2.8319E+02    9.2118E-03    9.5426E-09    6.8865E-01   -1.7535E+00    4.5019E+01    1.8000E-04
1.8209E-01  1.0067E+00 2.8509E+02    1.0578E-02    9.1729E-09    7.1027E-01   -2.0089E+00    4.7182E+01    1.8000E-04
0.0000E+00  1.0281E+00 2.8604E+02    1.1261E-02    9.2400E-09    7.9849E+00   -3.5506E+00    4.8292E+01    1.8000E-04
