     ALT          P          T          FH2O           O3           THEAT        TCOOL        PSATCO2        FCO2
6.8841E+01  3.2610E-05 1.8628E+02    2.7404E-06    1.0505E-08    3.3528E+01   -2.6756E+01    5.0098E-01    1.7700E-04
6.7912E+01  3.8505E-05 1.7602E+02    3.0586E-06    1.3795E-08    5.3438E+00   -1.1659E+01    1.8821E-01    1.7800E-04
6.7031E+01  4.5409E-05 1.7016E+02    3.3505E-06    1.7213E-08    1.6884E+00   -4.4709E+00    1.0194E-01    1.7800E-04
6.6176E+01  5.3484E-05 1.6819E+02    3.6075E-06    2.0061E-08    1.1423E+00   -1.4707E+00    8.2180E-02    1.7800E-04
6.5332E+01  6.2915E-05 1.6885E+02    3.8528E-06    2.2265E-08    1.0581E+00   -5.3894E-01    8.8343E-02    1.7881E-04
6.4487E+01  7.3917E-05 1.7102E+02    4.0744E-06    2.4243E-08    1.0301E+00   -4.3710E-01    1.1184E-01    1.7900E-04
6.3637E+01  8.6732E-05 1.7400E+02    4.2940E-06    2.6258E-08    1.0080E+00   -5.9478E-01    1.5315E-01    1.7900E-04
6.2777E+01  1.0164E-04 1.7744E+02    4.4914E-06    2.8589E-08    9.8896E-01   -7.6621E-01    2.1696E-01    1.7900E-04
6.1908E+01  1.1896E-04 1.8118E+02    4.6828E-06    3.1549E-08    9.7864E-01   -9.0495E-01    3.1229E-01    1.7900E-04
6.1027E+01  1.3906E-04 1.8522E+02    4.8626E-06    3.5350E-08    9.7615E-01   -1.1186E+00    4.5493E-01    1.7900E-04
6.0133E+01  1.6235E-04 1.8958E+02    5.0295E-06    4.0320E-08    9.8416E-01   -1.4594E+00    6.7026E-01    1.7900E-04
5.9226E+01  1.8930E-04 1.9409E+02    5.1928E-06    4.7263E-08    1.0073E+00   -1.7945E+00    9.8224E-01    1.7900E-04
5.8306E+01  2.2045E-04 1.9828E+02    5.3401E-06    5.6870E-08    1.0482E+00   -1.9738E+00    1.3794E+00    1.7900E-04
5.7375E+01  2.5639E-04 2.0192E+02    5.4817E-06    6.9569E-08    1.1109E+00   -2.0320E+00    1.8308E+00    1.7900E-04
5.6437E+01  2.9783E-04 2.0507E+02    5.6131E-06    8.5122E-08    1.1927E+00   -2.0644E+00    2.3190E+00    1.7900E-04
5.5494E+01  3.4552E-04 2.0786E+02    5.7302E-06    1.0288E-07    1.2869E+00   -2.1112E+00    2.8418E+00    1.7900E-04
5.4547E+01  4.0035E-04 2.1040E+02    5.8439E-06    1.2090E-07    1.3844E+00   -2.1698E+00    3.4036E+00    1.7900E-04
5.3597E+01  4.6329E-04 2.1276E+02    5.9450E-06    1.4121E-07    1.4920E+00   -2.2312E+00    4.0093E+00    1.7900E-04
5.2646E+01  5.3545E-04 2.1498E+02    6.0402E-06    1.6238E-07    1.6038E+00   -2.2926E+00    4.6634E+00    1.7900E-04
5.1694E+01  6.1807E-04 2.1711E+02    6.1344E-06    1.8638E-07    1.7270E+00   -2.3533E+00    5.3039E+00    1.7900E-04
5.0741E+01  7.1254E-04 2.1914E+02    6.2106E-06    2.1323E-07    1.8608E+00   -2.4100E+00    5.7859E+00    1.7900E-04
4.9788E+01  8.2042E-04 2.2111E+02    6.2869E-06    2.4363E-07    2.0066E+00   -2.4652E+00    6.2826E+00    1.7900E-04
4.8836E+01  9.4344E-04 2.2303E+02    6.3631E-06    2.7862E-07    2.1658E+00   -2.5173E+00    6.7951E+00    1.7900E-04
4.7884E+01  1.0835E-03 2.2489E+02    6.4319E-06    3.1720E-07    2.3361E+00   -2.5754E+00    7.3246E+00    1.7900E-04
4.6934E+01  1.2429E-03 2.2672E+02    6.4989E-06    3.6159E-07    2.5188E+00   -2.6326E+00    7.8719E+00    1.7900E-04
4.5985E+01  1.4238E-03 2.2851E+02    6.5559E-06    4.1160E-07    2.7021E+00   -2.6838E+00    8.4378E+00    1.7900E-04
4.5038E+01  1.6291E-03 2.3026E+02    6.6127E-06    4.6732E-07    2.8796E+00   -2.7365E+00    9.0232E+00    1.7900E-04
4.4093E+01  1.8616E-03 2.3200E+02    6.6594E-06    5.3008E-07    3.0497E+00   -2.8010E+00    9.6286E+00    1.7900E-04
4.3150E+01  2.1246E-03 2.3370E+02    6.7040E-06    6.0102E-07    3.2104E+00   -2.8916E+00    1.0255E+01    1.7900E-04
4.2209E+01  2.4217E-03 2.3539E+02    6.7416E-06    6.8274E-07    3.3620E+00   -3.0281E+00    1.0902E+01    1.7900E-04
4.1272E+01  2.7569E-03 2.3709E+02    6.7792E-06    7.7574E-07    3.4977E+00   -3.2197E+00    1.1583E+01    1.7900E-04
4.0337E+01  3.1346E-03 2.3871E+02    6.7983E-06    8.8684E-07    3.6250E+00   -3.4365E+00    1.2266E+01    1.7900E-04
3.9405E+01  3.5594E-03 2.4010E+02    6.8100E-06    1.0240E-06    3.7457E+00   -3.6334E+00    1.2872E+01    1.7900E-04
3.8479E+01  4.0368E-03 2.4111E+02    6.8100E-06    1.1934E-06    3.8468E+00   -3.7777E+00    1.3325E+01    1.7900E-04
3.7559E+01  4.5724E-03 2.4165E+02    6.8062E-06    1.3985E-06    3.9081E+00   -3.8529E+00    1.3570E+01    1.7900E-04
3.6648E+01  5.1725E-03 2.4164E+02    6.7859E-06    1.6619E-06    3.9352E+00   -3.8552E+00    1.3568E+01    1.7900E-04
3.5747E+01  5.8441E-03 2.4107E+02    6.7497E-06    1.9615E-06    3.8748E+00   -3.7827E+00    1.3308E+01    1.7900E-04
3.4859E+01  6.5945E-03 2.3996E+02    6.6964E-06    2.2977E-06    3.7372E+00   -3.6462E+00    1.2809E+01    1.7900E-04
3.3986E+01  7.4319E-03 2.3838E+02    6.6387E-06    2.6242E-06    3.5160E+00   -3.4559E+00    1.2123E+01    1.7900E-04
3.3128E+01  8.3651E-03 2.3644E+02    6.5701E-06    2.9017E-06    3.2413E+00   -3.2262E+00    1.1320E+01    1.7900E-04
3.2287E+01  9.4035E-03 2.3429E+02    6.4935E-06    3.1115E-06    2.9516E+00   -2.9755E+00    1.0475E+01    1.7900E-04
3.1463E+01  1.0558E-02 2.3206E+02    6.4110E-06    3.2403E-06    2.6647E+00   -2.7351E+00    9.6500E+00    1.7900E-04
3.0656E+01  1.1838E-02 2.2986E+02    6.3284E-06    3.3119E-06    2.3971E+00   -2.4566E+00    8.8850E+00    1.7900E-04
2.9865E+01  1.3258E-02 2.2776E+02    6.2335E-06    3.3200E-06    2.1436E+00   -2.1931E+00    8.1993E+00    1.7900E-04
2.9090E+01  1.4829E-02 2.2582E+02    6.1405E-06    3.2903E-06    1.9114E+00   -1.9494E+00    7.5979E+00    1.7900E-04
2.8331E+01  1.6565E-02 2.2403E+02    6.0578E-06    3.2278E-06    1.7009E+00   -1.7283E+00    7.0771E+00    1.7900E-04
2.7586E+01  1.8481E-02 2.2242E+02    5.9599E-06    3.1465E-06    1.5147E+00   -1.5306E+00    6.6288E+00    1.7900E-04
2.6854E+01  2.0593E-02 2.2096E+02    5.8722E-06    3.0442E-06    1.3509E+00   -1.3584E+00    6.2430E+00    1.7900E-04
2.6136E+01  2.2918E-02 2.1965E+02    5.7837E-06    2.9313E-06    1.2101E+00   -1.2114E+00    5.9101E+00    1.7900E-04
2.5431E+01  2.5472E-02 2.1846E+02    5.6914E-06    2.8118E-06    1.0904E+00   -1.0876E+00    5.6214E+00    1.7900E-04
2.4738E+01  2.8276E-02 2.1739E+02    5.5980E-06    2.6873E-06    9.8843E-01   -9.8399E-01    5.3700E+00    1.7900E-04
2.4056E+01  3.1348E-02 2.1643E+02    5.5064E-06    2.5643E-06    9.0166E-01   -8.9647E-01    5.1351E+00    1.7900E-04
2.3386E+01  3.4711E-02 2.1556E+02    5.4186E-06    2.4437E-06    8.2628E-01   -8.2059E-01    4.8467E+00    1.7900E-04
2.2727E+01  3.8386E-02 2.1478E+02    5.3264E-06    2.3148E-06    7.5723E-01   -7.5297E-01    4.6008E+00    1.7900E-04
2.2078E+01  4.2397E-02 2.1410E+02    5.2355E-06    2.1846E-06    6.9378E-01   -6.9152E-01    4.3928E+00    1.7900E-04
2.1440E+01  4.6767E-02 2.1350E+02    5.1461E-06    2.0569E-06    6.3520E-01   -6.3460E-01    4.2190E+00    1.7900E-04
2.0811E+01  5.1524E-02 2.1300E+02    5.0582E-06    1.9315E-06    5.8041E-01   -5.8109E-01    4.0766E+00    1.7900E-04
2.0192E+01  5.6692E-02 2.1259E+02    4.9716E-06    1.7965E-06    5.2717E-01   -5.3089E-01    3.9632E+00    1.7900E-04
1.9583E+01  6.2300E-02 2.1227E+02    4.8896E-06    1.6584E-06    4.7648E-01   -4.8260E-01    3.8760E+00    1.7900E-04
1.8982E+01  6.8377E-02 2.1202E+02    4.8121E-06    1.5141E-06    4.2817E-01   -4.3536E-01    3.8120E+00    1.7900E-04
1.8391E+01  7.4952E-02 2.1185E+02    4.7293E-06    1.3723E-06    3.8349E-01   -3.8710E-01    3.7668E+00    1.7900E-04
1.7808E+01  8.2056E-02 2.1173E+02    4.6567E-06    1.2239E-06    3.4130E-01   -3.4001E-01    3.7350E+00    1.7900E-04
1.7233E+01  8.9720E-02 2.1163E+02    4.5978E-06    1.0747E-06    3.0219E-01   -2.9501E-01    3.7106E+00    1.7900E-04
1.6667E+01  9.7977E-02 2.1154E+02    4.5315E-06    9.2212E-07    2.6551E-01   -2.5391E-01    3.6875E+00    1.7900E-04
1.6110E+01  1.0686E-01 2.1144E+02    4.4786E-06    7.7445E-07    2.3112E-01   -1.9630E-01    3.6596E+00    1.7900E-04
1.5561E+01  1.1640E-01 2.1129E+02    4.4347E-06    6.3606E-07    2.0023E-01   -1.6435E-01    3.6236E+00    1.7900E-04
1.5020E+01  1.2663E-01 2.1112E+02    4.3961E-06    5.1072E-07    1.7331E-01   -1.4054E-01    3.5805E+00    1.7900E-04
1.4488E+01  1.3759E-01 2.1094E+02    4.3642E-06    4.0173E-07    1.5035E-01   -1.2447E-01    3.5350E+00    1.7900E-04
1.3965E+01  1.4930E-01 2.1077E+02    4.3386E-06    3.0634E-07    1.3068E-01   -1.1682E-01    3.4948E+00    1.7900E-04
1.3450E+01  1.6181E-01 2.1067E+02    4.3180E-06    2.2612E-07    1.1439E-01   -1.1520E-01    3.4691E+00    1.7900E-04
1.2944E+01  1.7515E-01 2.1066E+02    4.3039E-06    1.6765E-07    1.0229E-01   -1.1309E-01    3.4661E+00    1.7900E-04
1.2445E+01  1.8935E-01 2.1077E+02    4.2939E-06    1.2891E-07    9.3925E-02   -1.0775E-01    3.4925E+00    1.7900E-04
1.1955E+01  2.0444E-01 2.1100E+02    4.4129E-06    1.0092E-07    8.8487E-02   -1.0487E-01    3.5508E+00    1.7900E-04
1.1471E+01  2.2046E-01 2.1137E+02    4.9450E-06    8.0094E-08    8.6550E-02   -1.1120E-01    3.6430E+00    1.7900E-04
1.0995E+01  2.3743E-01 2.1183E+02    5.9323E-06    6.6916E-08    8.8030E-02   -1.1151E-01    3.7615E+00    1.7900E-04
1.0526E+01  2.5539E-01 2.1236E+02    6.6559E-06    5.9345E-08    9.0345E-02   -4.6538E-02    3.9022E+00    1.7900E-04
1.0064E+01  2.7435E-01 2.1292E+02    7.5413E-06    5.4349E-08    9.2237E-02   -4.8317E-02    4.0534E+00    1.7900E-04
9.6067E+00  2.9436E-01 2.1603E+02    1.1469E-05    5.0322E-08    1.0891E-01   -3.0835E-01    5.0016E+00    1.7900E-04
9.1494E+00  3.1543E-01 2.2037E+02    2.0164E-05    4.6754E-08    1.4372E-01   -7.0873E-01    6.0922E+00    1.7900E-04
8.6916E+00  3.3757E-01 2.2469E+02    3.4576E-05    4.3478E-08    1.9266E-01   -1.1260E+00    7.2661E+00    1.7900E-04
8.2338E+00  3.6082E-01 2.2897E+02    5.7797E-05    4.0290E-08    2.5323E-01   -1.5178E+00    8.5883E+00    1.7900E-04
7.7762E+00  3.8519E-01 2.3318E+02    9.4116E-05    3.7267E-08    3.2031E-01   -1.8305E+00    1.0059E+01    1.7900E-04
7.3195E+00  4.1068E-01 2.3730E+02    1.4917E-04    3.4329E-08    3.9049E-01   -2.0461E+00    1.1672E+01    1.7900E-04
6.8640E+00  4.3730E-01 2.4131E+02    2.2994E-04    3.1640E-08    4.6601E-01   -2.1898E+00    1.3417E+01    1.7900E-04
6.4104E+00  4.6507E-01 2.4519E+02    3.4452E-04    2.9070E-08    5.4371E-01   -2.2526E+00    1.5277E+01    1.7900E-04
5.9592E+00  4.9397E-01 2.4890E+02    5.0167E-04    2.6719E-08    6.1032E-01   -2.2631E+00    1.7231E+01    1.7900E-04
5.5109E+00  5.2401E-01 2.5244E+02    7.1021E-04    2.4524E-08    6.5815E-01   -2.2509E+00    1.9256E+01    1.7900E-04
5.0663E+00  5.5518E-01 2.5579E+02    9.7847E-04    2.2428E-08    6.9235E-01   -2.2369E+00    2.1330E+01    1.7900E-04
4.6258E+00  5.8746E-01 2.5895E+02    1.3139E-03    2.0458E-08    7.1990E-01   -2.2006E+00    2.3433E+01    1.7900E-04
4.1899E+00  6.2084E-01 2.6192E+02    1.7227E-03    1.8675E-08    7.4111E-01   -2.1427E+00    2.5547E+01    1.7900E-04
3.7593E+00  6.5528E-01 2.6472E+02    2.2100E-03    1.7132E-08    7.5316E-01   -2.0813E+00    2.7658E+01    1.7900E-04
3.3344E+00  6.9076E-01 2.6734E+02    2.7796E-03    1.5675E-08    7.5592E-01   -1.9953E+00    2.9756E+01    1.7900E-04
2.9156E+00  7.2725E-01 2.6981E+02    3.4345E-03    1.4311E-08    7.5233E-01   -1.8581E+00    3.1834E+01    1.7900E-04
2.5034E+00  7.6470E-01 2.7214E+02    4.1765E-03    1.3143E-08    7.4536E-01   -1.7066E+00    3.3886E+01    1.7900E-04
2.0980E+00  8.0307E-01 2.7447E+02    5.0664E-03    1.2155E-08    7.4036E-01   -1.6044E+00    3.6042E+01    1.7900E-04
1.6997E+00  8.4229E-01 2.7677E+02    5.9698E-03    1.1306E-08    7.2324E-01   -1.5237E+00    3.8268E+01    1.7900E-04
1.3086E+00  8.8233E-01 2.7898E+02    6.9532E-03    1.0602E-08    7.0605E-01   -1.5064E+00    4.0495E+01    1.7900E-04
9.2508E-01  9.2309E-01 2.8107E+02    8.0716E-03    1.0033E-08    6.9618E-01   -1.5730E+00    4.2697E+01    1.7900E-04
5.4946E-01  9.6453E-01 2.8306E+02    9.1376E-03    9.5781E-09    6.8898E-01   -1.7472E+00    4.4875E+01    1.7900E-04
1.8199E-01  1.0066E+00 2.8496E+02    1.0490E-02    9.2014E-09    7.1021E-01   -2.0005E+00    4.7038E+01    1.7900E-04
0.0000E+00  1.0279E+00 2.8591E+02    1.1175E-02    9.2700E-09    7.9896E+00   -3.5599E+00    4.8147E+01    1.7900E-04
