   186.080884365864        0.283058525853898E-05
   175.688483452894        0.316423601124352E-05
   169.701395770737        0.344941783179287E-05
   167.623297049375        0.371972912858181E-05
   168.183317753473        0.396314956326875E-05
   170.274076373327        0.419205080256754E-05
   173.185656267775        0.441232142420416E-05
   176.546576846048        0.461470591942626E-05
   180.205766551184        0.481454943369948E-05
   184.145638023155        0.499213901369087E-05
   188.413651846503        0.516698643713958E-05
   192.985746350450        0.532950063801492E-05
   197.358498011152        0.548497821650526E-05
   201.179722209972        0.562531671760010E-05
   204.463420481999        0.575620899899929E-05
   207.347468869244        0.587794153659543E-05
   209.954941171582        0.599163746721674E-05
   212.366997739490        0.609644409163135E-05
   214.633925950861        0.619144674086265E-05
   216.788345240849        0.628657052746707E-05
   218.853012167586        0.637140441515628E-05
   220.844664596037        0.644753995278751E-05
   222.775977337327        0.652363823952452E-05
   224.656717784343        0.659967720020717E-05
   226.494521363019        0.665922722536839E-05
   228.295440021828        0.672610825603671E-05
   230.064335704390        0.678288853955103E-05
   231.805165086697        0.682955267460535E-05
   233.521188287697        0.687405995763506E-05
   235.215124124616        0.691165204729292E-05
   236.918095784218        0.694913933066290E-05
   238.549562032894        0.696825567029327E-05
   239.941256673670        0.698687024782931E-05
   240.956359053150        0.699000000000000E-05
   241.500271784216        0.698622252358607E-05
   241.508944539881        0.696601206282659E-05
   240.952848170208        0.693000827552999E-05
   239.849982309400        0.687674484425944E-05
   238.273842347724        0.681912233843855E-05
   236.341784856855        0.675053569062843E-05
   234.192846057246        0.667410454927464E-05
   231.966026131445        0.659169473452010E-05
   229.770578813703        0.650922427213973E-05
   227.679680718523        0.642198015143327E-05
   225.736174538494        0.633141694770115E-05
   223.959095704827        0.624031777458742E-05
   222.350155916189        0.615091299284924E-05
   220.900243598801        0.605538833593740E-05
   219.594817384393        0.596705189161844E-05
   218.417741870793        0.587611832786602E-05
   217.354653763440        0.577929003966644E-05
   216.395190010662        0.569367191003118E-05
   215.532366047313        0.559986252990282E-05
   214.762347763954        0.550764553953421E-05
   214.084005429270        0.541674991475469E-05
   213.497693198042        0.532736583672331E-05
   213.003976642350        0.523943465797836E-05
   212.602820567061        0.516280336691956E-05
   212.291752256477        0.507740169646642E-05
   212.063850898324        0.499330808078941E-05
   211.906101988574        0.491756717279877E-05
   211.799729833625        0.483888414695078E-05
   211.722255347701        0.477869215216471E-05
   211.650641056003        0.471225486646406E-05
   211.561142339347        0.465916980560006E-05
   211.440016773473        0.461521327806373E-05
   211.289427939110        0.457646569032719E-05
   211.126667167450        0.454452971275387E-05
   210.982048186891        0.451874396178934E-05
   210.892012866582        0.449813430405267E-05
   210.892580531840        0.448393048190112E-05
   211.007116609983        0.447395160418493E-05
   211.251192526082        0.459785215638199E-05
   211.614081361526        0.514892719024144E-05
   212.090430824925        0.615088671122376E-05
   212.602200966020        0.718986009444206E-05
   213.179146708749        0.780192144543235E-05
   216.019335339268        0.114508862563801E-04
   220.360978682857        0.201332249546636E-04
   224.678334888964        0.345246684195014E-04
   228.953422066134        0.577125848190576E-04
   233.164959733320        0.939790382344228E-04
   237.288936701146        0.148955599699273E-03
   241.299889376126        0.229618756589422E-03
   245.172860435818        0.344059244457659E-03
   248.885823924605        0.501023528724147E-03
   252.422261145250        0.709335876682631E-03
   255.772466191685        0.977331434734005E-03
   258.933591885445        0.131242812243617E-02
   261.908673673482        0.172089384628002E-02
   264.705095031081        0.220778851948317E-02
   267.332962207998        0.277701733545419E-02
   269.803698009441        0.343142735962159E-02
   272.128982190983        0.417289735264245E-02
   274.461572540610        0.506247183835319E-02
   276.763303079136        0.596593555247998E-02
   278.967888325516        0.694802856544762E-02
   281.059170180650        0.806658398135800E-02
   283.048541546692        0.913259521793848E-02
   284.952658912330        0.104836285649401E-01
   285.903397049824        0.111681476375240E-01
