   187.033903415021        0.227789329058308E-05
   177.260930461253        0.255640937171744E-05
   171.866816219816        0.280575612235197E-05
   170.315580089669        0.303042876143575E-05
   171.323556715374        0.323837986766660E-05
   173.793885267307        0.344278051947748E-05
   177.046520288616        0.363362469616249E-05
   180.756445947668        0.380935040139597E-05
   184.825175637810        0.398236665006258E-05
   189.226099783801        0.414478036101698E-05
   193.694073784366        0.429864963772820E-05
   197.784658478113        0.443754726063693E-05
   201.321868819096        0.457039358775913E-05
   204.386566934518        0.469374593961224E-05
   207.113160139380        0.480770625652949E-05
   209.605179965547        0.491675862177866E-05
   211.928532321851        0.501233031707800E-05
   214.124542211697        0.510446174365737E-05
   216.220769786371        0.518112647686201E-05
   218.236871623836        0.525782422104045E-05
   220.187476719300        0.533339091725404E-05
   222.083725509758        0.540088117168215E-05
   223.934232817571        0.545831280719603E-05
   225.745754059317        0.552567105125422E-05
   227.523660674833        0.557529884218582E-05
   229.272280484447        0.563011406846613E-05
   230.995143151870        0.567144985481287E-05
   232.695160705372        0.571939938683113E-05
   234.374763231545        0.574725329800785E-05
   236.036002490056        0.578250339067958E-05
   237.710339199407        0.580132337570843E-05
   239.314671848904        0.582000000000000E-05
   240.674069321788        0.582876817069015E-05
   241.643520446466        0.582264576313046E-05
   242.127125249154        0.580419890257204E-05
   242.063666451873        0.578185529731769E-05
   241.428327344366        0.573575824220676E-05
   240.244137100822        0.568036803015780E-05
   238.588023391401        0.562036582807980E-05
   236.579557627526        0.554708006261376E-05
   234.356787479203        0.546295368521941E-05
   232.056089421920        0.538052343716813E-05
   229.784123319773        0.528981122110151E-05
   227.611621170065        0.520102537632776E-05
   225.580404887101        0.510808422877489E-05
   223.709799948247        0.501716641718733E-05
   222.002400520981        0.492788833011978E-05
   220.450052753511        0.483055692919270E-05
   219.039578410594        0.474451978713909E-05
   217.756917949522        0.465195006518906E-05
   216.589806526465        0.456533081024791E-05
   215.528929410485        0.447604668381209E-05
   214.568494145880        0.438716342496483E-05
   213.705873189072        0.429540420426682E-05
   212.940572620032        0.420515497506191E-05
   212.273415289306        0.412412330345121E-05
   211.704819877403        0.403924564152636E-05
   211.233678560579        0.395560461687206E-05
   210.855897389024        0.387851738944180E-05
   210.562816511607        0.379517666071992E-05
   210.340545251457        0.372125911983512E-05
   210.170187149124        0.365198596253634E-05
   210.029343844669        0.359471564797559E-05
   209.895724767835        0.353861635553454E-05
   209.746439243512        0.348671484912087E-05
   209.569300665990        0.344742107886840E-05
   209.369002578820        0.341531221825384E-05
   209.170110231953        0.338371850073209E-05
   209.007653659857        0.335843099258707E-05
   208.920189535347        0.333804335781384E-05
   208.930560972971        0.332399387934674E-05
   209.071049106687        0.331411901216584E-05
   209.339943359209        0.342059387341648E-05
   209.777189094950        0.431619300783761E-05
   210.273151855199        0.519537657095461E-05
   210.922217430277        0.569786934473243E-05
   212.268084120554        0.689271704897410E-05
   216.632280820428        0.124031043626450E-04
   220.983190496166        0.217646199724471E-04
   225.308190937812        0.372456063397269E-04
   229.588438856343        0.621230429427859E-04
   233.801613933637        0.100912021670937E-03
   237.922655980653        0.159499935306902E-03
   241.925352765025        0.245104459793498E-03
   245.784656810980        0.366000302328732E-03
   249.479252966558        0.531032139044841E-03
   252.993685531779        0.749017235898824E-03
   256.319465471732        0.102818751387114E-02
   259.454960481247        0.137579418850675E-02
   262.404273853049        0.179791474224740E-02
   265.175610960077        0.229942545031785E-02
   267.779633728065        0.288407165683423E-02
   270.228085863049        0.355456914726008E-02
   272.532787956359        0.431269120866307E-02
   274.897523555555        0.522992204494122E-02
   277.182713682491        0.612675394936502E-02
   279.375067131023        0.716103206241546E-02
   281.451648050883        0.827151874853480E-02
   283.435367537637        0.938628146611386E-02
   285.325835093746        0.107457164884349E-01
   286.271381307684        0.114263407668634E-01
