   186.098843878254        0.281754203345917E-05
   175.717854382923        0.315132229927708E-05
   169.741386094588        0.343696056683422E-05
   167.674414548253        0.370755618297607E-05
   168.244093091256        0.395117695476595E-05
   170.342304841883        0.418034432815588E-05
   173.259651919150        0.439763524695132E-05
   176.625363946269        0.460336421477359E-05
   180.288890717924        0.479584092976864E-05
   184.233702349015        0.498120823073777E-05
   188.507962482214        0.515625160326226E-05
   193.085719643125        0.531788794327052E-05
   197.451702595369        0.546448609349693E-05
   201.257894725466        0.560494451078485E-05
   204.527321933104        0.573934089686793E-05
   207.400663833699        0.586228841888293E-05
   210.000527898447        0.597573474807855E-05
   212.407034856276        0.607952791731198E-05
   214.669722495245        0.618130233468742E-05
   216.820777829665        0.626644155990236E-05
   218.882709142497        0.635131236131324E-05
   220.872097566048        0.643681958553725E-05
   222.801509379233        0.650517698233922E-05
   224.680633105622        0.657961274039798E-05
   226.517045754494        0.664557297851430E-05
   228.316755519410        0.670607158694758E-05
   230.084591154297        0.676285715519225E-05
   231.824483773972        0.680952627337502E-05
   233.539673488831        0.685404550100749E-05
   235.232863207538        0.689164057042855E-05
   236.935324785684        0.692913066171261E-05
   238.565733467940        0.694825268293713E-05
   239.955886618689        0.696686852810538E-05
   240.969595692289        0.697000000000000E-05
   241.512589917004        0.696622185061616E-05
   241.520821855860        0.694600837581558E-05
   240.964588725553        0.691000225385893E-05
   239.861651310253        0.685673217233923E-05
   238.285293430129        0.679910061577207E-05
   236.352779907746        0.673050944234541E-05
   234.203300861230        0.665406674991689E-05
   231.976425367466        0.657165201233687E-05
   229.781266637451        0.648916778500484E-05
   227.690527778801        0.639430689104112E-05
   225.746880737659        0.631135174071909E-05
   223.969369154573        0.622024909334250E-05
   222.359749852811        0.613084023376003E-05
   220.908990137647        0.603529985653603E-05
   219.602718223618        0.594479096052364E-05
   218.425225535383        0.585231662090315E-05
   217.362056205810        0.575920446404704E-05
   216.402498351983        0.567356896322888E-05
   215.539303318915        0.557975718387148E-05
   214.768490668717        0.548753687230743E-05
   214.088945933182        0.539663889661377E-05
   213.501304511030        0.530725297284908E-05
   213.006872045949        0.521932045300616E-05
   212.605544401122        0.514268642406536E-05
   212.294337867859        0.505728373589855E-05
   212.065920508404        0.497318979128864E-05
   211.907043290787        0.489746606067172E-05
   211.798975114643        0.481876706590851E-05
   211.719562170420        0.475859160777210E-05
   211.646242526332        0.469217230749731E-05
   211.555717208874        0.463910534019135E-05
   211.434271354035        0.459515111765949E-05
   211.283673425779        0.455642149986931E-05
   211.119973788940        0.452448841544177E-05
   210.972281877573        0.449871846477054E-05
   210.877251106982        0.447811058077232E-05
   210.868613403415        0.446391921628612E-05
   210.979565569148        0.445394066711556E-05
   211.215796540463        0.455498327859892E-05
   211.589482746693        0.503789391354646E-05
   212.080729294845        0.610583817572537E-05
   212.604778366360        0.719109170333133E-05
   213.270121805473        0.789823749762760E-05
   216.012568464414        0.114406957486743E-04
   220.354129658574        0.201157970355969E-04
   224.671418414353        0.344956358805291E-04
   228.946462038507        0.576655518242684E-04
   233.157992947444        0.939051155014172E-04
   237.282014503532        0.148843186392473E-03
   241.293073922643        0.229453751575796E-03
   245.166213670125        0.343825655167011E-03
   248.879394610031        0.500704206962114E-03
   252.416088017985        0.708913823649661E-03
   255.766575000360        0.976790843896468E-03
   258.927994894174        0.131175505724733E-02
   261.903371218507        0.172007648662878E-02
   264.700078241150        0.220681706260167E-02
   267.328215991050        0.277588370223183E-02
   269.799203671520        0.343012483567198E-02
   272.124719389187        0.417142023245901E-02
   274.457511474105        0.506088538784252E-02
   276.759407801244        0.596441085299889E-02
   278.964103072061        0.694601207845632E-02
   281.055527869383        0.806464016503339E-02
   283.045004982061        0.913070464091675E-02
   284.949248937985        0.104811798457725E-01
   285.900028721764        0.111657269333631E-01
