   186.785585043732        0.163486708081313E-05
   176.541002602810        0.184052532235287E-05
   170.640380952504        0.203344843522440E-05
   168.568952805867        0.220559153434601E-05
   169.046445813294        0.236484730255539E-05
   170.964302053214        0.251096018041756E-05
   173.605705299199        0.265405609945138E-05
   176.569724796931        0.278360534763473E-05
   179.640995878619        0.290475173480358E-05
   182.710602965492        0.301463058503341E-05
   185.786069485138        0.312035222589318E-05
   189.056314647674        0.321888857906829E-05
   192.823910439751        0.330810609677255E-05
   196.973580491333        0.338431015962061E-05
   200.960904289792        0.346486974130579E-05
   204.481858681200        0.352895580701865E-05
   207.556536919494        0.359375221346066E-05
   210.300020474969        0.365475214095141E-05
   212.811193336968        0.371373894717771E-05
   215.154675729633        0.375922642883523E-05
   217.370970059603        0.381331269645676E-05
   219.486955591797        0.386058331972619E-05
   221.521809495865        0.389791623848023E-05
   223.489879492938        0.394528729953741E-05
   225.402172832796        0.398267362416232E-05
   227.267269782248        0.401005377020388E-05
   229.091955487841        0.404370762678812E-05
   230.881674468331        0.406472477233700E-05
   232.640858737075        0.409000000000000E-05
   234.373164739616        0.409958835808396E-05
   236.124614490333        0.411000000000000E-05
   237.761818775239        0.411000000000000E-05
   239.077312502092        0.409491704835573E-05
   239.920275979897        0.407660058678573E-05
   240.189307950471        0.404688576702500E-05
   239.820745423273        0.400149234140258E-05
   238.795696857997        0.394121648101790E-05
   237.151275261455        0.387711795683685E-05
   234.980695887576        0.380202897194002E-05
   232.416735726076        0.371878839131482E-05
   229.611284809303        0.363295461378301E-05
   226.717393721993        0.354790115261142E-05
   223.864645319574        0.346080538776818E-05
   221.150858362527        0.337438643915133E-05
   218.644817625270        0.328572763031943E-05
   216.387853626348        0.320920366385574E-05
   214.396818004908        0.312418783066028E-05
   212.669370867963        0.304098738497689E-05
   211.189640328517        0.296104360707259E-05
   209.933702524417        0.288882218153176E-05
   208.874659974900        0.280985388077045E-05
   207.985806998750        0.273207323448422E-05
   207.242474298684        0.265537992538556E-05
   206.623129907855        0.258662790438223E-05
   206.110327322267        0.251566556760412E-05
   205.690935966402        0.244236497845146E-05
   205.355032003521        0.237339753531510E-05
   205.094652508924        0.230881957197825E-05
   204.902226638204        0.224556121847577E-05
   204.769049366731        0.217949621024084E-05
   204.685032754708        0.212112610809478E-05
   204.637496388725        0.207501818432723E-05
   204.611794528496        0.202177341142254E-05
   204.592862719358        0.198113921975626E-05
   204.564998475475        0.194519317772157E-05
   204.523825050822        0.190716304238492E-05
   204.480781328708        0.188060620806181E-05
   204.459666681406        0.186007251097441E-05
   204.491191890286        0.184493112208264E-05
   204.613674121284        0.182992654145264E-05
   204.865724856177        0.182964943164787E-05
   205.259004722639        0.223325516635392E-05
   205.750383179945        0.254885996284954E-05
   206.266183453276        0.291654165160340E-05
   207.732504097249        0.361764464310868E-05
   209.988374202885        0.500079221724493E-05
   214.220641189953        0.895829950531203E-05
   218.621563023741        0.160277245780557E-04
   223.004665281504        0.279560041326442E-04
   227.352303127796        0.475149725068301E-04
   231.643074659230        0.786361822220634E-04
   235.852198911978        0.126607708394377E-03
   239.952752292007        0.198127064732974E-03
   243.917806131744        0.301130744305264E-03
   247.723140231629        0.444378817226557E-03
   251.349865798849        0.636868016541581E-03
   254.786207237399        0.887225468417369E-03
   258.027896744124        0.120323174678559E-02
   261.077272665874        0.159154721641702E-02
   263.941651825756        0.205763362316239E-02
   266.631528662196        0.260580612955361E-02
   269.158987843038        0.323934086136220E-02
   271.536500235890        0.396058108940475E-02
   273.869957972241        0.481791462422043E-02
   276.223471276556        0.573911984581859E-02
   278.469040903664        0.666481181506779E-02
   280.609356355461        0.780662489068560E-02
   282.643790367166        0.889412317426948E-02
   284.595923613760        0.102027060467096E-01
   286.447373073238        0.115334309431366E-01
   287.377527292078        0.122026035957927E-01
