   186.435875774787        0.266381351598408E-05
   176.272456474752        0.298039359580550E-05
   170.503805989202        0.325809858343782E-05
   168.618782868577        0.351280961484313E-05
   169.343804372671        0.374970701159776E-05
   171.575166741672        0.397317291261307E-05
   174.612164971146        0.418450550345397E-05
   178.097211758000        0.438331992222389E-05
   181.897342124219        0.457556179958548E-05
   186.006450024617        0.475325071233588E-05
   190.427340526012        0.491523557619247E-05
   194.879652824839        0.507966721920080E-05
   198.937629970110        0.522760915119893E-05
   202.449215514635        0.535993595133384E-05
   205.500016246870        0.549167864604901E-05
   208.221112116219        0.560924986341760E-05
   210.712296047189        0.571317452244820E-05
   213.037181994629        0.581449479404156E-05
   215.235923093130        0.590982065117702E-05
   217.335480694418        0.599523384883116E-05
   219.355172963483        0.608054407382503E-05
   221.309418566097        0.615686591378021E-05
   223.209222621332        0.622485876098896E-05
   225.063113629944        0.629201162627415E-05
   226.877793509791        0.635909062721974E-05
   228.658602864565        0.641607838598959E-05
   230.409856044364        0.646864315225634E-05
   232.135083719646        0.651648197693826E-05
   233.837210712913        0.655423013402011E-05
   235.518688764914        0.659187905777861E-05
   237.210065513134        0.662942116375947E-05
   238.833191476779        0.664842232654875E-05
   240.216009275306        0.666000000000000E-05
   241.218104269357        0.666000000000000E-05
   241.747842901922        0.665598460290760E-05
   241.741202740555        0.662774837634263E-05
   241.167604262448        0.658945225778904E-05
   240.047488786307        0.654586149489005E-05
   238.455466929894        0.648341719025681E-05
   236.508860049627        0.640923978436124E-05
   234.346493511165        0.633243390973787E-05
   232.107174887510        0.624996424636420E-05
   229.899881182691        0.616708298476674E-05
   227.797351494095        0.608016195124046E-05
   225.842037649390        0.598917979550568E-05
   224.052706730355        0.589805507053133E-05
   222.430902902700        0.580860600407172E-05
   220.967377169685        0.571268418071283E-05
   219.647489660562        0.562214240005612E-05
   218.455024872155        0.553005211379413E-05
   217.375549111264        0.543693181922251E-05
   216.398439784560        0.535093521739037E-05
   215.516942192237        0.525715886243192E-05
   214.727709968818        0.516495177424064E-05
   214.030029880990        0.507781442292804E-05
   213.424526833045        0.499477457867666E-05
   212.911704433102        0.490691339756418E-05
   212.490945421515        0.482032132708949E-05
   212.158605406771        0.473499828254909E-05
   211.906377832425        0.465099493925778E-05
   211.721154977723        0.457567187096988E-05
   211.585177842645        0.450582293645206E-05
   211.476864921403        0.443748212905369E-05
   211.373343740365        0.438091733954637E-05
   211.250882123151        0.432818147583769E-05
   211.096025021316        0.428431274834744E-05
   210.911506249373        0.424586217363805E-05
   210.715959320840        0.421400205480235E-05
   210.539353969746        0.418844556280622E-05
   210.421529116623        0.416789031690131E-05
   210.399761056923        0.415383603817541E-05
   210.499424902124        0.414388450366098E-05
   210.738924029888        0.423384199441869E-05
   211.119433592063        0.472265730445046E-05
   211.578809230850        0.572036638930587E-05
   212.159024002111        0.646112517910691E-05
   212.786385412660        0.742153187303771E-05
   216.084644747524        0.115486737090553E-04
   220.427120632872        0.203004967205238E-04
   224.745260851510        0.348037623159702E-04
   229.020989862805        0.581660072314122E-04
   233.232874595667        0.946943143381976E-04
   237.356715231777        0.150047489345786E-03
   241.366896476779        0.231226906113171E-03
   245.238450214708        0.346342245590710E-03
   248.949507844297        0.504153112055998E-03
   252.483629401033        0.713482585844518E-03
   255.831220582156        0.982653127290934E-03
   258.989555756008        0.131906164403982E-02
   261.961781896168        0.172895079329570E-02
   264.755372018906        0.221735454563649E-02
   267.380496461513        0.278815378561609E-02
   269.848619517412        0.344417419804888E-02
   272.171446053061        0.418727700443550E-02
   274.526931314193        0.508753382115185E-02
   276.825731427929        0.598981805717225E-02
   279.028267053079        0.697954953504545E-02
   281.117001559167        0.809670063618615E-02
   283.104836961470        0.916184442465302E-02
   285.006774454863        0.105215192581662E-01
   285.956581883716        0.112053377312469E-01
