   186.142808015454        0.280053586424135E-05
   175.792567470020        0.312706165674255E-05
   169.848535019216        0.341609127203847E-05
   167.806831134313        0.368231429679557E-05
   168.396691720037        0.392637339784496E-05
   170.512657163828        0.415198253559724E-05
   173.446544339374        0.436685566215033E-05
   176.829017662631        0.457006366191295E-05
   180.511517909039        0.477058543974849E-05
   184.477632942914        0.494892080817935E-05
   188.769087746047        0.511715161942412E-05
   193.329747002274        0.527732471471888E-05
   197.656280873965        0.543329325959330E-05
   201.424097567165        0.557404103366688E-05
   204.663509738459        0.570509195933312E-05
   207.514950183146        0.582695464483258E-05
   210.098942017462        0.593520069430099E-05
   212.493620267716        0.604588483544361E-05
   214.747175574929        0.614094664759460E-05
   216.890969595300        0.623490197670083E-05
   218.946998023315        0.631135443909173E-05
   220.931503711412        0.639725266938038E-05
   222.856816784427        0.646504031624584E-05
   224.732455038170        0.653945122313662E-05
   226.565869491032        0.659907837570956E-05
   228.362973906480        0.666597860556076E-05
   230.128525194541        0.672277692207494E-05
   231.866398965671        0.676945806127584E-05
   233.579791795235        0.681400760651557E-05
   235.271371957635        0.685160986375753E-05
   236.972269847649        0.688910670685367E-05
   238.601501235288        0.690824396219337E-05
   239.991467999218        0.692000000000000E-05
   241.006411036973        0.692999999999999E-05
   241.551113042729        0.691622125296905E-05
   241.558294792145        0.689600120175324E-05
   240.998966862238        0.685998973691710E-05
   239.892860902063        0.681670644635997E-05
   238.313381750512        0.675905826454818E-05
   236.378274832874        0.668806827111994E-05
   234.227071449518        0.661320017997133E-05
   231.998827239885        0.653157479852790E-05
   229.802513397479        0.644089419385786E-05
   227.710954210845        0.635419719474885E-05
   225.766690961617        0.626123308865255E-05
   223.988554296523        0.617012323211284E-05
   222.378180361456        0.608070600703611E-05
   220.926555523870        0.599298223243914E-05
   219.619302993234        0.589682474280457E-05
   218.440720625386        0.580584388894315E-05
   217.376421897160        0.571888641386167E-05
   216.415703886458        0.562719479214872E-05
   215.551360331385        0.553956399208628E-05
   214.779451800922        0.544733852319263E-05
   214.098839086263        0.535643709128029E-05
   213.510057449980        0.526704867880383E-05
   213.014230832487        0.517911477881491E-05
   212.610983903994        0.509247705998351E-05
   212.297193480603        0.500707414997854E-05
   212.065644589502        0.492828541248958E-05
   211.903315149204        0.485015795373252E-05
   211.791671318551        0.477735063478103E-05
   211.708530334728        0.470868838273954E-05
   211.631102226249        0.465203862144419E-05
   211.535768764578        0.459900394220777E-05
   211.408702628798        0.455505622528479E-05
   211.251632561930        0.451635621603758E-05
   211.081957220221        0.448442972933368E-05
   210.928976087238        0.445868385819190E-05
   210.830931503857        0.443808028467129E-05
   210.823256777954        0.442390627860867E-05
   210.934250235686        0.441393045810061E-05
   211.170636504095        0.453243662234916E-05
   211.542172536127        0.507454376238288E-05
   212.011444253424        0.608608341913037E-05
   212.568128398283        0.684314504481506E-05
   213.153141055263        0.778945762771122E-05
   216.011290132946        0.114388075490475E-04
   220.352834640791        0.201125664620826E-04
   224.670135206505        0.344903600191619E-04
   228.945219404990        0.576573383729433E-04
   233.156813015427        0.938928929074534E-04
   237.280906555391        0.148825662220461E-03
   241.292034695447        0.229429309679694E-03
   245.165238451337        0.343792454271215E-03
   248.878490900267        0.500660876431700E-03
   252.415259186584        0.708859347357649E-03
   255.765820766931        0.976724639781847E-03
   258.927312258140        0.131167698963555E-02
   261.902755486715        0.171998683067810E-02
   264.699523860219        0.220671643671054E-02
   267.327717071674        0.277577297153970E-02
   269.798754279279        0.343000499377370E-02
   272.124313749660        0.417129228979322E-02
   274.457143364792        0.506075683758053E-02
   276.759070988568        0.596429696239555E-02
   278.963790253197        0.694586630144924E-02
   281.055239008489        0.806451020516091E-02
   283.044734968555        0.913058766336923E-02
   284.948997056064        0.104810303520008E-01
   285.899788424082        0.111655876423027E-01
