   186.065801439770        0.283549754162455E-05
   175.649980798501        0.316903174623375E-05
   169.646915498906        0.346352161867930E-05
   167.552905817529        0.373054713272218E-05
   168.098070848213        0.397626395482904E-05
   170.176493048267        0.420498510898479E-05
   173.078236564936        0.442162183022938E-05
   176.431142394430        0.462704553932211E-05
   180.083565647929        0.482656822823423E-05
   184.017341272617        0.500380805298430E-05
   188.279814308365        0.517833669916410E-05
   192.849425407980        0.534069536795934E-05
   197.234569778079        0.549592172653099E-05
   201.076784263124        0.563603924139967E-05
   204.379495475278        0.576684783567509E-05
   207.277642938179        0.589302311103241E-05
   209.895135342665        0.600639308371971E-05
   212.314522561447        0.611012067814498E-05
   214.587064052614        0.621174853976266E-05
   216.745939689074        0.629684513549500E-05
   218.814230819502        0.638160468307080E-05
   220.808881972050        0.646715241778516E-05
   222.742711425693        0.653535712813822E-05
   224.625590815924        0.660982929815559E-05
   226.465232791846        0.667576742930697E-05
   228.267747228693        0.673620190085569E-05
   230.038040123367        0.679297294886286E-05
   231.780102185978        0.684642211286133E-05
   233.497220259081        0.688615390431404E-05
   235.192134463821        0.693169186826835E-05
   236.895951568472        0.695958743857248E-05
   238.528306301408        0.698827080429710E-05
   239.920909745374        0.699999999999999E-05
   240.936880105785        0.700459784422817E-05
   241.481582852373        0.699621359758907E-05
   241.490974542394        0.697599802054541E-05
   240.935554190388        0.693999802204189E-05
   239.833244039099        0.689673518663009E-05
   238.256809123022        0.683911717080901E-05
   236.324078767595        0.676816585495934E-05
   234.174898579985        0.669329521107917E-05
   231.948501524630        0.661171456689854E-05
   229.753740281524        0.652105323109596E-05
   227.663369756068        0.643440890258817E-05
   225.720231190988        0.634146653470459E-05
   223.943484699023        0.625037489695535E-05
   222.334945893975        0.616097785034840E-05
   220.885645104456        0.607326993274586E-05
   219.581057913307        0.597713001395604E-05
   218.405014526168        0.589248269171287E-05
   217.342977827961        0.579927528888426E-05
   216.384035897175        0.570753961691225E-05
   215.521205620088        0.561997762446025E-05
   214.750934431696        0.552776664901970E-05
   214.072349048177        0.543687560915594E-05
   213.486165973791        0.534749509406986E-05
   212.993632793672        0.525956651940522E-05
   212.594439336427        0.517293920844294E-05
   212.285458296888        0.508753957390650E-05
   212.059417111650        0.500868427827253E-05
   211.903226025234        0.493062055564541E-05
   211.798317156034        0.485774198483126E-05
   211.722550200708        0.478901183718188E-05
   211.653316382387        0.473235439107489E-05
   211.567147231401        0.467924803018360E-05
   211.450169745785        0.463528980638547E-05
   211.303770352003        0.459652147067753E-05
   211.144668748154        0.456458346157810E-05
   211.001265475426        0.453877791287507E-05
   210.911173979264        0.451816568764027E-05
   210.909748904955        0.449788353659454E-05
   211.022531456870        0.449000000000000E-05
   211.271058485042        0.459462537825836E-05
   211.634883746821        0.506635832581904E-05
   212.124924599019        0.613907829777458E-05
   212.657360032456        0.724722142716003E-05
   213.286746377614        0.791592134310323E-05
   216.025758752399        0.114604898007218E-04
   220.367482907921        0.201496522935453E-04
   224.684880770272        0.345519330365729E-04
   228.959963185695        0.577564303165448E-04
   233.171446930247        0.940472883489333E-04
   237.295323366705        0.149058385741730E-03
   241.306133843344        0.229768494823308E-03
   245.178922313765        0.344270103061048E-03
   248.891659159969        0.501310156808737E-03
   252.427836970103        0.709712553520744E-03
   255.777762926443        0.977811190766707E-03
   258.938602467967        0.131302219027307E-02
   261.913401569639        0.172161147946548E-02
   264.709551477923        0.220863710906260E-02
   267.337163547356        0.277800271423853E-02
   269.807663475746        0.343255418508541E-02
   272.132732219261        0.417416947601912E-02
   274.465135623791        0.506383015934125E-02
   276.766712627166        0.596723055832836E-02
   278.971194700032        0.694974387970852E-02
   281.062346393475        0.806822559265659E-02
   283.051621295828        0.913418108548403E-02
   284.955625547153        0.104856894784128E-01
   285.906322554674        0.111701761448173E-01
