   187.136179676722        0.203815333837578E-05
   177.384083058789        0.229115811446501E-05
   172.002117293186        0.250826083184147E-05
   170.455398847192        0.271454891431217E-05
   171.462389441036        0.290252299416563E-05
   173.936938681002        0.308513641394325E-05
   177.215138553021        0.325777612825778E-05
   180.999460511204        0.342207413124211E-05
   185.222287184272        0.357144357106208E-05
   189.840593961202        0.371728509124400E-05
   194.367736000601        0.384930640443146E-05
   198.371981014581        0.397907335680394E-05
   201.798164084900        0.409881138909512E-05
   204.775816630665        0.421213883127738E-05
   207.442107433144        0.431669752163803E-05
   209.891916009138        0.441196111643252E-05
   212.184017614403        0.449748383276050E-05
   214.355676512267        0.457655351825052E-05
   216.432277036368        0.465319444419607E-05
   218.432200333927        0.471987284188031E-05
   220.369236408703        0.478242043125595E-05
   222.253938397202        0.483990248177537E-05
   224.094500877341        0.489733700697507E-05
   225.897373055818        0.495470463057805E-05
   227.667696564820        0.500132646485054E-05
   229.409621158457        0.504916578713843E-05
   231.126535459319        0.508747973475861E-05
   232.821238516964        0.512542859157659E-05
   234.496069393863        0.515328231908346E-05
   236.153006146265        0.517551877844638E-05
   237.826261333284        0.519433980560893E-05
   239.420978146841        0.520999999999999E-05
   240.757688291584        0.521000000000000E-05
   241.694798493075        0.519962856611498E-05
   242.135043239295        0.518118646499647E-05
   242.014961782469        0.514584738618130E-05
   241.311916063243        0.510465631270034E-05
   240.051795744085        0.504135496495246E-05
   238.313323668761        0.497828762108373E-05
   236.216397339137        0.490006966608800E-05
   233.898517252745        0.481434822167970E-05
   231.495857345074        0.472653893547680E-05
   229.115050953056        0.463933965365591E-05
   226.827198663219        0.454499020991737E-05
   224.675320421453        0.445265049306425E-05
   222.681382521585        0.436221463387183E-05
   220.851641103631        0.427365270611700E-05
   219.181623334126        0.417683511517911E-05
   217.661517138811        0.409166445609944E-05
   216.279998029838        0.399820777504498E-05
   215.026917143224        0.391609321690902E-05
   213.895173789897        0.382813387037230E-05
   212.880344290519        0.374587467301021E-05
   211.980078894825        0.365498026640698E-05
   211.193122587501        0.357205188932171E-05
   210.518099970338        0.348796949437945E-05
   209.952561651450        0.341153160622428E-05
   209.492127743137        0.332975014012622E-05
   209.129750423296        0.325253054809266E-05
   208.854741186987        0.317717445881262E-05
   208.651897864845        0.310751681125392E-05
   208.501649718560        0.304906880754112E-05
   208.382351871010        0.299262178621643E-05
   208.272140685634        0.293702270292300E-05
   208.148597324282        0.288582938840750E-05
   208.001590107925        0.284703830222660E-05
   207.838998541687        0.281519690814530E-05
   207.684860024405        0.278924779994649E-05
   207.572897222829        0.276868681859728E-05
   207.544663868843        0.274845024485509E-05
   207.630377211039        0.273426860327356E-05
   207.851425017031        0.274656728579929E-05
   208.196313145886        0.289224874362861E-05
   208.669755650045        0.368550617988934E-05
   209.184873177845        0.445726709265397E-05
   209.785068765620        0.486533575859016E-05
   212.833680113178        0.744003111333768E-05
   217.211796612892        0.133712664169649E-04
   221.575290960213        0.234314365229833E-04
   225.908383054428        0.400241721228237E-04
   230.192296231394        0.666079176908632E-04
   234.405257254195        0.107924575881911E-03
   238.521643890008        0.170103802852970E-03
   242.514763023813        0.260585230808410E-03
   246.359577854136        0.387803515413658E-03
   250.035344806836        0.560669041306090E-03
   253.527640470706        0.787963668341865E-03
   256.829228654234        0.107780229377812E-02
   259.939679664284        0.143726992279442E-02
   262.864082736974        0.187226159707318E-02
   265.611366000400        0.238748170233284E-02
   268.192661693072        0.298652899798737E-02
   270.619970776293        0.367200100689404E-02
   272.905211588200        0.444557736348752E-02
   275.303264875283        0.538589603300038E-02
   277.573277574468        0.627668811886912E-02
   279.751388024651        0.735806043907095E-02
   281.814530752529        0.846122491421710E-02
   283.790901526519        0.963665594447253E-02
   285.668895419873        0.109869247067448E-01
   286.609553036534        0.116639179822945E-01
