   184.189040514954        0.809313479912910E-05
   175.212494272281        0.845301656180171E-05
   170.704350612127        0.878909500813807E-05
   170.004576213486        0.909198698323701E-05
   171.686401298703        0.937130325664937E-05
   174.532624698263        0.962934043262954E-05
   177.755831903899        0.986578739436639E-05
   180.916091843661        0.101011277236201E-04
   183.790458242271        0.102953408537830E-04
   186.282349908125        0.104879274470727E-04
   188.372202844861        0.106000000000000E-04
   190.096153174084        0.107682737464317E-04
   191.528121514298        0.109560453438725E-04
   192.756555486325        0.110422227906183E-04
   193.868142749628        0.112000000000000E-04
   194.932702926783        0.113000000000000E-04
   195.995947001424        0.113911900389680E-04
   197.084230780771        0.115000000000000E-04
   198.212747156518        0.116000000000000E-04
   199.389852774465        0.117000000000000E-04
   200.614605211884        0.117006487694587E-04
   201.878614985180        0.118000000000000E-04
   203.171107717320        0.119000000000000E-04
   204.483132143088        0.119000000000000E-04
   205.807697823026        0.119844647507235E-04
   207.139041799177        0.120000000000000E-04
   208.471610448800        0.120000000000000E-04
   209.799426504353        0.120806316459705E-04
   211.114018620065        0.121000000000000E-04
   212.397741698486        0.121000000000000E-04
   213.613654612471        0.121000000000000E-04
   214.697025588946        0.120799050111996E-04
   215.547335284401        0.120000000000000E-04
   216.043773858603        0.120000000000000E-04
   216.075278729151        0.120000000000000E-04
   215.585887181445        0.119000000000000E-04
   214.601556619995        0.118163818945717E-04
   213.228820129057        0.118000000000000E-04
   211.621671841956        0.117220111968332E-04
   209.943758792826        0.116771962846189E-04
   208.333251965989        0.115339372428797E-04
   206.882928184392        0.114923405187043E-04
   205.635410385126        0.114000000000000E-04
   204.595359074014        0.113137116782383E-04
   203.746201505551        0.112000000000000E-04
   203.062658440301        0.111413325781160E-04
   202.517871667095        0.111000000000000E-04
   202.086819380098        0.109753110383815E-04
   201.746517825297        0.108446105670698E-04
   201.476713910086        0.108000000000000E-04
   201.260394932543        0.106880306071324E-04
   201.084524685314        0.106000000000000E-04
   200.939582897228        0.105375822083399E-04
   200.818286011464        0.104147842995558E-04
   200.715840925858        0.102935283196941E-04
   200.630720022795        0.102000000000000E-04
   200.563992624901        0.101555441715863E-04
   200.518621237155        0.100389406227075E-04
   200.498526132368        0.994676259028464E-05
   200.506886104172        0.985838536173284E-05
   200.543567634052        0.976900638925021E-05
   200.602876333563        0.969171873210693E-05
   200.673581817564        0.961759979978716E-05
   200.740060772864        0.955323124966487E-05
   200.783992631667        0.948979766639655E-05
   200.803568472146        0.943487508988123E-05
   200.826172686807        0.939383033664743E-05
   200.897917315436        0.935340641983165E-05
   201.065080329311        0.931770612846320E-05
   201.360982518721        0.929221500782033E-05
   201.783617009313        0.460296034295366E-05
   202.288093752797        0.282767447175683E-05
   202.812381156325        0.174265415674814E-05
   204.531955543647        0.226196808420173E-05
   208.474011579129        0.401683080429218E-05
   212.114268794099        0.669895542461980E-05
   216.027864729816        0.113785401836221E-04
   220.455768069924        0.202340801328503E-04
   224.858716444725        0.350592987826255E-04
   229.216534509151        0.591506736402213E-04
   233.505231799257        0.970884408861344E-04
   237.697840326019        0.154880296278000E-03
   241.766207488696        0.239913028738560E-03
   245.683594698927        0.360651468702451E-03
   249.427549061754        0.526108368999357E-03
   252.982320219603        0.745212897553217E-03
   256.340065433206        0.102625301122605E-02
   259.500421279464        0.137650194878506E-02
   262.469033632391        0.180206103325737E-02
   265.255661343788        0.230787014057445E-02
   267.872366886096        0.289780714759081E-02
   270.332071086946        0.357480731774723E-02
   272.647540418651        0.434095892372044E-02
   275.055015843749        0.527625035718050E-02
   277.358479928955        0.617831663571286E-02
   279.570422674519        0.724547781052542E-02
   281.667184117487        0.836451018529282E-02
   283.676548386148        0.953469456773003E-02
   285.589904981694        0.109079763147359E-01
   287.411165803917        0.122173763286226E-01
   288.330446805049        0.129209153608943E-01
