   186.660322614082        0.252934197899006E-05
   176.643635592481        0.282898368273377E-05
   171.013573663510        0.309520849677280E-05
   169.251516288409        0.334466880483915E-05
   170.077435678224        0.356687563817763E-05
   172.390507548517        0.378576250944093E-05
   175.498883969983        0.399219091935536E-05
   179.054869708998        0.418310192165226E-05
   182.935794857355        0.436148018775070E-05
   187.142048953386        0.453699188273597E-05
   191.649412591571        0.469898776484357E-05
   196.021444727808        0.485555699566756E-05
   199.888261799227        0.499481920224718E-05
   203.217782177220        0.512811092191652E-05
   206.133131595705        0.525035326916254E-05
   208.759254158350        0.536373819295531E-05
   211.182104757363        0.546893034871535E-05
   213.455344484706        0.556432735694485E-05
   215.613434841284        0.565788874691614E-05
   217.680117471008        0.573436235621045E-05
   219.672713411934        0.581084900266976E-05
   221.604281688200        0.588729517481176E-05
   223.484855025353        0.595526554363942E-05
   225.322251818294        0.602249773046366E-05
   227.122646898617        0.607965112025111E-05
   228.890981024198        0.613670900593556E-05
   230.631257518043        0.618910801425940E-05
   232.346759897778        0.623698891071261E-05
   234.040213932173        0.627477714436224E-05
   235.713909897803        0.631123303088320E-05
   237.398109329784        0.634002245837573E-05
   239.016151673439        0.635875162460830E-05
   240.392745407850        0.636740786021330E-05
   241.383429156256        0.636403138677714E-05
   241.895550174709        0.635560812944087E-05
   241.867207773409        0.632735890083952E-05
   241.272876023522        0.628865003063608E-05
   240.134191832781        0.624463261186893E-05
   238.525210171423        0.617620881544055E-05
   236.563490804359        0.610753745476309E-05
   234.387515492280        0.603029228823983E-05
   232.135818065312        0.594779526445598E-05
   229.916586247731        0.585705486944768E-05
   227.801530347935        0.576956876411327E-05
   225.832350507897        0.567655072944274E-05
   224.027323968499        0.558545284061312E-05
   222.387716532661        0.549600686927994E-05
   220.904253631016        0.540832388938656E-05
   219.562593852445        0.531216892107784E-05
   218.347565734307        0.522049210449882E-05
   217.246017374219        0.513357782827519E-05
   216.247943816813        0.504274357910712E-05
   215.346855199473        0.495451162356419E-05
   214.538995443241        0.486238272538102E-05
   213.823007591444        0.477164735836619E-05
   213.199007243073        0.468244914914578E-05
   212.667273051082        0.459472703644400E-05
   212.227399817001        0.450993144227405E-05
   211.876528946767        0.443306315052429E-05
   211.607270721781        0.434921152601989E-05
   211.406261647311        0.427427949107814E-05
   211.254637854215        0.420457111376362E-05
   211.129440957375        0.413654493296850E-05
   211.007083079715        0.408009884212158E-05
   210.864584451077        0.402762489116458E-05
   210.691099750267        0.398385504671038E-05
   210.493343215814        0.394559450124501E-05
   210.293338554111        0.391921267504547E-05
   210.120639303580        0.389254175895923E-05
   210.004694549866        0.387393375436143E-05
   209.975354703980        0.385768555523402E-05
   210.065580561759        0.385000000000000E-05
   210.310344623381        0.394287683412421E-05
   210.638702664203        0.436442054895442E-05
   211.162507918721        0.535310203925683E-05
   211.767740504791        0.643660889094429E-05
   212.635745806356        0.724772313131011E-05
   216.224590562729        0.117616488548296E-04
   220.569237237841        0.206657199072459E-04
   224.889201272381        0.354135915308643E-04
   229.166210493775        0.591558256002278E-04
   233.378591398893        0.962526730619644E-04
   237.501897978504        0.152421744993532E-03
   241.510336044453        0.234720512700004E-03
   245.378912829557        0.351302527441021E-03
   249.085925455339        0.510952759230490E-03
   252.615182071119        0.722496648566055E-03
   255.957358910523        0.994236826318539E-03
   259.110012156630        0.133353677560194E-02
   262.076538621776        0.174660103852998E-02
   264.864604421251        0.223842780205595E-02
   267.484509721146        0.281286815210898E-02
   269.947791429354        0.347272445599026E-02
   272.266182047671        0.421983956431948E-02
   274.617772023575        0.512242230944757E-02
   276.913542167680        0.602348485320062E-02
   279.114199311602        0.702450491828437E-02
   281.200207495978        0.814015164586905E-02
   283.187466825618        0.921176457874815E-02
   285.086751640058        0.105777050753810E-01
   286.035698475934        0.112608692842366E-01
