   186.322228701477        0.271439931659668E-05
   176.088257489648        0.303315095057491E-05
   170.258605486483        0.331954872241551E-05
   168.318802396159        0.357312942113716E-05
   168.995662980519        0.381887725063468E-05
   171.185909575853        0.404102605277849E-05
   174.186854185810        0.425112522781693E-05
   177.637466746231        0.445791958866481E-05
   181.399574095992        0.464415479260842E-05
   185.463533652211        0.482084116302033E-05
   189.845641730062        0.499819089471656E-05
   194.339000877274        0.515183722036954E-05
   198.490447830239        0.529933017484968E-05
   202.090394584231        0.544112972724772E-05
   205.206502305583        0.557262255521060E-05
   207.972999536399        0.568988229669896E-05
   210.496549763334        0.579972465691041E-05
   212.845713289752        0.590478840859617E-05
   215.063473937444        0.599801972385585E-05
   217.178383541409        0.608427895050676E-05
   219.210727370485        0.617057011254611E-05
   221.175562631825        0.624683464073993E-05
   223.084338270024        0.631479560133328E-05
   224.945905480122        0.638191165403009E-05
   226.767212232308        0.644895633076337E-05
   228.553792112087        0.650591193397394E-05
   230.310111643257        0.656276234948353E-05
   232.039821292358        0.660949267114948E-05
   233.745940450954        0.665406181737462E-05
   235.430996122038        0.669169357602041E-05
   237.125240434186        0.671960964181577E-05
   238.752213026514        0.674831338519446E-05
   240.139928918947        0.675694545203444E-05
   241.146969536228        0.676000000000000E-05
   241.681265030108        0.675611428566113E-05
   241.678823431033        0.672788389285102E-05
   241.109317015944        0.669960035590879E-05
   239.993304912622        0.664629599101638E-05
   238.405581000039        0.658847726139900E-05
   236.463979678285        0.651730360652963E-05
   234.307395024157        0.644256521365647E-05
   232.074213853227        0.635488672756836E-05
   229.873030023840        0.627003874240674E-05
   227.776424654860        0.618314639849662E-05
   225.826764790058        0.609015147210324E-05
   224.042748541955        0.599902527478584E-05
   222.425894498908        0.590958247070374E-05
   220.967092510572        0.582184870441028E-05
   219.651987542911        0.572567244334028E-05
   218.465151429748        0.563449512637089E-05
   217.392950874075        0.554752511424330E-05
   216.424635770999        0.545202085302389E-05
   215.552678279482        0.536562466414333E-05
   214.773082115428        0.527598986165044E-05
   214.084742609877        0.518510443278997E-05
   213.488077140947        0.509573879549059E-05
   212.983604219170        0.500783400833472E-05
   212.570884702530        0.492121000834987E-05
   212.246479196496        0.483584071775828E-05
   212.002202555608        0.475178819491558E-05
   211.824952276772        0.467630736843071E-05
   211.696906640283        0.460641190021312E-05
   211.596594478986        0.453793820597011E-05
   211.501597917375        0.448133173330039E-05
   211.388473422184        0.442847729792513E-05
   211.243971454115        0.438457134998505E-05
   211.070123373696        0.434602669470552E-05
   210.883925354437        0.431413632949972E-05
   210.715895411958        0.428851434458940E-05
   210.603184734736        0.426793834211352E-05
   210.580875446097        0.425384967692516E-05
   210.685189516050        0.424388778919436E-05
   210.916818339700        0.433977560494218E-05
   211.287707588393        0.479794678137907E-05
   211.780911859707        0.584640068893484E-05
   212.308648286147        0.690811990848519E-05
   212.996184066670        0.761120411790056E-05
   216.035674075575        0.114750492709898E-04
   220.377536104902        0.201745769613795E-04
   224.695159326199        0.345939495937724E-04
   228.970535126916        0.578259797018208E-04
   233.182321242875        0.941595837991225E-04
   237.306418274358        0.149233648108087E-03
   241.317283432779        0.230030822795280E-03
   245.189942726345        0.344645939765680E-03
   248.902429710888        0.501828323641012E-03
   252.438226038048        0.710398988703996E-03
   255.787636724138        0.978684214121781E-03
   258.947831198103        0.131408748052110E-02
   261.921862763367        0.172285723388279E-02
   264.717131808842        0.221002979976383E-02
   267.343761135652        0.277948400931552E-02
   269.813192615957        0.343404000666431E-02
   272.137131604269        0.417555262069405E-02
   274.493517988017        0.507471333927921E-02
   276.792891349342        0.597723849686582E-02
   278.995583642589        0.696246005579197E-02
   281.084874194256        0.807992965624920E-02
   283.072690375948        0.914508591243069E-02
   284.975333722618        0.104994326587111E-01
   285.925325632279        0.111833986171021E-01
