     ALT          P          T          FH2O           O3           THEAT        TCOOL        PSATCO2        FCO2
7.3810E+01  3.2610E-05 2.2756E+02    4.6332E-06    1.6250E-07    3.7845E+01   -7.9788E+01    8.1354E+00    2.2600E-04
7.2666E+01  3.8506E-05 2.2899E+02    4.7944E-06    2.0836E-07    5.5814E+00   -5.0316E+01    8.5969E+00    2.2600E-04
7.1523E+01  4.5411E-05 2.3049E+02    4.9495E-06    2.5955E-07    3.2197E+00   -3.0995E+01    9.1005E+00    2.2600E-04
7.0382E+01  5.3486E-05 2.3206E+02    5.0788E-06    3.1347E-07    3.2504E+00   -1.9141E+01    9.6525E+00    2.2600E-04
6.9242E+01  6.2919E-05 2.3370E+02    5.2028E-06    3.6739E-07    3.4913E+00   -1.2405E+01    1.0254E+01    2.2600E-04
6.8103E+01  7.3921E-05 2.3539E+02    5.3034E-06    4.2455E-07    3.7610E+00   -8.8246E+00    1.0903E+01    2.2600E-04
6.6966E+01  8.6738E-05 2.3712E+02    5.4044E-06    4.8594E-07    4.0530E+00   -7.0767E+00    1.1598E+01    2.2600E-04
6.5829E+01  1.0165E-04 2.3888E+02    5.4854E-06    5.5438E-07    4.3808E+00   -6.2933E+00    1.2335E+01    2.2600E-04
6.4694E+01  1.1897E-04 2.4064E+02    5.5547E-06    6.3056E-07    4.7593E+00   -6.0340E+00    1.3112E+01    2.2600E-04
6.3559E+01  1.3908E-04 2.4241E+02    5.6228E-06    7.1443E-07    5.1735E+00   -6.0396E+00    1.3925E+01    2.2600E-04
6.2426E+01  1.6237E-04 2.4417E+02    5.6839E-06    8.0763E-07    5.6255E+00   -6.1739E+00    1.4771E+01    2.2600E-04
6.1295E+01  1.8932E-04 2.4592E+02    5.7392E-06    9.1001E-07    6.1075E+00   -6.3760E+00    1.5648E+01    2.2600E-04
6.0165E+01  2.2048E-04 2.4765E+02    5.7844E-06    1.0207E-06    6.6076E+00   -6.6157E+00    1.6553E+01    2.2600E-04
5.9038E+01  2.5643E-04 2.4936E+02    5.8295E-06    1.1435E-06    7.1281E+00   -6.8849E+00    1.7486E+01    2.2600E-04
5.7912E+01  2.9787E-04 2.5106E+02    5.8646E-06    1.2734E-06    7.6430E+00   -7.1548E+00    1.8447E+01    2.2600E-04
5.6789E+01  3.4558E-04 2.5274E+02    5.8995E-06    1.4282E-06    8.1998E+00   -7.4369E+00    1.9436E+01    2.2600E-04
5.5668E+01  4.0042E-04 2.5440E+02    5.9222E-06    1.5871E-06    8.7030E+00   -7.7223E+00    2.0453E+01    2.2600E-04
5.4550E+01  4.6337E-04 2.5605E+02    5.9446E-06    1.7704E-06    9.2037E+00   -8.0154E+00    2.1501E+01    2.2600E-04
5.3435E+01  5.3555E-04 2.5769E+02    5.9600E-06    1.9781E-06    9.6753E+00   -8.3057E+00    2.2581E+01    2.2600E-04
5.2322E+01  6.1820E-04 2.5932E+02    5.9791E-06    2.2010E-06    1.0060E+01   -8.5838E+00    2.3692E+01    2.2600E-04
5.1214E+01  7.1270E-04 2.6094E+02    5.9813E-06    2.4553E-06    1.0378E+01   -8.8447E+00    2.4837E+01    2.2600E-04
5.0108E+01  8.2060E-04 2.6256E+02    5.9900E-06    2.7238E-06    1.0558E+01   -9.1089E+00    2.6017E+01    2.2600E-04
4.9006E+01  9.4366E-04 2.6421E+02    5.9845E-06    3.0159E-06    1.0607E+01   -9.3983E+00    2.7263E+01    2.2600E-04
4.7908E+01  1.0838E-03 2.6581E+02    5.9725E-06    3.3212E-06    1.0503E+01   -9.6933E+00    2.8515E+01    2.2600E-04
4.6814E+01  1.2432E-03 2.6700E+02    5.9607E-06    3.6499E-06    1.0265E+01   -9.8142E+00    2.9476E+01    2.2600E-04
4.5727E+01  1.4242E-03 2.6753E+02    5.9289E-06    4.0081E-06    9.8992E+00   -9.6550E+00    2.9911E+01    2.2600E-04
4.4649E+01  1.6295E-03 2.6734E+02    5.8947E-06    4.3741E-06    9.3878E+00   -9.2495E+00    2.9753E+01    2.2600E-04
4.3585E+01  1.8621E-03 2.6647E+02    5.8521E-06    4.7321E-06    8.7565E+00   -8.6757E+00    2.9044E+01    2.2600E-04
4.2535E+01  2.1252E-03 2.6502E+02    5.7952E-06    5.0632E-06    8.0513E+00   -8.0168E+00    2.7891E+01    2.2600E-04
4.1502E+01  2.4225E-03 2.6311E+02    5.7333E-06    5.3575E-06    7.3328E+00   -7.3400E+00    2.6432E+01    2.2600E-04
4.0488E+01  2.7578E-03 2.6089E+02    5.6565E-06    5.6100E-06    6.6486E+00   -6.6837E+00    2.4798E+01    2.2600E-04
3.9493E+01  3.1355E-03 2.5845E+02    5.5769E-06    5.8117E-06    6.0228E+00   -6.0689E+00    2.3095E+01    2.2600E-04
3.8517E+01  3.5606E-03 2.5588E+02    5.4936E-06    5.9768E-06    5.4739E+00   -5.5089E+00    2.1394E+01    2.2600E-04
3.7561E+01  4.0381E-03 2.5323E+02    5.4080E-06    6.1063E-06    4.9958E+00   -5.0101E+00    1.9734E+01    2.2600E-04
3.6625E+01  4.5739E-03 2.5052E+02    5.3144E-06    6.2155E-06    4.5817E+00   -4.5751E+00    1.8138E+01    2.2600E-04
3.5708E+01  5.1743E-03 2.4777E+02    5.2128E-06    6.2971E-06    4.2137E+00   -4.1928E+00    1.6618E+01    2.2600E-04
3.4811E+01  5.8461E-03 2.4500E+02    5.1138E-06    6.3681E-06    3.8849E+00   -3.8576E+00    1.5184E+01    2.2600E-04
3.3934E+01  6.5969E-03 2.4224E+02    5.0085E-06    6.4069E-06    3.5778E+00   -3.5537E+00    1.3847E+01    2.2600E-04
3.3076E+01  7.4346E-03 2.3953E+02    4.9055E-06    6.4159E-06    3.2885E+00   -3.2691E+00    1.2620E+01    2.2600E-04
3.2236E+01  8.3682E-03 2.3691E+02    4.8049E-06    6.3866E-06    3.0120E+00   -2.9961E+00    1.1510E+01    2.2600E-04
3.1415E+01  9.4072E-03 2.3441E+02    4.7063E-06    6.2991E-06    2.7435E+00   -2.7341E+00    1.0524E+01    2.2600E-04
3.0611E+01  1.0562E-02 2.3210E+02    4.6065E-06    6.1631E-06    2.4870E+00   -2.5152E+00    9.6651E+00    2.2600E-04
2.9823E+01  1.1843E-02 2.2998E+02    4.5055E-06    5.9628E-06    2.2413E+00   -2.2534E+00    8.9272E+00    2.2600E-04
2.9051E+01  1.3263E-02 2.2807E+02    4.4129E-06    5.7082E-06    2.0118E+00   -2.0091E+00    8.2964E+00    2.2600E-04
2.8294E+01  1.4835E-02 2.2634E+02    4.3222E-06    5.4269E-06    1.8047E+00   -1.7852E+00    7.7556E+00    2.2600E-04
2.7551E+01  1.6572E-02 2.2476E+02    4.2330E-06    5.0957E-06    1.6154E+00   -1.5831E+00    7.2871E+00    2.2600E-04
2.6822E+01  1.8489E-02 2.2332E+02    4.1457E-06    4.7432E-06    1.4478E+00   -1.4042E+00    6.8751E+00    2.2600E-04
2.6106E+01  2.0602E-02 2.2196E+02    4.0598E-06    4.3809E-06    1.3013E+00   -1.2484E+00    6.5063E+00    2.2600E-04
2.5402E+01  2.2928E-02 2.2068E+02    3.9754E-06    4.0157E-06    1.1734E+00   -1.1137E+00    6.1703E+00    2.2600E-04
2.4711E+01  2.5484E-02 2.1944E+02    3.8927E-06    3.6574E-06    1.0614E+00   -9.9708E-01    5.8597E+00    2.2600E-04
2.4032E+01  2.8289E-02 2.1825E+02    3.8160E-06    3.3082E-06    9.6160E-01   -8.9486E-01    5.5698E+00    2.2600E-04
2.3365E+01  3.1363E-02 2.1708E+02    3.7414E-06    2.9761E-06    8.7145E-01   -8.0293E-01    5.2979E+00    2.2600E-04
2.2709E+01  3.4727E-02 2.1594E+02    3.6641E-06    2.6618E-06    7.8843E-01   -7.1861E-01    4.9726E+00    2.2600E-04
2.2066E+01  3.8404E-02 2.1484E+02    3.5957E-06    2.3689E-06    7.1130E-01   -6.4096E-01    4.6200E+00    2.2600E-04
2.1433E+01  4.2417E-02 2.1379E+02    3.5267E-06    2.0980E-06    6.3907E-01   -5.6911E-01    4.3025E+00    2.2600E-04
2.0812E+01  4.6790E-02 2.1280E+02    3.4556E-06    1.8389E-06    5.7036E-01   -5.0377E-01    4.0196E+00    2.2600E-04
2.0201E+01  5.1549E-02 2.1187E+02    3.3938E-06    1.6166E-06    5.0859E-01   -4.4164E-01    3.7709E+00    2.2600E-04
1.9602E+01  5.6721E-02 2.1102E+02    3.3307E-06    1.4032E-06    4.5049E-01   -3.8484E-01    3.5549E+00    2.2600E-04
1.9012E+01  6.2332E-02 2.1025E+02    3.2701E-06    1.2078E-06    3.9755E-01   -3.3215E-01    3.3698E+00    2.2600E-04
1.8432E+01  6.8413E-02 2.0958E+02    3.2172E-06    1.0302E-06    3.5033E-01   -2.8383E-01    3.2130E+00    2.2600E-04
1.7863E+01  7.4992E-02 2.0899E+02    3.1683E-06    8.7175E-07    3.0918E-01   -2.4013E-01    3.0816E+00    2.2600E-04
1.7302E+01  8.2100E-02 2.0849E+02    3.1236E-06    7.3232E-07    2.7399E-01   -2.0231E-01    2.9725E+00    2.2600E-04
1.6751E+01  8.9769E-02 2.0806E+02    3.0797E-06    6.0685E-07    2.4377E-01   -1.7316E-01    2.8830E+00    2.2600E-04
1.6208E+01  9.8030E-02 2.0771E+02    3.0472E-06    4.9675E-07    2.1825E-01   -1.5329E-01    2.8112E+00    2.2600E-04
1.5674E+01  1.0692E-01 2.0742E+02    3.0152E-06    4.0133E-07    1.9572E-01   -1.0935E-01    2.7543E+00    2.2600E-04
1.5149E+01  1.1646E-01 2.0721E+02    2.9858E-06    3.2086E-07    1.7678E-01   -9.9034E-02    2.7119E+00    2.2600E-04
1.4632E+01  1.2670E-01 2.0708E+02    2.9652E-06    2.5465E-07    1.6129E-01   -9.4268E-02    2.6859E+00    2.2600E-04
1.4123E+01  1.3766E-01 2.0704E+02    2.9474E-06    2.0054E-07    1.4854E-01   -9.3329E-02    2.6784E+00    2.2600E-04
1.3622E+01  1.4939E-01 2.0711E+02    2.9374E-06    1.5529E-07    1.3797E-01   -9.4616E-02    2.6915E+00    2.2600E-04
1.3128E+01  1.6191E-01 2.0728E+02    2.9276E-06    1.2114E-07    1.2970E-01   -9.2898E-02    2.7250E+00    2.2600E-04
1.2641E+01  1.7525E-01 2.0755E+02    2.9285E-06    9.8148E-08    1.2369E-01   -8.6310E-02    2.7800E+00    2.2600E-04
1.2162E+01  1.8946E-01 2.0795E+02    2.9998E-06    8.2757E-08    1.1988E-01   -8.0882E-02    2.8606E+00    2.2600E-04
1.1689E+01  2.0456E-01 2.0842E+02    3.6315E-06    7.0682E-08    1.1973E-01   -8.6826E-02    2.9576E+00    2.2600E-04
1.1223E+01  2.2059E-01 2.0902E+02    4.1216E-06    6.1731E-08    1.2035E-01   -7.0798E-02    3.0874E+00    2.2600E-04
1.0764E+01  2.3757E-01 2.0967E+02    4.7777E-06    5.6595E-08    1.2086E-01   -7.0490E-02    3.2346E+00    2.2600E-04
1.0310E+01  2.5554E-01 2.1130E+02    6.0014E-06    5.3427E-08    1.2514E-01   -7.1144E-02    3.6256E+00    2.2600E-04
9.8602E+00  2.7452E-01 2.1295E+02    7.5564E-06    5.0830E-08    1.3240E-01   -1.8311E-01    4.0619E+00    2.2600E-04
9.4123E+00  2.9454E-01 2.1732E+02    1.3557E-05    4.8519E-08    1.5937E-01   -5.6921E-01    5.3524E+00    2.2600E-04
8.9636E+00  3.1562E-01 2.2167E+02    2.3715E-05    4.6272E-08    1.9989E-01   -9.7560E-01    6.4288E+00    2.2600E-04
8.5144E+00  3.3779E-01 2.2599E+02    4.0440E-05    4.4071E-08    2.5303E-01   -1.3832E+00    7.6516E+00    2.2600E-04
8.0651E+00  3.6105E-01 2.3027E+02    6.7206E-05    4.1913E-08    3.1626E-01   -1.7470E+00    9.0248E+00    2.2600E-04
7.6162E+00  3.8543E-01 2.3447E+02    1.0875E-04    3.9759E-08    3.8419E-01   -2.0214E+00    1.0546E+01    2.2600E-04
7.1681E+00  4.1094E-01 2.3858E+02    1.7121E-04    3.7611E-08    4.5490E-01   -2.2045E+00    1.2209E+01    2.2600E-04
6.7214E+00  4.3758E-01 2.4257E+02    2.6201E-04    3.5477E-08    5.3144E-01   -2.3210E+00    1.3999E+01    2.2600E-04
6.2766E+00  4.6537E-01 2.4640E+02    3.8955E-04    3.3429E-08    6.0817E-01   -2.3590E+00    1.5898E+01    2.2600E-04
5.8342E+00  4.9430E-01 2.5007E+02    5.6274E-04    3.1470E-08    6.7090E-01   -2.3560E+00    1.7884E+01    2.2600E-04
5.3949E+00  5.2436E-01 2.5356E+02    7.9034E-04    2.9530E-08    7.1457E-01   -2.3307E+00    1.9934E+01    2.2600E-04
4.9592E+00  5.5555E-01 2.5685E+02    1.0804E-03    2.7607E-08    7.4622E-01   -2.3079E+00    2.2026E+01    2.2600E-04
4.5276E+00  5.8785E-01 2.5996E+02    1.4401E-03    2.5751E-08    7.7179E-01   -2.2572E+00    2.4139E+01    2.2600E-04
4.1008E+00  6.2125E-01 2.6288E+02    1.8752E-03    2.3959E-08    7.9040E-01   -2.1900E+00    2.6258E+01    2.2600E-04
3.6791E+00  6.5572E-01 2.6563E+02    2.3906E-03    2.2240E-08    7.9933E-01   -2.1184E+00    2.8371E+01    2.2600E-04
3.2632E+00  6.9123E-01 2.6820E+02    2.9897E-03    2.0749E-08    7.9932E-01   -2.0152E+00    3.0468E+01    2.2600E-04
2.8533E+00  7.2775E-01 2.7063E+02    3.6752E-03    1.9262E-08    7.9350E-01   -1.8549E+00    3.2543E+01    2.2600E-04
2.4499E+00  7.6522E-01 2.7291E+02    4.4488E-03    1.7987E-08    7.8465E-01   -1.7068E+00    3.4590E+01    2.2600E-04
2.0531E+00  8.0362E-01 2.7531E+02    5.3887E-03    1.6836E-08    7.7875E-01   -1.6223E+00    3.6840E+01    2.2600E-04
1.6632E+00  8.4288E-01 2.7758E+02    6.2790E-03    1.5804E-08    7.5604E-01   -1.5328E+00    3.9070E+01    2.2600E-04
1.2805E+00  8.8294E-01 2.7976E+02    7.3606E-03    1.4966E-08    7.4246E-01   -1.5407E+00    4.1303E+01    2.2600E-04
9.0518E-01  9.2374E-01 2.8182E+02    8.4634E-03    1.4203E-08    7.2882E-01   -1.6100E+00    4.3507E+01    2.2600E-04
5.3762E-01  9.6521E-01 2.8379E+02    9.6391E-03    1.3642E-08    7.2567E-01   -1.8140E+00    4.5701E+01    2.2600E-04
1.7806E-01  1.0073E+00 2.8567E+02    1.0989E-02    1.3216E-08    7.4421E-01   -2.0634E+00    4.7863E+01    2.2600E-04
0.0000E+00  1.0287E+00 2.8661E+02    1.1666E-02    1.3300E-08    7.8914E+00   -3.5076E+00    4.8976E+01    2.2600E-04
