     ALT          P          T          FH2O           O3           THEAT        TCOOL        PSATCO2        FCO2
7.3815E+01  3.2610E-05 2.2700E+02    5.3178E-06    1.5560E-07    3.7736E+01   -7.8800E+01    7.9585E+00    2.2400E-04
7.2674E+01  3.8506E-05 2.2842E+02    5.5118E-06    1.9999E-07    5.5899E+00   -5.0117E+01    8.4102E+00    2.2400E-04
7.1534E+01  4.5410E-05 2.2991E+02    5.6798E-06    2.4918E-07    3.1763E+00   -3.1242E+01    8.9036E+00    2.2400E-04
7.0397E+01  5.3485E-05 2.3148E+02    5.8322E-06    3.0101E-07    3.1884E+00   -1.9542E+01    9.4449E+00    2.2400E-04
6.9260E+01  6.2917E-05 2.3311E+02    5.9686E-06    3.5347E-07    3.4210E+00   -1.2843E+01    1.0035E+01    2.2400E-04
6.8124E+01  7.3919E-05 2.3480E+02    6.0924E-06    4.0908E-07    3.6833E+00   -9.2522E+00    1.0672E+01    2.2400E-04
6.6990E+01  8.6735E-05 2.3653E+02    6.2007E-06    4.6878E-07    3.9671E+00   -7.4628E+00    1.1355E+01    2.2400E-04
6.5857E+01  1.0165E-04 2.3828E+02    6.2914E-06    5.3539E-07    4.2861E+00   -6.6377E+00    1.2080E+01    2.2400E-04
6.4724E+01  1.1897E-04 2.4004E+02    6.3815E-06    6.0973E-07    4.6565E+00   -6.3428E+00    1.2844E+01    2.2400E-04
6.3593E+01  1.3907E-04 2.4181E+02    6.4593E-06    6.9263E-07    5.0666E+00   -6.3051E+00    1.3645E+01    2.2400E-04
6.2463E+01  1.6236E-04 2.4357E+02    6.5271E-06    7.8373E-07    5.5101E+00   -6.3958E+00    1.4478E+01    2.2400E-04
6.1335E+01  1.8931E-04 2.4531E+02    6.5848E-06    8.8393E-07    5.9841E+00   -6.5515E+00    1.5342E+01    2.2400E-04
6.0209E+01  2.2046E-04 2.4705E+02    6.6416E-06    9.9308E-07    6.4811E+00   -6.7487E+00    1.6234E+01    2.2400E-04
5.9084E+01  2.5641E-04 2.4876E+02    6.6866E-06    1.1163E-06    7.0084E+00   -6.9716E+00    1.7154E+01    2.2400E-04
5.7961E+01  2.9785E-04 2.5046E+02    6.7315E-06    1.2443E-06    7.5178E+00   -7.2072E+00    1.8102E+01    2.2400E-04
5.6841E+01  3.4555E-04 2.5213E+02    6.7663E-06    1.3889E-06    8.0433E+00   -7.4398E+00    1.9078E+01    2.2400E-04
5.5723E+01  4.0038E-04 2.5380E+02    6.8005E-06    1.5542E-06    8.5809E+00   -7.6893E+00    2.0082E+01    2.2400E-04
5.4608E+01  4.6333E-04 2.5545E+02    6.8228E-06    1.7351E-06    9.0862E+00   -7.9425E+00    2.1115E+01    2.2400E-04
5.3496E+01  5.3550E-04 2.5709E+02    6.8451E-06    1.9352E-06    9.5472E+00   -8.1964E+00    2.2180E+01    2.2400E-04
5.2387E+01  6.1814E-04 2.5872E+02    6.8673E-06    2.1622E-06    9.9620E+00   -8.4454E+00    2.3276E+01    2.2400E-04
5.1281E+01  7.1262E-04 2.6034E+02    6.8794E-06    2.4125E-06    1.0290E+01   -8.6800E+00    2.4404E+01    2.2400E-04
5.0178E+01  8.2051E-04 2.6195E+02    6.8800E-06    2.6884E-06    1.0509E+01   -8.9092E+00    2.5566E+01    2.2400E-04
4.9079E+01  9.4355E-04 2.6357E+02    6.8866E-06    2.9773E-06    1.0568E+01   -9.1823E+00    2.6774E+01    2.2400E-04
4.7983E+01  1.0837E-03 2.6523E+02    6.8800E-06    3.2841E-06    1.0482E+01   -9.5149E+00    2.8060E+01    2.2400E-04
4.6892E+01  1.2430E-03 2.6656E+02    6.8628E-06    3.6141E-06    1.0258E+01   -9.6960E+00    2.9117E+01    2.2400E-04
4.5807E+01  1.4240E-03 2.6722E+02    6.8411E-06    3.9617E-06    9.8846E+00   -9.5902E+00    2.9658E+01    2.2400E-04
4.4731E+01  1.6293E-03 2.6714E+02    6.8092E-06    4.3266E-06    9.3823E+00   -9.2240E+00    2.9591E+01    2.2400E-04
4.3667E+01  1.8619E-03 2.6635E+02    6.7667E-06    4.6864E-06    8.7617E+00   -8.6748E+00    2.8952E+01    2.2400E-04
4.2618E+01  2.1249E-03 2.6496E+02    6.7220E-06    5.0193E-06    8.0633E+00   -8.0311E+00    2.7849E+01    2.2400E-04
4.1586E+01  2.4221E-03 2.6310E+02    6.6568E-06    5.3225E-06    7.3531E+00   -7.3617E+00    2.6420E+01    2.2400E-04
4.0572E+01  2.7573E-03 2.6090E+02    6.5856E-06    5.5791E-06    6.6687E+00   -6.7091E+00    2.4803E+01    2.2400E-04
3.9577E+01  3.1350E-03 2.5847E+02    6.5125E-06    5.7846E-06    6.0405E+00   -6.0960E+00    2.3108E+01    2.2400E-04
3.8601E+01  3.5600E-03 2.5591E+02    6.4280E-06    5.9539E-06    5.4897E+00   -5.5363E+00    2.1411E+01    2.2400E-04
3.7645E+01  4.0374E-03 2.5326E+02    6.3394E-06    6.0926E-06    5.0126E+00   -5.0377E+00    1.9755E+01    2.2400E-04
3.6709E+01  4.5731E-03 2.5056E+02    6.2458E-06    6.2042E-06    4.5965E+00   -4.6019E+00    1.8162E+01    2.2400E-04
3.5793E+01  5.1734E-03 2.4782E+02    6.1542E-06    6.2958E-06    4.2297E+00   -4.2202E+00    1.6644E+01    2.2400E-04
3.4896E+01  5.8451E-03 2.4506E+02    6.0545E-06    6.3613E-06    3.8964E+00   -3.8842E+00    1.5214E+01    2.2400E-04
3.4019E+01  6.5957E-03 2.4232E+02    5.9521E-06    6.4093E-06    3.5907E+00   -3.5815E+00    1.3883E+01    2.2400E-04
3.3161E+01  7.4333E-03 2.3963E+02    5.8491E-06    6.4182E-06    3.2999E+00   -3.2981E+00    1.2661E+01    2.2400E-04
3.2321E+01  8.3666E-03 2.3703E+02    5.7483E-06    6.3928E-06    3.0232E+00   -3.0269E+00    1.1559E+01    2.2400E-04
3.1499E+01  9.4054E-03 2.3457E+02    5.6497E-06    6.3046E-06    2.7534E+00   -2.7669E+00    1.0582E+01    2.2400E-04
3.0695E+01  1.0560E-02 2.3229E+02    5.5521E-06    6.1675E-06    2.4959E+00   -2.5490E+00    9.7329E+00    2.2400E-04
2.9907E+01  1.1841E-02 2.3021E+02    5.4486E-06    5.9732E-06    2.2509E+00   -2.2896E+00    9.0063E+00    2.2400E-04
2.9134E+01  1.3261E-02 2.2835E+02    5.3559E-06    5.7173E-06    2.0202E+00   -2.0474E+00    8.3879E+00    2.2400E-04
2.8377E+01  1.4832E-02 2.2668E+02    5.2649E-06    5.4218E-06    1.8097E+00   -1.8261E+00    7.8605E+00    2.2400E-04
2.7633E+01  1.6569E-02 2.2517E+02    5.1757E-06    5.0943E-06    1.6208E+00   -1.6273E+00    7.4068E+00    2.2400E-04
2.6902E+01  1.8485E-02 2.2380E+02    5.0880E-06    4.7438E-06    1.4533E+00   -1.4518E+00    7.0104E+00    2.2400E-04
2.6184E+01  2.0598E-02 2.2252E+02    5.0019E-06    4.3840E-06    1.3070E+00   -1.2993E+00    6.6577E+00    2.2400E-04
2.5479E+01  2.2923E-02 2.2133E+02    4.9172E-06    4.0161E-06    1.1784E+00   -1.1680E+00    6.3377E+00    2.2400E-04
2.4786E+01  2.5478E-02 2.2018E+02    4.8341E-06    3.6571E-06    1.0660E+00   -1.0547E+00    6.0428E+00    2.2400E-04
2.4104E+01  2.8282E-02 2.1907E+02    4.7522E-06    3.3043E-06    9.6544E-01   -9.5549E-01    5.7678E+00    2.2400E-04
2.3435E+01  3.1356E-02 2.1799E+02    4.6719E-06    2.9691E-06    8.7486E-01   -8.6648E-01    5.5099E+00    2.2400E-04
2.2777E+01  3.4719E-02 2.1695E+02    4.5930E-06    2.6611E-06    7.9276E-01   -7.8435E-01    5.2677E+00    2.2400E-04
2.2130E+01  3.8395E-02 2.1594E+02    4.5253E-06    2.3645E-06    7.1511E-01   -7.0933E-01    4.9699E+00    2.2400E-04
2.1494E+01  4.2407E-02 2.1497E+02    4.4490E-06    2.0894E-06    6.4221E-01   -6.3969E-01    4.6581E+00    2.2400E-04
2.0870E+01  4.6779E-02 2.1405E+02    4.3818E-06    1.8354E-06    5.7418E-01   -5.7569E-01    4.3791E+00    2.2400E-04
2.0256E+01  5.1537E-02 2.1320E+02    4.3105E-06    1.6115E-06    5.1211E-01   -5.1488E-01    4.1329E+00    2.2400E-04
1.9652E+01  5.6706E-02 2.1243E+02    4.2500E-06    1.3967E-06    4.5378E-01   -4.5967E-01    3.9188E+00    2.2400E-04
1.9059E+01  6.2316E-02 2.1173E+02    4.1907E-06    1.2058E-06    4.0138E-01   -4.0709E-01    3.7354E+00    2.2400E-04
1.8475E+01  6.8395E-02 2.1112E+02    4.1323E-06    1.0280E-06    3.5408E-01   -3.5868E-01    3.5803E+00    2.2400E-04
1.7901E+01  7.4972E-02 2.1059E+02    4.0749E-06    8.7156E-07    3.1310E-01   -3.1363E-01    3.4506E+00    2.2400E-04
1.7337E+01  8.2078E-02 2.1014E+02    4.0268E-06    7.3232E-07    2.7788E-01   -2.7434E-01    3.3431E+00    2.2400E-04
1.6781E+01  8.9745E-02 2.0976E+02    3.9824E-06    6.0808E-07    2.4774E-01   -2.4287E-01    3.2550E+00    2.2400E-04
1.6234E+01  9.8003E-02 2.0945E+02    3.9490E-06    4.9763E-07    2.2209E-01   -2.2056E-01    3.1840E+00    2.2400E-04
1.5696E+01  1.0689E-01 2.0920E+02    3.9167E-06    4.0170E-07    1.9942E-01   -1.7593E-01    3.1274E+00    2.2400E-04
1.5166E+01  1.1643E-01 2.0900E+02    3.8866E-06    3.2177E-07    1.8045E-01   -1.6133E-01    3.0841E+00    2.2400E-04
1.4645E+01  1.2666E-01 2.0887E+02    3.8657E-06    2.5526E-07    1.6482E-01   -1.5223E-01    3.0553E+00    2.2400E-04
1.4132E+01  1.3762E-01 2.0882E+02    3.8452E-06    2.0071E-07    1.5194E-01   -1.4668E-01    3.0434E+00    2.2400E-04
1.3626E+01  1.4935E-01 2.0885E+02    3.8275E-06    1.5560E-07    1.4128E-01   -1.4349E-01    3.0516E+00    2.2400E-04
1.3129E+01  1.6186E-01 2.0899E+02    3.8176E-06    1.2110E-07    1.3291E-01   -1.3969E-01    3.0822E+00    2.2400E-04
1.2638E+01  1.7520E-01 2.0924E+02    3.8122E-06    9.7986E-08    1.2679E-01   -1.3208E-01    3.1368E+00    2.2400E-04
1.2155E+01  1.8941E-01 2.0960E+02    3.8610E-06    8.2567E-08    1.2282E-01   -1.2485E-01    3.2168E+00    2.2400E-04
1.1679E+01  2.0450E-01 2.1005E+02    4.5865E-06    7.0396E-08    1.2269E-01   -1.3659E-01    3.3226E+00    2.2400E-04
1.1210E+01  2.2052E-01 2.1058E+02    5.1456E-06    6.1526E-08    1.2264E-01   -1.2198E-01    3.4482E+00    2.2400E-04
1.0747E+01  2.3750E-01 2.1113E+02    5.8302E-06    5.6378E-08    1.2365E-01   -1.0862E-01    3.5821E+00    2.2400E-04
1.0291E+01  2.5546E-01 2.1220E+02    6.7852E-06    5.3267E-08    1.2609E-01   -7.6235E-02    3.8575E+00    2.2400E-04
9.8396E+00  2.7444E-01 2.1340E+02    8.0315E-06    5.0691E-08    1.3084E-01   -1.2195E-01    4.1886E+00    2.2400E-04
9.3920E+00  2.9445E-01 2.1678E+02    1.2644E-05    4.8470E-08    1.5043E-01   -4.0998E-01    5.2294E+00    2.2400E-04
8.9445E+00  3.1552E-01 2.2112E+02    2.2148E-05    4.6257E-08    1.8770E-01   -8.2550E-01    6.2846E+00    2.2400E-04
8.4965E+00  3.3768E-01 2.2544E+02    3.7839E-05    4.4068E-08    2.3889E-01   -1.2506E+00    7.4855E+00    2.2400E-04
8.0485E+00  3.6094E-01 2.2971E+02    6.3011E-05    4.1917E-08    3.0118E-01   -1.6399E+00    8.8356E+00    2.2400E-04
7.6009E+00  3.8531E-01 2.3391E+02    1.0220E-04    3.9769E-08    3.6921E-01   -1.9420E+00    1.0334E+01    2.2400E-04
7.1540E+00  4.1081E-01 2.3803E+02    1.6130E-04    3.7648E-08    4.4025E-01   -2.1468E+00    1.1974E+01    2.2400E-04
6.7085E+00  4.3744E-01 2.4202E+02    2.4754E-04    3.5604E-08    5.1686E-01   -2.2802E+00    1.3743E+01    2.2400E-04
6.2648E+00  4.6522E-01 2.4587E+02    3.6917E-04    3.3566E-08    5.9468E-01   -2.3316E+00    1.5623E+01    2.2400E-04
5.8235E+00  4.9414E-01 2.4955E+02    5.3504E-04    3.1614E-08    6.5991E-01   -2.3351E+00    1.7594E+01    2.2400E-04
5.3852E+00  5.2419E-01 2.5306E+02    7.5391E-04    2.9680E-08    7.0600E-01   -2.3144E+00    1.9632E+01    2.2400E-04
4.9505E+00  5.5537E-01 2.5638E+02    1.0340E-03    2.7762E-08    7.3904E-01   -2.2949E+00    2.1714E+01    2.2400E-04
4.5198E+00  5.8766E-01 2.5951E+02    1.3825E-03    2.5912E-08    7.6560E-01   -2.2496E+00    2.3822E+01    2.2400E-04
4.0939E+00  6.2104E-01 2.6245E+02    1.8054E-03    2.4158E-08    7.8548E-01   -2.1846E+00    2.5937E+01    2.2400E-04
3.6730E+00  6.5550E-01 2.6522E+02    2.3077E-03    2.2497E-08    7.9590E-01   -2.1160E+00    2.8048E+01    2.2400E-04
3.2578E+00  6.9100E-01 2.6781E+02    2.8929E-03    2.0929E-08    7.9709E-01   -2.0194E+00    3.0144E+01    2.2400E-04
2.8487E+00  7.2750E-01 2.7026E+02    3.5639E-03    1.9524E-08    7.9213E-01   -1.8670E+00    3.2219E+01    2.2400E-04
2.4459E+00  7.6496E-01 2.7256E+02    4.3224E-03    1.8211E-08    7.8409E-01   -1.7185E+00    3.4267E+01    2.2400E-04
2.0499E+00  8.0334E-01 2.7495E+02    5.2490E-03    1.7026E-08    7.7956E-01   -1.6293E+00    3.6492E+01    2.2400E-04
1.6606E+00  8.4259E-01 2.7723E+02    6.1442E-03    1.5998E-08    7.5882E-01   -1.5386E+00    3.8718E+01    2.2400E-04
1.2785E+00  8.8263E-01 2.7941E+02    7.1826E-03    1.5161E-08    7.4326E-01   -1.5331E+00    4.0948E+01    2.2400E-04
9.0379E-01  9.2342E-01 2.8149E+02    8.2913E-03    1.4471E-08    7.3067E-01   -1.5996E+00    4.3149E+01    2.2400E-04
5.3681E-01  9.6487E-01 2.8347E+02    9.4111E-03    1.3897E-08    7.2489E-01   -1.7896E+00    4.5335E+01    2.2400E-04
1.7779E-01  1.0069E+00 2.8536E+02    1.0769E-02    1.3402E-08    7.4472E-01   -2.0434E+00    4.7496E+01    2.2400E-04
0.0000E+00  1.0283E+00 2.8630E+02    1.1449E-02    1.3500E-08    7.9030E+00   -3.5319E+00    4.8607E+01    2.2400E-04
