     ALT          P          T          FH2O           O3           THEAT        TCOOL        PSATCO2        FCO2
7.3812E+01  3.2610E-05 2.2696E+02    5.3584E-06    1.5572E-07    3.7737E+01   -7.8787E+01    7.9476E+00    2.2400E-04
7.2671E+01  3.8506E-05 2.2838E+02    5.5523E-06    1.9912E-07    5.5867E+00   -5.0103E+01    8.3987E+00    2.2400E-04
7.1532E+01  4.5410E-05 2.2988E+02    5.7203E-06    2.4872E-07    3.1743E+00   -3.1241E+01    8.8915E+00    2.2400E-04
7.0394E+01  5.3485E-05 2.3144E+02    5.8796E-06    3.0014E-07    3.1848E+00   -1.9567E+01    9.4321E+00    2.2400E-04
6.9257E+01  6.2917E-05 2.3308E+02    6.0190E-06    3.5259E-07    3.4172E+00   -1.2862E+01    1.0021E+01    2.2400E-04
6.8122E+01  7.3919E-05 2.3476E+02    6.1326E-06    4.0819E-07    3.6792E+00   -9.2712E+00    1.0658E+01    2.2400E-04
6.6988E+01  8.6735E-05 2.3649E+02    6.2409E-06    4.6790E-07    3.9629E+00   -7.4808E+00    1.1340E+01    2.2400E-04
6.5855E+01  1.0164E-04 2.3824E+02    6.3415E-06    5.3429E-07    4.2813E+00   -6.6563E+00    1.2064E+01    2.2400E-04
6.4723E+01  1.1897E-04 2.4000E+02    6.4221E-06    6.0881E-07    4.6519E+00   -6.3558E+00    1.2828E+01    2.2400E-04
6.3592E+01  1.3907E-04 2.4177E+02    6.4994E-06    6.9105E-07    5.0592E+00   -6.3149E+00    1.3627E+01    2.2400E-04
6.2462E+01  1.6236E-04 2.4353E+02    6.5672E-06    7.8241E-07    5.5035E+00   -6.4036E+00    1.4460E+01    2.2400E-04
6.1334E+01  1.8931E-04 2.4528E+02    6.6349E-06    8.8205E-07    5.9759E+00   -6.5620E+00    1.5323E+01    2.2400E-04
6.0208E+01  2.2046E-04 2.4701E+02    6.6825E-06    9.9226E-07    6.4751E+00   -6.7533E+00    1.6214E+01    2.2400E-04
5.9083E+01  2.5641E-04 2.4872E+02    6.7367E-06    1.1096E-06    6.9803E+00   -6.9757E+00    1.7134E+01    2.2400E-04
5.7961E+01  2.9785E-04 2.5042E+02    6.7758E-06    1.2443E-06    7.5166E+00   -7.2100E+00    1.8081E+01    2.2400E-04
5.6840E+01  3.4555E-04 2.5210E+02    6.8164E-06    1.3870E-06    8.0382E+00   -7.4419E+00    1.9055E+01    2.2400E-04
5.5723E+01  4.0038E-04 2.5376E+02    6.8505E-06    1.5542E-06    8.5830E+00   -7.6900E+00    2.0058E+01    2.2400E-04
5.4608E+01  4.6333E-04 2.5541E+02    6.8728E-06    1.7351E-06    9.0890E+00   -7.9411E+00    2.1091E+01    2.2400E-04
5.3496E+01  5.3550E-04 2.5705E+02    6.8951E-06    1.9352E-06    9.5489E+00   -8.1926E+00    2.2154E+01    2.2400E-04
5.2387E+01  6.1813E-04 2.5868E+02    6.9173E-06    2.1593E-06    9.9549E+00   -8.4387E+00    2.3249E+01    2.2400E-04
5.1281E+01  7.1262E-04 2.6030E+02    6.9294E-06    2.4124E-06    1.0290E+01   -8.6725E+00    2.4377E+01    2.2400E-04
5.0179E+01  8.2051E-04 2.6191E+02    6.9314E-06    2.6796E-06    1.0487E+01   -8.8969E+00    2.5538E+01    2.2400E-04
4.9080E+01  9.4355E-04 2.6353E+02    6.9366E-06    2.9770E-06    1.0570E+01   -9.1723E+00    2.6744E+01    2.2400E-04
4.7984E+01  1.0837E-03 2.6519E+02    6.9300E-06    3.2838E-06    1.0486E+01   -9.5075E+00    2.8031E+01    2.2400E-04
4.6893E+01  1.2430E-03 2.6653E+02    6.9128E-06    3.6137E-06    1.0262E+01   -9.6922E+00    2.9094E+01    2.2400E-04
4.5808E+01  1.4240E-03 2.6720E+02    6.8911E-06    3.9613E-06    9.8876E+00   -9.5893E+00    2.9640E+01    2.2400E-04
4.4732E+01  1.6293E-03 2.6713E+02    6.8593E-06    4.3261E-06    9.3848E+00   -9.2248E+00    2.9577E+01    2.2400E-04
4.3668E+01  1.8619E-03 2.6634E+02    6.8167E-06    4.6859E-06    8.7639E+00   -8.6762E+00    2.8940E+01    2.2400E-04
4.2620E+01  2.1249E-03 2.6495E+02    6.7721E-06    5.0189E-06    8.0651E+00   -8.0324E+00    2.7838E+01    2.2400E-04
4.1587E+01  2.4221E-03 2.6308E+02    6.7102E-06    5.3221E-06    7.3546E+00   -7.3631E+00    2.6410E+01    2.2400E-04
4.0573E+01  2.7573E-03 2.6088E+02    6.6393E-06    5.5788E-06    6.6699E+00   -6.7101E+00    2.4792E+01    2.2400E-04
3.9578E+01  3.1350E-03 2.5846E+02    6.5662E-06    5.7843E-06    6.0415E+00   -6.0968E+00    2.3097E+01    2.2400E-04
3.8603E+01  3.5600E-03 2.5589E+02    6.4781E-06    5.9536E-06    5.4905E+00   -5.5367E+00    2.1400E+01    2.2400E-04
3.7647E+01  4.0374E-03 2.5325E+02    6.3896E-06    6.0924E-06    5.0133E+00   -5.0381E+00    1.9744E+01    2.2400E-04
3.6711E+01  4.5731E-03 2.5054E+02    6.2960E-06    6.2040E-06    4.5970E+00   -4.6024E+00    1.8151E+01    2.2400E-04
3.5795E+01  5.1734E-03 2.4780E+02    6.2044E-06    6.2956E-06    4.2304E+00   -4.2210E+00    1.6634E+01    2.2400E-04
3.4898E+01  5.8451E-03 2.4504E+02    6.1047E-06    6.3682E-06    3.8997E+00   -3.8857E+00    1.5205E+01    2.2400E-04
3.4021E+01  6.5957E-03 2.4230E+02    6.0023E-06    6.4092E-06    3.5914E+00   -3.5826E+00    1.3874E+01    2.2400E-04
3.3163E+01  7.4332E-03 2.3961E+02    5.8994E-06    6.4282E-06    3.3034E+00   -3.2997E+00    1.2653E+01    2.2400E-04
3.2323E+01  8.3666E-03 2.3701E+02    5.7986E-06    6.3943E-06    3.0240E+00   -3.0281E+00    1.1551E+01    2.2400E-04
3.1501E+01  9.4054E-03 2.3455E+02    5.7000E-06    6.3100E-06    2.7551E+00   -2.7680E+00    1.0574E+01    2.2400E-04
3.0697E+01  1.0560E-02 2.3227E+02    5.6035E-06    6.1770E-06    2.4983E+00   -2.5501E+00    9.7260E+00    2.2400E-04
2.9909E+01  1.1841E-02 2.3020E+02    5.5020E-06    5.9739E-06    2.2511E+00   -2.2905E+00    8.9999E+00    2.2400E-04
2.9137E+01  1.3261E-02 2.2833E+02    5.4062E-06    5.7183E-06    2.0205E+00   -2.0483E+00    8.3821E+00    2.2400E-04
2.8379E+01  1.4832E-02 2.2666E+02    5.3153E-06    5.4304E-06    1.8116E+00   -1.8270E+00    7.8553E+00    2.2400E-04
2.7635E+01  1.6569E-02 2.2516E+02    5.2260E-06    5.1032E-06    1.6226E+00   -1.6281E+00    7.4020E+00    2.2400E-04
2.6904E+01  1.8485E-02 2.2378E+02    5.1383E-06    4.7452E-06    1.4537E+00   -1.4524E+00    7.0059E+00    2.2400E-04
2.6187E+01  2.0598E-02 2.2251E+02    5.0522E-06    4.3856E-06    1.3072E+00   -1.2999E+00    6.6535E+00    2.2400E-04
2.5481E+01  2.2923E-02 2.2131E+02    4.9675E-06    4.0176E-06    1.1787E+00   -1.1687E+00    6.3340E+00    2.2400E-04
2.4788E+01  2.5478E-02 2.2017E+02    4.8844E-06    3.6586E-06    1.0664E+00   -1.0554E+00    6.0395E+00    2.2400E-04
2.4107E+01  2.8282E-02 2.1906E+02    4.8026E-06    3.3059E-06    9.6583E-01   -9.5623E-01    5.7650E+00    2.2400E-04
2.3437E+01  3.1356E-02 2.1798E+02    4.7222E-06    2.9706E-06    8.7527E-01   -8.6733E-01    5.5076E+00    2.2400E-04
2.2779E+01  3.4719E-02 2.1694E+02    4.6528E-06    2.6624E-06    7.9321E-01   -7.8573E-01    5.2660E+00    2.2400E-04
2.2133E+01  3.8395E-02 2.1593E+02    4.5757E-06    2.3659E-06    7.1550E-01   -7.1035E-01    4.9683E+00    2.2400E-04
2.1497E+01  4.2407E-02 2.1497E+02    4.4994E-06    2.0906E-06    6.4261E-01   -6.4081E-01    4.6575E+00    2.2400E-04
2.0872E+01  4.6779E-02 2.1405E+02    4.4321E-06    1.8366E-06    5.7457E-01   -5.7694E-01    4.3796E+00    2.2400E-04
2.0259E+01  5.1536E-02 2.1321E+02    4.3609E-06    1.6125E-06    5.1248E-01   -5.1628E-01    4.1344E+00    2.2400E-04
1.9655E+01  5.6706E-02 2.1243E+02    4.3003E-06    1.3977E-06    4.5414E-01   -4.6121E-01    3.9214E+00    2.2400E-04
1.9062E+01  6.2316E-02 2.1175E+02    4.2410E-06    1.2068E-06    4.0173E-01   -4.0876E-01    3.7390E+00    2.2400E-04
1.8478E+01  6.8395E-02 2.1114E+02    4.1826E-06    1.0288E-06    3.5441E-01   -3.6051E-01    3.5850E+00    2.2400E-04
1.7904E+01  7.4972E-02 2.1062E+02    4.1252E-06    8.7228E-07    3.1338E-01   -3.1564E-01    3.4565E+00    2.2400E-04
1.7339E+01  8.2078E-02 2.1017E+02    4.0770E-06    7.3293E-07    2.7816E-01   -2.7649E-01    3.3503E+00    2.2400E-04
1.6783E+01  8.9744E-02 2.0980E+02    4.0326E-06    6.0860E-07    2.4798E-01   -2.4513E-01    3.2635E+00    2.2400E-04
1.6236E+01  9.8003E-02 2.0950E+02    3.9991E-06    4.9810E-07    2.2235E-01   -2.2291E-01    3.1939E+00    2.2400E-04
1.5698E+01  1.0689E-01 2.0925E+02    3.9668E-06    4.0208E-07    1.9967E-01   -1.7849E-01    3.1387E+00    2.2400E-04
1.5168E+01  1.1643E-01 2.0906E+02    3.9367E-06    3.2206E-07    1.8068E-01   -1.6395E-01    3.0967E+00    2.2400E-04
1.4647E+01  1.2666E-01 2.0893E+02    3.9158E-06    2.5548E-07    1.6504E-01   -1.5472E-01    3.0689E+00    2.2400E-04
1.4133E+01  1.3762E-01 2.0888E+02    3.8953E-06    2.0088E-07    1.5214E-01   -1.4928E-01    3.0584E+00    2.2400E-04
1.3628E+01  1.4934E-01 2.0893E+02    3.8775E-06    1.5572E-07    1.4148E-01   -1.4624E-01    3.0677E+00    2.2400E-04
1.3130E+01  1.6186E-01 2.0907E+02    3.8676E-06    1.2117E-07    1.3310E-01   -1.4257E-01    3.0998E+00    2.2400E-04
1.2639E+01  1.7520E-01 2.0932E+02    3.8622E-06    9.8023E-08    1.2698E-01   -1.3475E-01    3.1547E+00    2.2400E-04
1.2156E+01  1.8940E-01 2.0968E+02    3.9142E-06    8.2613E-08    1.2301E-01   -1.2797E-01    3.2364E+00    2.2400E-04
1.1680E+01  2.0450E-01 2.1012E+02    4.6439E-06    7.0494E-08    1.2299E-01   -1.3879E-01    3.3389E+00    2.2400E-04
1.1210E+01  2.2052E-01 2.1066E+02    5.2036E-06    6.1531E-08    1.2380E-01   -1.3278E-01    3.4671E+00    2.2400E-04
1.0747E+01  2.3750E-01 2.1123E+02    5.9207E-06    5.6380E-08    1.2396E-01   -1.1095E-01    3.6081E+00    2.2400E-04
1.0291E+01  2.5546E-01 2.1223E+02    6.8161E-06    5.3268E-08    1.2607E-01   -7.5855E-02    3.8664E+00    2.2400E-04
9.8397E+00  2.7444E-01 2.1349E+02    8.1299E-06    5.0691E-08    1.3104E-01   -1.2324E-01    4.2145E+00    2.2400E-04
9.3919E+00  2.9445E-01 2.1678E+02    1.2642E-05    4.8469E-08    1.5014E-01   -4.0215E-01    5.2293E+00    2.2400E-04
8.9444E+00  3.1552E-01 2.2112E+02    2.2146E-05    4.6256E-08    1.8728E-01   -8.1867E-01    6.2845E+00    2.2400E-04
8.4965E+00  3.3768E-01 2.2544E+02    3.7835E-05    4.4067E-08    2.3843E-01   -1.2449E+00    7.4853E+00    2.2400E-04
8.0485E+00  3.6094E-01 2.2971E+02    6.3006E-05    4.1916E-08    3.0073E-01   -1.6356E+00    8.8353E+00    2.2400E-04
7.6008E+00  3.8531E-01 2.3391E+02    1.0219E-04    3.9768E-08    3.6881E-01   -1.9391E+00    1.0334E+01    2.2400E-04
7.1540E+00  4.1081E-01 2.3802E+02    1.6128E-04    3.7647E-08    4.3993E-01   -2.1450E+00    1.1973E+01    2.2400E-04
6.7084E+00  4.3744E-01 2.4202E+02    2.4751E-04    3.5603E-08    5.1662E-01   -2.2791E+00    1.3742E+01    2.2400E-04
6.2647E+00  4.6522E-01 2.4587E+02    3.6914E-04    3.3566E-08    5.9450E-01   -2.3310E+00    1.5623E+01    2.2400E-04
5.8235E+00  4.9413E-01 2.4955E+02    5.3498E-04    3.1614E-08    6.5977E-01   -2.3347E+00    1.7593E+01    2.2400E-04
5.3852E+00  5.2418E-01 2.5306E+02    7.5383E-04    2.9679E-08    7.0590E-01   -2.3142E+00    1.9631E+01    2.2400E-04
4.9504E+00  5.5536E-01 2.5638E+02    1.0339E-03    2.7761E-08    7.3897E-01   -2.2947E+00    2.1714E+01    2.2400E-04
4.5198E+00  5.8766E-01 2.5951E+02    1.3823E-03    2.5912E-08    7.6555E-01   -2.2495E+00    2.3821E+01    2.2400E-04
4.0938E+00  6.2104E-01 2.6245E+02    1.8052E-03    2.4157E-08    7.8544E-01   -2.1845E+00    2.5936E+01    2.2400E-04
3.6730E+00  6.5550E-01 2.6521E+02    2.3074E-03    2.2497E-08    7.9586E-01   -2.1159E+00    2.8047E+01    2.2400E-04
3.2578E+00  6.9099E-01 2.6781E+02    2.8926E-03    2.0928E-08    7.9706E-01   -2.0193E+00    3.0143E+01    2.2400E-04
2.8486E+00  7.2750E-01 2.7026E+02    3.5635E-03    1.9524E-08    7.9210E-01   -1.8669E+00    3.2218E+01    2.2400E-04
2.4459E+00  7.6496E-01 2.7256E+02    4.3219E-03    1.8210E-08    7.8406E-01   -1.7185E+00    3.4266E+01    2.2400E-04
2.0498E+00  8.0334E-01 2.7494E+02    5.2484E-03    1.7026E-08    7.7954E-01   -1.6293E+00    3.6490E+01    2.2400E-04
1.6606E+00  8.4258E-01 2.7722E+02    6.1435E-03    1.5998E-08    7.5880E-01   -1.5385E+00    3.8716E+01    2.2400E-04
1.2785E+00  8.8263E-01 2.7941E+02    7.1816E-03    1.5161E-08    7.4323E-01   -1.5330E+00    4.0946E+01    2.2400E-04
9.0378E-01  9.2341E-01 2.8149E+02    8.2903E-03    1.4471E-08    7.3066E-01   -1.5994E+00    4.3147E+01    2.2400E-04
5.3680E-01  9.6487E-01 2.8347E+02    9.4097E-03    1.3897E-08    7.2485E-01   -1.7893E+00    4.5333E+01    2.2400E-04
1.7779E-01  1.0069E+00 2.8536E+02    1.0767E-02    1.3402E-08    7.4469E-01   -2.0432E+00    4.7494E+01    2.2400E-04
0.0000E+00  1.0283E+00 2.8630E+02    1.1447E-02    1.3500E-08    7.9030E+00   -3.5320E+00    4.8605E+01    2.2400E-04
