     ALT          P          T          FH2O           O3           THEAT        TCOOL        PSATCO2        FCO2
7.3809E+01  3.2610E-05 2.2693E+02    5.3890E-06    1.5570E-07    3.7738E+01   -7.8757E+01    7.9385E+00    2.2400E-04
7.2668E+01  3.8506E-05 2.2836E+02    5.5828E-06    1.9924E-07    5.5880E+00   -5.0113E+01    8.3891E+00    2.2400E-04
7.1529E+01  4.5410E-05 2.2985E+02    5.7507E-06    2.4843E-07    3.1734E+00   -3.1240E+01    8.8813E+00    2.2400E-04
7.0391E+01  5.3485E-05 2.3141E+02    5.9100E-06    2.9956E-07    3.1826E+00   -1.9592E+01    9.4214E+00    2.2400E-04
6.9255E+01  6.2917E-05 2.3305E+02    6.0493E-06    3.5269E-07    3.4177E+00   -1.2876E+01    1.0010E+01    2.2400E-04
6.8120E+01  7.3919E-05 2.3473E+02    6.1629E-06    4.0731E-07    3.6756E+00   -9.2881E+00    1.0646E+01    2.2400E-04
6.6986E+01  8.6735E-05 2.3646E+02    6.2763E-06    4.6753E-07    3.9612E+00   -7.4909E+00    1.1328E+01    2.2400E-04
6.5853E+01  1.0164E-04 2.3821E+02    6.3717E-06    5.3364E-07    4.2783E+00   -6.6696E+00    1.2051E+01    2.2400E-04
6.4721E+01  1.1897E-04 2.3997E+02    6.4617E-06    6.0793E-07    4.6480E+00   -6.3695E+00    1.2814E+01    2.2400E-04
6.3590E+01  1.3907E-04 2.4174E+02    6.5395E-06    6.9018E-07    5.0550E+00   -6.3278E+00    1.3613E+01    2.2400E-04
6.2460E+01  1.6236E-04 2.4350E+02    6.6073E-06    7.8098E-07    5.4971E+00   -6.4142E+00    1.4444E+01    2.2400E-04
6.1333E+01  1.8931E-04 2.4525E+02    6.6650E-06    8.8117E-07    5.9713E+00   -6.5655E+00    1.5307E+01    2.2400E-04
6.0206E+01  2.2046E-04 2.4698E+02    6.7217E-06    9.9054E-07    6.4681E+00   -6.7586E+00    1.6197E+01    2.2400E-04
5.9082E+01  2.5641E-04 2.4869E+02    6.7667E-06    1.1097E-06    6.9811E+00   -6.9763E+00    1.7116E+01    2.2400E-04
5.7960E+01  2.9785E-04 2.5039E+02    6.8116E-06    1.2444E-06    7.5183E+00   -7.2116E+00    1.8062E+01    2.2400E-04
5.6840E+01  3.4555E-04 2.5206E+02    6.8482E-06    1.3871E-06    8.0395E+00   -7.4403E+00    1.9036E+01    2.2400E-04
5.5722E+01  4.0038E-04 2.5373E+02    6.8805E-06    1.5538E-06    8.5813E+00   -7.6863E+00    2.0038E+01    2.2400E-04
5.4607E+01  4.6333E-04 2.5538E+02    6.9128E-06    1.7324E-06    9.0799E+00   -7.9385E+00    2.1070E+01    2.2400E-04
5.3495E+01  5.3550E-04 2.5702E+02    6.9351E-06    1.9352E-06    9.5498E+00   -8.1894E+00    2.2133E+01    2.2400E-04
5.2387E+01  6.1813E-04 2.5865E+02    6.9473E-06    2.1593E-06    9.9565E+00   -8.4311E+00    2.3227E+01    2.2400E-04
5.1281E+01  7.1262E-04 2.6026E+02    6.9600E-06    2.4124E-06    1.0291E+01   -8.6642E+00    2.4353E+01    2.2400E-04
5.0179E+01  8.2051E-04 2.6187E+02    6.9700E-06    2.6782E-06    1.0484E+01   -8.8886E+00    2.5513E+01    2.2400E-04
4.9080E+01  9.4355E-04 2.6349E+02    6.9700E-06    2.9736E-06    1.0561E+01   -9.1609E+00    2.6717E+01    2.2400E-04
4.7985E+01  1.0837E-03 2.6516E+02    6.9647E-06    3.2788E-06    1.0475E+01   -9.4967E+00    2.8005E+01    2.2400E-04
4.6893E+01  1.2430E-03 2.6650E+02    6.9529E-06    3.6064E-06    1.0249E+01   -9.6850E+00    2.9071E+01    2.2400E-04
4.5808E+01  1.4240E-03 2.6718E+02    6.9312E-06    3.9598E-06    9.8887E+00   -9.5876E+00    2.9622E+01    2.2400E-04
4.4733E+01  1.6293E-03 2.6711E+02    6.8993E-06    4.3258E-06    9.3890E+00   -9.2259E+00    2.9565E+01    2.2400E-04
4.3669E+01  1.8619E-03 2.6633E+02    6.8568E-06    4.6856E-06    8.7675E+00   -8.6785E+00    2.8932E+01    2.2400E-04
4.2620E+01  2.1249E-03 2.6494E+02    6.8048E-06    5.0186E-06    8.0679E+00   -8.0343E+00    2.7832E+01    2.2400E-04
4.1588E+01  2.4221E-03 2.6308E+02    6.7470E-06    5.3218E-06    7.3568E+00   -7.3661E+00    2.6405E+01    2.2400E-04
4.0574E+01  2.7573E-03 2.6088E+02    6.6759E-06    5.5785E-06    6.6721E+00   -6.7135E+00    2.4789E+01    2.2400E-04
3.9579E+01  3.1350E-03 2.5845E+02    6.5963E-06    5.7907E-06    6.0479E+00   -6.1004E+00    2.3094E+01    2.2400E-04
3.8603E+01  3.5600E-03 2.5589E+02    6.5182E-06    5.9605E-06    5.4959E+00   -5.5401E+00    2.1396E+01    2.2400E-04
3.7648E+01  4.0374E-03 2.5324E+02    6.4297E-06    6.0943E-06    5.0146E+00   -5.0397E+00    1.9738E+01    2.2400E-04
3.6712E+01  4.5731E-03 2.5053E+02    6.3361E-06    6.2038E-06    4.5969E+00   -4.6031E+00    1.8144E+01    2.2400E-04
3.5796E+01  5.1734E-03 2.4779E+02    6.2445E-06    6.2955E-06    4.2303E+00   -4.2212E+00    1.6626E+01    2.2400E-04
3.4899E+01  5.8451E-03 2.4503E+02    6.1448E-06    6.3681E-06    3.8996E+00   -3.8859E+00    1.5196E+01    2.2400E-04
3.4022E+01  6.5957E-03 2.4228E+02    6.0425E-06    6.4091E-06    3.5914E+00   -3.5828E+00    1.3866E+01    2.2400E-04
3.3164E+01  7.4332E-03 2.3959E+02    5.9395E-06    6.4283E-06    3.3035E+00   -3.3001E+00    1.2645E+01    2.2400E-04
3.2324E+01  8.3666E-03 2.3699E+02    5.8388E-06    6.3944E-06    3.0243E+00   -3.0287E+00    1.1544E+01    2.2400E-04
3.1503E+01  9.4054E-03 2.3453E+02    5.7402E-06    6.3152E-06    2.7566E+00   -2.7690E+00    1.0568E+01    2.2400E-04
3.0698E+01  1.0560E-02 2.3225E+02    5.6427E-06    6.1774E-06    2.4985E+00   -2.5509E+00    9.7202E+00    2.2400E-04
2.9910E+01  1.1841E-02 2.3018E+02    5.5391E-06    5.9744E-06    2.2514E+00   -2.2911E+00    8.9945E+00    2.2400E-04
2.9138E+01  1.3261E-02 2.2832E+02    5.4464E-06    5.7267E-06    2.0224E+00   -2.0491E+00    8.3770E+00    2.2400E-04
2.8380E+01  1.4832E-02 2.2665E+02    5.3555E-06    5.4311E-06    1.8119E+00   -1.8276E+00    7.8504E+00    2.2400E-04
2.7636E+01  1.6569E-02 2.2514E+02    5.2662E-06    5.1041E-06    1.6228E+00   -1.6285E+00    7.3972E+00    2.2400E-04
2.6906E+01  1.8485E-02 2.2377E+02    5.1785E-06    4.7462E-06    1.4539E+00   -1.4528E+00    7.0014E+00    2.2400E-04
2.6188E+01  2.0598E-02 2.2249E+02    5.0925E-06    4.3866E-06    1.3075E+00   -1.3002E+00    6.6492E+00    2.2400E-04
2.5483E+01  2.2923E-02 2.2130E+02    5.0078E-06    4.0186E-06    1.1790E+00   -1.1690E+00    6.3299E+00    2.2400E-04
2.4790E+01  2.5478E-02 2.2015E+02    4.9247E-06    3.6597E-06    1.0667E+00   -1.0558E+00    6.0358E+00    2.2400E-04
2.4109E+01  2.8282E-02 2.1905E+02    4.8429E-06    3.3069E-06    9.6616E-01   -9.5669E-01    5.7617E+00    2.2400E-04
2.3439E+01  3.1356E-02 2.1797E+02    4.7625E-06    2.9717E-06    8.7559E-01   -8.6781E-01    5.5047E+00    2.2400E-04
2.2781E+01  3.4719E-02 2.1693E+02    4.6836E-06    2.6634E-06    7.9347E-01   -7.8584E-01    5.2636E+00    2.2400E-04
2.2134E+01  3.8395E-02 2.1592E+02    4.6160E-06    2.3669E-06    7.1582E-01   -7.1095E-01    4.9653E+00    2.2400E-04
2.1499E+01  4.2407E-02 2.1496E+02    4.5397E-06    2.0916E-06    6.4293E-01   -6.4153E-01    4.6553E+00    2.2400E-04
2.0874E+01  4.6779E-02 2.1405E+02    4.4723E-06    1.8374E-06    5.7488E-01   -5.7774E-01    4.3781E+00    2.2400E-04
2.0260E+01  5.1536E-02 2.1320E+02    4.4011E-06    1.6133E-06    5.1277E-01   -5.1719E-01    4.1337E+00    2.2400E-04
1.9657E+01  5.6706E-02 2.1244E+02    4.3387E-06    1.3984E-06    4.5441E-01   -4.6209E-01    3.9215E+00    2.2400E-04
1.9063E+01  6.2316E-02 2.1175E+02    4.2712E-06    1.2075E-06    4.0196E-01   -4.0936E-01    3.7400E+00    2.2400E-04
1.8480E+01  6.8395E-02 2.1115E+02    4.2183E-06    1.0295E-06    3.5465E-01   -3.6145E-01    3.5868E+00    2.2400E-04
1.7906E+01  7.4972E-02 2.1063E+02    4.1654E-06    8.7282E-07    3.1363E-01   -3.1693E-01    3.4592E+00    2.2400E-04
1.7341E+01  8.2078E-02 2.1019E+02    4.1172E-06    7.3341E-07    2.7840E-01   -2.7792E-01    3.3540E+00    2.2400E-04
1.6785E+01  8.9744E-02 2.0982E+02    4.0727E-06    6.0902E-07    2.4821E-01   -2.4668E-01    3.2683E+00    2.2400E-04
1.6238E+01  9.8003E-02 2.0952E+02    4.0390E-06    4.9848E-07    2.2256E-01   -2.2448E-01    3.1998E+00    2.2400E-04
1.5700E+01  1.0689E-01 2.0928E+02    3.9980E-06    4.0239E-07    1.9983E-01   -1.7979E-01    3.1457E+00    2.2400E-04
1.5170E+01  1.1643E-01 2.0910E+02    3.9768E-06    3.2231E-07    1.8086E-01   -1.6579E-01    3.1048E+00    2.2400E-04
1.4648E+01  1.2666E-01 2.0898E+02    3.9559E-06    2.5567E-07    1.6522E-01   -1.5679E-01    3.0784E+00    2.2400E-04
1.4135E+01  1.3762E-01 2.0893E+02    3.9353E-06    2.0103E-07    1.5232E-01   -1.5093E-01    3.0681E+00    2.2400E-04
1.3629E+01  1.4934E-01 2.0898E+02    3.9176E-06    1.5583E-07    1.4164E-01   -1.4796E-01    3.0785E+00    2.2400E-04
1.3131E+01  1.6186E-01 2.0913E+02    3.9076E-06    1.2123E-07    1.3325E-01   -1.4457E-01    3.1113E+00    2.2400E-04
1.2640E+01  1.7520E-01 2.0938E+02    3.9022E-06    9.8059E-08    1.2713E-01   -1.3721E-01    3.1684E+00    2.2400E-04
1.2157E+01  1.8940E-01 2.0973E+02    3.9521E-06    8.2636E-08    1.2315E-01   -1.2810E-01    3.2464E+00    2.2400E-04
1.1680E+01  2.0450E-01 2.1019E+02    4.6800E-06    7.0509E-08    1.2298E-01   -1.3821E-01    3.3540E+00    2.2400E-04
1.1211E+01  2.2052E-01 2.1069E+02    5.4609E-06    6.1537E-08    1.2296E-01   -1.2939E-01    3.4751E+00    2.2400E-04
1.0748E+01  2.3750E-01 2.1132E+02    5.9764E-06    5.6383E-08    1.2417E-01   -1.1266E-01    3.6295E+00    2.2400E-04
1.0291E+01  2.5546E-01 2.1226E+02    6.8402E-06    5.3270E-08    1.2617E-01   -7.7906E-02    3.8733E+00    2.2400E-04
9.8399E+00  2.7444E-01 2.1356E+02    8.2079E-06    5.0692E-08    1.3131E-01   -1.2641E-01    4.2349E+00    2.2400E-04
9.3921E+00  2.9445E-01 2.1678E+02    1.2650E-05    4.8470E-08    1.5008E-01   -3.9887E-01    5.2303E+00    2.2400E-04
8.9446E+00  3.1552E-01 2.2113E+02    2.2159E-05    4.6257E-08    1.8717E-01   -8.1632E-01    6.2857E+00    2.2400E-04
8.4966E+00  3.3768E-01 2.2544E+02    3.7857E-05    4.4067E-08    2.3833E-01   -1.2432E+00    7.4867E+00    2.2400E-04
8.0486E+00  3.6094E-01 2.2971E+02    6.3040E-05    4.1916E-08    3.0064E-01   -1.6344E+00    8.8369E+00    2.2400E-04
7.6009E+00  3.8531E-01 2.3392E+02    1.0224E-04    3.9769E-08    3.6875E-01   -1.9383E+00    1.0335E+01    2.2400E-04
7.1541E+00  4.1081E-01 2.3803E+02    1.6136E-04    3.7647E-08    4.3991E-01   -2.1446E+00    1.1975E+01    2.2400E-04
6.7085E+00  4.3744E-01 2.4202E+02    2.4762E-04    3.5603E-08    5.1663E-01   -2.2789E+00    1.3744E+01    2.2400E-04
6.2648E+00  4.6522E-01 2.4587E+02    3.6929E-04    3.3566E-08    5.9453E-01   -2.3308E+00    1.5625E+01    2.2400E-04
5.8235E+00  4.9413E-01 2.4956E+02    5.3519E-04    3.1614E-08    6.5980E-01   -2.3346E+00    1.7596E+01    2.2400E-04
5.3853E+00  5.2419E-01 2.5306E+02    7.5410E-04    2.9679E-08    7.0592E-01   -2.3141E+00    1.9633E+01    2.2400E-04
4.9505E+00  5.5536E-01 2.5638E+02    1.0342E-03    2.7761E-08    7.3899E-01   -2.2946E+00    2.1716E+01    2.2400E-04
4.5199E+00  5.8766E-01 2.5951E+02    1.3828E-03    2.5912E-08    7.6557E-01   -2.2494E+00    2.3823E+01    2.2400E-04
4.0939E+00  6.2104E-01 2.6245E+02    1.8058E-03    2.4157E-08    7.8547E-01   -2.1845E+00    2.5939E+01    2.2400E-04
3.6731E+00  6.5550E-01 2.6522E+02    2.3081E-03    2.2497E-08    7.9589E-01   -2.1159E+00    2.8050E+01    2.2400E-04
3.2578E+00  6.9100E-01 2.6782E+02    2.8934E-03    2.0928E-08    7.9708E-01   -2.0193E+00    3.0146E+01    2.2400E-04
2.8487E+00  7.2750E-01 2.7026E+02    3.5645E-03    1.9524E-08    7.9213E-01   -1.8669E+00    3.2221E+01    2.2400E-04
2.4459E+00  7.6496E-01 2.7256E+02    4.3231E-03    1.8210E-08    7.8409E-01   -1.7184E+00    3.4269E+01    2.2400E-04
2.0499E+00  8.0334E-01 2.7495E+02    5.2497E-03    1.7026E-08    7.7956E-01   -1.6292E+00    3.6494E+01    2.2400E-04
1.6606E+00  8.4258E-01 2.7723E+02    6.1449E-03    1.5998E-08    7.5881E-01   -1.5386E+00    3.8720E+01    2.2400E-04
1.2785E+00  8.8263E-01 2.7942E+02    7.1837E-03    1.5161E-08    7.4326E-01   -1.5332E+00    4.0950E+01    2.2400E-04
9.0380E-01  9.2341E-01 2.8149E+02    8.2924E-03    1.4471E-08    7.3067E-01   -1.5997E+00    4.3151E+01    2.2400E-04
5.3681E-01  9.6487E-01 2.8347E+02    9.4126E-03    1.3897E-08    7.2490E-01   -1.7897E+00    4.5338E+01    2.2400E-04
1.7779E-01  1.0069E+00 2.8536E+02    1.0770E-02    1.3402E-08    7.4472E-01   -2.0435E+00    4.7499E+01    2.2400E-04
0.0000E+00  1.0283E+00 2.8630E+02    1.1450E-02    1.3500E-08    7.9028E+00   -3.5317E+00    4.8609E+01    2.2400E-04
