     ALT          P          T          FH2O           O3           THEAT        TCOOL        PSATCO2        FCO2
6.8751E+01  3.2610E-05 2.1059E+02    1.1728E-05    5.9556E-07    4.0442E+01   -5.9202E+01    3.4489E+00    2.2500E-04
6.7691E+01  3.8507E-05 2.1192E+02    1.1828E-05    6.5922E-07    8.3831E+00   -3.9698E+01    3.7856E+00    2.2500E-04
6.6634E+01  4.5413E-05 2.1332E+02    1.1927E-05    7.2661E-07    6.0243E+00   -2.6297E+01    4.1661E+00    2.2500E-04
6.5577E+01  5.3490E-05 2.1477E+02    1.2024E-05    7.9785E-07    6.1232E+00   -1.7679E+01    4.5979E+00    2.2500E-04
6.4522E+01  6.2924E-05 2.1628E+02    1.2100E-05    8.7282E-07    6.4583E+00   -1.2474E+01    5.0852E+00    2.2500E-04
6.3468E+01  7.3929E-05 2.1783E+02    1.2200E-05    9.5074E-07    6.8181E+00   -9.4973E+00    5.4710E+00    2.2500E-04
6.2415E+01  8.6749E-05 2.1940E+02    1.2206E-05    1.0331E-06    7.1891E+00   -7.8250E+00    5.8495E+00    2.2500E-04
6.1363E+01  1.0166E-04 2.2100E+02    1.2300E-05    1.1189E-06    7.5701E+00   -6.9284E+00    6.2520E+00    2.2500E-04
6.0312E+01  1.1899E-04 2.2260E+02    1.2386E-05    1.2131E-06    7.9832E+00   -6.4647E+00    6.6770E+00    2.2500E-04
5.9262E+01  1.3910E-04 2.2419E+02    1.2400E-05    1.3069E-06    8.3773E+00   -6.1966E+00    7.1233E+00    2.2500E-04
5.8214E+01  1.6240E-04 2.2579E+02    1.2460E-05    1.4100E-06    8.7853E+00   -6.0555E+00    7.5894E+00    2.2500E-04
5.7167E+01  1.8936E-04 2.2737E+02    1.2500E-05    1.5166E-06    9.1756E+00   -5.9728E+00    8.0744E+00    2.2500E-04
5.6122E+01  2.2053E-04 2.2893E+02    1.2500E-05    1.6265E-06    9.5370E+00   -5.9250E+00    8.5773E+00    2.2500E-04
5.5079E+01  2.5650E-04 2.3048E+02    1.2600E-05    1.7482E-06    9.9115E+00   -5.9345E+00    9.0974E+00    2.2500E-04
5.4038E+01  2.9795E-04 2.3201E+02    1.2600E-05    1.9190E-06    1.0423E+01   -5.9637E+00    9.6345E+00    2.2500E-04
5.3000E+01  3.4568E-04 2.3353E+02    1.2600E-05    2.1203E-06    1.0970E+01   -6.0287E+00    1.0189E+01    2.2500E-04
5.1964E+01  4.0054E-04 2.3503E+02    1.2600E-05    2.3367E-06    1.1456E+01   -6.1250E+00    1.0760E+01    2.2500E-04
5.0930E+01  4.6352E-04 2.3651E+02    1.2600E-05    2.5785E-06    1.1892E+01   -6.2532E+00    1.1348E+01    2.2500E-04
4.9899E+01  5.3574E-04 2.3798E+02    1.2600E-05    2.8672E-06    1.2330E+01   -6.4203E+00    1.1954E+01    2.2500E-04
4.8872E+01  6.1842E-04 2.3944E+02    1.2600E-05    3.2444E-06    1.2831E+01   -6.6364E+00    1.2579E+01    2.2500E-04
4.7847E+01  7.1296E-04 2.4088E+02    1.2600E-05    3.6641E-06    1.3193E+01   -6.9521E+00    1.3222E+01    2.2500E-04
4.6826E+01  8.2092E-04 2.4244E+02    1.2600E-05    4.1222E-06    1.3341E+01   -7.3541E+00    1.3938E+01    2.2500E-04
4.5808E+01  9.4404E-04 2.4373E+02    1.2600E-05    4.5800E-06    1.3171E+01   -7.5778E+00    1.4557E+01    2.2500E-04
4.4796E+01  1.0843E-03 2.4413E+02    1.2500E-05    5.0307E-06    1.2703E+01   -7.4273E+00    1.4754E+01    2.2500E-04
4.3794E+01  1.2437E-03 2.4338E+02    1.2500E-05    5.4552E-06    1.1971E+01   -6.8927E+00    1.4388E+01    2.2500E-04
4.2807E+01  1.4249E-03 2.4157E+02    1.2435E-05    5.8255E-06    1.1029E+01   -6.0771E+00    1.3534E+01    2.2500E-04
4.1838E+01  1.6303E-03 2.3896E+02    1.2400E-05    6.1440E-06    1.0002E+01   -5.1742E+00    1.2372E+01    2.2500E-04
4.0891E+01  1.8630E-03 2.3587E+02    1.2314E-05    6.3985E-06    8.9758E+00   -4.3265E+00    1.1094E+01    2.2500E-04
3.9964E+01  2.1263E-03 2.3259E+02    1.2300E-05    6.5981E-06    8.0281E+00   -3.6222E+00    9.8448E+00    2.2500E-04
3.9060E+01  2.4237E-03 2.2935E+02    1.2200E-05    6.7604E-06    7.1984E+00   -3.0782E+00    8.7147E+00    2.2500E-04
3.8177E+01  2.7592E-03 2.2629E+02    1.2144E-05    6.8787E-06    6.4823E+00   -2.6796E+00    7.7409E+00    2.2500E-04
3.7314E+01  3.1372E-03 2.2350E+02    1.2091E-05    6.9645E-06    5.8724E+00   -2.3905E+00    6.9260E+00    2.2500E-04
3.6470E+01  3.5625E-03 2.2100E+02    1.2000E-05    7.0282E-06    5.3529E+00   -2.1754E+00    6.2520E+00    2.2500E-04
3.5643E+01  4.0404E-03 2.1876E+02    1.1900E-05    7.0722E-06    4.9022E+00   -2.0096E+00    5.6918E+00    2.2500E-04
3.4833E+01  4.5766E-03 2.1673E+02    1.1840E-05    7.0900E-06    4.4996E+00   -1.8786E+00    5.2183E+00    2.2500E-04
3.4038E+01  5.1774E-03 2.1486E+02    1.1793E-05    7.0670E-06    4.1268E+00   -1.7712E+00    4.6247E+00    2.2500E-04
3.3258E+01  5.8497E-03 2.1311E+02    1.1647E-05    6.9927E-06    3.7741E+00   -1.6759E+00    4.1063E+00    2.2500E-04
3.2493E+01  6.6010E-03 2.1145E+02    1.1600E-05    6.8626E-06    3.4383E+00   -1.5920E+00    3.6634E+00    2.2500E-04
3.1741E+01  7.4394E-03 2.0990E+02    1.1500E-05    6.6413E-06    3.1101E+00   -1.5118E+00    3.2858E+00    2.2500E-04
3.1003E+01  8.3737E-03 2.0847E+02    1.1419E-05    6.3852E-06    2.8067E+00   -1.4357E+00    2.9683E+00    2.2500E-04
3.0278E+01  9.4135E-03 2.0719E+02    1.1379E-05    6.0813E-06    2.5245E+00   -1.3641E+00    2.7071E+00    2.2500E-04
2.9564E+01  1.0569E-02 2.0608E+02    1.1241E-05    5.7634E-06    2.2678E+00   -1.2803E+00    2.4969E+00    2.2500E-04
2.8862E+01  1.1852E-02 2.0514E+02    1.1200E-05    5.4311E-06    2.0344E+00   -1.1756E+00    2.3302E+00    2.2500E-04
2.8171E+01  1.3273E-02 2.0435E+02    1.1100E-05    5.0793E-06    1.8207E+00   -1.0754E+00    2.1988E+00    2.2500E-04
2.7490E+01  1.4846E-02 2.0371E+02    1.1036E-05    4.7320E-06    1.6303E+00   -9.8234E-01    2.0954E+00    2.2500E-04
2.6819E+01  1.6584E-02 2.0318E+02    1.0904E-05    4.3806E-06    1.4598E+00   -8.9518E-01    2.0134E+00    2.2500E-04
2.6157E+01  1.8503E-02 2.0274E+02    1.0874E-05    4.0270E-06    1.3093E+00   -8.1938E-01    1.9478E+00    2.2500E-04
2.5504E+01  2.0618E-02 2.0237E+02    1.0800E-05    3.6840E-06    1.1787E+00   -7.5189E-01    1.8944E+00    2.2500E-04
2.4861E+01  2.2946E-02 2.0206E+02    1.0717E-05    3.3537E-06    1.0659E+00   -6.9366E-01    1.8497E+00    2.2500E-04
2.4225E+01  2.5504E-02 2.0178E+02    1.0600E-05    3.0388E-06    9.6823E-01   -6.4398E-01    1.8112E+00    2.2500E-04
2.3598E+01  2.8311E-02 2.0153E+02    1.0567E-05    2.7423E-06    8.8311E-01   -6.0432E-01    1.7767E+00    2.2500E-04
2.2980E+01  3.1388E-02 2.0130E+02    1.0500E-05    2.4652E-06    8.0692E-01   -5.6970E-01    1.7451E+00    2.2500E-04
2.2370E+01  3.4756E-02 2.0108E+02    1.0423E-05    2.2068E-06    7.3698E-01   -5.3852E-01    1.7156E+00    2.2500E-04
2.1768E+01  3.8437E-02 2.0087E+02    1.0303E-05    1.9664E-06    6.7136E-01   -5.0884E-01    1.6879E+00    2.2500E-04
2.1175E+01  4.2453E-02 2.0067E+02    1.0285E-05    1.7436E-06    6.0966E-01   -4.8293E-01    1.6621E+00    2.2500E-04
2.0590E+01  4.6831E-02 2.0048E+02    1.0200E-05    1.5442E-06    5.5176E-01   -4.5482E-01    1.6387E+00    2.2500E-04
2.0013E+01  5.1594E-02 2.0032E+02    1.0153E-05    1.3577E-06    4.9672E-01   -4.2748E-01    1.6183E+00    2.2500E-04
1.9444E+01  5.6771E-02 2.0019E+02    1.0100E-05    1.1871E-06    4.4523E-01   -3.9895E-01    1.6015E+00    2.2500E-04
1.8882E+01  6.2388E-02 2.0009E+02    1.0027E-05    1.0273E-06    3.9729E-01   -3.6940E-01    1.5892E+00    2.2500E-04
1.8329E+01  6.8475E-02 2.0003E+02    9.9584E-06    8.8409E-07    3.5438E-01   -3.3834E-01    1.5818E+00    2.2500E-04
1.7784E+01  7.5061E-02 2.0001E+02    9.9038E-06    7.5629E-07    3.1684E-01   -3.0647E-01    1.5793E+00    2.2500E-04
1.7245E+01  8.2176E-02 2.0002E+02    9.8500E-06    6.4204E-07    2.8440E-01   -2.7468E-01    1.5810E+00    2.2500E-04
1.6715E+01  8.9853E-02 2.0006E+02    9.8076E-06    5.3916E-07    2.5663E-01   -2.4472E-01    1.5857E+00    2.2500E-04
1.6192E+01  9.8123E-02 2.0011E+02    9.7657E-06    4.4701E-07    2.3309E-01   -2.1652E-01    1.5921E+00    2.2500E-04
1.5676E+01  1.0702E-01 2.0016E+02    9.7259E-06    3.6773E-07    2.1219E-01   -1.4966E-01    1.5987E+00    2.2500E-04
1.5168E+01  1.1657E-01 2.0022E+02    9.6970E-06    2.9938E-07    1.9451E-01   -1.1998E-01    1.6057E+00    2.2500E-04
1.4667E+01  1.2682E-01 2.0031E+02    9.6754E-06    2.4264E-07    1.8000E-01   -9.2955E-02    1.6169E+00    2.2500E-04
1.4174E+01  1.3780E-01 2.0047E+02    9.6486E-06    1.9445E-07    1.6785E-01   -6.8485E-02    1.6373E+00    2.2500E-04
1.3687E+01  1.4954E-01 2.0074E+02    9.6378E-06    1.5380E-07    1.5772E-01   -4.3270E-02    1.6717E+00    2.2500E-04
1.3207E+01  1.6207E-01 2.0114E+02    9.6194E-06    1.2132E-07    1.4758E-01   -1.7902E-04    1.7236E+00    2.2500E-04
1.2734E+01  1.7543E-01 2.0163E+02    4.7320E-06    9.8655E-08    1.2363E-01    9.7792E-02    1.7897E+00    2.2500E-04
1.2268E+01  1.8966E-01 2.0214E+02    1.5627E-06    8.3582E-08    1.0722E-01    1.8281E-01    1.8614E+00    2.2500E-04
1.1807E+01  2.0477E-01 2.0280E+02    1.7363E-06    7.1556E-08    1.0395E-01    2.1245E-01    1.9564E+00    2.2500E-04
1.1351E+01  2.2082E-01 2.0490E+02    2.3882E-06    6.2430E-08    1.0454E-01    1.2194E-01    2.2904E+00    2.2500E-04
1.0896E+01  2.3782E-01 2.0872E+02    4.1582E-06    5.6475E-08    1.1068E-01   -3.0057E-02    3.0226E+00    2.2500E-04
1.0441E+01  2.5581E-01 2.1235E+02    6.9165E-06    5.2728E-08    1.2191E-01   -1.8406E-01    3.8983E+00    2.2500E-04
9.9864E+00  2.7482E-01 2.1621E+02    1.1648E-05    5.0003E-08    1.4150E-01   -4.4046E-01    5.0600E+00    2.2500E-04
9.5308E+00  2.9486E-01 2.2063E+02    2.0676E-05    4.7609E-08    1.7605E-01   -8.2880E-01    6.1569E+00    2.2500E-04
9.0745E+00  3.1596E-01 2.2502E+02    3.5762E-05    4.5378E-08    2.2591E-01   -1.2575E+00    7.3628E+00    2.2500E-04
8.6177E+00  3.3815E-01 2.2937E+02    6.0235E-05    4.3267E-08    2.8935E-01   -1.6728E+00    8.7227E+00    2.2500E-04
8.1609E+00  3.6145E-01 2.3365E+02    9.8711E-05    4.1172E-08    3.6076E-01   -2.0127E+00    1.0236E+01    2.2500E-04
7.7047E+00  3.8586E-01 2.3784E+02    1.5723E-04    3.9157E-08    4.3558E-01   -2.2457E+00    1.1894E+01    2.2500E-04
7.2494E+00  4.1140E-01 2.4190E+02    2.4320E-04    3.7147E-08    5.1541E-01   -2.3974E+00    1.3685E+01    2.2500E-04
6.7958E+00  4.3808E-01 2.4580E+02    3.6509E-04    3.5136E-08    5.9778E-01   -2.4620E+00    1.5590E+01    2.2500E-04
6.3444E+00  4.6590E-01 2.4954E+02    5.3190E-04    3.3217E-08    6.6887E-01   -2.4645E+00    1.7585E+01    2.2500E-04
5.8957E+00  4.9486E-01 2.5308E+02    7.5254E-04    3.1322E-08    7.1924E-01   -2.4356E+00    1.9646E+01    2.2500E-04
5.4504E+00  5.2496E-01 2.5643E+02    1.0353E-03    2.9442E-08    7.5386E-01   -2.4098E+00    2.1750E+01    2.2500E-04
5.0091E+00  5.5619E-01 2.5959E+02    1.3873E-03    2.7630E-08    7.8087E-01   -2.3611E+00    2.3877E+01    2.2500E-04
4.5722E+00  5.8853E-01 2.6255E+02    1.8147E-03    2.5878E-08    8.0144E-01   -2.2874E+00    2.6010E+01    2.2500E-04
4.1404E+00  6.2197E-01 2.6533E+02    2.3225E-03    2.4174E-08    8.1256E-01   -2.2112E+00    2.8136E+01    2.2500E-04
3.7141E+00  6.5649E-01 2.6794E+02    2.9145E-03    2.2559E-08    8.1373E-01   -2.1127E+00    3.0248E+01    2.2500E-04
3.2938E+00  6.9204E-01 2.7039E+02    3.5936E-03    2.0958E-08    8.0790E-01   -1.9564E+00    3.2337E+01    2.2500E-04
2.8798E+00  7.2861E-01 2.7271E+02    4.3619E-03    1.9525E-08    7.9856E-01   -1.7988E+00    3.4401E+01    2.2500E-04
2.4724E+00  7.6613E-01 2.7511E+02    5.2973E-03    1.8249E-08    7.9213E-01   -1.6945E+00    3.6648E+01    2.2500E-04
2.0717E+00  8.0458E-01 2.7741E+02    6.1983E-03    1.7122E-08    7.6870E-01   -1.5820E+00    3.8901E+01    2.2500E-04
1.6780E+00  8.4389E-01 2.7962E+02    7.2712E-03    1.6119E-08    7.5135E-01   -1.5560E+00    4.1161E+01    2.2500E-04
1.2917E+00  8.8400E-01 2.8171E+02    8.3891E-03    1.5194E-08    7.3298E-01   -1.5884E+00    4.3394E+01    2.2500E-04
9.1304E-01  9.2486E-01 2.8372E+02    9.5667E-03    1.4486E-08    7.2088E-01   -1.6967E+00    4.5619E+01    2.2500E-04
5.4223E-01  9.6638E-01 2.8563E+02    1.0939E-02    1.3861E-08    7.2583E-01   -1.9457E+00    4.7818E+01    2.2500E-04
1.7956E-01  1.0085E+00 2.8745E+02    1.2247E-02    1.3291E-08    7.3959E-01   -2.1730E+00    4.9987E+01    2.2500E-04
0.0000E+00  1.0299E+00 2.8837E+02    1.2960E-02    1.3400E-08    7.8352E+00   -3.3626E+00    5.1111E+01    2.2500E-04
