     ALT          P          T          FH2O           O3           THEAT        TCOOL        PSATCO2        FCO2
7.3819E+01  3.2610E-05 2.2704E+02    5.2671E-06    1.5645E-07    3.7740E+01   -7.8855E+01    7.9721E+00    2.2400E-04
7.2677E+01  3.8506E-05 2.2846E+02    5.4612E-06    2.0083E-07    5.5934E+00   -5.0122E+01    8.4246E+00    2.2400E-04
7.1537E+01  4.5410E-05 2.2996E+02    5.6293E-06    2.5002E-07    3.1799E+00   -3.1217E+01    8.9188E+00    2.2400E-04
7.0399E+01  5.3485E-05 2.3152E+02    5.7818E-06    3.0185E-07    3.1921E+00   -1.9528E+01    9.4609E+00    2.2400E-04
6.9262E+01  6.2917E-05 2.3316E+02    5.9086E-06    3.5432E-07    3.4245E+00   -1.2812E+01    1.0052E+01    2.2400E-04
6.8127E+01  7.3919E-05 2.3485E+02    6.0321E-06    4.0994E-07    3.6870E+00   -9.2271E+00    1.0690E+01    2.2400E-04
6.6992E+01  8.6735E-05 2.3657E+02    6.1405E-06    4.7015E-07    3.9733E+00   -7.4359E+00    1.1374E+01    2.2400E-04
6.5858E+01  1.0165E-04 2.3832E+02    6.2312E-06    5.3703E-07    4.2939E+00   -6.6129E+00    1.2100E+01    2.2400E-04
6.4726E+01  1.1897E-04 2.4009E+02    6.3214E-06    6.1156E-07    4.6649E+00   -6.3205E+00    1.2865E+01    2.2400E-04
6.3595E+01  1.3907E-04 2.4185E+02    6.3892E-06    6.9381E-07    5.0720E+00   -6.2814E+00    1.3666E+01    2.2400E-04
6.2465E+01  1.6236E-04 2.4361E+02    6.4571E-06    7.8562E-07    5.5184E+00   -6.3754E+00    1.4500E+01    2.2400E-04
6.1336E+01  1.8931E-04 2.4536E+02    6.5248E-06    8.8584E-07    5.9926E+00   -6.5393E+00    1.5365E+01    2.2400E-04
6.0209E+01  2.2046E-04 2.4709E+02    6.5716E-06    9.9485E-07    6.4879E+00   -6.7359E+00    1.6259E+01    2.2400E-04
5.9084E+01  2.5641E-04 2.4881E+02    6.6233E-06    1.1163E-06    7.0068E+00   -6.9637E+00    1.7180E+01    2.2400E-04
5.7962E+01  2.9785E-04 2.5050E+02    6.6615E-06    1.2442E-06    7.5187E+00   -7.1995E+00    1.8129E+01    2.2400E-04
5.6841E+01  3.4555E-04 2.5218E+02    6.6982E-06    1.3970E-06    8.0747E+00   -7.4391E+00    1.9105E+01    2.2400E-04
5.5723E+01  4.0038E-04 2.5385E+02    6.7305E-06    1.5542E-06    8.5811E+00   -7.6883E+00    2.0110E+01    2.2400E-04
5.4608E+01  4.6333E-04 2.5550E+02    6.7628E-06    1.7352E-06    9.0851E+00   -7.9474E+00    2.1145E+01    2.2400E-04
5.3495E+01  5.3550E-04 2.5714E+02    6.7800E-06    1.9404E-06    9.5624E+00   -8.2037E+00    2.2211E+01    2.2400E-04
5.2386E+01  6.1814E-04 2.5876E+02    6.7973E-06    2.1625E-06    9.9604E+00   -8.4511E+00    2.3308E+01    2.2400E-04
5.1280E+01  7.1262E-04 2.6038E+02    6.8100E-06    2.4135E-06    1.0289E+01   -8.6882E+00    2.4438E+01    2.2400E-04
5.0177E+01  8.2052E-04 2.6200E+02    6.8200E-06    2.6888E-06    1.0506E+01   -8.9219E+00    2.5601E+01    2.2400E-04
4.9078E+01  9.4355E-04 2.6362E+02    6.8200E-06    2.9778E-06    1.0565E+01   -9.1943E+00    2.6812E+01    2.2400E-04
4.7982E+01  1.0837E-03 2.6528E+02    6.8100E-06    3.2847E-06    1.0480E+01   -9.5238E+00    2.8096E+01    2.2400E-04
4.6890E+01  1.2430E-03 2.6660E+02    6.8000E-06    3.6149E-06    1.0257E+01   -9.7028E+00    2.9148E+01    2.2400E-04
4.5805E+01  1.4240E-03 2.6725E+02    6.7721E-06    3.9626E-06    9.8829E+00   -9.5927E+00    2.9683E+01    2.2400E-04
4.4729E+01  1.6293E-03 2.6717E+02    6.7395E-06    4.3276E-06    9.3807E+00   -9.2244E+00    2.9612E+01    2.2400E-04
4.3665E+01  1.8619E-03 2.6638E+02    6.6965E-06    4.6873E-06    8.7602E+00   -8.6742E+00    2.8970E+01    2.2400E-04
4.2616E+01  2.1249E-03 2.6498E+02    6.6519E-06    5.0202E-06    8.0620E+00   -8.0301E+00    2.7865E+01    2.2400E-04
4.1584E+01  2.4221E-03 2.6312E+02    6.5899E-06    5.3233E-06    7.3519E+00   -7.3610E+00    2.6435E+01    2.2400E-04
4.0570E+01  2.7574E-03 2.6092E+02    6.5154E-06    5.5799E-06    6.6676E+00   -6.7080E+00    2.4818E+01    2.2400E-04
3.9574E+01  3.1351E-03 2.5849E+02    6.4458E-06    5.7853E-06    6.0396E+00   -6.0953E+00    2.3123E+01    2.2400E-04
3.8599E+01  3.5600E-03 2.5593E+02    6.3577E-06    5.9544E-06    5.4889E+00   -5.5355E+00    2.1426E+01    2.2400E-04
3.7643E+01  4.0375E-03 2.5329E+02    6.2690E-06    6.0931E-06    5.0119E+00   -5.0369E+00    1.9769E+01    2.2400E-04
3.6707E+01  4.5732E-03 2.5058E+02    6.1754E-06    6.2045E-06    4.5958E+00   -4.6010E+00    1.8175E+01    2.2400E-04
3.5790E+01  5.1734E-03 2.4784E+02    6.0838E-06    6.2962E-06    4.2291E+00   -4.2193E+00    1.6657E+01    2.2400E-04
3.4893E+01  5.8451E-03 2.4509E+02    5.9841E-06    6.3615E-06    3.8957E+00   -3.8831E+00    1.5226E+01    2.2400E-04
3.4016E+01  6.5957E-03 2.4234E+02    5.8816E-06    6.4047E-06    3.5884E+00   -3.5799E+00    1.3894E+01    2.2400E-04
3.3158E+01  7.4333E-03 2.3965E+02    5.7786E-06    6.4181E-06    3.2991E+00   -3.2967E+00    1.2672E+01    2.2400E-04
3.2318E+01  8.3667E-03 2.3705E+02    5.6779E-06    6.3839E-06    3.0202E+00   -3.0251E+00    1.1568E+01    2.2400E-04
3.1496E+01  9.4054E-03 2.3459E+02    5.5792E-06    6.3041E-06    2.7528E+00   -2.7654E+00    1.0590E+01    2.2400E-04
3.0692E+01  1.0560E-02 2.3231E+02    5.4815E-06    6.1654E-06    2.4949E+00   -2.5475E+00    9.7407E+00    2.2400E-04
2.9904E+01  1.1841E-02 2.3024E+02    5.3781E-06    5.9620E-06    2.2480E+00   -2.2879E+00    9.0132E+00    2.2400E-04
2.9131E+01  1.3261E-02 2.2837E+02    5.2854E-06    5.7133E-06    2.0190E+00   -2.0462E+00    8.3942E+00    2.2400E-04
2.8373E+01  1.4832E-02 2.2670E+02    5.1944E-06    5.4176E-06    1.8087E+00   -1.8248E+00    7.8662E+00    2.2400E-04
2.7629E+01  1.6569E-02 2.2519E+02    5.1051E-06    5.0923E-06    1.6202E+00   -1.6260E+00    7.4118E+00    2.2400E-04
2.6898E+01  1.8486E-02 2.2381E+02    5.0174E-06    4.7416E-06    1.4528E+00   -1.4506E+00    7.0147E+00    2.2400E-04
2.6181E+01  2.0598E-02 2.2254E+02    4.9313E-06    4.3816E-06    1.3063E+00   -1.2979E+00    6.6612E+00    2.2400E-04
2.5475E+01  2.2923E-02 2.2134E+02    4.8466E-06    4.0137E-06    1.1777E+00   -1.1665E+00    6.3404E+00    2.2400E-04
2.4782E+01  2.5478E-02 2.2019E+02    4.7635E-06    3.6548E-06    1.0654E+00   -1.0531E+00    6.0446E+00    2.2400E-04
2.4101E+01  2.8282E-02 2.1907E+02    4.6817E-06    3.3020E-06    9.6479E-01   -9.5381E-01    5.7688E+00    2.2400E-04
2.3431E+01  3.1356E-02 2.1799E+02    4.6013E-06    2.9669E-06    8.7420E-01   -8.6474E-01    5.5101E+00    2.2400E-04
2.2773E+01  3.4720E-02 2.1695E+02    4.5320E-06    2.6591E-06    7.9218E-01   -7.8304E-01    5.2672E+00    2.2400E-04
2.2126E+01  3.8396E-02 2.1593E+02    4.4548E-06    2.3625E-06    7.1448E-01   -7.0761E-01    4.9682E+00    2.2400E-04
2.1491E+01  4.2407E-02 2.1496E+02    4.3785E-06    2.0875E-06    6.4173E-01   -6.3778E-01    4.6554E+00    2.2400E-04
2.0866E+01  4.6779E-02 2.1404E+02    4.3113E-06    1.8416E-06    5.7480E-01   -5.7258E-01    4.3752E+00    2.2400E-04
2.0252E+01  5.1537E-02 2.1318E+02    4.2400E-06    1.6100E-06    5.1167E-01   -5.1243E-01    4.1276E+00    2.2400E-04
1.9649E+01  5.6707E-02 2.1240E+02    4.1796E-06    1.3954E-06    4.5326E-01   -4.5710E-01    3.9120E+00    2.2400E-04
1.9056E+01  6.2317E-02 2.1170E+02    4.1203E-06    1.2045E-06    4.0090E-01   -4.0427E-01    3.7270E+00    2.2400E-04
1.8472E+01  6.8396E-02 2.1108E+02    4.0619E-06    1.0275E-06    3.5370E-01   -3.5548E-01    3.5703E+00    2.2400E-04
1.7898E+01  7.4973E-02 2.1054E+02    4.0046E-06    8.7088E-07    3.1270E-01   -3.1028E-01    3.4390E+00    2.2400E-04
1.7334E+01  8.2079E-02 2.1009E+02    3.9565E-06    7.3151E-07    2.7747E-01   -2.7089E-01    3.3299E+00    2.2400E-04
1.6778E+01  8.9745E-02 2.0970E+02    3.9121E-06    6.0740E-07    2.4735E-01   -2.3928E-01    3.2402E+00    2.2400E-04
1.6232E+01  9.8004E-02 2.0938E+02    3.8788E-06    4.9702E-07    2.2172E-01   -2.1690E-01    3.1676E+00    2.2400E-04
1.5694E+01  1.0689E-01 2.0912E+02    3.8465E-06    4.0123E-07    1.9908E-01   -1.7219E-01    3.1095E+00    2.2400E-04
1.5164E+01  1.1643E-01 2.0891E+02    3.8165E-06    3.2141E-07    1.8012E-01   -1.5774E-01    3.0649E+00    2.2400E-04
1.4643E+01  1.2667E-01 2.0877E+02    3.7957E-06    2.5499E-07    1.6452E-01   -1.4845E-01    3.0345E+00    2.2400E-04
1.4130E+01  1.3763E-01 2.0871E+02    3.7776E-06    2.0051E-07    1.5166E-01   -1.4293E-01    3.0212E+00    2.2400E-04
1.3625E+01  1.4935E-01 2.0875E+02    3.7649E-06    1.5546E-07    1.4105E-01   -1.4033E-01    3.0285E+00    2.2400E-04
1.3127E+01  1.6186E-01 2.0889E+02    3.7500E-06    1.2102E-07    1.3266E-01   -1.3701E-01    3.0594E+00    2.2400E-04
1.2637E+01  1.7520E-01 2.0913E+02    3.7523E-06    9.7923E-08    1.2659E-01   -1.2916E-01    3.1121E+00    2.2400E-04
1.2154E+01  1.8941E-01 2.0948E+02    3.8031E-06    8.2467E-08    1.2261E-01   -1.2174E-01    3.1912E+00    2.2400E-04
1.1678E+01  2.0450E-01 2.0992E+02    4.5135E-06    7.0387E-08    1.2253E-01   -1.3190E-01    3.2914E+00    2.2400E-04
1.1209E+01  2.2053E-01 2.1047E+02    5.0671E-06    6.1523E-08    1.2335E-01   -1.2684E-01    3.4213E+00    2.2400E-04
1.0747E+01  2.3750E-01 2.1106E+02    5.7886E-06    5.6379E-08    1.2361E-01   -1.1020E-01    3.5661E+00    2.2400E-04
1.0291E+01  2.5547E-01 2.1211E+02    6.7089E-06    5.3270E-08    1.2583E-01   -6.9222E-02    3.8355E+00    2.2400E-04
9.8399E+00  2.7444E-01 2.1328E+02    7.9035E-06    5.0694E-08    1.3044E-01   -1.1826E-01    4.1547E+00    2.2400E-04
9.3924E+00  2.9445E-01 2.1679E+02    1.2663E-05    4.8473E-08    1.5073E-01   -4.1883E-01    5.2321E+00    2.2400E-04
8.9449E+00  3.1553E-01 2.2113E+02    2.2181E-05    4.6260E-08    1.8818E-01   -8.3281E-01    6.2877E+00    2.2400E-04
8.4969E+00  3.3768E-01 2.2545E+02    3.7893E-05    4.4070E-08    2.3943E-01   -1.2568E+00    7.4890E+00    2.2400E-04
8.0489E+00  3.6094E-01 2.2972E+02    6.3099E-05    4.1919E-08    3.0174E-01   -1.6446E+00    8.8396E+00    2.2400E-04
7.6012E+00  3.8531E-01 2.3393E+02    1.0234E-04    3.9772E-08    3.6974E-01   -1.9454E+00    1.0338E+01    2.2400E-04
7.1543E+00  4.1081E-01 2.3804E+02    1.6151E-04    3.7650E-08    4.4072E-01   -2.1491E+00    1.1979E+01    2.2400E-04
6.7087E+00  4.3745E-01 2.4203E+02    2.4784E-04    3.5605E-08    5.1729E-01   -2.2817E+00    1.3748E+01    2.2400E-04
6.2650E+00  4.6522E-01 2.4588E+02    3.6961E-04    3.3568E-08    5.9506E-01   -2.3326E+00    1.5629E+01    2.2400E-04
5.8237E+00  4.9414E-01 2.4957E+02    5.3563E-04    3.1616E-08    6.6021E-01   -2.3358E+00    1.7600E+01    2.2400E-04
5.3854E+00  5.2419E-01 2.5307E+02    7.5469E-04    2.9681E-08    7.0624E-01   -2.3150E+00    1.9638E+01    2.2400E-04
4.9507E+00  5.5537E-01 2.5639E+02    1.0350E-03    2.7763E-08    7.3924E-01   -2.2953E+00    2.1721E+01    2.2400E-04
4.5200E+00  5.8767E-01 2.5952E+02    1.3837E-03    2.5913E-08    7.6577E-01   -2.2499E+00    2.3829E+01    2.2400E-04
4.0940E+00  6.2105E-01 2.6246E+02    1.8070E-03    2.4158E-08    7.8562E-01   -2.1849E+00    2.5945E+01    2.2400E-04
3.6732E+00  6.5551E-01 2.6523E+02    2.3096E-03    2.2498E-08    7.9601E-01   -2.1162E+00    2.8056E+01    2.2400E-04
3.2579E+00  6.9101E-01 2.6782E+02    2.8952E-03    2.0929E-08    7.9717E-01   -2.0195E+00    3.0152E+01    2.2400E-04
2.8488E+00  7.2751E-01 2.7027E+02    3.5666E-03    1.9443E-08    7.9219E-01   -1.8669E+00    3.2227E+01    2.2400E-04
2.4460E+00  7.6497E-01 2.7257E+02    4.3256E-03    1.8174E-08    7.8414E-01   -1.7184E+00    3.4275E+01    2.2400E-04
2.0499E+00  8.0335E-01 2.7495E+02    5.2524E-03    1.7026E-08    7.7956E-01   -1.6292E+00    3.6500E+01    2.2400E-04
1.6607E+00  8.4260E-01 2.7724E+02    6.1476E-03    1.5998E-08    7.5877E-01   -1.5386E+00    3.8727E+01    2.2400E-04
1.2785E+00  8.8264E-01 2.7942E+02    7.1873E-03    1.5161E-08    7.4327E-01   -1.5335E+00    4.0957E+01    2.2400E-04
9.0382E-01  9.2343E-01 2.8150E+02    8.2960E-03    1.4400E-08    7.3065E-01   -1.6000E+00    4.3159E+01    2.2400E-04
5.3682E-01  9.6488E-01 2.8348E+02    9.4174E-03    1.3797E-08    7.2494E-01   -1.7903E+00    4.5345E+01    2.2400E-04
1.7780E-01  1.0069E+00 2.8537E+02    1.0775E-02    1.3302E-08    7.4473E-01   -2.0441E+00    4.7507E+01    2.2400E-04
0.0000E+00  1.0283E+00 2.8631E+02    1.1455E-02    1.3400E-08    7.9027E+00   -3.5314E+00    4.8618E+01    2.2400E-04
