     ALT          P          T          FH2O           O3           THEAT        TCOOL        PSATCO2        FCO2
7.3827E+01  3.2610E-05 2.2735E+02    4.9069E-06    1.6027E-07    3.7795E+01   -7.9360E+01    8.0689E+00    2.2500E-04
7.2684E+01  3.8506E-05 2.2878E+02    5.0814E-06    2.0501E-07    5.5889E+00   -5.0210E+01    8.5266E+00    2.2500E-04
7.1542E+01  4.5410E-05 2.3027E+02    5.2397E-06    2.5556E-07    3.2026E+00   -3.1104E+01    9.0264E+00    2.2500E-04
7.0402E+01  5.3486E-05 2.3184E+02    5.3824E-06    3.0808E-07    3.2228E+00   -1.9329E+01    9.5744E+00    2.2500E-04
6.9264E+01  6.2918E-05 2.3348E+02    5.5092E-06    3.6164E-07    3.4612E+00   -1.2586E+01    1.0172E+01    2.2500E-04
6.8126E+01  7.3920E-05 2.3517E+02    5.6204E-06    4.1837E-07    3.7288E+00   -9.0081E+00    1.0816E+01    2.2500E-04
6.6990E+01  8.6737E-05 2.3690E+02    5.7213E-06    4.7874E-07    4.0162E+00   -7.2399E+00    1.1507E+01    2.2500E-04
6.5855E+01  1.0165E-04 2.3865E+02    5.8122E-06    5.4682E-07    4.3420E+00   -6.4371E+00    1.2240E+01    2.2500E-04
6.4721E+01  1.1897E-04 2.4042E+02    5.8830E-06    6.2160E-07    4.7143E+00   -6.1600E+00    1.3012E+01    2.2500E-04
6.3588E+01  1.3907E-04 2.4219E+02    5.9602E-06    7.0539E-07    5.1282E+00   -6.1512E+00    1.3820E+01    2.2500E-04
6.2456E+01  1.6236E-04 2.4395E+02    6.0181E-06    7.9774E-07    5.5766E+00   -6.2647E+00    1.4662E+01    2.2500E-04
6.1326E+01  1.8932E-04 2.4569E+02    6.0773E-06    8.9870E-07    6.0523E+00   -6.4490E+00    1.5533E+01    2.2500E-04
6.0197E+01  2.2047E-04 2.4742E+02    6.1225E-06    1.0072E-06    6.5449E+00   -6.6687E+00    1.6434E+01    2.2500E-04
5.9071E+01  2.5642E-04 2.4914E+02    6.1675E-06    1.1323E-06    7.0795E+00   -6.9200E+00    1.7363E+01    2.2500E-04
5.7946E+01  2.9786E-04 2.5083E+02    6.2063E-06    1.2673E-06    7.6155E+00   -7.1780E+00    1.8319E+01    2.2500E-04
5.6824E+01  3.4556E-04 2.5251E+02    6.2387E-06    1.4108E-06    8.1338E+00   -7.4367E+00    1.9303E+01    2.2500E-04
5.5705E+01  4.0040E-04 2.5418E+02    6.2711E-06    1.5788E-06    8.6723E+00   -7.7122E+00    2.0316E+01    2.2500E-04
5.4588E+01  4.6335E-04 2.5583E+02    6.2935E-06    1.7573E-06    9.1612E+00   -7.9876E+00    2.1359E+01    2.2500E-04
5.3474E+01  5.3553E-04 2.5747E+02    6.3157E-06    1.9612E-06    9.6245E+00   -8.2634E+00    2.2432E+01    2.2500E-04
5.2363E+01  6.1817E-04 2.5910E+02    6.3300E-06    2.1873E-06    1.0023E+01   -8.5277E+00    2.3538E+01    2.2500E-04
5.1255E+01  7.1266E-04 2.6072E+02    6.3400E-06    2.4317E-06    1.0321E+01   -8.7755E+00    2.4678E+01    2.2500E-04
5.0151E+01  8.2056E-04 2.6233E+02    6.3500E-06    2.7085E-06    1.0532E+01   -9.0282E+00    2.5851E+01    2.2500E-04
4.9050E+01  9.4360E-04 2.6397E+02    6.3457E-06    2.9988E-06    1.0587E+01   -9.3096E+00    2.7082E+01    2.2500E-04
4.7953E+01  1.0837E-03 2.6560E+02    6.3338E-06    3.3062E-06    1.0495E+01   -9.6198E+00    2.8350E+01    2.2500E-04
4.6860E+01  1.2431E-03 2.6685E+02    6.3219E-06    3.6386E-06    1.0269E+01   -9.7665E+00    2.9352E+01    2.2500E-04
4.5773E+01  1.4241E-03 2.6744E+02    6.3002E-06    3.9868E-06    9.8885E+00   -9.6280E+00    2.9832E+01    2.2500E-04
4.4697E+01  1.6294E-03 2.6729E+02    6.2587E-06    4.3524E-06    9.3811E+00   -9.2369E+00    2.9714E+01    2.2500E-04
4.3632E+01  1.8620E-03 2.6646E+02    6.2147E-06    4.7115E-06    8.7559E+00   -8.6734E+00    2.9036E+01    2.2500E-04
4.2583E+01  2.1251E-03 2.6503E+02    6.1691E-06    5.0437E-06    8.0545E+00   -8.0219E+00    2.7905E+01    2.2500E-04
4.1550E+01  2.4223E-03 2.6315E+02    6.1029E-06    5.3393E-06    7.3373E+00   -7.3476E+00    2.6460E+01    2.2500E-04
4.0536E+01  2.7576E-03 2.6094E+02    6.0317E-06    5.5899E-06    6.6514E+00   -6.6932E+00    2.4835E+01    2.2500E-04
3.9540E+01  3.1353E-03 2.5851E+02    5.9521E-06    5.8000E-06    6.0302E+00   -6.0807E+00    2.3137E+01    2.2500E-04
3.8565E+01  3.5603E-03 2.5595E+02    5.8700E-06    5.9617E-06    5.4779E+00   -5.5205E+00    2.1438E+01    2.2500E-04
3.7608E+01  4.0378E-03 2.5331E+02    5.7844E-06    6.0986E-06    5.0019E+00   -5.0225E+00    1.9781E+01    2.2500E-04
3.6672E+01  4.5735E-03 2.5060E+02    5.6908E-06    6.1991E-06    4.5827E+00   -4.5863E+00    1.8187E+01    2.2500E-04
3.5756E+01  5.1739E-03 2.4786E+02    5.5892E-06    6.2906E-06    4.2180E+00   -4.2052E+00    1.6668E+01    2.2500E-04
3.4859E+01  5.8456E-03 2.4511E+02    5.4914E-06    6.3543E-06    3.8862E+00   -3.8700E+00    1.5237E+01    2.2500E-04
3.3981E+01  6.5963E-03 2.4236E+02    5.3860E-06    6.4013E-06    3.5815E+00   -3.5673E+00    1.3903E+01    2.2500E-04
3.3123E+01  7.4340E-03 2.3967E+02    5.2830E-06    6.4072E-06    3.2910E+00   -3.2836E+00    1.2679E+01    2.2500E-04
3.2283E+01  8.3674E-03 2.3706E+02    5.1823E-06    6.3808E-06    3.0149E+00   -3.0118E+00    1.1573E+01    2.2500E-04
3.1461E+01  9.4063E-03 2.3459E+02    5.0836E-06    6.2876E-06    2.7445E+00   -2.7509E+00    1.0591E+01    2.2500E-04
3.0656E+01  1.0561E-02 2.3230E+02    4.9871E-06    6.1463E-06    2.4867E+00   -2.5331E+00    9.7367E+00    2.2500E-04
2.9868E+01  1.1842E-02 2.3021E+02    4.8846E-06    5.9492E-06    2.2419E+00   -2.2732E+00    9.0045E+00    2.2500E-04
2.9096E+01  1.3262E-02 2.2833E+02    4.7898E-06    5.6991E-06    2.0133E+00   -2.0307E+00    8.3803E+00    2.2500E-04
2.8338E+01  1.4834E-02 2.2663E+02    4.6990E-06    5.4095E-06    1.8045E+00   -1.8088E+00    7.8465E+00    2.2500E-04
2.7594E+01  1.6570E-02 2.2510E+02    4.6097E-06    5.0813E-06    1.6156E+00   -1.6090E+00    7.3857E+00    2.2500E-04
2.6864E+01  1.8487E-02 2.2370E+02    4.5221E-06    4.7296E-06    1.4481E+00   -1.4323E+00    6.9818E+00    2.2500E-04
2.6146E+01  2.0600E-02 2.2239E+02    4.4360E-06    4.3683E-06    1.3016E+00   -1.2787E+00    6.6212E+00    2.2500E-04
2.5441E+01  2.2925E-02 2.2116E+02    4.3514E-06    4.0014E-06    1.1733E+00   -1.1463E+00    6.2933E+00    2.2500E-04
2.4748E+01  2.5481E-02 2.1997E+02    4.2687E-06    3.6433E-06    1.0614E+00   -1.0316E+00    5.9904E+00    2.2500E-04
2.4068E+01  2.8285E-02 2.1882E+02    4.1967E-06    3.3011E-06    9.6262E-01   -9.3104E-01    5.7074E+00    2.2500E-04
2.3399E+01  3.1359E-02 2.1770E+02    4.1165E-06    2.9671E-06    8.7216E-01   -8.4035E-01    5.4416E+00    2.2500E-04
2.2742E+01  3.4723E-02 2.1661E+02    4.0378E-06    2.6512E-06    7.8871E-01   -7.5719E-01    5.1917E+00    2.2500E-04
2.2096E+01  3.8400E-02 2.1555E+02    3.9636E-06    2.3557E-06    7.1107E-01   -6.8055E-01    4.8451E+00    2.2500E-04
2.1462E+01  4.2412E-02 2.1454E+02    3.8942E-06    2.0825E-06    6.3869E-01   -6.0967E-01    4.5262E+00    2.2500E-04
2.0838E+01  4.6785E-02 2.1358E+02    3.8279E-06    1.8390E-06    5.7213E-01   -5.4304E-01    4.2406E+00    2.2500E-04
2.0226E+01  5.1543E-02 2.1268E+02    3.7567E-06    1.6077E-06    5.0913E-01   -4.8168E-01    3.9881E+00    2.2500E-04
1.9624E+01  5.6714E-02 2.1186E+02    3.6966E-06    1.3953E-06    4.5107E-01   -4.2480E-01    3.7677E+00    2.2500E-04
1.9032E+01  6.2325E-02 2.1111E+02    3.6374E-06    1.2053E-06    3.9888E-01   -3.7067E-01    3.5779E+00    2.2500E-04
1.8450E+01  6.8404E-02 2.1045E+02    3.5793E-06    1.0269E-06    3.5152E-01   -3.2134E-01    3.4163E+00    2.2500E-04
1.7878E+01  7.4982E-02 2.0987E+02    3.5297E-06    8.6894E-07    3.1039E-01   -2.7635E-01    3.2799E+00    2.2500E-04
1.7315E+01  8.2089E-02 2.0937E+02    3.4848E-06    7.2966E-07    2.7521E-01   -2.3702E-01    3.1659E+00    2.2500E-04
1.6762E+01  8.9757E-02 2.0894E+02    3.4406E-06    6.0546E-07    2.4511E-01   -2.0575E-01    3.0715E+00    2.2500E-04
1.6217E+01  9.8017E-02 2.0859E+02    3.3978E-06    4.9472E-07    2.1941E-01   -1.8388E-01    2.9948E+00    2.2500E-04
1.5681E+01  1.0690E-01 2.0830E+02    3.3671E-06    3.9968E-07    1.9692E-01   -1.3931E-01    2.9334E+00    2.2500E-04
1.5153E+01  1.1645E-01 2.0807E+02    3.3460E-06    3.1973E-07    1.7807E-01   -1.2708E-01    2.8862E+00    2.2500E-04
1.4634E+01  1.2668E-01 2.0792E+02    3.3253E-06    2.5390E-07    1.6259E-01   -1.1947E-01    2.8543E+00    2.2500E-04
1.4123E+01  1.3764E-01 2.0785E+02    3.3049E-06    1.9982E-07    1.4982E-01   -1.1527E-01    2.8400E+00    2.2500E-04
1.3620E+01  1.4937E-01 2.0788E+02    3.2874E-06    1.5510E-07    1.3926E-01   -1.1359E-01    2.8466E+00    2.2500E-04
1.3125E+01  1.6188E-01 2.0803E+02    3.2775E-06    1.2090E-07    1.3095E-01   -1.1143E-01    2.8768E+00    2.2500E-04
1.2637E+01  1.7523E-01 2.0829E+02    3.2768E-06    9.7901E-08    1.2491E-01   -1.0585E-01    2.9318E+00    2.2500E-04
1.2156E+01  1.8943E-01 2.0867E+02    3.3402E-06    8.2452E-08    1.2103E-01   -1.0017E-01    3.0116E+00    2.2500E-04
1.1682E+01  2.0453E-01 2.0914E+02    4.0097E-06    7.0478E-08    1.2085E-01   -1.0918E-01    3.1136E+00    2.2500E-04
1.1214E+01  2.2056E-01 2.0966E+02    4.5142E-06    6.1600E-08    1.2066E-01   -8.3052E-02    3.2308E+00    2.2500E-04
1.0753E+01  2.3754E-01 2.1019E+02    5.1191E-06    5.6458E-08    1.2159E-01   -8.8245E-02    3.3546E+00    2.2500E-04
1.0299E+01  2.5550E-01 2.1173E+02    6.3694E-06    5.3335E-08    1.2561E-01   -6.7010E-02    3.7363E+00    2.2500E-04
9.8487E+00  2.7448E-01 2.1280E+02    7.4115E-06    5.0754E-08    1.3017E-01   -1.3113E-01    4.0220E+00    2.2500E-04
9.4013E+00  2.9450E-01 2.1704E+02    1.3077E-05    4.8454E-08    1.5507E-01   -5.0440E-01    5.2885E+00    2.2500E-04
8.9532E+00  3.1557E-01 2.2139E+02    2.2887E-05    4.6271E-08    1.9429E-01   -9.1177E-01    6.3535E+00    2.2500E-04
8.5047E+00  3.3773E-01 2.2570E+02    3.9066E-05    4.4066E-08    2.4651E-01   -1.3262E+00    7.5648E+00    2.2500E-04
8.0561E+00  3.6099E-01 2.2998E+02    6.4991E-05    4.1862E-08    3.0925E-01   -1.7004E+00    8.9260E+00    2.2500E-04
7.6079E+00  3.8537E-01 2.3418E+02    1.0530E-04    3.9711E-08    3.7714E-01   -1.9863E+00    1.0435E+01    2.2500E-04
7.1604E+00  4.1088E-01 2.3829E+02    1.6599E-04    3.7585E-08    4.4785E-01   -2.1783E+00    1.2086E+01    2.2500E-04
6.7144E+00  4.3752E-01 2.4228E+02    2.5439E-04    3.5538E-08    5.2427E-01   -2.3020E+00    1.3865E+01    2.2500E-04
6.2702E+00  4.6530E-01 2.4613E+02    3.7883E-04    3.3496E-08    6.0148E-01   -2.3461E+00    1.5755E+01    2.2500E-04
5.8284E+00  4.9422E-01 2.4980E+02    5.4819E-04    3.1540E-08    6.6544E-01   -2.3461E+00    1.7733E+01    2.2500E-04
5.3896E+00  5.2427E-01 2.5330E+02    7.7123E-04    2.9603E-08    7.1030E-01   -2.3227E+00    1.9777E+01    2.2500E-04
4.9544E+00  5.5546E-01 2.5661E+02    1.0561E-03    2.7683E-08    7.4262E-01   -2.3016E+00    2.1864E+01    2.2500E-04
4.5234E+00  5.8776E-01 2.5973E+02    1.4100E-03    2.5831E-08    7.6868E-01   -2.2537E+00    2.3974E+01    2.2500E-04
4.0970E+00  6.2115E-01 2.6266E+02    1.8388E-03    2.4073E-08    7.8795E-01   -2.1876E+00    2.6092E+01    2.2500E-04
3.6758E+00  6.5561E-01 2.6541E+02    2.3474E-03    2.2410E-08    7.9765E-01   -2.1177E+00    2.8204E+01    2.2500E-04
3.2602E+00  6.9112E-01 2.6800E+02    2.9395E-03    2.0840E-08    7.9826E-01   -2.0181E+00    3.0301E+01    2.2500E-04
2.8507E+00  7.2762E-01 2.7044E+02    3.6176E-03    1.9352E-08    7.9288E-01   -1.8627E+00    3.2376E+01    2.2500E-04
2.4477E+00  7.6510E-01 2.7273E+02    4.3837E-03    1.8080E-08    7.8441E-01   -1.7127E+00    3.4425E+01    2.2500E-04
2.0513E+00  8.0348E-01 2.7511E+02    5.3125E-03    1.6931E-08    7.7878E-01   -1.6229E+00    3.6650E+01    2.2500E-04
1.6617E+00  8.4273E-01 2.7739E+02    6.2058E-03    1.5901E-08    7.5721E-01   -1.5345E+00    3.8879E+01    2.2500E-04
1.2794E+00  8.8279E-01 2.7957E+02    7.2644E-03    1.5063E-08    7.4268E-01   -1.5359E+00    4.1111E+01    2.2500E-04
9.0440E-01  9.2358E-01 2.8164E+02    8.3707E-03    1.4302E-08    7.2966E-01   -1.6040E+00    4.3314E+01    2.2500E-04
5.3717E-01  9.6504E-01 2.8362E+02    9.5168E-03    1.3698E-08    7.2516E-01   -1.8007E+00    4.5505E+01    2.2500E-04
1.7791E-01  1.0071E+00 2.8550E+02    1.0871E-02    1.3202E-08    7.4440E-01   -2.0526E+00    4.7667E+01    2.2500E-04
0.0000E+00  1.0285E+00 2.8645E+02    1.1550E-02    1.3300E-08    7.8978E+00   -3.5207E+00    4.8779E+01    2.2500E-04
