     ALT          P          T          FH2O           O3           THEAT        TCOOL        PSATCO2        FCO2
7.3826E+01  3.2610E-05 2.2716E+02    5.1477E-06    1.5728E-07    3.7742E+01   -7.8948E+01    8.0087E+00    2.2400E-04
7.2684E+01  3.8506E-05 2.2858E+02    5.3392E-06    2.0177E-07    5.5958E+00   -5.0131E+01    8.4631E+00    2.2400E-04
7.1544E+01  4.5410E-05 2.3008E+02    5.4988E-06    2.5185E-07    3.1869E+00   -3.1191E+01    8.9594E+00    2.2400E-04
7.0405E+01  5.3485E-05 2.3165E+02    5.6514E-06    3.0370E-07    3.2001E+00   -1.9480E+01    9.5038E+00    2.2400E-04
6.9267E+01  6.2917E-05 2.3328E+02    5.7783E-06    3.5716E-07    3.4373E+00   -1.2754E+01    1.0097E+01    2.2400E-04
6.8131E+01  7.3919E-05 2.3497E+02    5.8995E-06    4.1285E-07    3.7005E+00   -9.1686E+00    1.0738E+01    2.2400E-04
6.6996E+01  8.6735E-05 2.3670E+02    6.0004E-06    4.7308E-07    3.9866E+00   -7.3774E+00    1.1424E+01    2.2400E-04
6.5862E+01  1.0165E-04 2.3845E+02    6.0911E-06    5.3999E-07    4.3073E+00   -6.5593E+00    1.2153E+01    2.2400E-04
6.4728E+01  1.1897E-04 2.4021E+02    6.1814E-06    6.1459E-07    4.6790E+00   -6.2733E+00    1.2921E+01    2.2400E-04
6.3597E+01  1.3907E-04 2.4198E+02    6.2493E-06    6.9785E-07    5.0904E+00   -6.2409E+00    1.3725E+01    2.2400E-04
6.2466E+01  1.6236E-04 2.4374E+02    6.3171E-06    7.8928E-07    5.5354E+00   -6.3421E+00    1.4562E+01    2.2400E-04
6.1337E+01  1.8931E-04 2.4549E+02    6.3766E-06    8.9001E-07    6.0117E+00   -6.5102E+00    1.5430E+01    2.2400E-04
6.0209E+01  2.2046E-04 2.4722E+02    6.4317E-06    1.0005E-06    6.5123E+00   -6.7182E+00    1.6326E+01    2.2400E-04
5.9084E+01  2.5642E-04 2.4893E+02    6.4767E-06    1.1198E-06    7.0244E+00   -6.9507E+00    1.7250E+01    2.2400E-04
5.7961E+01  2.9785E-04 2.5063E+02    6.5158E-06    1.2547E-06    7.5599E+00   -7.1943E+00    1.8202E+01    2.2400E-04
5.6840E+01  3.4555E-04 2.5231E+02    6.5483E-06    1.3976E-06    8.0791E+00   -7.4363E+00    1.9182E+01    2.2400E-04
5.5721E+01  4.0039E-04 2.5397E+02    6.5806E-06    1.5650E-06    8.6212E+00   -7.6962E+00    2.0190E+01    2.2400E-04
5.4605E+01  4.6334E-04 2.5563E+02    6.6030E-06    1.7461E-06    9.1240E+00   -7.9590E+00    2.1228E+01    2.2400E-04
5.3492E+01  5.3551E-04 2.5727E+02    6.6252E-06    1.9465E-06    9.5801E+00   -8.2213E+00    2.2297E+01    2.2400E-04
5.2382E+01  6.1814E-04 2.5889E+02    6.6474E-06    2.1711E-06    9.9828E+00   -8.4770E+00    2.3398E+01    2.2400E-04
5.1275E+01  7.1263E-04 2.6052E+02    6.6596E-06    2.4246E-06    1.0313E+01   -8.7191E+00    2.4531E+01    2.2400E-04
5.0172E+01  8.2053E-04 2.6213E+02    6.6600E-06    2.6908E-06    1.0502E+01   -8.9527E+00    2.5699E+01    2.2400E-04
4.9072E+01  9.4357E-04 2.6375E+02    6.6600E-06    2.9866E-06    1.0575E+01   -9.2312E+00    2.6917E+01    2.2400E-04
4.7976E+01  1.0837E-03 2.6540E+02    6.6544E-06    3.2926E-06    1.0486E+01   -9.5558E+00    2.8196E+01    2.2400E-04
4.6884E+01  1.2431E-03 2.6670E+02    6.6426E-06    3.6206E-06    1.0256E+01   -9.7235E+00    2.9233E+01    2.2400E-04
4.5798E+01  1.4241E-03 2.6734E+02    6.6209E-06    3.9748E-06    9.8918E+00   -9.6068E+00    2.9751E+01    2.2400E-04
4.4722E+01  1.6294E-03 2.6723E+02    6.5887E-06    4.3403E-06    9.3863E+00   -9.2301E+00    2.9663E+01    2.2400E-04
4.3658E+01  1.8619E-03 2.6642E+02    6.5461E-06    4.6924E-06    8.7530E+00   -8.6720E+00    2.9007E+01    2.2400E-04
4.2609E+01  2.1250E-03 2.6502E+02    6.4912E-06    5.0262E-06    8.0553E+00   -8.0239E+00    2.7892E+01    2.2400E-04
4.1576E+01  2.4222E-03 2.6315E+02    6.4293E-06    5.3261E-06    7.3433E+00   -7.3535E+00    2.6457E+01    2.2400E-04
4.0562E+01  2.7574E-03 2.6094E+02    6.3584E-06    5.5822E-06    6.6605E+00   -6.7011E+00    2.4837E+01    2.2400E-04
3.9566E+01  3.1351E-03 2.5852E+02    6.2849E-06    5.7875E-06    6.0341E+00   -6.0887E+00    2.3141E+01    2.2400E-04
3.8591E+01  3.5601E-03 2.5596E+02    6.2035E-06    5.9561E-06    5.4846E+00   -5.5296E+00    2.1443E+01    2.2400E-04
3.7635E+01  4.0375E-03 2.5331E+02    6.1104E-06    6.0944E-06    5.0078E+00   -5.0309E+00    1.9785E+01    2.2400E-04
3.6698E+01  4.5733E-03 2.5061E+02    6.0232E-06    6.1967E-06    4.5881E+00   -4.5948E+00    1.8191E+01    2.2400E-04
3.5782E+01  5.1736E-03 2.4787E+02    5.9227E-06    6.2878E-06    4.2224E+00   -4.2132E+00    1.6673E+01    2.2400E-04
3.4885E+01  5.8453E-03 2.4512E+02    5.8230E-06    6.3596E-06    3.8927E+00   -3.8780E+00    1.5242E+01    2.2400E-04
3.4007E+01  6.5959E-03 2.4238E+02    5.7202E-06    6.3999E-06    3.5848E+00   -3.5749E+00    1.3909E+01    2.2400E-04
3.3149E+01  7.4335E-03 2.3968E+02    5.6172E-06    6.4079E-06    3.2944E+00   -3.2915E+00    1.2686E+01    2.2400E-04
3.2309E+01  8.3669E-03 2.3708E+02    5.5165E-06    6.3822E-06    3.0183E+00   -3.0205E+00    1.1582E+01    2.2400E-04
3.1487E+01  9.4056E-03 2.3462E+02    5.4178E-06    6.2924E-06    2.7486E+00   -2.7605E+00    1.0602E+01    2.2400E-04
3.0683E+01  1.0560E-02 2.3234E+02    5.3213E-06    6.1540E-06    2.4913E+00   -2.5431E+00    9.7509E+00    2.2400E-04
2.9895E+01  1.1841E-02 2.3026E+02    5.2194E-06    5.9587E-06    2.2467E+00   -2.2840E+00    9.0219E+00    2.2400E-04
2.9122E+01  1.3261E-02 2.2839E+02    5.1240E-06    5.7088E-06    2.0176E+00   -2.0422E+00    8.4012E+00    2.2400E-04
2.8364E+01  1.4832E-02 2.2671E+02    5.0330E-06    5.4129E-06    1.8072E+00   -1.8207E+00    7.8714E+00    2.2400E-04
2.7620E+01  1.6569E-02 2.2520E+02    4.9437E-06    5.0868E-06    1.6185E+00   -1.6217E+00    7.4150E+00    2.2400E-04
2.6889E+01  1.8486E-02 2.2382E+02    4.8560E-06    4.7358E-06    1.4510E+00   -1.4460E+00    7.0160E+00    2.2400E-04
2.6171E+01  2.0598E-02 2.2253E+02    4.7699E-06    4.3754E-06    1.3045E+00   -1.2932E+00    6.6604E+00    2.2400E-04
2.5466E+01  2.2923E-02 2.2132E+02    4.6852E-06    4.0077E-06    1.1760E+00   -1.1615E+00    6.3377E+00    2.2400E-04
2.4773E+01  2.5479E-02 2.2017E+02    4.6021E-06    3.6490E-06    1.0636E+00   -1.0479E+00    6.0399E+00    2.2400E-04
2.4091E+01  2.8283E-02 2.1905E+02    4.5203E-06    3.2963E-06    9.6321E-01   -9.4836E-01    5.7621E+00    2.2400E-04
2.3422E+01  3.1357E-02 2.1796E+02    4.4467E-06    2.9682E-06    8.7368E-01   -8.5884E-01    5.5014E+00    2.2400E-04
2.2764E+01  3.4720E-02 2.1690E+02    4.3711E-06    2.6544E-06    7.9074E-01   -7.7682E-01    5.2564E+00    2.2400E-04
2.2118E+01  3.8397E-02 2.1587E+02    4.2935E-06    2.3577E-06    7.1293E-01   -7.0112E-01    4.9488E+00    2.2400E-04
2.1482E+01  4.2409E-02 2.1489E+02    4.2227E-06    2.0831E-06    6.4029E-01   -6.3126E-01    4.6336E+00    2.2400E-04
2.0858E+01  4.6781E-02 2.1396E+02    4.1524E-06    1.8379E-06    5.7347E-01   -5.6570E-01    4.3512E+00    2.2400E-04
2.0244E+01  5.1538E-02 2.1309E+02    4.0888E-06    1.6065E-06    5.1056E-01   -5.0549E-01    4.1014E+00    2.2400E-04
1.9641E+01  5.6709E-02 2.1229E+02    4.0187E-06    1.3998E-06    4.5318E-01   -4.4802E-01    3.8835E+00    2.2400E-04
1.9048E+01  6.2319E-02 2.1158E+02    3.9594E-06    1.2016E-06    3.9985E-01   -3.9594E-01    3.6959E+00    2.2400E-04
1.8465E+01  6.8398E-02 2.1094E+02    3.9011E-06    1.0257E-06    3.5274E-01   -3.4672E-01    3.5365E+00    2.2400E-04
1.7891E+01  7.4975E-02 2.1039E+02    3.8510E-06    8.6985E-07    3.1191E-01   -3.0139E-01    3.4023E+00    2.2400E-04
1.7327E+01  8.2082E-02 2.0992E+02    3.8059E-06    7.2996E-07    2.7663E-01   -2.6211E-01    3.2904E+00    2.2400E-04
1.6772E+01  8.9748E-02 2.0951E+02    3.7616E-06    6.0601E-07    2.4654E-01   -2.3036E-01    3.1980E+00    2.2400E-04
1.6226E+01  9.8007E-02 2.0918E+02    3.7184E-06    4.9582E-07    2.2088E-01   -2.0754E-01    3.1229E+00    2.2400E-04
1.5689E+01  1.0689E-01 2.0890E+02    3.6875E-06    4.0033E-07    1.9831E-01   -1.6273E-01    3.0625E+00    2.2400E-04
1.5160E+01  1.1643E-01 2.0869E+02    3.6663E-06    3.2073E-07    1.7945E-01   -1.4872E-01    3.0155E+00    2.2400E-04
1.4639E+01  1.2667E-01 2.0854E+02    3.6455E-06    2.5452E-07    1.6389E-01   -1.3971E-01    2.9832E+00    2.2400E-04
1.4127E+01  1.3763E-01 2.0847E+02    3.6250E-06    2.0018E-07    1.5105E-01   -1.3471E-01    2.9689E+00    2.2400E-04
1.3622E+01  1.4935E-01 2.0850E+02    3.6074E-06    1.5525E-07    1.4043E-01   -1.3222E-01    2.9751E+00    2.2400E-04
1.3125E+01  1.6187E-01 2.0863E+02    3.5975E-06    1.2092E-07    1.3209E-01   -1.2882E-01    3.0042E+00    2.2400E-04
1.2636E+01  1.7521E-01 2.0887E+02    3.5923E-06    9.7880E-08    1.2600E-01   -1.2092E-01    3.0558E+00    2.2400E-04
1.2154E+01  1.8941E-01 2.0923E+02    3.6451E-06    8.2453E-08    1.2204E-01   -1.1428E-01    3.1346E+00    2.2400E-04
1.1678E+01  2.0451E-01 2.0968E+02    4.3508E-06    7.0390E-08    1.2200E-01   -1.2500E-01    3.2350E+00    2.2400E-04
1.1210E+01  2.2053E-01 2.1023E+02    4.8936E-06    6.1533E-08    1.2282E-01   -1.1742E-01    3.3631E+00    2.2400E-04
1.0748E+01  2.3751E-01 2.1082E+02    5.5918E-06    5.6389E-08    1.2305E-01   -1.0639E-01    3.5047E+00    2.2400E-04
1.0292E+01  2.5548E-01 2.1199E+02    6.5959E-06    5.3282E-08    1.2567E-01   -6.4190E-02    3.8027E+00    2.2400E-04
9.8416E+00  2.7445E-01 2.1305E+02    7.6626E-06    5.0707E-08    1.2992E-01   -1.1543E-01    4.0901E+00    2.2400E-04
9.3942E+00  2.9446E-01 2.1685E+02    1.2753E-05    4.8413E-08    1.5182E-01   -4.4418E-01    5.2444E+00    2.2400E-04
8.9466E+00  3.1554E-01 2.2119E+02    2.2334E-05    4.6233E-08    1.8979E-01   -8.5535E-01    6.3021E+00    2.2400E-04
8.4985E+00  3.3770E-01 2.2551E+02    3.8147E-05    4.4081E-08    2.4130E-01   -1.2763E+00    7.5056E+00    2.2400E-04
8.0503E+00  3.6095E-01 2.2978E+02    6.3509E-05    4.1929E-08    3.0370E-01   -1.6600E+00    8.8585E+00    2.2400E-04
7.6025E+00  3.8533E-01 2.3398E+02    1.0298E-04    3.9780E-08    3.7164E-01   -1.9565E+00    1.0360E+01    2.2400E-04
7.1555E+00  4.1083E-01 2.3809E+02    1.6248E-04    3.7658E-08    4.4250E-01   -2.1568E+00    1.2002E+01    2.2400E-04
6.7099E+00  4.3747E-01 2.4209E+02    2.4927E-04    3.5613E-08    5.1897E-01   -2.2869E+00    1.3774E+01    2.2400E-04
6.2660E+00  4.6524E-01 2.4593E+02    3.7162E-04    3.3574E-08    5.9658E-01   -2.3360E+00    1.5657E+01    2.2400E-04
5.8247E+00  4.9416E-01 2.4962E+02    5.3837E-04    3.1535E-08    6.6144E-01   -2.3383E+00    1.7630E+01    2.2400E-04
5.3863E+00  5.2421E-01 2.5312E+02    7.5831E-04    2.9586E-08    7.0718E-01   -2.3169E+00    1.9669E+01    2.2400E-04
4.9514E+00  5.5539E-01 2.5644E+02    1.0396E-03    2.7729E-08    7.4002E-01   -2.2968E+00    2.1753E+01    2.2400E-04
4.5207E+00  5.8769E-01 2.5956E+02    1.3895E-03    2.5917E-08    7.6645E-01   -2.2509E+00    2.3861E+01    2.2400E-04
4.0946E+00  6.2108E-01 2.6250E+02    1.8140E-03    2.4129E-08    7.8617E-01   -2.1856E+00    2.5977E+01    2.2400E-04
3.6737E+00  6.5553E-01 2.6527E+02    2.3180E-03    2.2417E-08    7.9640E-01   -2.1167E+00    2.8089E+01    2.2400E-04
3.2584E+00  6.9103E-01 2.6786E+02    2.9051E-03    2.0930E-08    7.9745E-01   -2.0194E+00    3.0186E+01    2.2400E-04
2.8491E+00  7.2754E-01 2.7031E+02    3.5781E-03    1.9445E-08    7.9239E-01   -1.8663E+00    3.2261E+01    2.2400E-04
2.4463E+00  7.6500E-01 2.7261E+02    4.3388E-03    1.8175E-08    7.8425E-01   -1.7174E+00    3.4309E+01    2.2400E-04
2.0502E+00  8.0338E-01 2.7499E+02    5.2663E-03    1.7027E-08    7.7945E-01   -1.6281E+00    3.6535E+01    2.2400E-04
1.6609E+00  8.4263E-01 2.7727E+02    6.1611E-03    1.5980E-08    7.5847E-01   -1.5379E+00    3.8762E+01    2.2400E-04
1.2787E+00  8.8268E-01 2.7946E+02    7.2055E-03    1.5067E-08    7.4320E-01   -1.5343E+00    4.0994E+01    2.2400E-04
9.0394E-01  9.2347E-01 2.8153E+02    8.3138E-03    1.4371E-08    7.3048E-01   -1.6012E+00    4.3196E+01    2.2400E-04
5.3689E-01  9.6492E-01 2.8351E+02    9.4413E-03    1.3797E-08    7.2506E-01   -1.7931E+00    4.5384E+01    2.2400E-04
1.7782E-01  1.0070E+00 2.8540E+02    1.0798E-02    1.3302E-08    7.4472E-01   -2.0464E+00    4.7545E+01    2.2400E-04
0.0000E+00  1.0283E+00 2.8634E+02    1.1478E-02    1.3400E-08    7.9017E+00   -3.5291E+00    4.8657E+01    2.2400E-04
