     ALT          P          T          FH2O           O3           THEAT        TCOOL        PSATCO2        FCO2
7.3811E+01  3.2610E-05 2.2695E+02    5.3775E-06    1.5578E-07    3.7738E+01   -7.8777E+01    7.9429E+00    2.2400E-04
7.2669E+01  3.8506E-05 2.2837E+02    5.5710E-06    1.9918E-07    5.5874E+00   -5.0098E+01    8.3937E+00    2.2400E-04
7.1530E+01  4.5410E-05 2.2986E+02    5.7405E-06    2.4837E-07    3.1731E+00   -3.1244E+01    8.8862E+00    2.2400E-04
7.0393E+01  5.3485E-05 2.3143E+02    5.8927E-06    3.0020E-07    3.1852E+00   -1.9571E+01    9.4266E+00    2.2400E-04
6.9256E+01  6.2917E-05 2.3306E+02    6.0291E-06    3.5265E-07    3.4174E+00   -1.2865E+01    1.0016E+01    2.2400E-04
6.8121E+01  7.3919E-05 2.3475E+02    6.1527E-06    4.0749E-07    3.6762E+00   -9.2773E+00    1.0652E+01    2.2400E-04
6.6987E+01  8.6735E-05 2.3647E+02    6.2609E-06    4.6747E-07    3.9610E+00   -7.4901E+00    1.1334E+01    2.2400E-04
6.5854E+01  1.0164E-04 2.3822E+02    6.3595E-06    5.3436E-07    4.2814E+00   -6.6643E+00    1.2058E+01    2.2400E-04
6.4722E+01  1.1897E-04 2.3999E+02    6.4422E-06    6.0792E-07    4.6482E+00   -6.3622E+00    1.2821E+01    2.2400E-04
6.3591E+01  1.3907E-04 2.4175E+02    6.5195E-06    6.9081E-07    5.0579E+00   -6.3212E+00    1.3620E+01    2.2400E-04
6.2461E+01  1.6236E-04 2.4351E+02    6.5873E-06    7.8191E-07    5.5016E+00   -6.4088E+00    1.4452E+01    2.2400E-04
6.1333E+01  1.8931E-04 2.4526E+02    6.6466E-06    8.8211E-07    5.9758E+00   -6.5621E+00    1.5314E+01    2.2400E-04
6.0207E+01  2.2046E-04 2.4699E+02    6.7025E-06    9.9140E-07    6.4718E+00   -6.7563E+00    1.6205E+01    2.2400E-04
5.9082E+01  2.5641E-04 2.4871E+02    6.7567E-06    1.1097E-06    6.9808E+00   -6.9781E+00    1.7124E+01    2.2400E-04
5.7960E+01  2.9785E-04 2.5040E+02    6.7958E-06    1.2444E-06    7.5174E+00   -7.2117E+00    1.8071E+01    2.2400E-04
5.6840E+01  3.4555E-04 2.5208E+02    6.8364E-06    1.3871E-06    8.0390E+00   -7.4421E+00    1.9045E+01    2.2400E-04
5.5723E+01  4.0038E-04 2.5374E+02    6.8611E-06    1.5542E-06    8.5825E+00   -7.6861E+00    2.0048E+01    2.2400E-04
5.4608E+01  4.6333E-04 2.5539E+02    6.8928E-06    1.7324E-06    9.0792E+00   -7.9388E+00    2.1080E+01    2.2400E-04
5.3496E+01  5.3550E-04 2.5703E+02    6.9151E-06    1.9352E-06    9.5490E+00   -8.1910E+00    2.2143E+01    2.2400E-04
5.2387E+01  6.1813E-04 2.5866E+02    6.9373E-06    2.1593E-06    9.9559E+00   -8.4363E+00    2.3237E+01    2.2400E-04
5.1281E+01  7.1262E-04 2.6028E+02    6.9494E-06    2.4124E-06    1.0290E+01   -8.6694E+00    2.4364E+01    2.2400E-04
5.0179E+01  8.2051E-04 2.6189E+02    6.9500E-06    2.6782E-06    1.0484E+01   -8.8922E+00    2.5525E+01    2.2400E-04
4.9080E+01  9.4355E-04 2.6351E+02    6.9566E-06    2.9770E-06    1.0570E+01   -9.1678E+00    2.6730E+01    2.2400E-04
4.7984E+01  1.0837E-03 2.6518E+02    6.9500E-06    3.2837E-06    1.0486E+01   -9.5026E+00    2.8017E+01    2.2400E-04
4.6893E+01  1.2430E-03 2.6651E+02    6.9329E-06    3.6065E-06    1.0248E+01   -9.6861E+00    2.9080E+01    2.2400E-04
4.5808E+01  1.4240E-03 2.6719E+02    6.9112E-06    3.9599E-06    9.8866E+00   -9.5874E+00    2.9629E+01    2.2400E-04
4.4732E+01  1.6293E-03 2.6712E+02    6.8793E-06    4.3260E-06    9.3871E+00   -9.2250E+00    2.9570E+01    2.2400E-04
4.3669E+01  1.8619E-03 2.6633E+02    6.8367E-06    4.6857E-06    8.7660E+00   -8.6773E+00    2.8935E+01    2.2400E-04
4.2620E+01  2.1249E-03 2.6494E+02    6.7922E-06    5.0187E-06    8.0668E+00   -8.0336E+00    2.7834E+01    2.2400E-04
4.1588E+01  2.4221E-03 2.6308E+02    6.7302E-06    5.3219E-06    7.3559E+00   -7.3643E+00    2.6406E+01    2.2400E-04
4.0574E+01  2.7573E-03 2.6088E+02    6.6594E-06    5.5786E-06    6.6709E+00   -6.7112E+00    2.4789E+01    2.2400E-04
3.9579E+01  3.1350E-03 2.5845E+02    6.5862E-06    5.7842E-06    6.0422E+00   -6.0977E+00    2.3094E+01    2.2400E-04
3.8603E+01  3.5600E-03 2.5589E+02    6.4982E-06    5.9535E-06    5.4912E+00   -5.5375E+00    2.1397E+01    2.2400E-04
3.7647E+01  4.0374E-03 2.5324E+02    6.4097E-06    6.0944E-06    5.0148E+00   -5.0390E+00    1.9740E+01    2.2400E-04
3.6711E+01  4.5731E-03 2.5053E+02    6.3161E-06    6.2039E-06    4.5973E+00   -4.6029E+00    1.8147E+01    2.2400E-04
3.5795E+01  5.1734E-03 2.4779E+02    6.2244E-06    6.2955E-06    4.2306E+00   -4.2213E+00    1.6630E+01    2.2400E-04
3.4899E+01  5.8451E-03 2.4504E+02    6.1248E-06    6.3681E-06    3.8998E+00   -3.8860E+00    1.5201E+01    2.2400E-04
3.4021E+01  6.5957E-03 2.4229E+02    6.0224E-06    6.4092E-06    3.5916E+00   -3.5828E+00    1.3870E+01    2.2400E-04
3.3163E+01  7.4332E-03 2.3960E+02    5.9195E-06    6.4283E-06    3.3036E+00   -3.2999E+00    1.2649E+01    2.2400E-04
3.2324E+01  8.3666E-03 2.3700E+02    5.8187E-06    6.3944E-06    3.0242E+00   -3.0284E+00    1.1548E+01    2.2400E-04
3.1502E+01  9.4054E-03 2.3454E+02    5.7201E-06    6.3101E-06    2.7552E+00   -2.7684E+00    1.0571E+01    2.2400E-04
3.0698E+01  1.0560E-02 2.3226E+02    5.6236E-06    6.1772E-06    2.4985E+00   -2.5506E+00    9.7232E+00    2.2400E-04
2.9910E+01  1.1841E-02 2.3019E+02    5.5222E-06    5.9742E-06    2.2515E+00   -2.2910E+00    8.9974E+00    2.2400E-04
2.9137E+01  1.3261E-02 2.2833E+02    5.4263E-06    5.7264E-06    2.0224E+00   -2.0489E+00    8.3798E+00    2.2400E-04
2.8380E+01  1.4832E-02 2.2666E+02    5.3354E-06    5.4308E-06    1.8119E+00   -1.8274E+00    7.8530E+00    2.2400E-04
2.7636E+01  1.6569E-02 2.2515E+02    5.2461E-06    5.1037E-06    1.6227E+00   -1.6283E+00    7.3997E+00    2.2400E-04
2.6905E+01  1.8485E-02 2.2377E+02    5.1584E-06    4.7458E-06    1.4538E+00   -1.4526E+00    7.0037E+00    2.2400E-04
2.6187E+01  2.0598E-02 2.2250E+02    5.0723E-06    4.3861E-06    1.3074E+00   -1.3000E+00    6.6514E+00    2.2400E-04
2.5482E+01  2.2923E-02 2.2130E+02    4.9877E-06    4.0182E-06    1.1789E+00   -1.1688E+00    6.3320E+00    2.2400E-04
2.4789E+01  2.5478E-02 2.2016E+02    4.9045E-06    3.6592E-06    1.0666E+00   -1.0556E+00    6.0376E+00    2.2400E-04
2.4108E+01  2.8282E-02 2.1905E+02    4.8227E-06    3.3065E-06    9.6600E-01   -9.5642E-01    5.7634E+00    2.2400E-04
2.3438E+01  3.1355E-02 2.1798E+02    4.7424E-06    2.9712E-06    8.7544E-01   -8.6755E-01    5.5062E+00    2.2400E-04
2.2780E+01  3.4719E-02 2.1694E+02    4.6729E-06    2.6630E-06    7.9337E-01   -7.8599E-01    5.2649E+00    2.2400E-04
2.2134E+01  3.8395E-02 2.1593E+02    4.5958E-06    2.3665E-06    7.1567E-01   -7.1065E-01    4.9669E+00    2.2400E-04
2.1498E+01  4.2407E-02 2.1496E+02    4.5196E-06    2.0911E-06    6.4278E-01   -6.4115E-01    4.6565E+00    2.2400E-04
2.0873E+01  4.6779E-02 2.1405E+02    4.4522E-06    1.8370E-06    5.7473E-01   -5.7732E-01    4.3790E+00    2.2400E-04
2.0260E+01  5.1536E-02 2.1321E+02    4.3810E-06    1.6129E-06    5.1263E-01   -5.1672E-01    4.1342E+00    2.2400E-04
1.9656E+01  5.6706E-02 2.1244E+02    4.3205E-06    1.3981E-06    4.5429E-01   -4.6169E-01    3.9216E+00    2.2400E-04
1.9063E+01  6.2316E-02 2.1175E+02    4.2611E-06    1.2071E-06    4.0188E-01   -4.0929E-01    3.7397E+00    2.2400E-04
1.8479E+01  6.8395E-02 2.1114E+02    4.2027E-06    1.0292E-06    3.5454E-01   -3.6109E-01    3.5862E+00    2.2400E-04
1.7905E+01  7.4972E-02 2.1062E+02    4.1453E-06    8.7257E-07    3.1351E-01   -3.1628E-01    3.4582E+00    2.2400E-04
1.7340E+01  8.2078E-02 2.1018E+02    4.0971E-06    7.3319E-07    2.7828E-01   -2.7719E-01    3.3525E+00    2.2400E-04
1.6784E+01  8.9744E-02 2.0981E+02    4.0527E-06    6.0883E-07    2.4810E-01   -2.4589E-01    3.2663E+00    2.2400E-04
1.6237E+01  9.8003E-02 2.0951E+02    4.0192E-06    4.9831E-07    2.2246E-01   -2.2368E-01    3.1972E+00    2.2400E-04
1.5699E+01  1.0689E-01 2.0927E+02    3.9869E-06    4.0224E-07    1.9977E-01   -1.7933E-01    3.1426E+00    2.2400E-04
1.5169E+01  1.1643E-01 2.0908E+02    3.9567E-06    3.2219E-07    1.8077E-01   -1.6486E-01    3.1013E+00    2.2400E-04
1.4647E+01  1.2666E-01 2.0896E+02    3.9359E-06    2.5558E-07    1.6512E-01   -1.5567E-01    3.0741E+00    2.2400E-04
1.4134E+01  1.3762E-01 2.0891E+02    3.9153E-06    2.0096E-07    1.5223E-01   -1.5010E-01    3.0638E+00    2.2400E-04
1.3628E+01  1.4934E-01 2.0896E+02    3.8976E-06    1.5578E-07    1.4156E-01   -1.4729E-01    3.0741E+00    2.2400E-04
1.3130E+01  1.6186E-01 2.0910E+02    3.8876E-06    1.2120E-07    1.3318E-01   -1.4348E-01    3.1062E+00    2.2400E-04
1.2640E+01  1.7520E-01 2.0936E+02    3.8822E-06    9.8042E-08    1.2705E-01   -1.3605E-01    3.1627E+00    2.2400E-04
1.2156E+01  1.8940E-01 2.0971E+02    3.9340E-06    8.2625E-08    1.2309E-01   -1.2792E-01    3.2418E+00    2.2400E-04
1.1680E+01  2.0450E-01 2.1017E+02    4.6655E-06    7.0502E-08    1.2295E-01   -1.3861E-01    3.3496E+00    2.2400E-04
1.1210E+01  2.2052E-01 2.1067E+02    5.4442E-06    6.1534E-08    1.2291E-01   -1.2782E-01    3.4701E+00    2.2400E-04
1.0748E+01  2.3750E-01 2.1128E+02    5.9440E-06    5.6381E-08    1.2405E-01   -1.1155E-01    3.6195E+00    2.2400E-04
1.0291E+01  2.5546E-01 2.1225E+02    6.8310E-06    5.3269E-08    1.2616E-01   -7.7711E-02    3.8707E+00    2.2400E-04
9.8398E+00  2.7444E-01 2.1352E+02    8.1699E-06    5.0691E-08    1.3121E-01   -1.2526E-01    4.2249E+00    2.2400E-04
9.3920E+00  2.9445E-01 2.1678E+02    1.2645E-05    4.8469E-08    1.5013E-01   -4.0082E-01    5.2296E+00    2.2400E-04
8.9445E+00  3.1552E-01 2.2112E+02    2.2150E-05    4.6256E-08    1.8725E-01   -8.1786E-01    6.2848E+00    2.2400E-04
8.4965E+00  3.3768E-01 2.2544E+02    3.7841E-05    4.4067E-08    2.3840E-01   -1.2444E+00    7.4857E+00    2.2400E-04
8.0485E+00  3.6093E-01 2.2971E+02    6.3015E-05    4.1916E-08    3.0071E-01   -1.6352E+00    8.8357E+00    2.2400E-04
7.6008E+00  3.8531E-01 2.3391E+02    1.0220E-04    3.9768E-08    3.6879E-01   -1.9389E+00    1.0334E+01    2.2400E-04
7.1540E+00  4.1081E-01 2.3803E+02    1.6131E-04    3.7647E-08    4.3993E-01   -2.1449E+00    1.1974E+01    2.2400E-04
6.7085E+00  4.3744E-01 2.4202E+02    2.4754E-04    3.5603E-08    5.1662E-01   -2.2790E+00    1.3743E+01    2.2400E-04
6.2648E+00  4.6522E-01 2.4587E+02    3.6918E-04    3.3566E-08    5.9450E-01   -2.3309E+00    1.5623E+01    2.2400E-04
5.8235E+00  4.9413E-01 2.4955E+02    5.3504E-04    3.1614E-08    6.5977E-01   -2.3346E+00    1.7594E+01    2.2400E-04
5.3852E+00  5.2418E-01 2.5306E+02    7.5390E-04    2.9679E-08    7.0590E-01   -2.3141E+00    1.9632E+01    2.2400E-04
4.9505E+00  5.5536E-01 2.5638E+02    1.0340E-03    2.7761E-08    7.3898E-01   -2.2946E+00    2.1714E+01    2.2400E-04
4.5198E+00  5.8766E-01 2.5951E+02    1.3824E-03    2.5912E-08    7.6555E-01   -2.2494E+00    2.3821E+01    2.2400E-04
4.0939E+00  6.2104E-01 2.6245E+02    1.8054E-03    2.4157E-08    7.8545E-01   -2.1845E+00    2.5937E+01    2.2400E-04
3.6730E+00  6.5550E-01 2.6522E+02    2.3076E-03    2.2497E-08    7.9587E-01   -2.1159E+00    2.8048E+01    2.2400E-04
3.2578E+00  6.9099E-01 2.6781E+02    2.8929E-03    2.0928E-08    7.9707E-01   -2.0193E+00    3.0144E+01    2.2400E-04
2.8486E+00  7.2750E-01 2.7026E+02    3.5638E-03    1.9524E-08    7.9211E-01   -1.8669E+00    3.2219E+01    2.2400E-04
2.4459E+00  7.6496E-01 2.7256E+02    4.3223E-03    1.8210E-08    7.8408E-01   -1.7185E+00    3.4267E+01    2.2400E-04
2.0499E+00  8.0334E-01 2.7495E+02    5.2488E-03    1.7026E-08    7.7956E-01   -1.6293E+00    3.6492E+01    2.2400E-04
1.6606E+00  8.4258E-01 2.7723E+02    6.1440E-03    1.5998E-08    7.5881E-01   -1.5386E+00    3.8717E+01    2.2400E-04
1.2785E+00  8.8263E-01 2.7941E+02    7.1824E-03    1.5161E-08    7.4325E-01   -1.5331E+00    4.0947E+01    2.2400E-04
9.0379E-01  9.2341E-01 2.8149E+02    8.2911E-03    1.4471E-08    7.3067E-01   -1.5996E+00    4.3148E+01    2.2400E-04
5.3680E-01  9.6487E-01 2.8347E+02    9.4108E-03    1.3897E-08    7.2488E-01   -1.7895E+00    4.5335E+01    2.2400E-04
1.7779E-01  1.0069E+00 2.8536E+02    1.0768E-02    1.3402E-08    7.4471E-01   -2.0433E+00    4.7496E+01    2.2400E-04
0.0000E+00  1.0283E+00 2.8630E+02    1.1449E-02    1.3500E-08    7.9029E+00   -3.5319E+00    4.8606E+01    2.2400E-04
