     ALT          P          T          FH2O           O3           THEAT        TCOOL        PSATCO2        FCO2
7.3821E+01  3.2610E-05 2.2708E+02    5.2365E-06    1.5719E-07    3.7743E+01   -7.8874E+01    7.9832E+00    2.2400E-04
7.2680E+01  3.8506E-05 2.2850E+02    5.4207E-06    2.0072E-07    5.5923E+00   -5.0125E+01    8.4363E+00    2.2400E-04
7.1540E+01  4.5410E-05 2.2999E+02    5.5890E-06    2.5030E-07    3.1806E+00   -3.1208E+01    8.9311E+00    2.2400E-04
7.0401E+01  5.3485E-05 2.3156E+02    5.7415E-06    3.0274E-07    3.1959E+00   -1.9501E+01    9.4739E+00    2.2400E-04
6.9264E+01  6.2917E-05 2.3320E+02    5.8780E-06    3.5522E-07    3.4289E+00   -1.2800E+01    1.0066E+01    2.2400E-04
6.8128E+01  7.3919E-05 2.3488E+02    5.9919E-06    4.1085E-07    3.6913E+00   -9.2111E+00    1.0705E+01    2.2400E-04
6.6994E+01  8.6735E-05 2.3661E+02    6.1003E-06    4.7106E-07    3.9775E+00   -7.4188E+00    1.1389E+01    2.2400E-04
6.5860E+01  1.0165E-04 2.3836E+02    6.1911E-06    5.3794E-07    4.2981E+00   -6.5974E+00    1.2116E+01    2.2400E-04
6.4727E+01  1.1897E-04 2.4013E+02    6.2717E-06    6.1247E-07    4.6689E+00   -6.3026E+00    1.2882E+01    2.2400E-04
6.3596E+01  1.3907E-04 2.4189E+02    6.3492E-06    6.9473E-07    5.0761E+00   -6.2708E+00    1.3684E+01    2.2400E-04
6.2466E+01  1.6236E-04 2.4365E+02    6.4170E-06    7.8656E-07    5.5225E+00   -6.3663E+00    1.4519E+01    2.2400E-04
6.1337E+01  1.8931E-04 2.4540E+02    6.4765E-06    8.8679E-07    5.9969E+00   -6.5287E+00    1.5385E+01    2.2400E-04
6.0210E+01  2.2046E-04 2.4713E+02    6.5316E-06    9.9667E-07    6.4966E+00   -6.7314E+00    1.6279E+01    2.2400E-04
5.9085E+01  2.5641E-04 2.4885E+02    6.5766E-06    1.1195E-06    7.0225E+00   -6.9599E+00    1.7201E+01    2.2400E-04
5.7962E+01  2.9785E-04 2.5054E+02    6.6215E-06    1.2499E-06    7.5427E+00   -7.2009E+00    1.8151E+01    2.2400E-04
5.6841E+01  3.4555E-04 2.5222E+02    6.6564E-06    1.3970E-06    8.0749E+00   -7.4397E+00    1.9128E+01    2.2400E-04
5.5723E+01  4.0038E-04 2.5388E+02    6.6906E-06    1.5543E-06    8.5790E+00   -7.6908E+00    2.0134E+01    2.2400E-04
5.4608E+01  4.6333E-04 2.5554E+02    6.7129E-06    1.7353E-06    9.0829E+00   -7.9485E+00    2.1170E+01    2.2400E-04
5.3495E+01  5.3551E-04 2.5717E+02    6.7351E-06    1.9406E-06    9.5629E+00   -8.2087E+00    2.2237E+01    2.2400E-04
5.2385E+01  6.1814E-04 2.5880E+02    6.7500E-06    2.1699E-06    9.9829E+00   -8.4602E+00    2.3335E+01    2.2400E-04
5.1279E+01  7.1263E-04 2.6042E+02    6.7600E-06    2.4138E-06    1.0288E+01   -8.6950E+00    2.4466E+01    2.2400E-04
5.0176E+01  8.2052E-04 2.6204E+02    6.7700E-06    2.6892E-06    1.0504E+01   -8.9308E+00    2.5631E+01    2.2400E-04
4.9077E+01  9.4356E-04 2.6366E+02    6.7700E-06    2.9783E-06    1.0564E+01   -9.2049E+00    2.6844E+01    2.2400E-04
4.7981E+01  1.0837E-03 2.6531E+02    6.7646E-06    3.2906E-06    1.0490E+01   -9.5349E+00    2.8126E+01    2.2400E-04
4.6889E+01  1.2430E-03 2.6663E+02    6.7527E-06    3.6156E-06    1.0255E+01   -9.7073E+00    2.9172E+01    2.2400E-04
4.5803E+01  1.4240E-03 2.6728E+02    6.7310E-06    3.9633E-06    9.8801E+00   -9.5950E+00    2.9701E+01    2.2400E-04
4.4727E+01  1.6293E-03 2.6718E+02    6.6990E-06    4.3284E-06    9.3785E+00   -9.2250E+00    2.9625E+01    2.2400E-04
4.3664E+01  1.8619E-03 2.6639E+02    6.6564E-06    4.6898E-06    8.7603E+00   -8.6743E+00    2.8981E+01    2.2400E-04
4.2614E+01  2.1249E-03 2.6499E+02    6.6017E-06    5.0210E-06    8.0599E+00   -8.0280E+00    2.7873E+01    2.2400E-04
4.1582E+01  2.4221E-03 2.6313E+02    6.5398E-06    5.3240E-06    7.3499E+00   -7.3589E+00    2.6443E+01    2.2400E-04
4.0568E+01  2.7574E-03 2.6093E+02    6.4689E-06    5.5804E-06    6.6660E+00   -6.7065E+00    2.4825E+01    2.2400E-04
3.9573E+01  3.1351E-03 2.5850E+02    6.3956E-06    5.7858E-06    6.0384E+00   -6.0935E+00    2.3129E+01    2.2400E-04
3.8597E+01  3.5600E-03 2.5594E+02    6.3144E-06    5.9548E-06    5.4879E+00   -5.5341E+00    2.1432E+01    2.2400E-04
3.7641E+01  4.0375E-03 2.5330E+02    6.2210E-06    6.0934E-06    5.0111E+00   -5.0351E+00    1.9775E+01    2.2400E-04
3.6705E+01  4.5732E-03 2.5059E+02    6.1342E-06    6.2048E-06    4.5947E+00   -4.5995E+00    1.8181E+01    2.2400E-04
3.5788E+01  5.1735E-03 2.4785E+02    6.0335E-06    6.2872E-06    4.2243E+00   -4.2165E+00    1.6663E+01    2.2400E-04
3.4891E+01  5.8452E-03 2.4510E+02    5.9366E-06    6.3589E-06    3.8941E+00   -3.8814E+00    1.5232E+01    2.2400E-04
3.4014E+01  6.5958E-03 2.4235E+02    5.8313E-06    6.4048E-06    3.5883E+00   -3.5787E+00    1.3900E+01    2.2400E-04
3.3156E+01  7.4333E-03 2.3966E+02    5.7283E-06    6.4181E-06    3.2989E+00   -3.2955E+00    1.2677E+01    2.2400E-04
3.2316E+01  8.3667E-03 2.3706E+02    5.6275E-06    6.3838E-06    3.0199E+00   -3.0240E+00    1.1574E+01    2.2400E-04
3.1494E+01  9.4055E-03 2.3460E+02    5.5289E-06    6.2989E-06    2.7512E+00   -2.7641E+00    1.0596E+01    2.2400E-04
3.0690E+01  1.0560E-02 2.3232E+02    5.4323E-06    6.1646E-06    2.4946E+00   -2.5465E+00    9.7454E+00    2.2400E-04
2.9901E+01  1.1841E-02 2.3025E+02    5.3307E-06    5.9612E-06    2.2478E+00   -2.2871E+00    9.0174E+00    2.2400E-04
2.9129E+01  1.3261E-02 2.2838E+02    5.2350E-06    5.7121E-06    2.0187E+00   -2.0451E+00    8.3977E+00    2.2400E-04
2.8371E+01  1.4832E-02 2.2671E+02    5.1441E-06    5.4164E-06    1.8083E+00   -1.8236E+00    7.8691E+00    2.2400E-04
2.7627E+01  1.6569E-02 2.2520E+02    5.0548E-06    5.0908E-06    1.6197E+00   -1.6247E+00    7.4140E+00    2.2400E-04
2.6896E+01  1.8486E-02 2.2382E+02    4.9671E-06    4.7401E-06    1.4521E+00   -1.4491E+00    7.0161E+00    2.2400E-04
2.6178E+01  2.0598E-02 2.2254E+02    4.8810E-06    4.3716E-06    1.3043E+00   -1.2965E+00    6.6620E+00    2.2400E-04
2.5473E+01  2.2923E-02 2.2134E+02    4.7963E-06    4.0121E-06    1.1771E+00   -1.1651E+00    6.3407E+00    2.2400E-04
2.4779E+01  2.5478E-02 2.2018E+02    4.7131E-06    3.6533E-06    1.0649E+00   -1.0516E+00    6.0445E+00    2.2400E-04
2.4098E+01  2.8283E-02 2.1907E+02    4.6313E-06    3.3005E-06    9.6434E-01   -9.5230E-01    5.7682E+00    2.2400E-04
2.3429E+01  3.1356E-02 2.1799E+02    4.5575E-06    2.9654E-06    8.7379E-01   -8.6347E-01    5.5089E+00    2.2400E-04
2.2771E+01  3.4720E-02 2.1694E+02    4.4821E-06    2.6578E-06    7.9175E-01   -7.8139E-01    5.2655E+00    2.2400E-04
2.2124E+01  3.8396E-02 2.1592E+02    4.4044E-06    2.3612E-06    7.1405E-01   -7.0583E-01    4.9647E+00    2.2400E-04
2.1488E+01  4.2408E-02 2.1494E+02    4.3335E-06    2.0863E-06    6.4135E-01   -6.3613E-01    4.6511E+00    2.2400E-04
2.0864E+01  4.6780E-02 2.1402E+02    4.2633E-06    1.8406E-06    5.7444E-01   -5.7071E-01    4.3702E+00    2.2400E-04
2.0250E+01  5.1537E-02 2.1316E+02    4.1997E-06    1.6090E-06    5.1134E-01   -5.1080E-01    4.1218E+00    2.2400E-04
1.9647E+01  5.6707E-02 2.1238E+02    4.1294E-06    1.3945E-06    4.5291E-01   -4.5488E-01    3.9054E+00    2.2400E-04
1.9053E+01  6.2317E-02 2.1167E+02    4.0700E-06    1.2037E-06    4.0056E-01   -4.0189E-01    3.7196E+00    2.2400E-04
1.8470E+01  6.8396E-02 2.1105E+02    4.0117E-06    1.0268E-06    3.5339E-01   -3.5299E-01    3.5621E+00    2.2400E-04
1.7896E+01  7.4974E-02 2.1051E+02    3.9615E-06    8.7030E-07    3.1245E-01   -3.0805E-01    3.4299E+00    2.2400E-04
1.7332E+01  8.2080E-02 2.1004E+02    3.9163E-06    7.3102E-07    2.7725E-01   -2.6877E-01    3.3199E+00    2.2400E-04
1.6776E+01  8.9746E-02 2.0965E+02    3.8719E-06    6.0699E-07    2.4714E-01   -2.3706E-01    3.2294E+00    2.2400E-04
1.6230E+01  9.8005E-02 2.0933E+02    3.8287E-06    4.9667E-07    2.2146E-01   -2.1415E-01    3.1560E+00    2.2400E-04
1.5692E+01  1.0689E-01 2.0906E+02    3.7976E-06    4.0096E-07    1.9884E-01   -1.6938E-01    3.0971E+00    2.2400E-04
1.5163E+01  1.1643E-01 2.0885E+02    3.7747E-06    3.2120E-07    1.7994E-01   -1.5521E-01    3.0516E+00    2.2400E-04
1.4642E+01  1.2667E-01 2.0871E+02    3.7478E-06    2.5484E-07    1.6432E-01   -1.4596E-01    3.0208E+00    2.2400E-04
1.4129E+01  1.3763E-01 2.0865E+02    3.7351E-06    2.0040E-07    1.5150E-01   -1.4078E-01    3.0071E+00    2.2400E-04
1.3624E+01  1.4935E-01 2.0868E+02    3.7175E-06    1.5539E-07    1.4086E-01   -1.3766E-01    3.0136E+00    2.2400E-04
1.3127E+01  1.6186E-01 2.0881E+02    3.7075E-06    1.2098E-07    1.3251E-01   -1.3388E-01    3.0427E+00    2.2400E-04
1.2637E+01  1.7521E-01 2.0906E+02    3.7023E-06    9.7906E-08    1.2640E-01   -1.2683E-01    3.0968E+00    2.2400E-04
1.2154E+01  1.8941E-01 2.0942E+02    3.7532E-06    8.2460E-08    1.2243E-01   -1.2038E-01    3.1768E+00    2.2400E-04
1.1678E+01  2.0451E-01 2.0988E+02    4.4666E-06    7.0385E-08    1.2229E-01   -1.3137E-01    3.2814E+00    2.2400E-04
1.1209E+01  2.2053E-01 2.1040E+02    5.0112E-06    6.1525E-08    1.2220E-01   -1.1317E-01    3.4033E+00    2.2400E-04
1.0747E+01  2.3751E-01 2.1093E+02    5.6707E-06    5.6381E-08    1.2316E-01   -1.0597E-01    3.5325E+00    2.2400E-04
1.0291E+01  2.5547E-01 2.1212E+02    6.7163E-06    5.3273E-08    1.2601E-01   -7.3565E-02    3.8377E+00    2.2400E-04
9.8403E+00  2.7444E-01 2.1321E+02    7.8276E-06    5.0697E-08    1.3034E-01   -1.1765E-01    4.1344E+00    2.2400E-04
9.3928E+00  2.9446E-01 2.1680E+02    1.2682E-05    4.8404E-08    1.5109E-01   -4.2703E-01    5.2347E+00    2.2400E-04
8.9453E+00  3.1553E-01 2.2115E+02    2.2213E-05    4.6225E-08    1.8869E-01   -8.4027E-01    6.2908E+00    2.2400E-04
8.4973E+00  3.3769E-01 2.2546E+02    3.7947E-05    4.4073E-08    2.4002E-01   -1.2632E+00    7.4926E+00    2.2400E-04
8.0492E+00  3.6094E-01 2.2973E+02    6.3186E-05    4.1922E-08    3.0234E-01   -1.6496E+00    8.8436E+00    2.2400E-04
7.6015E+00  3.8532E-01 2.3394E+02    1.0247E-04    3.9774E-08    3.7030E-01   -1.9489E+00    1.0343E+01    2.2400E-04
7.1546E+00  4.1082E-01 2.3805E+02    1.6172E-04    3.7652E-08    4.4123E-01   -2.1514E+00    1.1984E+01    2.2400E-04
6.7090E+00  4.3745E-01 2.4204E+02    2.4815E-04    3.5607E-08    5.1774E-01   -2.2832E+00    1.3754E+01    2.2400E-04
6.2653E+00  4.6523E-01 2.4589E+02    3.7004E-04    3.3569E-08    5.9545E-01   -2.3335E+00    1.5635E+01    2.2400E-04
5.8239E+00  4.9415E-01 2.4958E+02    5.3622E-04    3.1617E-08    6.6053E-01   -2.3365E+00    1.7607E+01    2.2400E-04
5.3856E+00  5.2420E-01 2.5308E+02    7.5547E-04    2.9682E-08    7.0648E-01   -2.3154E+00    1.9645E+01    2.2400E-04
4.9508E+00  5.5538E-01 2.5640E+02    1.0360E-03    2.7764E-08    7.3943E-01   -2.2957E+00    2.1728E+01    2.2400E-04
4.5202E+00  5.8767E-01 2.5953E+02    1.3850E-03    2.5914E-08    7.6593E-01   -2.2502E+00    2.3836E+01    2.2400E-04
4.0942E+00  6.2106E-01 2.6247E+02    1.8085E-03    2.4159E-08    7.8576E-01   -2.1851E+00    2.5952E+01    2.2400E-04
3.6733E+00  6.5552E-01 2.6523E+02    2.3114E-03    2.2498E-08    7.9611E-01   -2.1164E+00    2.8063E+01    2.2400E-04
3.2580E+00  6.9101E-01 2.6783E+02    2.8974E-03    2.0930E-08    7.9725E-01   -2.0195E+00    3.0159E+01    2.2400E-04
2.8488E+00  7.2751E-01 2.7028E+02    3.5692E-03    1.9444E-08    7.9225E-01   -1.8668E+00    3.2235E+01    2.2400E-04
2.4461E+00  7.6498E-01 2.7258E+02    4.3286E-03    1.8174E-08    7.8418E-01   -1.7182E+00    3.4283E+01    2.2400E-04
2.0500E+00  8.0336E-01 2.7496E+02    5.2556E-03    1.7026E-08    7.7956E-01   -1.6290E+00    3.6508E+01    2.2400E-04
1.6607E+00  8.4260E-01 2.7724E+02    6.1508E-03    1.5998E-08    7.5872E-01   -1.5385E+00    3.8735E+01    2.2400E-04
1.2786E+00  8.8265E-01 2.7943E+02    7.1916E-03    1.5161E-08    7.4328E-01   -1.5337E+00    4.0966E+01    2.2400E-04
9.0385E-01  9.2344E-01 2.8151E+02    8.3003E-03    1.4401E-08    7.3064E-01   -1.6004E+00    4.3168E+01    2.2400E-04
5.3684E-01  9.6489E-01 2.8349E+02    9.4233E-03    1.3797E-08    7.2499E-01   -1.7911E+00    4.5355E+01    2.2400E-04
1.7780E-01  1.0069E+00 2.8537E+02    1.0781E-02    1.3302E-08    7.4474E-01   -2.0447E+00    4.7516E+01    2.2400E-04
0.0000E+00  1.0283E+00 2.8632E+02    1.1461E-02    1.3400E-08    7.9025E+00   -3.5309E+00    4.8627E+01    2.2400E-04
