     ALT          P          T          FH2O           O3           THEAT        TCOOL        PSATCO2        FCO2
7.3681E+01  3.2610E-05 2.2796E+02    4.1239E-06    1.6897E-07    3.7875E+01   -8.0081E+01    8.2619E+00    2.2600E-04
7.2534E+01  3.8506E-05 2.2940E+02    4.2745E-06    2.1577E-07    5.6092E+00   -5.0318E+01    8.7303E+00    2.2600E-04
7.1388E+01  4.5412E-05 2.3090E+02    4.4064E-06    2.6922E-07    3.2617E+00   -3.0859E+01    9.2411E+00    2.2600E-04
7.0245E+01  5.3488E-05 2.3247E+02    4.5308E-06    3.2405E-07    3.2994E+00   -1.8921E+01    9.8007E+00    2.2600E-04
6.9102E+01  6.2921E-05 2.3412E+02    4.6350E-06    3.8034E-07    3.5520E+00   -1.2129E+01    1.0410E+01    2.2600E-04
6.7961E+01  7.3924E-05 2.3581E+02    4.7314E-06    4.3827E-07    3.8266E+00   -8.5522E+00    1.1067E+01    2.2600E-04
6.6821E+01  8.6742E-05 2.3754E+02    4.8126E-06    5.0091E-07    4.1247E+00   -6.7960E+00    1.1770E+01    2.2600E-04
6.5682E+01  1.0165E-04 2.3929E+02    4.8903E-06    5.7081E-07    4.4598E+00   -6.0348E+00    1.2516E+01    2.2600E-04
6.4544E+01  1.1898E-04 2.4106E+02    4.9586E-06    6.4810E-07    4.8441E+00   -5.8023E+00    1.3302E+01    2.2600E-04
6.3408E+01  1.3908E-04 2.4283E+02    5.0179E-06    7.3378E-07    5.2668E+00   -5.8312E+00    1.4123E+01    2.2600E-04
6.2272E+01  1.6238E-04 2.4459E+02    5.0733E-06    8.2913E-07    5.7278E+00   -5.9940E+00    1.4978E+01    2.2600E-04
6.1138E+01  1.8934E-04 2.4633E+02    5.1187E-06    9.3252E-07    6.2129E+00   -6.2238E+00    1.5863E+01    2.2600E-04
6.0006E+01  2.2049E-04 2.4806E+02    5.1640E-06    1.0447E-06    6.7160E+00   -6.4976E+00    1.6777E+01    2.2600E-04
5.8876E+01  2.5645E-04 2.4978E+02    5.1992E-06    1.1679E-06    7.2367E+00   -6.7972E+00    1.7718E+01    2.2600E-04
5.7748E+01  2.9790E-04 2.5147E+02    5.2322E-06    1.3048E-06    7.7724E+00   -7.0972E+00    1.8687E+01    2.2600E-04
5.6623E+01  3.4561E-04 2.5315E+02    5.2593E-06    1.4523E-06    8.2984E+00   -7.4093E+00    1.9685E+01    2.2600E-04
5.5500E+01  4.0046E-04 2.5481E+02    5.2871E-06    1.6267E-06    8.8494E+00   -7.7369E+00    2.0711E+01    2.2600E-04
5.4379E+01  4.6343E-04 2.5646E+02    5.2995E-06    1.8063E-06    9.3276E+00   -8.0569E+00    2.1768E+01    2.2600E-04
5.3262E+01  5.3562E-04 2.5810E+02    5.3200E-06    2.0168E-06    9.7932E+00   -8.3796E+00    2.2857E+01    2.2600E-04
5.2148E+01  6.1828E-04 2.5973E+02    5.3300E-06    2.2454E-06    1.0178E+01   -8.6846E+00    2.3979E+01    2.2600E-04
5.1037E+01  7.1279E-04 2.6136E+02    5.3300E-06    2.4963E-06    1.0465E+01   -8.9681E+00    2.5135E+01    2.2600E-04
4.9929E+01  8.2072E-04 2.6297E+02    5.3300E-06    2.7625E-06    1.0617E+01   -9.2637E+00    2.6326E+01    2.2600E-04
4.8825E+01  9.4380E-04 2.6465E+02    5.3293E-06    3.0490E-06    1.0635E+01   -9.5739E+00    2.7603E+01    2.2600E-04
4.7724E+01  1.0840E-03 2.6618E+02    5.3173E-06    3.3595E-06    1.0529E+01   -9.8430E+00    2.8817E+01    2.2600E-04
4.6629E+01  1.2434E-03 2.6725E+02    5.2954E-06    3.6925E-06    1.0288E+01   -9.9099E+00    2.9676E+01    2.2600E-04
4.5541E+01  1.4244E-03 2.6764E+02    5.2637E-06    4.0570E-06    9.9204E+00   -9.7037E+00    2.9996E+01    2.2600E-04
4.4463E+01  1.6298E-03 2.6732E+02    5.2242E-06    4.4314E-06    9.4079E+00   -9.2635E+00    2.9735E+01    2.2600E-04
4.3398E+01  1.8625E-03 2.6634E+02    5.1725E-06    4.7866E-06    8.7611E+00   -8.6643E+00    2.8942E+01    2.2600E-04
4.2349E+01  2.1256E-03 2.6480E+02    5.1095E-06    5.1222E-06    8.0538E+00   -7.9923E+00    2.7727E+01    2.2600E-04
4.1317E+01  2.4229E-03 2.6283E+02    5.0469E-06    5.4200E-06    7.3346E+00   -7.3084E+00    2.6221E+01    2.2600E-04
4.0303E+01  2.7583E-03 2.6054E+02    4.9659E-06    5.6712E-06    6.6481E+00   -6.6462E+00    2.4552E+01    2.2600E-04
3.9309E+01  3.1362E-03 2.5805E+02    4.8864E-06    5.8780E-06    6.0259E+00   -6.0284E+00    2.2823E+01    2.2600E-04
3.8334E+01  3.5613E-03 2.5543E+02    4.7982E-06    6.0425E-06    5.4772E+00   -5.4648E+00    2.1100E+01    2.2600E-04
3.7379E+01  4.0389E-03 2.5271E+02    4.7029E-06    6.1759E-06    5.0016E+00   -4.9628E+00    1.9422E+01    2.2600E-04
3.6445E+01  4.5749E-03 2.4994E+02    4.6096E-06    6.2884E-06    4.5895E+00   -4.5249E+00    1.7809E+01    2.2600E-04
3.5530E+01  5.1754E-03 2.4712E+02    4.5019E-06    6.3816E-06    4.2259E+00   -4.1383E+00    1.6272E+01    2.2600E-04
3.4636E+01  5.8474E-03 2.4427E+02    4.4048E-06    6.4567E-06    3.8976E+00   -3.7984E+00    1.4821E+01    2.2600E-04
3.3761E+01  6.5984E-03 2.4142E+02    4.3001E-06    6.5133E-06    3.5952E+00   -3.4891E+00    1.3467E+01    2.2600E-04
3.2906E+01  7.4364E-03 2.3861E+02    4.1891E-06    6.5387E-06    3.3086E+00   -3.1970E+00    1.2220E+01    2.2600E-04
3.2069E+01  8.3702E-03 2.3586E+02    4.0877E-06    6.5139E-06    3.0308E+00   -2.9152E+00    1.1090E+01    2.2600E-04
3.1251E+01  9.4095E-03 2.3324E+02    3.9899E-06    6.4383E-06    2.7628E+00   -2.6443E+00    1.0082E+01    2.2600E-04
3.0451E+01  1.0564E-02 2.3078E+02    3.8943E-06    6.3038E-06    2.5048E+00   -2.4158E+00    9.2019E+00    2.2600E-04
2.9668E+01  1.1846E-02 2.2852E+02    3.7907E-06    6.1116E-06    2.2594E+00   -2.1440E+00    8.4420E+00    2.2600E-04
2.8901E+01  1.3267E-02 2.2645E+02    3.6991E-06    5.8573E-06    2.0286E+00   -1.8894E+00    7.7895E+00    2.2600E-04
2.8149E+01  1.4839E-02 2.2456E+02    3.6094E-06    5.5537E-06    1.8165E+00   -1.6559E+00    7.2278E+00    2.2600E-04
2.7412E+01  1.6577E-02 2.2283E+02    3.5214E-06    5.2233E-06    1.6270E+00   -1.4458E+00    6.7405E+00    2.2600E-04
2.6689E+01  1.8494E-02 2.2123E+02    3.4351E-06    4.8547E-06    1.4567E+00   -1.2604E+00    6.3123E+00    2.2600E-04
2.5980E+01  2.0608E-02 2.1973E+02    3.3505E-06    4.4808E-06    1.3086E+00   -1.1001E+00    5.9310E+00    2.2600E-04
2.5283E+01  2.2934E-02 2.1832E+02    3.2775E-06    4.1079E-06    1.1798E+00   -9.6361E-01    5.5868E+00    2.2600E-04
2.4599E+01  2.5491E-02 2.1697E+02    3.1958E-06    3.7294E-06    1.0649E+00   -8.4723E-01    5.2730E+00    2.2600E-04
2.3927E+01  2.8297E-02 2.1568E+02    3.1231E-06    3.3693E-06    9.6383E-01   -7.4736E-01    4.8857E+00    2.2600E-04
2.3268E+01  3.1372E-02 2.1444E+02    3.0477E-06    3.0280E-06    8.7285E-01   -6.5941E-01    4.4963E+00    2.2600E-04
2.2621E+01  3.4738E-02 2.1326E+02    2.9799E-06    2.7076E-06    7.8948E-01   -5.8099E-01    4.1495E+00    2.2600E-04
2.1985E+01  3.8416E-02 2.1214E+02    2.9100E-06    2.4037E-06    7.1123E-01   -5.1041E-01    3.8420E+00    2.2600E-04
2.1360E+01  4.2430E-02 2.1108E+02    2.8395E-06    2.1238E-06    6.3827E-01   -4.4634E-01    3.5713E+00    2.2600E-04
2.0746E+01  4.6805E-02 2.1011E+02    2.7770E-06    1.8680E-06    5.7049E-01   -3.8822E-01    3.3354E+00    2.2600E-04
2.0143E+01  5.1566E-02 2.0922E+02    2.7169E-06    1.6384E-06    5.0813E-01   -3.3443E-01    3.1321E+00    2.2600E-04
1.9551E+01  5.6739E-02 2.0842E+02    2.6579E-06    1.4181E-06    4.4927E-01   -2.8645E-01    2.9592E+00    2.2600E-04
1.8968E+01  6.2353E-02 2.0772E+02    2.6060E-06    1.2217E-06    3.9646E-01   -2.4158E-01    2.8142E+00    2.2600E-04
1.8395E+01  6.8435E-02 2.0712E+02    2.5529E-06    1.0471E-06    3.4976E-01   -1.9930E-01    2.6941E+00    2.2600E-04
1.7831E+01  7.5017E-02 2.0661E+02    2.5055E-06    8.8466E-07    3.0809E-01   -1.6287E-01    2.5959E+00    2.2600E-04
1.7277E+01  8.2128E-02 2.0618E+02    2.4614E-06    7.4206E-07    2.7238E-01   -1.3198E-01    2.5168E+00    2.2600E-04
1.6731E+01  8.9799E-02 2.0584E+02    2.4284E-06    6.1496E-07    2.4188E-01   -1.0944E-01    2.4546E+00    2.2600E-04
1.6194E+01  9.8064E-02 2.0558E+02    2.3963E-06    5.0341E-07    2.1612E-01   -9.5226E-02    2.4076E+00    2.2600E-04
1.5666E+01  1.0695E-01 2.0539E+02    2.3647E-06    4.0642E-07    1.9340E-01   -5.4560E-02    2.3737E+00    2.2600E-04
1.5145E+01  1.1650E-01 2.0526E+02    2.3379E-06    3.2514E-07    1.7443E-01   -4.9542E-02    2.3520E+00    2.2600E-04
1.4633E+01  1.2674E-01 2.0521E+02    2.3253E-06    2.5833E-07    1.5896E-01   -4.8842E-02    2.3433E+00    2.2600E-04
1.4128E+01  1.3771E-01 2.0525E+02    2.3076E-06    2.0323E-07    1.4614E-01   -5.0297E-02    2.3495E+00    2.2600E-04
1.3631E+01  1.4944E-01 2.0539E+02    2.2953E-06    1.5792E-07    1.3558E-01   -5.3260E-02    2.3738E+00    2.2600E-04
1.3141E+01  1.6197E-01 2.0564E+02    2.2800E-06    1.2300E-07    1.2723E-01   -5.4000E-02    2.4179E+00    2.2600E-04
1.2658E+01  1.7532E-01 2.0601E+02    2.2921E-06    9.9719E-08    1.2148E-01   -5.2611E-02    2.4845E+00    2.2600E-04
1.2181E+01  1.8953E-01 2.0646E+02    2.7333E-06    8.3802E-08    1.1970E-01   -5.9976E-02    2.5681E+00    2.2600E-04
1.1712E+01  2.0464E-01 2.0699E+02    3.0750E-06    7.1544E-08    1.1888E-01   -4.1887E-02    2.6693E+00    2.2600E-04
1.1249E+01  2.2067E-01 2.0755E+02    3.5069E-06    6.2337E-08    1.1788E-01   -4.2351E-02    2.7792E+00    2.2600E-04
1.0792E+01  2.3766E-01 2.0910E+02    4.3923E-06    5.7141E-08    1.2060E-01   -5.7308E-02    3.1064E+00    2.2600E-04
1.0339E+01  2.5564E-01 2.1057E+02    5.4202E-06    5.3769E-08    1.2498E-01   -9.3633E-02    3.4441E+00    2.2600E-04
9.8890E+00  2.7463E-01 2.1366E+02    8.3155E-06    5.1114E-08    1.3943E-01   -3.2575E-01    4.2646E+00    2.2600E-04
9.4393E+00  2.9466E-01 2.1804E+02    1.4885E-05    4.8713E-08    1.6987E-01   -7.1011E-01    5.5215E+00    2.2600E-04
8.9889E+00  3.1575E-01 2.2241E+02    2.5982E-05    4.6418E-08    2.1310E-01   -1.1128E+00    6.6262E+00    2.2600E-04
8.5380E+00  3.3792E-01 2.2674E+02    4.4205E-05    4.4160E-08    2.6830E-01   -1.5056E+00    7.8796E+00    2.2600E-04
8.0871E+00  3.6119E-01 2.3102E+02    7.3259E-05    4.1936E-08    3.3266E-01   -1.8477E+00    9.2841E+00    2.2600E-04
7.6365E+00  3.8559E-01 2.3522E+02    1.1817E-04    3.9773E-08    4.0078E-01   -2.0976E+00    1.0837E+01    2.2600E-04
7.1868E+00  4.1111E-01 2.3932E+02    1.8536E-04    3.7617E-08    4.7189E-01   -2.2630E+00    1.2530E+01    2.2600E-04
6.7386E+00  4.3776E-01 2.4330E+02    2.8253E-04    3.5471E-08    5.4901E-01   -2.3631E+00    1.4347E+01    2.2600E-04
6.2922E+00  4.6556E-01 2.4711E+02    4.1827E-04    3.3410E-08    6.2443E-01   -2.3880E+00    1.6270E+01    2.2600E-04
5.8484E+00  4.9450E-01 2.5076E+02    6.0154E-04    3.1359E-08    6.8396E-01   -2.3768E+00    1.8275E+01    2.2600E-04
5.4077E+00  5.2458E-01 2.5422E+02    8.4102E-04    2.9394E-08    7.2481E-01   -2.3512E+00    2.0340E+01    2.2600E-04
4.9707E+00  5.5578E-01 2.5748E+02    1.1446E-03    2.7465E-08    7.5495E-01   -2.3234E+00    2.2441E+01    2.2600E-04
4.5379E+00  5.8810E-01 2.6056E+02    1.5193E-03    2.5601E-08    7.7933E-01   -2.2659E+00    2.4561E+01    2.2600E-04
4.1099E+00  6.2151E-01 2.6345E+02    1.9706E-03    2.3834E-08    7.9626E-01   -2.1963E+00    2.6684E+01    2.2600E-04
3.6872E+00  6.5600E-01 2.6616E+02    2.5031E-03    2.2162E-08    8.0330E-01   -2.1200E+00    2.8798E+01    2.2600E-04
3.2702E+00  6.9153E-01 2.6871E+02    3.1203E-03    2.0581E-08    8.0177E-01   -2.0053E+00    3.0894E+01    2.2600E-04
2.8594E+00  7.2806E-01 2.7111E+02    3.8245E-03    1.9086E-08    7.9518E-01   -1.8441E+00    3.2967E+01    2.2600E-04
2.4550E+00  7.6555E-01 2.7342E+02    4.6436E-03    1.7805E-08    7.8802E-01   -1.7055E+00    3.5053E+01    2.2600E-04
2.0574E+00  8.0397E-01 2.7579E+02    5.5725E-03    1.6690E-08    7.7672E-01   -1.6088E+00    3.7303E+01    2.2600E-04
1.6666E+00  8.4324E-01 2.7804E+02    6.4561E-03    1.5696E-08    7.5150E-01   -1.5246E+00    3.9536E+01    2.2600E-04
1.2830E+00  8.8332E-01 2.8020E+02    7.5920E-03    1.4778E-08    7.4051E-01   -1.5503E+00    4.1769E+01    2.2600E-04
9.0697E-01  9.2414E-01 2.8225E+02    8.6866E-03    1.4077E-08    7.2586E-01   -1.6239E+00    4.3975E+01    2.2600E-04
5.3868E-01  9.6563E-01 2.8421E+02    9.9320E-03    1.3500E-08    7.2607E-01   -1.8451E+00    4.6174E+01    2.2600E-04
1.7840E-01  1.0077E+00 2.8607E+02    1.1272E-02    1.3003E-08    7.4317E-01   -2.0889E+00    4.8337E+01    2.2600E-04
0.0000E+00  1.0291E+00 2.8701E+02    1.1945E-02    1.3100E-08    7.8749E+00   -3.4763E+00    4.9451E+01    2.2600E-04
