     ALT          P          T          FH2O           O3           THEAT        TCOOL        PSATCO2        FCO2
7.3821E+01  3.2610E-05 2.2750E+02    4.7215E-06    1.6201E-07    3.7802E+01   -7.9467E+01    8.1177E+00    2.2500E-04
7.2677E+01  3.8506E-05 2.2894E+02    4.8928E-06    2.0687E-07    5.5946E+00   -5.0245E+01    8.5782E+00    2.2500E-04
7.1535E+01  4.5411E-05 2.3043E+02    5.0480E-06    2.5853E-07    3.2150E+00   -3.1060E+01    9.0808E+00    2.2500E-04
7.0394E+01  5.3486E-05 2.3200E+02    5.1850E-06    3.1185E-07    3.2397E+00   -1.9245E+01    9.6318E+00    2.2500E-04
6.9255E+01  6.2918E-05 2.3364E+02    5.3115E-06    3.6574E-07    3.4802E+00   -1.2502E+01    1.0232E+01    2.2500E-04
6.8116E+01  7.3921E-05 2.3533E+02    5.4153E-06    4.2283E-07    3.7499E+00   -8.9077E+00    1.0880E+01    2.2500E-04
6.6979E+01  8.6737E-05 2.3706E+02    5.5133E-06    4.8412E-07    4.0416E+00   -7.1387E+00    1.1574E+01    2.2500E-04
6.5843E+01  1.0165E-04 2.3882E+02    5.5957E-06    5.5226E-07    4.3679E+00   -6.3475E+00    1.2310E+01    2.2500E-04
6.4708E+01  1.1897E-04 2.4058E+02    5.6738E-06    6.2743E-07    4.7424E+00   -6.0846E+00    1.3086E+01    2.2500E-04
6.3574E+01  1.3907E-04 2.4235E+02    5.7418E-06    7.1214E-07    5.1601E+00   -6.0801E+00    1.3898E+01    2.2500E-04
6.2441E+01  1.6237E-04 2.4411E+02    5.8032E-06    8.0448E-07    5.6088E+00   -6.2061E+00    1.4743E+01    2.2500E-04
6.1310E+01  1.8932E-04 2.4586E+02    5.8577E-06    9.0637E-07    6.0894E+00   -6.4003E+00    1.5618E+01    2.2500E-04
6.0181E+01  2.2047E-04 2.4759E+02    5.9036E-06    1.0189E-06    6.5981E+00   -6.6337E+00    1.6522E+01    2.2500E-04
5.9054E+01  2.5643E-04 2.4930E+02    5.9487E-06    1.1416E-06    7.1194E+00   -6.8956E+00    1.7454E+01    2.2500E-04
5.7928E+01  2.9787E-04 2.5100E+02    5.9838E-06    1.2710E-06    7.6325E+00   -7.1591E+00    1.8414E+01    2.2500E-04
5.6805E+01  3.4557E-04 2.5268E+02    6.0187E-06    1.4253E-06    8.1876E+00   -7.4340E+00    1.9402E+01    2.2500E-04
5.5685E+01  4.0041E-04 2.5434E+02    6.0418E-06    1.5838E-06    8.6899E+00   -7.7130E+00    2.0419E+01    2.2500E-04
5.4567E+01  4.6337E-04 2.5600E+02    6.0641E-06    1.7665E-06    9.1895E+00   -8.0004E+00    2.1466E+01    2.2500E-04
5.3452E+01  5.3554E-04 2.5764E+02    6.0864E-06    1.9736E-06    9.6605E+00   -8.2874E+00    2.2544E+01    2.2500E-04
5.2341E+01  6.1819E-04 2.5927E+02    6.0987E-06    2.1963E-06    1.0046E+01   -8.5588E+00    2.3654E+01    2.2500E-04
5.1232E+01  7.1268E-04 2.6089E+02    6.1100E-06    2.4498E-06    1.0364E+01   -8.8180E+00    2.4798E+01    2.2500E-04
5.0127E+01  8.2059E-04 2.6250E+02    6.1100E-06    2.7176E-06    1.0544E+01   -9.0747E+00    2.5977E+01    2.2500E-04
4.9025E+01  9.4364E-04 2.6415E+02    6.1100E-06    3.0089E-06    1.0595E+01   -9.3633E+00    2.7218E+01    2.2500E-04
4.7927E+01  1.0838E-03 2.6576E+02    6.1000E-06    3.3167E-06    1.0501E+01   -9.6650E+00    2.8477E+01    2.2500E-04
4.6833E+01  1.2432E-03 2.6697E+02    6.0812E-06    3.6508E-06    1.0274E+01   -9.7936E+00    2.9451E+01    2.2500E-04
4.5747E+01  1.4242E-03 2.6752E+02    6.0589E-06    3.9994E-06    9.8907E+00   -9.6396E+00    2.9900E+01    2.2500E-04
4.4670E+01  1.6295E-03 2.6734E+02    6.0258E-06    4.3652E-06    9.3806E+00   -9.2392E+00    2.9754E+01    2.2500E-04
4.3605E+01  1.8621E-03 2.6648E+02    5.9798E-06    4.7237E-06    8.7524E+00   -8.6686E+00    2.9055E+01    2.2500E-04
4.2555E+01  2.1252E-03 2.6504E+02    5.9268E-06    5.0552E-06    8.0493E+00   -8.0129E+00    2.7911E+01    2.2500E-04
4.1523E+01  2.4224E-03 2.6315E+02    5.8598E-06    5.3501E-06    7.3320E+00   -7.3374E+00    2.6457E+01    2.2500E-04
4.0508E+01  2.7577E-03 2.6093E+02    5.7887E-06    5.6036E-06    6.6490E+00   -6.6833E+00    2.4827E+01    2.2500E-04
3.9513E+01  3.1354E-03 2.5850E+02    5.7090E-06    5.8069E-06    6.0240E+00   -6.0697E+00    2.3125E+01    2.2500E-04
3.8537E+01  3.5604E-03 2.5593E+02    5.6262E-06    5.9731E-06    5.4753E+00   -5.5104E+00    2.1425E+01    2.2500E-04
3.7581E+01  4.0380E-03 2.5328E+02    5.5406E-06    6.1031E-06    4.9970E+00   -5.0119E+00    1.9766E+01    2.2500E-04
3.6644E+01  4.5738E-03 2.5058E+02    5.4444E-06    6.2129E-06    4.5826E+00   -4.5767E+00    1.8170E+01    2.2500E-04
3.5728E+01  5.1741E-03 2.4783E+02    5.3445E-06    6.2936E-06    4.2140E+00   -4.1944E+00    1.6650E+01    2.2500E-04
3.4831E+01  5.8459E-03 2.4507E+02    5.2458E-06    6.3654E-06    3.8853E+00   -3.8595E+00    1.5217E+01    2.2500E-04
3.3954E+01  6.5966E-03 2.4231E+02    5.1416E-06    6.4028E-06    3.5778E+00   -3.5558E+00    1.3881E+01    2.2500E-04
3.3095E+01  7.4344E-03 2.3961E+02    5.0386E-06    6.4164E-06    3.2897E+00   -3.2721E+00    1.2653E+01    2.2500E-04
3.2255E+01  8.3679E-03 2.3699E+02    4.9380E-06    6.3786E-06    3.0107E+00   -2.9995E+00    1.1544E+01    2.2500E-04
3.1434E+01  9.4069E-03 2.3451E+02    4.8393E-06    6.2926E-06    2.7427E+00   -2.7386E+00    1.0560E+01    2.2500E-04
3.0629E+01  1.0561E-02 2.3220E+02    4.7400E-06    6.1556E-06    2.4863E+00   -2.5208E+00    9.7022E+00    2.2500E-04
2.9842E+01  1.1843E-02 2.3010E+02    4.6384E-06    5.9581E-06    2.2415E+00   -2.2604E+00    8.9663E+00    2.2500E-04
2.9069E+01  1.3263E-02 2.2820E+02    4.5457E-06    5.7067E-06    2.0126E+00   -2.0173E+00    8.3379E+00    2.2500E-04
2.8312E+01  1.4835E-02 2.2648E+02    4.4549E-06    5.4163E-06    1.8037E+00   -1.7941E+00    7.7996E+00    2.2500E-04
2.7569E+01  1.6572E-02 2.2492E+02    4.3657E-06    5.0861E-06    1.6145E+00   -1.5931E+00    7.3340E+00    2.2500E-04
2.6839E+01  1.8489E-02 2.2349E+02    4.2783E-06    4.7338E-06    1.4469E+00   -1.4154E+00    6.9251E+00    2.2500E-04
2.6122E+01  2.0601E-02 2.2216E+02    4.1923E-06    4.3719E-06    1.3004E+00   -1.2605E+00    6.5596E+00    2.2500E-04
2.5418E+01  2.2927E-02 2.2090E+02    4.1078E-06    4.0059E-06    1.1724E+00   -1.1268E+00    6.2268E+00    2.2500E-04
2.4726E+01  2.5483E-02 2.1969E+02    4.0250E-06    3.6484E-06    1.0606E+00   -1.0111E+00    5.9194E+00    2.2500E-04
2.4046E+01  2.8287E-02 2.1851E+02    3.9478E-06    3.3027E-06    9.6131E-01   -9.0957E-01    5.6322E+00    2.2500E-04
2.3378E+01  3.1362E-02 2.1736E+02    3.8734E-06    2.9722E-06    8.7151E-01   -8.1824E-01    5.3627E+00    2.2500E-04
2.2722E+01  3.4726E-02 2.1625E+02    3.7957E-06    2.6594E-06    7.8873E-01   -7.3431E-01    5.0731E+00    2.2500E-04
2.2077E+01  3.8403E-02 2.1516E+02    3.7275E-06    2.3654E-06    7.1146E-01   -6.5705E-01    4.7196E+00    2.2500E-04
2.1444E+01  4.2415E-02 2.1412E+02    3.6516E-06    2.0936E-06    6.3919E-01   -5.8496E-01    4.4002E+00    2.2500E-04
2.0822E+01  4.6788E-02 2.1314E+02    3.5859E-06    1.8428E-06    5.7160E-01   -5.1867E-01    4.1146E+00    2.2500E-04
2.0210E+01  5.1547E-02 2.1222E+02    3.5239E-06    1.6108E-06    5.0846E-01   -4.5757E-01    3.8626E+00    2.2500E-04
1.9610E+01  5.6718E-02 2.1137E+02    3.4549E-06    1.3966E-06    4.5005E-01   -4.0063E-01    3.6432E+00    2.2500E-04
1.9019E+01  6.2329E-02 2.1061E+02    3.3959E-06    1.2006E-06    3.9705E-01   -3.4804E-01    3.4549E+00    2.2500E-04
1.8439E+01  6.8410E-02 2.0994E+02    3.3444E-06    1.0264E-06    3.5035E-01   -2.9885E-01    3.2952E+00    2.2500E-04
1.7868E+01  7.4988E-02 2.0935E+02    3.2910E-06    8.7018E-07    3.0951E-01   -2.5396E-01    3.1610E+00    2.2500E-04
1.7306E+01  8.2096E-02 2.0884E+02    3.2440E-06    7.3050E-07    2.7430E-01   -2.1548E-01    3.0493E+00    2.2500E-04
1.6754E+01  8.9764E-02 2.0841E+02    3.1999E-06    6.0676E-07    2.4426E-01   -1.8505E-01    2.9573E+00    2.2500E-04
1.6211E+01  9.8025E-02 2.0806E+02    3.1674E-06    4.9544E-07    2.1858E-01   -1.6476E-01    2.8828E+00    2.2500E-04
1.5676E+01  1.0691E-01 2.0777E+02    3.1369E-06    4.0067E-07    1.9611E-01   -1.2053E-01    2.8237E+00    2.2500E-04
1.5150E+01  1.1646E-01 2.0755E+02    3.1138E-06    3.2025E-07    1.7721E-01   -1.0981E-01    2.7794E+00    2.2500E-04
1.4632E+01  1.2669E-01 2.0741E+02    3.0876E-06    2.5468E-07    1.6177E-01   -1.0355E-01    2.7510E+00    2.2500E-04
1.4122E+01  1.3766E-01 2.0735E+02    3.0748E-06    2.0047E-07    1.4900E-01   -1.0137E-01    2.7402E+00    2.2500E-04
1.3620E+01  1.4938E-01 2.0740E+02    3.0574E-06    1.5516E-07    1.3838E-01   -1.0106E-01    2.7498E+00    2.2500E-04
1.3126E+01  1.6190E-01 2.0756E+02    3.0475E-06    1.2102E-07    1.3009E-01   -9.9143E-02    2.7813E+00    2.2500E-04
1.2639E+01  1.7524E-01 2.0783E+02    3.0466E-06    9.8042E-08    1.2406E-01   -9.3433E-02    2.8368E+00    2.2500E-04
1.2159E+01  1.8945E-01 2.0823E+02    3.1133E-06    8.2655E-08    1.2022E-01   -8.8531E-02    2.9181E+00    2.2500E-04
1.1686E+01  2.0455E-01 2.0869E+02    3.7695E-06    7.0594E-08    1.2015E-01   -9.5977E-02    3.0162E+00    2.2500E-04
1.1219E+01  2.2058E-01 2.0926E+02    4.2638E-06    6.1675E-08    1.2079E-01   -7.8539E-02    3.1405E+00    2.2500E-04
1.0759E+01  2.3756E-01 2.0987E+02    4.9024E-06    5.6537E-08    1.2111E-01   -7.7795E-02    3.2787E+00    2.2500E-04
1.0305E+01  2.5553E-01 2.1145E+02    6.1249E-06    5.3389E-08    1.2519E-01   -6.6246E-02    3.6631E+00    2.2500E-04
9.8553E+00  2.7451E-01 2.1283E+02    7.4421E-06    5.0799E-08    1.3123E-01   -1.5896E-01    4.0306E+00    2.2500E-04
9.4077E+00  2.9452E-01 2.1720E+02    1.3356E-05    4.8493E-08    1.5762E-01   -5.4498E-01    5.3259E+00    2.2500E-04
8.9592E+00  3.1560E-01 2.2155E+02    2.3367E-05    4.6306E-08    1.9765E-01   -9.5106E-01    6.3973E+00    2.2500E-04
8.5103E+00  3.3777E-01 2.2587E+02    3.9862E-05    4.4100E-08    2.5043E-01   -1.3611E+00    7.6154E+00    2.2500E-04
8.0613E+00  3.6103E-01 2.3015E+02    6.6273E-05    4.1892E-08    3.1345E-01   -1.7287E+00    8.9835E+00    2.2500E-04
7.6127E+00  3.8541E-01 2.3435E+02    1.0730E-04    3.9739E-08    3.8134E-01   -2.0076E+00    1.0500E+01    2.2500E-04
7.1649E+00  4.1092E-01 2.3846E+02    1.6901E-04    3.7593E-08    4.5203E-01   -2.1940E+00    1.2158E+01    2.2500E-04
6.7184E+00  4.3756E-01 2.4245E+02    2.5880E-04    3.5467E-08    5.2849E-01   -2.3133E+00    1.3943E+01    2.2500E-04
6.2739E+00  4.6534E-01 2.4629E+02    3.8504E-04    3.3511E-08    6.0542E-01   -2.3537E+00    1.5838E+01    2.2500E-04
5.8318E+00  4.9427E-01 2.4996E+02    5.5662E-04    3.1473E-08    6.6865E-01   -2.3521E+00    1.7821E+01    2.2500E-04
5.3927E+00  5.2433E-01 2.5345E+02    7.8230E-04    2.9519E-08    7.1279E-01   -2.3273E+00    1.9868E+01    2.2500E-04
4.9572E+00  5.5551E-01 2.5675E+02    1.0702E-03    2.7597E-08    7.4471E-01   -2.3052E+00    2.1958E+01    2.2500E-04
4.5259E+00  5.8782E-01 2.5986E+02    1.4274E-03    2.5743E-08    7.7047E-01   -2.2557E+00    2.4070E+01    2.2500E-04
4.0992E+00  6.2121E-01 2.6279E+02    1.8599E-03    2.3984E-08    7.8936E-01   -2.1890E+00    2.6189E+01    2.2500E-04
3.6778E+00  6.5568E-01 2.6554E+02    2.3724E-03    2.2319E-08    7.9862E-01   -2.1181E+00    2.8301E+01    2.2500E-04
3.2619E+00  6.9119E-01 2.6812E+02    2.9685E-03    2.0747E-08    7.9886E-01   -2.0163E+00    3.0398E+01    2.2500E-04
2.8522E+00  7.2770E-01 2.7055E+02    3.6509E-03    1.9338E-08    7.9323E-01   -1.8574E+00    3.2473E+01    2.2500E-04
2.4490E+00  7.6517E-01 2.7284E+02    4.4213E-03    1.8022E-08    7.8458E-01   -1.7099E+00    3.4521E+01    2.2500E-04
2.0524E+00  8.0357E-01 2.7524E+02    5.3608E-03    1.6834E-08    7.7922E-01   -1.6257E+00    3.6771E+01    2.2500E-04
1.6626E+00  8.4282E-01 2.7751E+02    6.2522E-03    1.5803E-08    7.5684E-01   -1.5350E+00    3.9000E+01    2.2500E-04
1.2800E+00  8.8288E-01 2.7969E+02    7.3253E-03    1.4965E-08    7.4282E-01   -1.5399E+00    4.1233E+01    2.2500E-04
9.0487E-01  9.2368E-01 2.8175E+02    8.4293E-03    1.4273E-08    7.2935E-01   -1.6085E+00    4.3436E+01    2.2500E-04
5.3744E-01  9.6514E-01 2.8373E+02    9.5941E-03    1.3698E-08    7.2565E-01   -1.8097E+00    4.5628E+01    2.2500E-04
1.7800E-01  1.0072E+00 2.8561E+02    1.0946E-02    1.3202E-08    7.4442E-01   -2.0599E+00    4.7790E+01    2.2500E-04
0.0000E+00  1.0286E+00 2.8655E+02    1.1623E-02    1.3300E-08    7.8940E+00   -3.5129E+00    4.8903E+01    2.2500E-04
