   227.075633587770        0.523651743499887E-05
   228.500802027620        0.542074734913276E-05
   229.993392565597        0.558897834284032E-05
   231.561414041599        0.574149304322465E-05
   233.196227828689        0.587802085715379E-05
   234.884102442007        0.599193059955273E-05
   236.610675368033        0.610034456365261E-05
   238.362273570648        0.619107423007752E-05
   240.126502665072        0.627172406978109E-05
   241.892756128933        0.634918560024645E-05
   243.652625544752        0.641700765373196E-05
   245.400099742461        0.647650161164714E-05
   247.131505545968        0.653159212205150E-05
   248.845214231469        0.657659980539152E-05
   250.541185715168        0.662152685266815E-05
   252.220445473689        0.665636484547365E-05
   253.884588292528        0.669055159148040E-05
   255.535381087126        0.671286383717913E-05
   257.174501589731        0.673511940109856E-05
   258.803411706671        0.675000000000000E-05
   260.423335050325        0.676000000000000E-05
   262.035294731923        0.677000000000001E-05
   263.657777344272        0.677000000000001E-05
   265.314595784502        0.676456830940418E-05
   266.626071488543        0.675273001002187E-05
   267.276114885842        0.673102112722699E-05
   267.184197813414        0.669899657244114E-05
   266.389041655661        0.665643708780771E-05
   264.993034604127        0.660169850569572E-05
   263.127324297365        0.653975036032271E-05
   260.925516971862        0.646889182470612E-05
   258.502982193416        0.639556082436198E-05
   255.943176810088        0.631437009339164E-05
   253.296939853400        0.622102682141624E-05
   250.593358214340        0.613420142107063E-05
   247.852842310104        0.603352797432388E-05
   245.097109580333        0.593656671604871E-05
   242.354981509987        0.583125601609731E-05
   239.663146227592        0.572827727619744E-05
   237.063802578113        0.562751661947629E-05
   234.601151001129        0.552885301883272E-05
   232.320544269225        0.543234763633023E-05
   230.247216511883        0.533067131601893E-05
   228.381679131860        0.523501193460854E-05
   226.707231936748        0.514405203022789E-05
   225.196640684344        0.505476035861150E-05
   223.818183236153        0.496706906371941E-05
   222.540717070756        0.488095300658595E-05
   221.336763825017        0.479626190254503E-05
   220.184997344561        0.471314981860810E-05
   219.071571188332        0.463133216459435E-05
   217.989640503888        0.455749657967863E-05
   216.937920297835        0.448209910492020E-05
   215.920253561138        0.440444087619142E-05
   214.944687609680        0.433348453413881E-05
   214.021475937117        0.426325837971366E-05
   213.161761907478        0.419967785906955E-05
   212.375707526391        0.412935183298946E-05
   211.670134751978        0.407001464325827E-05
   211.047668018609        0.401168547649874E-05
   210.506827137402        0.396147519790701E-05
   210.043180958688        0.391634325237100E-05
   209.651354774851        0.387194285498518E-05
   209.326547100301        0.382867854980113E-05
   209.061019727532        0.379761033302500E-05
   208.853320010129        0.377465728716298E-05
   208.710970375803        0.374780628592259E-05
   208.647419908624        0.373509993010645E-05
   208.677304656705        0.371745694840042E-05
   208.812293138469        0.370751494388250E-05
   209.059720031723        0.370227375326756E-05
   209.419387572172        0.375323506645277E-05
   209.877416207255        0.446660673354404E-05
   210.395778549467        0.501119770458726E-05
   210.928368966750        0.567070557422257E-05
   212.121759742007        0.671631952214942E-05
   213.206527501935        0.782764097886197E-05
   216.802169345636        0.126817852933933E-04
   221.145430053036        0.222130954556728E-04
   225.462364197716        0.379467319836901E-04
   229.734050250788        0.631860994925186E-04
   233.938167851109        0.102472765750819E-03
   238.049753128784        0.161716135775191E-03
   242.042774277768        0.248146496776213E-03
   245.892402234473        0.370037579850511E-03
   249.577522389656        0.536216896692084E-03
   253.082843477122        0.755469113415573E-03
   256.400044878157        0.103598655163006E-02
   259.527637955553        0.138498283452503E-02
   262.469799091228        0.180850318455582E-02
   265.234745325045        0.231139891718812E-02
   267.833107233065        0.289739777789980E-02
   270.276573609224        0.356920472125083E-02
   272.576902054323        0.432858856602317E-02
   274.962969297938        0.525559081572392E-02
   277.243709601069        0.615075382040640E-02
   279.432210431945        0.719162274983448E-02
   281.505232485816        0.830029303488001E-02
   283.486736157799        0.942331158421906E-02
   285.374334653998        0.107807810498588E-01
   286.319051610583        0.114608532093955E-01
