   210.585661168428        0.117280356230098E-04
   211.924057576174        0.118283534361845E-04
   213.318394164319        0.119270933620535E-04
   214.773609058040        0.120242572514761E-04
   216.280986681553        0.121000000000000E-04
   217.828320932863        0.122000000000000E-04
   219.403618605899        0.122063196678777E-04
   220.995973032612        0.123000000000000E-04
   222.595786561043        0.123864321559207E-04
   224.194952383329        0.124000000000000E-04
   225.787012465198        0.124602348444847E-04
   227.367217250674        0.125000000000000E-04
   228.932453411160        0.125000000000000E-04
   230.481049599689        0.126000000000000E-04
   232.012496186955        0.126000000000000E-04
   233.527126597624        0.126000000000000E-04
   235.025808423309        0.126000000000000E-04
   236.509683580315        0.126000000000000E-04
   237.979980906284        0.126000000000000E-04
   239.437905856241        0.126000000000000E-04
   240.884595494976        0.126000000000000E-04
   242.437226406903        0.126000000000000E-04
   243.730353419309        0.126000000000000E-04
   244.134838310704        0.125000000000000E-04
   243.381803268956        0.125000000000000E-04
   241.568470024741        0.124349489945605E-04
   238.961826942702        0.124000000000000E-04
   235.874654348260        0.123141413138226E-04
   232.594862740506        0.123000000000000E-04
   229.348447226293        0.122000000000000E-04
   226.288637250956        0.121444174325408E-04
   223.497813967764        0.120910177699748E-04
   220.996015682513        0.120000000000000E-04
   218.756925039094        0.119000000000000E-04
   216.729541964957        0.118398020147848E-04
   214.859869633040        0.117925722352670E-04
   213.106656058703        0.116467316039434E-04
   211.450553558349        0.116000000000000E-04
   209.896457638838        0.115000000000000E-04
   208.465688163463        0.114187054592752E-04
   207.185559837144        0.113790811716964E-04
   206.075326540815        0.112409620483427E-04
   205.135852037856        0.112000000000000E-04
   204.353874347499        0.111000000000000E-04
   203.708974462591        0.110359049773918E-04
   203.178157593436        0.109040323718455E-04
   202.739409371076        0.108735303676133E-04
   202.372464786519        0.108000000000000E-04
   202.058940390672        0.107172761625609E-04
   201.782939985741        0.106000000000000E-04
   201.532216727154        0.105670659054324E-04
   201.298353992593        0.105000000000000E-04
   201.076510106112        0.104230110621175E-04
   200.865096207030        0.103033276509705E-04
   200.665828064684        0.102850505008455E-04
   200.482428874360        0.102000000000000E-04
   200.320370232748        0.101530903278941E-04
   200.186358707108        0.101000000000000E-04
   200.087149901172        0.100272923722581E-04
   200.027301905135        0.995836128075176E-05
   200.006967978355        0.990381151943036E-05
   200.020772765496        0.985002013670254E-05
   200.058931480956        0.980757754297052E-05
   200.110743159462        0.976574634222730E-05
   200.163403506163        0.972589329936309E-05
   200.219566459158        0.969695462440014E-05
   200.309744738498        0.967542085586022E-05
   200.471327040365        0.964862317959233E-05
   200.740393561817        0.963784417512246E-05
   201.136774806122        0.961937312329232E-05
   201.627181793619        0.473201098056340E-05
   202.141580272299        0.156273686869885E-05
   202.797781458599        0.173630481515788E-05
   204.902999875433        0.238816974779494E-05
   208.719372625644        0.415815756461135E-05
   212.348986268247        0.691648060928543E-05
   216.206328254578        0.116482988135313E-04
   220.626944172994        0.206755092569264E-04
   225.022366312842        0.357615895817451E-04
   229.372299933830        0.602351360815243E-04
   233.652680408929        0.987108639218516E-04
   237.836539841298        0.157228079316523E-03
   241.895813586951        0.243195714407963E-03
   245.803925770425        0.365085268872164E-03
   249.538631885328        0.531897830614125E-03
   253.084434613509        0.752537040383149E-03
   256.433718651780        0.103525842498908E-02
   259.586286550348        0.138730366128294E-02
   262.547876140790        0.181474886328031E-02
   265.328271270418        0.232251729602813E-02
   267.939509693907        0.291447847504804E-02
   270.394456727033        0.359356583437455E-02
   272.705808287021        0.436187028874004E-02
   275.109369194316        0.529734362243448E-02
   277.409877067129        0.619828899622476E-02
   279.619103096657        0.727123810668770E-02
   281.713551669735        0.838907443358692E-02
   283.721433090902        0.956665965164159E-02
   285.632903121022        0.109386278341747E-01
   287.452765003569        0.122470575750958E-01
   288.372217801986        0.129604651165019E-01
